502.5 -579.1666666666663
544.1666666666666 -725.8333333333333
509.1666666666666 -709.1666666666669
542.5000000000001 -725.0
509.1666666666665 -709.1666666666667
503.33333333333326 -698.3333333333335
509.1666666666665 -709.1666666666667
527.5 -723.3333333333334
522.4999999999999 -721.6666666666667
509.1666666666666 -709.1666666666669
523.3333333333333 -722.5000000000001
519.1666666666665 -720.0000000000001
528.3333333333333 -724.1666666666666
503.33333333333326 -698.3333333333335
509.1666666666665 -709.1666666666667
509.1666666666665 -709.1666666666667
505.8333333333332 -704.1666666666667
512.4999999999999 -715.0000000000001
521.6666666666665 -720.8333333333335
507.4999999999999 -708.3333333333334
519.1666666666665 -720.0000000000001
509.1666666666665 -709.1666666666667
504.9999999999999 -702.5000000000001
503.33333333333326 -698.3333333333335
516.6666666666665 -716.6666666666669
509.1666666666665 -709.1666666666667
509.1666666666665 -709.1666666666667
509.9999999999999 -712.5000000000001
517.4999999999999 -717.5000000000001
521.6666666666665 -720.8333333333335
507.49999999999983 -705.0000000000001
511.6666666666666 -713.3333333333334
503.33333333333326 -698.3333333333335
504.1666666666666 -701.6666666666669
504.1666666666666 -701.6666666666669
504.1666666666666 -701.6666666666669
527.5 -723.3333333333334
517.4999999999999 -717.5000000000001
507.4999999999999 -708.3333333333334
503.33333333333326 -698.3333333333335
527.5 -723.3333333333334
527.5 -723.3333333333334
506.6666666666665 -704.1666666666669
503.33333333333326 -698.3333333333335
530.8333333333333 -724.1666666666667
507.49999999999983 -705.0000000000001
528.3333333333333 -724.1666666666666
509.99999999999983 -710.8333333333334
