502.5 -579.1666666666663
522.5 -730.0000000000001
518.3333333333331 -725.8333333333336
504.1666666666666 -705.0000000000001
504.9999999999999 -705.8333333333335
504.1666666666666 -705.0000000000001
504.9999999999999 -705.8333333333335
504.1666666666666 -705.0000000000001
504.9999999999999 -705.8333333333335
504.1666666666666 -705.0000000000001
504.9999999999999 -705.8333333333335
504.1666666666666 -705.0000000000001
504.9999999999999 -705.8333333333335
504.1666666666666 -705.0000000000001
504.9999999999999 -705.8333333333335
504.1666666666666 -705.0000000000001
504.9999999999999 -705.8333333333335
504.1666666666666 -705.0000000000001
504.9999999999999 -705.8333333333335
504.9999999999999 -705.8333333333335
513.3333333333333 -723.3333333333334
521.6666666666665 -729.1666666666669
504.9999999999999 -705.8333333333335
514.1666666666665 -723.3333333333335
504.9999999999999 -705.8333333333335
504.1666666666666 -705.0000000000001
504.9999999999999 -705.8333333333335
514.1666666666665 -723.3333333333335
506.6666666666665 -711.6666666666667
512.4999999999999 -722.5000000000001
519.9999999999998 -727.5000000000001
514.9999999999998 -724.1666666666667
504.1666666666666 -705.0000000000001
515.8333333333333 -725.0000000000001
504.1666666666666 -705.0000000000001
514.9999999999998 -724.1666666666667
504.1666666666666 -705.0000000000001
506.6666666666665 -711.6666666666667
515.8333333333333 -725.0000000000001
509.99999999999983 -718.3333333333334
510.8333333333332 -720.8333333333334
511.6666666666665 -721.6666666666667
519.1666666666665 -727.5
505.8333333333332 -710.8333333333335
520.0 -728.3333333333334
509.99999999999983 -718.3333333333334
504.1666666666666 -705.0000000000001
507.4999999999999 -714.1666666666669
514.1666666666665 -723.3333333333335
514.1666666666665 -723.3333333333335
506.6666666666665 -711.6666666666667
504.1666666666666 -705.0000000000001
504.9999999999999 -705.8333333333335
504.1666666666666 -705.0000000000001
512.4999999999999 -722.5000000000001
504.1666666666666 -705.0000000000001
504.9999999999999 -705.8333333333335
512.4999999999998 -721.6666666666669
511.6666666666665 -721.6666666666667
504.9999999999999 -705.8333333333335
514.1666666666665 -723.3333333333335
504.1666666666666 -705.0000000000001
511.6666666666665 -721.6666666666667
504.1666666666666 -705.0000000000001
513.3333333333331 -722.5000000000002
504.9999999999999 -705.8333333333335
509.99999999999983 -718.3333333333334
504.1666666666666 -705.0000000000001
509.1666666666665 -717.5000000000001
516.6666666666665 -725.8333333333335
510.8333333333332 -720.8333333333334
514.1666666666665 -723.3333333333335
504.9999999999999 -705.8333333333335
504.1666666666666 -705.0000000000001
509.99999999999983 -718.3333333333334
521.6666666666665 -729.1666666666669
510.8333333333332 -720.8333333333334
509.99999999999983 -718.3333333333334
506.6666666666666 -711.6666666666669
511.6666666666665 -721.6666666666667
508.3333333333332 -715.0
504.1666666666666 -705.0000000000001
509.1666666666665 -717.5000000000001
509.1666666666665 -717.5000000000001
511.6666666666665 -721.6666666666667
520.8333333333333 -728.3333333333335
509.99999999999983 -718.3333333333334
509.1666666666665 -717.5000000000001
508.3333333333332 -715.0
504.9999999999999 -705.8333333333335
511.6666666666665 -721.6666666666667
504.9999999999999 -705.8333333333335
509.1666666666665 -717.5000000000001
506.6666666666665 -711.6666666666667
513.3333333333333 -723.3333333333334
508.3333333333332 -715.0
509.99999999999983 -718.3333333333334
504.1666666666666 -705.0000000000001
504.1666666666666 -705.0000000000001
504.1666666666666 -705.0000000000001
503.33333333333326 -704.1666666666669
512.4999999999999 -722.5000000000001
509.99999999999983 -718.3333333333334
504.99999999999994 -705.8333333333336
518.3333333333333 -726.6666666666667
510.8333333333332 -720.8333333333334
509.99999999999983 -718.3333333333334
510.8333333333332 -720.8333333333334
520.8333333333333 -728.3333333333335
509.1666666666665 -717.5000000000001
504.9999999999999 -705.8333333333335
