502.5 -579.1666666666663
522.5 -730.0000000000001
521.6666666666665 -729.1666666666669
514.1666666666665 -723.3333333333335
514.1666666666665 -723.3333333333335
515.8333333333333 -725.0000000000001
515.8333333333333 -725.0000000000001
519.1666666666665 -727.5
520.0 -728.3333333333334
514.1666666666665 -723.3333333333335
514.1666666666665 -723.3333333333335
514.1666666666665 -723.3333333333335
516.6666666666665 -725.8333333333335
514.1666666666665 -723.3333333333335
521.6666666666665 -729.1666666666669
520.8333333333333 -728.3333333333335
503.33333333333326 -704.1666666666669
520.8333333333333 -728.3333333333335
517.4999999999999 -726.6666666666667
514.1666666666665 -723.3333333333335
504.1666666666666 -707.5000000000001
504.1666666666666 -707.5000000000001
519.9999999999998 -727.5000000000002
519.1666666666665 -727.5
507.4999999999999 -715.8333333333334
521.6666666666665 -729.1666666666669
514.1666666666666 -724.1666666666667
509.1666666666665 -719.1666666666669
519.1666666666665 -727.5
519.1666666666665 -727.5
514.9999999999999 -724.1666666666669
504.9999999999999 -708.3333333333335
504.1666666666666 -707.5000000000001
519.1666666666665 -727.5
503.33333333333326 -704.1666666666669
514.1666666666665 -723.3333333333335
514.1666666666665 -723.3333333333335
519.9999999999998 -727.5000000000002
514.1666666666665 -723.3333333333335
514.1666666666665 -723.3333333333335
520.8333333333333 -728.3333333333335
515.8333333333333 -725.0000000000001
504.9999999999999 -708.3333333333335
514.1666666666665 -723.3333333333335
519.9999999999998 -727.5000000000002
514.1666666666665 -723.3333333333335
514.1666666666665 -723.3333333333335
515.8333333333333 -725.0000000000001
505.8333333333332 -713.3333333333335
520.8333333333333 -728.3333333333335
504.9999999999999 -708.3333333333335
510.8333333333332 -722.5000000000001
511.6666666666665 -723.3333333333334
519.9999999999998 -727.5000000000002
519.1666666666665 -727.5
521.6666666666665 -729.1666666666669
504.1666666666666 -707.5000000000001
508.3333333333332 -716.6666666666667
504.9999999999999 -708.3333333333335
