502.5 -579.1666666666663
503.33333333333326 -704.1666666666669
503.33333333333326 -704.1666666666669
503.33333333333326 -704.1666666666669
503.33333333333326 -704.1666666666669
503.33333333333326 -704.1666666666669
503.33333333333326 -704.1666666666669
509.1666666666665 -720.0000000000001
519.1666666666665 -730.0
519.1666666666665 -730.0
503.33333333333326 -704.1666666666669
511.6666666666665 -725.0000000000001
503.33333333333326 -704.1666666666669
503.33333333333326 -704.1666666666669
503.33333333333326 -704.1666666666669
507.4999999999999 -716.6666666666667
506.6666666666665 -715.8333333333335
514.9999999999999 -728.3333333333334
503.33333333333326 -704.1666666666669
511.6666666666665 -725.0000000000001
508.3333333333332 -719.1666666666666
504.1666666666666 -709.1666666666669
519.1666666666665 -730.0
519.1666666666665 -730.0
511.6666666666665 -725.0000000000001
520.0 -730.8333333333334
519.1666666666665 -730.0
519.1666666666665 -730.0
503.33333333333326 -704.1666666666669
507.4999999999999 -716.6666666666667
504.1666666666666 -709.1666666666669
504.1666666666666 -709.1666666666669
513.3333333333331 -726.6666666666667
519.1666666666665 -730.0
503.33333333333326 -704.1666666666669
517.4999999999999 -728.3333333333335
521.6666666666665 -732.5
519.1666666666665 -730.0
503.33333333333326 -704.1666666666669
504.1666666666666 -709.1666666666669
505.8333333333332 -715.0
518.3333333333333 -729.1666666666667
509.99999999999983 -722.5
519.1666666666665 -730.0
504.1666666666666 -709.1666666666669
504.1666666666666 -709.1666666666669
519.1666666666665 -730.0
509.99999999999983 -722.5
509.1666666666665 -720.0000000000001
510.8333333333332 -724.1666666666667
504.1666666666666 -709.1666666666669
505.8333333333332 -715.0
503.33333333333326 -704.1666666666669
504.1666666666666 -709.1666666666669
518.3333333333333 -729.1666666666667
504.1666666666666 -709.1666666666669
503.33333333333326 -704.1666666666669
519.1666666666665 -730.0
518.3333333333333 -729.1666666666667
518.3333333333333 -729.1666666666667
519.1666666666665 -730.0
519.1666666666665 -730.0
519.1666666666665 -730.0
504.9999999999999 -711.6666666666667
520.0 -730.8333333333334
520.8333333333333 -731.6666666666666
512.4999999999999 -726.6666666666666
514.1666666666665 -727.5000000000001
518.3333333333333 -729.1666666666667
519.1666666666665 -730.0
504.1666666666666 -709.1666666666669
503.33333333333326 -704.1666666666669
504.1666666666666 -709.1666666666669
520.0 -730.8333333333334
520.8333333333333 -731.6666666666666
