502.5 -579.1666666666663
507.4999999999999 -716.6666666666667
506.6666666666665 -715.8333333333335
508.3333333333332 -719.1666666666666
504.1666666666666 -709.1666666666669
520.0 -730.8333333333334
507.4999999999999 -716.6666666666667
504.1666666666666 -709.1666666666669
504.1666666666666 -709.1666666666669
513.3333333333331 -726.6666666666667
517.4999999999999 -728.3333333333335
504.1666666666666 -709.1666666666669
505.8333333333332 -715.0
518.3333333333333 -729.1666666666667
509.99999999999983 -722.5
504.1666666666666 -709.1666666666669
504.1666666666666 -709.1666666666669
509.99999999999983 -722.5
504.1666666666666 -709.1666666666669
505.8333333333332 -715.0
504.1666666666666 -709.1666666666669
518.3333333333333 -729.1666666666667
504.1666666666666 -709.1666666666669
518.3333333333333 -729.1666666666667
518.3333333333333 -729.1666666666667
504.9999999999999 -711.6666666666667
520.0 -730.8333333333334
520.8333333333333 -731.6666666666666
512.4999999999999 -726.6666666666666
514.1666666666665 -727.5000000000001
518.3333333333333 -729.1666666666667
504.1666666666666 -709.1666666666669
504.1666666666666 -709.1666666666669
520.0 -730.8333333333334
520.8333333333333 -731.6666666666666
521.6666666666665 -733.3333333333334
514.9999999999998 -728.3333333333334
518.3333333333333 -729.1666666666667
508.33333333333326 -719.1666666666667
504.9999999999999 -711.6666666666667
509.1666666666665 -721.6666666666669
504.9999999999999 -711.6666666666667
509.99999999999983 -722.5
511.6666666666665 -725.8333333333333
519.1666666666665 -730.8333333333333
513.3333333333331 -726.6666666666667
518.3333333333333 -729.1666666666667
503.33333333333326 -705.8333333333335
518.3333333333333 -729.1666666666667
503.33333333333326 -705.8333333333335
518.3333333333333 -729.1666666666667
504.9999999999999 -711.6666666666667
518.3333333333333 -729.1666666666667
511.6666666666665 -725.8333333333333
519.1666666666665 -730.8333333333333
511.6666666666665 -725.8333333333333
520.0 -730.8333333333334
510.8333333333332 -725.0000000000001
503.33333333333326 -705.8333333333335
