502.5 -579.1666666666663
505.8333333333332 -715.0000000000001
511.6666666666665 -728.3333333333333
521.6666666666665 -735.0000000000001
518.3333333333333 -732.5
512.4999999999999 -729.1666666666666
519.1666666666665 -733.3333333333334
509.99999999999983 -725.0
513.3333333333333 -730.0
520.8333333333333 -734.1666666666667
505.8333333333332 -715.0000000000001
510.8333333333332 -727.5
514.9999999999998 -730.8333333333334
519.1666666666665 -733.3333333333334
512.4999999999999 -729.1666666666666
509.1666666666665 -723.3333333333335
512.4999999999999 -729.1666666666666
504.9999999999999 -714.1666666666667
515.8333333333333 -731.6666666666666
503.33333333333326 -708.3333333333334
511.6666666666665 -728.3333333333333
504.1666666666666 -711.6666666666669
506.6666666666665 -718.3333333333334
518.3333333333333 -732.5
507.4999999999999 -720.8333333333333
518.3333333333333 -732.5
507.4999999999999 -720.8333333333333
504.1666666666666 -711.6666666666669
504.9999999999999 -714.1666666666667
504.1666666666666 -711.6666666666669
508.3333333333332 -721.6666666666666
514.1666666666665 -730.0000000000001
512.4999999999999 -729.1666666666666
