502.5 -579.1666666666663
510.8333333333332 -727.5
503.33333333333326 -708.3333333333334
503.33333333333326 -708.3333333333334
510.8333333333332 -727.5
509.1666666666665 -724.1666666666667
503.33333333333326 -708.3333333333334
505.8333333333332 -719.1666666666667
503.33333333333326 -708.3333333333334
503.33333333333326 -708.3333333333334
509.1666666666665 -724.1666666666667
509.1666666666665 -724.1666666666667
504.9999999999999 -715.0
504.9999999999999 -715.0
503.33333333333326 -708.3333333333334
503.33333333333326 -708.3333333333334
503.33333333333326 -708.3333333333334
510.8333333333332 -727.5
509.1666666666665 -724.1666666666667
510.8333333333332 -727.5
509.1666666666665 -724.1666666666667
505.8333333333332 -719.1666666666667
503.33333333333326 -708.3333333333334
503.33333333333326 -708.3333333333334
517.4999999999999 -732.5
503.33333333333326 -708.3333333333334
510.8333333333332 -727.5
517.4999999999999 -732.5
506.6666666666665 -720.8333333333333
503.33333333333326 -708.3333333333334
505.8333333333332 -719.1666666666667
504.1666666666666 -714.1666666666667
508.3333333333332 -724.1666666666666
510.8333333333332 -727.5
510.8333333333332 -727.5
503.33333333333326 -708.3333333333334
510.8333333333332 -727.5
504.9999999999999 -715.0
508.3333333333332 -724.1666666666666
509.1666666666665 -724.1666666666667
503.33333333333326 -708.3333333333334
510.8333333333332 -727.5
510.8333333333332 -727.5
510.8333333333332 -727.5
510.8333333333332 -727.5
509.9999999999999 -726.6666666666667
509.1666666666665 -724.1666666666667
517.4999999999999 -732.5
517.4999999999999 -732.5
517.4999999999999 -732.5
505.8333333333332 -719.1666666666667
520.8333333333333 -735.0000000000001
517.4999999999999 -732.5
513.3333333333333 -731.6666666666667
503.33333333333326 -708.3333333333334
505.8333333333332 -719.1666666666667
509.1666666666665 -724.1666666666667
503.33333333333326 -708.3333333333334
510.8333333333332 -727.5
503.33333333333326 -708.3333333333334
510.8333333333332 -727.5
509.99999999999983 -725.8333333333334
506.6666666666665 -720.8333333333333
520.8333333333333 -735.0000000000001
520.8333333333333 -735.0000000000001
510.8333333333332 -727.5
510.8333333333332 -727.5
511.6666666666665 -730.8333333333333
504.9999999999999 -715.0
504.9999999999999 -715.0
518.3333333333333 -734.1666666666667
507.4999999999999 -722.5
510.8333333333332 -727.5
508.3333333333332 -724.1666666666666
503.33333333333326 -708.3333333333334
