502.5 -579.1666666666663
503.33333333333326 -713.3333333333334
513.3333333333333 -733.3333333333333
508.3333333333332 -724.9999999999999
504.1666666666666 -716.6666666666667
504.1666666666666 -716.6666666666667
503.33333333333326 -713.3333333333334
504.1666666666666 -716.6666666666667
508.3333333333332 -724.9999999999999
511.6666666666665 -731.6666666666666
506.6666666666665 -721.6666666666666
507.4999999999999 -724.1666666666666
516.6666666666665 -735.0
518.3333333333333 -736.6666666666666
510.8333333333332 -730.8333333333333
504.1666666666666 -716.6666666666667
510.8333333333332 -730.8333333333333
519.9999999999998 -737.5
509.1666666666665 -727.5
516.6666666666665 -735.0
508.3333333333332 -724.9999999999999
512.4999999999998 -731.6666666666667
516.6666666666665 -735.0
505.8333333333332 -720.8333333333334
508.3333333333332 -724.9999999999999
510.8333333333332 -730.8333333333333
506.6666666666665 -721.6666666666666
506.6666666666665 -721.6666666666666
506.6666666666665 -721.6666666666666
513.3333333333333 -733.3333333333333
509.1666666666665 -727.5
514.9999999999998 -734.1666666666666
508.3333333333332 -724.9999999999999
514.1666666666665 -733.3333333333334
509.1666666666665 -727.5
512.4999999999999 -732.5
508.3333333333332 -724.9999999999999
517.4999999999999 -735.8333333333334
504.1666666666666 -716.6666666666667
516.6666666666665 -735.0
509.99999999999983 -728.3333333333333
510.8333333333332 -730.8333333333333
517.4999999999999 -735.8333333333334
511.6666666666665 -731.6666666666666
510.8333333333332 -730.8333333333333
511.6666666666665 -731.6666666666666
511.6666666666665 -731.6666666666666
508.3333333333332 -724.9999999999999
519.9999999999998 -737.5
507.4999999999999 -724.1666666666666
507.4999999999999 -724.1666666666666
516.6666666666665 -735.0
519.9999999999998 -737.5
516.6666666666665 -735.0
508.3333333333332 -724.9999999999999
512.4999999999999 -732.5
512.4999999999999 -732.5
508.3333333333332 -724.9999999999999
507.4999999999999 -724.1666666666666
510.8333333333332 -730.8333333333333
