502.5 -579.1666666666663
519.9999999999998 -740.0000000000001
503.33333333333326 -714.1666666666667
517.4999999999999 -738.3333333333334
512.4999999999999 -738.3333333333333
507.4999999999999 -728.3333333333334
504.9999999999999 -718.3333333333333
519.1666666666665 -739.1666666666666
517.4999999999999 -738.3333333333334
506.6666666666665 -722.5
504.1666666666666 -717.5
511.6666666666665 -737.5
508.3333333333332 -730.8333333333333
505.8333333333332 -720.8333333333334
509.1666666666666 -731.6666666666666
510.8333333333332 -735.0
506.6666666666665 -722.5
505.8333333333332 -720.8333333333334
509.9999999999999 -734.1666666666667
504.1666666666666 -717.5
511.6666666666665 -737.5
510.8333333333332 -735.0
519.1666666666665 -739.1666666666666
509.1666666666666 -731.6666666666666
512.4999999999999 -738.3333333333333
508.33333333333326 -730.8333333333334
509.99999999999983 -734.1666666666666
509.99999999999983 -734.1666666666666
508.33333333333326 -730.8333333333334
517.4999999999999 -738.3333333333334
506.6666666666665 -722.5
505.8333333333332 -720.8333333333334
510.8333333333332 -735.0
504.1666666666666 -717.5
519.1666666666665 -739.1666666666666
512.4999999999999 -738.3333333333333
510.8333333333332 -735.0
506.6666666666665 -722.5
505.8333333333332 -720.8333333333334
504.1666666666666 -717.5
519.1666666666665 -739.1666666666666
519.1666666666665 -739.1666666666666
510.8333333333332 -735.0
506.6666666666665 -722.5
505.8333333333332 -720.8333333333334
504.1666666666666 -717.5
506.6666666666665 -722.5
505.8333333333332 -720.8333333333334
504.1666666666666 -717.5
506.6666666666665 -722.5
505.8333333333332 -720.8333333333334
504.1666666666666 -717.5
506.6666666666665 -722.5
505.8333333333332 -720.8333333333334
504.1666666666666 -717.5
506.6666666666665 -722.5
505.8333333333332 -720.8333333333334
504.1666666666666 -717.5
506.6666666666665 -722.5
505.8333333333332 -720.8333333333334
504.1666666666666 -717.5
506.6666666666665 -722.5
505.8333333333332 -720.8333333333334
504.1666666666666 -717.5
506.6666666666665 -722.5
505.8333333333332 -720.8333333333334
504.1666666666666 -717.5
506.6666666666665 -722.5
505.8333333333332 -720.8333333333334
504.1666666666666 -717.5
506.6666666666665 -722.5
505.8333333333332 -720.8333333333334
504.1666666666666 -717.5
506.6666666666665 -722.5
505.8333333333332 -720.8333333333334
504.1666666666666 -717.5
506.6666666666665 -722.5
505.8333333333332 -720.8333333333334
504.1666666666666 -717.5
506.6666666666665 -722.5
505.8333333333332 -720.8333333333334
504.1666666666666 -717.5
506.6666666666665 -722.5
505.8333333333332 -720.8333333333334
504.1666666666666 -717.5
506.6666666666665 -722.5
505.8333333333332 -720.8333333333334
504.1666666666666 -717.5
506.6666666666665 -722.5
505.8333333333332 -720.8333333333334
504.1666666666666 -717.5
506.6666666666665 -722.5
505.8333333333332 -720.8333333333334
506.6666666666665 -722.5
505.8333333333332 -720.8333333333334
506.6666666666665 -722.5
505.8333333333332 -720.8333333333334
506.6666666666665 -722.5
505.8333333333332 -720.8333333333334
506.6666666666665 -722.5
505.8333333333332 -720.8333333333334
505.8333333333332 -720.8333333333334
506.6666666666665 -722.5
506.6666666666665 -722.5
506.6666666666665 -722.5
506.6666666666665 -722.5
519.1666666666665 -739.1666666666666
506.6666666666665 -722.5
505.8333333333332 -720.8333333333334
505.8333333333332 -720.8333333333334
506.6666666666665 -722.5
505.8333333333332 -720.8333333333334
505.8333333333332 -720.8333333333334
505.8333333333332 -720.8333333333334
506.6666666666665 -722.5
506.6666666666665 -722.5
506.6666666666665 -722.5
519.1666666666665 -739.1666666666666
505.8333333333332 -720.8333333333334
506.6666666666665 -722.5
510.8333333333332 -735.0
519.1666666666665 -739.1666666666666
505.8333333333332 -720.8333333333334
505.8333333333332 -720.8333333333334
506.6666666666665 -722.5
505.8333333333332 -720.8333333333334
505.8333333333332 -720.8333333333334
506.6666666666665 -722.5
505.8333333333332 -720.8333333333334
505.8333333333332 -720.8333333333334
505.8333333333332 -720.8333333333334
506.6666666666665 -722.5
506.6666666666665 -722.5
519.1666666666665 -739.1666666666666
506.6666666666665 -722.5
505.8333333333332 -720.8333333333334
505.8333333333332 -720.8333333333334
505.8333333333332 -720.8333333333334
505.8333333333332 -720.8333333333334
504.1666666666666 -717.5
505.8333333333332 -720.8333333333334
506.6666666666665 -722.5
504.1666666666666 -717.5
505.8333333333332 -720.8333333333334
510.8333333333332 -735.0
506.6666666666665 -722.5
519.1666666666665 -739.1666666666666
506.6666666666665 -722.5
506.6666666666665 -722.5
506.6666666666665 -722.5
505.8333333333332 -720.8333333333334
505.8333333333332 -720.8333333333334
505.8333333333332 -720.8333333333334
506.6666666666665 -722.5
506.6666666666665 -722.5
505.8333333333332 -720.8333333333334
506.6666666666665 -722.5
506.6666666666665 -722.5
506.6666666666665 -722.5
505.8333333333332 -720.8333333333334
505.8333333333332 -720.8333333333334
505.8333333333332 -720.8333333333334
504.1666666666666 -717.5
504.1666666666666 -717.5
504.1666666666666 -717.5
504.1666666666666 -717.5
506.6666666666665 -722.5
506.6666666666665 -722.5
505.8333333333332 -720.8333333333334
505.8333333333332 -720.8333333333334
506.6666666666665 -722.5
504.1666666666666 -717.5
506.6666666666665 -722.5
506.6666666666665 -722.5
506.6666666666665 -722.5
506.6666666666665 -722.5
505.8333333333332 -720.8333333333334
505.8333333333332 -720.8333333333334
506.6666666666665 -722.5
506.6666666666665 -722.5
506.6666666666665 -722.5
505.8333333333332 -720.8333333333334
505.8333333333332 -720.8333333333334
506.6666666666665 -722.5
505.8333333333332 -720.8333333333334
506.6666666666665 -722.5
505.8333333333332 -720.8333333333334
505.8333333333332 -720.8333333333334
504.1666666666666 -717.5
505.8333333333332 -720.8333333333334
505.8333333333332 -720.8333333333334
506.6666666666665 -722.5
506.6666666666665 -722.5
505.8333333333332 -720.8333333333334
505.8333333333332 -720.8333333333334
506.6666666666665 -722.5
506.6666666666665 -722.5
505.8333333333332 -720.8333333333334
505.8333333333332 -720.8333333333334
506.6666666666665 -722.5
