502.5 -579.1666666666663
503.33333333333326 -714.1666666666667
509.1666666666665 -732.5
509.1666666666665 -732.5
509.1666666666665 -732.5
509.1666666666665 -732.5
503.33333333333326 -714.1666666666667
509.99999999999983 -735.0
509.99999999999983 -735.0
509.1666666666665 -732.5
509.1666666666665 -732.5
510.83333333333326 -737.5
506.6666666666665 -728.3333333333334
510.8333333333332 -735.8333333333334
508.3333333333332 -731.6666666666666
509.1666666666665 -732.5
510.8333333333332 -735.8333333333334
511.6666666666665 -738.3333333333333
504.1666666666666 -718.3333333333334
506.6666666666665 -728.3333333333334
508.3333333333332 -731.6666666666666
509.99999999999983 -735.0
509.99999999999983 -735.0
506.6666666666665 -728.3333333333334
509.1666666666665 -732.5
503.33333333333326 -714.1666666666667
508.3333333333332 -731.6666666666666
509.1666666666665 -732.5
516.6666666666665 -742.5
508.3333333333332 -731.6666666666666
511.6666666666665 -738.3333333333333
506.6666666666665 -728.3333333333334
510.8333333333332 -735.8333333333334
503.33333333333326 -714.1666666666667
509.1666666666665 -732.5
509.1666666666665 -732.5
511.6666666666665 -738.3333333333333
509.99999999999983 -735.0
508.3333333333332 -731.6666666666666
514.9999999999998 -740.8333333333334
506.6666666666665 -728.3333333333334
509.1666666666665 -732.5
511.6666666666665 -738.3333333333333
509.99999999999983 -735.0
506.6666666666665 -728.3333333333334
509.1666666666665 -732.5
506.6666666666665 -728.3333333333334
506.6666666666665 -728.3333333333334
509.99999999999983 -735.0
511.6666666666665 -738.3333333333333
509.1666666666665 -732.5
508.3333333333332 -731.6666666666666
516.6666666666665 -742.5
509.1666666666665 -732.5
511.6666666666665 -738.3333333333333
509.1666666666665 -732.5
506.6666666666665 -728.3333333333334
511.6666666666665 -738.3333333333333
512.4999999999999 -739.1666666666667
511.6666666666665 -738.3333333333333
509.1666666666665 -732.5
508.3333333333332 -731.6666666666666
511.6666666666665 -738.3333333333333
508.3333333333332 -731.6666666666666
508.3333333333332 -731.6666666666666
506.6666666666665 -728.3333333333334
509.1666666666665 -732.5
509.99999999999983 -735.0
509.1666666666665 -732.5
509.1666666666665 -732.5
508.3333333333332 -731.6666666666666
510.8333333333332 -735.8333333333334
506.6666666666665 -728.3333333333334
505.8333333333332 -726.6666666666667
509.1666666666665 -732.5
509.99999999999983 -735.0
504.1666666666666 -718.3333333333334
506.6666666666665 -728.3333333333334
512.4999999999999 -739.1666666666667
514.1666666666665 -740.0000000000001
507.4999999999999 -730.0
511.6666666666665 -738.3333333333333
