502.5 -579.1666666666663
503.33333333333326 -714.1666666666667
503.33333333333326 -714.1666666666667
509.99999999999983 -735.0
509.99999999999983 -735.0
506.6666666666665 -728.3333333333334
504.1666666666666 -718.3333333333334
506.6666666666665 -728.3333333333334
509.99999999999983 -735.0
509.99999999999983 -735.0
506.6666666666665 -728.3333333333334
503.33333333333326 -714.1666666666667
516.6666666666665 -742.5
506.6666666666665 -728.3333333333334
503.33333333333326 -714.1666666666667
509.99999999999983 -735.0
514.9999999999998 -740.8333333333334
506.6666666666665 -728.3333333333334
509.99999999999983 -735.0
506.6666666666665 -728.3333333333334
506.6666666666665 -728.3333333333334
506.6666666666665 -728.3333333333334
509.99999999999983 -735.0
516.6666666666665 -742.5
506.6666666666665 -728.3333333333334
512.4999999999999 -739.1666666666667
506.6666666666665 -728.3333333333334
509.99999999999983 -735.0
506.6666666666665 -728.3333333333334
509.99999999999983 -735.0
504.1666666666666 -718.3333333333334
506.6666666666665 -728.3333333333334
512.4999999999999 -739.1666666666667
514.1666666666665 -740.0000000000001
507.4999999999999 -730.0
506.6666666666665 -728.3333333333334
517.4999999999999 -743.3333333333334
512.4999999999999 -739.1666666666667
504.1666666666666 -718.3333333333334
516.6666666666665 -742.5
509.99999999999983 -735.0
506.6666666666665 -728.3333333333334
506.6666666666665 -728.3333333333334
514.9999999999998 -740.8333333333334
503.33333333333326 -714.1666666666667
509.99999999999983 -735.0
506.6666666666665 -728.3333333333334
503.33333333333326 -714.1666666666667
505.8333333333332 -727.5
506.6666666666665 -728.3333333333334
508.3333333333332 -732.5
506.6666666666665 -728.3333333333334
510.8333333333332 -738.3333333333333
