500.83333333333326 -715.8333333333334
516.6666666666665 -748.3333333333335
516.6666666666665 -748.3333333333335
501.6666666666666 -719.1666666666667
504.1666666666665 -731.6666666666666
508.3333333333332 -741.6666666666667
503.3333333333332 -725.8333333333333
510.83333333333326 -741.6666666666669
507.49999999999994 -739.1666666666667
503.33333333333326 -725.8333333333334
505.8333333333332 -734.9999999999999
505.8333333333332 -734.9999999999999
515.8333333333333 -747.5000000000001
514.1666666666665 -746.6666666666667
512.4999999999998 -743.3333333333334
513.3333333333333 -745.8333333333334
503.3333333333332 -725.8333333333333
506.6666666666666 -736.6666666666667
507.49999999999983 -737.5
513.3333333333333 -745.8333333333334
512.4999999999998 -743.3333333333334
506.6666666666666 -736.6666666666667
514.1666666666665 -746.6666666666667
515.8333333333333 -747.5000000000001
508.3333333333332 -741.6666666666667
511.6666666666665 -742.5000000000001
503.33333333333326 -725.8333333333334
511.66666666666646 -742.5
510.83333333333326 -741.6666666666669
507.49999999999983 -737.5
511.6666666666665 -742.5000000000001
511.66666666666646 -742.5
516.6666666666665 -748.3333333333335
505.8333333333332 -734.9999999999999
503.3333333333332 -725.8333333333333
513.3333333333333 -745.8333333333334
512.4999999999998 -743.3333333333334
506.6666666666666 -736.6666666666667
514.1666666666665 -746.6666666666667
515.8333333333333 -747.5000000000001
508.3333333333332 -741.6666666666667
503.33333333333326 -725.8333333333334
510.83333333333326 -741.6666666666669
507.49999999999983 -737.5
511.6666666666665 -742.5000000000001
511.66666666666646 -742.5
516.6666666666665 -748.3333333333335
505.8333333333332 -734.9999999999999
503.3333333333332 -725.8333333333333
513.3333333333333 -745.8333333333334
512.4999999999998 -743.3333333333334
506.6666666666666 -736.6666666666667
514.1666666666665 -746.6666666666667
515.8333333333333 -747.5000000000001
508.3333333333332 -741.6666666666667
503.33333333333326 -725.8333333333334
510.83333333333326 -741.6666666666669
507.49999999999983 -737.5
511.6666666666665 -742.5000000000001
511.66666666666646 -742.5
516.6666666666665 -748.3333333333335
503.3333333333332 -725.8333333333333
513.3333333333333 -745.8333333333334
512.4999999999998 -743.3333333333334
506.6666666666666 -736.6666666666667
514.1666666666665 -746.6666666666667
515.8333333333333 -747.5000000000001
503.33333333333326 -725.8333333333334
510.83333333333326 -741.6666666666669
507.49999999999983 -737.5
511.6666666666665 -742.5000000000001
511.66666666666646 -742.5
516.6666666666665 -748.3333333333335
503.3333333333332 -725.8333333333333
513.3333333333333 -745.8333333333334
512.4999999999998 -743.3333333333334
506.6666666666666 -736.6666666666667
514.1666666666665 -746.6666666666667
515.8333333333333 -747.5000000000001
503.33333333333326 -725.8333333333334
510.83333333333326 -741.6666666666669
507.49999999999983 -737.5
511.6666666666665 -742.5000000000001
511.66666666666646 -742.5
516.6666666666665 -748.3333333333335
503.3333333333332 -725.8333333333333
513.3333333333333 -745.8333333333334
512.4999999999998 -743.3333333333334
506.6666666666666 -736.6666666666667
514.1666666666665 -746.6666666666667
503.33333333333326 -725.8333333333334
510.83333333333326 -741.6666666666669
507.49999999999983 -737.5
511.6666666666665 -742.5000000000001
511.66666666666646 -742.5
516.6666666666665 -748.3333333333335
503.3333333333332 -725.8333333333333
513.3333333333333 -745.8333333333334
512.4999999999998 -743.3333333333334
506.6666666666666 -736.6666666666667
514.1666666666665 -746.6666666666667
503.33333333333326 -725.8333333333334
510.83333333333326 -741.6666666666669
507.49999999999983 -737.5
511.6666666666665 -742.5000000000001
511.66666666666646 -742.5
516.6666666666665 -748.3333333333335
514.1666666666665 -746.6666666666667
512.4999999999998 -743.3333333333334
503.3333333333332 -725.8333333333333
506.6666666666666 -736.6666666666667
503.33333333333326 -725.8333333333334
510.83333333333326 -741.6666666666669
507.49999999999983 -737.5
511.6666666666665 -742.5000000000001
511.66666666666646 -742.5
507.49999999999983 -737.5
503.3333333333332 -725.8333333333333
506.6666666666666 -736.6666666666667
507.49999999999983 -737.5
511.66666666666646 -742.5
512.4999999999998 -743.3333333333334
511.66666666666646 -742.5
507.49999999999983 -737.5
503.33333333333326 -725.8333333333334
512.4999999999998 -743.3333333333334
512.4999999999998 -743.3333333333334
503.3333333333332 -725.8333333333333
503.33333333333326 -725.8333333333334
503.3333333333332 -725.8333333333333
507.49999999999983 -737.5
511.66666666666646 -742.5
511.6666666666665 -742.5000000000001
503.3333333333332 -725.8333333333333
512.4999999999998 -743.3333333333334
507.49999999999983 -737.5
511.66666666666646 -742.5
511.66666666666646 -742.5
512.4999999999998 -743.3333333333334
507.49999999999983 -737.5
512.4999999999998 -743.3333333333334
511.66666666666646 -742.5
510.83333333333326 -741.6666666666669
510.83333333333326 -741.6666666666669
512.4999999999998 -743.3333333333334
506.6666666666666 -736.6666666666667
507.49999999999983 -737.5
511.6666666666665 -742.5000000000001
511.66666666666646 -742.5
507.49999999999983 -737.5
506.6666666666666 -736.6666666666667
507.49999999999983 -737.5
511.6666666666665 -742.5000000000001
506.6666666666666 -736.6666666666667
507.49999999999983 -737.5
503.3333333333332 -725.8333333333333
512.4999999999998 -743.3333333333334
507.49999999999983 -737.5
507.49999999999983 -737.5
511.66666666666646 -742.5
507.49999999999983 -737.5
511.66666666666646 -742.5
512.4999999999998 -743.3333333333334
506.6666666666666 -736.6666666666667
511.6666666666665 -742.5000000000001
511.66666666666646 -742.5
503.3333333333332 -725.8333333333333
506.6666666666666 -736.6666666666667
511.66666666666646 -742.5
506.6666666666666 -736.6666666666667
507.49999999999983 -737.5
507.49999999999983 -737.5
507.49999999999983 -737.5
507.49999999999983 -737.5
511.66666666666646 -742.5
507.49999999999983 -737.5
511.66666666666646 -742.5
507.49999999999983 -737.5
511.66666666666646 -742.5
506.6666666666666 -736.6666666666667
506.6666666666666 -736.6666666666667
506.6666666666666 -736.6666666666667
507.49999999999983 -737.5
514.1666666666665 -746.6666666666667
511.66666666666646 -742.5
514.1666666666665 -746.6666666666667
507.49999999999983 -737.5
506.6666666666666 -736.6666666666667
506.6666666666666 -736.6666666666667
507.49999999999983 -737.5
507.49999999999983 -737.5
506.6666666666666 -736.6666666666667
512.4999999999998 -743.3333333333334
506.6666666666666 -736.6666666666667
506.6666666666666 -736.6666666666667
506.6666666666666 -736.6666666666667
514.1666666666665 -746.6666666666667
506.6666666666666 -736.6666666666667
506.6666666666666 -736.6666666666667
507.49999999999983 -737.5
