500.83333333333326 -715.8333333333334
516.6666666666665 -748.3333333333335
516.6666666666665 -748.3333333333335
501.6666666666666 -719.1666666666667
504.1666666666665 -731.6666666666666
508.3333333333332 -741.6666666666667
503.3333333333332 -725.8333333333333
507.49999999999994 -739.1666666666667
503.33333333333326 -725.8333333333334
505.8333333333332 -734.9999999999999
505.8333333333332 -734.9999999999999
503.3333333333332 -725.8333333333333
508.3333333333332 -741.6666666666667
503.33333333333326 -725.8333333333334
516.6666666666665 -748.3333333333335
505.8333333333332 -734.9999999999999
503.3333333333332 -725.8333333333333
508.3333333333332 -741.6666666666667
503.33333333333326 -725.8333333333334
516.6666666666665 -748.3333333333335
505.8333333333332 -734.9999999999999
503.3333333333332 -725.8333333333333
508.3333333333332 -741.6666666666667
503.33333333333326 -725.8333333333334
516.6666666666665 -748.3333333333335
503.3333333333332 -725.8333333333333
503.33333333333326 -725.8333333333334
516.6666666666665 -748.3333333333335
503.3333333333332 -725.8333333333333
503.33333333333326 -725.8333333333334
516.6666666666665 -748.3333333333335
503.3333333333332 -725.8333333333333
503.33333333333326 -725.8333333333334
516.6666666666665 -748.3333333333335
503.3333333333332 -725.8333333333333
503.33333333333326 -725.8333333333334
516.6666666666665 -748.3333333333335
503.3333333333332 -725.8333333333333
503.33333333333326 -725.8333333333334
503.3333333333332 -725.8333333333333
503.33333333333326 -725.8333333333334
503.3333333333332 -725.8333333333333
503.33333333333326 -725.8333333333334
503.3333333333332 -725.8333333333333
503.3333333333332 -725.8333333333333
503.3333333333332 -725.8333333333333
503.3333333333332 -725.8333333333333
516.6666666666665 -748.3333333333335
506.6666666666666 -738.3333333333334
503.33333333333326 -725.8333333333334
508.3333333333332 -741.6666666666667
503.3333333333332 -725.8333333333333
504.1666666666665 -731.6666666666666
503.33333333333326 -725.8333333333334
503.33333333333326 -725.8333333333334
503.3333333333332 -725.8333333333333
503.3333333333332 -725.8333333333333
511.6666666666666 -744.1666666666667
516.6666666666665 -748.3333333333335
503.33333333333326 -725.8333333333334
503.3333333333332 -725.8333333333333
513.3333333333333 -747.5000000000001
503.3333333333332 -725.8333333333333
516.6666666666665 -748.3333333333335
503.33333333333326 -725.8333333333334
503.3333333333332 -725.8333333333333
503.3333333333332 -725.8333333333333
503.3333333333332 -725.8333333333333
503.33333333333326 -725.8333333333334
503.3333333333332 -725.8333333333333
507.49999999999994 -739.1666666666667
509.1666666666665 -742.5
505.8333333333332 -734.9999999999999
506.6666666666666 -738.3333333333334
516.6666666666665 -748.3333333333335
503.3333333333332 -725.8333333333333
503.33333333333326 -725.8333333333334
503.33333333333326 -725.8333333333334
510.8333333333332 -743.3333333333334
503.33333333333326 -725.8333333333334
507.49999999999994 -739.1666666666667
505.8333333333332 -734.9999999999999
506.6666666666666 -738.3333333333334
503.3333333333332 -725.8333333333333
503.3333333333332 -725.8333333333333
516.6666666666665 -748.3333333333335
516.6666666666665 -748.3333333333335
516.6666666666665 -748.3333333333335
503.3333333333332 -725.8333333333333
516.6666666666665 -748.3333333333335
509.1666666666666 -742.5000000000001
513.3333333333333 -747.5000000000001
506.6666666666666 -738.3333333333334
510.8333333333332 -743.3333333333334
503.3333333333332 -725.8333333333333
505.8333333333332 -734.9999999999999
