500.83333333333326 -717.5
514.1666666666665 -753.3333333333335
514.1666666666665 -753.3333333333335
502.4999999999999 -730.8333333333334
501.6666666666666 -719.1666666666667
510.83333333333326 -750.8333333333335
506.6666666666666 -745.0000000000001
505.8333333333332 -737.5
509.1666666666666 -749.1666666666669
508.3333333333332 -748.3333333333334
507.49999999999994 -745.8333333333335
512.4999999999999 -751.6666666666669
512.4999999999999 -751.6666666666669
503.33333333333326 -731.6666666666666
505.8333333333332 -737.5
501.6666666666666 -719.1666666666667
506.6666666666666 -745.0000000000001
502.4999999999999 -730.8333333333334
503.33333333333326 -731.6666666666666
512.4999999999999 -751.6666666666669
505.8333333333332 -737.5
501.6666666666666 -719.1666666666667
506.6666666666666 -745.0000000000001
502.4999999999999 -730.8333333333334
503.33333333333326 -731.6666666666666
512.4999999999999 -751.6666666666669
505.8333333333332 -737.5
501.6666666666666 -719.1666666666667
506.6666666666666 -745.0000000000001
502.4999999999999 -730.8333333333334
505.8333333333332 -737.5
512.4999999999999 -751.6666666666669
501.6666666666666 -719.1666666666667
506.6666666666666 -745.0000000000001
502.4999999999999 -730.8333333333334
502.4999999999999 -730.8333333333334
505.8333333333332 -737.5
502.4999999999999 -730.8333333333334
505.8333333333332 -737.5
502.4999999999999 -730.8333333333334
505.8333333333332 -737.5
502.4999999999999 -730.8333333333334
505.8333333333332 -737.5
502.4999999999999 -730.8333333333334
505.8333333333332 -737.5
502.4999999999999 -730.8333333333334
505.8333333333332 -737.5
502.4999999999999 -730.8333333333334
505.8333333333332 -737.5
502.4999999999999 -730.8333333333334
505.8333333333332 -737.5
502.4999999999999 -730.8333333333334
505.8333333333332 -737.5
502.4999999999999 -730.8333333333334
505.8333333333332 -737.5
502.4999999999999 -730.8333333333334
505.8333333333332 -737.5
502.4999999999999 -730.8333333333334
505.8333333333332 -737.5
505.8333333333332 -737.5
505.8333333333332 -737.5
505.8333333333332 -737.5
505.8333333333332 -737.5
505.8333333333332 -737.5
505.8333333333332 -737.5
505.8333333333332 -737.5
505.8333333333332 -737.5
505.8333333333332 -737.5
505.8333333333332 -737.5
505.8333333333332 -737.5
505.8333333333332 -737.5
505.8333333333332 -737.5
505.8333333333332 -737.5
505.8333333333332 -737.5
505.8333333333332 -737.5
505.8333333333332 -737.5
505.8333333333332 -737.5
502.4999999999999 -730.8333333333334
505.8333333333332 -737.5
508.3333333333332 -748.3333333333334
505.8333333333332 -737.5
505.8333333333332 -737.5
502.4999999999999 -730.8333333333334
502.4999999999999 -730.8333333333334
502.4999999999999 -730.8333333333334
505.8333333333332 -737.5
501.6666666666666 -719.1666666666667
505.8333333333332 -737.5
506.6666666666666 -745.0000000000001
505.8333333333332 -737.5
502.4999999999999 -730.8333333333334
502.4999999999999 -730.8333333333334
505.8333333333332 -737.5
505.8333333333332 -737.5
501.6666666666666 -719.1666666666667
504.1666666666665 -735.0
506.6666666666666 -745.0000000000001
508.3333333333332 -748.3333333333334
505.8333333333332 -737.5
505.8333333333332 -737.5
502.4999999999999 -730.8333333333334
505.8333333333332 -737.5
502.4999999999999 -730.8333333333334
503.33333333333326 -731.6666666666666
505.8333333333332 -737.5
505.8333333333332 -737.5
502.4999999999999 -730.8333333333334
505.8333333333332 -737.5
505.8333333333332 -737.5
505.8333333333332 -737.5
503.33333333333326 -731.6666666666666
502.4999999999999 -730.8333333333334
