500.83333333333326 -717.5
514.1666666666665 -753.3333333333335
514.1666666666665 -753.3333333333335
502.4999999999999 -730.8333333333334
501.6666666666666 -719.1666666666667
510.83333333333326 -750.8333333333335
506.6666666666666 -745.0000000000001
509.1666666666666 -749.1666666666669
508.3333333333332 -748.3333333333334
507.49999999999994 -745.8333333333335
501.6666666666666 -719.1666666666667
506.6666666666666 -745.0000000000001
502.4999999999999 -730.8333333333334
501.6666666666666 -719.1666666666667
506.6666666666666 -745.0000000000001
502.4999999999999 -730.8333333333334
501.6666666666666 -719.1666666666667
506.6666666666666 -745.0000000000001
502.4999999999999 -730.8333333333334
501.6666666666666 -719.1666666666667
506.6666666666666 -745.0000000000001
502.4999999999999 -730.8333333333334
502.4999999999999 -730.8333333333334
502.4999999999999 -730.8333333333334
502.4999999999999 -730.8333333333334
502.4999999999999 -730.8333333333334
502.4999999999999 -730.8333333333334
502.4999999999999 -730.8333333333334
502.4999999999999 -730.8333333333334
502.4999999999999 -730.8333333333334
502.4999999999999 -730.8333333333334
502.4999999999999 -730.8333333333334
502.4999999999999 -730.8333333333334
502.4999999999999 -730.8333333333334
502.4999999999999 -730.8333333333334
508.3333333333332 -748.3333333333334
502.4999999999999 -730.8333333333334
502.4999999999999 -730.8333333333334
502.4999999999999 -730.8333333333334
501.6666666666666 -719.1666666666667
506.6666666666666 -745.0000000000001
502.4999999999999 -730.8333333333334
502.4999999999999 -730.8333333333334
501.6666666666666 -719.1666666666667
504.1666666666665 -735.0
506.6666666666666 -745.0000000000001
508.3333333333332 -748.3333333333334
502.4999999999999 -730.8333333333334
502.4999999999999 -730.8333333333334
502.4999999999999 -730.8333333333334
502.4999999999999 -730.8333333333334
502.4999999999999 -730.8333333333334
502.4999999999999 -730.8333333333334
502.4999999999999 -730.8333333333334
502.4999999999999 -730.8333333333334
506.6666666666666 -745.0000000000001
507.49999999999994 -745.8333333333335
502.4999999999999 -730.8333333333334
502.4999999999999 -730.8333333333334
503.33333333333326 -731.6666666666667
506.6666666666666 -745.0000000000001
506.6666666666666 -745.0000000000001
504.1666666666665 -735.0
502.4999999999999 -730.8333333333334
502.4999999999999 -730.8333333333334
502.4999999999999 -730.8333333333334
506.6666666666666 -745.0000000000001
512.4999999999999 -752.5000000000001
508.3333333333332 -748.3333333333334
502.4999999999999 -730.8333333333334
505.8333333333332 -738.3333333333334
508.3333333333332 -748.3333333333334
506.6666666666666 -745.0000000000001
502.4999999999999 -730.8333333333334
502.4999999999999 -730.8333333333334
502.4999999999999 -730.8333333333334
502.4999999999999 -730.8333333333334
502.4999999999999 -730.8333333333334
503.33333333333326 -731.6666666666667
502.4999999999999 -730.8333333333334
502.4999999999999 -730.8333333333334
510.83333333333326 -750.8333333333335
507.49999999999994 -745.8333333333335
502.4999999999999 -730.8333333333334
502.4999999999999 -730.8333333333334
512.4999999999999 -752.5000000000001
510.83333333333326 -750.8333333333335
502.4999999999999 -730.8333333333334
502.4999999999999 -730.8333333333334
504.1666666666665 -735.0
502.4999999999999 -730.8333333333334
502.4999999999999 -730.8333333333334
512.4999999999999 -752.5000000000001
506.6666666666666 -745.0000000000001
502.4999999999999 -730.8333333333334
504.1666666666665 -735.0
502.4999999999999 -730.8333333333334
514.1666666666665 -753.3333333333335
503.33333333333326 -731.6666666666667
502.4999999999999 -730.8333333333334
502.4999999999999 -730.8333333333334
502.4999999999999 -730.8333333333334
511.6666666666665 -751.6666666666669
506.6666666666666 -745.0000000000001
504.1666666666665 -735.0
509.1666666666666 -749.1666666666669
502.4999999999999 -730.8333333333334
507.49999999999994 -745.8333333333335
502.4999999999999 -730.8333333333334
502.4999999999999 -730.8333333333334
509.1666666666666 -749.1666666666669
512.4999999999999 -752.5000000000001
508.3333333333332 -748.3333333333334
508.3333333333332 -748.3333333333334
506.6666666666666 -745.0000000000001
511.6666666666665 -751.6666666666669
504.1666666666665 -735.0
502.4999999999999 -730.8333333333334
502.4999999999999 -730.8333333333334
502.4999999999999 -730.8333333333334
507.49999999999994 -745.8333333333335
504.1666666666665 -735.0
507.49999999999994 -745.8333333333335
509.1666666666666 -749.1666666666669
502.4999999999999 -730.8333333333334
503.33333333333326 -731.6666666666667
502.4999999999999 -730.8333333333334
509.9999999999999 -750.0
502.4999999999999 -730.8333333333334
508.3333333333332 -748.3333333333334
506.6666666666666 -745.0000000000001
502.4999999999999 -730.8333333333334
504.1666666666665 -735.0
502.4999999999999 -730.8333333333334
502.4999999999999 -730.8333333333334
508.3333333333332 -748.3333333333334
502.4999999999999 -730.8333333333334
511.6666666666665 -751.6666666666669
514.1666666666665 -753.3333333333335
502.4999999999999 -730.8333333333334
502.4999999999999 -730.8333333333334
502.4999999999999 -730.8333333333334
502.4999999999999 -730.8333333333334
502.4999999999999 -730.8333333333334
511.6666666666665 -751.6666666666669
508.3333333333332 -748.3333333333334
503.33333333333326 -731.6666666666667
502.4999999999999 -730.8333333333334
502.4999999999999 -730.8333333333334
509.9999999999999 -750.0
503.33333333333326 -731.6666666666667
504.1666666666665 -735.0
502.4999999999999 -730.8333333333334
502.4999999999999 -730.8333333333334
502.4999999999999 -730.8333333333334
502.4999999999999 -730.8333333333334
