500.83333333333326 -717.5
515.8333333333333 -755.0000000000001
515.8333333333333 -755.0000000000001
500.83333333333326 -717.5
502.4999999999999 -730.8333333333334
501.6666666666666 -720.0000000000001
504.9999999999999 -738.3333333333335
505.8333333333332 -745.8333333333335
513.3333333333333 -754.1666666666667
503.33333333333326 -731.6666666666667
504.1666666666665 -735.8333333333334
508.33333333333326 -750.0000000000002
509.99999999999994 -750.8333333333335
501.6666666666666 -720.0000000000001
504.9999999999999 -738.3333333333335
506.6666666666666 -746.6666666666669
507.4999999999999 -749.1666666666667
504.1666666666665 -735.8333333333334
511.6666666666665 -752.5000000000001
510.83333333333314 -751.6666666666669
507.4999999999999 -749.1666666666667
508.33333333333326 -750.0000000000002
502.4999999999999 -730.8333333333334
505.8333333333332 -745.8333333333335
506.6666666666666 -746.6666666666669
513.3333333333333 -754.1666666666667
503.33333333333326 -731.6666666666667
510.83333333333314 -751.6666666666669
509.99999999999994 -750.8333333333335
500.83333333333326 -717.5
515.8333333333333 -755.0000000000001
504.9999999999999 -738.3333333333335
504.1666666666665 -735.8333333333334
508.33333333333326 -750.0000000000002
502.4999999999999 -730.8333333333334
505.8333333333332 -745.8333333333335
506.6666666666666 -746.6666666666669
513.3333333333333 -754.1666666666667
503.33333333333326 -731.6666666666667
510.83333333333314 -751.6666666666669
509.99999999999994 -750.8333333333335
515.8333333333333 -755.0000000000001
500.83333333333326 -717.5
504.9999999999999 -738.3333333333335
504.1666666666665 -735.8333333333334
502.4999999999999 -730.8333333333334
505.8333333333332 -745.8333333333335
506.6666666666666 -746.6666666666669
513.3333333333333 -754.1666666666667
503.33333333333326 -731.6666666666667
509.99999999999994 -750.8333333333335
500.83333333333326 -717.5
515.8333333333333 -755.0000000000001
504.9999999999999 -738.3333333333335
504.1666666666665 -735.8333333333334
502.4999999999999 -730.8333333333334
505.8333333333332 -745.8333333333335
506.6666666666666 -746.6666666666669
513.3333333333333 -754.1666666666667
503.33333333333326 -731.6666666666667
509.99999999999994 -750.8333333333335
500.83333333333326 -717.5
515.8333333333333 -755.0000000000001
504.9999999999999 -738.3333333333335
504.1666666666665 -735.8333333333334
502.4999999999999 -730.8333333333334
505.8333333333332 -745.8333333333335
506.6666666666666 -746.6666666666669
513.3333333333333 -754.1666666666667
503.33333333333326 -731.6666666666667
509.99999999999994 -750.8333333333335
500.83333333333326 -717.5
504.9999999999999 -738.3333333333335
502.4999999999999 -730.8333333333334
513.3333333333333 -754.1666666666667
503.33333333333326 -731.6666666666667
509.99999999999994 -750.8333333333335
500.83333333333326 -717.5
504.9999999999999 -738.3333333333335
502.4999999999999 -730.8333333333334
509.99999999999994 -750.8333333333335
513.3333333333333 -754.1666666666667
503.33333333333326 -731.6666666666667
504.9999999999999 -738.3333333333335
502.4999999999999 -730.8333333333334
509.99999999999994 -750.8333333333335
513.3333333333333 -754.1666666666667
503.33333333333326 -731.6666666666667
504.9999999999999 -738.3333333333335
502.4999999999999 -730.8333333333334
509.99999999999994 -750.8333333333335
513.3333333333333 -754.1666666666667
503.33333333333326 -731.6666666666667
504.9999999999999 -738.3333333333335
502.4999999999999 -730.8333333333334
509.99999999999994 -750.8333333333335
513.3333333333333 -754.1666666666667
503.33333333333326 -731.6666666666667
504.9999999999999 -738.3333333333335
502.4999999999999 -730.8333333333334
509.99999999999994 -750.8333333333335
513.3333333333333 -754.1666666666667
503.33333333333326 -731.6666666666667
504.9999999999999 -738.3333333333335
502.4999999999999 -730.8333333333334
509.99999999999994 -750.8333333333335
513.3333333333333 -754.1666666666667
503.33333333333326 -731.6666666666667
504.9999999999999 -738.3333333333335
502.4999999999999 -730.8333333333334
509.99999999999994 -750.8333333333335
513.3333333333333 -754.1666666666667
503.33333333333326 -731.6666666666667
504.9999999999999 -738.3333333333335
502.4999999999999 -730.8333333333334
509.99999999999994 -750.8333333333335
513.3333333333333 -754.1666666666667
503.33333333333326 -731.6666666666667
504.9999999999999 -738.3333333333335
502.4999999999999 -730.8333333333334
509.99999999999994 -750.8333333333335
513.3333333333333 -754.1666666666667
503.33333333333326 -731.6666666666667
504.9999999999999 -738.3333333333335
502.4999999999999 -730.8333333333334
509.99999999999994 -750.8333333333335
513.3333333333333 -754.1666666666667
503.33333333333326 -731.6666666666667
504.9999999999999 -738.3333333333335
502.4999999999999 -730.8333333333334
509.99999999999994 -750.8333333333335
513.3333333333333 -754.1666666666667
503.33333333333326 -731.6666666666667
504.9999999999999 -738.3333333333335
502.4999999999999 -730.8333333333334
509.99999999999994 -750.8333333333335
513.3333333333333 -754.1666666666667
503.33333333333326 -731.6666666666667
504.9999999999999 -738.3333333333335
502.4999999999999 -730.8333333333334
509.99999999999994 -750.8333333333335
513.3333333333333 -754.1666666666667
503.33333333333326 -731.6666666666667
504.9999999999999 -738.3333333333335
502.4999999999999 -730.8333333333334
509.99999999999994 -750.8333333333335
513.3333333333333 -754.1666666666667
503.33333333333326 -731.6666666666667
504.9999999999999 -738.3333333333335
502.4999999999999 -730.8333333333334
509.99999999999994 -750.8333333333335
513.3333333333333 -754.1666666666667
503.33333333333326 -731.6666666666667
509.99999999999994 -750.8333333333335
502.4999999999999 -730.8333333333334
504.9999999999999 -738.3333333333335
504.9999999999999 -738.3333333333335
513.3333333333333 -754.1666666666667
509.99999999999994 -750.8333333333335
513.3333333333333 -754.1666666666667
504.9999999999999 -738.3333333333335
513.3333333333333 -754.1666666666667
511.66666666666663 -753.3333333333335
502.4999999999999 -730.8333333333334
503.33333333333326 -731.6666666666667
509.99999999999994 -750.8333333333335
509.99999999999994 -750.8333333333335
513.3333333333333 -754.1666666666667
513.3333333333333 -754.1666666666667
509.99999999999994 -750.8333333333335
509.99999999999994 -750.8333333333335
503.33333333333326 -731.6666666666667
503.33333333333326 -731.6666666666667
503.33333333333326 -731.6666666666667
502.4999999999999 -730.8333333333334
501.6666666666666 -720.0000000000001
513.3333333333333 -754.1666666666667
500.83333333333326 -717.5
509.99999999999994 -750.8333333333335
509.99999999999994 -750.8333333333335
