500.83333333333326 -718.3333333333335
500.83333333333326 -718.3333333333335
505.8333333333332 -750.8333333333334
501.6666666666666 -720.0000000000001
514.1666666666666 -754.1666666666669
512.5 -754.1666666666667
514.1666666666666 -754.1666666666669
501.6666666666666 -720.0000000000001
512.5 -754.1666666666667
500.83333333333326 -718.3333333333335
514.1666666666666 -754.1666666666669
501.6666666666666 -720.0000000000001
512.5 -754.1666666666667
514.1666666666666 -754.1666666666669
512.5 -754.1666666666667
512.5 -754.1666666666667
512.5 -754.1666666666667
512.5 -754.1666666666667
512.5 -754.1666666666667
512.5 -754.1666666666667
512.5 -754.1666666666667
512.5 -754.1666666666667
512.5 -754.1666666666667
512.5 -754.1666666666667
512.5 -754.1666666666667
512.5 -754.1666666666667
514.1666666666666 -754.1666666666669
512.5 -754.1666666666667
512.5 -754.1666666666667
512.5 -754.1666666666667
512.5 -754.1666666666667
512.5 -754.1666666666667
512.5 -754.1666666666667
512.5 -754.1666666666667
512.5 -754.1666666666667
512.5 -754.1666666666667
512.5 -754.1666666666667
504.1666666666665 -749.1666666666667
514.1666666666666 -754.1666666666669
512.5 -754.1666666666667
512.5 -754.1666666666667
502.49999999999983 -745.8333333333334
512.5 -754.1666666666667
512.5 -754.1666666666667
514.1666666666666 -754.1666666666669
512.5 -754.1666666666667
512.5 -754.1666666666667
512.5 -754.1666666666667
506.6666666666666 -751.6666666666667
514.1666666666666 -754.1666666666669
512.5 -754.1666666666667
512.5 -754.1666666666667
512.5 -754.1666666666667
512.5 -754.1666666666667
514.1666666666666 -754.1666666666669
514.1666666666666 -754.1666666666669
515.0 -755.0000000000001
512.5 -754.1666666666667
512.5 -754.1666666666667
512.5 -754.1666666666667
505.8333333333332 -750.8333333333334
512.5 -754.1666666666667
512.5 -754.1666666666667
504.1666666666665 -749.1666666666667
512.5 -754.1666666666667
512.5 -754.1666666666667
504.1666666666665 -749.1666666666667
515.0 -755.0000000000001
512.5 -754.1666666666667
515.0 -755.0000000000001
512.5 -754.1666666666667
514.1666666666666 -754.1666666666669
512.5 -754.1666666666667
512.5 -754.1666666666667
512.5 -754.1666666666667
512.5 -754.1666666666667
506.6666666666666 -751.6666666666667
514.1666666666666 -754.1666666666669
512.5 -754.1666666666667
512.5 -754.1666666666667
512.5 -754.1666666666667
512.5 -754.1666666666667
512.5 -754.1666666666667
508.33333333333314 -752.5000000000001
512.5 -754.1666666666667
512.5 -754.1666666666667
506.6666666666666 -751.6666666666667
512.5 -754.1666666666667
508.33333333333326 -753.3333333333335
514.1666666666666 -754.1666666666669
512.5 -754.1666666666667
512.5 -754.1666666666667
512.5 -754.1666666666667
