500.83333333333326 -732.5
502.49999999999983 -750.8333333333334
504.1666666666665 -754.1666666666667
506.6666666666666 -755.0000000000002
504.1666666666665 -754.1666666666667
504.1666666666665 -754.1666666666667
508.33333333333314 -757.5000000000001
504.1666666666665 -754.1666666666667
504.1666666666665 -754.1666666666667
504.1666666666665 -754.1666666666667
501.6666666666665 -746.6666666666669
506.6666666666666 -755.0000000000002
502.49999999999983 -750.8333333333334
508.33333333333314 -757.5000000000001
504.1666666666665 -754.1666666666667
509.1666666666666 -759.1666666666667
504.1666666666665 -754.1666666666667
508.33333333333326 -758.3333333333335
509.1666666666666 -759.1666666666667
504.1666666666665 -754.1666666666667
504.1666666666665 -754.1666666666667
504.1666666666665 -754.1666666666667
502.49999999999983 -750.8333333333334
509.99999999999994 -760.0000000000001
504.1666666666665 -754.1666666666667
504.1666666666665 -754.1666666666667
504.1666666666665 -754.1666666666667
508.33333333333326 -758.3333333333335
509.1666666666666 -759.1666666666667
504.1666666666665 -754.1666666666667
