500.83333333333326 -732.5
501.6666666666665 -751.6666666666669
503.3333333333332 -755.0000000000001
505.8333333333332 -755.8333333333334
503.3333333333332 -755.0000000000001
506.6666666666666 -756.6666666666667
506.6666666666666 -756.6666666666667
505.8333333333332 -755.8333333333334
509.1666666666666 -759.1666666666667
509.1666666666666 -759.1666666666667
509.1666666666666 -759.1666666666667
509.1666666666666 -759.1666666666667
509.1666666666666 -759.1666666666667
509.1666666666666 -759.1666666666667
509.1666666666666 -759.1666666666667
509.1666666666666 -759.1666666666667
509.1666666666666 -759.1666666666667
509.1666666666666 -759.1666666666667
509.1666666666666 -759.1666666666667
509.1666666666666 -759.1666666666667
509.1666666666666 -759.1666666666667
509.1666666666666 -759.1666666666667
509.1666666666666 -759.1666666666667
505.8333333333332 -755.8333333333334
509.1666666666666 -759.1666666666667
509.1666666666666 -759.1666666666667
509.1666666666666 -759.1666666666667
509.1666666666666 -759.1666666666667
509.1666666666666 -759.1666666666667
509.1666666666666 -759.1666666666667
509.1666666666666 -759.1666666666667
505.8333333333332 -755.8333333333334
509.1666666666666 -759.1666666666667
509.1666666666666 -759.1666666666667
509.1666666666666 -759.1666666666667
505.8333333333332 -755.8333333333334
509.1666666666666 -759.1666666666667
509.1666666666666 -759.1666666666667
509.1666666666666 -759.1666666666667
509.1666666666666 -759.1666666666667
509.1666666666666 -759.1666666666667
509.1666666666666 -759.1666666666667
505.8333333333332 -755.8333333333334
509.1666666666666 -759.1666666666667
505.8333333333332 -755.8333333333334
509.1666666666666 -759.1666666666667
509.1666666666666 -759.1666666666667
509.1666666666666 -759.1666666666667
509.1666666666666 -759.1666666666667
509.1666666666666 -759.1666666666667
509.1666666666666 -759.1666666666667
509.1666666666666 -759.1666666666667
509.1666666666666 -759.1666666666667
505.8333333333332 -755.8333333333334
509.1666666666666 -759.1666666666667
509.1666666666666 -759.1666666666667
509.1666666666666 -759.1666666666667
509.1666666666666 -759.1666666666667
509.1666666666666 -759.1666666666667
505.8333333333332 -755.8333333333334
509.1666666666666 -759.1666666666667
509.1666666666666 -759.1666666666667
509.1666666666666 -759.1666666666667
505.8333333333332 -755.8333333333334
509.1666666666666 -759.1666666666667
509.1666666666666 -759.1666666666667
509.1666666666666 -759.1666666666667
509.1666666666666 -759.1666666666667
509.1666666666666 -759.1666666666667
505.8333333333332 -755.8333333333334
509.1666666666666 -759.1666666666667
509.1666666666666 -759.1666666666667
509.1666666666666 -759.1666666666667
509.1666666666666 -759.1666666666667
509.1666666666666 -759.1666666666667
509.1666666666666 -759.1666666666667
503.3333333333332 -755.0000000000001
509.1666666666666 -759.1666666666667
509.1666666666666 -759.1666666666667
505.8333333333332 -755.8333333333334
509.1666666666666 -759.1666666666667
509.1666666666666 -759.1666666666667
509.1666666666666 -759.1666666666667
509.1666666666666 -759.1666666666667
509.1666666666666 -759.1666666666667
509.1666666666666 -759.1666666666667
509.1666666666666 -759.1666666666667
505.8333333333332 -755.8333333333334
509.1666666666666 -759.1666666666667
509.1666666666666 -759.1666666666667
509.1666666666666 -759.1666666666667
509.1666666666666 -759.1666666666667
503.3333333333332 -755.0000000000001
505.8333333333332 -755.8333333333334
509.1666666666666 -759.1666666666667
509.1666666666666 -759.1666666666667
509.1666666666666 -759.1666666666667
505.8333333333332 -755.8333333333334
509.1666666666666 -759.1666666666667
509.1666666666666 -759.1666666666667
509.1666666666666 -759.1666666666667
509.1666666666666 -759.1666666666667
509.1666666666666 -759.1666666666667
509.1666666666666 -759.1666666666667
509.1666666666666 -759.1666666666667
509.1666666666666 -759.1666666666667
505.8333333333332 -755.8333333333334
509.1666666666666 -759.1666666666667
509.1666666666666 -759.1666666666667
509.1666666666666 -759.1666666666667
509.1666666666666 -759.1666666666667
509.1666666666666 -759.1666666666667
505.8333333333332 -755.8333333333334
509.1666666666666 -759.1666666666667
509.1666666666666 -759.1666666666667
505.8333333333332 -755.8333333333334
509.1666666666666 -759.1666666666667
505.8333333333332 -755.8333333333334
509.1666666666666 -759.1666666666667
503.3333333333332 -755.0000000000001
505.8333333333332 -755.8333333333334
509.1666666666666 -759.1666666666667
509.1666666666666 -759.1666666666667
500.83333333333326 -732.5
507.49999999999983 -758.3333333333335
503.3333333333332 -755.0000000000001
505.8333333333332 -755.8333333333334
509.1666666666666 -759.1666666666667
505.8333333333332 -755.8333333333334
509.1666666666666 -759.1666666666667
506.6666666666666 -756.6666666666667
509.1666666666666 -759.1666666666667
509.1666666666666 -759.1666666666667
505.8333333333332 -755.8333333333334
509.1666666666666 -759.1666666666667
503.3333333333332 -755.0000000000001
509.1666666666666 -759.1666666666667
509.16666666666663 -760.8333333333335
509.16666666666663 -760.8333333333335
509.1666666666666 -759.1666666666667
509.1666666666666 -759.1666666666667
503.3333333333332 -755.0000000000001
505.8333333333332 -755.8333333333334
505.8333333333332 -755.8333333333334
509.1666666666666 -759.1666666666667
501.6666666666665 -751.6666666666669
509.1666666666666 -759.1666666666667
509.1666666666666 -759.1666666666667
509.1666666666666 -759.1666666666667
505.8333333333332 -755.8333333333334
509.1666666666666 -759.1666666666667
