501.6666666666665 -751.6666666666669
503.3333333333332 -755.0000000000001
503.3333333333332 -755.0000000000001
503.3333333333332 -755.0000000000001
503.3333333333332 -755.0000000000001
503.3333333333332 -755.0000000000001
503.3333333333332 -755.0000000000001
503.3333333333332 -755.0000000000001
509.16666666666663 -760.8333333333335
509.16666666666663 -760.8333333333335
503.3333333333332 -755.0000000000001
501.6666666666665 -751.6666666666669
503.3333333333332 -755.0000000000001
503.3333333333332 -755.0000000000001
504.9999999999999 -756.6666666666667
509.16666666666663 -760.8333333333335
509.16666666666663 -760.8333333333335
504.9999999999999 -756.6666666666667
509.16666666666663 -760.8333333333335
509.16666666666663 -760.8333333333335
503.3333333333332 -755.0000000000001
509.16666666666663 -760.8333333333335
503.3333333333332 -755.0000000000001
504.99999999999994 -756.6666666666669
504.9999999999999 -756.6666666666667
503.3333333333332 -755.0000000000001
503.3333333333332 -755.0000000000001
504.9999999999999 -756.6666666666667
509.16666666666663 -760.8333333333335
509.16666666666663 -760.8333333333335
509.16666666666663 -760.8333333333335
509.16666666666663 -760.8333333333335
509.16666666666663 -760.8333333333335
509.16666666666663 -760.8333333333335
503.3333333333332 -755.0000000000001
509.16666666666663 -760.8333333333335
503.3333333333332 -755.0000000000001
503.3333333333332 -755.0000000000001
505.83333333333326 -757.5000000000001
509.16666666666663 -760.8333333333335
504.9999999999999 -756.6666666666667
504.99999999999994 -756.6666666666669
503.3333333333332 -755.0000000000001
504.9999999999999 -756.6666666666667
509.16666666666663 -760.8333333333335
509.16666666666663 -760.8333333333335
509.16666666666663 -760.8333333333335
503.3333333333332 -755.0000000000001
509.16666666666663 -760.8333333333335
503.3333333333332 -755.0000000000001
503.3333333333332 -755.0000000000001
503.3333333333332 -755.0000000000001
503.3333333333332 -755.0000000000001
509.16666666666663 -760.8333333333335
508.3333333333333 -760.0000000000002
504.9999999999999 -756.6666666666667
509.16666666666663 -760.8333333333335
508.3333333333333 -760.0000000000002
509.16666666666663 -760.8333333333335
509.16666666666663 -760.8333333333335
504.99999999999994 -756.6666666666669
512.4999999999999 -761.6666666666667
504.1666666666666 -755.8333333333335
509.16666666666663 -760.8333333333335
503.3333333333332 -755.0000000000001
509.16666666666663 -760.8333333333335
509.16666666666663 -760.8333333333335
504.9999999999999 -756.6666666666667
508.3333333333333 -760.0000000000002
500.83333333333326 -737.5
509.16666666666663 -760.8333333333335
504.9999999999999 -756.6666666666667
505.83333333333326 -757.5000000000001
504.9999999999999 -756.6666666666667
508.3333333333333 -760.0000000000002
503.3333333333332 -755.0000000000001
504.9999999999999 -756.6666666666667
504.99999999999994 -756.6666666666669
504.9999999999999 -756.6666666666667
503.3333333333332 -755.0000000000001
509.16666666666663 -760.8333333333335
504.9999999999999 -756.6666666666667
504.9999999999999 -756.6666666666667
503.3333333333332 -755.0000000000001
504.9999999999999 -756.6666666666667
503.3333333333332 -755.0000000000001
512.4999999999999 -761.6666666666667
503.3333333333332 -755.0000000000001
508.3333333333333 -760.0000000000002
504.99999999999994 -756.6666666666669
505.83333333333326 -757.5000000000001
509.16666666666663 -760.8333333333335
508.3333333333333 -760.0000000000002
508.3333333333333 -760.0000000000002
501.6666666666665 -751.6666666666669
504.9999999999999 -756.6666666666667
509.16666666666663 -760.8333333333335
509.16666666666663 -760.8333333333335
509.16666666666663 -760.8333333333335
504.1666666666666 -755.8333333333335
509.16666666666663 -760.8333333333335
509.16666666666663 -760.8333333333335
503.3333333333332 -755.0000000000001
509.16666666666663 -760.8333333333335
505.83333333333326 -757.5000000000001
509.16666666666663 -760.8333333333335
503.3333333333332 -755.0000000000001
503.3333333333332 -755.0000000000001
509.16666666666663 -760.8333333333335
509.16666666666663 -760.8333333333335
509.16666666666663 -760.8333333333335
505.83333333333326 -757.5000000000001
508.3333333333333 -760.0000000000002
504.9999999999999 -756.6666666666667
504.99999999999994 -756.6666666666669
509.16666666666663 -760.8333333333335
509.16666666666663 -760.8333333333335
509.16666666666663 -760.8333333333335
509.16666666666663 -760.8333333333335
503.3333333333332 -755.0000000000001
504.9999999999999 -756.6666666666667
509.16666666666663 -760.8333333333335
504.99999999999994 -756.6666666666669
512.4999999999999 -761.6666666666667
509.16666666666663 -760.8333333333335
509.16666666666663 -760.8333333333335
509.16666666666663 -760.8333333333335
504.1666666666666 -755.8333333333335
504.9999999999999 -756.6666666666667
509.16666666666663 -760.8333333333335
504.9999999999999 -756.6666666666667
508.3333333333333 -760.0000000000002
509.16666666666663 -760.8333333333335
504.9999999999999 -756.6666666666667
504.1666666666666 -755.8333333333335
509.16666666666663 -760.8333333333335
505.83333333333326 -757.5000000000001
505.83333333333326 -757.5000000000001
505.83333333333326 -757.5000000000001
503.3333333333332 -755.0000000000001
503.3333333333332 -755.0000000000001
503.3333333333332 -755.0000000000001
507.4999999999999 -760.0000000000001
506.66666666666646 -758.3333333333335
509.16666666666663 -760.8333333333335
