499.99999999999994 -738.3333333333334
499.99999999999994 -738.3333333333334
506.6666666666665 -761.6666666666667
499.99999999999994 -738.3333333333334
499.99999999999994 -738.3333333333334
505.83333333333314 -760.8333333333335
504.16666666666646 -759.1666666666669
506.6666666666665 -761.6666666666667
506.6666666666665 -761.6666666666667
499.99999999999994 -738.3333333333334
504.16666666666646 -759.1666666666669
509.16666666666663 -763.3333333333335
513.3333333333333 -767.5000000000001
506.6666666666665 -761.6666666666667
505.83333333333314 -760.8333333333335
509.16666666666663 -763.3333333333335
504.16666666666646 -759.1666666666669
504.16666666666646 -759.1666666666669
509.99999999999994 -765.0000000000001
504.9999999999998 -760.0000000000001
514.1666666666665 -768.3333333333335
509.1666666666665 -762.5000000000001
499.99999999999994 -738.3333333333334
504.9999999999998 -760.0000000000001
500.83333333333314 -756.6666666666669
505.83333333333314 -760.8333333333335
504.16666666666646 -759.1666666666669
