499.1666666666666 -738.3333333333334
500.83333333333314 -757.5000000000001
504.9999999999999 -761.6666666666667
504.9999999999999 -761.6666666666667
505.8333333333332 -762.5000000000002
504.1666666666664 -760.8333333333335
502.49999999999983 -759.1666666666669
505.8333333333332 -762.5000000000002
502.49999999999983 -759.1666666666669
504.9999999999999 -761.6666666666667
505.8333333333332 -762.5000000000002
505.83333333333314 -761.6666666666669
504.9999999999999 -761.6666666666667
502.49999999999983 -759.1666666666669
502.49999999999983 -759.1666666666669
504.9999999999999 -761.6666666666667
505.8333333333332 -762.5000000000002
504.9999999999999 -761.6666666666667
506.6666666666665 -763.3333333333335
501.66666666666646 -758.3333333333335
505.8333333333332 -762.5000000000002
505.83333333333314 -761.6666666666669
505.8333333333332 -762.5000000000002
506.6666666666665 -763.3333333333335
502.49999999999983 -759.1666666666669
505.8333333333332 -762.5000000000002
501.66666666666646 -758.3333333333335
505.83333333333314 -761.6666666666669
505.83333333333314 -761.6666666666669
512.4999999999998 -766.6666666666669
512.4999999999998 -766.6666666666669
502.49999999999983 -759.1666666666669
505.8333333333332 -762.5000000000002
505.83333333333314 -761.6666666666669
504.1666666666664 -760.8333333333335
505.83333333333314 -761.6666666666669
505.8333333333332 -762.5000000000002
505.83333333333314 -761.6666666666669
505.83333333333314 -761.6666666666669
503.33333333333314 -760.0000000000001
505.83333333333314 -761.6666666666669
505.8333333333332 -762.5000000000002
505.8333333333332 -762.5000000000002
504.9999999999999 -761.6666666666667
502.49999999999983 -759.1666666666669
505.83333333333314 -761.6666666666669
505.83333333333314 -761.6666666666669
505.83333333333314 -761.6666666666669
504.9999999999999 -761.6666666666667
504.9999999999999 -761.6666666666667
505.83333333333314 -761.6666666666669
505.83333333333314 -761.6666666666669
508.33333333333326 -765.0000000000001
505.8333333333332 -762.5000000000002
505.83333333333314 -761.6666666666669
502.49999999999983 -759.1666666666669
502.49999999999983 -759.1666666666669
505.83333333333314 -761.6666666666669
505.8333333333332 -762.5000000000002
504.9999999999999 -761.6666666666667
502.49999999999983 -759.1666666666669
505.83333333333314 -761.6666666666669
501.66666666666646 -758.3333333333335
505.83333333333314 -761.6666666666669
504.9999999999999 -761.6666666666667
505.8333333333332 -762.5000000000002
504.9999999999999 -761.6666666666667
505.83333333333314 -761.6666666666669
512.4999999999998 -766.6666666666669
500.83333333333314 -757.5000000000001
512.4999999999998 -766.6666666666669
505.83333333333314 -761.6666666666669
512.4999999999998 -766.6666666666669
501.66666666666646 -758.3333333333335
505.8333333333332 -762.5000000000002
505.8333333333332 -762.5000000000002
505.8333333333332 -762.5000000000002
509.1666666666666 -765.8333333333335
505.8333333333332 -762.5000000000002
516.6666666666666 -770.8333333333335
512.5 -768.3333333333335
505.8333333333332 -762.5000000000002
502.49999999999983 -759.1666666666669
505.83333333333314 -761.6666666666669
509.1666666666666 -765.8333333333335
505.83333333333314 -761.6666666666669
512.4999999999998 -766.6666666666669
505.83333333333314 -761.6666666666669
502.49999999999983 -759.1666666666669
505.83333333333314 -761.6666666666669
505.8333333333332 -762.5000000000002
505.83333333333314 -761.6666666666669
505.8333333333332 -762.5000000000002
509.1666666666666 -765.8333333333335
505.8333333333332 -762.5000000000002
505.83333333333314 -761.6666666666669
508.33333333333326 -765.0000000000001
505.8333333333332 -762.5000000000002
505.83333333333314 -761.6666666666669
505.8333333333332 -762.5000000000002
512.4999999999998 -766.6666666666669
505.83333333333314 -761.6666666666669
505.83333333333314 -761.6666666666669
512.4999999999998 -766.6666666666669
505.83333333333314 -761.6666666666669
505.83333333333314 -761.6666666666669
512.4999999999998 -766.6666666666669
512.4999999999998 -766.6666666666669
512.4999999999998 -766.6666666666669
505.8333333333332 -762.5000000000002
502.49999999999983 -759.1666666666669
516.6666666666666 -770.8333333333335
505.83333333333314 -761.6666666666669
514.1666666666665 -769.1666666666667
502.49999999999983 -759.1666666666669
505.83333333333314 -761.6666666666669
505.83333333333314 -761.6666666666669
516.6666666666666 -770.8333333333335
504.9999999999999 -761.6666666666667
505.83333333333314 -761.6666666666669
512.4999999999998 -766.6666666666669
505.8333333333332 -762.5000000000002
512.5 -768.3333333333335
505.83333333333314 -761.6666666666669
501.66666666666646 -758.3333333333335
505.8333333333332 -762.5000000000002
504.9999999999999 -761.6666666666667
504.9999999999999 -761.6666666666667
504.1666666666664 -760.8333333333335
505.83333333333314 -761.6666666666669
