499.1666666666666 -738.3333333333334
500.83333333333314 -757.5000000000001
504.1666666666664 -760.8333333333335
502.49999999999983 -759.1666666666669
502.49999999999983 -759.1666666666669
502.49999999999983 -759.1666666666669
502.49999999999983 -759.1666666666669
501.66666666666646 -758.3333333333335
502.49999999999983 -759.1666666666669
501.66666666666646 -758.3333333333335
502.49999999999983 -759.1666666666669
504.1666666666664 -760.8333333333335
503.33333333333314 -760.0000000000001
502.49999999999983 -759.1666666666669
508.33333333333326 -765.0000000000001
502.49999999999983 -759.1666666666669
502.49999999999983 -759.1666666666669
502.49999999999983 -759.1666666666669
501.66666666666646 -758.3333333333335
500.83333333333314 -757.5000000000001
501.66666666666646 -758.3333333333335
512.5 -768.3333333333335
502.49999999999983 -759.1666666666669
502.49999999999983 -759.1666666666669
508.33333333333326 -765.0000000000001
502.49999999999983 -759.1666666666669
502.49999999999983 -759.1666666666669
512.5 -768.3333333333335
501.66666666666646 -758.3333333333335
504.1666666666664 -760.8333333333335
516.6666666666665 -771.6666666666669
502.49999999999983 -759.1666666666669
499.1666666666666 -738.3333333333334
502.49999999999983 -759.1666666666669
502.49999999999983 -759.1666666666669
502.49999999999983 -759.1666666666669
502.49999999999983 -759.1666666666669
512.5 -768.3333333333335
503.33333333333314 -760.0000000000001
512.4999999999998 -767.5000000000001
508.33333333333326 -765.0000000000001
499.1666666666666 -738.3333333333334
503.33333333333314 -760.0000000000001
502.49999999999983 -759.1666666666669
499.9999999999999 -739.1666666666667
502.49999999999983 -759.1666666666669
502.49999999999983 -759.1666666666669
502.49999999999983 -759.1666666666669
499.1666666666666 -738.3333333333334
502.49999999999983 -759.1666666666669
499.1666666666666 -738.3333333333334
503.33333333333314 -760.0000000000001
503.33333333333314 -760.0000000000001
502.49999999999983 -759.1666666666669
505.83333333333314 -762.5000000000002
503.33333333333314 -760.0000000000001
502.49999999999983 -759.1666666666669
503.33333333333314 -760.0000000000001
505.83333333333314 -762.5000000000002
501.66666666666646 -758.3333333333335
502.49999999999983 -759.1666666666669
505.83333333333314 -762.5000000000002
502.49999999999983 -759.1666666666669
502.49999999999983 -759.1666666666669
503.33333333333314 -760.0000000000001
502.49999999999983 -759.1666666666669
502.49999999999983 -759.1666666666669
502.49999999999983 -759.1666666666669
503.33333333333314 -760.0000000000001
499.9999999999999 -739.1666666666667
503.33333333333314 -760.0000000000001
501.66666666666646 -758.3333333333335
505.83333333333314 -762.5000000000002
501.66666666666646 -758.3333333333335
502.49999999999983 -759.1666666666669
501.66666666666646 -758.3333333333335
500.83333333333314 -757.5000000000001
502.49999999999983 -759.1666666666669
508.33333333333326 -765.0000000000001
502.49999999999983 -759.1666666666669
500.83333333333314 -757.5000000000001
502.49999999999983 -759.1666666666669
508.33333333333326 -765.0000000000001
501.66666666666646 -758.3333333333335
503.33333333333314 -760.0000000000001
503.33333333333314 -760.0000000000001
512.5 -768.3333333333335
505.83333333333314 -762.5000000000002
502.49999999999983 -759.1666666666669
512.4999999999998 -767.5000000000001
501.66666666666646 -758.3333333333335
505.83333333333314 -762.5000000000002
512.4999999999998 -767.5000000000001
499.9999999999999 -739.1666666666667
512.5 -768.3333333333335
499.1666666666666 -738.3333333333334
505.83333333333314 -762.5000000000002
502.49999999999983 -759.1666666666669
502.49999999999983 -759.1666666666669
505.83333333333314 -762.5000000000002
501.66666666666646 -758.3333333333335
502.49999999999983 -759.1666666666669
501.66666666666646 -758.3333333333335
502.49999999999983 -759.1666666666669
503.33333333333314 -760.0000000000001
505.83333333333314 -762.5000000000002
501.66666666666646 -758.3333333333335
502.49999999999983 -759.1666666666669
503.33333333333314 -760.0000000000001
502.49999999999983 -759.1666666666669
505.83333333333314 -762.5000000000002
502.49999999999983 -759.1666666666669
502.49999999999983 -759.1666666666669
502.49999999999983 -759.1666666666669
502.49999999999983 -759.1666666666669
503.33333333333314 -760.0000000000001
505.83333333333314 -762.5000000000002
501.66666666666646 -758.3333333333335
512.5 -768.3333333333335
502.49999999999983 -759.1666666666669
501.66666666666646 -758.3333333333335
502.49999999999983 -759.1666666666669
503.33333333333314 -760.0000000000001
502.49999999999983 -759.1666666666669
505.83333333333314 -762.5000000000002
508.33333333333326 -765.0000000000001
508.33333333333314 -764.1666666666667
508.33333333333326 -765.0000000000001
512.5 -768.3333333333335
512.4999999999998 -767.5000000000001
513.3333333333333 -769.1666666666669
501.66666666666646 -758.3333333333335
506.66666666666646 -763.3333333333335
502.49999999999983 -759.1666666666669
501.66666666666646 -758.3333333333335
505.83333333333314 -762.5000000000002
512.5 -768.3333333333335
505.83333333333314 -762.5000000000002
502.49999999999983 -759.1666666666669
501.66666666666646 -758.3333333333335
505.83333333333314 -762.5000000000002
502.49999999999983 -759.1666666666669
508.33333333333326 -765.0000000000001
508.33333333333326 -765.0000000000001
504.1666666666664 -760.8333333333335
499.1666666666666 -738.3333333333334
502.49999999999983 -759.1666666666669
505.83333333333314 -762.5000000000002
502.49999999999983 -759.1666666666669
503.33333333333314 -760.0000000000001
505.83333333333314 -762.5000000000002
502.49999999999983 -759.1666666666669
502.49999999999983 -759.1666666666669
508.33333333333326 -765.0000000000001
503.33333333333314 -760.0000000000001
501.66666666666646 -758.3333333333335
512.5 -768.3333333333335
508.33333333333326 -765.0000000000001
509.1666666666666 -766.6666666666667
504.9999999999998 -761.6666666666669
505.83333333333314 -762.5000000000002
500.83333333333314 -757.5000000000001
502.49999999999983 -759.1666666666669
505.83333333333314 -762.5000000000002
502.49999999999983 -759.1666666666669
502.49999999999983 -759.1666666666669
501.66666666666646 -758.3333333333335
502.49999999999983 -759.1666666666669
512.4999999999998 -767.5000000000001
501.66666666666646 -758.3333333333335
502.49999999999983 -759.1666666666669
504.9999999999998 -761.6666666666669
504.9999999999998 -761.6666666666669
505.83333333333314 -762.5000000000002
502.49999999999983 -759.1666666666669
502.49999999999983 -759.1666666666669
503.33333333333314 -760.0000000000001
