499.1666666666666 -738.3333333333334
516.6666666666665 -771.6666666666669
499.1666666666666 -738.3333333333334
499.9999999999999 -739.1666666666667
500.83333333333314 -757.5000000000001
512.5 -769.1666666666669
512.4999999999998 -768.3333333333335
509.1666666666666 -766.6666666666667
508.33333333333314 -764.1666666666667
506.66666666666646 -763.3333333333335
509.1666666666666 -766.6666666666667
508.33333333333326 -765.0000000000001
505.83333333333314 -762.5000000000002
505.83333333333314 -762.5000000000002
500.83333333333314 -757.5000000000001
499.9999999999999 -739.1666666666667
506.66666666666646 -763.3333333333335
508.33333333333326 -765.0000000000001
508.33333333333314 -764.1666666666667
499.1666666666666 -738.3333333333334
505.83333333333314 -762.5000000000002
500.83333333333314 -757.5000000000001
499.9999999999999 -739.1666666666667
506.66666666666646 -763.3333333333335
508.33333333333326 -765.0000000000001
499.1666666666666 -738.3333333333334
505.83333333333314 -762.5000000000002
500.83333333333314 -757.5000000000001
506.66666666666646 -763.3333333333335
508.33333333333326 -765.0000000000001
500.83333333333314 -757.5000000000001
508.33333333333326 -765.0000000000001
499.1666666666666 -738.3333333333334
508.33333333333326 -765.0000000000001
499.1666666666666 -738.3333333333334
499.1666666666666 -738.3333333333334
499.1666666666666 -738.3333333333334
505.83333333333314 -762.5000000000002
505.83333333333314 -762.5000000000002
505.83333333333314 -762.5000000000002
500.83333333333314 -757.5000000000001
508.33333333333326 -765.0000000000001
500.83333333333314 -757.5000000000001
508.33333333333326 -765.0000000000001
505.83333333333314 -762.5000000000002
505.83333333333314 -762.5000000000002
505.83333333333314 -762.5000000000002
505.83333333333314 -762.5000000000002
505.83333333333314 -762.5000000000002
505.83333333333314 -762.5000000000002
505.83333333333314 -762.5000000000002
505.83333333333314 -762.5000000000002
508.33333333333326 -765.0000000000001
508.33333333333326 -765.0000000000001
505.83333333333314 -762.5000000000002
505.83333333333314 -762.5000000000002
505.83333333333314 -762.5000000000002
508.33333333333326 -765.0000000000001
508.33333333333326 -765.0000000000001
505.83333333333314 -762.5000000000002
505.83333333333314 -762.5000000000002
508.33333333333326 -765.0000000000001
508.33333333333326 -765.0000000000001
505.83333333333314 -762.5000000000002
505.83333333333314 -762.5000000000002
505.83333333333314 -762.5000000000002
505.83333333333314 -762.5000000000002
508.33333333333326 -765.0000000000001
505.83333333333314 -762.5000000000002
505.83333333333314 -762.5000000000002
508.33333333333326 -765.0000000000001
505.83333333333314 -762.5000000000002
505.83333333333314 -762.5000000000002
505.83333333333314 -762.5000000000002
505.83333333333314 -762.5000000000002
505.83333333333314 -762.5000000000002
505.83333333333314 -762.5000000000002
508.33333333333314 -764.1666666666667
509.1666666666666 -766.6666666666667
501.66666666666646 -759.1666666666669
506.66666666666646 -763.3333333333335
500.83333333333314 -757.5000000000001
505.83333333333314 -762.5000000000002
505.83333333333314 -762.5000000000002
505.83333333333314 -762.5000000000002
508.33333333333326 -765.0000000000001
505.83333333333314 -762.5000000000002
500.83333333333314 -757.5000000000001
504.1666666666664 -761.6666666666669
505.83333333333314 -762.5000000000002
499.1666666666666 -738.3333333333334
503.33333333333314 -760.8333333333335
508.33333333333326 -765.0000000000001
509.1666666666666 -766.6666666666667
509.1666666666666 -766.6666666666667
506.66666666666646 -763.3333333333335
505.83333333333314 -762.5000000000002
505.83333333333314 -762.5000000000002
501.66666666666646 -759.1666666666669
508.33333333333326 -765.0000000000001
501.66666666666646 -759.1666666666669
