516.6666666666665 -771.6666666666669
512.4999999999998 -768.3333333333335
501.66666666666646 -759.1666666666669
504.1666666666664 -761.6666666666669
501.66666666666646 -759.1666666666669
501.66666666666646 -759.1666666666669
504.1666666666664 -761.6666666666669
501.66666666666646 -759.1666666666669
499.1666666666666 -739.1666666666667
501.66666666666646 -759.1666666666669
500.83333333333314 -758.3333333333334
501.66666666666646 -759.1666666666669
501.66666666666646 -759.1666666666669
501.66666666666646 -759.1666666666669
501.66666666666646 -759.1666666666669
501.66666666666646 -759.1666666666669
499.1666666666666 -739.1666666666667
501.66666666666646 -759.1666666666669
504.9999999999999 -762.5
505.8333333333332 -764.1666666666667
500.83333333333314 -758.3333333333334
500.83333333333314 -758.3333333333334
501.66666666666646 -759.1666666666669
500.83333333333314 -758.3333333333334
501.66666666666646 -759.1666666666669
501.66666666666646 -759.1666666666669
500.83333333333314 -758.3333333333334
501.66666666666646 -759.1666666666669
505.83333333333314 -763.3333333333335
516.6666666666665 -771.6666666666669
501.66666666666646 -759.1666666666669
505.8333333333332 -764.1666666666667
512.5 -770.0000000000001
500.83333333333314 -758.3333333333334
500.83333333333314 -758.3333333333334
501.66666666666646 -759.1666666666669
512.5 -770.0000000000001
501.66666666666646 -759.1666666666669
500.83333333333314 -758.3333333333334
505.83333333333314 -763.3333333333335
504.9999999999999 -762.5
502.49999999999983 -760.8333333333335
501.66666666666646 -759.1666666666669
501.66666666666646 -759.1666666666669
505.83333333333314 -763.3333333333335
501.66666666666646 -759.1666666666669
501.66666666666646 -759.1666666666669
505.8333333333332 -764.1666666666667
508.33333333333326 -766.6666666666667
500.83333333333314 -758.3333333333334
499.1666666666666 -739.1666666666667
512.5 -770.0000000000001
500.83333333333314 -758.3333333333334
501.66666666666646 -759.1666666666669
505.8333333333332 -764.1666666666667
505.83333333333314 -763.3333333333335
508.33333333333326 -766.6666666666667
516.6666666666665 -771.6666666666669
501.66666666666646 -759.1666666666669
500.83333333333314 -758.3333333333334
499.1666666666666 -739.1666666666667
500.83333333333314 -758.3333333333334
