504.1666666666664 -761.6666666666669
504.1666666666664 -761.6666666666669
502.49999999999983 -760.8333333333335
508.33333333333326 -766.6666666666667
508.33333333333326 -766.6666666666667
502.49999999999983 -760.8333333333335
502.49999999999983 -760.8333333333335
502.49999999999983 -760.8333333333335
502.49999999999983 -760.8333333333335
508.33333333333326 -766.6666666666667
502.49999999999983 -760.8333333333335
502.49999999999983 -760.8333333333335
502.49999999999983 -760.8333333333335
502.49999999999983 -760.8333333333335
502.49999999999983 -760.8333333333335
508.33333333333326 -766.6666666666667
502.49999999999983 -760.8333333333335
509.1666666666665 -767.5000000000001
502.49999999999983 -760.8333333333335
502.49999999999983 -760.8333333333335
502.49999999999983 -760.8333333333335
502.49999999999983 -760.8333333333335
502.49999999999983 -760.8333333333335
508.33333333333326 -766.6666666666667
502.49999999999983 -760.8333333333335
502.49999999999983 -760.8333333333335
516.6666666666665 -772.5000000000001
502.49999999999983 -760.8333333333335
502.49999999999983 -760.8333333333335
502.49999999999983 -760.8333333333335
501.66666666666646 -760.0000000000001
502.49999999999983 -760.8333333333335
499.1666666666666 -740.0
502.49999999999983 -760.8333333333335
516.6666666666665 -772.5000000000001
508.33333333333326 -766.6666666666667
509.1666666666665 -767.5000000000001
502.49999999999983 -760.8333333333335
509.1666666666665 -767.5000000000001
502.49999999999983 -760.8333333333335
502.49999999999983 -760.8333333333335
516.6666666666665 -772.5000000000001
501.66666666666646 -760.0000000000001
502.49999999999983 -760.8333333333335
502.49999999999983 -760.8333333333335
502.49999999999983 -760.8333333333335
502.49999999999983 -760.8333333333335
508.33333333333326 -766.6666666666667
502.49999999999983 -760.8333333333335
502.49999999999983 -760.8333333333335
508.33333333333326 -766.6666666666667
501.66666666666646 -760.0000000000001
504.1666666666664 -761.6666666666669
509.1666666666665 -767.5000000000001
502.49999999999983 -760.8333333333335
502.49999999999983 -760.8333333333335
502.49999999999983 -760.8333333333335
505.83333333333314 -764.1666666666669
502.49999999999983 -760.8333333333335
500.83333333333314 -759.1666666666666
502.49999999999983 -760.8333333333335
502.49999999999983 -760.8333333333335
502.49999999999983 -760.8333333333335
502.49999999999983 -760.8333333333335
502.49999999999983 -760.8333333333335
502.49999999999983 -760.8333333333335
508.33333333333326 -766.6666666666667
508.33333333333314 -765.8333333333334
502.49999999999983 -760.8333333333335
502.49999999999983 -760.8333333333335
508.33333333333326 -766.6666666666667
502.49999999999983 -760.8333333333335
502.49999999999983 -760.8333333333335
502.49999999999983 -760.8333333333335
502.49999999999983 -760.8333333333335
502.49999999999983 -760.8333333333335
502.49999999999983 -760.8333333333335
502.49999999999983 -760.8333333333335
502.49999999999983 -760.8333333333335
505.83333333333314 -764.1666666666669
508.33333333333326 -766.6666666666667
502.49999999999983 -760.8333333333335
502.49999999999983 -760.8333333333335
508.33333333333326 -766.6666666666667
500.83333333333314 -759.1666666666666
501.66666666666646 -760.0000000000001
502.49999999999983 -760.8333333333335
502.49999999999983 -760.8333333333335
502.49999999999983 -760.8333333333335
500.83333333333314 -759.1666666666666
502.49999999999983 -760.8333333333335
509.1666666666665 -767.5000000000001
508.33333333333326 -766.6666666666667
502.49999999999983 -760.8333333333335
508.33333333333326 -766.6666666666667
502.49999999999983 -760.8333333333335
502.49999999999983 -760.8333333333335
501.66666666666646 -760.0000000000001
502.49999999999983 -760.8333333333335
500.83333333333314 -759.1666666666666
502.49999999999983 -760.8333333333335
502.49999999999983 -760.8333333333335
502.49999999999983 -760.8333333333335
508.33333333333326 -766.6666666666667
509.1666666666665 -767.5000000000001
502.49999999999983 -760.8333333333335
509.1666666666665 -767.5000000000001
505.83333333333314 -764.1666666666669
502.49999999999983 -760.8333333333335
500.83333333333314 -759.1666666666666
502.49999999999983 -760.8333333333335
508.33333333333326 -766.6666666666667
502.49999999999983 -760.8333333333335
502.49999999999983 -760.8333333333335
502.49999999999983 -760.8333333333335
502.49999999999983 -760.8333333333335
502.49999999999983 -760.8333333333335
502.49999999999983 -760.8333333333335
502.49999999999983 -760.8333333333335
508.33333333333326 -766.6666666666667
501.66666666666646 -760.0000000000001
512.4999999999998 -769.1666666666667
502.49999999999983 -760.8333333333335
502.49999999999983 -760.8333333333335
504.9999999999998 -763.3333333333335
502.49999999999983 -760.8333333333335
502.49999999999983 -760.8333333333335
502.49999999999983 -760.8333333333335
502.49999999999983 -760.8333333333335
502.49999999999983 -760.8333333333335
501.66666666666646 -760.0000000000001
506.6666666666665 -765.0000000000001
502.49999999999983 -760.8333333333335
508.33333333333326 -766.6666666666667
508.33333333333326 -766.6666666666667
502.49999999999983 -760.8333333333335
504.9999999999998 -763.3333333333335
502.49999999999983 -760.8333333333335
502.49999999999983 -760.8333333333335
502.49999999999983 -760.8333333333335
502.49999999999983 -760.8333333333335
502.49999999999983 -760.8333333333335
502.49999999999983 -760.8333333333335
502.49999999999983 -760.8333333333335
502.49999999999983 -760.8333333333335
502.49999999999983 -760.8333333333335
502.49999999999983 -760.8333333333335
502.49999999999983 -760.8333333333335
502.49999999999983 -760.8333333333335
502.49999999999983 -760.8333333333335
505.83333333333314 -764.1666666666669
502.49999999999983 -760.8333333333335
500.83333333333314 -759.1666666666666
502.49999999999983 -760.8333333333335
502.49999999999983 -760.8333333333335
502.49999999999983 -760.8333333333335
502.49999999999983 -760.8333333333335
502.49999999999983 -760.8333333333335
502.49999999999983 -760.8333333333335
504.9999999999998 -763.3333333333335
502.49999999999983 -760.8333333333335
502.49999999999983 -760.8333333333335
501.66666666666646 -760.0000000000001
502.49999999999983 -760.8333333333335
512.4999999999999 -770.8333333333334
509.9999999999999 -768.3333333333334
516.6666666666665 -772.5000000000001
508.33333333333326 -766.6666666666667
