499.1666666666666 -740.0
516.6666666666665 -773.3333333333334
516.6666666666665 -773.3333333333334
499.1666666666666 -740.0
499.9999999999999 -743.3333333333334
500.83333333333314 -759.1666666666666
512.4999999999999 -771.6666666666667
512.4999999999998 -770.0
509.1666666666666 -768.3333333333334
505.83333333333314 -765.0000000000001
499.9999999999999 -743.3333333333334
508.33333333333314 -767.5
505.83333333333314 -765.0000000000001
504.1666666666664 -762.5000000000001
502.49999999999983 -760.8333333333335
502.49999999999983 -760.8333333333335
509.1666666666666 -768.3333333333334
508.33333333333314 -767.5
501.66666666666646 -760.0000000000001
500.83333333333314 -759.1666666666666
501.66666666666646 -760.0000000000001
504.16666666666646 -763.3333333333335
512.4999999999999 -771.6666666666667
512.4999999999998 -770.0
504.1666666666664 -762.5000000000001
504.9999999999998 -764.1666666666667
508.33333333333326 -767.5000000000001
504.99999999999983 -764.1666666666669
508.33333333333326 -767.5000000000001
504.16666666666646 -763.3333333333335
504.99999999999983 -764.1666666666669
504.9999999999998 -764.1666666666667
516.6666666666665 -773.3333333333334
499.1666666666666 -740.0
499.9999999999999 -743.3333333333334
505.83333333333314 -765.0000000000001
502.49999999999983 -760.8333333333335
509.1666666666666 -768.3333333333334
508.33333333333314 -767.5
500.83333333333314 -759.1666666666666
501.66666666666646 -760.0000000000001
512.4999999999999 -771.6666666666667
512.4999999999998 -770.0
504.1666666666664 -762.5000000000001
508.33333333333326 -767.5000000000001
504.16666666666646 -763.3333333333335
504.99999999999983 -764.1666666666669
504.9999999999998 -764.1666666666667
499.1666666666666 -740.0
516.6666666666665 -773.3333333333334
499.9999999999999 -743.3333333333334
505.83333333333314 -765.0000000000001
502.49999999999983 -760.8333333333335
509.1666666666666 -768.3333333333334
508.33333333333314 -767.5
500.83333333333314 -759.1666666666666
501.66666666666646 -760.0000000000001
512.4999999999999 -771.6666666666667
512.4999999999998 -770.0
504.1666666666664 -762.5000000000001
508.33333333333326 -767.5000000000001
504.16666666666646 -763.3333333333335
504.99999999999983 -764.1666666666669
504.9999999999998 -764.1666666666667
516.6666666666665 -773.3333333333334
499.1666666666666 -740.0
499.9999999999999 -743.3333333333334
505.83333333333314 -765.0000000000001
502.49999999999983 -760.8333333333335
509.1666666666666 -768.3333333333334
508.33333333333314 -767.5
500.83333333333314 -759.1666666666666
501.66666666666646 -760.0000000000001
512.4999999999999 -771.6666666666667
512.4999999999998 -770.0
504.1666666666664 -762.5000000000001
508.33333333333326 -767.5000000000001
504.16666666666646 -763.3333333333335
504.99999999999983 -764.1666666666669
504.9999999999998 -764.1666666666667
499.1666666666666 -740.0
516.6666666666665 -773.3333333333334
499.9999999999999 -743.3333333333334
505.83333333333314 -765.0000000000001
502.49999999999983 -760.8333333333335
509.1666666666666 -768.3333333333334
508.33333333333314 -767.5
500.83333333333314 -759.1666666666666
501.66666666666646 -760.0000000000001
512.4999999999999 -771.6666666666667
512.4999999999998 -770.0
508.33333333333326 -767.5000000000001
504.16666666666646 -763.3333333333335
504.99999999999983 -764.1666666666669
504.9999999999998 -764.1666666666667
516.6666666666665 -773.3333333333334
499.1666666666666 -740.0
499.9999999999999 -743.3333333333334
505.83333333333314 -765.0000000000001
502.49999999999983 -760.8333333333335
509.1666666666666 -768.3333333333334
508.33333333333314 -767.5
500.83333333333314 -759.1666666666666
501.66666666666646 -760.0000000000001
512.4999999999999 -771.6666666666667
512.4999999999998 -770.0
508.33333333333326 -767.5000000000001
504.16666666666646 -763.3333333333335
504.99999999999983 -764.1666666666669
504.9999999999998 -764.1666666666667
499.1666666666666 -740.0
516.6666666666665 -773.3333333333334
499.9999999999999 -743.3333333333334
505.83333333333314 -765.0000000000001
502.49999999999983 -760.8333333333335
509.1666666666666 -768.3333333333334
508.33333333333314 -767.5
500.83333333333314 -759.1666666666666
501.66666666666646 -760.0000000000001
512.4999999999999 -771.6666666666667
512.4999999999998 -770.0
508.33333333333326 -767.5000000000001
504.16666666666646 -763.3333333333335
504.99999999999983 -764.1666666666669
504.9999999999998 -764.1666666666667
516.6666666666665 -773.3333333333334
499.1666666666666 -740.0
499.9999999999999 -743.3333333333334
505.83333333333314 -765.0000000000001
502.49999999999983 -760.8333333333335
509.1666666666666 -768.3333333333334
508.33333333333314 -767.5
500.83333333333314 -759.1666666666666
501.66666666666646 -760.0000000000001
512.4999999999999 -771.6666666666667
512.4999999999998 -770.0
508.33333333333326 -767.5000000000001
504.16666666666646 -763.3333333333335
504.99999999999983 -764.1666666666669
504.9999999999998 -764.1666666666667
499.1666666666666 -740.0
516.6666666666665 -773.3333333333334
499.9999999999999 -743.3333333333334
505.83333333333314 -765.0000000000001
502.49999999999983 -760.8333333333335
509.1666666666666 -768.3333333333334
508.33333333333314 -767.5
500.83333333333314 -759.1666666666666
501.66666666666646 -760.0000000000001
512.4999999999999 -771.6666666666667
512.4999999999998 -770.0
508.33333333333326 -767.5000000000001
504.16666666666646 -763.3333333333335
504.99999999999983 -764.1666666666669
504.9999999999998 -764.1666666666667
516.6666666666665 -773.3333333333334
499.1666666666666 -740.0
499.9999999999999 -743.3333333333334
505.83333333333314 -765.0000000000001
502.49999999999983 -760.8333333333335
509.1666666666666 -768.3333333333334
508.33333333333314 -767.5
500.83333333333314 -759.1666666666666
501.66666666666646 -760.0000000000001
512.4999999999999 -771.6666666666667
512.4999999999998 -770.0
508.33333333333326 -767.5000000000001
504.16666666666646 -763.3333333333335
504.99999999999983 -764.1666666666669
504.9999999999998 -764.1666666666667
516.6666666666665 -773.3333333333334
499.1666666666666 -740.0
499.9999999999999 -743.3333333333334
505.83333333333314 -765.0000000000001
502.49999999999983 -760.8333333333335
509.1666666666666 -768.3333333333334
508.33333333333314 -767.5
500.83333333333314 -759.1666666666666
501.66666666666646 -760.0000000000001
512.4999999999999 -771.6666666666667
512.4999999999998 -770.0
508.33333333333326 -767.5000000000001
504.16666666666646 -763.3333333333335
504.99999999999983 -764.1666666666669
504.9999999999998 -764.1666666666667
516.6666666666665 -773.3333333333334
499.1666666666666 -740.0
499.9999999999999 -743.3333333333334
505.83333333333314 -765.0000000000001
502.49999999999983 -760.8333333333335
509.1666666666666 -768.3333333333334
508.33333333333314 -767.5
500.83333333333314 -759.1666666666666
501.66666666666646 -760.0000000000001
512.4999999999999 -771.6666666666667
512.4999999999998 -770.0
508.33333333333326 -767.5000000000001
504.16666666666646 -763.3333333333335
504.99999999999983 -764.1666666666669
504.9999999999998 -764.1666666666667
