499.1666666666666 -740.0
520.0 -775.8333333333335
520.0 -775.8333333333335
499.1666666666666 -740.0
499.9999999999999 -744.1666666666666
500.83333333333314 -759.1666666666666
508.33333333333314 -768.3333333333334
512.4999999999999 -772.5000000000001
516.6666666666665 -773.3333333333334
517.5 -775.0000000000001
512.4999999999998 -770.0
509.1666666666666 -769.1666666666667
505.83333333333314 -765.0000000000001
505.83333333333314 -765.0000000000001
504.1666666666664 -762.5000000000001
502.49999999999983 -760.8333333333335
502.49999999999983 -760.8333333333335
501.66666666666646 -760.0000000000001
516.6666666666665 -773.3333333333334
509.1666666666666 -769.1666666666667
500.83333333333314 -759.1666666666666
501.66666666666646 -760.0000000000001
504.16666666666646 -763.3333333333335
504.1666666666664 -762.5000000000001
504.9999999999998 -764.1666666666667
504.99999999999983 -764.1666666666669
512.4999999999999 -772.5000000000001
512.4999999999998 -770.0
504.16666666666646 -763.3333333333335
504.99999999999983 -764.1666666666669
504.9999999999998 -764.1666666666667
499.1666666666666 -740.0
520.0 -775.8333333333335
505.83333333333314 -765.0000000000001
502.49999999999983 -760.8333333333335
516.6666666666665 -773.3333333333334
509.1666666666666 -769.1666666666667
500.83333333333314 -759.1666666666666
501.66666666666646 -760.0000000000001
504.1666666666664 -762.5000000000001
512.4999999999999 -772.5000000000001
512.4999999999998 -770.0
504.16666666666646 -763.3333333333335
504.99999999999983 -764.1666666666669
504.9999999999998 -764.1666666666667
520.0 -775.8333333333335
499.1666666666666 -740.0
505.83333333333314 -765.0000000000001
502.49999999999983 -760.8333333333335
516.6666666666665 -773.3333333333334
509.1666666666666 -769.1666666666667
500.83333333333314 -759.1666666666666
501.66666666666646 -760.0000000000001
504.1666666666664 -762.5000000000001
512.4999999999999 -772.5000000000001
512.4999999999998 -770.0
504.16666666666646 -763.3333333333335
504.99999999999983 -764.1666666666669
504.9999999999998 -764.1666666666667
499.1666666666666 -740.0
505.83333333333314 -765.0000000000001
502.49999999999983 -760.8333333333335
516.6666666666665 -773.3333333333334
500.83333333333314 -759.1666666666666
501.66666666666646 -760.0000000000001
509.1666666666666 -769.1666666666667
504.1666666666664 -762.5000000000001
512.4999999999998 -770.0
504.16666666666646 -763.3333333333335
504.99999999999983 -764.1666666666669
504.9999999999998 -764.1666666666667
499.1666666666666 -740.0
505.83333333333314 -765.0000000000001
502.49999999999983 -760.8333333333335
516.6666666666665 -773.3333333333334
500.83333333333314 -759.1666666666666
501.66666666666646 -760.0000000000001
504.1666666666664 -762.5000000000001
512.4999999999998 -770.0
504.16666666666646 -763.3333333333335
504.99999999999983 -764.1666666666669
504.9999999999998 -764.1666666666667
499.1666666666666 -740.0
505.83333333333314 -765.0000000000001
502.49999999999983 -760.8333333333335
516.6666666666665 -773.3333333333334
500.83333333333314 -759.1666666666666
501.66666666666646 -760.0000000000001
504.1666666666664 -762.5000000000001
512.4999999999998 -770.0
504.16666666666646 -763.3333333333335
504.99999999999983 -764.1666666666669
504.9999999999998 -764.1666666666667
499.1666666666666 -740.0
505.83333333333314 -765.0000000000001
502.49999999999983 -760.8333333333335
516.6666666666665 -773.3333333333334
500.83333333333314 -759.1666666666666
501.66666666666646 -760.0000000000001
504.1666666666664 -762.5000000000001
512.4999999999998 -770.0
504.16666666666646 -763.3333333333335
504.99999999999983 -764.1666666666669
504.9999999999998 -764.1666666666667
499.1666666666666 -740.0
505.83333333333314 -765.0000000000001
502.49999999999983 -760.8333333333335
516.6666666666665 -773.3333333333334
500.83333333333314 -759.1666666666666
501.66666666666646 -760.0000000000001
512.4999999999998 -770.0
504.16666666666646 -763.3333333333335
504.99999999999983 -764.1666666666669
504.9999999999998 -764.1666666666667
499.1666666666666 -740.0
505.83333333333314 -765.0000000000001
502.49999999999983 -760.8333333333335
516.6666666666665 -773.3333333333334
500.83333333333314 -759.1666666666666
501.66666666666646 -760.0000000000001
512.4999999999998 -770.0
504.16666666666646 -763.3333333333335
504.99999999999983 -764.1666666666669
504.9999999999998 -764.1666666666667
499.1666666666666 -740.0
505.83333333333314 -765.0000000000001
502.49999999999983 -760.8333333333335
516.6666666666665 -773.3333333333334
500.83333333333314 -759.1666666666666
501.66666666666646 -760.0000000000001
512.4999999999998 -770.0
504.16666666666646 -763.3333333333335
504.99999999999983 -764.1666666666669
504.9999999999998 -764.1666666666667
499.1666666666666 -740.0
505.83333333333314 -765.0000000000001
502.49999999999983 -760.8333333333335
516.6666666666665 -773.3333333333334
500.83333333333314 -759.1666666666666
501.66666666666646 -760.0000000000001
512.4999999999998 -770.0
504.16666666666646 -763.3333333333335
504.99999999999983 -764.1666666666669
504.9999999999998 -764.1666666666667
499.1666666666666 -740.0
505.83333333333314 -765.0000000000001
502.49999999999983 -760.8333333333335
516.6666666666665 -773.3333333333334
500.83333333333314 -759.1666666666666
501.66666666666646 -760.0000000000001
512.4999999999998 -770.0
504.16666666666646 -763.3333333333335
504.99999999999983 -764.1666666666669
504.9999999999998 -764.1666666666667
499.1666666666666 -740.0
505.83333333333314 -765.0000000000001
502.49999999999983 -760.8333333333335
516.6666666666665 -773.3333333333334
500.83333333333314 -759.1666666666666
501.66666666666646 -760.0000000000001
512.4999999999998 -770.0
504.16666666666646 -763.3333333333335
504.99999999999983 -764.1666666666669
504.9999999999998 -764.1666666666667
499.1666666666666 -740.0
505.83333333333314 -765.0000000000001
502.49999999999983 -760.8333333333335
516.6666666666665 -773.3333333333334
500.83333333333314 -759.1666666666666
501.66666666666646 -760.0000000000001
512.4999999999998 -770.0
504.16666666666646 -763.3333333333335
504.99999999999983 -764.1666666666669
504.9999999999998 -764.1666666666667
499.1666666666666 -740.0
505.83333333333314 -765.0000000000001
502.49999999999983 -760.8333333333335
516.6666666666665 -773.3333333333334
500.83333333333314 -759.1666666666666
501.66666666666646 -760.0000000000001
512.4999999999998 -770.0
504.16666666666646 -763.3333333333335
504.99999999999983 -764.1666666666669
504.9999999999998 -764.1666666666667
499.1666666666666 -740.0
505.83333333333314 -765.0000000000001
502.49999999999983 -760.8333333333335
516.6666666666665 -773.3333333333334
500.83333333333314 -759.1666666666666
501.66666666666646 -760.0000000000001
512.4999999999998 -770.0
504.16666666666646 -763.3333333333335
504.99999999999983 -764.1666666666669
504.9999999999998 -764.1666666666667
499.1666666666666 -740.0
505.83333333333314 -765.0000000000001
502.49999999999983 -760.8333333333335
501.66666666666646 -760.0000000000001
512.4999999999998 -770.0
504.16666666666646 -763.3333333333335
