499.1666666666666 -740.8333333333333
521.6666666666667 -776.6666666666667
521.6666666666667 -776.6666666666667
499.1666666666666 -740.8333333333333
499.9999999999999 -744.1666666666666
500.83333333333314 -760.0
515.8333333333333 -775.0000000000001
503.3333333333331 -764.1666666666667
519.1666666666667 -775.8333333333334
499.9999999999999 -744.1666666666666
507.49999999999983 -768.3333333333334
502.49999999999983 -761.6666666666667
514.9999999999999 -774.1666666666667
509.99999999999994 -770.0000000000002
513.3333333333333 -773.3333333333335
511.66666666666663 -770.8333333333335
512.4999999999999 -772.5000000000001
506.6666666666665 -766.6666666666667
520.0 -775.8333333333335
504.9999999999998 -765.0
511.6666666666666 -770.8333333333334
509.1666666666666 -769.1666666666669
501.66666666666646 -760.8333333333334
509.1666666666666 -769.1666666666669
508.33333333333314 -768.3333333333335
501.66666666666646 -760.8333333333334
513.3333333333333 -773.3333333333335
514.9999999999999 -774.1666666666667
500.83333333333314 -760.0
512.4999999999999 -772.5000000000001
502.49999999999983 -761.6666666666667
506.6666666666665 -766.6666666666667
509.99999999999994 -770.0000000000002
520.0 -775.8333333333335
519.1666666666667 -775.8333333333334
508.33333333333314 -768.3333333333335
505.83333333333314 -765.8333333333334
504.99999999999983 -765.0000000000001
505.8333333333332 -765.8333333333335
505.8333333333332 -765.8333333333335
504.99999999999983 -765.0000000000001
504.9999999999998 -765.0
505.83333333333314 -765.8333333333334
511.6666666666666 -770.8333333333334
521.6666666666667 -776.6666666666667
499.1666666666666 -740.8333333333333
499.9999999999999 -744.1666666666666
509.1666666666666 -769.1666666666669
512.4999999999999 -772.5000000000001
501.66666666666646 -760.8333333333334
513.3333333333333 -773.3333333333335
514.9999999999999 -774.1666666666667
500.83333333333314 -760.0
502.49999999999983 -761.6666666666667
506.6666666666665 -766.6666666666667
509.99999999999994 -770.0000000000002
520.0 -775.8333333333335
519.1666666666667 -775.8333333333334
511.6666666666666 -770.8333333333334
505.8333333333332 -765.8333333333335
504.99999999999983 -765.0000000000001
505.83333333333314 -765.8333333333334
504.9999999999998 -765.0
521.6666666666667 -776.6666666666667
499.1666666666666 -740.8333333333333
499.9999999999999 -744.1666666666666
509.1666666666666 -769.1666666666669
512.4999999999999 -772.5000000000001
501.66666666666646 -760.8333333333334
514.9999999999999 -774.1666666666667
500.83333333333314 -760.0
502.49999999999983 -761.6666666666667
506.6666666666665 -766.6666666666667
509.99999999999994 -770.0000000000002
520.0 -775.8333333333335
519.1666666666667 -775.8333333333334
511.6666666666666 -770.8333333333334
505.8333333333332 -765.8333333333335
504.99999999999983 -765.0000000000001
505.83333333333314 -765.8333333333334
504.9999999999998 -765.0
499.1666666666666 -740.8333333333333
521.6666666666667 -776.6666666666667
499.9999999999999 -744.1666666666666
509.1666666666666 -769.1666666666669
512.4999999999999 -772.5000000000001
501.66666666666646 -760.8333333333334
514.9999999999999 -774.1666666666667
500.83333333333314 -760.0
502.49999999999983 -761.6666666666667
506.6666666666665 -766.6666666666667
509.99999999999994 -770.0000000000002
520.0 -775.8333333333335
519.1666666666667 -775.8333333333334
511.6666666666666 -770.8333333333334
505.8333333333332 -765.8333333333335
504.99999999999983 -765.0000000000001
505.83333333333314 -765.8333333333334
504.9999999999998 -765.0
521.6666666666667 -776.6666666666667
499.1666666666666 -740.8333333333333
499.9999999999999 -744.1666666666666
509.1666666666666 -769.1666666666669
501.66666666666646 -760.8333333333334
500.83333333333314 -760.0
514.9999999999999 -774.1666666666667
502.49999999999983 -761.6666666666667
512.4999999999999 -772.5000000000001
509.99999999999994 -770.0000000000002
520.0 -775.8333333333335
519.1666666666667 -775.8333333333334
511.6666666666666 -770.8333333333334
505.8333333333332 -765.8333333333335
504.99999999999983 -765.0000000000001
504.9999999999998 -765.0
505.83333333333314 -765.8333333333334
499.1666666666666 -740.8333333333333
499.9999999999999 -744.1666666666666
509.1666666666666 -769.1666666666669
501.66666666666646 -760.8333333333334
500.83333333333314 -760.0
514.9999999999999 -774.1666666666667
502.49999999999983 -761.6666666666667
512.4999999999999 -772.5000000000001
509.99999999999994 -770.0000000000002
520.0 -775.8333333333335
519.1666666666667 -775.8333333333334
511.6666666666666 -770.8333333333334
504.99999999999983 -765.0000000000001
504.9999999999998 -765.0
505.83333333333314 -765.8333333333334
499.1666666666666 -740.8333333333333
514.9999999999999 -774.1666666666667
499.9999999999999 -744.1666666666666
512.4999999999999 -772.5000000000001
509.1666666666666 -769.1666666666669
501.66666666666646 -760.8333333333334
500.83333333333314 -760.0
502.49999999999983 -761.6666666666667
509.99999999999994 -770.0000000000002
520.0 -775.8333333333335
519.1666666666667 -775.8333333333334
511.6666666666666 -770.8333333333334
504.99999999999983 -765.0000000000001
505.83333333333314 -765.8333333333334
504.9999999999998 -765.0
499.1666666666666 -740.8333333333333
514.9999999999999 -774.1666666666667
499.9999999999999 -744.1666666666666
512.4999999999999 -772.5000000000001
509.1666666666666 -769.1666666666669
501.66666666666646 -760.8333333333334
500.83333333333314 -760.0
502.49999999999983 -761.6666666666667
520.0 -775.8333333333335
519.1666666666667 -775.8333333333334
511.6666666666666 -770.8333333333334
504.99999999999983 -765.0000000000001
504.9999999999998 -765.0
505.83333333333314 -765.8333333333334
499.1666666666666 -740.8333333333333
499.9999999999999 -744.1666666666666
512.4999999999999 -772.5000000000001
509.1666666666666 -769.1666666666669
501.66666666666646 -760.8333333333334
500.83333333333314 -760.0
502.49999999999983 -761.6666666666667
520.0 -775.8333333333335
519.1666666666667 -775.8333333333334
511.6666666666666 -770.8333333333334
504.99999999999983 -765.0000000000001
505.83333333333314 -765.8333333333334
504.9999999999998 -765.0
499.1666666666666 -740.8333333333333
499.9999999999999 -744.1666666666666
512.4999999999999 -772.5000000000001
509.1666666666666 -769.1666666666669
501.66666666666646 -760.8333333333334
500.83333333333314 -760.0
502.49999999999983 -761.6666666666667
520.0 -775.8333333333335
519.1666666666667 -775.8333333333334
511.6666666666666 -770.8333333333334
504.99999999999983 -765.0000000000001
504.9999999999998 -765.0
505.83333333333314 -765.8333333333334
499.1666666666666 -740.8333333333333
499.9999999999999 -744.1666666666666
512.4999999999999 -772.5000000000001
509.1666666666666 -769.1666666666669
501.66666666666646 -760.8333333333334
500.83333333333314 -760.0
502.49999999999983 -761.6666666666667
520.0 -775.8333333333335
519.1666666666667 -775.8333333333334
511.6666666666666 -770.8333333333334
504.99999999999983 -765.0000000000001
504.9999999999998 -765.0
505.83333333333314 -765.8333333333334
499.1666666666666 -740.8333333333333
