499.1666666666666 -741.6666666666666
517.5 -776.6666666666667
517.5 -776.6666666666667
499.1666666666666 -741.6666666666666
499.9999999999999 -745.0
500.83333333333314 -760.8333333333334
501.66666666666646 -762.5
514.9999999999998 -775.8333333333335
499.9999999999999 -745.0
500.83333333333314 -760.8333333333334
505.8333333333331 -766.6666666666669
502.49999999999983 -763.3333333333334
505.8333333333331 -766.6666666666669
512.4999999999998 -773.3333333333335
504.9999999999997 -765.8333333333335
504.9999999999997 -765.8333333333335
504.1666666666664 -765.0000000000001
504.1666666666664 -765.0000000000001
503.3333333333331 -764.1666666666667
506.66666666666646 -767.5000000000002
506.66666666666646 -767.5000000000002
503.3333333333331 -764.1666666666667
511.66666666666646 -772.5000000000001
514.1666666666665 -775.0000000000001
502.49999999999983 -763.3333333333334
512.4999999999998 -773.3333333333335
507.4999999999998 -768.3333333333335
509.99999999999983 -770.8333333333335
507.4999999999998 -768.3333333333335
511.66666666666646 -772.5000000000001
509.99999999999983 -770.8333333333335
514.9999999999998 -775.8333333333335
514.1666666666665 -775.0000000000001
513.3333333333331 -774.1666666666667
510.83333333333314 -771.6666666666667
508.3333333333331 -769.1666666666667
509.16666666666646 -770.0000000000001
509.1666666666665 -770.0000000000002
508.33333333333314 -769.1666666666669
513.3333333333333 -774.1666666666669
510.8333333333332 -771.6666666666669
513.3333333333333 -774.1666666666669
513.3333333333331 -774.1666666666667
509.1666666666665 -770.0000000000002
508.33333333333314 -769.1666666666669
510.8333333333332 -771.6666666666669
508.3333333333331 -769.1666666666667
509.16666666666646 -770.0000000000001
510.83333333333314 -771.6666666666667
517.5 -776.6666666666667
499.1666666666666 -741.6666666666666
500.83333333333314 -760.8333333333334
505.8333333333331 -766.6666666666669
504.9999999999997 -765.8333333333335
504.1666666666664 -765.0000000000001
506.66666666666646 -767.5000000000002
503.3333333333331 -764.1666666666667
502.49999999999983 -763.3333333333334
512.4999999999998 -773.3333333333335
511.66666666666646 -772.5000000000001
507.4999999999998 -768.3333333333335
509.99999999999983 -770.8333333333335
514.9999999999998 -775.8333333333335
514.1666666666665 -775.0000000000001
513.3333333333333 -774.1666666666669
513.3333333333331 -774.1666666666667
509.1666666666665 -770.0000000000002
508.33333333333314 -769.1666666666669
510.8333333333332 -771.6666666666669
510.83333333333314 -771.6666666666667
508.3333333333331 -769.1666666666667
509.16666666666646 -770.0000000000001
517.5 -776.6666666666667
499.1666666666666 -741.6666666666666
500.83333333333314 -760.8333333333334
505.8333333333331 -766.6666666666669
504.9999999999997 -765.8333333333335
504.1666666666664 -765.0000000000001
506.66666666666646 -767.5000000000002
503.3333333333331 -764.1666666666667
502.49999999999983 -763.3333333333334
512.4999999999998 -773.3333333333335
511.66666666666646 -772.5000000000001
509.99999999999983 -770.8333333333335
507.4999999999998 -768.3333333333335
514.9999999999998 -775.8333333333335
514.1666666666665 -775.0000000000001
513.3333333333333 -774.1666666666669
513.3333333333331 -774.1666666666667
508.33333333333314 -769.1666666666669
509.1666666666665 -770.0000000000002
510.8333333333332 -771.6666666666669
508.3333333333331 -769.1666666666667
509.16666666666646 -770.0000000000001
510.83333333333314 -771.6666666666667
499.1666666666666 -741.6666666666666
517.5 -776.6666666666667
500.83333333333314 -760.8333333333334
505.8333333333331 -766.6666666666669
504.9999999999997 -765.8333333333335
504.1666666666664 -765.0000000000001
506.66666666666646 -767.5000000000002
503.3333333333331 -764.1666666666667
512.4999999999998 -773.3333333333335
511.66666666666646 -772.5000000000001
507.4999999999998 -768.3333333333335
509.99999999999983 -770.8333333333335
514.9999999999998 -775.8333333333335
514.1666666666665 -775.0000000000001
513.3333333333333 -774.1666666666669
513.3333333333331 -774.1666666666667
509.1666666666665 -770.0000000000002
508.33333333333314 -769.1666666666669
510.8333333333332 -771.6666666666669
510.83333333333314 -771.6666666666667
509.16666666666646 -770.0000000000001
508.3333333333331 -769.1666666666667
517.5 -776.6666666666667
499.1666666666666 -741.6666666666666
505.8333333333331 -766.6666666666669
504.9999999999997 -765.8333333333335
504.1666666666664 -765.0000000000001
506.66666666666646 -767.5000000000002
503.3333333333331 -764.1666666666667
512.4999999999998 -773.3333333333335
511.66666666666646 -772.5000000000001
507.4999999999998 -768.3333333333335
509.99999999999983 -770.8333333333335
514.9999999999998 -775.8333333333335
514.1666666666665 -775.0000000000001
513.3333333333333 -774.1666666666669
513.3333333333331 -774.1666666666667
508.33333333333314 -769.1666666666669
509.1666666666665 -770.0000000000002
510.8333333333332 -771.6666666666669
510.83333333333314 -771.6666666666667
509.16666666666646 -770.0000000000001
508.3333333333331 -769.1666666666667
499.1666666666666 -741.6666666666666
517.5 -776.6666666666667
505.8333333333331 -766.6666666666669
504.9999999999997 -765.8333333333335
504.1666666666664 -765.0000000000001
506.66666666666646 -767.5000000000002
503.3333333333331 -764.1666666666667
512.4999999999998 -773.3333333333335
511.66666666666646 -772.5000000000001
509.99999999999983 -770.8333333333335
507.4999999999998 -768.3333333333335
514.9999999999998 -775.8333333333335
514.1666666666665 -775.0000000000001
513.3333333333333 -774.1666666666669
513.3333333333331 -774.1666666666667
508.33333333333314 -769.1666666666669
509.1666666666665 -770.0000000000002
510.8333333333332 -771.6666666666669
510.83333333333314 -771.6666666666667
508.3333333333331 -769.1666666666667
509.16666666666646 -770.0000000000001
517.5 -776.6666666666667
499.1666666666666 -741.6666666666666
505.8333333333331 -766.6666666666669
504.9999999999997 -765.8333333333335
504.1666666666664 -765.0000000000001
506.66666666666646 -767.5000000000002
503.3333333333331 -764.1666666666667
512.4999999999998 -773.3333333333335
511.66666666666646 -772.5000000000001
509.99999999999983 -770.8333333333335
507.4999999999998 -768.3333333333335
514.9999999999998 -775.8333333333335
514.1666666666665 -775.0000000000001
513.3333333333333 -774.1666666666669
513.3333333333331 -774.1666666666667
509.1666666666665 -770.0000000000002
508.33333333333314 -769.1666666666669
510.8333333333332 -771.6666666666669
510.83333333333314 -771.6666666666667
509.16666666666646 -770.0000000000001
508.3333333333331 -769.1666666666667
517.5 -776.6666666666667
499.1666666666666 -741.6666666666666
505.8333333333331 -766.6666666666669
504.9999999999997 -765.8333333333335
504.1666666666664 -765.0000000000001
506.66666666666646 -767.5000000000002
503.3333333333331 -764.1666666666667
512.4999999999998 -773.3333333333335
511.66666666666646 -772.5000000000001
507.4999999999998 -768.3333333333335
509.99999999999983 -770.8333333333335
514.9999999999998 -775.8333333333335
514.1666666666665 -775.0000000000001
513.3333333333333 -774.1666666666669
513.3333333333331 -774.1666666666667
509.1666666666665 -770.0000000000002
508.33333333333314 -769.1666666666669
510.8333333333332 -771.6666666666669
510.83333333333314 -771.6666666666667
509.16666666666646 -770.0000000000001
