499.1666666666666 -742.5
517.5 -781.6666666666666
499.1666666666666 -742.5
499.9999999999999 -745.8333333333334
500.83333333333314 -761.6666666666666
513.3333333333333 -777.5000000000001
516.6666666666665 -780.8333333333333
509.99999999999983 -773.3333333333336
516.6666666666665 -780.8333333333333
499.9999999999999 -745.8333333333334
511.6666666666665 -775.0000000000001
512.4999999999998 -775.8333333333335
511.6666666666665 -775.0000000000001
512.4999999999998 -775.8333333333335
501.66666666666646 -762.5
501.66666666666646 -762.5
509.16666666666646 -772.5000000000002
500.83333333333314 -761.6666666666666
509.16666666666646 -772.5000000000002
499.1666666666666 -742.5
499.9999999999999 -745.8333333333334
511.6666666666665 -775.0000000000001
501.66666666666646 -762.5
500.83333333333314 -761.6666666666666
499.1666666666666 -742.5
499.9999999999999 -745.8333333333334
501.66666666666646 -762.5
500.83333333333314 -761.6666666666666
499.1666666666666 -742.5
499.9999999999999 -745.8333333333334
501.66666666666646 -762.5
500.83333333333314 -761.6666666666666
499.1666666666666 -742.5
499.9999999999999 -745.8333333333334
501.66666666666646 -762.5
500.83333333333314 -761.6666666666666
499.1666666666666 -742.5
499.9999999999999 -745.8333333333334
501.66666666666646 -762.5
500.83333333333314 -761.6666666666666
499.1666666666666 -742.5
499.9999999999999 -745.8333333333334
501.66666666666646 -762.5
500.83333333333314 -761.6666666666666
499.1666666666666 -742.5
499.9999999999999 -745.8333333333334
501.66666666666646 -762.5
500.83333333333314 -761.6666666666666
499.1666666666666 -742.5
499.9999999999999 -745.8333333333334
501.66666666666646 -762.5
500.83333333333314 -761.6666666666666
499.1666666666666 -742.5
499.9999999999999 -745.8333333333334
501.66666666666646 -762.5
500.83333333333314 -761.6666666666666
499.1666666666666 -742.5
499.9999999999999 -745.8333333333334
501.66666666666646 -762.5
500.83333333333314 -761.6666666666666
499.1666666666666 -742.5
501.66666666666646 -762.5
500.83333333333314 -761.6666666666666
501.66666666666646 -762.5
500.83333333333314 -761.6666666666666
501.66666666666646 -762.5
501.66666666666646 -762.5
501.66666666666646 -762.5
500.83333333333314 -761.6666666666666
511.6666666666665 -775.0000000000001
499.1666666666666 -742.5
501.66666666666646 -762.5
502.49999999999983 -764.1666666666667
500.83333333333314 -761.6666666666666
500.83333333333314 -761.6666666666666
511.6666666666665 -775.0000000000001
504.9999999999997 -770.8333333333335
512.4999999999998 -775.8333333333335
509.16666666666646 -772.5000000000002
509.99999999999983 -773.3333333333336
503.3333333333331 -767.5
505.8333333333331 -771.6666666666669
500.83333333333314 -761.6666666666666
509.99999999999983 -773.3333333333336
501.66666666666646 -762.5
499.9999999999999 -745.8333333333334
500.83333333333314 -761.6666666666666
500.83333333333314 -761.6666666666666
501.66666666666646 -762.5
511.6666666666665 -775.0000000000001
512.4999999999998 -775.8333333333335
509.16666666666646 -772.5000000000002
501.66666666666646 -762.5
509.16666666666646 -772.5000000000002
501.66666666666646 -762.5
504.1666666666664 -768.3333333333334
512.4999999999998 -775.8333333333335
509.16666666666646 -772.5000000000002
501.66666666666646 -762.5
511.6666666666665 -775.0000000000001
500.83333333333314 -761.6666666666666
500.83333333333314 -761.6666666666666
512.4999999999998 -775.8333333333335
501.66666666666646 -762.5
501.66666666666646 -762.5
500.83333333333314 -761.6666666666666
501.66666666666646 -762.5
500.83333333333314 -761.6666666666666
501.66666666666646 -762.5
500.83333333333314 -761.6666666666666
500.83333333333314 -761.6666666666666
508.3333333333331 -772.5000000000001
500.83333333333314 -761.6666666666666
501.66666666666646 -762.5
511.6666666666665 -775.0000000000001
512.4999999999998 -775.8333333333335
501.66666666666646 -762.5
501.66666666666646 -762.5
509.99999999999983 -773.3333333333336
499.9999999999999 -745.8333333333334
499.1666666666666 -742.5
503.3333333333331 -767.5
501.66666666666646 -762.5
512.4999999999998 -775.8333333333335
500.83333333333314 -761.6666666666666
501.66666666666646 -762.5
501.66666666666646 -762.5
499.1666666666666 -742.5
504.1666666666664 -768.3333333333334
511.6666666666665 -775.0000000000001
501.66666666666646 -762.5
501.66666666666646 -762.5
501.66666666666646 -762.5
500.83333333333314 -761.6666666666666
501.66666666666646 -762.5
500.83333333333314 -761.6666666666666
505.8333333333331 -771.6666666666669
