499.1666666666666 -745.0
513.3333333333333 -781.6666666666666
499.1666666666666 -745.0
513.3333333333333 -781.6666666666666
500.83333333333314 -765.0
499.9999999999999 -749.1666666666666
501.6666666666665 -765.8333333333334
508.33333333333314 -778.3333333333333
503.3333333333331 -771.6666666666665
507.4999999999998 -775.8333333333334
510.83333333333314 -779.1666666666665
499.9999999999999 -749.1666666666666
503.3333333333331 -771.6666666666665
512.4999999999998 -780.8333333333333
506.66666666666646 -774.9999999999999
508.33333333333314 -778.3333333333333
512.4999999999998 -780.8333333333333
511.66666666666646 -779.9999999999999
504.1666666666664 -772.4999999999999
511.66666666666646 -779.9999999999999
504.9999999999997 -772.5
505.8333333333331 -773.3333333333334
506.66666666666646 -774.9999999999999
510.83333333333314 -779.1666666666665
504.9999999999998 -773.3333333333333
505.83333333333314 -774.1666666666666
500.83333333333314 -765.0
504.1666666666664 -772.4999999999999
505.83333333333314 -774.1666666666666
504.9999999999998 -773.3333333333333
504.9999999999997 -772.5
505.8333333333331 -773.3333333333334
499.1666666666666 -745.0
513.3333333333333 -781.6666666666666
508.33333333333314 -778.3333333333333
512.4999999999998 -780.8333333333333
511.66666666666646 -779.9999999999999
506.66666666666646 -774.9999999999999
510.83333333333314 -779.1666666666665
503.3333333333331 -771.6666666666665
504.1666666666664 -772.4999999999999
500.83333333333314 -765.0
505.83333333333314 -774.1666666666666
504.9999999999998 -773.3333333333333
504.9999999999997 -772.5
505.8333333333331 -773.3333333333334
513.3333333333333 -781.6666666666666
508.33333333333314 -778.3333333333333
512.4999999999998 -780.8333333333333
511.66666666666646 -779.9999999999999
510.83333333333314 -779.1666666666665
506.66666666666646 -774.9999999999999
503.3333333333331 -771.6666666666665
504.1666666666664 -772.4999999999999
500.83333333333314 -765.0
505.83333333333314 -774.1666666666666
504.9999999999998 -773.3333333333333
504.9999999999997 -772.5
505.8333333333331 -773.3333333333334
513.3333333333333 -781.6666666666666
512.4999999999998 -780.8333333333333
511.66666666666646 -779.9999999999999
510.83333333333314 -779.1666666666665
506.66666666666646 -774.9999999999999
503.3333333333331 -771.6666666666665
504.1666666666664 -772.4999999999999
500.83333333333314 -765.0
505.83333333333314 -774.1666666666666
504.9999999999998 -773.3333333333333
505.8333333333331 -773.3333333333334
504.9999999999997 -772.5
513.3333333333333 -781.6666666666666
512.4999999999998 -780.8333333333333
511.66666666666646 -779.9999999999999
506.66666666666646 -774.9999999999999
510.83333333333314 -779.1666666666665
503.3333333333331 -771.6666666666665
504.1666666666664 -772.4999999999999
500.83333333333314 -765.0
505.83333333333314 -774.1666666666666
504.9999999999998 -773.3333333333333
505.8333333333331 -773.3333333333334
504.9999999999997 -772.5
513.3333333333333 -781.6666666666666
512.4999999999998 -780.8333333333333
511.66666666666646 -779.9999999999999
506.66666666666646 -774.9999999999999
510.83333333333314 -779.1666666666665
503.3333333333331 -771.6666666666665
504.1666666666664 -772.4999999999999
500.83333333333314 -765.0
505.83333333333314 -774.1666666666666
504.9999999999998 -773.3333333333333
504.9999999999997 -772.5
505.8333333333331 -773.3333333333334
512.4999999999998 -780.8333333333333
511.66666666666646 -779.9999999999999
506.66666666666646 -774.9999999999999
512.4999999999998 -780.8333333333333
511.66666666666646 -779.9999999999999
511.66666666666646 -779.9999999999999
511.66666666666646 -779.9999999999999
511.66666666666646 -779.9999999999999
511.66666666666646 -779.9999999999999
512.4999999999998 -780.8333333333333
513.3333333333333 -781.6666666666666
512.4999999999998 -780.8333333333333
513.3333333333333 -781.6666666666666
504.9999999999997 -772.5
504.9999999999997 -772.5
511.66666666666646 -779.9999999999999
510.83333333333314 -779.1666666666665
503.3333333333331 -771.6666666666665
511.66666666666646 -779.9999999999999
511.66666666666646 -779.9999999999999
511.66666666666646 -779.9999999999999
512.4999999999998 -780.8333333333333
512.4999999999998 -780.8333333333333
512.4999999999998 -780.8333333333333
512.4999999999998 -780.8333333333333
512.4999999999998 -780.8333333333333
511.66666666666646 -779.9999999999999
512.4999999999998 -780.8333333333333
500.83333333333314 -765.0
511.66666666666646 -779.9999999999999
506.66666666666646 -774.9999999999999
512.4999999999998 -780.8333333333333
503.3333333333331 -771.6666666666665
512.4999999999998 -780.8333333333333
504.9999999999998 -773.3333333333333
512.4999999999998 -780.8333333333333
506.66666666666646 -774.9999999999999
512.4999999999998 -780.8333333333333
504.1666666666664 -772.4999999999999
504.1666666666664 -772.4999999999999
512.4999999999998 -780.8333333333333
504.9999999999997 -772.5
510.83333333333314 -779.1666666666665
503.3333333333331 -771.6666666666665
512.4999999999998 -780.8333333333333
513.3333333333333 -781.6666666666666
504.1666666666664 -772.4999999999999
512.4999999999998 -780.8333333333333
504.9999999999997 -772.5
512.4999999999998 -780.8333333333333
505.83333333333314 -774.1666666666666
512.4999999999998 -780.8333333333333
505.83333333333314 -774.1666666666666
511.66666666666646 -779.9999999999999
511.66666666666646 -779.9999999999999
511.66666666666646 -779.9999999999999
512.4999999999998 -780.8333333333333
512.4999999999998 -780.8333333333333
510.83333333333314 -779.1666666666665
510.83333333333314 -779.1666666666665
511.66666666666646 -779.9999999999999
512.4999999999998 -780.8333333333333
503.3333333333331 -771.6666666666665
511.66666666666646 -779.9999999999999
504.1666666666664 -772.4999999999999
504.1666666666664 -772.4999999999999
511.66666666666646 -779.9999999999999
504.1666666666664 -772.4999999999999
504.1666666666664 -772.4999999999999
504.9999999999998 -773.3333333333333
506.66666666666646 -774.9999999999999
510.83333333333314 -779.1666666666665
511.66666666666646 -779.9999999999999
512.4999999999998 -780.8333333333333
512.4999999999998 -780.8333333333333
513.3333333333333 -781.6666666666666
510.83333333333314 -779.1666666666665
505.83333333333314 -774.1666666666666
511.66666666666646 -779.9999999999999
505.83333333333314 -774.1666666666666
506.66666666666646 -774.9999999999999
504.9999999999998 -773.3333333333333
510.83333333333314 -779.1666666666665
511.66666666666646 -779.9999999999999
512.4999999999998 -780.8333333333333
504.1666666666664 -772.4999999999999
511.66666666666646 -779.9999999999999
512.4999999999998 -780.8333333333333
505.83333333333314 -774.1666666666666
506.66666666666646 -774.9999999999999
510.83333333333314 -779.1666666666665
504.9999999999998 -773.3333333333333
504.1666666666664 -772.4999999999999
512.4999999999998 -780.8333333333333
504.1666666666664 -772.4999999999999
510.83333333333314 -779.1666666666665
506.66666666666646 -774.9999999999999
505.8333333333331 -773.3333333333334
511.66666666666646 -779.9999999999999
512.4999999999998 -780.8333333333333
510.83333333333314 -779.1666666666665
512.4999999999998 -780.8333333333333
512.4999999999998 -780.8333333333333
508.33333333333314 -778.3333333333333
511.66666666666646 -779.9999999999999
