499.1666666666666 -745.0
513.3333333333333 -781.6666666666666
499.1666666666666 -745.0
513.3333333333333 -781.6666666666666
500.83333333333314 -765.0
499.9999999999999 -749.1666666666666
501.6666666666665 -765.8333333333334
508.33333333333314 -778.3333333333333
503.3333333333331 -771.6666666666665
510.83333333333314 -779.1666666666665
499.9999999999999 -749.1666666666666
503.3333333333331 -771.6666666666665
512.4999999999998 -780.8333333333333
508.33333333333314 -778.3333333333333
512.4999999999998 -780.8333333333333
511.66666666666646 -779.9999999999999
511.66666666666646 -779.9999999999999
510.83333333333314 -779.1666666666665
500.83333333333314 -765.0
499.1666666666666 -745.0
513.3333333333333 -781.6666666666666
508.33333333333314 -778.3333333333333
512.4999999999998 -780.8333333333333
511.66666666666646 -779.9999999999999
510.83333333333314 -779.1666666666665
503.3333333333331 -771.6666666666665
500.83333333333314 -765.0
513.3333333333333 -781.6666666666666
508.33333333333314 -778.3333333333333
512.4999999999998 -780.8333333333333
511.66666666666646 -779.9999999999999
510.83333333333314 -779.1666666666665
503.3333333333331 -771.6666666666665
500.83333333333314 -765.0
513.3333333333333 -781.6666666666666
512.4999999999998 -780.8333333333333
511.66666666666646 -779.9999999999999
510.83333333333314 -779.1666666666665
503.3333333333331 -771.6666666666665
500.83333333333314 -765.0
513.3333333333333 -781.6666666666666
512.4999999999998 -780.8333333333333
511.66666666666646 -779.9999999999999
510.83333333333314 -779.1666666666665
503.3333333333331 -771.6666666666665
500.83333333333314 -765.0
513.3333333333333 -781.6666666666666
512.4999999999998 -780.8333333333333
511.66666666666646 -779.9999999999999
510.83333333333314 -779.1666666666665
503.3333333333331 -771.6666666666665
500.83333333333314 -765.0
512.4999999999998 -780.8333333333333
511.66666666666646 -779.9999999999999
512.4999999999998 -780.8333333333333
511.66666666666646 -779.9999999999999
511.66666666666646 -779.9999999999999
511.66666666666646 -779.9999999999999
511.66666666666646 -779.9999999999999
511.66666666666646 -779.9999999999999
512.4999999999998 -780.8333333333333
513.3333333333333 -781.6666666666666
512.4999999999998 -780.8333333333333
513.3333333333333 -781.6666666666666
511.66666666666646 -779.9999999999999
510.83333333333314 -779.1666666666665
503.3333333333331 -771.6666666666665
511.66666666666646 -779.9999999999999
511.66666666666646 -779.9999999999999
511.66666666666646 -779.9999999999999
512.4999999999998 -780.8333333333333
512.4999999999998 -780.8333333333333
512.4999999999998 -780.8333333333333
512.4999999999998 -780.8333333333333
512.4999999999998 -780.8333333333333
511.66666666666646 -779.9999999999999
512.4999999999998 -780.8333333333333
500.83333333333314 -765.0
511.66666666666646 -779.9999999999999
512.4999999999998 -780.8333333333333
503.3333333333331 -771.6666666666665
512.4999999999998 -780.8333333333333
512.4999999999998 -780.8333333333333
512.4999999999998 -780.8333333333333
512.4999999999998 -780.8333333333333
510.83333333333314 -779.1666666666665
503.3333333333331 -771.6666666666665
512.4999999999998 -780.8333333333333
513.3333333333333 -781.6666666666666
512.4999999999998 -780.8333333333333
512.4999999999998 -780.8333333333333
512.4999999999998 -780.8333333333333
511.66666666666646 -779.9999999999999
511.66666666666646 -779.9999999999999
511.66666666666646 -779.9999999999999
512.4999999999998 -780.8333333333333
512.4999999999998 -780.8333333333333
510.83333333333314 -779.1666666666665
510.83333333333314 -779.1666666666665
511.66666666666646 -779.9999999999999
512.4999999999998 -780.8333333333333
503.3333333333331 -771.6666666666665
511.66666666666646 -779.9999999999999
511.66666666666646 -779.9999999999999
510.83333333333314 -779.1666666666665
511.66666666666646 -779.9999999999999
512.4999999999998 -780.8333333333333
512.4999999999998 -780.8333333333333
513.3333333333333 -781.6666666666666
510.83333333333314 -779.1666666666665
511.66666666666646 -779.9999999999999
510.83333333333314 -779.1666666666665
511.66666666666646 -779.9999999999999
512.4999999999998 -780.8333333333333
511.66666666666646 -779.9999999999999
512.4999999999998 -780.8333333333333
510.83333333333314 -779.1666666666665
512.4999999999998 -780.8333333333333
510.83333333333314 -779.1666666666665
511.66666666666646 -779.9999999999999
512.4999999999998 -780.8333333333333
510.83333333333314 -779.1666666666665
512.4999999999998 -780.8333333333333
512.4999999999998 -780.8333333333333
508.33333333333314 -778.3333333333333
511.66666666666646 -779.9999999999999
510.83333333333314 -779.1666666666665
507.49999999999983 -777.4999999999999
503.3333333333331 -771.6666666666665
512.4999999999998 -780.8333333333333
511.66666666666646 -779.9999999999999
504.1666666666664 -774.1666666666666
510.83333333333314 -779.1666666666665
512.4999999999998 -780.8333333333333
512.4999999999998 -780.8333333333333
512.4999999999998 -780.8333333333333
511.66666666666646 -779.9999999999999
511.66666666666646 -779.9999999999999
510.83333333333314 -779.1666666666665
510.83333333333314 -779.1666666666665
510.83333333333314 -779.1666666666665
510.83333333333314 -779.1666666666665
512.4999999999998 -780.8333333333333
508.33333333333314 -778.3333333333333
513.3333333333333 -781.6666666666666
508.33333333333314 -778.3333333333333
504.1666666666664 -774.1666666666666
511.66666666666646 -779.9999999999999
512.4999999999998 -780.8333333333333
511.66666666666646 -779.9999999999999
503.3333333333331 -771.6666666666665
512.4999999999998 -780.8333333333333
512.4999999999998 -780.8333333333333
506.66666666666646 -776.6666666666665
508.33333333333314 -778.3333333333333
500.83333333333314 -765.0
513.3333333333333 -781.6666666666666
512.4999999999998 -780.8333333333333
500.83333333333314 -765.0
511.66666666666646 -779.9999999999999
