499.1666666666666 -745.8333333333333
514.1666666666665 -782.5
499.1666666666666 -745.8333333333333
514.1666666666665 -782.5
500.83333333333314 -765.8333333333334
499.9999999999999 -749.1666666666666
510.83333333333314 -779.9999999999999
503.3333333333331 -773.3333333333333
503.3333333333331 -773.3333333333333
499.9999999999999 -749.1666666666666
512.4999999999998 -780.8333333333333
509.1666666666665 -779.1666666666666
513.3333333333333 -781.6666666666666
512.4999999999998 -780.8333333333333
504.9999999999998 -775.0
508.33333333333314 -778.3333333333333
504.9999999999998 -775.0
504.1666666666664 -774.1666666666666
508.33333333333314 -778.3333333333333
507.4999999999998 -777.4999999999999
509.1666666666665 -779.1666666666666
504.1666666666664 -774.1666666666666
507.4999999999998 -777.4999999999999
506.66666666666646 -776.6666666666665
505.83333333333314 -775.8333333333334
505.83333333333314 -775.8333333333334
513.3333333333333 -781.6666666666666
506.66666666666646 -776.6666666666665
503.3333333333331 -773.3333333333333
504.9999999999998 -775.0
508.33333333333314 -778.3333333333333
509.1666666666665 -779.1666666666666
512.4999999999998 -780.8333333333333
507.4999999999998 -777.4999999999999
504.1666666666664 -774.1666666666666
505.83333333333314 -775.8333333333334
513.3333333333333 -781.6666666666666
506.66666666666646 -776.6666666666665
503.3333333333331 -773.3333333333333
504.9999999999998 -775.0
508.33333333333314 -778.3333333333333
509.1666666666665 -779.1666666666666
512.4999999999998 -780.8333333333333
504.1666666666664 -774.1666666666666
507.4999999999998 -777.4999999999999
505.83333333333314 -775.8333333333334
513.3333333333333 -781.6666666666666
506.66666666666646 -776.6666666666665
503.3333333333331 -773.3333333333333
504.9999999999998 -775.0
508.33333333333314 -778.3333333333333
509.1666666666665 -779.1666666666666
512.4999999999998 -780.8333333333333
504.1666666666664 -774.1666666666666
507.4999999999998 -777.4999999999999
513.3333333333333 -781.6666666666666
506.66666666666646 -776.6666666666665
503.3333333333331 -773.3333333333333
508.33333333333314 -778.3333333333333
504.9999999999998 -775.0
509.1666666666665 -779.1666666666666
512.4999999999998 -780.8333333333333
504.1666666666664 -774.1666666666666
507.4999999999998 -777.4999999999999
513.3333333333333 -781.6666666666666
506.66666666666646 -776.6666666666665
503.3333333333331 -773.3333333333333
504.9999999999998 -775.0
508.33333333333314 -778.3333333333333
509.1666666666665 -779.1666666666666
512.4999999999998 -780.8333333333333
504.1666666666664 -774.1666666666666
507.4999999999998 -777.4999999999999
513.3333333333333 -781.6666666666666
506.66666666666646 -776.6666666666665
504.9999999999998 -775.0
508.33333333333314 -778.3333333333333
509.1666666666665 -779.1666666666666
512.4999999999998 -780.8333333333333
504.1666666666664 -774.1666666666666
507.4999999999998 -777.4999999999999
513.3333333333333 -781.6666666666666
506.66666666666646 -776.6666666666665
504.9999999999998 -775.0
508.33333333333314 -778.3333333333333
509.1666666666665 -779.1666666666666
512.4999999999998 -780.8333333333333
504.1666666666664 -774.1666666666666
507.4999999999998 -777.4999999999999
513.3333333333333 -781.6666666666666
506.66666666666646 -776.6666666666665
513.3333333333333 -781.6666666666666
506.66666666666646 -776.6666666666665
508.33333333333314 -778.3333333333333
509.1666666666665 -779.1666666666666
504.1666666666664 -774.1666666666666
512.4999999999998 -780.8333333333333
507.4999999999998 -777.4999999999999
513.3333333333333 -781.6666666666666
506.66666666666646 -776.6666666666665
508.33333333333314 -778.3333333333333
509.1666666666665 -779.1666666666666
512.4999999999998 -780.8333333333333
504.1666666666664 -774.1666666666666
507.4999999999998 -777.4999999999999
513.3333333333333 -781.6666666666666
508.33333333333314 -778.3333333333333
512.4999999999998 -780.8333333333333
513.3333333333333 -781.6666666666666
508.33333333333314 -778.3333333333333
512.4999999999998 -780.8333333333333
513.3333333333333 -781.6666666666666
508.33333333333314 -778.3333333333333
512.4999999999998 -780.8333333333333
513.3333333333333 -781.6666666666666
512.4999999999998 -780.8333333333333
513.3333333333333 -781.6666666666666
512.4999999999998 -780.8333333333333
513.3333333333333 -781.6666666666666
512.4999999999998 -780.8333333333333
512.4999999999998 -780.8333333333333
512.4999999999998 -780.8333333333333
512.4999999999998 -780.8333333333333
513.3333333333333 -781.6666666666666
512.4999999999998 -780.8333333333333
513.3333333333333 -781.6666666666666
512.4999999999998 -780.8333333333333
512.4999999999998 -780.8333333333333
512.4999999999998 -780.8333333333333
512.4999999999998 -780.8333333333333
512.4999999999998 -780.8333333333333
512.4999999999998 -780.8333333333333
512.4999999999998 -780.8333333333333
512.4999999999998 -780.8333333333333
512.4999999999998 -780.8333333333333
512.4999999999998 -780.8333333333333
512.4999999999998 -780.8333333333333
512.4999999999998 -780.8333333333333
513.3333333333333 -781.6666666666666
512.4999999999998 -780.8333333333333
512.4999999999998 -780.8333333333333
512.4999999999998 -780.8333333333333
512.4999999999998 -780.8333333333333
512.4999999999998 -780.8333333333333
512.4999999999998 -780.8333333333333
512.4999999999998 -780.8333333333333
512.4999999999998 -780.8333333333333
513.3333333333333 -781.6666666666666
512.4999999999998 -780.8333333333333
512.4999999999998 -780.8333333333333
512.4999999999998 -780.8333333333333
512.4999999999998 -780.8333333333333
512.4999999999998 -780.8333333333333
512.4999999999998 -780.8333333333333
508.33333333333314 -778.3333333333333
512.4999999999998 -780.8333333333333
512.4999999999998 -780.8333333333333
512.4999999999998 -780.8333333333333
512.4999999999998 -780.8333333333333
512.4999999999998 -780.8333333333333
508.33333333333314 -778.3333333333333
513.3333333333333 -781.6666666666666
503.3333333333331 -773.3333333333333
512.4999999999998 -780.8333333333333
507.4999999999998 -777.4999999999999
513.3333333333333 -781.6666666666666
507.4999999999998 -777.4999999999999
508.33333333333314 -778.3333333333333
508.33333333333314 -778.3333333333333
508.33333333333314 -778.3333333333333
504.9999999999998 -775.0
508.33333333333314 -778.3333333333333
504.9999999999998 -775.0
504.1666666666664 -774.1666666666666
509.1666666666665 -779.1666666666666
508.33333333333314 -778.3333333333333
508.33333333333314 -778.3333333333333
504.1666666666664 -774.1666666666666
507.4999999999998 -777.4999999999999
508.33333333333314 -778.3333333333333
507.4999999999998 -777.4999999999999
504.1666666666664 -774.1666666666666
512.4999999999998 -780.8333333333333
504.1666666666664 -774.1666666666666
507.4999999999998 -777.4999999999999
512.4999999999998 -780.8333333333333
512.4999999999998 -780.8333333333333
509.1666666666665 -779.1666666666666
508.33333333333314 -778.3333333333333
512.4999999999998 -780.8333333333333
513.3333333333333 -781.6666666666666
512.4999999999998 -780.8333333333333
504.1666666666664 -774.1666666666666
513.3333333333333 -781.6666666666666
507.4999999999998 -777.4999999999999
512.4999999999998 -780.8333333333333
512.4999999999998 -780.8333333333333
508.33333333333314 -778.3333333333333
507.4999999999998 -777.4999999999999
508.33333333333314 -778.3333333333333
