502.5 -579.1666666666663
510.0 -637.5000000000001
506.6666666666667 -633.3333333333334
518.3333333333334 -646.6666666666667
512.5 -640.8333333333334
507.5 -635.0000000000001
507.5 -635.0000000000001
508.3333333333333 -635.8333333333334
506.6666666666667 -633.3333333333334
512.5 -640.8333333333334
516.6666666666667 -645.0000000000001
513.3333333333334 -642.5000000000001
507.5 -635.0000000000001
507.5 -635.0000000000001
510.0 -637.5000000000001
508.3333333333333 -635.8333333333334
506.6666666666667 -633.3333333333334
506.6666666666667 -633.3333333333334
507.5 -635.0000000000001
510.0 -637.5000000000001
512.5 -640.8333333333334
507.5 -635.0000000000001
512.5 -640.8333333333334
510.0 -637.5000000000001
507.5 -635.0000000000001
510.8333333333333 -638.3333333333335
517.5 -645.8333333333334
510.0 -637.5000000000001
516.6666666666667 -645.0000000000001
507.5 -635.0000000000001
507.5 -635.0000000000001
521.6666666666667 -650.8333333333334
512.5 -640.8333333333334
510.0 -637.5000000000001
507.5 -635.0000000000001
507.5 -635.0000000000001
507.5 -635.0000000000001
510.0 -637.5000000000001
510.0 -637.5000000000001
517.5 -645.8333333333334
519.1666666666667 -648.3333333333334
506.6666666666667 -633.3333333333334
510.0 -637.5000000000001
507.5 -635.0000000000001
512.5 -640.8333333333334
510.0 -637.5000000000001
519.1666666666667 -648.3333333333334
515.8333333333334 -645.0
510.8333333333333 -638.3333333333335
507.5 -635.0000000000001
510.0 -637.5000000000001
507.5 -635.0000000000001
517.5 -645.8333333333334
510.0 -637.5000000000001
510.0 -637.5000000000001
507.5 -635.0000000000001
507.5 -635.0000000000001
512.5 -640.8333333333334
519.1666666666667 -648.3333333333334
516.6666666666667 -645.0000000000001
508.3333333333333 -635.8333333333334
507.5 -635.0000000000001
506.6666666666667 -633.3333333333334
517.5 -645.8333333333334
521.6666666666667 -650.8333333333334
515.8333333333334 -645.0
520.8333333333334 -650.0
510.0 -637.5000000000001
505.83333333333337 -616.6666666666667
521.6666666666667 -650.8333333333334
510.0 -637.5000000000001
519.1666666666667 -648.3333333333334
510.0 -637.5000000000001
510.0 -637.5000000000001
514.1666666666666 -643.3333333333334
525.0 -652.5000000000001
510.0 -637.5000000000001
507.5 -635.0000000000001
507.5 -635.0000000000001
510.0 -637.5000000000001
506.6666666666667 -633.3333333333334
507.5 -635.0000000000001
519.1666666666667 -648.3333333333334
508.33333333333337 -636.6666666666667
517.5 -645.8333333333334
506.6666666666667 -633.3333333333334
512.5 -640.8333333333334
517.5 -645.8333333333334
522.5 -652.5
515.8333333333334 -645.0
507.5 -635.0000000000001
512.5 -640.8333333333334
510.83333333333337 -639.1666666666667
512.5 -640.8333333333334
512.5 -640.8333333333334
506.6666666666667 -633.3333333333334
516.6666666666667 -645.0000000000001
510.0 -637.5000000000001
