502.5 -579.1666666666663
506.6666666666667 -633.3333333333334
512.5 -640.8333333333334
507.5 -635.0000000000001
507.5 -635.0000000000001
508.3333333333333 -635.8333333333334
506.6666666666667 -633.3333333333334
512.5 -640.8333333333334
513.3333333333334 -642.5000000000001
507.5 -635.0000000000001
507.5 -635.0000000000001
508.3333333333333 -635.8333333333334
506.6666666666667 -633.3333333333334
506.6666666666667 -633.3333333333334
507.5 -635.0000000000001
512.5 -640.8333333333334
507.5 -635.0000000000001
512.5 -640.8333333333334
507.5 -635.0000000000001
507.5 -635.0000000000001
507.5 -635.0000000000001
512.5 -640.8333333333334
507.5 -635.0000000000001
507.5 -635.0000000000001
507.5 -635.0000000000001
519.1666666666667 -648.3333333333334
506.6666666666667 -633.3333333333334
507.5 -635.0000000000001
512.5 -640.8333333333334
519.1666666666667 -648.3333333333334
515.8333333333334 -645.0
507.5 -635.0000000000001
507.5 -635.0000000000001
507.5 -635.0000000000001
507.5 -635.0000000000001
512.5 -640.8333333333334
519.1666666666667 -648.3333333333334
508.3333333333333 -635.8333333333334
507.5 -635.0000000000001
506.6666666666667 -633.3333333333334
515.8333333333334 -645.0
520.8333333333334 -650.0
505.83333333333337 -616.6666666666667
519.1666666666667 -648.3333333333334
514.1666666666666 -643.3333333333334
525.0 -652.5000000000001
507.5 -635.0000000000001
507.5 -635.0000000000001
506.6666666666667 -633.3333333333334
507.5 -635.0000000000001
519.1666666666667 -648.3333333333334
508.33333333333337 -636.6666666666667
506.6666666666667 -633.3333333333334
512.5 -640.8333333333334
522.5 -652.5
515.8333333333334 -645.0
507.5 -635.0000000000001
512.5 -640.8333333333334
512.5 -640.8333333333334
512.5 -640.8333333333334
506.6666666666667 -633.3333333333334
508.33333333333337 -636.6666666666667
517.5 -646.6666666666667
507.5 -635.0000000000001
513.3333333333334 -642.5000000000001
513.3333333333333 -640.8333333333335
507.5 -635.0000000000001
508.3333333333333 -635.8333333333334
516.6666666666666 -645.0000000000001
507.5 -635.0000000000001
507.5 -635.0000000000001
507.5 -635.0000000000001
521.6666666666667 -651.6666666666667
520.0 -649.1666666666667
507.5 -635.0000000000001
510.0 -639.1666666666667
510.0 -639.1666666666667
512.5 -640.8333333333334
508.3333333333333 -635.8333333333334
515.8333333333333 -644.1666666666669
507.5 -635.0000000000001
510.0 -639.1666666666667
508.3333333333333 -635.8333333333334
511.6666666666667 -640.0000000000001
519.1666666666667 -648.3333333333334
517.5 -646.6666666666667
520.8333333333334 -650.0
518.3333333333334 -647.5
517.5 -646.6666666666667
512.5 -640.8333333333334
506.6666666666667 -633.3333333333334
