502.5 -579.1666666666663
506.6666666666667 -637.5000000000001
520.8333333333334 -654.1666666666667
516.6666666666667 -652.5000000000001
513.3333333333334 -647.5
504.1666666666667 -579.9999999999998
520.8333333333334 -654.1666666666667
515.0 -651.6666666666669
505.83333333333337 -617.5
513.3333333333334 -647.5
520.0 -653.3333333333335
521.6666666666667 -657.5000000000001
520.8333333333334 -654.1666666666667
516.6666666666667 -652.5000000000001
522.5 -660.0
506.6666666666667 -637.5000000000001
513.3333333333334 -647.5
510.0 -646.6666666666667
513.3333333333334 -647.5
515.0 -651.6666666666669
510.0 -646.6666666666667
509.1666666666667 -641.6666666666667
506.6666666666667 -637.5000000000001
520.8333333333334 -654.1666666666667
507.5 -640.8333333333335
507.5 -640.8333333333335
509.1666666666667 -641.6666666666667
