502.5 -579.1666666666663
506.6666666666667 -637.5000000000001
504.1666666666667 -579.9999999999998
505.83333333333337 -617.5
506.6666666666667 -637.5000000000001
510.0 -646.6666666666667
510.0 -646.6666666666667
509.1666666666667 -641.6666666666667
506.6666666666667 -637.5000000000001
507.5 -640.8333333333335
507.5 -640.8333333333335
509.1666666666667 -641.6666666666667
509.1666666666667 -641.6666666666667
506.6666666666667 -637.5000000000001
515.0 -653.3333333333335
510.0 -646.6666666666667
510.0 -646.6666666666667
510.83333333333337 -648.3333333333334
509.1666666666667 -641.6666666666667
515.8333333333334 -655.0000000000001
509.1666666666667 -641.6666666666667
507.5 -640.8333333333335
507.5 -640.8333333333335
523.3333333333334 -660.0000000000001
521.6666666666667 -660.0
