502.5 -579.1666666666663
504.1666666666667 -579.9999999999998
515.8333333333334 -655.0000000000001
515.8333333333334 -655.0000000000001
515.8333333333334 -655.0000000000001
515.8333333333334 -655.0000000000001
510.83333333333337 -652.5000000000001
510.0 -651.6666666666669
506.6666666666667 -642.5000000000001
506.6666666666667 -642.5000000000001
515.8333333333334 -655.0000000000001
515.8333333333334 -655.0000000000001
507.5 -648.3333333333334
510.83333333333337 -652.5000000000001
515.8333333333334 -655.0000000000001
510.0 -651.6666666666669
508.33333333333337 -650.0
506.6666666666667 -642.5000000000001
505.83333333333337 -619.1666666666669
506.6666666666667 -642.5000000000001
515.0 -654.1666666666669
519.1666666666667 -661.6666666666667
510.83333333333337 -652.5000000000001
506.6666666666667 -642.5000000000001
515.8333333333334 -655.0000000000001
517.5 -656.6666666666667
515.0 -654.1666666666669
519.1666666666667 -661.6666666666667
515.0 -654.1666666666669
515.8333333333334 -655.0000000000001
