502.5 -579.1666666666663
504.1666666666667 -579.9999999999998
510.83333333333337 -652.5000000000001
510.0 -651.6666666666669
506.6666666666667 -642.5000000000001
506.6666666666667 -642.5000000000001
510.83333333333337 -652.5000000000001
510.0 -651.6666666666669
508.33333333333337 -650.0
506.6666666666667 -642.5000000000001
505.83333333333337 -619.1666666666669
506.6666666666667 -642.5000000000001
515.0 -654.1666666666669
510.83333333333337 -652.5000000000001
506.6666666666667 -642.5000000000001
515.0 -654.1666666666669
515.0 -654.1666666666669
517.5 -658.3333333333334
515.0 -654.1666666666669
510.83333333333337 -652.5000000000001
519.1666666666667 -662.5
515.8333333333334 -657.5000000000001
507.5 -649.1666666666667
