502.5 -579.1666666666663
504.1666666666667 -579.9999999999998
508.33333333333337 -650.0
505.83333333333337 -619.1666666666669
519.1666666666667 -662.5
507.5 -649.1666666666667
514.1666666666667 -656.6666666666667
519.1666666666667 -662.5
511.6666666666667 -653.3333333333335
516.6666666666667 -660.0000000000001
508.33333333333337 -650.0
507.5 -649.1666666666667
518.3333333333334 -661.6666666666667
512.5 -654.1666666666667
518.3333333333334 -661.6666666666667
519.1666666666667 -662.5
516.6666666666667 -660.0000000000001
508.33333333333337 -650.0
512.5 -654.1666666666667
519.1666666666667 -662.5
520.0 -662.5000000000001
510.0 -652.5000000000001
520.8333333333334 -663.3333333333334
514.1666666666667 -656.6666666666667
520.8333333333335 -664.1666666666667
508.33333333333337 -650.0
520.8333333333335 -664.1666666666667
507.5 -649.1666666666667
506.6666666666667 -646.6666666666667
520.8333333333334 -663.3333333333334
511.6666666666667 -653.3333333333335
508.33333333333337 -650.0
510.0 -652.5000000000001
509.1666666666667 -650.8333333333335
508.33333333333337 -650.0
519.1666666666667 -662.5
520.0 -662.5000000000001
519.1666666666667 -662.5
515.0 -658.3333333333335
520.0 -662.5000000000001
508.33333333333337 -650.0
513.3333333333333 -655.8333333333335
516.6666666666667 -660.0000000000001
507.5 -649.1666666666667
