502.5 -579.1666666666663
504.1666666666667 -579.9999999999998
505.83333333333337 -619.1666666666669
516.6666666666667 -660.0000000000001
516.6666666666667 -660.0000000000001
510.0 -652.5000000000001
520.8333333333335 -664.1666666666667
520.8333333333335 -664.1666666666667
510.0 -652.5000000000001
509.1666666666667 -650.8333333333335
515.0 -658.3333333333335
516.6666666666667 -660.0000000000001
506.6666666666667 -648.3333333333334
515.0 -658.3333333333335
510.0 -652.5000000000001
515.8333333333334 -659.1666666666669
519.1666666666667 -663.3333333333334
520.8333333333335 -664.1666666666667
515.0 -658.3333333333335
520.0 -663.3333333333335
515.0 -658.3333333333335
516.6666666666667 -660.0000000000001
507.5 -650.0000000000001
510.83333333333337 -653.3333333333335
518.3333333333334 -662.5000000000001
513.3333333333334 -656.6666666666667
515.0 -658.3333333333335
520.8333333333335 -664.1666666666667
512.5 -655.8333333333335
515.0 -658.3333333333335
513.3333333333334 -656.6666666666667
515.8333333333334 -659.1666666666669
520.0 -663.3333333333335
520.8333333333335 -664.1666666666667
509.1666666666667 -650.8333333333335
509.1666666666667 -650.8333333333335
