502.5 -579.1666666666663
504.1666666666667 -579.9999999999998
505.83333333333337 -619.1666666666669
520.8333333333335 -664.1666666666667
520.8333333333335 -664.1666666666667
506.6666666666667 -648.3333333333334
515.8333333333334 -659.1666666666669
519.1666666666667 -663.3333333333334
520.8333333333335 -664.1666666666667
520.0 -663.3333333333335
518.3333333333334 -662.5000000000001
520.8333333333335 -664.1666666666667
515.8333333333334 -659.1666666666669
520.0 -663.3333333333335
520.8333333333335 -664.1666666666667
521.6666666666667 -664.1666666666669
516.6666666666667 -660.8333333333334
515.8333333333334 -659.1666666666669
520.0 -663.3333333333335
515.0 -659.1666666666667
517.5 -660.8333333333335
520.0 -663.3333333333335
520.8333333333335 -664.1666666666667
518.3333333333334 -662.5000000000001
521.6666666666667 -664.1666666666669
515.8333333333334 -659.1666666666669
515.0 -659.1666666666667
520.8333333333335 -664.1666666666667
508.3333333333333 -656.6666666666669
520.0 -663.3333333333335
515.8333333333334 -659.1666666666669
507.5 -650.8333333333335
522.5 -665.0000000000001
