502.5 -579.1666666666663
504.1666666666667 -579.9999999999998
505.83333333333337 -619.1666666666669
516.6666666666666 -667.5000000000001
514.1666666666666 -665.0000000000001
516.6666666666666 -667.5000000000001
514.1666666666666 -665.0000000000001
507.5 -655.0000000000002
507.5 -655.0000000000002
521.6666666666667 -670.8333333333334
508.3333333333333 -662.5000000000002
520.0 -669.1666666666667
520.0 -669.1666666666667
506.6666666666667 -653.3333333333335
520.0 -669.1666666666667
507.5 -655.0000000000002
