502.5 -579.1666666666663
504.1666666666667 -579.9999999999998
514.1666666666667 -670.8333333333335
505.8333333333333 -660.8333333333336
514.1666666666666 -670.8333333333334
508.3333333333333 -665.8333333333336
508.3333333333333 -665.8333333333336
508.3333333333333 -665.8333333333336
505.8333333333333 -660.8333333333336
508.3333333333333 -665.8333333333336
505.8333333333333 -660.8333333333336
508.3333333333333 -665.8333333333336
508.3333333333333 -665.8333333333336
510.0 -668.3333333333336
510.0 -668.3333333333336
515.8333333333334 -673.3333333333335
510.0 -668.3333333333336
508.3333333333333 -665.8333333333336
510.0 -668.3333333333336
507.5 -663.3333333333336
507.5 -663.3333333333336
511.6666666666667 -670.0000000000001
507.5 -663.3333333333336
510.0 -668.3333333333336
507.5 -663.3333333333336
507.5 -663.3333333333336
516.6666666666667 -679.1666666666667
508.3333333333333 -665.8333333333336
523.3333333333335 -681.6666666666666
508.3333333333333 -665.8333333333336
510.0 -668.3333333333336
505.8333333333333 -660.8333333333336
510.8333333333333 -669.1666666666669
506.6666666666667 -661.6666666666669
505.8333333333333 -660.8333333333336
507.5 -663.3333333333336
510.8333333333333 -669.1666666666669
515.0 -673.3333333333334
