502.5 -579.1666666666663
504.1666666666667 -579.9999999999998
506.66666666666663 -668.3333333333335
507.5 -669.1666666666669
505.8333333333333 -666.6666666666669
507.5 -669.1666666666669
523.3333333333334 -685.0000000000001
523.3333333333334 -685.0000000000001
524.1666666666667 -685.8333333333334
523.3333333333334 -685.0000000000001
510.0 -674.1666666666669
510.0 -674.1666666666669
510.0 -674.1666666666669
508.3333333333333 -671.6666666666669
506.66666666666663 -668.3333333333335
509.16666666666663 -673.3333333333335
510.8333333333333 -675.0000000000001
512.5 -676.6666666666669
508.3333333333333 -671.6666666666669
522.5 -685.0
508.3333333333333 -671.6666666666669
510.0 -674.1666666666669
510.83333333333337 -675.8333333333335
520.8333333333333 -683.3333333333334
510.0 -674.1666666666669
507.5 -669.1666666666669
519.1666666666666 -681.6666666666667
507.5 -669.1666666666669
506.66666666666663 -668.3333333333335
510.0 -674.1666666666669
528.3333333333333 -685.8333333333335
513.3333333333333 -678.3333333333334
510.0 -674.1666666666669
510.0 -674.1666666666669
520.0 -682.5000000000001
515.0 -680.8333333333334
