502.5 -579.1666666666663
504.1666666666667 -579.9999999999998
511.6666666666667 -678.3333333333335
510.0 -675.0000000000001
511.66666666666663 -677.5000000000001
512.5 -679.1666666666669
510.8333333333333 -675.8333333333335
522.5 -689.1666666666667
522.5 -689.1666666666667
511.6666666666667 -678.3333333333335
509.16666666666663 -674.1666666666669
506.66666666666663 -671.6666666666669
521.6666666666667 -688.3333333333334
510.0 -675.0000000000001
511.66666666666663 -677.5000000000001
511.66666666666663 -677.5000000000001
510.0 -675.0000000000001
510.0 -675.0000000000001
521.6666666666667 -688.3333333333334
511.66666666666663 -677.5000000000001
516.6666666666667 -685.0000000000001
511.66666666666663 -677.5000000000001
521.6666666666667 -688.3333333333334
511.66666666666663 -677.5000000000001
506.66666666666663 -671.6666666666669
521.6666666666667 -688.3333333333334
507.5 -673.3333333333335
511.66666666666663 -677.5000000000001
513.3333333333333 -680.0000000000001
510.0 -675.0000000000001
524.1666666666667 -692.5
522.5 -689.1666666666667
522.5 -689.1666666666667
513.3333333333333 -680.0000000000001
517.5 -685.8333333333335
506.66666666666663 -671.6666666666669
510.0 -675.0000000000001
505.8333333333333 -670.0000000000001
513.3333333333333 -680.0000000000001
510.0 -675.0000000000001
522.5 -689.1666666666667
522.5 -689.1666666666667
511.66666666666663 -677.5000000000001
518.3333333333334 -686.6666666666667
514.1666666666666 -680.8333333333334
515.0 -684.1666666666667
