502.5 -579.1666666666663
524.1666666666667 -695.8333333333334
525.0 -696.6666666666666
515.8333333333333 -688.3333333333334
507.49999999999994 -675.8333333333335
525.8333333333334 -696.6666666666667
521.6666666666666 -693.3333333333334
523.3333333333333 -695.0
520.8333333333333 -692.5
513.3333333333333 -685.8333333333335
507.49999999999994 -675.8333333333335
511.6666666666666 -684.1666666666667
515.0 -687.5000000000001
522.5 -694.1666666666667
504.16666666666663 -675.0000000000001
516.6666666666666 -691.6666666666667
509.1666666666666 -679.1666666666669
511.6666666666666 -684.1666666666667
509.99999999999994 -680.0000000000001
512.5 -685.0000000000001
524.1666666666667 -695.8333333333334
512.5 -685.0000000000001
512.5 -685.0000000000001
510.0 -682.5000000000001
507.49999999999994 -675.8333333333335
