502.5 -579.1666666666663
524.1666666666667 -695.8333333333334
525.0 -696.6666666666666
525.8333333333334 -696.6666666666667
523.3333333333333 -695.0
504.16666666666663 -675.0000000000001
524.1666666666667 -695.8333333333334
524.1666666666667 -695.8333333333334
510.83333333333326 -686.6666666666667
524.1666666666667 -695.8333333333334
506.66666666666663 -679.1666666666669
516.6666666666666 -692.5000000000001
514.1666666666666 -691.6666666666667
512.4999999999999 -687.5000000000001
503.3333333333333 -672.5000000000001
507.49999999999994 -680.8333333333335
504.16666666666663 -675.0000000000001
519.1666666666666 -694.1666666666667
509.1666666666666 -685.0000000000001
506.6666666666666 -677.5000000000001
