502.5 -579.1666666666663
516.6666666666666 -692.5000000000001
509.1666666666666 -685.0000000000001
513.3333333333333 -690.8333333333334
520.8333333333333 -697.5
516.6666666666666 -692.5000000000001
519.1666666666666 -695.8333333333334
517.5 -693.3333333333334
504.1666666666666 -678.3333333333335
518.3333333333333 -694.1666666666667
510.8333333333333 -687.5000000000001
518.3333333333333 -694.1666666666667
504.1666666666666 -678.3333333333335
509.1666666666666 -685.0000000000001
512.4999999999999 -690.0000000000001
518.3333333333333 -694.1666666666667
508.3333333333333 -684.1666666666669
517.5 -693.3333333333334
517.5 -693.3333333333334
509.1666666666666 -685.0000000000001
517.5 -693.3333333333334
504.99999999999994 -680.0000000000002
508.33333333333326 -683.3333333333335
516.6666666666666 -692.5000000000001
511.6666666666666 -688.3333333333335
516.6666666666665 -692.5
513.3333333333333 -690.8333333333334
512.4999999999999 -690.0000000000001
504.1666666666666 -678.3333333333335
517.5 -693.3333333333334
513.3333333333333 -690.8333333333334
509.99999999999994 -686.6666666666667
520.0 -696.6666666666666
503.33333333333326 -677.5000000000001
505.83333333333326 -680.8333333333335
509.1666666666666 -685.0000000000001
520.0 -696.6666666666666
518.3333333333333 -694.1666666666667
508.33333333333326 -683.3333333333335
521.6666666666666 -698.3333333333333
506.6666666666666 -682.5000000000002
518.3333333333333 -694.1666666666667
505.83333333333326 -680.8333333333335
522.5 -699.1666666666666
518.3333333333333 -694.1666666666667
509.99999999999994 -686.6666666666667
520.8333333333333 -697.5
517.5 -693.3333333333334
521.6666666666666 -698.3333333333333
520.8333333333333 -697.5
514.1666666666665 -691.6666666666667
512.4999999999999 -690.0000000000001
