502.5 -579.1666666666663
520.8333333333333 -697.5
519.1666666666666 -695.8333333333334
518.3333333333333 -694.1666666666667
518.3333333333333 -694.1666666666667
512.4999999999999 -690.0000000000001
518.3333333333333 -694.1666666666667
508.3333333333333 -684.1666666666669
504.99999999999994 -680.0000000000002
512.4999999999999 -690.0000000000001
509.99999999999994 -686.6666666666667
520.0 -696.6666666666666
503.33333333333326 -677.5000000000001
505.83333333333326 -680.8333333333335
520.0 -696.6666666666666
518.3333333333333 -694.1666666666667
506.6666666666666 -682.5000000000002
518.3333333333333 -694.1666666666667
505.83333333333326 -680.8333333333335
522.5 -699.1666666666666
518.3333333333333 -694.1666666666667
509.99999999999994 -686.6666666666667
520.8333333333333 -697.5
520.8333333333333 -697.5
512.4999999999999 -690.0000000000001
503.33333333333326 -677.5000000000001
510.83333333333326 -687.5000000000001
518.3333333333333 -694.1666666666667
511.6666666666666 -689.1666666666667
508.3333333333333 -684.1666666666669
518.3333333333333 -694.1666666666667
521.6666666666666 -698.3333333333334
520.0 -696.6666666666666
504.1666666666666 -678.3333333333336
518.3333333333333 -694.1666666666667
515.8333333333333 -693.3333333333334
507.49999999999994 -683.3333333333335
512.5 -691.6666666666667
507.49999999999994 -683.3333333333335
504.99999999999994 -680.0000000000002
509.1666666666666 -685.8333333333335
519.1666666666666 -695.8333333333334
511.6666666666666 -689.1666666666667
520.8333333333333 -697.5
518.3333333333333 -694.1666666666667
506.6666666666666 -682.5000000000002
518.3333333333333 -694.1666666666667
521.6666666666666 -698.3333333333334
520.8333333333333 -697.5
519.1666666666666 -695.8333333333334
515.0 -692.5
509.99999999999994 -686.6666666666667
521.6666666666666 -698.3333333333334
526.6666666666667 -700.0
520.8333333333333 -697.5
518.3333333333333 -694.1666666666667
