502.5 -579.1666666666663
519.1666666666666 -695.8333333333334
503.33333333333326 -677.5000000000001
505.83333333333326 -680.8333333333335
506.6666666666666 -682.5000000000002
505.83333333333326 -680.8333333333335
503.33333333333326 -677.5000000000001
515.8333333333333 -693.3333333333334
512.5 -691.6666666666667
509.1666666666666 -685.8333333333335
519.1666666666666 -695.8333333333334
506.6666666666666 -682.5000000000002
519.1666666666666 -695.8333333333334
515.8333333333333 -693.3333333333334
520.8333333333333 -700.0
504.9999999999999 -680.0000000000002
519.1666666666666 -695.8333333333334
513.3333333333333 -692.5000000000001
511.6666666666666 -690.8333333333335
510.83333333333326 -689.1666666666667
507.49999999999994 -685.0000000000002
515.8333333333333 -693.3333333333334
524.1666666666666 -700.8333333333334
518.3333333333333 -695.0000000000001
509.1666666666666 -685.8333333333335
520.8333333333333 -700.0
509.9999999999999 -686.6666666666667
515.8333333333333 -693.3333333333334
519.1666666666666 -695.8333333333334
504.1666666666666 -679.1666666666669
520.0 -699.1666666666667
520.0 -699.1666666666667
