502.5 -579.1666666666663
503.33333333333326 -677.5000000000001
503.33333333333326 -677.5000000000001
512.5 -694.1666666666667
504.99999999999994 -685.0000000000002
518.3333333333333 -699.1666666666667
517.5 -698.3333333333334
507.5 -687.5000000000002
514.1666666666666 -695.8333333333334
510.83333333333326 -692.5000000000001
509.99999999999994 -691.6666666666667
511.6666666666666 -693.3333333333335
510.83333333333326 -692.5000000000001
513.3333333333333 -695.0000000000001
519.1666666666666 -700.0
516.6666666666666 -697.5
503.33333333333326 -677.5000000000001
509.1666666666666 -690.8333333333335
518.3333333333333 -699.1666666666667
520.8333333333333 -701.6666666666666
519.1666666666666 -700.0
510.83333333333326 -692.5000000000001
513.3333333333333 -695.0000000000001
521.6666666666666 -702.5
517.5 -698.3333333333334
517.5 -698.3333333333334
506.66666666666663 -686.6666666666669
520.0 -700.8333333333334
504.1666666666666 -684.1666666666669
516.6666666666666 -697.5
