502.5 -579.1666666666663
517.5 -698.3333333333334
513.3333333333333 -695.0000000000001
509.1666666666666 -690.8333333333335
513.3333333333333 -695.0000000000001
521.6666666666666 -702.5
517.5 -698.3333333333334
517.5 -698.3333333333334
506.66666666666663 -686.6666666666669
504.1666666666666 -684.1666666666669
514.1666666666666 -695.8333333333335
513.3333333333333 -695.0000000000001
517.5 -698.3333333333334
521.6666666666666 -702.5
520.8333333333333 -701.6666666666667
517.5 -698.3333333333334
507.49999999999994 -687.5000000000002
513.3333333333333 -695.0000000000001
509.1666666666666 -690.8333333333335
513.3333333333333 -695.0000000000001
515.0 -696.6666666666667
514.1666666666666 -695.8333333333335
515.8333333333333 -697.5000000000001
517.5 -698.3333333333334
522.5 -703.3333333333334
509.9999999999999 -693.3333333333334
505.83333333333326 -685.8333333333335
515.0 -696.6666666666667
514.1666666666666 -695.8333333333335
513.3333333333333 -695.0000000000001
512.4999999999999 -694.1666666666667
520.8333333333333 -701.6666666666667
524.1666666666666 -705.0
513.3333333333333 -695.0000000000001
504.9999999999999 -685.0000000000002
522.5 -703.3333333333334
505.83333333333326 -685.8333333333335
523.3333333333333 -704.1666666666666
506.66666666666663 -686.6666666666669
511.6666666666666 -694.1666666666666
507.49999999999994 -687.5000000000002
517.5 -698.3333333333334
504.1666666666666 -684.1666666666669
506.66666666666663 -686.6666666666669
522.5 -703.3333333333334
515.8333333333333 -697.5000000000001
512.4999999999999 -694.1666666666667
518.3333333333333 -700.8333333333334
512.4999999999999 -694.1666666666667
504.9999999999999 -685.0000000000002
506.66666666666663 -686.6666666666669
517.5 -698.3333333333334
517.5 -698.3333333333334
514.1666666666665 -695.8333333333334
515.0 -696.6666666666667
515.0 -696.6666666666667
514.1666666666666 -695.8333333333335
522.5 -703.3333333333334
503.33333333333326 -682.5000000000002
508.33333333333326 -689.1666666666667
517.5 -698.3333333333334
521.6666666666666 -702.5
512.4999999999999 -694.1666666666667
513.3333333333333 -695.0000000000001
514.1666666666666 -695.8333333333335
514.1666666666666 -695.8333333333335
517.5 -698.3333333333334
505.83333333333326 -685.8333333333335
509.1666666666666 -690.8333333333335
