502.5 -579.1666666666663
505.83333333333326 -690.0000000000001
505.83333333333326 -690.0000000000001
509.1666666666666 -694.1666666666667
507.49999999999994 -691.6666666666669
519.1666666666665 -706.6666666666666
515.8333333333333 -703.3333333333333
522.5 -710.0
517.4999999999999 -705.0
509.1666666666666 -694.1666666666667
505.83333333333326 -690.0000000000001
525.8333333333333 -712.4999999999999
505.83333333333326 -690.0000000000001
514.9999999999999 -702.5
504.99999999999994 -689.1666666666669
509.9999999999999 -695.8333333333334
514.9999999999999 -702.5
505.83333333333326 -690.0000000000001
504.1666666666666 -688.3333333333335
508.33333333333326 -692.5000000000002
509.1666666666666 -694.1666666666667
510.83333333333326 -697.5
529.1666666666667 -714.1666666666666
526.6666666666666 -713.3333333333333
512.4999999999999 -699.1666666666667
516.6666666666665 -704.1666666666666
518.3333333333333 -705.8333333333334
503.33333333333326 -685.8333333333335
522.5 -710.0
515.8333333333333 -703.3333333333333
535.0 -714.9999999999999
520.8333333333333 -708.3333333333334
518.3333333333333 -705.8333333333334
506.6666666666666 -690.8333333333335
513.3333333333333 -700.8333333333333
514.1666666666665 -700.8333333333334
515.8333333333333 -703.3333333333333
