502.5 -579.1666666666663
506.66666666666663 -692.5000000000002
527.5 -716.6666666666666
506.66666666666663 -692.5000000000002
506.66666666666663 -692.5000000000002
527.5 -716.6666666666666
506.6666666666666 -692.5000000000001
520.8333333333333 -711.6666666666666
509.1666666666666 -697.5000000000001
506.6666666666666 -692.5000000000001
525.8333333333333 -715.0
506.66666666666663 -692.5000000000002
529.1666666666666 -718.3333333333333
506.6666666666666 -692.5000000000001
542.5 -720.8333333333333
529.1666666666666 -718.3333333333333
529.1666666666666 -718.3333333333333
525.8333333333333 -715.0
526.6666666666666 -715.8333333333333
506.6666666666666 -692.5000000000001
509.1666666666666 -697.5000000000001
506.6666666666666 -692.5000000000001
507.4999999999999 -694.1666666666669
517.4999999999999 -708.3333333333334
506.66666666666663 -692.5000000000002
503.33333333333326 -688.3333333333335
509.1666666666666 -697.5000000000001
517.4999999999999 -708.3333333333334
520.8333333333333 -711.6666666666666
513.3333333333333 -702.5
506.6666666666666 -692.5000000000001
506.6666666666666 -692.5000000000001
517.4999999999999 -708.3333333333334
526.6666666666666 -715.8333333333333
526.6666666666666 -715.8333333333333
506.66666666666663 -692.5000000000002
526.6666666666666 -715.8333333333333
506.6666666666666 -692.5000000000001
509.1666666666666 -697.5000000000001
517.4999999999999 -708.3333333333334
506.6666666666666 -692.5000000000001
506.66666666666663 -692.5000000000002
528.3333333333333 -717.5
509.1666666666666 -697.5000000000001
512.4999999999999 -701.6666666666669
523.3333333333333 -714.1666666666666
509.1666666666666 -697.5000000000001
517.4999999999999 -708.3333333333334
503.33333333333326 -688.3333333333335
504.1666666666666 -690.0000000000001
506.6666666666666 -692.5000000000001
506.66666666666663 -692.5000000000002
506.66666666666663 -692.5000000000002
506.6666666666666 -692.5000000000001
509.1666666666666 -697.5000000000001
516.6666666666665 -707.5000000000001
506.66666666666663 -692.5000000000002
506.6666666666666 -692.5000000000001
525.8333333333333 -715.0
518.3333333333333 -709.1666666666667
517.4999999999999 -708.3333333333334
526.6666666666666 -715.8333333333333
512.4999999999999 -701.6666666666669
507.49999999999994 -695.0000000000001
542.5 -720.8333333333333
506.6666666666666 -692.5000000000001
506.6666666666666 -692.5000000000001
514.9999999999999 -705.8333333333334
509.1666666666666 -697.5000000000001
525.8333333333333 -715.0
512.4999999999999 -701.6666666666669
527.5 -716.6666666666666
517.4999999999999 -708.3333333333334
512.4999999999999 -701.6666666666669
517.4999999999999 -708.3333333333334
506.66666666666663 -692.5000000000002
517.4999999999999 -708.3333333333334
506.6666666666666 -692.5000000000001
506.66666666666663 -692.5000000000002
514.9999999999999 -705.8333333333334
506.66666666666663 -692.5000000000002
506.6666666666666 -692.5000000000001
509.1666666666666 -697.5000000000001
509.1666666666666 -697.5000000000001
506.6666666666666 -692.5000000000001
506.66666666666663 -692.5000000000002
542.5 -720.8333333333333
509.1666666666666 -697.5000000000001
506.6666666666666 -692.5000000000001
506.6666666666666 -692.5000000000001
525.8333333333333 -715.0
515.8333333333333 -706.6666666666667
509.1666666666666 -697.5000000000001
514.9999999999999 -705.8333333333334
525.8333333333333 -715.0
523.3333333333333 -714.1666666666666
517.4999999999999 -708.3333333333334
506.66666666666663 -692.5000000000002
509.1666666666666 -697.5000000000001
508.33333333333326 -695.8333333333335
506.66666666666663 -692.5000000000002
506.66666666666663 -692.5000000000002
526.6666666666666 -715.8333333333333
520.8333333333333 -711.6666666666666
507.4999999999999 -694.1666666666669
517.4999999999999 -708.3333333333334
520.8333333333333 -711.6666666666666
517.4999999999999 -708.3333333333334
506.6666666666666 -692.5000000000001
529.1666666666666 -718.3333333333333
514.9999999999999 -705.8333333333334
504.9999999999999 -691.6666666666669
509.1666666666666 -697.5000000000001
515.8333333333333 -706.6666666666667
509.1666666666666 -697.5000000000001
506.66666666666663 -692.5000000000002
506.66666666666663 -692.5000000000002
506.66666666666663 -692.5000000000002
526.6666666666666 -715.8333333333333
514.9999999999999 -705.8333333333334
520.8333333333333 -711.6666666666666
506.66666666666663 -692.5000000000002
504.1666666666666 -690.0000000000001
506.66666666666663 -692.5000000000002
506.66666666666663 -692.5000000000002
506.6666666666666 -692.5000000000001
522.4999999999999 -713.3333333333334
506.6666666666666 -692.5000000000001
509.1666666666666 -697.5000000000001
512.4999999999999 -701.6666666666669
517.4999999999999 -708.3333333333334
509.1666666666666 -697.5000000000001
520.8333333333333 -711.6666666666666
506.6666666666666 -692.5000000000001
506.6666666666666 -692.5000000000001
506.66666666666663 -692.5000000000002
528.3333333333333 -717.5
520.8333333333333 -711.6666666666666
519.1666666666665 -710.0000000000001
517.4999999999999 -708.3333333333334
506.66666666666663 -692.5000000000002
507.4999999999999 -694.1666666666669
526.6666666666666 -715.8333333333333
506.66666666666663 -692.5000000000002
506.66666666666663 -692.5000000000002
526.6666666666666 -715.8333333333333
514.9999999999999 -705.8333333333334
517.4999999999999 -708.3333333333334
514.1666666666665 -705.0000000000001
523.3333333333333 -714.1666666666666
528.3333333333333 -717.5
519.9999999999999 -710.8333333333335
515.8333333333333 -706.6666666666667
506.6666666666666 -692.5000000000001
523.3333333333333 -714.1666666666666
517.4999999999999 -708.3333333333334
518.3333333333333 -709.1666666666667
522.4999999999999 -713.3333333333334
506.6666666666666 -692.5000000000001
525.8333333333333 -715.0
520.8333333333333 -711.6666666666666
506.6666666666666 -692.5000000000001
506.66666666666663 -692.5000000000002
506.6666666666666 -692.5000000000001
507.49999999999994 -695.0000000000001
514.9999999999999 -705.8333333333334
519.1666666666665 -710.0000000000001
517.4999999999999 -708.3333333333334
522.4999999999999 -713.3333333333334
520.8333333333333 -711.6666666666666
512.4999999999999 -701.6666666666669
525.0 -714.1666666666667
508.33333333333326 -695.8333333333335
520.8333333333333 -711.6666666666666
527.5 -716.6666666666666
519.1666666666665 -710.0000000000001
504.1666666666666 -690.0000000000001
521.6666666666665 -712.5000000000001
528.3333333333333 -717.5
506.66666666666663 -692.5000000000002
509.9999999999999 -700.8333333333334
