502.5 -579.1666666666663
542.5 -720.8333333333333
542.5 -720.8333333333333
503.33333333333326 -688.3333333333335
541.6666666666667 -720.0
509.9999999999999 -700.8333333333334
504.9999999999999 -693.3333333333335
512.4999999999999 -703.3333333333334
525.8333333333333 -715.8333333333333
519.9999999999999 -710.8333333333335
512.4999999999999 -703.3333333333334
506.6666666666666 -695.0000000000001
506.6666666666666 -695.0000000000001
518.3333333333333 -710.0
520.8333333333333 -712.5
526.6666666666666 -715.8333333333334
524.1666666666665 -715.0000000000001
508.33333333333326 -696.6666666666669
514.1666666666665 -705.0000000000001
504.1666666666666 -690.0000000000001
509.1666666666666 -697.5000000000001
514.1666666666665 -705.0000000000001
508.33333333333326 -696.6666666666669
504.1666666666666 -690.0000000000001
503.33333333333326 -688.3333333333335
523.3333333333333 -714.1666666666666
514.9999999999999 -705.8333333333334
516.6666666666665 -707.5000000000001
522.4999999999999 -713.3333333333334
527.5 -716.6666666666667
514.9999999999999 -705.8333333333334
522.4999999999999 -713.3333333333334
509.1666666666666 -697.5000000000001
527.5 -716.6666666666667
521.6666666666665 -712.5000000000001
516.6666666666665 -707.5000000000001
523.3333333333333 -714.1666666666666
524.1666666666665 -715.0000000000001
521.6666666666665 -712.5000000000001
542.5 -720.8333333333333
504.1666666666666 -690.0000000000001
509.1666666666666 -697.5000000000001
503.33333333333326 -688.3333333333335
514.9999999999999 -705.8333333333334
522.4999999999999 -713.3333333333334
523.3333333333333 -714.1666666666666
509.1666666666666 -697.5000000000001
509.1666666666666 -697.5000000000001
509.1666666666666 -697.5000000000001
509.1666666666666 -697.5000000000001
509.1666666666666 -697.5000000000001
509.1666666666666 -697.5000000000001
509.1666666666666 -697.5000000000001
514.9999999999999 -705.8333333333334
509.1666666666666 -697.5000000000001
509.1666666666666 -697.5000000000001
509.1666666666666 -697.5000000000001
509.1666666666666 -697.5000000000001
514.9999999999999 -705.8333333333334
523.3333333333333 -714.1666666666666
509.1666666666666 -697.5000000000001
514.9999999999999 -705.8333333333334
509.1666666666666 -697.5000000000001
509.1666666666666 -697.5000000000001
514.9999999999999 -705.8333333333334
504.1666666666666 -690.0000000000001
509.1666666666666 -697.5000000000001
509.1666666666666 -697.5000000000001
514.9999999999999 -705.8333333333334
523.3333333333333 -714.1666666666666
523.3333333333333 -714.1666666666666
522.4999999999999 -713.3333333333334
503.33333333333326 -688.3333333333335
516.6666666666665 -707.5000000000001
514.9999999999999 -705.8333333333334
509.1666666666666 -697.5000000000001
514.1666666666665 -705.0000000000001
516.6666666666665 -707.5000000000001
514.9999999999999 -705.8333333333334
508.33333333333326 -696.6666666666669
508.33333333333326 -696.6666666666669
509.1666666666666 -697.5000000000001
527.5 -716.6666666666667
503.33333333333326 -688.3333333333335
516.6666666666665 -707.5000000000001
516.6666666666665 -707.5000000000001
509.1666666666666 -697.5000000000001
521.6666666666665 -712.5000000000001
516.6666666666665 -707.5000000000001
527.5 -716.6666666666667
521.6666666666665 -712.5000000000001
521.6666666666665 -712.5000000000001
521.6666666666665 -712.5000000000001
521.6666666666665 -712.5000000000001
514.1666666666665 -705.0000000000001
508.33333333333326 -696.6666666666669
527.5 -716.6666666666667
516.6666666666665 -707.5000000000001
527.5 -716.6666666666667
516.6666666666665 -707.5000000000001
508.33333333333326 -696.6666666666669
516.6666666666665 -707.5000000000001
523.3333333333333 -714.1666666666666
521.6666666666665 -712.5000000000001
521.6666666666665 -712.5000000000001
521.6666666666665 -712.5000000000001
514.1666666666665 -705.0000000000001
521.6666666666665 -712.5000000000001
521.6666666666665 -712.5000000000001
516.6666666666665 -707.5000000000001
521.6666666666665 -712.5000000000001
514.1666666666665 -705.0000000000001
514.9999999999999 -705.8333333333334
514.9999999999999 -705.8333333333334
516.6666666666665 -707.5000000000001
521.6666666666665 -712.5000000000001
521.6666666666665 -712.5000000000001
508.33333333333326 -696.6666666666669
514.1666666666665 -705.0000000000001
523.3333333333333 -714.1666666666666
512.4999999999999 -703.3333333333334
514.9999999999999 -705.8333333333334
504.1666666666666 -690.0000000000001
524.1666666666665 -715.0000000000001
509.1666666666666 -697.5000000000001
514.1666666666665 -705.0000000000001
505.83333333333326 -694.1666666666669
519.1666666666665 -710.8333333333334
515.8333333333333 -706.6666666666669
514.1666666666665 -705.0000000000001
518.3333333333333 -710.0
528.3333333333333 -718.3333333333333
516.6666666666665 -707.5000000000001
516.6666666666665 -707.5000000000001
516.6666666666665 -707.5000000000001
530.0 -719.1666666666667
541.6666666666667 -720.0
509.1666666666666 -697.5000000000001
517.4999999999999 -708.3333333333335
522.4999999999999 -713.3333333333334
516.6666666666665 -707.5000000000001
516.6666666666665 -707.5000000000001
524.1666666666665 -715.0000000000001
