502.5 -579.1666666666663
509.9999999999999 -700.8333333333335
523.3333333333333 -715.0000000000001
541.6666666666666 -720.0000000000001
541.6666666666666 -720.0000000000001
509.9999999999999 -700.8333333333335
512.5 -704.1666666666669
523.3333333333333 -715.0000000000001
509.9999999999999 -700.8333333333335
509.9999999999999 -700.8333333333335
529.1666666666666 -719.1666666666667
512.5 -704.1666666666669
509.99999999999994 -701.6666666666669
509.9999999999999 -700.8333333333335
512.5 -704.1666666666669
516.6666666666665 -709.1666666666666
512.5 -704.1666666666669
516.6666666666665 -709.1666666666666
509.1666666666666 -700.8333333333334
517.5 -710.0000000000001
519.1666666666665 -711.6666666666666
519.1666666666665 -711.6666666666666
518.3333333333333 -710.8333333333334
528.3333333333333 -719.1666666666666
516.6666666666665 -709.1666666666666
518.3333333333333 -710.8333333333334
509.9999999999999 -700.8333333333335
512.4999999999999 -704.1666666666667
509.9999999999999 -700.8333333333335
525.8333333333333 -716.6666666666666
541.6666666666667 -720.8333333333333
515.8333333333333 -708.3333333333334
519.1666666666665 -711.6666666666666
542.5 -721.6666666666665
505.83333333333326 -695.0000000000002
514.1666666666665 -706.6666666666666
517.4999999999999 -710.0
517.4999999999999 -710.0
523.3333333333333 -715.0000000000001
509.99999999999994 -701.6666666666669
516.6666666666665 -709.1666666666666
543.3333333333334 -721.6666666666666
512.4999999999999 -704.1666666666667
523.3333333333333 -715.0000000000001
515.8333333333333 -708.3333333333334
509.9999999999999 -700.8333333333335
515.8333333333333 -708.3333333333334
528.3333333333333 -719.1666666666666
509.99999999999994 -701.6666666666669
506.6666666666666 -696.6666666666669
508.33333333333326 -699.1666666666667
523.3333333333333 -715.0000000000001
518.3333333333333 -710.8333333333334
519.1666666666666 -711.6666666666667
508.33333333333326 -699.1666666666667
518.3333333333333 -710.8333333333334
516.6666666666666 -709.1666666666667
541.6666666666667 -720.8333333333333
512.5 -704.1666666666669
514.9999999999999 -707.5
515.8333333333333 -708.3333333333334
513.3333333333333 -705.8333333333334
520.8333333333333 -713.3333333333334
518.3333333333333 -710.8333333333334
525.8333333333333 -716.6666666666666
528.3333333333333 -719.1666666666666
518.3333333333333 -710.8333333333334
525.8333333333334 -716.6666666666667
529.1666666666666 -719.1666666666667
525.8333333333333 -716.6666666666666
509.9999999999999 -700.8333333333335
518.3333333333333 -710.8333333333334
542.5 -721.6666666666665
520.8333333333333 -713.3333333333334
520.8333333333333 -713.3333333333334
512.4999999999999 -704.1666666666667
519.1666666666665 -711.6666666666666
517.4999999999999 -710.0
509.9999999999999 -700.8333333333335
522.5 -715.0
507.4999999999999 -697.5000000000002
505.83333333333326 -695.0000000000002
520.8333333333333 -713.3333333333334
503.33333333333326 -691.6666666666667
518.3333333333333 -710.8333333333334
518.3333333333333 -710.8333333333334
515.8333333333333 -708.3333333333334
511.6666666666666 -703.3333333333335
515.8333333333333 -708.3333333333334
516.6666666666666 -709.1666666666667
512.5 -704.1666666666669
516.6666666666665 -709.1666666666666
516.6666666666666 -709.1666666666667
525.8333333333333 -716.6666666666666
519.1666666666665 -711.6666666666666
515.8333333333333 -708.3333333333334
520.8333333333333 -713.3333333333334
517.5 -710.0000000000001
505.83333333333326 -695.0000000000002
516.6666666666665 -709.1666666666666
516.6666666666666 -709.1666666666667
509.1666666666666 -700.8333333333334
519.1666666666665 -711.6666666666666
513.3333333333333 -705.8333333333334
518.3333333333333 -710.8333333333334
509.1666666666666 -700.8333333333334
518.3333333333333 -710.8333333333334
518.3333333333333 -710.8333333333334
515.8333333333333 -708.3333333333334
515.8333333333333 -708.3333333333334
517.5 -710.0000000000001
519.1666666666665 -711.6666666666666
519.1666666666666 -711.6666666666667
518.3333333333333 -710.8333333333334
505.83333333333326 -695.0000000000002
518.3333333333333 -710.8333333333334
514.1666666666665 -706.6666666666666
516.6666666666665 -709.1666666666666
512.5 -704.1666666666669
516.6666666666666 -709.1666666666667
504.9999999999999 -694.1666666666669
518.3333333333333 -710.8333333333334
525.8333333333333 -716.6666666666666
518.3333333333333 -710.8333333333334
520.8333333333333 -713.3333333333334
514.1666666666666 -706.6666666666667
516.6666666666665 -709.1666666666666
519.1666666666666 -711.6666666666667
520.8333333333333 -713.3333333333334
517.4999999999999 -710.0
520.8333333333333 -713.3333333333334
509.99999999999994 -701.6666666666669
518.3333333333333 -710.8333333333334
509.9999999999999 -700.8333333333335
504.9999999999999 -694.1666666666669
505.83333333333326 -695.0000000000002
517.4999999999999 -710.0
516.6666666666665 -709.1666666666666
516.6666666666665 -709.1666666666666
528.3333333333333 -719.1666666666666
514.1666666666665 -706.6666666666666
513.3333333333333 -705.8333333333334
518.3333333333333 -710.8333333333334
519.1666666666665 -711.6666666666666
515.8333333333333 -708.3333333333334
522.5 -715.0
514.9999999999999 -707.5
517.4999999999999 -710.0
525.0 -715.8333333333334
512.5 -704.1666666666669
515.0 -707.5000000000001
522.5 -715.0
504.1666666666666 -693.3333333333335
509.9999999999999 -700.8333333333335
508.3333333333333 -699.1666666666669
516.6666666666665 -709.1666666666666
515.0 -707.5000000000001
516.6666666666665 -709.1666666666666
526.6666666666666 -718.3333333333334
521.6666666666665 -714.1666666666666
520.8333333333333 -713.3333333333334
518.3333333333333 -710.8333333333334
516.6666666666665 -709.1666666666666
511.6666666666666 -703.3333333333335
510.83333333333326 -702.5000000000002
519.9999999999999 -712.5000000000001
