502.5 -579.1666666666663
529.1666666666666 -719.1666666666667
528.3333333333333 -719.1666666666666
525.8333333333333 -716.6666666666666
541.6666666666667 -720.8333333333333
515.8333333333333 -708.3333333333334
542.5 -721.6666666666665
505.83333333333326 -695.0000000000002
543.3333333333334 -721.6666666666666
515.8333333333333 -708.3333333333334
515.8333333333333 -708.3333333333334
528.3333333333333 -719.1666666666666
506.6666666666666 -696.6666666666669
508.33333333333326 -699.1666666666667
508.33333333333326 -699.1666666666667
541.6666666666667 -720.8333333333333
515.8333333333333 -708.3333333333334
513.3333333333333 -705.8333333333334
525.8333333333333 -716.6666666666666
528.3333333333333 -719.1666666666666
529.1666666666666 -719.1666666666667
525.8333333333333 -716.6666666666666
542.5 -721.6666666666665
522.5 -715.0
505.83333333333326 -695.0000000000002
503.33333333333326 -691.6666666666667
515.8333333333333 -708.3333333333334
515.8333333333333 -708.3333333333334
525.8333333333333 -716.6666666666666
515.8333333333333 -708.3333333333334
505.83333333333326 -695.0000000000002
513.3333333333333 -705.8333333333334
515.8333333333333 -708.3333333333334
515.8333333333333 -708.3333333333334
505.83333333333326 -695.0000000000002
504.9999999999999 -694.1666666666669
525.8333333333333 -716.6666666666666
504.9999999999999 -694.1666666666669
505.83333333333326 -695.0000000000002
528.3333333333333 -719.1666666666666
513.3333333333333 -705.8333333333334
515.8333333333333 -708.3333333333334
522.5 -715.0
522.5 -715.0
504.1666666666666 -693.3333333333335
508.3333333333333 -699.1666666666669
526.6666666666666 -718.3333333333334
510.83333333333326 -702.5000000000002
519.9999999999999 -712.5000000000001
514.1666666666665 -706.6666666666667
515.8333333333333 -708.3333333333334
506.6666666666666 -696.6666666666669
528.3333333333333 -719.1666666666666
528.3333333333333 -719.1666666666666
515.8333333333333 -708.3333333333334
515.8333333333333 -708.3333333333334
525.8333333333333 -716.6666666666666
515.8333333333333 -708.3333333333334
515.8333333333333 -708.3333333333334
522.5 -715.0
517.5 -710.8333333333334
512.4999999999999 -705.0
503.33333333333326 -691.6666666666667
509.1666666666666 -701.6666666666667
504.9999999999999 -694.1666666666669
515.8333333333333 -708.3333333333334
528.3333333333333 -719.1666666666666
507.4999999999999 -698.3333333333334
540.8333333333334 -720.0000000000001
520.0 -713.3333333333334
525.8333333333333 -716.6666666666666
515.8333333333333 -708.3333333333334
513.3333333333333 -705.8333333333334
515.8333333333333 -708.3333333333334
516.6666666666665 -710.0
504.9999999999999 -694.1666666666669
525.8333333333333 -716.6666666666666
525.8333333333333 -716.6666666666666
505.83333333333326 -695.0000000000002
505.83333333333326 -695.0000000000002
509.1666666666666 -701.6666666666667
529.1666666666666 -719.1666666666667
518.3333333333333 -711.6666666666667
512.4999999999999 -705.0
514.9999999999999 -707.5000000000001
515.8333333333333 -708.3333333333334
505.83333333333326 -695.0000000000002
515.8333333333333 -708.3333333333334
505.83333333333326 -695.0000000000002
525.8333333333333 -716.6666666666666
507.49999999999994 -698.3333333333335
523.3333333333333 -715.8333333333334
504.9999999999999 -694.1666666666669
522.5 -715.0
525.8333333333333 -716.6666666666666
540.0 -720.0
513.3333333333333 -705.8333333333334
505.83333333333326 -695.0000000000002
513.3333333333333 -705.8333333333334
508.33333333333326 -699.1666666666667
517.4999999999999 -710.0000000000001
525.8333333333334 -717.5000000000001
509.99999999999994 -702.5000000000001
514.1666666666665 -706.6666666666667
525.8333333333333 -716.6666666666666
526.6666666666666 -718.3333333333334
515.8333333333333 -708.3333333333334
511.6666666666666 -704.1666666666667
515.8333333333333 -708.3333333333334
505.83333333333326 -695.0000000000002
514.1666666666665 -706.6666666666667
541.6666666666667 -720.8333333333333
510.83333333333326 -702.5000000000002
523.3333333333333 -715.8333333333334
528.3333333333333 -719.1666666666666
517.4999999999999 -710.0000000000001
525.8333333333333 -716.6666666666666
513.3333333333333 -705.8333333333334
522.5 -715.0
529.1666666666666 -719.1666666666667
515.8333333333333 -708.3333333333334
525.8333333333333 -716.6666666666666
505.83333333333326 -695.0000000000002
514.1666666666665 -706.6666666666667
520.8333333333333 -714.1666666666667
