502.5 -579.1666666666663
543.3333333333334 -721.6666666666666
504.9999999999999 -694.1666666666669
504.9999999999999 -694.1666666666669
512.4999999999999 -705.0
504.9999999999999 -694.1666666666669
520.0 -713.3333333333334
504.9999999999999 -694.1666666666669
518.3333333333333 -711.6666666666667
512.4999999999999 -705.0
523.3333333333333 -715.8333333333334
504.9999999999999 -694.1666666666669
523.3333333333333 -715.8333333333334
520.8333333333333 -714.1666666666667
506.6666666666666 -697.5000000000001
504.9999999999999 -694.1666666666669
520.0 -713.3333333333334
512.4999999999999 -705.0
523.3333333333333 -715.8333333333334
523.3333333333333 -715.8333333333334
504.9999999999999 -694.1666666666669
522.5 -715.0000000000001
528.3333333333333 -720.0000000000001
522.5 -715.0000000000001
515.8333333333333 -710.8333333333335
504.9999999999999 -694.1666666666669
522.5 -715.0000000000001
522.5 -715.0000000000001
543.3333333333334 -721.6666666666666
519.1666666666666 -712.5000000000001
504.9999999999999 -694.1666666666669
506.6666666666666 -697.5000000000001
504.9999999999999 -694.1666666666669
506.6666666666666 -697.5000000000001
506.6666666666666 -697.5000000000001
523.3333333333333 -715.8333333333334
504.9999999999999 -694.1666666666669
519.1666666666666 -712.5000000000001
522.5 -715.0000000000001
504.9999999999999 -694.1666666666669
541.6666666666666 -720.8333333333334
520.8333333333333 -714.1666666666667
514.1666666666665 -709.1666666666667
519.1666666666666 -712.5000000000001
504.9999999999999 -694.1666666666669
504.9999999999999 -694.1666666666669
504.9999999999999 -694.1666666666669
518.3333333333333 -711.6666666666667
504.9999999999999 -694.1666666666669
518.3333333333333 -711.6666666666667
541.6666666666667 -721.6666666666665
506.6666666666666 -697.5000000000001
506.6666666666666 -697.5000000000001
523.3333333333333 -715.8333333333334
506.6666666666666 -697.5000000000001
522.5 -715.0000000000001
513.3333333333333 -705.8333333333335
504.9999999999999 -694.1666666666669
504.9999999999999 -694.1666666666669
523.3333333333333 -715.8333333333334
504.9999999999999 -694.1666666666669
527.5 -719.1666666666669
504.9999999999999 -694.1666666666669
505.8333333333332 -695.0000000000001
518.3333333333333 -711.6666666666667
504.9999999999999 -694.1666666666669
523.3333333333333 -715.8333333333334
507.4999999999999 -698.3333333333335
518.3333333333333 -711.6666666666667
522.5 -715.0000000000001
528.3333333333333 -720.0000000000001
504.9999999999999 -694.1666666666669
504.9999999999999 -694.1666666666669
522.5 -715.0000000000001
519.1666666666665 -712.5
513.3333333333333 -705.8333333333335
504.9999999999999 -694.1666666666669
504.9999999999999 -694.1666666666669
504.9999999999999 -694.1666666666669
505.83333333333326 -695.8333333333335
524.1666666666666 -715.8333333333335
506.6666666666666 -697.5000000000001
522.5 -715.0000000000001
514.9999999999999 -710.0000000000001
525.8333333333333 -718.3333333333334
504.9999999999999 -694.1666666666669
520.8333333333333 -714.1666666666667
518.3333333333333 -711.6666666666667
518.3333333333333 -711.6666666666667
504.9999999999999 -694.1666666666669
504.9999999999999 -694.1666666666669
504.9999999999999 -694.1666666666669
506.6666666666666 -697.5000000000001
520.0 -713.3333333333334
523.3333333333333 -715.8333333333334
512.5 -705.0000000000002
504.9999999999999 -694.1666666666669
520.0 -713.3333333333334
508.3333333333332 -700.8333333333334
509.1666666666666 -704.1666666666669
513.3333333333333 -705.8333333333335
504.9999999999999 -694.1666666666669
504.9999999999999 -694.1666666666669
504.9999999999999 -694.1666666666669
514.9999999999999 -710.0000000000001
503.33333333333326 -693.3333333333335
504.9999999999999 -694.1666666666669
528.3333333333333 -720.0000000000001
518.3333333333333 -711.6666666666667
518.3333333333333 -711.6666666666667
525.0 -717.5000000000001
518.3333333333333 -711.6666666666667
518.3333333333333 -711.6666666666667
521.6666666666665 -715.0
512.4999999999999 -705.0
504.9999999999999 -694.1666666666669
523.3333333333333 -715.8333333333334
523.3333333333333 -715.8333333333334
506.6666666666666 -697.5000000000001
512.4999999999999 -705.0
