540.0 -945.0 
540.0 -945.0 
516.0 -925.0 
516.0 -925.0 
535.0 -943.0 
522.0 -935.0 
531.0 -941.0 
527.0 -936.0 
520.0 -931.0 
519.0 -929.0 
519.0 -929.0 
528.0 -938.0 
520.0 -931.0 
528.0 -938.0 
530.0 -940.0 
522.0 -935.0 
530.0 -940.0 
527.0 -936.0 
516.0 -925.0 
519.0 -929.0 
522.0 -935.0 
530.0 -940.0 
527.0 -936.0 
516.0 -925.0 
519.0 -929.0 
522.0 -935.0 
530.0 -940.0 
527.0 -936.0 
516.0 -925.0 
519.0 -929.0 
522.0 -935.0 
530.0 -940.0 
527.0 -936.0 
519.0 -929.0 
522.0 -935.0 
530.0 -940.0 
527.0 -936.0 
519.0 -929.0 
522.0 -935.0 
530.0 -940.0 
527.0 -936.0 
519.0 -929.0 
522.0 -935.0 
530.0 -940.0 
527.0 -936.0 
522.0 -935.0 
530.0 -940.0 
527.0 -936.0 
522.0 -935.0 
530.0 -940.0 
527.0 -936.0 
522.0 -935.0 
530.0 -940.0 
527.0 -936.0 
522.0 -935.0 
530.0 -940.0 
527.0 -936.0 
522.0 -935.0 
530.0 -940.0 
527.0 -936.0 
522.0 -935.0 
530.0 -940.0 
527.0 -936.0 
522.0 -935.0 
530.0 -940.0 
527.0 -936.0 
522.0 -935.0 
530.0 -940.0 
527.0 -936.0 
522.0 -935.0 
530.0 -940.0 
527.0 -936.0 
530.0 -940.0 
527.0 -936.0 
530.0 -940.0 
527.0 -936.0 
530.0 -940.0 
527.0 -936.0 
527.0 -936.0 
527.0 -936.0 
527.0 -936.0 
527.0 -936.0 
527.0 -936.0 
527.0 -936.0 
527.0 -936.0 
527.0 -936.0 
527.0 -936.0 
527.0 -936.0 
527.0 -936.0 
527.0 -936.0 
527.0 -936.0 
527.0 -936.0 
527.0 -936.0 
527.0 -936.0 
527.0 -936.0 
527.0 -936.0 
527.0 -936.0 
527.0 -936.0 
527.0 -936.0 
527.0 -936.0 
527.0 -936.0 
527.0 -936.0 
527.0 -936.0 
527.0 -936.0 
527.0 -936.0 
527.0 -936.0 
527.0 -936.0 
527.0 -936.0 
527.0 -936.0 
527.0 -936.0 
527.0 -936.0 
527.0 -936.0 
527.0 -936.0 
527.0 -936.0 
527.0 -936.0 
527.0 -936.0 
527.0 -936.0 
527.0 -936.0 
527.0 -936.0 
527.0 -936.0 
527.0 -936.0 
527.0 -936.0 
527.0 -936.0 
527.0 -936.0 
527.0 -936.0 
527.0 -936.0 
527.0 -936.0 
527.0 -936.0 
527.0 -936.0 
527.0 -936.0 
527.0 -936.0 
516.0 -925.0 
522.0 -935.0 
527.0 -936.0 
519.0 -929.0 
527.0 -936.0 
527.0 -936.0 
527.0 -936.0 
530.0 -940.0 
527.0 -936.0 
527.0 -936.0 
527.0 -936.0 
520.0 -931.0 
527.0 -936.0 
527.0 -936.0 
527.0 -936.0 
527.0 -936.0 
527.0 -936.0 
527.0 -936.0 
527.0 -936.0 
527.0 -936.0 
527.0 -936.0 
527.0 -936.0 
519.0 -929.0 
530.0 -940.0 
527.0 -936.0 
527.0 -936.0 
527.0 -936.0 
527.0 -936.0 
522.0 -935.0 
527.0 -936.0 
522.0 -935.0 
527.0 -936.0 
527.0 -936.0 
527.0 -936.0 
527.0 -936.0 
527.0 -936.0 
527.0 -936.0 
522.0 -935.0 
530.0 -940.0 
519.0 -929.0 
522.0 -935.0 
522.0 -935.0 
527.0 -936.0 
527.0 -936.0 
527.0 -936.0 
522.0 -935.0 
527.0 -936.0 
527.0 -936.0 
522.0 -935.0 
527.0 -936.0 
527.0 -936.0 
527.0 -936.0 
527.0 -936.0 
516.0 -925.0 
527.0 -936.0 
527.0 -936.0 
522.0 -935.0 
530.0 -940.0 
530.0 -940.0 
530.0 -940.0 
530.0 -940.0 
516.0 -925.0 
527.0 -936.0 
527.0 -936.0 
519.0 -929.0 
522.0 -935.0 
516.0 -925.0 
527.0 -936.0 
527.0 -936.0 
527.0 -936.0 
516.0 -925.0 
527.0 -936.0 
527.0 -936.0 
527.0 -936.0 
527.0 -936.0 
527.0 -936.0 
527.0 -936.0 
519.0 -929.0 
519.0 -929.0 
527.0 -936.0 
527.0 -936.0 
527.0 -936.0 
527.0 -936.0 
527.0 -936.0 
527.0 -936.0 
527.0 -936.0 
527.0 -936.0 
522.0 -935.0 
527.0 -936.0 
527.0 -936.0 
530.0 -940.0 
516.0 -925.0 
527.0 -936.0 
527.0 -936.0 
527.0 -936.0 
522.0 -935.0 
522.0 -935.0 
522.0 -935.0 
527.0 -936.0 
522.0 -935.0 
527.0 -936.0 
527.0 -936.0 
527.0 -936.0 
522.0 -935.0 
527.0 -936.0 
527.0 -936.0 
527.0 -936.0 
522.0 -935.0 
527.0 -936.0 
530.0 -940.0 
519.0 -929.0 
527.0 -936.0 
527.0 -936.0 
527.0 -936.0 
522.0 -935.0 
530.0 -940.0 
522.0 -935.0 
527.0 -936.0 
522.0 -935.0 
527.0 -936.0 
527.0 -936.0 
527.0 -936.0 
527.0 -936.0 
527.0 -936.0 
527.0 -936.0 
527.0 -936.0 
527.0 -936.0 
530.0 -940.0 
527.0 -936.0 
522.0 -935.0 
527.0 -936.0 
527.0 -936.0 
527.0 -936.0 
527.0 -936.0 
516.0 -925.0 
522.0 -935.0 
522.0 -935.0 
527.0 -936.0 
522.0 -935.0 
530.0 -940.0 
530.0 -940.0 
527.0 -936.0 
522.0 -935.0 
527.0 -936.0 
522.0 -935.0 
519.0 -929.0 
530.0 -940.0 
527.0 -936.0 
527.0 -936.0 
522.0 -935.0 
527.0 -936.0 
519.0 -929.0 
527.0 -936.0 
516.0 -925.0 
527.0 -936.0 
522.0 -935.0 
527.0 -936.0 
527.0 -936.0 
527.0 -936.0 
527.0 -936.0 
527.0 -936.0 
522.0 -935.0 
527.0 -936.0 
527.0 -936.0 
527.0 -936.0 
527.0 -936.0 
527.0 -936.0 
516.0 -925.0 
527.0 -936.0 
