2284 -1150.8133333333333 300
2285 -1150.8066666666666 300
2286 -1150.99 300
2287 -1151.04 300
2288 -1151.74 300
2289 -1152.8066666666666 300
2290 -1153.02 300
2291 -1153.7833333333333 300
2292 -1155.1533333333334 300
2293 -1159.26 300
2294 -1166.36 300
2295 -1179.73 300
2296 -1173.48 300
2297 -1173.4066666666668 300
2298 -1171.7033333333334 300
2299 -1168.9966666666667 300
2300 -1175.8933333333334 300
2301 -1173.2466666666667 300
2302 -1174.17 300
2303 -1169.4033333333334 300
2304 -1165.6566666666668 300
2305 -1160.4533333333334 300
2306 -1162.3166666666666 300
2307 -1161.0333333333333 300
2308 -1159.4033333333334 300
2309 -1156.99 300
2310 -1153.9966666666667 300
2311 -1150.4766666666667 300
2312 -1150.5533333333333 300
2313 -1150.67 300
2314 -1156.8733333333332 300
2315 -1163.7233333333334 300
2316 -1168.0233333333333 300
2317 -1166.8633333333332 300
2318 -1162.5066666666667 300
2319 -1154.8366666666666 300
2320 -1150.9233333333334 300
2321 -1148.9 300
2322 -1147.0433333333333 300
2323 -1152.35 300
2324 -1155.11 300
2325 -1154.3466666666666 300
2326 -1154.8733333333332 300
2327 -1156.1666666666667 300
2328 -1158.1533333333334 300
2329 -1159.84 300
2330 -1157.3033333333333 300
2331 -1157.0033333333333 300
2332 -1159.02 300
2333 -1166.0466666666666 300
2334 -1165.2333333333333 300
2335 -1177.6333333333334 300
2336 -1174.4166666666667 300
2337 -1169.7366666666667 300
2338 -1163.2066666666667 300
2339 -1155.06 300
2340 -1153.3933333333334 300
2341 -1152.6133333333332 300
2342 -1153.87 300
2343 -1155.28 300
2344 -1148.1366666666668 300
2345 -1141.26 300
2346 -1136.9366666666667 300
2347 -1136.5733333333333 300
2348 -1118.5633333333333 300
2349 -1121.35 300
2350 -1126.7233333333334 300
2351 -1135.55 300
2352 -1138.3733333333332 300
2353 -1138.5633333333333 300
2354 -1138.5466666666666 300
2355 -1138.8766666666668 300
2356 -1138.73 300
2357 -1138.3566666666666 300
2358 -1138.0333333333333 300
2359 -1137.5933333333332 300
2360 -1136.9233333333334 300
2361 -1138.3166666666666 300
2362 -1138.77 300
2363 -1139.6066666666666 300
2364 -1140.15 300
2365 -1141.5766666666666 300
2366 -1142.99 300
2367 -1145.66 300
2368 -1145.1466666666668 300
2369 -1144.33 300
2370 -1143.2466666666667 300
2371 -1141.9266666666667 300
2372 -1143.5166666666667 300
2373 -1144.9333333333334 300
2374 -1146.86 300
2375 -1149.5533333333333 300
2376 -1150.93 300
2377 -1154.9366666666667 300
2378 -1155.93 300
2379 -1157.1533333333334 300
2380 -1159.2466666666667 300
2381 -1161.87 300
2382 -1166.72 300
2383 -1165.3533333333332 300
2384 -1159.4166666666667 300
2385 -1159.53 300
2386 -1148.3533333333332 300
2387 -1148.7733333333333 300
2388 -1148.9133333333334 300
2389 -1149.1266666666668 300
2390 -1149.5466666666666 300
2391 -1150.13 300
2392 -1150.3066666666666 300
2393 -1150.5066666666667 300
2394 -1150.9833333333333 300
2395 -1151.79 300
2396 -1153.04 300
2397 -1153.4966666666667 300
2398 -1155.09 300
2399 -1156.5566666666666 300
2400 -1159.0866666666666 300
2401 -1152.2933333333333 300
2402 -1153.1 300
2403 -1153.6933333333334 300
2404 -1154.6566666666668 300
2405 -1156.21 300
2406 -1160.1466666666668 300
2407 -1151.8 300
2408 -1149.29 300
2409 -1149.5333333333333 300
2410 -1150.1866666666667 300
2411 -1150.4933333333333 300
2412 -1151.1233333333332 300
2413 -1151.8533333333332 300
2414 -1153.1566666666668 300
2415 -1152.5633333333333 300
2416 -1150.7133333333334 300
2417 -1151.65 300
2418 -1152.1633333333334 300
2419 -1153.6966666666667 300
2420 -1154.6233333333332 300
2421 -1156.4566666666667 300
2422 -1159.8533333333332 300
2423 -1164.15 300
2424 -1168.2366666666667 300
2425 -1173.6933333333334 300
2426 -1185.32 300
2427 -1188.52 300
2428 -1188.4766666666667 300
2429 -1188.12 300
2430 -1187.9 300
2431 -1187.72 300
2432 -1187.6266666666668 300
2433 -1187.57 300
2434 -1187.47 300
2435 -1187.8133333333333 300
2436 -1188.4033333333334 300
2437 -1188.8233333333333 300
2438 -1189.4366666666667 300
2439 -1190.56 300
2440 -1187.0833333333333 300
2441 -1183.6666666666667 300
2442 -1184.9533333333334 300
2443 -1184.64 300
2444 -1184.3633333333332 300
2445 -1183.18 300
2446 -1181.7933333333333 300
2447 -1180.9366666666667 300
2448 -1179.0033333333333 300
2449 -1177.8933333333334 300
2450 -1175.8866666666668 300
2451 -1168.58 300
2452 -1163.9 300
2453 -1154.5333333333333 300
2454 -1143.4766666666667 300
2455 -1139.5866666666666 300
2456 -1139.6933333333334 300
2457 -1139.1566666666668 300
2458 -1138.8233333333333 300
2459 -1138.0033333333333 300
2460 -1138.9033333333334 300
2461 -1143.6133333333332 300
2462 -1144.4866666666667 300
2463 -1144.92 300
2464 -1146.6733333333334 300
2465 -1147.9166666666667 300
2466 -1149.8133333333333 300
2467 -1151.05 300
2468 -1152.1766666666667 300
2469 -1152.6633333333334 300
2470 -1155.8733333333332 300
2471 -1164.0333333333333 300
2472 -1171.3166666666666 300
2473 -1167.75 300
2474 -1183.14 300
2475 -1180.0866666666666 300
2476 -1178.6266666666668 300
2477 -1177.05 300
2478 -1174.1366666666668 300
2479 -1170.45 300
2480 -1164.89 300
2481 -1178.59 300
2482 -1178.12 300
2483 -1177.1533333333334 300
2484 -1176.49 300
2485 -1174.5833333333333 300
2486 -1172.42 300
2487 -1170.7 300
2488 -1167.3533333333332 300
2489 -1160.8333333333333 300
2490 -1153.6966666666667 300
2491 -1141.8 300
2492 -1143.5166666666667 300
2493 -1141.25 300
2494 -1143.39 300
2495 -1141.9533333333334 300
2496 -1138.9266666666667 300
2497 -1141.9833333333333 300
2498 -1136.9566666666667 300
2499 -1139.4 300
2500 -1138.6866666666667 300
2501 -1138.8866666666668 300
2502 -1139.5866666666666 300
2503 -1152.5533333333333 300
2504 -1166.91 300
2505 -1166.6733333333334 300
2506 -1164.1033333333332 300
2507 -1161.34 300
2508 -1159.2966666666666 300
2509 -1161.1266666666668 300
2510 -1159.22 300
2511 -1155.8966666666668 300
2512 -1150.66 300
2513 -1146.2133333333334 300
2514 -1137.19 300
2515 -1124.8233333333333 300
2516 -1122.09 300
2517 -1111.79 300
2518 -1111.9933333333333 300
2519 -1112.63 300
2520 -1112.5266666666666 300
2521 -1111.9866666666667 300
2522 -1111.1066666666666 300
2523 -1116.5233333333333 300
2524 -1118.3166666666666 300
2525 -1116.07 300
2526 -1107.8133333333333 300
2527 -1109.7233333333334 300
2528 -1111.1833333333334 300
2529 -1104.9966666666667 300
2530 -1103.3066666666666 300
2531 -1102.43 300
2532 -1105.37 300
2533 -1108.68 300
2534 -1112.4166666666667 300
2535 -1112.5766666666666 300
2536 -1102.7566666666667 300
2537 -1099.57 300
2538 -1097.7966666666666 300
2539 -1098.79 300
2540 -1102.0133333333333 300
2541 -1106.4566666666667 300
2542 -1105.9433333333334 300
2543 -1105.72 300
2544 -1105.6833333333334 300
2545 -1104.52 300
2546 -1103.3833333333334 300
2547 -1101.4933333333333 300
2548 -1101.9366666666667 300
2549 -1100.01 300
2550 -1100.52 300
2551 -1101.8033333333333 300
2552 -1101.9733333333334 300
2553 -1102.91 300
2554 -1104.1966666666667 300
2555 -1107.7366666666667 300
2556 -1109.8266666666666 300
2557 -1109.4766666666667 300
2558 -1108.4433333333334 300
2559 -1111.53 300
2560 -1114.36 300
2561 -1113.8233333333333 300
2562 -1116.21 300
2563 -1116.4333333333334 300
2564 -1116.73 300
2565 -1116.31 300
2566 -1115.7933333333333 300
2567 -1120.34 300
2568 -1120.8966666666668 300
2569 -1121.0866666666666 300
2570 -1120.4133333333334 300
2571 -1120.3933333333334 300
2572 -1119.9833333333333 300
2573 -1119.6166666666666 300
2574 -1119.1533333333334 300
2575 -1121.11 300
2576 -1121.2266666666667 300
2577 -1119.37 300
2578 -1118.94 300
2579 -1118.29 300
2580 -1121.1933333333334 300
2581 -1121.34 300
2582 -1121.3833333333334 300
2583 -1121.75 300
2584 -1121.5266666666666 300
2585 -1121.6333333333334 300
2586 -1121.74 300
2587 -1121.8433333333332 300
2588 -1122.03 300
2589 -1120.2333333333333 300
2590 -1120.0133333333333 300
2591 -1119.91 300
2592 -1119.22 300
2593 -1119.6233333333332 300
2594 -1120.1466666666668 300
2595 -1121.39 300
2596 -1118.9766666666667 300
2597 -1119.37 300
2598 -1120.6766666666667 300
2599 -1120.7933333333333 300
2600 -1120.64 300
2601 -1120.57 300
2602 -1120.8666666666666 300
2603 -1121.6066666666666 300
2604 -1122.8033333333333 300
2605 -1124.8466666666666 300
2606 -1128.5366666666666 300
2607 -1130.8133333333333 300
2608 -1130.1533333333334 300
2609 -1129.53 300
2610 -1128.89 300
2611 -1127.8633333333332 300
2612 -1126.52 300
2613 -1124.5166666666667 300
2614 -1122.78 300
2615 -1122.9033333333334 300
2616 -1121.78 300
2617 -1119.7266666666667 300
2618 -1119.3633333333332 300
2619 -1122.61 300
2620 -1122.2533333333333 300
2621 -1121.6033333333332 300
2622 -1121.5366666666666 300
2623 -1121.3133333333333 300
2624 -1121.0333333333333 300
2625 -1120.6266666666668 300
2626 -1121.2533333333333 300
2627 -1121.5133333333333 300
2628 -1120.57 300
2629 -1120.9433333333334 300
2630 -1121.5766666666666 300
2631 -1122.1966666666667 300
2632 -1123.5933333333332 300
2633 -1125.3466666666666 300
2634 -1127.2933333333333 300
2635 -1128.5733333333333 300
2636 -1129.7266666666667 300
2637 -1130.9266666666667 300
2638 -1130.5033333333333 300
2639 -1129.9666666666667 300
2640 -1129.1033333333332 300
2641 -1128.2766666666666 300
2642 -1126.8033333333333 300
2643 -1125.13 300
2644 -1122.9933333333333 300
2645 -1122.7833333333333 300
2646 -1124.9833333333333 300
2647 -1125.8566666666666 300
2648 -1124.66 300
2649 -1126.0533333333333 300
2650 -1124.7166666666667 300
2651 -1123.2233333333334 300
2652 -1123.8933333333334 300
2653 -1124.9133333333334 300
2654 -1126.8066666666666 300
2655 -1127.7933333333333 300
2656 -1127.3966666666668 300
2657 -1126.9666666666667 300
2658 -1126.1733333333334 300
2659 -1127.7866666666666 300
2660 -1127.34 300
2661 -1126.36 300
2662 -1125.7233333333334 300
2663 -1124.5466666666666 300
2664 -1123.6666666666667 300
2665 -1124.5 300
2666 -1125.1633333333334 300
2667 -1126.9933333333333 300
2668 -1127.1466666666668 300
2669 -1128.5366666666666 300
2670 -1128.3733333333332 300
2671 -1127.9166666666667 300
2672 -1127.4166666666667 300
2673 -1126.7 300
2674 -1126.2833333333333 300
2675 -1125.0066666666667 300
2676 -1123.66 300
2677 -1122.62 300
2678 -1121.46 300
2679 -1121.7566666666667 300
2680 -1122.27 300
2681 -1122.69 300
2682 -1123.1 300
2683 -1121.5266666666666 300
2684 -1120.9666666666667 300
2685 -1120.6833333333334 300
2686 -1119.43 300
2687 -1117.81 300
2688 -1117.6266666666668 300
2689 -1120.2766666666666 300
2690 -1120.5366666666666 300
2691 -1116.2366666666667 300
2692 -1115.5366666666666 300
2693 -1118.8133333333333 300
2694 -1121.89 300
2695 -1122.65 300
2696 -1123.7333333333333 300
2697 -1120.7766666666666 300
2698 -1127.0933333333332 300
2699 -1126.2766666666666 300
2700 -1124.59 300
2701 -1126.2533333333333 300
2702 -1125.0 300
2703 -1123.7233333333334 300
2704 -1122.0433333333333 300
2705 -1119.9566666666667 300
2706 -1116.8966666666668 300
2707 -1118.8433333333332 300
2708 -1122.8033333333333 300
2709 -1127.0633333333333 300
2710 -1128.05 300
2711 -1128.9633333333334 300
2712 -1129.1166666666666 300
2713 -1130.5233333333333 300
2714 -1124.1433333333334 300
2715 -1125.9466666666667 300
2716 -1126.19 300
2717 -1123.88 300
2718 -1122.8833333333334 300
2719 -1123.4633333333334 300
2720 -1124.7766666666666 300
2721 -1126.7333333333333 300
2722 -1128.04 300
2723 -1129.8533333333332 300
2724 -1130.8166666666666 300
2725 -1128.4366666666667 300
2726 -1130.6566666666668 300
2727 -1128.1033333333332 300
2728 -1129.42 300
2729 -1131.0133333333333 300
2730 -1129.42 300
2731 -1131.65 300
2732 -1130.8266666666666 300
2733 -1130.3166666666666 300
2734 -1132.48 300
2735 -1131.83 300
2736 -1131.44 300
2737 -1130.4866666666667 300
2738 -1130.8766666666668 300
2739 -1133.1933333333334 300
2740 -1132.9166666666667 300
2741 -1132.59 300
2742 -1132.6066666666666 300
2743 -1132.19 300
2744 -1131.11 300
2745 -1129.3966666666668 300
2746 -1132.2333333333333 300
2747 -1131.2133333333334 300
2748 -1130.19 300
2749 -1128.94 300
2750 -1127.8 300
2751 -1126.23 300
2752 -1126.15 300
2753 -1121.9266666666667 300
2754 -1122.26 300
2755 -1127.6966666666667 300
2756 -1135.26 300
2757 -1143.6033333333332 300
2758 -1159.9033333333334 300
2759 -1179.6466666666668 300
2760 -1179.7 300
2761 -1179.02 300
2762 -1178.5066666666667 300
2763 -1178.3433333333332 300
2764 -1177.5366666666666 300
2765 -1176.6133333333332 300
2766 -1181.8833333333334 300
2767 -1185.53 300
2768 -1184.5566666666666 300
2769 -1180.4166666666667 300
2770 -1175.8766666666668 300
2771 -1175.1733333333334 300
2772 -1182.13 300
2773 -1184.02 300
2774 -1186.0333333333333 300
2775 -1185.3433333333332 300
2776 -1187.87 300
2777 -1189.69 300
2778 -1189.0166666666667 300
2779 -1188.0866666666666 300
2780 -1186.8033333333333 300
2781 -1186.39 300
2782 -1188.4733333333334 300
2783 -1188.1433333333334 300
2784 -1187.1933333333334 300
2785 -1186.33 300
2786 -1186.24 300
2787 -1186.3766666666668 300
2788 -1186.7966666666666 300
2789 -1186.87 300
2790 -1186.7 300
2791 -1186.2166666666667 300
2792 -1185.6933333333334 300
2793 -1184.48 300
2794 -1182.62 300
2795 -1180.7633333333333 300
2796 -1179.07 300
2797 -1176.1133333333332 300
2798 -1172.79 300
2799 -1171.79 300
2800 -1174.67 300
2801 -1175.1633333333334 300
2802 -1177.0666666666666 300
2803 -1175.6566666666668 300
2804 -1176.1666666666667 300
2805 -1176.27 300
2806 -1176.8466666666666 300
2807 -1176.1166666666666 300
2808 -1176.6133333333332 300
2809 -1183.08 300
2810 -1174.32 300
2811 -1165.9866666666667 300
2812 -1165.8933333333334 300
2813 -1165.9166666666667 300
2814 -1166.41 300
2815 -1166.2566666666667 300
2816 -1166.1633333333334 300
2817 -1166.1066666666666 300
2818 -1165.8666666666666 300
2819 -1167.1866666666667 300
2820 -1167.8733333333332 300
2821 -1173.3633333333332 300
2822 -1176.7233333333334 300
2823 -1182.5766666666666 300
2824 -1189.4333333333334 300
2825 -1187.0966666666666 300
2826 -1188.9533333333334 300
2827 -1186.27 300
2828 -1183.9166666666667 300
2829 -1178.87 300
2830 -1170.6666666666667 300
2831 -1163.1866666666667 300
2832 -1167.4366666666667 300
2833 -1172.6566666666668 300
2834 -1179.7633333333333 300
2835 -1180.6666666666667 300
2836 -1169.24 300
2837 -1167.0266666666666 300
2838 -1167.0266666666666 300
2839 -1167.14 300
2840 -1167.5166666666667 300
2841 -1172.3266666666666 300
2842 -1179.2966666666666 300
2843 -1184.0033333333333 300
2844 -1182.8566666666666 300
2845 -1186.2566666666667 300
2846 -1185.68 300
2847 -1185.6633333333334 300
2848 -1181.3266666666666 300
2849 -1176.0866666666666 300
2850 -1168.2666666666667 300
2851 -1158.9233333333334 300
2852 -1155.53 300
2853 -1152.8833333333334 300
2854 -1153.37 300
2855 -1153.62 300
2856 -1153.9066666666668 300
2857 -1154.14 300
2858 -1154.3566666666666 300
2859 -1155.3933333333334 300
2860 -1154.58 300
2861 -1153.33 300
2862 -1153.6466666666668 300
2863 -1158.5566666666666 300
2864 -1163.3266666666666 300
2865 -1169.4 300
2866 -1175.0233333333333 300
2867 -1179.7333333333333 300
2868 -1177.9866666666667 300
2869 -1175.23 300
2870 -1171.3733333333332 300
2871 -1162.4866666666667 300
2872 -1149.07 300
2873 -1147.44 300
2874 -1148.88 300
2875 -1144.8866666666668 300
2876 -1146.68 300
2877 -1148.7233333333334 300
2878 -1152.5266666666666 300
2879 -1156.7266666666667 300
2880 -1158.1533333333334 300
2881 -1157.49 300
2882 -1160.3 300
2883 -1158.2966666666666 300
2884 -1164.9666666666667 300
2885 -1164.0966666666666 300
2886 -1165.7133333333334 300
2887 -1155.7166666666667 300
2888 -1142.3833333333334 300
2889 -1143.1 300
2890 -1143.1533333333334 300
2891 -1142.3833333333334 300
2892 -1143.8833333333334 300
2893 -1140.67 300
2894 -1140.14 300
2895 -1139.6833333333334 300
2896 -1139.3466666666666 300
2897 -1139.3033333333333 300
2898 -1140.0833333333333 300
2899 -1140.2133333333334 300
2900 -1140.3866666666668 300
2901 -1140.9066666666668 300
2902 -1141.2966666666666 300
2903 -1142.51 300
2904 -1143.8666666666666 300
2905 -1140.2966666666666 300
2906 -1137.03 300
2907 -1135.7933333333333 300
2908 -1138.74 300
2909 -1143.1133333333332 300
2910 -1145.97 300
2911 -1143.7566666666667 300
2912 -1145.14 300
2913 -1148.5633333333333 300
2914 -1147.3866666666668 300
2915 -1146.4866666666667 300
2916 -1148.11 300
2917 -1146.29 300
2918 -1152.05 300
2919 -1151.8133333333333 300
2920 -1150.87 300
2921 -1155.0033333333333 300
2922 -1159.7766666666666 300
2923 -1157.64 300
2924 -1158.8066666666666 300
2925 -1162.3 300
2926 -1161.96 300
2927 -1161.4133333333334 300
2928 -1159.67 300
2929 -1159.0433333333333 300
2930 -1157.4166666666667 300
2931 -1154.2166666666667 300
2932 -1154.14 300
2933 -1152.8 300
2934 -1154.3366666666666 300
2935 -1150.0133333333333 300
2936 -1149.5733333333333 300
2937 -1154.9 300
2938 -1153.6933333333334 300
2939 -1150.0833333333333 300
2940 -1150.4133333333334 300
2941 -1144.7933333333333 300
2942 -1143.54 300
2943 -1146.44 300
2944 -1140.01 300
2945 -1130.6966666666667 300
2946 -1128.45 300
2947 -1128.63 300
2948 -1129.73 300
2949 -1132.4533333333334 300
2950 -1135.2166666666667 300
2951 -1135.83 300
2952 -1137.2533333333333 300
2953 -1137.0633333333333 300
2954 -1137.2333333333333 300
2955 -1138.4166666666667 300
2956 -1141.8266666666666 300
2957 -1145.8533333333332 300
2958 -1144.19 300
2959 -1142.0266666666666 300
2960 -1138.7366666666667 300
2961 -1132.4566666666667 300
2962 -1128.5133333333333 300
2963 -1122.58 300
2964 -1130.1833333333334 300
2965 -1141.8733333333332 300
2966 -1148.37 300
2967 -1155.7666666666667 300
2968 -1155.1166666666666 300
2969 -1154.52 300
2970 -1153.9766666666667 300
2971 -1154.2133333333334 300
2972 -1151.5233333333333 300
2973 -1143.6733333333334 300
2974 -1135.76 300
2975 -1136.8166666666666 300
2976 -1138.3066666666666 300
2977 -1133.0833333333333 300
2978 -1131.2566666666667 300
2979 -1133.29 300
2980 -1126.2466666666667 300
2981 -1130.7366666666667 300
2982 -1124.0133333333333 300
2983 -1126.11 300
2984 -1130.9666666666667 300
2985 -1124.6 300
2986 -1132.9566666666667 300
2987 -1132.2433333333333 300
2988 -1132.8033333333333 300
2989 -1133.0366666666666 300
2990 -1133.3666666666666 300
2991 -1126.56 300
2992 -1126.84 300
2993 -1127.1666666666667 300
2994 -1127.12 300
2995 -1130.02 300
2996 -1131.6033333333332 300
2997 -1132.1233333333332 300
2998 -1132.37 300
2999 -1132.3233333333333 300
3000 -1138.2633333333333 300
3001 -1139.06 300
3002 -1139.0133333333333 300
3003 -1139.1166666666666 300
3004 -1138.8366666666666 300
3005 -1138.52 300
3006 -1136.9033333333334 300
3007 -1137.0433333333333 300
3008 -1124.4966666666667 300
3009 -1118.57 300
3010 -1118.7533333333333 300
3011 -1119.7466666666667 300
3012 -1120.5033333333333 300
3013 -1121.93 300
3014 -1121.1266666666668 300
3015 -1120.3433333333332 300
3016 -1120.4333333333334 300
3017 -1121.09 300
3018 -1121.64 300
3019 -1116.7733333333333 300
3020 -1117.29 300
3021 -1117.9033333333334 300
3022 -1120.1966666666667 300
3023 -1122.4933333333333 300
3024 -1126.46 300
3025 -1130.7033333333334 300
3026 -1133.5333333333333 300
3027 -1133.48 300
3028 -1129.0533333333333 300
3029 -1129.0666666666666 300
3030 -1129.4766666666667 300
3031 -1129.6833333333334 300
3032 -1129.8233333333333 300
3033 -1129.6933333333334 300
3034 -1122.48 300
3035 -1122.7466666666667 300
3036 -1123.1433333333334 300
3037 -1123.36 300
3038 -1124.17 300
3039 -1125.33 300
3040 -1126.75 300
3041 -1128.4266666666667 300
3042 -1128.8866666666668 300
3043 -1131.41 300
3044 -1131.24 300
3045 -1129.7366666666667 300
3046 -1127.0366666666666 300
3047 -1123.5066666666667 300
3048 -1123.27 300
3049 -1121.9966666666667 300
3050 -1124.92 300
3051 -1125.9333333333334 300
3052 -1127.7666666666667 300
3053 -1129.5966666666666 300
3054 -1127.2466666666667 300
3055 -1123.7033333333334 300
3056 -1123.7633333333333 300
3057 -1124.2633333333333 300
3058 -1125.0833333333333 300
3059 -1125.9 300
3060 -1126.7633333333333 300
3061 -1129.6866666666667 300
3062 -1131.25 300
3063 -1134.4233333333334 300
3064 -1134.2733333333333 300
3065 -1133.86 300
3066 -1133.7566666666667 300
3067 -1133.4466666666667 300
3068 -1133.29 300
3069 -1132.6266666666668 300
3070 -1132.0666666666666 300
3071 -1131.9633333333334 300
3072 -1131.8 300
3073 -1131.49 300
3074 -1131.3 300
3075 -1130.86 300
3076 -1130.8166666666666 300
3077 -1130.7733333333333 300
3078 -1130.6433333333334 300
3079 -1130.29 300
3080 -1130.35 300
3081 -1130.1166666666666 300
3082 -1129.6566666666668 300
3083 -1129.4666666666667 300
3084 -1129.3033333333333 300
3085 -1129.3633333333332 300
3086 -1128.9066666666668 300
3087 -1128.42 300
3088 -1128.02 300
3089 -1127.5166666666667 300
3090 -1127.1433333333334 300
3091 -1127.0966666666666 300
3092 -1126.8433333333332 300
3093 -1126.7633333333333 300
3094 -1126.4066666666668 300
3095 -1125.2233333333334 300
3096 -1125.0666666666666 300
3097 -1124.9766666666667 300
3098 -1124.8266666666666 300
3099 -1124.8666666666666 300
3100 -1124.95 300
3101 -1124.99 300
3102 -1125.0733333333333 300
3103 -1125.1566666666668 300
3104 -1125.24 300
3105 -1128.22 300
3106 -1128.1066666666666 300
3107 -1128.05 300
3108 -1127.8733333333332 300
3109 -1127.9733333333334 300
3110 -1128.03 300
3111 -1127.02 300
3112 -1127.18 300
3113 -1126.9066666666668 300
3114 -1126.5333333333333 300
3115 -1126.1566666666668 300
3116 -1125.9866666666667 300
3117 -1126.25 300
3118 -1127.1633333333334 300
3119 -1125.0866666666666 300
3120 -1124.4633333333334 300
3121 -1125.2566666666667 300
3122 -1125.3733333333332 300
3123 -1125.1866666666667 300
3124 -1125.52 300
3125 -1125.0433333333333 300
3126 -1125.37 300
3127 -1125.7033333333334 300
3128 -1125.4333333333334 300
3129 -1118.0866666666666 300
3130 -1118.2166666666667 300
3131 -1118.0966666666666 300
3132 -1116.2933333333333 300
3133 -1116.57 300
3134 -1116.89 300
3135 -1116.9066666666668 300
3136 -1116.89 300
3137 -1117.3833333333334 300
3138 -1117.5566666666666 300
3139 -1117.3166666666666 300
3140 -1117.05 300
3141 -1116.7633333333333 300
3142 -1116.0766666666666 300
3143 -1116.0 300
3144 -1115.7933333333333 300
3145 -1115.5866666666666 300
3146 -1117.04 300
3147 -1116.79 300
3148 -1116.98 300
3149 -1118.24 300
3150 -1118.3433333333332 300
3151 -1118.2133333333334 300
3152 -1117.8166666666666 300
3153 -1117.5666666666666 300
3154 -1117.39 300
3155 -1117.9366666666667 300
3156 -1117.8333333333333 300
3157 -1118.4566666666667 300
3158 -1119.8533333333332 300
3159 -1119.7833333333333 300
3160 -1119.64 300
3161 -1119.3466666666666 300
3162 -1118.9666666666667 300
3163 -1115.7466666666667 300
3164 -1115.66 300
3165 -1116.7633333333333 300
3166 -1116.3833333333334 300
3167 -1115.5366666666666 300
3168 -1115.22 300
3169 -1115.23 300
3170 -1116.7466666666667 300
3171 -1116.84 300
3172 -1115.6033333333332 300
3173 -1115.3966666666668 300
3174 -1118.7266666666667 300
3175 -1121.05 300
3176 -1121.0433333333333 300
3177 -1120.26 300
3178 -1121.2333333333333 300
3179 -1121.19 300
3180 -1120.95 300
3181 -1118.37 300
3182 -1119.0333333333333 300
3183 -1119.5033333333333 300
3184 -1115.1566666666668 300
3185 -1112.85 300
3186 -1112.1133333333332 300
3187 -1112.4233333333334 300
3188 -1112.5066666666667 300
3189 -1112.74 300
3190 -1113.0533333333333 300
3191 -1113.55 300
3192 -1112.4566666666667 300
3193 -1113.06 300
3194 -1113.5666666666666 300
3195 -1113.8866666666668 300
3196 -1114.21 300
3197 -1114.8533333333332 300
3198 -1115.4033333333334 300
3199 -1115.9066666666668 300
3200 -1117.4466666666667 300
3201 -1119.3766666666668 300
3202 -1119.17 300
3203 -1118.37 300
3204 -1117.0333333333333 300
3205 -1123.7966666666666 300
3206 -1125.9566666666667 300
3207 -1127.2233333333334 300
3208 -1127.9033333333334 300
3209 -1128.65 300
3210 -1128.4433333333334 300
3211 -1128.65 300
3212 -1128.8066666666666 300
3213 -1128.86 300
3214 -1126.0466666666666 300
3215 -1123.62 300
3216 -1123.73 300
3217 -1122.07 300
3218 -1122.18 300
3219 -1122.28 300
3220 -1122.5333333333333 300
3221 -1122.86 300
3222 -1122.88 300
3223 -1123.5033333333333 300
3224 -1124.0366666666666 300
3225 -1124.93 300
3226 -1126.3066666666666 300
3227 -1127.5966666666666 300
3228 -1128.9966666666667 300
3229 -1130.92 300
3230 -1134.13 300
3231 -1137.2933333333333 300
3232 -1137.24 300
3233 -1137.3333333333333 300
3234 -1137.1333333333334 300
3235 -1137.0266666666666 300
3236 -1137.0166666666667 300
3237 -1136.91 300
3238 -1136.8133333333333 300
3239 -1136.7233333333334 300
3240 -1136.66 300
3241 -1136.5433333333333 300
3242 -1136.29 300
3243 -1136.1233333333332 300
3244 -1135.85 300
3245 -1137.3833333333334 300
3246 -1141.0033333333333 300
3247 -1141.4533333333334 300
3248 -1142.42 300
3249 -1142.38 300
3250 -1142.3 300
3251 -1142.1566666666668 300
3252 -1142.07 300
3253 -1141.6933333333334 300
3254 -1141.0 300
3255 -1139.8266666666666 300
3256 -1140.24 300
3257 -1137.1666666666667 300
3258 -1132.87 300
3259 -1126.4966666666667 300
3260 -1126.5966666666666 300
3261 -1126.8966666666668 300
3262 -1127.0233333333333 300
3263 -1127.13 300
3264 -1127.19 300
3265 -1127.3066666666666 300
3266 -1127.29 300
3267 -1128.3333333333333 300
3268 -1129.5866666666666 300
3269 -1130.5233333333333 300
3270 -1131.0966666666666 300
3271 -1130.9933333333333 300
3272 -1130.7033333333334 300
3273 -1130.69 300
3274 -1130.6266666666668 300
3275 -1131.28 300
3276 -1130.9033333333334 300
3277 -1130.6066666666666 300
3278 -1130.3366666666666 300
3279 -1130.1333333333334 300
3280 -1130.1666666666667 300
3281 -1133.48 300
3282 -1133.1633333333334 300
3283 -1132.94 300
3284 -1137.39 300
3285 -1138.7733333333333 300
3286 -1138.6033333333332 300
3287 -1138.35 300
3288 -1140.17 300
3289 -1139.7766666666666 300
3290 -1139.6566666666668 300
3291 -1140.7233333333334 300
3292 -1140.55 300
3293 -1140.1966666666667 300
3294 -1140.0566666666666 300
3295 -1139.6666666666667 300
3296 -1139.4066666666668 300
3297 -1139.0533333333333 300
3298 -1140.2466666666667 300
3299 -1139.7766666666666 300
3300 -1141.5133333333333 300
3301 -1141.3866666666668 300
3302 -1141.01 300
3303 -1140.4433333333334 300
3304 -1138.56 300
3305 -1138.1566666666668 300
3306 -1137.5533333333333 300
3307 -1137.75 300
3308 -1137.5333333333333 300
3309 -1137.4466666666667 300
3310 -1136.9733333333334 300
3311 -1136.73 300
3312 -1136.1566666666668 300
3313 -1137.2666666666667 300
3314 -1136.9733333333334 300
3315 -1133.06 300
3316 -1130.99 300
3317 -1130.9366666666667 300
3318 -1130.8366666666666 300
3319 -1130.7333333333333 300
3320 -1130.9966666666667 300
3321 -1131.21 300
3322 -1131.83 300
3323 -1131.9933333333333 300
3324 -1132.2433333333333 300
3325 -1132.0133333333333 300
3326 -1132.0966666666666 300
3327 -1131.9033333333334 300
3328 -1132.1566666666668 300
3329 -1132.41 300
3330 -1132.0166666666667 300
3331 -1132.3666666666666 300
3332 -1132.4033333333334 300
3333 -1132.78 300
3334 -1133.78 300
3335 -1133.7766666666666 300
3336 -1133.9 300
3337 -1129.9933333333333 300
3338 -1129.8866666666668 300
3339 -1130.03 300
3340 -1129.39 300
3341 -1131.5866666666666 300
3342 -1131.8166666666666 300
3343 -1131.6066666666666 300
3344 -1135.1233333333332 300
3345 -1135.1566666666668 300
3346 -1134.63 300
3347 -1136.3066666666666 300
3348 -1136.1033333333332 300
3349 -1135.91 300
3350 -1135.3533333333332 300
3351 -1135.2633333333333 300
3352 -1134.9633333333334 300
3353 -1135.0133333333333 300
3354 -1136.2633333333333 300
3355 -1136.3033333333333 300
3356 -1135.9966666666667 300
3357 -1136.2066666666667 300
3358 -1136.0133333333333 300
3359 -1137.1633333333334 300
3360 -1137.18 300
3361 -1137.2533333333333 300
3362 -1137.3866666666668 300
3363 -1137.1433333333334 300
3364 -1137.25 300
3365 -1139.2166666666667 300
3366 -1139.0566666666666 300
3367 -1138.9633333333334 300
3368 -1139.0333333333333 300
3369 -1139.14 300
3370 -1141.34 300
3371 -1140.97 300
3372 -1140.76 300
3373 -1141.2 300
3374 -1140.9733333333334 300
3375 -1140.5 300
3376 -1140.28 300
3377 -1140.0333333333333 300
3378 -1137.6633333333334 300
3379 -1136.2733333333333 300
3380 -1136.0266666666666 300
3381 -1135.8366666666666 300
3382 -1135.7466666666667 300
3383 -1136.0633333333333 300
3384 -1136.0466666666666 300
3385 -1136.0433333333333 300
3386 -1136.1166666666666 300
3387 -1135.8266666666666 300
3388 -1133.0266666666666 300
3389 -1132.9766666666667 300
3390 -1130.8266666666666 300
3391 -1131.1233333333332 300
3392 -1126.91 300
3393 -1127.27 300
3394 -1127.6066666666666 300
3395 -1127.76 300
3396 -1128.16 300
3397 -1128.5666666666666 300
3398 -1128.92 300
3399 -1129.12 300
3400 -1129.4466666666667 300
3401 -1129.96 300
3402 -1130.2166666666667 300
3403 -1130.41 300
3404 -1130.7166666666667 300
3405 -1130.4433333333334 300
3406 -1130.8033333333333 300
3407 -1130.6066666666666 300
3408 -1131.16 300
3409 -1131.7633333333333 300
3410 -1134.8033333333333 300
3411 -1135.2533333333333 300
3412 -1135.6766666666667 300
3413 -1135.98 300
3414 -1139.2133333333334 300
3415 -1141.25 300
3416 -1141.4333333333334 300
3417 -1142.06 300
3418 -1141.76 300
3419 -1142.01 300
3420 -1142.1033333333332 300
3421 -1141.0033333333333 300
3422 -1144.8333333333333 300
3423 -1145.7933333333333 300
3424 -1145.3566666666666 300
3425 -1145.2833333333333 300
3426 -1145.1533333333334 300
3427 -1145.14 300
3428 -1146.51 300
3429 -1146.2133333333334 300
3430 -1146.0066666666667 300
3431 -1146.5866666666666 300
3432 -1146.0 300
3433 -1145.3733333333332 300
3434 -1146.2766666666666 300
3435 -1146.9866666666667 300
3436 -1146.64 300
3437 -1145.13 300
3438 -1142.56 300
3439 -1144.3666666666666 300
3440 -1143.1633333333334 300
3441 -1139.7533333333333 300
3442 -1138.58 300
3443 -1139.53 300
3444 -1136.6333333333334 300
3445 -1132.8666666666666 300
3446 -1135.0033333333333 300
3447 -1129.9666666666667 300
3448 -1126.7866666666666 300
3449 -1127.1666666666667 300
3450 -1127.1033333333332 300
3451 -1124.7966666666666 300
3452 -1119.93 300
3453 -1112.0033333333333 300
3454 -1106.4833333333333 300
3455 -1107.22 300
3456 -1107.9466666666667 300
3457 -1108.55 300
3458 -1110.87 300
3459 -1113.4566666666667 300
3460 -1118.1066666666666 300
3461 -1123.3433333333332 300
3462 -1130.0833333333333 300
3463 -1133.3933333333334 300
3464 -1132.9233333333334 300
3465 -1132.8266666666666 300
3466 -1133.4633333333334 300
3467 -1133.37 300
3468 -1132.5666666666666 300
3469 -1132.5266666666666 300
3470 -1132.7733333333333 300
3471 -1132.9533333333334 300
3472 -1134.1666666666667 300
3473 -1134.8033333333333 300
3474 -1134.9733333333334 300
3475 -1134.8966666666668 300
3476 -1135.07 300
3477 -1135.1566666666668 300
3478 -1131.1833333333334 300
3479 -1130.4366666666667 300
3480 -1130.58 300
3481 -1130.9933333333333 300
3482 -1131.5533333333333 300
3483 -1139.8966666666668 300
3484 -1139.8166666666666 300
3485 -1139.4866666666667 300
3486 -1137.7233333333334 300
3487 -1137.66 300
3488 -1137.78 300
3489 -1137.9833333333333 300
3490 -1137.9733333333334 300
3491 -1137.95 300
3492 -1137.95 300
3493 -1137.6366666666668 300
3494 -1137.2533333333333 300
3495 -1137.0833333333333 300
3496 -1136.9333333333334 300
3497 -1136.9466666666667 300
3498 -1136.7066666666667 300
3499 -1136.2366666666667 300
3500 -1137.2233333333334 300
3501 -1137.0066666666667 300
3502 -1136.71 300
3503 -1137.6566666666668 300
3504 -1138.2533333333333 300
3505 -1137.6966666666667 300
3506 -1136.5866666666666 300
3507 -1136.2066666666667 300
3508 -1135.7433333333333 300
3509 -1133.5933333333332 300
3510 -1129.82 300
3511 -1127.48 300
3512 -1122.53 300
3513 -1114.0666666666666 300
3514 -1116.72 300
3515 -1105.56 300
3516 -1106.04 300
3517 -1106.9533333333334 300
3518 -1108.38 300
3519 -1110.0566666666666 300
3520 -1111.6833333333334 300
3521 -1113.9 300
3522 -1117.4133333333334 300
3523 -1121.4466666666667 300
3524 -1127.8233333333333 300
3525 -1132.34 300
3526 -1130.6966666666667 300
3527 -1130.1466666666668 300
3528 -1130.1866666666667 300
3529 -1128.9033333333334 300
3530 -1127.94 300
3531 -1125.94 300
3532 -1131.6066666666666 300
3533 -1139.8033333333333 300
3534 -1143.51 300
3535 -1143.6 300
3536 -1146.1533333333334 300
3537 -1146.4166666666667 300
3538 -1146.44 300
3539 -1146.3066666666666 300
3540 -1146.29 300
3541 -1146.2633333333333 300
3542 -1146.1566666666668 300
3543 -1146.12 300
3544 -1147.5566666666666 300
3545 -1147.4133333333334 300
3546 -1147.36 300
3547 -1147.5233333333333 300
3548 -1147.2733333333333 300
3549 -1147.4 300
3550 -1147.3133333333333 300
3551 -1147.1 300
3552 -1146.9866666666667 300
3553 -1146.5933333333332 300
3554 -1145.7533333333333 300
3555 -1145.9533333333334 300
3556 -1145.9533333333334 300
3557 -1145.84 300
3558 -1145.79 300
3559 -1145.62 300
3560 -1145.6233333333332 300
3561 -1145.4366666666667 300
3562 -1145.2733333333333 300
3563 -1145.07 300
3564 -1145.0533333333333 300
3565 -1144.9433333333334 300
3566 -1146.0366666666666 300
3567 -1142.87 300
3568 -1142.34 300
3569 -1140.3733333333332 300
3570 -1140.5866666666666 300
3571 -1141.29 300
3572 -1142.45 300
3573 -1144.8133333333333 300
3574 -1145.89 300
3575 -1145.5366666666666 300
3576 -1145.8766666666668 300
3577 -1144.7 300
3578 -1144.0833333333333 300
3579 -1143.9533333333334 300
3580 -1138.5833333333333 300
3581 -1152.5966666666666 300
3582 -1157.45 300
3583 -1156.91 300
3584 -1155.6 300
3585 -1154.1466666666668 300
3586 -1152.76 300
3587 -1151.08 300
3588 -1149.36 300
3589 -1152.07 300
3590 -1147.9066666666668 300
3591 -1147.9266666666667 300
3592 -1148.0 300
3593 -1148.02 300
3594 -1147.8366666666666 300
3595 -1147.8566666666666 300
3596 -1147.8533333333332 300
3597 -1147.6766666666667 300
3598 -1147.67 300
3599 -1147.6666666666667 300
3600 -1147.7066666666667 300
3601 -1147.5966666666666 300
3602 -1147.52 300
3603 -1147.6233333333332 300
3604 -1147.4566666666667 300
3605 -1147.3966666666668 300
3606 -1147.4533333333334 300
3607 -1147.4166666666667 300
3608 -1147.73 300
3609 -1147.5466666666666 300
3610 -1147.96 300
3611 -1148.2133333333334 300
3612 -1147.84 300
3613 -1147.39 300
3614 -1147.4266666666667 300
3615 -1147.6533333333334 300
3616 -1147.69 300
3617 -1147.61 300
3618 -1146.8 300
3619 -1146.3233333333333 300
3620 -1145.6466666666668 300
3621 -1145.7033333333334 300
3622 -1145.9266666666667 300
3623 -1145.86 300
3624 -1145.91 300
3625 -1145.95 300
3626 -1146.21 300
3627 -1146.1666666666667 300
3628 -1146.4633333333334 300
3629 -1146.4166666666667 300
3630 -1146.6633333333334 300
3631 -1146.77 300
3632 -1147.1733333333334 300
3633 -1146.68 300
3634 -1146.8566666666666 300
3635 -1147.24 300
3636 -1147.6733333333334 300
3637 -1148.1066666666666 300
3638 -1148.36 300
3639 -1148.7133333333334 300
3640 -1149.16 300
3641 -1149.7566666666667 300
3642 -1147.1566666666668 300
3643 -1147.5266666666666 300
3644 -1147.6433333333334 300
3645 -1145.8133333333333 300
3646 -1143.4533333333334 300
3647 -1142.8566666666666 300
3648 -1143.42 300
3649 -1143.8166666666666 300
3650 -1143.8 300
3651 -1144.8633333333332 300
3652 -1139.3866666666668 300
3653 -1140.0066666666667 300
3654 -1140.41 300
3655 -1140.7766666666666 300
3656 -1141.3233333333333 300
3657 -1141.4833333333333 300
3658 -1141.7333333333333 300
3659 -1141.95 300
3660 -1142.7133333333334 300
3661 -1142.53 300
3662 -1143.1733333333334 300
3663 -1143.5033333333333 300
3664 -1143.79 300
3665 -1143.4566666666667 300
3666 -1143.2533333333333 300
3667 -1143.4966666666667 300
3668 -1141.33 300
3669 -1151.29 300
3670 -1155.3233333333333 300
3671 -1155.9066666666668 300
3672 -1155.5133333333333 300
3673 -1154.8466666666666 300
3674 -1154.2166666666667 300
3675 -1156.05 300
3676 -1155.1533333333334 300
3677 -1154.0766666666666 300
3678 -1153.2633333333333 300
3679 -1153.0866666666666 300
3680 -1152.5533333333333 300
3681 -1151.99 300
3682 -1151.5933333333332 300
3683 -1151.2933333333333 300
3684 -1151.2566666666667 300
3685 -1150.5366666666666 300
3686 -1149.6666666666667 300
3687 -1148.73 300
3688 -1147.98 300
3689 -1147.36 300
3690 -1146.6 300
3691 -1146.0366666666666 300
3692 -1146.4166666666667 300
3693 -1146.1 300
3694 -1145.5433333333333 300
3695 -1144.9433333333334 300
3696 -1144.6533333333334 300
3697 -1144.66 300
3698 -1144.9066666666668 300
3699 -1144.7033333333334 300
3700 -1144.4366666666667 300
3701 -1144.6633333333334 300
3702 -1144.82 300
3703 -1145.0266666666666 300
3704 -1144.9766666666667 300
3705 -1144.6566666666668 300
3706 -1144.1033333333332 300
3707 -1148.3133333333333 300
3708 -1148.27 300
3709 -1148.35 300
3710 -1146.4233333333334 300
3711 -1145.97 300
3712 -1145.4833333333333 300
3713 -1145.58 300
3714 -1146.7833333333333 300
3715 -1146.5733333333333 300
3716 -1146.5666666666666 300
3717 -1146.4833333333333 300
3718 -1146.1433333333334 300
3719 -1147.0566666666666 300
3720 -1147.43 300
3721 -1147.4466666666667 300
3722 -1153.19 300
3723 -1152.8933333333334 300
3724 -1153.08 300
3725 -1153.21 300
3726 -1153.66 300
3727 -1154.0133333333333 300
3728 -1154.4633333333334 300
3729 -1154.69 300
3730 -1155.1766666666667 300
3731 -1155.67 300
3732 -1156.07 300
3733 -1156.1666666666667 300
3734 -1156.4766666666667 300
3735 -1156.6333333333334 300
3736 -1156.7566666666667 300
3737 -1157.1366666666668 300
3738 -1157.3366666666666 300
3739 -1157.3966666666668 300
3740 -1157.4033333333334 300
3741 -1157.4033333333334 300
3742 -1157.4033333333334 300
3743 -1157.2166666666667 300
3744 -1156.9933333333333 300
3745 -1156.8066666666666 300
3746 -1157.2166666666667 300
3747 -1157.0033333333333 300
3748 -1156.8266666666666 300
3749 -1154.6166666666666 300
3750 -1154.8933333333334 300
3751 -1155.1 300
3752 -1154.9633333333334 300
3753 -1154.6866666666667 300
3754 -1154.04 300
3755 -1151.96 300
3756 -1151.6933333333334 300
3757 -1151.11 300
3758 -1151.2866666666666 300
3759 -1150.7566666666667 300
3760 -1150.8166666666666 300
3761 -1150.3166666666666 300
3762 -1155.0766666666666 300
3763 -1154.6233333333332 300
3764 -1154.3166666666666 300
3765 -1154.0833333333333 300
3766 -1153.7366666666667 300
3767 -1153.4 300
3768 -1152.93 300
3769 -1151.6566666666668 300
3770 -1151.3533333333332 300
3771 -1157.4566666666667 300
3772 -1157.32 300
3773 -1154.2766666666666 300
3774 -1152.15 300
3775 -1151.9566666666667 300
3776 -1151.8 300
3777 -1151.6766666666667 300
3778 -1151.5566666666666 300
3779 -1151.3633333333332 300
3780 -1148.2433333333333 300
3781 -1151.2966666666666 300
3782 -1151.22 300
3783 -1151.0166666666667 300
3784 -1150.68 300
3785 -1150.62 300
3786 -1150.3033333333333 300
3787 -1149.8666666666666 300
3788 -1149.62 300
3789 -1149.44 300
3790 -1149.1566666666668 300
3791 -1148.76 300
3792 -1148.1533333333334 300
3793 -1148.0666666666666 300
3794 -1148.25 300
3795 -1148.1333333333334 300
3796 -1147.7566666666667 300
3797 -1147.3233333333333 300
3798 -1145.2966666666666 300
3799 -1142.71 300
3800 -1141.6533333333334 300
3801 -1140.14 300
3802 -1140.41 300
3803 -1140.0566666666666 300
3804 -1139.7433333333333 300
3805 -1140.1133333333332 300
3806 -1139.8066666666666 300
3807 -1140.1333333333334 300
3808 -1140.38 300
3809 -1137.73 300
3810 -1138.5933333333332 300
3811 -1137.62 300
3812 -1132.6766666666667 300
3813 -1133.02 300
3814 -1134.0833333333333 300
3815 -1133.6933333333334 300
3816 -1133.9166666666667 300
3817 -1133.0133333333333 300
3818 -1133.5133333333333 300
3819 -1133.48 300
3820 -1130.9233333333334 300
3821 -1131.2333333333333 300
3822 -1131.6933333333334 300
3823 -1128.5633333333333 300
3824 -1128.4766666666667 300
3825 -1128.21 300
3826 -1128.06 300
3827 -1128.5266666666666 300
3828 -1129.8066666666666 300
3829 -1121.1133333333332 300
3830 -1121.7566666666667 300
3831 -1123.9266666666667 300
3832 -1124.1633333333334 300
3833 -1124.6166666666666 300
3834 -1125.7633333333333 300
3835 -1126.55 300
3836 -1127.9333333333334 300
3837 -1128.0466666666666 300
3838 -1127.9433333333334 300
3839 -1128.92 300
3840 -1129.4033333333334 300
3841 -1129.7166666666667 300
3842 -1130.38 300
3843 -1130.7966666666666 300
3844 -1131.44 300
3845 -1132.0933333333332 300
3846 -1133.25 300
3847 -1130.6766666666667 300
3848 -1130.91 300
3849 -1132.39 300
3850 -1132.9766666666667 300
3851 -1133.67 300
3852 -1136.2833333333333 300
3853 -1134.95 300
3854 -1134.8933333333334 300
3855 -1135.8533333333332 300
3856 -1135.8766666666668 300
3857 -1136.2433333333333 300
3858 -1136.26 300
3859 -1136.1666666666667 300
3860 -1136.0833333333333 300
3861 -1136.0766666666666 300
3862 -1136.44 300
3863 -1136.71 300
3864 -1136.98 300
3865 -1137.3466666666666 300
3866 -1136.4133333333334 300
3867 -1136.87 300
3868 -1137.13 300
3869 -1137.5333333333333 300
3870 -1138.04 300
3871 -1136.3966666666668 300
3872 -1136.8566666666666 300
3873 -1136.49 300
3874 -1136.86 300
3875 -1136.85 300
3876 -1135.2366666666667 300
3877 -1133.6033333333332 300
3878 -1133.36 300
3879 -1134.1033333333332 300
3880 -1131.99 300
3881 -1131.8066666666666 300
3882 -1132.0733333333333 300
3883 -1132.35 300
3884 -1133.0833333333333 300
3885 -1131.5533333333333 300
3886 -1132.2 300
3887 -1133.18 300
3888 -1133.2066666666667 300
3889 -1133.8066666666666 300
3890 -1133.44 300
3891 -1133.91 300
3892 -1139.95 300
3893 -1141.3866666666668 300
3894 -1142.29 300
3895 -1142.7366666666667 300
3896 -1143.5066666666667 300
3897 -1144.48 300
3898 -1145.31 300
3899 -1143.2366666666667 300
3900 -1142.6433333333334 300
3901 -1140.7566666666667 300
3902 -1141.2533333333333 300
3903 -1141.9266666666667 300
3904 -1141.96 300
3905 -1141.2533333333333 300
3906 -1142.1033333333332 300
3907 -1142.5933333333332 300
3908 -1140.9566666666667 300
3909 -1140.09 300
3910 -1140.4033333333334 300
3911 -1144.9933333333333 300
3912 -1146.8733333333332 300
3913 -1146.4266666666667 300
3914 -1146.2066666666667 300
3915 -1146.2666666666667 300
3916 -1146.2533333333333 300
3917 -1146.2133333333334 300
3918 -1146.08 300
3919 -1146.08 300
3920 -1145.7566666666667 300
3921 -1145.2633333333333 300
3922 -1145.2633333333333 300
3923 -1144.94 300
3924 -1145.12 300
3925 -1144.5566666666666 300
3926 -1144.33 300
3927 -1144.14 300
3928 -1143.5666666666666 300
3929 -1143.3766666666668 300
3930 -1142.6433333333334 300
3931 -1142.6066666666666 300
3932 -1141.9033333333334 300
3933 -1140.7833333333333 300
3934 -1141.02 300
3935 -1140.8133333333333 300
3936 -1141.24 300
3937 -1141.28 300
3938 -1141.1466666666668 300
3939 -1140.9733333333334 300
3940 -1141.1266666666668 300
3941 -1141.64 300
3942 -1142.03 300
3943 -1142.3033333333333 300
3944 -1142.6166666666666 300
3945 -1143.31 300
3946 -1141.7933333333333 300
3947 -1141.6666666666667 300
3948 -1141.5766666666666 300
3949 -1142.09 300
3950 -1140.9533333333334 300
3951 -1140.7 300
3952 -1140.9466666666667 300
3953 -1140.14 300
3954 -1139.4933333333333 300
3955 -1139.57 300
3956 -1139.8466666666666 300
3957 -1139.9166666666667 300
3958 -1139.6966666666667 300
3959 -1139.85 300
3960 -1140.0233333333333 300
3961 -1140.2066666666667 300
3962 -1140.7666666666667 300
3963 -1146.04 300
3964 -1145.2866666666666 300
3965 -1144.8233333333333 300
3966 -1144.58 300
3967 -1144.8966666666668 300
3968 -1150.7866666666666 300
3969 -1148.0033333333333 300
3970 -1146.7666666666667 300
3971 -1146.59 300
3972 -1146.11 300
3973 -1146.3633333333332 300
3974 -1146.23 300
3975 -1146.68 300
3976 -1147.26 300
3977 -1147.7333333333333 300
3978 -1144.14 300
3979 -1143.82 300
3980 -1136.2 300
3981 -1135.0166666666667 300
3982 -1131.7766666666666 300
3983 -1132.39 300
3984 -1134.03 300
3985 -1135.1533333333334 300
3986 -1142.36 300
3987 -1146.8066666666666 300
3988 -1147.4166666666667 300
3989 -1147.67 300
3990 -1147.9166666666667 300
3991 -1148.8233333333333 300
3992 -1149.14 300
3993 -1148.2333333333333 300
3994 -1148.7033333333334 300
3995 -1148.85 300
3996 -1148.1466666666668 300
3997 -1148.8266666666666 300
3998 -1148.6533333333334 300
3999 -1148.4966666666667 300
4000 -1148.8133333333333 300
4001 -1148.74 300
4002 -1148.8133333333333 300
4003 -1149.2266666666667 300
4004 -1149.0 300
4005 -1149.12 300
4006 -1149.24 300
4007 -1149.36 300
4008 -1149.28 300
4009 -1149.3 300
4010 -1153.88 300
4011 -1154.2466666666667 300
4012 -1152.2866666666666 300
4013 -1152.0933333333332 300
4014 -1152.4233333333334 300
4015 -1151.8966666666668 300
4016 -1151.1533333333334 300
4017 -1152.5433333333333 300
4018 -1152.2266666666667 300
4019 -1152.1266666666668 300
4020 -1151.8533333333332 300
4021 -1151.92 300
4022 -1150.4766666666667 300
4023 -1147.19 300
4024 -1147.2933333333333 300
4025 -1144.1333333333334 300
4026 -1142.1866666666667 300
4027 -1142.9866666666667 300
4028 -1142.8733333333332 300
4029 -1145.7966666666666 300
4030 -1145.7066666666667 300
4031 -1145.8566666666666 300
4032 -1145.6933333333334 300
4033 -1145.2466666666667 300
4034 -1145.8433333333332 300
4035 -1146.0 300
4036 -1145.8 300
4037 -1146.4766666666667 300
4038 -1148.75 300
4039 -1148.6233333333332 300
4040 -1148.4833333333333 300
4041 -1148.4333333333334 300
4042 -1148.2933333333333 300
4043 -1148.3 300
4044 -1148.8966666666668 300
4045 -1146.45 300
4046 -1146.0266666666666 300
4047 -1146.51 300
4048 -1149.25 300
4049 -1148.49 300
4050 -1148.17 300
4051 -1148.2433333333333 300
4052 -1148.2233333333334 300
4053 -1148.1933333333334 300
4054 -1146.3633333333332 300
4055 -1146.7033333333334 300
4056 -1146.5333333333333 300
4057 -1145.2033333333334 300
4058 -1145.62 300
4059 -1145.5933333333332 300
4060 -1145.55 300
4061 -1145.5133333333333 300
4062 -1147.14 300
4063 -1147.1866666666667 300
4064 -1147.7066666666667 300
4065 -1145.1133333333332 300
4066 -1145.2133333333334 300
4067 -1144.97 300
4068 -1143.4666666666667 300
4069 -1141.5733333333333 300
4070 -1141.56 300
4071 -1141.4233333333334 300
4072 -1142.3833333333334 300
4073 -1142.6566666666668 300
4074 -1140.0066666666667 300
4075 -1137.8033333333333 300
4076 -1130.3933333333334 300
4077 -1131.3 300
4078 -1132.34 300
4079 -1134.4733333333334 300
4080 -1134.9 300
4081 -1135.3833333333334 300
4082 -1144.8333333333333 300
4083 -1145.6666666666667 300
4084 -1147.0266666666666 300
4085 -1146.33 300
4086 -1147.0266666666666 300
4087 -1148.82 300
4088 -1146.59 300
4089 -1146.87 300
4090 -1147.3666666666666 300
4091 -1146.4833333333333 300
4092 -1145.84 300
4093 -1157.4566666666667 300
4094 -1161.6666666666667 300
4095 -1161.3366666666666 300
4096 -1161.04 300
4097 -1160.8333333333333 300
4098 -1160.7666666666667 300
4099 -1160.7466666666667 300
4100 -1160.66 300
4101 -1160.33 300
4102 -1160.24 300
4103 -1159.6766666666667 300
4104 -1159.3033333333333 300
4105 -1159.0333333333333 300
4106 -1158.78 300
4107 -1158.46 300
4108 -1158.1033333333332 300
4109 -1157.8 300
4110 -1157.1633333333334 300
4111 -1156.5666666666666 300
4112 -1154.7966666666666 300
4113 -1154.7033333333334 300
4114 -1154.49 300
4115 -1153.12 300
4116 -1152.5133333333333 300
4117 -1152.8 300
4118 -1152.5233333333333 300
4119 -1150.0733333333333 300
4120 -1150.1466666666668 300
4121 -1149.73 300
4122 -1149.4 300
4123 -1148.7466666666667 300
4124 -1148.41 300
4125 -1147.06 300
4126 -1147.07 300
4127 -1146.6033333333332 300
4128 -1151.9833333333333 300
4129 -1150.65 300
4130 -1150.7466666666667 300
4131 -1150.8066666666666 300
4132 -1151.03 300
4133 -1151.21 300
4134 -1151.5533333333333 300
4135 -1152.24 300
4136 -1152.12 300
4137 -1152.75 300
4138 -1152.64 300
4139 -1153.2866666666666 300
4140 -1152.5333333333333 300
4141 -1152.9466666666667 300
4142 -1153.4766666666667 300
4143 -1153.4366666666667 300
4144 -1153.6233333333332 300
4145 -1153.4866666666667 300
4146 -1153.77 300
4147 -1153.72 300
4148 -1153.87 300
4149 -1153.5233333333333 300
4150 -1152.9533333333334 300
4151 -1153.0366666666666 300
4152 -1152.8466666666666 300
4153 -1152.74 300
4154 -1152.1533333333334 300
4155 -1150.5833333333333 300
4156 -1150.6366666666668 300
4157 -1150.8133333333333 300
4158 -1150.7466666666667 300
4159 -1150.69 300
4160 -1150.6 300
4161 -1150.5266666666666 300
4162 -1150.76 300
4163 -1150.6466666666668 300
4164 -1150.8833333333334 300
4165 -1151.2533333333333 300
4166 -1151.6733333333334 300
4167 -1151.8366666666666 300
4168 -1152.0066666666667 300
4169 -1150.8233333333333 300
4170 -1146.3933333333334 300
4171 -1147.07 300
4172 -1147.08 300
4173 -1147.4466666666667 300
4174 -1143.9933333333333 300
4175 -1144.5966666666666 300
4176 -1141.9366666666667 300
4177 -1142.7133333333334 300
4178 -1143.19 300
4179 -1143.5766666666666 300
4180 -1143.55 300
4181 -1143.71 300
4182 -1144.3366666666666 300
4183 -1143.7933333333333 300
4184 -1143.7566666666667 300
4185 -1143.4466666666667 300
4186 -1144.0666666666666 300
4187 -1143.88 300
4188 -1143.84 300
4189 -1144.11 300
4190 -1137.9733333333334 300
4191 -1132.9266666666667 300
4192 -1125.6333333333334 300
4193 -1126.9266666666667 300
4194 -1116.8866666666668 300
4195 -1115.8 300
4196 -1116.5866666666666 300
4197 -1113.49 300
4198 -1113.8933333333334 300
4199 -1114.2366666666667 300
4200 -1115.15 300
4201 -1118.78 300
4202 -1119.8633333333332 300
4203 -1120.7666666666667 300
4204 -1121.5566666666666 300
4205 -1122.3033333333333 300
4206 -1122.6466666666668 300
4207 -1123.28 300
4208 -1124.12 300
4209 -1124.7333333333333 300
4210 -1125.48 300
4211 -1125.8866666666668 300
4212 -1131.9133333333334 300
4213 -1138.81 300
4214 -1139.26 300
4215 -1139.4733333333334 300
4216 -1139.4566666666667 300
4217 -1139.6566666666668 300
4218 -1139.9466666666667 300
4219 -1139.9366666666667 300
4220 -1139.8833333333334 300
4221 -1140.88 300
4222 -1140.6433333333334 300
4223 -1140.98 300
4224 -1141.0266666666666 300
4225 -1140.2066666666667 300
4226 -1140.0233333333333 300
4227 -1140.24 300
4228 -1139.9366666666667 300
4229 -1139.46 300
4230 -1139.2766666666666 300
4231 -1139.11 300
4232 -1138.8633333333332 300
4233 -1138.74 300
4234 -1138.5066666666667 300
4235 -1138.3766666666668 300
4236 -1138.3666666666666 300
4237 -1138.4733333333334 300
4238 -1138.42 300
4239 -1135.37 300
4240 -1135.52 300
4241 -1135.9066666666668 300
4242 -1136.4166666666667 300
4243 -1136.1066666666666 300
4244 -1136.1133333333332 300
4245 -1135.54 300
4246 -1135.5333333333333 300
4247 -1135.1766666666667 300
4248 -1134.5866666666666 300
4249 -1133.9966666666667 300
4250 -1133.46 300
4251 -1132.9233333333334 300
4252 -1132.3266666666666 300
4253 -1131.8066666666666 300
4254 -1128.0166666666667 300
4255 -1126.0933333333332 300
4256 -1131.7 300
4257 -1141.48 300
4258 -1148.4433333333334 300
4259 -1148.0166666666667 300
4260 -1147.72 300
4261 -1147.37 300
4262 -1146.9566666666667 300
4263 -1143.2666666666667 300
4264 -1142.1033333333332 300
4265 -1141.9666666666667 300
4266 -1143.93 300
4267 -1143.9133333333334 300
4268 -1143.8366666666666 300
4269 -1143.65 300
4270 -1143.4033333333334 300
4271 -1143.0966666666666 300
4272 -1143.0366666666666 300
4273 -1142.5833333333333 300
4274 -1142.4466666666667 300
4275 -1142.3033333333333 300
4276 -1142.22 300
4277 -1141.8433333333332 300
4278 -1141.4833333333333 300
4279 -1141.1766666666667 300
4280 -1140.74 300
4281 -1140.8266666666666 300
4282 -1139.7133333333334 300
4283 -1138.7033333333334 300
4284 -1134.6133333333332 300
4285 -1134.61 300
4286 -1132.9766666666667 300
4287 -1133.0466666666666 300
4288 -1133.0466666666666 300
4289 -1130.9766666666667 300
4290 -1130.8566666666666 300
4291 -1131.13 300
4292 -1131.1566666666668 300
4293 -1131.04 300
4294 -1130.9266666666667 300
4295 -1131.0866666666666 300
4296 -1131.4133333333334 300
4297 -1131.3366666666666 300
4298 -1132.33 300
4299 -1132.1966666666667 300
4300 -1131.5966666666666 300
4301 -1131.7833333333333 300
4302 -1131.7566666666667 300
4303 -1131.3766666666668 300
4304 -1131.5033333333333 300
4305 -1131.3666666666666 300
4306 -1131.3833333333334 300
4307 -1131.38 300
4308 -1131.3033333333333 300
4309 -1131.0966666666666 300
4310 -1131.1633333333334 300
4311 -1131.7766666666666 300
4312 -1131.5866666666666 300
4313 -1129.1266666666668 300
4314 -1128.77 300
4315 -1129.01 300
4316 -1129.2666666666667 300
4317 -1128.7933333333333 300
4318 -1128.56 300
4319 -1128.8566666666666 300
4320 -1128.76 300
4321 -1126.77 300
4322 -1126.63 300
4323 -1126.9633333333334 300
4324 -1126.7233333333334 300
4325 -1126.43 300
4326 -1126.79 300
4327 -1127.42 300
4328 -1127.4166666666667 300
4329 -1127.9133333333334 300
4330 -1128.6933333333334 300
4331 -1129.08 300
4332 -1129.5166666666667 300
4333 -1130.09 300
4334 -1130.2766666666666 300
4335 -1130.4866666666667 300
4336 -1130.4933333333333 300
4337 -1130.5666666666666 300
4338 -1130.66 300
4339 -1131.0033333333333 300
4340 -1131.08 300
4341 -1131.44 300
4342 -1131.5333333333333 300
4343 -1131.5466666666666 300
4344 -1131.51 300
4345 -1129.21 300
4346 -1129.55 300
4347 -1129.4366666666667 300
4348 -1127.4933333333333 300
4349 -1127.9633333333334 300
4350 -1127.9433333333334 300
4351 -1125.1066666666666 300
4352 -1124.8433333333332 300
4353 -1125.0633333333333 300
4354 -1125.26 300
4355 -1125.4533333333334 300
4356 -1125.5733333333333 300
4357 -1123.66 300
4358 -1123.2566666666667 300
4359 -1123.4566666666667 300
4360 -1123.5466666666666 300
4361 -1123.53 300
4362 -1123.8433333333332 300
4363 -1123.9633333333334 300
4364 -1123.93 300
4365 -1123.9333333333334 300
4366 -1124.21 300
4367 -1124.0233333333333 300
4368 -1124.18 300
4369 -1124.43 300
4370 -1124.8366666666666 300
4371 -1124.9033333333334 300
4372 -1123.44 300
4373 -1123.4666666666667 300
4374 -1121.64 300
4375 -1122.0933333333332 300
4376 -1118.8533333333332 300
4377 -1117.2166666666667 300
4378 -1120.7133333333334 300
4379 -1121.13 300
4380 -1121.1933333333334 300
4381 -1121.7333333333333 300
4382 -1122.28 300
4383 -1122.9466666666667 300
4384 -1123.1033333333332 300
4385 -1123.5633333333333 300
4386 -1124.38 300
4387 -1124.4033333333334 300
4388 -1123.4333333333334 300
4389 -1117.8866666666668 300
4390 -1118.1633333333334 300
4391 -1119.0 300
4392 -1119.9933333333333 300
4393 -1121.0633333333333 300
4394 -1121.6666666666667 300
4395 -1122.43 300
4396 -1123.21 300
4397 -1123.1866666666667 300
4398 -1123.9633333333334 300
4399 -1125.0 300
4400 -1126.6633333333334 300
4401 -1125.7433333333333 300
4402 -1126.46 300
4403 -1124.4233333333334 300
4404 -1124.5633333333333 300
4405 -1124.8066666666666 300
4406 -1125.3666666666666 300
4407 -1125.8833333333334 300
4408 -1126.39 300
4409 -1126.8566666666666 300
4410 -1120.6266666666668 300
4411 -1120.0333333333333 300
4412 -1121.71 300
4413 -1125.9733333333334 300
4414 -1132.7466666666667 300
4415 -1137.1 300
4416 -1137.6933333333334 300
4417 -1142.1033333333332 300
4418 -1142.5633333333333 300
4419 -1142.9733333333334 300
4420 -1131.3033333333333 300
4421 -1131.74 300
4422 -1132.1566666666668 300
4423 -1132.5 300
4424 -1133.1066666666666 300
4425 -1133.6033333333332 300
4426 -1134.0233333333333 300
4427 -1134.6566666666668 300
4428 -1135.12 300
4429 -1135.65 300
4430 -1137.26 300
4431 -1140.6833333333334 300
4432 -1143.9233333333334 300
4433 -1144.3766666666668 300
4434 -1138.6866666666667 300
4435 -1138.7266666666667 300
4436 -1138.9633333333334 300
4437 -1138.72 300
4438 -1138.8566666666666 300
4439 -1139.08 300
4440 -1140.6233333333332 300
4441 -1142.3766666666668 300
4442 -1144.0866666666666 300
4443 -1143.9833333333333 300
4444 -1143.61 300
4445 -1138.2066666666667 300
4446 -1138.1266666666668 300
4447 -1138.4 300
4448 -1138.42 300
4449 -1138.5 300
4450 -1139.0166666666667 300
4451 -1140.1433333333334 300
4452 -1137.9466666666667 300
4453 -1139.3433333333332 300
4454 -1142.33 300
4455 -1142.4833333333333 300
4456 -1142.7333333333333 300
4457 -1142.6666666666667 300
4458 -1142.5 300
4459 -1142.24 300
4460 -1142.2566666666667 300
4461 -1142.11 300
4462 -1142.25 300
4463 -1141.69 300
4464 -1141.7033333333334 300
4465 -1141.88 300
4466 -1141.5466666666666 300
4467 -1141.6 300
4468 -1141.6266666666668 300
4469 -1141.57 300
4470 -1141.47 300
4471 -1143.8333333333333 300
4472 -1144.66 300
4473 -1145.7366666666667 300
4474 -1145.6633333333334 300
4475 -1145.39 300
4476 -1144.8933333333334 300
4477 -1154.5866666666666 300
4478 -1154.2766666666666 300
4479 -1153.7866666666666 300
4480 -1153.46 300
4481 -1153.1133333333332 300
4482 -1153.0366666666666 300
4483 -1152.5933333333332 300
4484 -1152.41 300
4485 -1152.0833333333333 300
4486 -1152.0233333333333 300
4487 -1151.6366666666668 300
4488 -1151.6633333333334 300
4489 -1151.07 300
4490 -1150.54 300
4491 -1149.8033333333333 300
4492 -1149.5233333333333 300
4493 -1149.1433333333334 300
4494 -1148.95 300
4495 -1149.2666666666667 300
4496 -1149.2066666666667 300
4497 -1148.36 300
4498 -1148.0633333333333 300
4499 -1147.6566666666668 300
4500 -1147.6533333333334 300
4501 -1147.2433333333333 300
4502 -1147.1 300
4503 -1146.9666666666667 300
4504 -1146.89 300
4505 -1146.99 300
4506 -1146.94 300
4507 -1146.08 300
4508 -1146.4066666666668 300
4509 -1146.7466666666667 300
4510 -1146.6933333333334 300
4511 -1146.4266666666667 300
4512 -1146.38 300
4513 -1146.6866666666667 300
4514 -1146.8633333333332 300
4515 -1144.6566666666668 300
4516 -1144.7766666666666 300
4517 -1144.83 300
4518 -1144.7233333333334 300
4519 -1144.2633333333333 300
4520 -1144.27 300
4521 -1144.1566666666668 300
4522 -1143.99 300
4523 -1146.03 300
4524 -1147.6133333333332 300
4525 -1147.4266666666667 300
4526 -1147.4266666666667 300
4527 -1148.5166666666667 300
4528 -1148.3033333333333 300
4529 -1151.63 300
4530 -1150.9433333333334 300
4531 -1150.8433333333332 300
4532 -1150.68 300
4533 -1150.7266666666667 300
4534 -1149.7666666666667 300
4535 -1147.5466666666666 300
4536 -1146.8033333333333 300
4537 -1144.7933333333333 300
4538 -1143.6566666666668 300
4539 -1143.8366666666666 300
4540 -1148.3366666666666 300
4541 -1148.29 300
4542 -1148.18 300
4543 -1148.4933333333333 300
4544 -1147.3133333333333 300
4545 -1147.5966666666666 300
4546 -1147.7766666666666 300
4547 -1147.8433333333332 300
4548 -1147.36 300
4549 -1152.1533333333334 300
4550 -1152.06 300
4551 -1152.1666666666667 300
4552 -1152.01 300
4553 -1151.4666666666667 300
4554 -1151.3033333333333 300
4555 -1151.5166666666667 300
4556 -1154.0633333333333 300
4557 -1156.1 300
4558 -1158.6366666666668 300
4559 -1157.9733333333334 300
4560 -1157.4766666666667 300
4561 -1157.2 300
4562 -1156.5333333333333 300
4563 -1156.6933333333334 300
4564 -1155.5866666666666 300
4565 -1155.76 300
4566 -1155.7033333333334 300
4567 -1153.53 300
4568 -1147.2233333333334 300
4569 -1146.0166666666667 300
4570 -1141.0566666666666 300
4571 -1138.1733333333334 300
4572 -1142.62 300
4573 -1137.0533333333333 300
4574 -1140.6966666666667 300
4575 -1141.9233333333334 300
4576 -1142.0166666666667 300
4577 -1142.7633333333333 300
4578 -1143.11 300
4579 -1143.84 300
4580 -1143.84 300
4581 -1143.9466666666667 300
4582 -1142.81 300
4583 -1143.25 300
4584 -1143.71 300
4585 -1144.1266666666668 300
4586 -1144.4966666666667 300
4587 -1144.9033333333334 300
4588 -1144.2766666666666 300
4589 -1144.1066666666666 300
4590 -1144.3566666666666 300
4591 -1144.2966666666666 300
4592 -1144.0666666666666 300
4593 -1144.17 300
4594 -1144.6166666666666 300
4595 -1143.7166666666667 300
4596 -1139.7666666666667 300
4597 -1139.6933333333334 300
4598 -1139.2966666666666 300
4599 -1139.48 300
4600 -1138.8933333333334 300
4601 -1138.72 300
4602 -1138.7166666666667 300
4603 -1139.06 300
4604 -1139.5666666666666 300
4605 -1132.0233333333333 300
4606 -1132.4066666666668 300
4607 -1133.18 300
4608 -1133.9866666666667 300
4609 -1135.1833333333334 300
4610 -1135.9333333333334 300
4611 -1128.79 300
4612 -1129.3466666666666 300
4613 -1130.1833333333334 300
4614 -1130.66 300
4615 -1131.4433333333334 300
4616 -1131.8966666666668 300
4617 -1132.4566666666667 300
4618 -1132.9733333333334 300
4619 -1133.32 300
4620 -1133.9666666666667 300
4621 -1131.4833333333333 300
4622 -1131.3433333333332 300
4623 -1131.98 300
4624 -1132.4833333333333 300
4625 -1132.8 300
4626 -1133.4466666666667 300
4627 -1133.6533333333334 300
4628 -1134.0666666666666 300
4629 -1134.55 300
4630 -1135.0266666666666 300
4631 -1135.3466666666666 300
4632 -1135.73 300
4633 -1135.9266666666667 300
4634 -1136.49 300
4635 -1137.1966666666667 300
4636 -1137.8133333333333 300
4637 -1138.2966666666666 300
4638 -1138.4366666666667 300
4639 -1138.27 300
4640 -1138.95 300
4641 -1138.76 300
4642 -1139.1266666666668 300
4643 -1139.1966666666667 300
4644 -1136.2233333333334 300
4645 -1136.82 300
4646 -1137.34 300
4647 -1137.5066666666667 300
4648 -1137.76 300
4649 -1137.8833333333334 300
4650 -1137.9833333333333 300
4651 -1138.4733333333334 300
4652 -1138.9566666666667 300
4653 -1139.18 300
4654 -1139.49 300
4655 -1139.7666666666667 300
4656 -1139.8266666666666 300
4657 -1140.2133333333334 300
4658 -1140.7066666666667 300
4659 -1141.1533333333334 300
4660 -1141.48 300
4661 -1141.5 300
4662 -1141.4133333333334 300
4663 -1141.8666666666666 300
4664 -1142.2566666666667 300
4665 -1142.4533333333334 300
4666 -1142.2433333333333 300
4667 -1139.65 300
4668 -1140.1033333333332 300
4669 -1140.4333333333334 300
4670 -1140.4533333333334 300
4671 -1134.9 300
4672 -1135.49 300
4673 -1135.29 300
4674 -1135.95 300
4675 -1135.75 300
4676 -1135.9766666666667 300
4677 -1136.3366666666666 300
4678 -1136.38 300
4679 -1136.9366666666667 300
4680 -1136.8833333333334 300
4681 -1137.04 300
4682 -1137.09 300
4683 -1137.2433333333333 300
4684 -1138.91 300
4685 -1139.0233333333333 300
4686 -1138.8866666666668 300
4687 -1138.93 300
4688 -1139.09 300
4689 -1139.24 300
4690 -1141.7133333333334 300
4691 -1141.3866666666668 300
4692 -1141.5 300
4693 -1141.87 300
4694 -1141.9233333333334 300
4695 -1142.0466666666666 300
4696 -1141.7066666666667 300
4697 -1141.9366666666667 300
4698 -1142.3366666666666 300
4699 -1142.7833333333333 300
4700 -1143.0366666666666 300
4701 -1143.32 300
4702 -1143.9566666666667 300
4703 -1144.3066666666666 300
4704 -1143.0966666666666 300
4705 -1143.2766666666666 300
4706 -1143.4966666666667 300
4707 -1143.7566666666667 300
4708 -1144.0333333333333 300
4709 -1144.3633333333332 300
4710 -1144.6433333333334 300
4711 -1144.7633333333333 300
4712 -1144.82 300
4713 -1144.9966666666667 300
4714 -1145.2766666666666 300
4715 -1149.5433333333333 300
4716 -1152.1766666666667 300
4717 -1151.77 300
4718 -1151.4466666666667 300
4719 -1151.4866666666667 300
4720 -1151.41 300
4721 -1151.5 300
4722 -1152.0 300
4723 -1152.32 300
4724 -1152.84 300
4725 -1152.9333333333334 300
4726 -1152.9533333333334 300
4727 -1152.8433333333332 300
4728 -1152.78 300
4729 -1153.9266666666667 300
4730 -1153.82 300
4731 -1157.8766666666668 300
4732 -1157.17 300
4733 -1156.77 300
4734 -1156.74 300
4735 -1156.8433333333332 300
4736 -1158.1033333333332 300
4737 -1156.8333333333333 300
4738 -1155.3933333333334 300
4739 -1155.1933333333334 300
4740 -1154.7266666666667 300
4741 -1154.1266666666668 300
4742 -1153.8466666666666 300
4743 -1153.3566666666666 300
4744 -1154.2633333333333 300
4745 -1153.9 300
4746 -1153.5933333333332 300
4747 -1157.51 300
4748 -1157.0733333333333 300
4749 -1158.41 300
4750 -1158.5233333333333 300
4751 -1157.7866666666666 300
4752 -1157.67 300
4753 -1157.56 300
4754 -1157.2933333333333 300
4755 -1157.0633333333333 300
4756 -1156.6366666666668 300
4757 -1156.2866666666666 300
4758 -1151.76 300
4759 -1150.72 300
4760 -1150.8033333333333 300
4761 -1151.04 300
4762 -1150.8166666666666 300
4763 -1150.8966666666668 300
4764 -1150.99 300
4765 -1151.77 300
4766 -1151.9933333333333 300
4767 -1151.6933333333334 300
4768 -1152.0133333333333 300
4769 -1152.21 300
4770 -1152.4066666666668 300
4771 -1152.6033333333332 300
4772 -1152.8633333333332 300
4773 -1152.8366666666666 300
4774 -1152.8033333333333 300
4775 -1152.73 300
4776 -1152.99 300
4777 -1152.1966666666667 300
4778 -1152.6566666666668 300
4779 -1152.7333333333333 300
4780 -1153.1666666666667 300
4781 -1153.1766666666667 300
4782 -1153.1766666666667 300
4783 -1153.2766666666666 300
4784 -1153.2866666666666 300
4785 -1151.7566666666667 300
4786 -1151.9233333333334 300
4787 -1152.33 300
4788 -1152.3566666666666 300
4789 -1152.13 300
4790 -1152.4033333333334 300
4791 -1152.9966666666667 300
4792 -1153.18 300
4793 -1153.07 300
4794 -1153.5166666666667 300
4795 -1153.5733333333333 300
4796 -1153.5766666666666 300
4797 -1153.57 300
4798 -1153.64 300
4799 -1153.8566666666666 300
4800 -1153.59 300
4801 -1153.5466666666666 300
4802 -1153.75 300
4803 -1153.5366666666666 300
4804 -1153.2733333333333 300
4805 -1153.3366666666666 300
4806 -1153.22 300
4807 -1154.0066666666667 300
4808 -1153.88 300
4809 -1153.56 300
4810 -1153.5466666666666 300
4811 -1153.53 300
4812 -1154.9866666666667 300
4813 -1154.93 300
4814 -1154.72 300
4815 -1154.6766666666667 300
4816 -1154.64 300
4817 -1154.64 300
4818 -1154.4866666666667 300
4819 -1154.3233333333333 300
4820 -1154.17 300
4821 -1154.0166666666667 300
4822 -1154.07 300
4823 -1153.9 300
4824 -1153.8866666666668 300
4825 -1153.8933333333334 300
4826 -1153.8933333333334 300
4827 -1154.9233333333334 300
4828 -1154.87 300
4829 -1154.87 300
4830 -1157.1233333333332 300
4831 -1156.8366666666666 300
4832 -1156.7133333333334 300
4833 -1156.9466666666667 300
4834 -1156.78 300
4835 -1156.5 300
4836 -1156.5366666666666 300
4837 -1156.4133333333334 300
4838 -1156.2033333333334 300
4839 -1156.16 300
4840 -1156.2833333333333 300
4841 -1156.16 300
4842 -1155.7733333333333 300
4843 -1155.75 300
4844 -1155.53 300
4845 -1155.42 300
4846 -1155.4166666666667 300
4847 -1155.1966666666667 300
4848 -1154.9833333333333 300
4849 -1154.5666666666666 300
4850 -1154.44 300
4851 -1154.2633333333333 300
4852 -1154.3033333333333 300
4853 -1154.2366666666667 300
4854 -1154.0133333333333 300
4855 -1153.9233333333334 300
4856 -1153.89 300
4857 -1153.89 300
4858 -1153.89 300
4859 -1153.89 300
4860 -1151.92 300
4861 -1151.5 300
4862 -1152.57 300
4863 -1152.3466666666666 300
4864 -1152.3466666666666 300
4865 -1152.3466666666666 300
4866 -1154.3033333333333 300
4867 -1154.25 300
4868 -1153.82 300
4869 -1153.9266666666667 300
4870 -1153.9266666666667 300
4871 -1153.7633333333333 300
4872 -1153.5833333333333 300
4873 -1153.5433333333333 300
4874 -1153.28 300
4875 -1153.0966666666666 300
4876 -1152.9866666666667 300
4877 -1152.6533333333334 300
4878 -1152.66 300
4879 -1152.3866666666668 300
4880 -1152.1066666666666 300
4881 -1146.9633333333334 300
4882 -1146.9666666666667 300
4883 -1146.7466666666667 300
4884 -1146.47 300
4885 -1146.3066666666666 300
4886 -1146.19 300
4887 -1146.0466666666666 300
4888 -1145.8133333333333 300
4889 -1145.9833333333333 300
4890 -1145.9966666666667 300
4891 -1146.3766666666668 300
4892 -1146.3866666666668 300
4893 -1146.4566666666667 300
4894 -1148.4266666666667 300
4895 -1148.3866666666668 300
4896 -1148.68 300
4897 -1148.6466666666668 300
4898 -1148.8166666666666 300
4899 -1148.77 300
4900 -1148.7466666666667 300
4901 -1148.8566666666666 300
4902 -1149.0 300
4903 -1152.8066666666666 300
4904 -1152.42 300
4905 -1152.3333333333333 300
4906 -1152.19 300
4907 -1152.2033333333334 300
4908 -1151.8333333333333 300
4909 -1151.9866666666667 300
4910 -1151.8 300
4911 -1153.1633333333334 300
4912 -1153.19 300
4913 -1152.9833333333333 300
4914 -1153.1433333333334 300
4915 -1153.5733333333333 300
4916 -1153.9566666666667 300
4917 -1154.1433333333334 300
4918 -1154.4966666666667 300
4919 -1155.6666666666667 300
4920 -1155.6066666666666 300
4921 -1154.23 300
4922 -1154.27 300
4923 -1154.5266666666666 300
4924 -1155.3666666666666 300
4925 -1156.19 300
4926 -1155.8333333333333 300
4927 -1155.9266666666667 300
4928 -1155.95 300
4929 -1156.1366666666668 300
4930 -1156.2466666666667 300
4931 -1155.2833333333333 300
4932 -1154.91 300
4933 -1155.0533333333333 300
4934 -1154.6366666666668 300
4935 -1154.7566666666667 300
4936 -1154.98 300
4937 -1154.97 300
4938 -1154.6966666666667 300
4939 -1154.7933333333333 300
4940 -1154.7166666666667 300
4941 -1154.8333333333333 300
4942 -1154.5566666666666 300
4943 -1154.5566666666666 300
4944 -1154.47 300
4945 -1153.39 300
4946 -1153.5166666666667 300
4947 -1153.75 300
4948 -1152.7 300
4949 -1152.5066666666667 300
4950 -1152.8733333333332 300
4951 -1152.8966666666668 300
4952 -1152.5066666666667 300
4953 -1151.2 300
4954 -1151.17 300
4955 -1151.0266666666666 300
4956 -1151.02 300
4957 -1151.0166666666667 300
4958 -1151.0766666666666 300
4959 -1150.93 300
4960 -1151.0966666666666 300
4961 -1151.2933333333333 300
4962 -1151.51 300
4963 -1150.9333333333334 300
4964 -1150.6866666666667 300
4965 -1150.6833333333334 300
4966 -1149.4266666666667 300
4967 -1149.7 300
4968 -1149.6 300
4969 -1149.62 300
4970 -1149.9 300
4971 -1150.13 300
4972 -1150.0 300
4973 -1149.9533333333334 300
4974 -1150.6766666666667 300
4975 -1150.87 300
4976 -1150.9533333333334 300
4977 -1150.7833333333333 300
4978 -1150.9266666666667 300
4979 -1149.3433333333332 300
4980 -1149.5033333333333 300
4981 -1149.3333333333333 300
4982 -1149.4033333333334 300
4983 -1149.6033333333332 300
4984 -1150.0133333333333 300
4985 -1149.65 300
4986 -1149.55 300
4987 -1150.56 300
4988 -1150.63 300
4989 -1150.41 300
4990 -1150.0933333333332 300
4991 -1149.0766666666666 300
4992 -1149.4033333333334 300
4993 -1149.6033333333332 300
4994 -1145.8666666666666 300
4995 -1145.3033333333333 300
4996 -1145.1766666666667 300
4997 -1145.4466666666667 300
4998 -1144.6966666666667 300
4999 -1144.3633333333332 300
5000 -1144.8533333333332 300
5001 -1144.8466666666666 300
5002 -1144.87 300
5003 -1145.25 300
5004 -1145.5933333333332 300
5005 -1145.5166666666667 300
5006 -1145.8866666666668 300
5007 -1145.98 300
5008 -1146.31 300
5009 -1146.27 300
5010 -1146.5433333333333 300
5011 -1147.1533333333334 300
5012 -1147.23 300
5013 -1145.12 300
5014 -1145.1833333333334 300
5015 -1145.07 300
5016 -1145.2266666666667 300
5017 -1145.2433333333333 300
5018 -1145.22 300
5019 -1145.62 300
5020 -1145.8366666666666 300
5021 -1146.2266666666667 300
5022 -1149.22 300
5023 -1149.5233333333333 300
5024 -1149.5166666666667 300
5025 -1147.47 300
5026 -1148.0333333333333 300
5027 -1148.1966666666667 300
5028 -1148.57 300
5029 -1148.6166666666666 300
5030 -1148.5533333333333 300
5031 -1148.46 300
5032 -1148.1933333333334 300
5033 -1146.3433333333332 300
5034 -1146.2866666666666 300
5035 -1146.5933333333332 300
5036 -1147.1266666666668 300
5037 -1147.15 300
5038 -1147.4433333333334 300
5039 -1147.33 300
5040 -1147.3233333333333 300
5041 -1147.63 300
5042 -1147.9166666666667 300
5043 -1148.2866666666666 300
5044 -1149.28 300
5045 -1150.69 300
5046 -1149.0333333333333 300
5047 -1149.07 300
5048 -1149.2633333333333 300
5049 -1147.6566666666668 300
5050 -1147.7433333333333 300
5051 -1147.7766666666666 300
5052 -1149.0533333333333 300
5053 -1149.5266666666666 300
5054 -1149.9066666666668 300
5055 -1152.1633333333334 300
5056 -1156.44 300
5057 -1160.6666666666667 300
5058 -1165.3366666666666 300
5059 -1168.5966666666666 300
5060 -1167.5233333333333 300
5061 -1166.6633333333334 300
5062 -1165.78 300
5063 -1165.91 300
5064 -1165.56 300
5065 -1165.34 300
5066 -1165.51 300
5067 -1165.1766666666667 300
5068 -1164.2866666666666 300
5069 -1164.08 300
5070 -1163.32 300
5071 -1162.55 300
5072 -1163.5133333333333 300
5073 -1162.82 300
5074 -1162.6966666666667 300
5075 -1168.7433333333333 300
5076 -1167.5266666666666 300
5077 -1171.99 300
5078 -1171.4766666666667 300
5079 -1170.9833333333333 300
5080 -1170.5466666666666 300
5081 -1172.4433333333334 300
5082 -1172.4833333333333 300
5083 -1171.8933333333334 300
5084 -1171.92 300
5085 -1171.63 300
5086 -1171.0833333333333 300
5087 -1170.4633333333334 300
5088 -1170.2033333333334 300
5089 -1169.8566666666666 300
5090 -1171.8866666666668 300
5091 -1171.41 300
5092 -1170.9633333333334 300
5093 -1171.0766666666666 300
5094 -1170.4766666666667 300
5095 -1170.4 300
5096 -1170.17 300
5097 -1169.96 300
5098 -1169.8833333333334 300
5099 -1169.52 300
5100 -1169.2533333333333 300
5101 -1169.1333333333334 300
5102 -1169.3266666666666 300
5103 -1169.3033333333333 300
5104 -1168.87 300
5105 -1163.65 300
5106 -1162.9666666666667 300
5107 -1163.53 300
5108 -1163.5033333333333 300
5109 -1163.7066666666667 300
5110 -1163.59 300
5111 -1163.4833333333333 300
5112 -1163.7566666666667 300
5113 -1163.97 300
5114 -1164.2966666666666 300
5115 -1164.4733333333334 300
5116 -1160.7433333333333 300
5117 -1160.0433333333333 300
5118 -1159.7066666666667 300
5119 -1159.7533333333333 300
5120 -1160.0766666666666 300
5121 -1157.45 300
5122 -1157.4833333333333 300
5123 -1157.45 300
5124 -1157.4766666666667 300
5125 -1157.4833333333333 300
5126 -1157.42 300
5127 -1157.35 300
5128 -1157.4433333333334 300
5129 -1157.61 300
5130 -1157.6033333333332 300
5131 -1157.6766666666667 300
5132 -1157.7266666666667 300
5133 -1157.7333333333333 300
5134 -1157.75 300
5135 -1157.8666666666666 300
5136 -1158.02 300
5137 -1158.11 300
5138 -1155.1433333333334 300
5139 -1154.0633333333333 300
5140 -1153.4366666666667 300
5141 -1153.03 300
5142 -1153.2633333333333 300
5143 -1153.7366666666667 300
5144 -1154.4933333333333 300
5145 -1155.1533333333334 300
5146 -1147.7333333333333 300
5147 -1148.6133333333332 300
5148 -1150.0433333333333 300
5149 -1150.31 300
5150 -1150.88 300
5151 -1151.9633333333334 300
5152 -1152.7466666666667 300
5153 -1155.3933333333334 300
5154 -1150.8166666666666 300
5155 -1151.15 300
5156 -1151.29 300
5157 -1153.8733333333332 300
5158 -1153.8866666666668 300
5159 -1159.3966666666668 300
5160 -1161.7766666666666 300
5161 -1161.57 300
5162 -1161.49 300
5163 -1161.08 300
5164 -1160.7066666666667 300
5165 -1160.1233333333332 300
5166 -1160.07 300
5167 -1159.8466666666666 300
5168 -1159.6433333333334 300
5169 -1161.9533333333334 300
5170 -1162.0833333333333 300
5171 -1161.93 300
5172 -1161.61 300
5173 -1155.8533333333332 300
5174 -1154.7833333333333 300
5175 -1151.3333333333333 300
5176 -1153.6566666666668 300
5177 -1153.75 300
5178 -1154.2766666666666 300
5179 -1155.0133333333333 300
5180 -1154.7233333333334 300
5181 -1155.53 300
5182 -1155.8866666666668 300
5183 -1155.8233333333333 300
5184 -1156.5233333333333 300
5185 -1156.7733333333333 300
5186 -1157.7966666666666 300
5187 -1157.6266666666668 300
5188 -1158.15 300
5189 -1157.8533333333332 300
5190 -1158.28 300
5191 -1158.57 300
5192 -1158.7933333333333 300
5193 -1158.7966666666666 300
5194 -1159.12 300
5195 -1158.3766666666668 300
5196 -1158.3233333333333 300
5197 -1158.6233333333332 300
5198 -1158.69 300
5199 -1158.75 300
5200 -1158.7933333333333 300
5201 -1159.3733333333332 300
5202 -1159.6833333333334 300
5203 -1159.6533333333334 300
5204 -1161.94 300
5205 -1161.7133333333334 300
5206 -1161.7266666666667 300
5207 -1161.5133333333333 300
5208 -1161.6333333333334 300
5209 -1167.3166666666666 300
5210 -1167.03 300
5211 -1166.98 300
5212 -1167.08 300
5213 -1166.9966666666667 300
5214 -1166.87 300
5215 -1166.5433333333333 300
5216 -1167.33 300
5217 -1167.0033333333333 300
5218 -1166.8833333333334 300
5219 -1166.8666666666666 300
5220 -1166.5933333333332 300
5221 -1166.0533333333333 300
5222 -1165.66 300
5223 -1166.1033333333332 300
5224 -1165.7766666666666 300
5225 -1165.83 300
5226 -1165.3233333333333 300
5227 -1165.17 300
5228 -1164.97 300
5229 -1164.76 300
5230 -1164.6133333333332 300
5231 -1164.1866666666667 300
5232 -1164.0433333333333 300
5233 -1165.2933333333333 300
5234 -1165.39 300
5235 -1165.16 300
5236 -1165.0433333333333 300
5237 -1165.3833333333334 300
5238 -1164.54 300
5239 -1164.1666666666667 300
5240 -1164.0366666666666 300
5241 -1164.4333333333334 300
5242 -1164.9233333333334 300
5243 -1167.47 300
5244 -1167.34 300
5245 -1167.7366666666667 300
5246 -1167.92 300
5247 -1166.4133333333334 300
5248 -1168.7 300
5249 -1168.4633333333334 300
5250 -1168.6433333333334 300
5251 -1168.8666666666666 300
5252 -1169.0466666666666 300
5253 -1169.17 300
5254 -1168.7933333333333 300
5255 -1164.5366666666666 300
5256 -1164.47 300
5257 -1164.3066666666666 300
5258 -1164.1133333333332 300
5259 -1163.7466666666667 300
5260 -1165.2166666666667 300
5261 -1164.7633333333333 300
5262 -1164.2966666666666 300
5263 -1163.6933333333334 300
5264 -1163.4833333333333 300
5265 -1163.2966666666666 300
5266 -1163.5833333333333 300
5267 -1163.64 300
5268 -1163.38 300
5269 -1163.4 300
5270 -1163.1133333333332 300
5271 -1163.05 300
5272 -1163.18 300
5273 -1163.44 300
5274 -1163.5433333333333 300
5275 -1165.9 300
5276 -1165.62 300
5277 -1165.7966666666666 300
5278 -1166.0133333333333 300
5279 -1166.4533333333334 300
5280 -1166.8066666666666 300
5281 -1167.1333333333334 300
5282 -1165.7933333333333 300
5283 -1165.7633333333333 300
5284 -1166.0633333333333 300
5285 -1165.4633333333334 300
5286 -1165.4733333333334 300
5287 -1164.95 300
5288 -1164.6133333333332 300
5289 -1164.5433333333333 300
5290 -1164.4433333333334 300
5291 -1164.6166666666666 300
5292 -1164.5 300
5293 -1164.2433333333333 300
5294 -1164.2033333333334 300
5295 -1164.1066666666666 300
5296 -1163.91 300
5297 -1163.9766666666667 300
5298 -1163.76 300
5299 -1164.54 300
5300 -1164.33 300
5301 -1164.2733333333333 300
5302 -1164.3166666666666 300
5303 -1161.1766666666667 300
5304 -1161.62 300
5305 -1161.56 300
5306 -1161.7933333333333 300
5307 -1161.92 300
5308 -1161.1466666666668 300
5309 -1161.5 300
5310 -1161.8 300
5311 -1161.6166666666666 300
5312 -1161.7366666666667 300
5313 -1161.82 300
5314 -1160.14 300
5315 -1160.42 300
5316 -1161.11 300
5317 -1161.1766666666667 300
5318 -1165.36 300
5319 -1164.5933333333332 300
5320 -1164.9166666666667 300
5321 -1164.6633333333334 300
5322 -1166.9733333333334 300
5323 -1169.4866666666667 300
5324 -1176.7066666666667 300
5325 -1178.3233333333333 300
5326 -1178.5266666666666 300
5327 -1185.8366666666666 300
5328 -1189.9433333333334 300
5329 -1188.94 300
5330 -1187.8733333333332 300
5331 -1186.9333333333334 300
5332 -1186.38 300
5333 -1185.6033333333332 300
5334 -1184.6466666666668 300
5335 -1183.2933333333333 300
5336 -1182.59 300
5337 -1182.81 300
5338 -1181.1666666666667 300
5339 -1179.43 300
5340 -1178.4733333333334 300
5341 -1177.5666666666666 300
5342 -1176.0833333333333 300
5343 -1178.7033333333334 300
5344 -1177.5866666666666 300
5345 -1176.42 300
5346 -1175.4066666666668 300
5347 -1174.52 300
5348 -1173.77 300
5349 -1172.9033333333334 300
5350 -1171.98 300
5351 -1171.0033333333333 300
5352 -1170.3133333333333 300
5353 -1169.9 300
5354 -1169.3933333333334 300
5355 -1171.91 300
5356 -1171.9466666666667 300
5357 -1171.7333333333333 300
5358 -1171.0366666666666 300
5359 -1170.8933333333334 300
5360 -1170.74 300
5361 -1170.5466666666666 300
5362 -1170.5866666666666 300
5363 -1170.4466666666667 300
5364 -1169.9833333333333 300
5365 -1169.8333333333333 300
5366 -1169.91 300
5367 -1167.5433333333333 300
5368 -1168.12 300
5369 -1168.5033333333333 300
5370 -1168.5666666666666 300
5371 -1168.36 300
5372 -1171.57 300
5373 -1174.3366666666666 300
5374 -1174.3966666666668 300
5375 -1173.9766666666667 300
5376 -1173.4633333333334 300
5377 -1173.1033333333332 300
5378 -1176.5933333333332 300
5379 -1176.64 300
5380 -1176.6766666666667 300
5381 -1176.4333333333334 300
5382 -1175.7733333333333 300
5383 -1175.4133333333334 300
5384 -1175.37 300
5385 -1174.8766666666668 300
5386 -1174.88 300
5387 -1174.75 300
5388 -1174.2033333333334 300
5389 -1174.7266666666667 300
5390 -1174.5433333333333 300
5391 -1174.57 300
5392 -1174.5233333333333 300
5393 -1174.1066666666666 300
5394 -1174.55 300
5395 -1174.5266666666666 300
5396 -1174.2066666666667 300
5397 -1168.9833333333333 300
5398 -1168.3166666666666 300
5399 -1168.7133333333334 300
5400 -1168.3366666666666 300
5401 -1168.2466666666667 300
5402 -1168.6333333333334 300
5403 -1168.4 300
5404 -1168.1066666666666 300
5405 -1167.8633333333332 300
5406 -1167.5833333333333 300
5407 -1167.6766666666667 300
5408 -1167.8666666666666 300
5409 -1168.0766666666666 300
5410 -1167.6366666666668 300
5411 -1167.6533333333334 300
5412 -1168.1233333333332 300
5413 -1167.64 300
5414 -1167.73 300
5415 -1168.3366666666666 300
5416 -1168.6 300
5417 -1168.32 300
5418 -1170.5466666666666 300
5419 -1170.77 300
5420 -1170.6733333333334 300
5421 -1170.8133333333333 300
5422 -1171.45 300
5423 -1171.28 300
5424 -1171.7233333333334 300
5425 -1165.2266666666667 300
5426 -1166.7833333333333 300
5427 -1167.19 300
5428 -1166.9933333333333 300
5429 -1167.0133333333333 300
5430 -1167.9333333333334 300
5431 -1166.41 300
5432 -1165.7233333333334 300
5433 -1165.6433333333334 300
5434 -1166.5233333333333 300
5435 -1166.3733333333332 300
5436 -1167.3633333333332 300
5437 -1167.49 300
5438 -1170.2966666666666 300
5439 -1169.7266666666667 300
5440 -1170.39 300
5441 -1169.9133333333334 300
5442 -1170.38 300
5443 -1170.0233333333333 300
5444 -1169.8133333333333 300
5445 -1169.5366666666666 300
5446 -1169.96 300
5447 -1169.8766666666668 300
5448 -1169.9933333333333 300
5449 -1170.19 300
5450 -1170.3 300
5451 -1170.5733333333333 300
5452 -1169.9566666666667 300
5453 -1169.86 300
5454 -1169.81 300
5455 -1169.9333333333334 300
5456 -1168.6666666666667 300
5457 -1168.57 300
5458 -1170.19 300
5459 -1170.02 300
5460 -1170.13 300
5461 -1170.13 300
5462 -1170.91 300
5463 -1169.4466666666667 300
5464 -1169.72 300
5465 -1175.07 300
5466 -1178.1033333333332 300
5467 -1177.5566666666666 300
5468 -1177.0066666666667 300
5469 -1176.6166666666666 300
5470 -1172.5366666666666 300
5471 -1172.9333333333334 300
5472 -1172.7433333333333 300
5473 -1172.7033333333334 300
5474 -1172.4733333333334 300
5475 -1171.4166666666667 300
5476 -1170.76 300
5477 -1170.0733333333333 300
5478 -1168.9933333333333 300
5479 -1168.4633333333334 300
5480 -1168.9566666666667 300
5481 -1167.9966666666667 300
5482 -1167.4966666666667 300
5483 -1167.4233333333334 300
5484 -1167.1733333333334 300
5485 -1163.1833333333334 300
5486 -1163.6 300
5487 -1163.5933333333332 300
5488 -1163.6466666666668 300
5489 -1162.73 300
5490 -1161.95 300
5491 -1161.45 300
5492 -1161.2033333333334 300
5493 -1161.4333333333334 300
5494 -1161.23 300
5495 -1160.5533333333333 300
5496 -1161.53 300
5497 -1162.0733333333333 300
5498 -1159.8933333333334 300
5499 -1160.5466666666666 300
5500 -1160.89 300
5501 -1161.6633333333334 300
5502 -1161.9733333333334 300
5503 -1162.7466666666667 300
5504 -1163.4833333333333 300
5505 -1163.55 300
5506 -1157.75 300
5507 -1162.61 300
5508 -1162.6233333333332 300
5509 -1161.7833333333333 300
5510 -1162.0133333333333 300
5511 -1159.4066666666668 300
5512 -1163.9433333333334 300
5513 -1148.0633333333333 300
5514 -1148.2633333333333 300
5515 -1148.43 300
5516 -1148.27 300
5517 -1160.0566666666666 300
5518 -1159.0733333333333 300
5519 -1159.7033333333334 300
5520 -1158.1133333333332 300
5521 -1165.8466666666666 300
5522 -1185.8533333333332 300
5523 -1185.93 300
5524 -1183.7166666666667 300
5525 -1182.17 300
5526 -1167.1233333333332 300
5527 -1157.9066666666668 300
5528 -1157.3433333333332 300
5529 -1157.5833333333333 300
5530 -1156.91 300
5531 -1156.32 300
5532 -1156.2333333333333 300
5533 -1170.4033333333334 300
5534 -1169.49 300
5535 -1168.5766666666666 300
5536 -1167.82 300
5537 -1167.06 300
5538 -1167.4366666666667 300
5539 -1166.7033333333334 300
5540 -1167.4066666666668 300
5541 -1157.16 300
5542 -1156.44 300
5543 -1158.8766666666668 300
5544 -1158.3133333333333 300
5545 -1158.0766666666666 300
5546 -1158.1833333333334 300
5547 -1157.86 300
5548 -1157.5333333333333 300
5549 -1157.0533333333333 300
5550 -1157.7233333333334 300
5551 -1165.6766666666667 300
5552 -1164.9633333333334 300
5553 -1164.3666666666666 300
5554 -1163.37 300
5555 -1163.5633333333333 300
5556 -1163.4066666666668 300
5557 -1163.5766666666666 300
5558 -1162.4466666666667 300
5559 -1160.4033333333334 300
5560 -1157.61 300
5561 -1157.6633333333334 300
5562 -1167.7233333333334 300
5563 -1166.51 300
5564 -1157.9333333333334 300
5565 -1158.04 300
5566 -1146.3233333333333 300
5567 -1146.7333333333333 300
5568 -1147.1966666666667 300
5569 -1155.4966666666667 300
5570 -1144.7733333333333 300
5571 -1144.34 300
5572 -1131.11 300
5573 -1123.1266666666668 300
5574 -1128.8833333333334 300
5575 -1133.3966666666668 300
5576 -1135.6533333333334 300
5577 -1137.9566666666667 300
5578 -1139.6166666666666 300
5579 -1141.7233333333334 300
5580 -1152.8166666666666 300
5581 -1121.76 300
5582 -1124.2533333333333 300
5583 -1122.9966666666667 300
5584 -1125.5933333333332 300
5585 -1133.02 300
5586 -1141.2766666666666 300
5587 -1137.67 300
5588 -1147.2833333333333 300
5589 -1150.2733333333333 300
5590 -1150.76 300
5591 -1150.8866666666668 300
5592 -1152.37 300
5593 -1154.0266666666666 300
5594 -1141.39 300
5595 -1142.9166666666667 300
5596 -1151.3166666666666 300
5597 -1139.2733333333333 300
5598 -1140.9333333333334 300
5599 -1142.7766666666666 300
5600 -1143.57 300
5601 -1151.5966666666666 300
5602 -1160.0466666666666 300
5603 -1154.4366666666667 300
5604 -1164.7766666666666 300
5605 -1176.22 300
5606 -1181.43 300
5607 -1191.2166666666667 300
5608 -1189.12 300
5609 -1187.61 300
5610 -1186.73 300
5611 -1184.74 300
5612 -1184.2 300
5613 -1183.1966666666667 300
5614 -1182.8466666666666 300
5615 -1181.4833333333333 300
5616 -1180.62 300
5617 -1180.0366666666666 300
5618 -1178.9033333333334 300
5619 -1189.5133333333333 300
5620 -1188.4733333333334 300
5621 -1187.1533333333334 300
5622 -1186.1233333333332 300
5623 -1185.2866666666666 300
5624 -1184.1633333333334 300
5625 -1182.8966666666668 300
5626 -1172.4 300
5627 -1173.26 300
5628 -1172.5833333333333 300
5629 -1184.17 300
5630 -1177.1433333333334 300
5631 -1177.03 300
5632 -1176.8633333333332 300
5633 -1180.4066666666668 300
5634 -1181.7466666666667 300
5635 -1180.48 300
5636 -1185.6366666666668 300
5637 -1189.7 300
5638 -1181.9633333333334 300
5639 -1169.8166666666666 300
5640 -1181.0833333333333 300
5641 -1174.0 300
5642 -1154.7633333333333 300
5643 -1151.9333333333334 300
5644 -1154.4133333333334 300
5645 -1155.0933333333332 300
5646 -1157.5266666666666 300
5647 -1158.45 300
5648 -1159.64 300
5649 -1160.23 300
5650 -1161.9333333333334 300
5651 -1163.1766666666667 300
5652 -1164.31 300
5653 -1180.2333333333333 300
5654 -1190.5666666666666 300
5655 -1190.06 300
5656 -1189.97 300
5657 -1188.8866666666668 300
5658 -1188.62 300
5659 -1188.0766666666666 300
5660 -1180.54 300
5661 -1174.0633333333333 300
5662 -1174.4533333333334 300
5663 -1174.85 300
5664 -1171.4133333333334 300
5665 -1171.2433333333333 300
5666 -1172.4333333333334 300
5667 -1172.5533333333333 300
5668 -1168.11 300
5669 -1167.8266666666666 300
5670 -1167.7833333333333 300
5671 -1167.3133333333333 300
5672 -1167.03 300
5673 -1171.57 300
5674 -1171.74 300
5675 -1171.2866666666666 300
5676 -1171.1733333333334 300
5677 -1171.2533333333333 300
5678 -1171.1833333333334 300
5679 -1170.9033333333334 300
5680 -1170.3566666666666 300
5681 -1170.3166666666666 300
5682 -1169.09 300
5683 -1179.52 300
5684 -1180.2666666666667 300
5685 -1181.9066666666668 300
5686 -1182.8066666666666 300
5687 -1186.3466666666666 300
5688 -1189.62 300
5689 -1195.8733333333332 300
5690 -1195.19 300
5691 -1194.0733333333333 300
5692 -1193.0366666666666 300
5693 -1193.3566666666666 300
5694 -1192.2 300
5695 -1190.59 300
5696 -1189.24 300
5697 -1188.2066666666667 300
5698 -1178.3366666666666 300
5699 -1167.1566666666668 300
5700 -1164.5466666666666 300
5701 -1168.94 300
5702 -1171.7633333333333 300
5703 -1170.94 300
5704 -1170.3533333333332 300
5705 -1169.6333333333334 300
5706 -1169.1266666666668 300
5707 -1167.59 300
5708 -1167.0066666666667 300
5709 -1166.88 300
5710 -1166.03 300
5711 -1165.25 300
5712 -1164.7 300
5713 -1168.3666666666666 300
5714 -1167.9066666666668 300
5715 -1167.7666666666667 300
5716 -1167.48 300
5717 -1166.5233333333333 300
5718 -1165.1566666666668 300
5719 -1163.36 300
5720 -1163.75 300
5721 -1167.61 300
5722 -1167.15 300
5723 -1167.2533333333333 300
5724 -1166.9733333333334 300
5725 -1166.3666666666666 300
5726 -1166.41 300
5727 -1165.8666666666666 300
5728 -1165.8866666666668 300
5729 -1165.71 300
5730 -1165.6033333333332 300
5731 -1164.9333333333334 300
5732 -1164.8833333333334 300
5733 -1164.5466666666666 300
5734 -1165.6966666666667 300
5735 -1166.71 300
5736 -1166.7733333333333 300
5737 -1166.5533333333333 300
5738 -1168.6766666666667 300
5739 -1168.7533333333333 300
5740 -1168.9066666666668 300
5741 -1169.03 300
5742 -1168.8266666666666 300
5743 -1172.27 300
5744 -1176.4033333333334 300
5745 -1177.97 300
5746 -1175.4333333333334 300
5747 -1174.8433333333332 300
5748 -1174.8466666666666 300
5749 -1175.06 300
5750 -1174.8066666666666 300
5751 -1174.62 300
5752 -1174.91 300
5753 -1174.5766666666666 300
5754 -1174.66 300
5755 -1168.08 300
5756 -1179.9433333333334 300
5757 -1182.8966666666668 300
5758 -1181.7733333333333 300
5759 -1181.27 300
5760 -1180.67 300
5761 -1180.2266666666667 300
5762 -1180.0733333333333 300
5763 -1179.7033333333334 300
5764 -1179.1166666666666 300
5765 -1178.75 300
5766 -1178.85 300
5767 -1178.7766666666666 300
5768 -1178.26 300
5769 -1177.39 300
5770 -1176.95 300
5771 -1176.83 300
5772 -1176.71 300
5773 -1172.1166666666666 300
5774 -1172.0733333333333 300
5775 -1171.9833333333333 300
5776 -1171.82 300
5777 -1171.6566666666668 300
5778 -1171.2933333333333 300
5779 -1171.3133333333333 300
5780 -1170.7666666666667 300
5781 -1170.66 300
5782 -1170.3866666666668 300
5783 -1168.68 300
5784 -1168.31 300
5785 -1167.75 300
5786 -1167.1133333333332 300
5787 -1166.9266666666667 300
5788 -1166.5133333333333 300
5789 -1166.7333333333333 300
5790 -1166.6633333333334 300
5791 -1166.78 300
5792 -1166.7733333333333 300
5793 -1166.7533333333333 300
5794 -1166.9833333333333 300
5795 -1167.3 300
5796 -1166.8733333333332 300
5797 -1166.9266666666667 300
5798 -1167.2933333333333 300
5799 -1167.5433333333333 300
5800 -1167.6633333333334 300
5801 -1167.81 300
5802 -1172.0366666666666 300
5803 -1172.22 300
5804 -1172.0566666666666 300
5805 -1172.1766666666667 300
5806 -1172.0433333333333 300
5807 -1171.7233333333334 300
5808 -1170.3666666666666 300
5809 -1170.4066666666668 300
5810 -1170.04 300
5811 -1170.04 300
5812 -1169.7966666666666 300
5813 -1169.8633333333332 300
5814 -1169.7066666666667 300
5815 -1169.2966666666666 300
5816 -1168.95 300
5817 -1169.05 300
5818 -1168.8966666666668 300
5819 -1168.7366666666667 300
5820 -1168.7566666666667 300
5821 -1168.73 300
5822 -1168.45 300
5823 -1168.59 300
5824 -1168.72 300
5825 -1168.9933333333333 300
5826 -1168.6266666666668 300
5827 -1168.77 300
5828 -1168.9133333333334 300
5829 -1169.19 300
5830 -1169.2566666666667 300
5831 -1168.9733333333334 300
5832 -1169.1366666666668 300
5833 -1169.2166666666667 300
5834 -1169.2266666666667 300
5835 -1169.4466666666667 300
5836 -1169.31 300
5837 -1169.4633333333334 300
5838 -1169.5866666666666 300
5839 -1169.5866666666666 300
5840 -1169.9133333333334 300
5841 -1169.9266666666667 300
5842 -1170.0966666666666 300
5843 -1170.1866666666667 300
5844 -1170.2733333333333 300
5845 -1170.1866666666667 300
5846 -1170.1666666666667 300
5847 -1169.9266666666667 300
5848 -1170.04 300
5849 -1169.8866666666668 300
5850 -1169.8533333333332 300
5851 -1169.9 300
5852 -1169.9866666666667 300
5853 -1169.9433333333334 300
5854 -1170.0266666666666 300
5855 -1169.8133333333333 300
5856 -1170.0733333333333 300
5857 -1170.1966666666667 300
5858 -1170.1966666666667 300
5859 -1169.6966666666667 300
5860 -1169.7 300
5861 -1169.6966666666667 300
5862 -1169.8233333333333 300
5863 -1169.8233333333333 300
5864 -1169.62 300
5865 -1169.7066666666667 300
5866 -1169.59 300
5867 -1169.03 300
5868 -1169.56 300
5869 -1169.2333333333333 300
5870 -1169.2333333333333 300
5871 -1168.6733333333334 300
5872 -1168.4733333333334 300
5873 -1167.95 300
5874 -1167.4433333333334 300
5875 -1166.9266666666667 300
5876 -1166.6433333333334 300
5877 -1166.36 300
5878 -1166.36 300
5879 -1166.12 300
5880 -1165.7966666666666 300
5881 -1165.6233333333332 300
5882 -1166.1333333333334 300
5883 -1166.11 300
5884 -1166.11 300
5885 -1166.11 300
5886 -1166.11 300
5887 -1166.11 300
5888 -1166.0066666666667 300
5889 -1166.0066666666667 300
5890 -1165.8533333333332 300
5891 -1165.8 300
5892 -1165.8 300
5893 -1165.8 300
5894 -1165.8 300
5895 -1166.4166666666667 300
5896 -1169.0233333333333 300
5897 -1169.7766666666666 300
5898 -1169.8966666666668 300
5899 -1169.87 300
5900 -1173.1066666666666 300
5901 -1173.0066666666667 300
5902 -1172.8366666666666 300
5903 -1171.3733333333332 300
5904 -1172.2366666666667 300
5905 -1172.4333333333334 300
5906 -1172.5633333333333 300
5907 -1172.59 300
5908 -1172.5566666666666 300
5909 -1172.5566666666666 300
5910 -1172.5466666666666 300
5911 -1172.63 300
5912 -1173.1866666666667 300
5913 -1174.96 300
5914 -1174.4866666666667 300
5915 -1174.35 300
5916 -1174.2 300
5917 -1174.1233333333332 300
5918 -1174.4733333333334 300
5919 -1174.3633333333332 300
5920 -1174.32 300
5921 -1174.3066666666666 300
5922 -1174.2566666666667 300
5923 -1175.2633333333333 300
5924 -1175.5633333333333 300
5925 -1175.8533333333332 300
5926 -1175.5333333333333 300
5927 -1175.52 300
5928 -1175.36 300
5929 -1175.73 300
5930 -1175.4666666666667 300
5931 -1175.0966666666666 300
5932 -1175.6766666666667 300
5933 -1175.8 300
5934 -1175.52 300
5935 -1176.1333333333334 300
5936 -1175.8233333333333 300
5937 -1175.7833333333333 300
5938 -1176.0433333333333 300
5939 -1175.7933333333333 300
5940 -1175.48 300
5941 -1173.0266666666666 300
5942 -1172.9833333333333 300
5943 -1172.52 300
5944 -1172.72 300
5945 -1172.72 300
5946 -1172.5466666666666 300
5947 -1172.7466666666667 300
5948 -1172.1866666666667 300
5949 -1172.1466666666668 300
5950 -1171.8366666666666 300
5951 -1171.6533333333334 300
5952 -1171.7566666666667 300
5953 -1171.66 300
5954 -1171.31 300
5955 -1170.91 300
5956 -1170.9266666666667 300
5957 -1170.4066666666668 300
5958 -1170.0566666666666 300
5959 -1169.9466666666667 300
5960 -1170.8233333333333 300
5961 -1170.5933333333332 300
5962 -1170.5366666666666 300
5963 -1170.5866666666666 300
5964 -1170.76 300
5965 -1170.76 300
5966 -1170.81 300
5967 -1171.1366666666668 300
5968 -1168.18 300
5969 -1167.5 300
5970 -1167.8133333333333 300
5971 -1167.2666666666667 300
5972 -1166.44 300
5973 -1166.5966666666666 300
5974 -1166.76 300
5975 -1166.87 300
5976 -1167.4866666666667 300
5977 -1167.2633333333333 300
5978 -1166.52 300
5979 -1166.6833333333334 300
5980 -1166.92 300
5981 -1166.8566666666666 300
5982 -1166.98 300
5983 -1167.1466666666668 300
5984 -1167.4866666666667 300
5985 -1166.14 300
5986 -1166.1 300
5987 -1166.1433333333334 300
5988 -1165.8266666666666 300
5989 -1165.2366666666667 300
5990 -1164.9066666666668 300
5991 -1164.8633333333332 300
5992 -1164.8066666666666 300
5993 -1164.55 300
5994 -1164.2333333333333 300
5995 -1162.2 300
5996 -1161.9966666666667 300
5997 -1164.1933333333334 300
5998 -1164.1633333333334 300
5999 -1163.7166666666667 300
6000 -1163.7033333333334 300
