904.0 -855.0 
834.0 -784.0 
904.0 -855.0 
873.0 -832.0 
846.0 -822.0 
845.0 -809.0 
850.0 -826.0 
859.0 -828.0 
859.0 -828.0 
880.0 -840.0 
880.0 -840.0 
842.0 -797.0 
843.0 -805.0 
897.0 -853.0 
897.0 -853.0 
892.0 -851.0 
840.0 -794.0 
837.0 -790.0 
887.0 -848.0 
837.0 -790.0 
840.0 -794.0 
884.0 -844.0 
835.0 -787.0 
843.0 -805.0 
884.0 -844.0 
890.0 -850.0 
892.0 -851.0 
887.0 -848.0 
890.0 -850.0 
835.0 -787.0 
885.0 -845.0 
842.0 -797.0 
885.0 -845.0 
904.0 -855.0 
859.0 -828.0 
880.0 -840.0 
897.0 -853.0 
837.0 -790.0 
840.0 -794.0 
843.0 -805.0 
884.0 -844.0 
892.0 -851.0 
887.0 -848.0 
890.0 -850.0 
835.0 -787.0 
842.0 -797.0 
885.0 -845.0 
904.0 -855.0 
859.0 -828.0 
880.0 -840.0 
897.0 -853.0 
837.0 -790.0 
840.0 -794.0 
843.0 -805.0 
884.0 -844.0 
892.0 -851.0 
887.0 -848.0 
890.0 -850.0 
835.0 -787.0 
842.0 -797.0 
885.0 -845.0 
904.0 -855.0 
859.0 -828.0 
880.0 -840.0 
897.0 -853.0 
837.0 -790.0 
840.0 -794.0 
843.0 -805.0 
884.0 -844.0 
887.0 -848.0 
835.0 -787.0 
842.0 -797.0 
885.0 -845.0 
904.0 -855.0 
859.0 -828.0 
880.0 -840.0 
897.0 -853.0 
837.0 -790.0 
840.0 -794.0 
843.0 -805.0 
887.0 -848.0 
835.0 -787.0 
842.0 -797.0 
885.0 -845.0 
904.0 -855.0 
859.0 -828.0 
880.0 -840.0 
897.0 -853.0 
837.0 -790.0 
840.0 -794.0 
843.0 -805.0 
887.0 -848.0 
835.0 -787.0 
842.0 -797.0 
885.0 -845.0 
904.0 -855.0 
859.0 -828.0 
880.0 -840.0 
897.0 -853.0 
837.0 -790.0 
840.0 -794.0 
843.0 -805.0 
887.0 -848.0 
835.0 -787.0 
842.0 -797.0 
885.0 -845.0 
904.0 -855.0 
859.0 -828.0 
880.0 -840.0 
897.0 -853.0 
837.0 -790.0 
840.0 -794.0 
843.0 -805.0 
887.0 -848.0 
835.0 -787.0 
842.0 -797.0 
885.0 -845.0 
904.0 -855.0 
859.0 -828.0 
880.0 -840.0 
897.0 -853.0 
837.0 -790.0 
840.0 -794.0 
843.0 -805.0 
835.0 -787.0 
842.0 -797.0 
885.0 -845.0 
904.0 -855.0 
859.0 -828.0 
880.0 -840.0 
897.0 -853.0 
837.0 -790.0 
840.0 -794.0 
843.0 -805.0 
835.0 -787.0 
842.0 -797.0 
885.0 -845.0 
904.0 -855.0 
859.0 -828.0 
880.0 -840.0 
897.0 -853.0 
837.0 -790.0 
840.0 -794.0 
843.0 -805.0 
835.0 -787.0 
842.0 -797.0 
885.0 -845.0 
904.0 -855.0 
859.0 -828.0 
880.0 -840.0 
897.0 -853.0 
837.0 -790.0 
840.0 -794.0 
835.0 -787.0 
842.0 -797.0 
885.0 -845.0 
904.0 -855.0 
859.0 -828.0 
880.0 -840.0 
897.0 -853.0 
837.0 -790.0 
835.0 -787.0 
842.0 -797.0 
885.0 -845.0 
904.0 -855.0 
859.0 -828.0 
880.0 -840.0 
897.0 -853.0 
835.0 -787.0 
842.0 -797.0 
885.0 -845.0 
904.0 -855.0 
859.0 -828.0 
880.0 -840.0 
897.0 -853.0 
835.0 -787.0 
842.0 -797.0 
885.0 -845.0 
904.0 -855.0 
859.0 -828.0 
880.0 -840.0 
897.0 -853.0 
835.0 -787.0 
842.0 -797.0 
885.0 -845.0 
904.0 -855.0 
859.0 -828.0 
880.0 -840.0 
897.0 -853.0 
835.0 -787.0 
842.0 -797.0 
885.0 -845.0 
904.0 -855.0 
859.0 -828.0 
880.0 -840.0 
835.0 -787.0 
897.0 -853.0 
885.0 -845.0 
904.0 -855.0 
859.0 -828.0 
880.0 -840.0 
835.0 -787.0 
897.0 -853.0 
885.0 -845.0 
904.0 -855.0 
859.0 -828.0 
880.0 -840.0 
835.0 -787.0 
897.0 -853.0 
885.0 -845.0 
904.0 -855.0 
859.0 -828.0 
880.0 -840.0 
835.0 -787.0 
897.0 -853.0 
885.0 -845.0 
904.0 -855.0 
859.0 -828.0 
880.0 -840.0 
835.0 -787.0 
897.0 -853.0 
885.0 -845.0 
904.0 -855.0 
880.0 -840.0 
835.0 -787.0 
885.0 -845.0 
904.0 -855.0 
880.0 -840.0 
835.0 -787.0 
885.0 -845.0 
880.0 -840.0 
835.0 -787.0 
885.0 -845.0 
880.0 -840.0 
835.0 -787.0 
885.0 -845.0 
880.0 -840.0 
835.0 -787.0 
885.0 -845.0 
880.0 -840.0 
835.0 -787.0 
885.0 -845.0 
880.0 -840.0 
835.0 -787.0 
885.0 -845.0 
880.0 -840.0 
835.0 -787.0 
885.0 -845.0 
880.0 -840.0 
835.0 -787.0 
885.0 -845.0 
880.0 -840.0 
835.0 -787.0 
885.0 -845.0 
880.0 -840.0 
835.0 -787.0 
885.0 -845.0 
880.0 -840.0 
885.0 -845.0 
880.0 -840.0 
885.0 -845.0 
880.0 -840.0 
885.0 -845.0 
880.0 -840.0 
885.0 -845.0 
880.0 -840.0 
885.0 -845.0 
880.0 -840.0 
885.0 -845.0 
880.0 -840.0 
885.0 -845.0 
880.0 -840.0 
885.0 -845.0 
880.0 -840.0 
885.0 -845.0 
880.0 -840.0 
885.0 -845.0 
880.0 -840.0 
885.0 -845.0 
880.0 -840.0 
885.0 -845.0 
880.0 -840.0 
885.0 -845.0 
880.0 -840.0 
885.0 -845.0 
880.0 -840.0 
885.0 -845.0 
880.0 -840.0 
885.0 -845.0 
837.0 -790.0 
904.0 -855.0 
835.0 -787.0 
835.0 -787.0 
880.0 -840.0 
835.0 -787.0 
837.0 -790.0 
835.0 -787.0 
835.0 -787.0 
835.0 -787.0 
835.0 -787.0 
