978.0 -727.0 
1055.0 -795.0 
978.0 -727.0 
1055.0 -795.0 
1023.0 -768.0 
980.0 -748.0 
1002.0 -765.0 
999.0 -762.0 
990.0 -761.0 
1054.0 -794.0 
1046.0 -792.0 
1026.0 -770.0 
1028.0 -778.0 
1027.0 -775.0 
987.0 -755.0 
988.0 -759.0 
1002.0 -765.0 
982.0 -750.0 
1038.0 -784.0 
985.0 -753.0 
985.0 -753.0 
1033.0 -780.0 
982.0 -750.0 
1027.0 -775.0 
1040.0 -787.0 
980.0 -748.0 
1043.0 -789.0 
999.0 -762.0 
1030.0 -779.0 
1046.0 -792.0 
988.0 -759.0 
1054.0 -794.0 
987.0 -755.0 
1026.0 -770.0 
1045.0 -791.0 
1035.0 -782.0 
990.0 -761.0 
1030.0 -779.0 
1040.0 -787.0 
1045.0 -791.0 
1035.0 -782.0 
1038.0 -784.0 
1033.0 -780.0 
1043.0 -789.0 
1041.0 -788.0 
1036.0 -783.0 
1036.0 -783.0 
1041.0 -788.0 
1055.0 -795.0 
978.0 -727.0 
1002.0 -765.0 
985.0 -753.0 
982.0 -750.0 
980.0 -748.0 
1046.0 -792.0 
1027.0 -775.0 
988.0 -759.0 
987.0 -755.0 
1026.0 -770.0 
1054.0 -794.0 
990.0 -761.0 
1030.0 -779.0 
1040.0 -787.0 
1035.0 -782.0 
1045.0 -791.0 
1038.0 -784.0 
1043.0 -789.0 
1033.0 -780.0 
1041.0 -788.0 
1036.0 -783.0 
1055.0 -795.0 
978.0 -727.0 
1002.0 -765.0 
985.0 -753.0 
982.0 -750.0 
980.0 -748.0 
1046.0 -792.0 
1027.0 -775.0 
988.0 -759.0 
987.0 -755.0 
1054.0 -794.0 
1026.0 -770.0 
990.0 -761.0 
1030.0 -779.0 
1040.0 -787.0 
1045.0 -791.0 
1035.0 -782.0 
1033.0 -780.0 
1038.0 -784.0 
1043.0 -789.0 
1041.0 -788.0 
1036.0 -783.0 
978.0 -727.0 
1055.0 -795.0 
1002.0 -765.0 
985.0 -753.0 
982.0 -750.0 
980.0 -748.0 
1046.0 -792.0 
1027.0 -775.0 
988.0 -759.0 
1026.0 -770.0 
1054.0 -794.0 
987.0 -755.0 
990.0 -761.0 
1040.0 -787.0 
1045.0 -791.0 
1035.0 -782.0 
1033.0 -780.0 
1038.0 -784.0 
1043.0 -789.0 
1030.0 -779.0 
1041.0 -788.0 
1036.0 -783.0 
978.0 -727.0 
1055.0 -795.0 
1002.0 -765.0 
985.0 -753.0 
982.0 -750.0 
980.0 -748.0 
1046.0 -792.0 
1027.0 -775.0 
988.0 -759.0 
1054.0 -794.0 
987.0 -755.0 
1026.0 -770.0 
990.0 -761.0 
1040.0 -787.0 
1035.0 -782.0 
1045.0 -791.0 
1043.0 -789.0 
1038.0 -784.0 
1033.0 -780.0 
1030.0 -779.0 
1041.0 -788.0 
1036.0 -783.0 
978.0 -727.0 
1055.0 -795.0 
1002.0 -765.0 
985.0 -753.0 
982.0 -750.0 
980.0 -748.0 
1046.0 -792.0 
1027.0 -775.0 
988.0 -759.0 
1054.0 -794.0 
1026.0 -770.0 
990.0 -761.0 
1040.0 -787.0 
1045.0 -791.0 
1035.0 -782.0 
1043.0 -789.0 
1033.0 -780.0 
1038.0 -784.0 
1030.0 -779.0 
1036.0 -783.0 
1041.0 -788.0 
978.0 -727.0 
1055.0 -795.0 
1002.0 -765.0 
985.0 -753.0 
982.0 -750.0 
980.0 -748.0 
1046.0 -792.0 
1027.0 -775.0 
988.0 -759.0 
1026.0 -770.0 
990.0 -761.0 
1040.0 -787.0 
1035.0 -782.0 
1045.0 -791.0 
1033.0 -780.0 
1038.0 -784.0 
1043.0 -789.0 
1030.0 -779.0 
1041.0 -788.0 
1036.0 -783.0 
1055.0 -795.0 
978.0 -727.0 
1002.0 -765.0 
1026.0 -770.0 
985.0 -753.0 
982.0 -750.0 
980.0 -748.0 
1046.0 -792.0 
1027.0 -775.0 
988.0 -759.0 
990.0 -761.0 
1035.0 -782.0 
1045.0 -791.0 
1043.0 -789.0 
1038.0 -784.0 
1033.0 -780.0 
1041.0 -788.0 
1036.0 -783.0 
1055.0 -795.0 
978.0 -727.0 
1002.0 -765.0 
1026.0 -770.0 
990.0 -761.0 
985.0 -753.0 
982.0 -750.0 
980.0 -748.0 
1046.0 -792.0 
1027.0 -775.0 
988.0 -759.0 
1035.0 -782.0 
1045.0 -791.0 
1043.0 -789.0 
1033.0 -780.0 
1038.0 -784.0 
1041.0 -788.0 
1036.0 -783.0 
1055.0 -795.0 
978.0 -727.0 
1002.0 -765.0 
1026.0 -770.0 
990.0 -761.0 
985.0 -753.0 
982.0 -750.0 
980.0 -748.0 
1046.0 -792.0 
1027.0 -775.0 
988.0 -759.0 
1035.0 -782.0 
1045.0 -791.0 
1043.0 -789.0 
1033.0 -780.0 
1038.0 -784.0 
1041.0 -788.0 
1036.0 -783.0 
978.0 -727.0 
1055.0 -795.0 
1002.0 -765.0 
1026.0 -770.0 
990.0 -761.0 
985.0 -753.0 
982.0 -750.0 
980.0 -748.0 
1046.0 -792.0 
1027.0 -775.0 
988.0 -759.0 
1035.0 -782.0 
1045.0 -791.0 
1043.0 -789.0 
1033.0 -780.0 
1038.0 -784.0 
1041.0 -788.0 
1036.0 -783.0 
1055.0 -795.0 
978.0 -727.0 
1002.0 -765.0 
1026.0 -770.0 
990.0 -761.0 
985.0 -753.0 
982.0 -750.0 
980.0 -748.0 
1046.0 -792.0 
988.0 -759.0 
1027.0 -775.0 
1035.0 -782.0 
1045.0 -791.0 
1043.0 -789.0 
1033.0 -780.0 
1038.0 -784.0 
1041.0 -788.0 
1036.0 -783.0 
1055.0 -795.0 
978.0 -727.0 
1002.0 -765.0 
1026.0 -770.0 
990.0 -761.0 
985.0 -753.0 
988.0 -759.0 
982.0 -750.0 
980.0 -748.0 
1046.0 -792.0 
1027.0 -775.0 
1045.0 -791.0 
1033.0 -780.0 
1038.0 -784.0 
1041.0 -788.0 
1036.0 -783.0 
978.0 -727.0 
1055.0 -795.0 
1002.0 -765.0 
1026.0 -770.0 
990.0 -761.0 
985.0 -753.0 
988.0 -759.0 
982.0 -750.0 
980.0 -748.0 
1046.0 -792.0 
1027.0 -775.0 
1045.0 -791.0 
1033.0 -780.0 
1038.0 -784.0 
1041.0 -788.0 
1036.0 -783.0 
978.0 -727.0 
