201 -1338.1 300
202 -1340.4033333333334 300
203 -1345.78 300
204 -1348.2666666666667 300
205 -1347.78 300
206 -1346.45 300
207 -1344.88 300
208 -1342.5366666666666 300
209 -1339.8666666666666 300
210 -1342.87 300
211 -1345.28 300
212 -1341.5866666666666 300
213 -1337.05 300
214 -1328.8866666666668 300
215 -1325.8766666666668 300
216 -1329.5566666666666 300
217 -1332.9233333333334 300
218 -1331.98 300
219 -1334.4633333333334 300
220 -1334.7033333333334 300
221 -1335.3733333333332 300
222 -1343.54 300
223 -1349.7966666666666 300
224 -1350.7766666666666 300
225 -1349.0 300
226 -1348.74 300
227 -1349.5966666666666 300
228 -1344.11 300
229 -1340.8066666666666 300
230 -1337.4 300
231 -1328.6933333333334 300
232 -1330.5966666666666 300
233 -1338.4833333333333 300
234 -1348.7066666666667 300
235 -1348.1533333333334 300
236 -1350.2933333333333 300
237 -1348.3566666666666 300
238 -1350.75 300
239 -1356.55 300
240 -1361.73 300
241 -1362.4366666666667 300
242 -1358.5666666666666 300
243 -1356.0366666666666 300
244 -1355.2933333333333 300
245 -1358.2833333333333 300
246 -1356.45 300
247 -1353.64 300
248 -1357.0233333333333 300
249 -1358.9233333333334 300
250 -1357.9433333333334 300
251 -1360.3833333333334 300
252 -1362.19 300
253 -1366.3766666666668 300
254 -1370.4366666666667 300
255 -1367.9866666666667 300
256 -1367.0933333333332 300
257 -1364.8166666666666 300
258 -1365.4566666666667 300
259 -1368.6466666666668 300
260 -1370.7833333333333 300
261 -1370.5233333333333 300
262 -1372.6666666666667 300
263 -1372.2666666666667 300
264 -1372.1066666666666 300
265 -1373.0766666666666 300
266 -1373.55 300
267 -1372.83 300
268 -1371.8033333333333 300
269 -1370.18 300
270 -1367.1733333333334 300
271 -1368.7766666666666 300
272 -1370.7566666666667 300
273 -1367.46 300
274 -1365.03 300
275 -1366.0433333333333 300
276 -1367.23 300
277 -1369.1966666666667 300
278 -1370.8966666666668 300
279 -1374.0633333333333 300
280 -1378.37 300
281 -1378.4566666666667 300
282 -1380.78 300
283 -1379.7833333333333 300
284 -1376.8966666666668 300
285 -1378.8366666666666 300
286 -1380.3333333333333 300
287 -1382.31 300
288 -1385.5133333333333 300
289 -1389.43 300
290 -1389.41 300
291 -1388.7433333333333 300
292 -1388.08 300
293 -1388.9966666666667 300
294 -1388.56 300
295 -1386.8433333333332 300
296 -1386.6933333333334 300
297 -1386.0033333333333 300
298 -1385.0466666666666 300
299 -1384.0333333333333 300
300 -1383.67 300
301 -1387.8866666666668 300
302 -1387.47 300
303 -1387.2166666666667 300
304 -1386.4266666666667 300
305 -1388.6633333333334 300
306 -1390.5233333333333 300
307 -1392.6466666666668 300
308 -1393.8766666666668 300
309 -1396.4433333333334 300
310 -1394.22 300
311 -1400.6433333333334 300
312 -1405.6933333333334 300
313 -1405.3533333333332 300
314 -1403.4233333333334 300
315 -1398.1333333333334 300
316 -1396.1133333333332 300
317 -1394.0766666666666 300
318 -1393.42 300
319 -1399.83 300
320 -1398.7466666666667 300
321 -1400.54 300
322 -1398.4933333333333 300
323 -1399.25 300
324 -1399.3466666666666 300
325 -1399.95 300
326 -1402.5366666666666 300
327 -1399.4 300
328 -1401.2266666666667 300
329 -1400.3133333333333 300
330 -1398.5433333333333 300
331 -1395.1466666666668 300
332 -1396.5833333333333 300
333 -1396.69 300
334 -1398.84 300
335 -1401.95 300
336 -1402.1866666666667 300
337 -1399.66 300
338 -1398.8666666666666 300
339 -1395.8333333333333 300
340 -1396.6233333333332 300
341 -1398.7266666666667 300
342 -1398.8133333333333 300
343 -1402.8466666666666 300
344 -1402.4466666666667 300
345 -1402.4633333333334 300
346 -1403.2333333333333 300
347 -1402.6033333333332 300
348 -1402.2066666666667 300
349 -1401.6033333333332 300
350 -1400.8533333333332 300
351 -1402.4266666666667 300
352 -1402.97 300
353 -1402.8366666666666 300
354 -1403.2966666666666 300
355 -1404.8566666666666 300
356 -1406.0633333333333 300
357 -1410.7733333333333 300
358 -1412.0566666666666 300
359 -1410.9966666666667 300
360 -1409.9066666666668 300
361 -1413.59 300
362 -1416.3933333333334 300
363 -1420.0833333333333 300
364 -1415.5 300
365 -1411.6966666666667 300
366 -1410.2166666666667 300
367 -1409.7233333333334 300
368 -1411.57 300
369 -1412.74 300
370 -1415.9866666666667 300
371 -1413.2033333333334 300
372 -1413.75 300
373 -1414.26 300
374 -1412.9166666666667 300
375 -1411.2666666666667 300
376 -1410.4633333333334 300
377 -1412.2666666666667 300
378 -1413.4833333333333 300
379 -1415.7233333333334 300
380 -1415.9966666666667 300
381 -1416.33 300
382 -1415.72 300
383 -1415.8533333333332 300
384 -1415.51 300
385 -1415.4833333333333 300
386 -1416.1766666666667 300
387 -1418.5533333333333 300
388 -1418.0966666666666 300
389 -1421.1666666666667 300
390 -1423.6966666666667 300
391 -1424.12 300
392 -1422.8066666666666 300
393 -1424.03 300
394 -1428.5633333333333 300
395 -1435.15 300
396 -1437.3433333333332 300
397 -1436.1633333333334 300
398 -1433.6866666666667 300
399 -1433.99 300
400 -1430.72 300
401 -1425.1433333333334 300
402 -1426.4266666666667 300
403 -1429.74 300
404 -1429.6666666666667 300
405 -1426.7866666666666 300
406 -1425.93 300
407 -1424.47 300
408 -1425.9866666666667 300
409 -1428.0166666666667 300
410 -1429.86 300
411 -1432.4166666666667 300
412 -1437.1866666666667 300
413 -1444.7033333333334 300
414 -1449.47 300
415 -1446.08 300
416 -1441.15 300
417 -1443.27 300
418 -1437.58 300
419 -1435.82 300
420 -1435.1633333333334 300
421 -1429.8166666666666 300
422 -1429.2333333333333 300
423 -1428.15 300
424 -1433.75 300
425 -1442.1666666666667 300
426 -1436.3433333333332 300
427 -1431.6566666666668 300
428 -1433.0466666666666 300
429 -1441.9433333333334 300
430 -1436.0833333333333 300
431 -1432.0466666666666 300
432 -1424.6033333333332 300
433 -1425.6333333333334 300
434 -1427.59 300
435 -1429.4733333333334 300
436 -1432.4866666666667 300
437 -1435.3466666666666 300
438 -1434.69 300
439 -1431.0 300
440 -1434.4166666666667 300
441 -1433.3866666666668 300
442 -1437.2666666666667 300
443 -1426.0833333333333 300
444 -1422.74 300
445 -1422.04 300
446 -1424.7333333333333 300
447 -1427.62 300
448 -1432.2366666666667 300
449 -1430.87 300
450 -1427.0866666666666 300
451 -1424.8066666666666 300
452 -1420.8066666666666 300
453 -1416.8 300
454 -1415.4366666666667 300
455 -1415.5166666666667 300
456 -1413.0033333333333 300
457 -1418.57 300
458 -1426.1033333333332 300
459 -1419.92 300
460 -1418.3566666666666 300
461 -1412.63 300
462 -1394.6966666666667 300
463 -1395.1033333333332 300
464 -1397.01 300
465 -1401.4533333333334 300
466 -1407.4766666666667 300
467 -1413.1033333333332 300
468 -1421.1033333333332 300
469 -1425.7433333333333 300
470 -1408.94 300
471 -1420.8866666666668 300
472 -1407.0266666666666 300
473 -1397.5666666666666 300
474 -1398.5766666666666 300
475 -1398.99 300
476 -1398.9566666666667 300
477 -1399.1733333333334 300
478 -1392.6133333333332 300
479 -1401.4 300
480 -1404.7466666666667 300
481 -1403.8966666666668 300
482 -1389.4633333333334 300
483 -1390.9066666666668 300
484 -1390.0533333333333 300
485 -1392.19 300
486 -1400.8833333333334 300
487 -1406.1966666666667 300
488 -1414.25 300
489 -1426.7633333333333 300
490 -1448.54 300
491 -1441.2166666666667 300
492 -1439.8266666666666 300
493 -1445.8233333333333 300
494 -1437.5866666666666 300
495 -1425.3066666666666 300
496 -1425.87 300
497 -1427.2733333333333 300
498 -1429.2966666666666 300
499 -1429.18 300
500 -1429.8133333333333 300
501 -1430.2433333333333 300
502 -1433.46 300
503 -1445.6333333333334 300
504 -1440.2066666666667 300
505 -1430.8733333333332 300
506 -1432.1566666666668 300
507 -1434.2733333333333 300
508 -1432.7966666666666 300
509 -1425.7033333333334 300
510 -1422.49 300
511 -1426.5433333333333 300
512 -1436.4133333333334 300
513 -1428.7933333333333 300
514 -1407.74 300
515 -1413.28 300
516 -1421.4266666666667 300
517 -1429.6033333333332 300
518 -1442.8933333333334 300
519 -1441.3433333333332 300
520 -1441.5933333333332 300
521 -1447.8666666666666 300
522 -1450.28 300
523 -1448.1466666666668 300
524 -1439.19 300
525 -1441.2766666666666 300
526 -1435.3566666666666 300
527 -1428.9033333333334 300
528 -1427.9733333333334 300
529 -1427.75 300
530 -1429.8666666666666 300
531 -1424.9266666666667 300
532 -1423.2066666666667 300
533 -1422.1 300
534 -1428.2233333333334 300
535 -1442.6666666666667 300
536 -1446.1566666666668 300
537 -1449.1566666666668 300
538 -1455.8833333333334 300
539 -1466.2466666666667 300
540 -1462.3033333333333 300
541 -1455.32 300
542 -1457.4433333333334 300
543 -1455.7 300
544 -1453.5566666666666 300
545 -1445.97 300
546 -1431.8133333333333 300
547 -1427.8466666666666 300
548 -1426.2266666666667 300
549 -1423.6733333333334 300
550 -1421.13 300
551 -1425.3766666666668 300
552 -1428.5733333333333 300
553 -1430.0733333333333 300
554 -1430.65 300
555 -1436.8233333333333 300
556 -1437.28 300
557 -1423.7433333333333 300
558 -1422.03 300
559 -1419.63 300
560 -1416.2966666666666 300
561 -1411.24 300
562 -1402.7366666666667 300
563 -1393.4866666666667 300
564 -1394.6966666666667 300
565 -1397.6833333333334 300
566 -1402.5933333333332 300
567 -1407.2866666666666 300
568 -1411.21 300
569 -1418.13 300
570 -1428.1166666666666 300
571 -1444.14 300
572 -1453.7966666666666 300
573 -1452.0533333333333 300
574 -1445.5966666666666 300
575 -1436.9333333333334 300
576 -1429.0066666666667 300
577 -1429.4166666666667 300
578 -1429.5 300
579 -1430.0466666666666 300
580 -1429.9466666666667 300
581 -1430.1366666666668 300
582 -1430.85 300
583 -1431.2166666666667 300
584 -1430.2133333333334 300
585 -1430.8533333333332 300
586 -1431.9633333333334 300
587 -1435.3933333333334 300
588 -1435.6666666666667 300
589 -1433.7233333333334 300
590 -1449.1866666666667 300
591 -1452.6766666666667 300
592 -1464.1833333333334 300
593 -1461.0433333333333 300
594 -1469.0466666666666 300
595 -1466.17 300
596 -1462.7633333333333 300
597 -1457.34 300
598 -1458.96 300
599 -1463.7066666666667 300
600 -1458.3266666666666 300
601 -1449.8566666666666 300
602 -1452.8166666666666 300
603 -1456.8433333333332 300
604 -1456.61 300
605 -1451.7 300
606 -1457.7933333333333 300
607 -1453.9333333333334 300
608 -1448.7733333333333 300
609 -1437.65 300
610 -1433.53 300
611 -1432.7133333333334 300
612 -1433.4666666666667 300
613 -1434.7966666666666 300
614 -1435.51 300
615 -1434.9366666666667 300
616 -1432.9233333333334 300
617 -1431.3833333333334 300
618 -1432.2233333333334 300
619 -1433.8766666666668 300
620 -1434.12 300
621 -1433.2066666666667 300
622 -1432.9033333333334 300
623 -1433.26 300
624 -1431.42 300
625 -1426.4866666666667 300
626 -1419.59 300
627 -1425.3 300
628 -1427.8033333333333 300
629 -1439.8133333333333 300
630 -1455.17 300
631 -1460.3533333333332 300
632 -1456.9566666666667 300
633 -1451.6366666666668 300
634 -1457.3966666666668 300
635 -1451.9833333333333 300
636 -1445.67 300
637 -1437.4733333333334 300
638 -1428.18 300
639 -1421.1266666666668 300
640 -1425.7733333333333 300
641 -1424.34 300
642 -1412.1266666666668 300
643 -1398.1 300
644 -1381.6233333333332 300
645 -1381.8766666666668 300
646 -1382.3766666666668 300
647 -1382.6333333333334 300
648 -1383.5333333333333 300
649 -1384.76 300
650 -1386.8633333333332 300
651 -1389.2866666666666 300
652 -1384.7233333333334 300
653 -1385.4466666666667 300
654 -1384.2666666666667 300
655 -1388.99 300
656 -1385.15 300
657 -1386.3333333333333 300
658 -1388.37 300
659 -1389.7166666666667 300
660 -1391.8966666666668 300
661 -1394.2166666666667 300
662 -1395.95 300
663 -1403.16 300
664 -1410.5366666666666 300
665 -1411.0466666666666 300
666 -1407.3166666666666 300
667 -1399.9066666666668 300
668 -1419.1833333333334 300
669 -1418.03 300
670 -1414.71 300
671 -1412.0866666666666 300
672 -1409.1066666666666 300
673 -1415.3433333333332 300
674 -1419.6466666666668 300
675 -1425.9566666666667 300
676 -1440.5066666666667 300
677 -1446.45 300
678 -1435.4033333333334 300
679 -1421.6766666666667 300
680 -1413.69 300
681 -1401.17 300
682 -1403.6666666666667 300
683 -1401.2533333333333 300
684 -1401.5466666666666 300
685 -1390.7066666666667 300
686 -1388.5433333333333 300
687 -1388.5833333333333 300
688 -1388.68 300
689 -1391.5166666666667 300
690 -1391.1 300
691 -1392.3266666666666 300
692 -1391.46 300
693 -1390.92 300
694 -1390.8366666666666 300
695 -1412.09 300
696 -1400.0766666666666 300
697 -1414.7866666666666 300
698 -1401.3966666666668 300
699 -1405.86 300
700 -1395.12 300
701 -1391.1966666666667 300
702 -1399.69 300
703 -1413.2366666666667 300
704 -1399.94 300
705 -1400.43 300
706 -1401.1733333333334 300
707 -1397.2 300
708 -1412.5233333333333 300
709 -1402.05 300
710 -1412.2566666666667 300
711 -1414.4166666666667 300
712 -1413.0666666666666 300
713 -1424.7333333333333 300
714 -1438.6133333333332 300
715 -1451.0466666666666 300
716 -1448.1466666666668 300
717 -1444.0 300
718 -1436.73 300
719 -1433.76 300
720 -1432.78 300
721 -1430.04 300
722 -1427.78 300
723 -1425.9833333333333 300
724 -1423.2366666666667 300
725 -1427.5933333333332 300
726 -1444.5366666666666 300
727 -1446.1 300
728 -1444.1533333333334 300
729 -1446.8133333333333 300
730 -1438.93 300
731 -1437.5 300
732 -1437.18 300
733 -1437.3166666666666 300
734 -1436.54 300
735 -1435.61 300
736 -1435.08 300
737 -1434.58 300
738 -1433.4366666666667 300
739 -1429.8166666666666 300
740 -1431.26 300
741 -1425.7066666666667 300
742 -1430.0333333333333 300
743 -1436.9566666666667 300
744 -1435.8366666666666 300
745 -1426.6666666666667 300
746 -1429.9733333333334 300
747 -1434.1033333333332 300
748 -1437.8666666666666 300
749 -1437.0966666666666 300
750 -1436.9433333333334 300
751 -1437.6233333333332 300
752 -1439.1933333333334 300
753 -1433.8466666666666 300
754 -1426.56 300
755 -1426.12 300
756 -1425.39 300
757 -1422.3666666666666 300
758 -1419.92 300
759 -1419.5433333333333 300
760 -1405.2233333333334 300
761 -1399.52 300
762 -1403.42 300
763 -1420.5166666666667 300
764 -1432.7866666666666 300
765 -1441.6266666666668 300
766 -1458.5733333333333 300
767 -1462.16 300
768 -1460.8866666666668 300
769 -1458.7933333333333 300
770 -1457.9966666666667 300
771 -1455.6166666666666 300
772 -1452.6733333333334 300
773 -1449.1566666666668 300
774 -1445.7933333333333 300
775 -1439.84 300
776 -1443.8433333333332 300
777 -1436.7633333333333 300
778 -1442.4566666666667 300
779 -1447.19 300
780 -1441.6666666666667 300
781 -1440.5833333333333 300
782 -1441.73 300
783 -1437.43 300
784 -1432.1833333333334 300
785 -1426.0533333333333 300
786 -1416.1866666666667 300
787 -1411.5133333333333 300
788 -1407.84 300
789 -1408.7466666666667 300
790 -1417.9233333333334 300
791 -1437.68 300
792 -1443.5066666666667 300
793 -1449.8233333333333 300
794 -1456.6066666666666 300
795 -1455.7533333333333 300
796 -1460.3666666666666 300
797 -1462.88 300
798 -1461.56 300
799 -1460.7733333333333 300
800 -1459.6833333333334 300
801 -1462.0033333333333 300
802 -1461.6066666666666 300
803 -1460.4566666666667 300
804 -1460.51 300
805 -1459.9633333333334 300
806 -1454.1466666666668 300
807 -1440.5333333333333 300
808 -1439.7466666666667 300
809 -1434.9533333333334 300
810 -1420.5933333333332 300
811 -1423.0533333333333 300
812 -1427.7733333333333 300
813 -1432.91 300
814 -1438.9633333333334 300
815 -1432.7433333333333 300
816 -1421.46 300
817 -1418.7133333333334 300
818 -1430.4566666666667 300
819 -1431.68 300
820 -1434.82 300
821 -1443.3366666666666 300
822 -1431.5166666666667 300
823 -1423.66 300
824 -1394.49 300
825 -1379.1233333333332 300
826 -1389.5333333333333 300
827 -1403.3666666666666 300
828 -1425.3233333333333 300
829 -1415.8866666666668 300
830 -1403.9133333333334 300
831 -1405.04 300
832 -1405.72 300
833 -1410.2766666666666 300
834 -1409.1033333333332 300
835 -1409.7733333333333 300
836 -1411.3333333333333 300
837 -1414.2033333333334 300
838 -1416.7866666666666 300
839 -1418.4466666666667 300
840 -1421.9466666666667 300
841 -1425.6733333333334 300
842 -1433.51 300
843 -1423.23 300
844 -1424.0633333333333 300
845 -1425.0433333333333 300
846 -1425.3 300
847 -1425.9166666666667 300
848 -1427.6166666666666 300
849 -1432.5833333333333 300
850 -1433.6166666666666 300
851 -1415.6433333333334 300
852 -1409.7166666666667 300
853 -1407.84 300
854 -1406.78 300
855 -1407.89 300
856 -1392.18 300
857 -1390.3 300
858 -1390.17 300
859 -1397.1766666666667 300
860 -1401.83 300
861 -1420.9366666666667 300
862 -1420.6966666666667 300
863 -1420.1266666666668 300
864 -1420.2466666666667 300
865 -1419.4266666666667 300
866 -1403.7066666666667 300
867 -1383.4966666666667 300
868 -1369.83 300
869 -1372.1766666666667 300
870 -1373.32 300
871 -1379.1133333333332 300
872 -1392.4866666666667 300
873 -1411.58 300
874 -1415.5333333333333 300
875 -1416.7266666666667 300
876 -1424.9 300
877 -1425.0633333333333 300
878 -1425.6566666666668 300
879 -1432.7133333333334 300
880 -1436.5533333333333 300
881 -1449.8033333333333 300
882 -1447.11 300
883 -1443.0266666666666 300
884 -1439.9166666666667 300
885 -1434.5166666666667 300
886 -1423.4666666666667 300
887 -1412.2566666666667 300
888 -1400.5433333333333 300
889 -1399.7433333333333 300
890 -1402.04 300
891 -1410.45 300
892 -1419.9 300
893 -1426.1033333333332 300
894 -1424.7866666666666 300
895 -1423.7533333333333 300
896 -1430.9866666666667 300
897 -1439.4366666666667 300
898 -1448.0533333333333 300
899 -1460.76 300
900 -1453.0633333333333 300
901 -1437.12 300
902 -1435.31 300
903 -1436.9366666666667 300
904 -1432.6066666666666 300
905 -1431.0333333333333 300
906 -1441.7633333333333 300
907 -1434.5333333333333 300
908 -1438.3966666666668 300
909 -1439.85 300
910 -1443.1666666666667 300
911 -1443.2266666666667 300
912 -1475.22 300
913 -1472.67 300
914 -1468.9066666666668 300
915 -1473.13 300
916 -1468.0366666666666 300
917 -1462.58 300
918 -1456.0833333333333 300
919 -1455.51 300
920 -1452.7 300
921 -1460.7833333333333 300
922 -1458.6066666666666 300
923 -1456.53 300
924 -1455.3566666666666 300
925 -1466.2066666666667 300
926 -1470.9 300
927 -1472.85 300
928 -1471.19 300
929 -1465.9233333333334 300
930 -1461.9866666666667 300
931 -1457.72 300
932 -1458.1133333333332 300
933 -1453.3033333333333 300
934 -1448.9766666666667 300
935 -1443.7533333333333 300
936 -1439.1366666666668 300
937 -1432.7166666666667 300
938 -1425.5433333333333 300
939 -1418.87 300
940 -1410.53 300
941 -1404.0433333333333 300
942 -1395.4033333333334 300
943 -1399.3533333333332 300
944 -1403.7233333333334 300
945 -1410.68 300
946 -1409.6933333333334 300
947 -1421.2233333333334 300
948 -1434.64 300
949 -1444.7033333333334 300
950 -1440.1933333333334 300
951 -1445.3033333333333 300
952 -1453.3866666666668 300
953 -1452.4566666666667 300
954 -1452.8233333333333 300
955 -1447.9633333333334 300
956 -1453.0433333333333 300
957 -1448.7333333333333 300
958 -1446.46 300
959 -1444.37 300
960 -1440.2933333333333 300
961 -1433.0833333333333 300
962 -1434.0366666666666 300
963 -1434.9333333333334 300
964 -1435.03 300
965 -1424.9866666666667 300
966 -1425.04 300
967 -1423.9533333333334 300
968 -1424.4033333333334 300
969 -1427.0766666666666 300
970 -1417.65 300
971 -1404.2833333333333 300
972 -1388.57 300
973 -1364.4266666666667 300
974 -1349.7133333333334 300
975 -1338.6633333333334 300
976 -1344.7666666666667 300
977 -1352.6966666666667 300
978 -1363.3033333333333 300
979 -1379.4733333333334 300
980 -1396.6466666666668 300
981 -1404.0566666666666 300
982 -1422.4666666666667 300
983 -1425.6966666666667 300
984 -1427.0 300
985 -1427.0 300
986 -1427.7533333333333 300
987 -1426.9033333333334 300
988 -1427.6466666666668 300
989 -1426.04 300
990 -1426.08 300
991 -1425.8266666666666 300
992 -1423.8266666666666 300
993 -1422.2866666666666 300
994 -1418.74 300
995 -1414.1966666666667 300
996 -1413.1166666666666 300
997 -1411.9666666666667 300
998 -1402.3466666666666 300
999 -1391.5833333333333 300
1000 -1388.7566666666667 300
1001 -1385.7466666666667 300
1002 -1383.4233333333334 300
1003 -1384.65 300
1004 -1385.08 300
1005 -1374.8 300
1006 -1375.8733333333332 300
1007 -1380.2333333333333 300
1008 -1378.0733333333333 300
1009 -1373.02 300
1010 -1383.7966666666666 300
1011 -1406.0066666666667 300
1012 -1439.4833333333333 300
1013 -1460.92 300
1014 -1459.7866666666666 300
1015 -1457.71 300
1016 -1456.0933333333332 300
1017 -1453.21 300
1018 -1450.5766666666666 300
1019 -1446.0233333333333 300
1020 -1442.98 300
1021 -1441.1466666666668 300
1022 -1443.34 300
1023 -1448.3833333333334 300
1024 -1451.5933333333332 300
1025 -1444.6833333333334 300
1026 -1436.3 300
1027 -1436.1433333333334 300
1028 -1432.1866666666667 300
1029 -1437.7633333333333 300
1030 -1437.92 300
1031 -1436.3533333333332 300
1032 -1436.91 300
1033 -1435.3633333333332 300
1034 -1436.87 300
1035 -1436.18 300
1036 -1434.7733333333333 300
1037 -1435.4933333333333 300
1038 -1434.7633333333333 300
1039 -1432.3433333333332 300
1040 -1422.83 300
1041 -1415.0033333333333 300
1042 -1407.4066666666668 300
1043 -1388.92 300
1044 -1368.62 300
1045 -1348.9733333333334 300
1046 -1352.3233333333333 300
1047 -1356.2233333333334 300
1048 -1350.22 300
1049 -1369.9566666666667 300
1050 -1389.6866666666667 300
1051 -1423.4233333333334 300
1052 -1415.6233333333332 300
1053 -1413.5133333333333 300
1054 -1419.2533333333333 300
1055 -1416.3 300
1056 -1408.6866666666667 300
1057 -1404.1533333333334 300
1058 -1404.39 300
1059 -1405.0866666666666 300
1060 -1405.0633333333333 300
1061 -1424.9433333333334 300
1062 -1426.72 300
1063 -1426.1666666666667 300
1064 -1412.5766666666666 300
1065 -1411.7866666666666 300
1066 -1412.1566666666668 300
1067 -1409.3933333333334 300
1068 -1409.9533333333334 300
1069 -1409.8366666666666 300
1070 -1420.57 300
1071 -1419.7766666666666 300
1072 -1419.3533333333332 300
1073 -1418.5933333333332 300
1074 -1418.56 300
1075 -1414.1 300
1076 -1412.8933333333334 300
1077 -1411.7066666666667 300
1078 -1412.5033333333333 300
1079 -1406.25 300
1080 -1415.82 300
1081 -1416.7566666666667 300
1082 -1414.7633333333333 300
1083 -1423.05 300
1084 -1415.28 300
1085 -1419.8833333333334 300
1086 -1419.17 300
1087 -1418.6366666666668 300
1088 -1418.2233333333334 300
1089 -1418.34 300
1090 -1417.1766666666667 300
1091 -1418.9666666666667 300
1092 -1409.58 300
1093 -1421.5933333333332 300
1094 -1419.9466666666667 300
1095 -1432.0266666666666 300
1096 -1427.47 300
1097 -1423.4133333333334 300
1098 -1427.4533333333334 300
1099 -1447.33 300
1100 -1453.33 300
1101 -1451.05 300
1102 -1449.4433333333334 300
1103 -1447.9766666666667 300
1104 -1438.7366666666667 300
1105 -1429.81 300
1106 -1419.8 300
1107 -1408.94 300
1108 -1390.1066666666666 300
1109 -1383.0466666666666 300
1110 -1398.87 300
1111 -1378.08 300
1112 -1361.78 300
1113 -1379.5066666666667 300
1114 -1375.4633333333334 300
1115 -1377.4566666666667 300
1116 -1392.57 300
1117 -1421.6933333333334 300
1118 -1428.0033333333333 300
1119 -1427.5766666666666 300
1120 -1423.8533333333332 300
1121 -1417.7166666666667 300
1122 -1414.58 300
1123 -1408.1066666666666 300
1124 -1407.6566666666668 300
1125 -1407.6333333333334 300
1126 -1410.1466666666668 300
1127 -1410.57 300
1128 -1407.52 300
1129 -1406.1933333333334 300
1130 -1400.54 300
1131 -1396.7133333333334 300
1132 -1423.75 300
1133 -1422.6466666666668 300
1134 -1421.19 300
1135 -1413.72 300
1136 -1406.4533333333334 300
1137 -1398.7233333333334 300
1138 -1423.93 300
1139 -1438.7266666666667 300
1140 -1437.8933333333334 300
1141 -1436.95 300
1142 -1433.76 300
1143 -1427.9 300
1144 -1414.14 300
1145 -1403.2933333333333 300
1146 -1420.4266666666667 300
1147 -1435.46 300
1148 -1441.09 300
1149 -1450.01 300
1150 -1453.94 300
1151 -1454.8966666666668 300
1152 -1460.9266666666667 300
1153 -1460.3733333333332 300
1154 -1458.84 300
1155 -1459.9 300
1156 -1454.2833333333333 300
1157 -1448.36 300
1158 -1440.4033333333334 300
1159 -1434.18 300
1160 -1434.47 300
1161 -1437.27 300
1162 -1436.77 300
1163 -1436.9166666666667 300
1164 -1437.8633333333332 300
1165 -1430.5733333333333 300
1166 -1430.3866666666668 300
1167 -1430.7366666666667 300
1168 -1427.0366666666666 300
1169 -1425.8733333333332 300
1170 -1426.0166666666667 300
1171 -1425.7066666666667 300
1172 -1425.9366666666667 300
1173 -1424.7833333333333 300
1174 -1431.78 300
1175 -1433.8766666666668 300
1176 -1435.9066666666668 300
1177 -1439.2266666666667 300
1178 -1445.0566666666666 300
1179 -1441.0566666666666 300
1180 -1444.02 300
1181 -1438.8333333333333 300
1182 -1433.4166666666667 300
1183 -1428.9666666666667 300
1184 -1429.45 300
1185 -1425.7633333333333 300
1186 -1421.3933333333334 300
1187 -1421.02 300
1188 -1417.8766666666668 300
1189 -1448.7133333333334 300
1190 -1452.0266666666666 300
1191 -1444.2 300
1192 -1442.9866666666667 300
1193 -1449.1666666666667 300
1194 -1444.9566666666667 300
1195 -1438.3033333333333 300
1196 -1443.15 300
1197 -1448.8566666666666 300
1198 -1457.1466666666668 300
1199 -1447.3933333333334 300
1200 -1434.7933333333333 300
1201 -1419.1066666666666 300
1202 -1418.3733333333332 300
1203 -1417.3433333333332 300
1204 -1416.4033333333334 300
1205 -1415.5566666666666 300
1206 -1414.63 300
1207 -1413.74 300
1208 -1414.21 300
1209 -1407.0633333333333 300
1210 -1395.0366666666666 300
1211 -1413.22 300
1212 -1429.2766666666666 300
1213 -1430.6833333333334 300
1214 -1434.1566666666668 300
1215 -1433.98 300
1216 -1431.77 300
1217 -1449.23 300
1218 -1441.3866666666668 300
1219 -1434.3 300
1220 -1422.9266666666667 300
1221 -1424.06 300
1222 -1424.9433333333334 300
1223 -1420.07 300
1224 -1415.1533333333334 300
1225 -1409.4033333333334 300
1226 -1400.97 300
1227 -1392.76 300
1228 -1402.94 300
1229 -1390.64 300
1230 -1399.37 300
1231 -1407.41 300
1232 -1397.46 300
1233 -1416.69 300
1234 -1413.1766666666667 300
1235 -1406.26 300
1236 -1399.0566666666666 300
1237 -1416.3733333333332 300
1238 -1411.7233333333334 300
1239 -1424.2166666666667 300
1240 -1429.59 300
1241 -1432.83 300
1242 -1433.7333333333333 300
1243 -1447.8933333333334 300
1244 -1454.18 300
1245 -1461.15 300
1246 -1457.47 300
1247 -1463.66 300
1248 -1460.2966666666666 300
1249 -1458.2166666666667 300
1250 -1455.4566666666667 300
1251 -1447.07 300
1252 -1438.4366666666667 300
1253 -1422.7166666666667 300
1254 -1419.5466666666666 300
1255 -1417.2533333333333 300
1256 -1414.7 300
1257 -1400.9333333333334 300
1258 -1387.7733333333333 300
1259 -1374.8166666666666 300
1260 -1349.3833333333334 300
1261 -1350.7933333333333 300
1262 -1352.4833333333333 300
1263 -1365.9933333333333 300
1264 -1355.12 300
1265 -1327.1433333333334 300
1266 -1332.0533333333333 300
1267 -1337.33 300
1268 -1345.3333333333333 300
1269 -1355.23 300
1270 -1373.8133333333333 300
1271 -1401.2666666666667 300
1272 -1422.93 300
1273 -1422.8033333333333 300
1274 -1421.32 300
1275 -1421.0866666666666 300
1276 -1419.6033333333332 300
1277 -1417.6 300
1278 -1410.81 300
1279 -1425.8333333333333 300
1280 -1425.15 300
1281 -1440.4566666666667 300
1282 -1437.9466666666667 300
1283 -1434.39 300
1284 -1435.5766666666666 300
1285 -1436.1866666666667 300
1286 -1436.6166666666666 300
1287 -1439.0266666666666 300
1288 -1426.3133333333333 300
1289 -1429.5966666666666 300
1290 -1426.9 300
1291 -1423.2933333333333 300
1292 -1418.1266666666668 300
1293 -1414.1733333333334 300
1294 -1412.7266666666667 300
1295 -1410.7466666666667 300
1296 -1406.6666666666667 300
1297 -1401.6133333333332 300
1298 -1417.7066666666667 300
1299 -1429.7766666666666 300
1300 -1430.01 300
1301 -1432.8466666666666 300
1302 -1432.4466666666667 300
1303 -1429.37 300
1304 -1429.59 300
1305 -1419.6566666666668 300
1306 -1409.7866666666666 300
1307 -1404.4733333333334 300
1308 -1419.2633333333333 300
1309 -1435.35 300
1310 -1435.97 300
1311 -1434.41 300
1312 -1431.8366666666666 300
1313 -1436.2966666666666 300
1314 -1445.81 300
1315 -1444.49 300
1316 -1444.8233333333333 300
1317 -1446.5866666666666 300
1318 -1433.7733333333333 300
1319 -1432.74 300
1320 -1434.7766666666666 300
1321 -1432.3066666666666 300
1322 -1430.0233333333333 300
1323 -1428.0633333333333 300
1324 -1426.9633333333334 300
1325 -1430.02 300
1326 -1431.5 300
1327 -1426.5433333333333 300
1328 -1426.3366666666666 300
1329 -1424.8033333333333 300
1330 -1424.61 300
1331 -1423.8333333333333 300
1332 -1423.18 300
1333 -1422.5533333333333 300
1334 -1421.67 300
1335 -1421.4366666666667 300
1336 -1422.1433333333334 300
1337 -1419.8966666666668 300
1338 -1418.73 300
1339 -1417.8133333333333 300
1340 -1417.3533333333332 300
1341 -1416.7566666666667 300
1342 -1413.9233333333334 300
1343 -1413.9933333333333 300
1344 -1408.49 300
1345 -1399.08 300
1346 -1394.3933333333334 300
1347 -1395.9866666666667 300
1348 -1395.81 300
1349 -1396.4233333333334 300
1350 -1397.1166666666666 300
1351 -1398.14 300
1352 -1399.68 300
1353 -1400.2533333333333 300
1354 -1401.5433333333333 300
1355 -1402.72 300
1356 -1405.75 300
1357 -1408.5866666666666 300
1358 -1409.2833333333333 300
1359 -1407.1233333333332 300
1360 -1407.91 300
1361 -1418.1366666666668 300
1362 -1416.95 300
1363 -1424.2566666666667 300
1364 -1435.7966666666666 300
1365 -1441.2033333333334 300
1366 -1441.9166666666667 300
1367 -1445.29 300
1368 -1447.0066666666667 300
1369 -1447.0666666666666 300
1370 -1446.5666666666666 300
1371 -1453.56 300
1372 -1453.2066666666667 300
1373 -1454.91 300
1374 -1455.9766666666667 300
1375 -1454.73 300
1376 -1454.2066666666667 300
1377 -1453.2266666666667 300
1378 -1452.6366666666668 300
1379 -1451.96 300
1380 -1449.06 300
1381 -1447.4933333333333 300
1382 -1444.5033333333333 300
1383 -1439.25 300
1384 -1435.5633333333333 300
1385 -1431.1266666666668 300
1386 -1428.94 300
1387 -1425.45 300
1388 -1416.92 300
1389 -1418.6033333333332 300
1390 -1418.96 300
1391 -1421.2866666666666 300
1392 -1416.1466666666668 300
1393 -1417.0633333333333 300
1394 -1414.6566666666668 300
1395 -1413.8933333333334 300
1396 -1417.4066666666668 300
1397 -1405.7433333333333 300
1398 -1400.45 300
1399 -1395.78 300
1400 -1390.46 300
1401 -1391.52 300
1402 -1413.1033333333332 300
1403 -1431.1 300
1404 -1428.16 300
1405 -1425.2966666666666 300
1406 -1422.02 300
1407 -1415.4566666666667 300
1408 -1419.1833333333334 300
1409 -1423.3166666666666 300
1410 -1429.0733333333333 300
1411 -1430.8633333333332 300
1412 -1425.8833333333334 300
1413 -1422.9033333333334 300
1414 -1418.2066666666667 300
1415 -1418.47 300
1416 -1417.2333333333333 300
1417 -1417.98 300
1418 -1419.5766666666666 300
1419 -1421.5966666666666 300
1420 -1424.4033333333334 300
1421 -1427.6 300
1422 -1430.3433333333332 300
1423 -1430.1466666666668 300
1424 -1434.1333333333334 300
1425 -1435.0233333333333 300
1426 -1435.69 300
1427 -1431.3933333333334 300
1428 -1439.02 300
1429 -1441.09 300
1430 -1441.1233333333332 300
1431 -1440.6 300
1432 -1441.1566666666668 300
1433 -1440.59 300
1434 -1438.0233333333333 300
1435 -1438.3566666666666 300
1436 -1439.07 300
1437 -1439.3433333333332 300
1438 -1440.9633333333334 300
1439 -1443.36 300
1440 -1442.97 300
1441 -1441.26 300
1442 -1439.9066666666668 300
1443 -1436.49 300
1444 -1432.6166666666666 300
1445 -1425.0 300
1446 -1416.4666666666667 300
1447 -1415.9133333333334 300
1448 -1417.1766666666667 300
1449 -1417.2433333333333 300
1450 -1418.6666666666667 300
1451 -1420.46 300
1452 -1421.8433333333332 300
1453 -1422.54 300
1454 -1422.7033333333334 300
1455 -1420.47 300
1456 -1425.2866666666666 300
1457 -1432.59 300
1458 -1438.8133333333333 300
1459 -1435.97 300
1460 -1435.4933333333333 300
1461 -1431.9933333333333 300
1462 -1433.0933333333332 300
1463 -1434.18 300
1464 -1431.6633333333334 300
1465 -1432.4566666666667 300
1466 -1437.1366666666668 300
1467 -1440.99 300
1468 -1443.32 300
1469 -1437.5833333333333 300
1470 -1442.09 300
1471 -1440.0166666666667 300
1472 -1437.42 300
1473 -1433.0966666666666 300
1474 -1426.2566666666667 300
1475 -1428.1 300
1476 -1429.9333333333334 300
1477 -1428.5933333333332 300
1478 -1433.7566666666667 300
1479 -1432.4266666666667 300
1480 -1433.7066666666667 300
1481 -1430.5066666666667 300
1482 -1425.3766666666668 300
1483 -1424.0333333333333 300
1484 -1422.0266666666666 300
1485 -1419.3733333333332 300
1486 -1419.1533333333334 300
1487 -1419.17 300
1488 -1426.2866666666666 300
1489 -1429.49 300
1490 -1432.1633333333334 300
1491 -1438.25 300
1492 -1430.8833333333334 300
1493 -1426.27 300
1494 -1419.5233333333333 300
1495 -1421.0866666666666 300
1496 -1423.2066666666667 300
1497 -1420.3966666666668 300
1498 -1417.9366666666667 300
1499 -1420.41 300
1500 -1417.5733333333333 300
1501 -1420.4866666666667 300
1502 -1419.47 300
1503 -1412.35 300
1504 -1415.3666666666666 300
1505 -1414.1866666666667 300
1506 -1412.8933333333334 300
1507 -1413.44 300
1508 -1407.7766666666666 300
1509 -1410.1433333333334 300
1510 -1406.6733333333334 300
1511 -1404.3733333333332 300
1512 -1406.4166666666667 300
1513 -1405.3333333333333 300
1514 -1410.61 300
1515 -1417.38 300
1516 -1424.7066666666667 300
1517 -1426.6733333333334 300
1518 -1429.32 300
1519 -1434.5533333333333 300
1520 -1435.5033333333333 300
1521 -1436.0666666666666 300
1522 -1430.7766666666666 300
1523 -1424.0033333333333 300
1524 -1419.0666666666666 300
1525 -1412.3733333333332 300
1526 -1409.8266666666666 300
1527 -1409.3633333333332 300
1528 -1407.8966666666668 300
1529 -1407.1133333333332 300
1530 -1409.98 300
1531 -1414.3166666666666 300
1532 -1418.7133333333334 300
1533 -1418.6533333333334 300
1534 -1416.0966666666666 300
1535 -1411.9133333333334 300
1536 -1404.3 300
1537 -1391.3466666666666 300
1538 -1393.33 300
1539 -1394.8933333333334 300
1540 -1399.9166666666667 300
1541 -1405.7633333333333 300
1542 -1413.47 300
1543 -1419.1333333333334 300
1544 -1414.6266666666668 300
1545 -1413.9166666666667 300
1546 -1398.0966666666666 300
1547 -1388.1033333333332 300
1548 -1389.3533333333332 300
1549 -1390.15 300
1550 -1390.9533333333334 300
1551 -1392.1366666666668 300
1552 -1393.8433333333332 300
1553 -1395.9333333333334 300
1554 -1398.16 300
1555 -1402.2366666666667 300
1556 -1402.8566666666666 300
1557 -1407.58 300
1558 -1411.4833333333333 300
1559 -1409.7233333333334 300
1560 -1405.2 300
1561 -1407.21 300
1562 -1411.8366666666666 300
1563 -1412.21 300
1564 -1406.8533333333332 300
1565 -1403.45 300
1566 -1407.1133333333332 300
1567 -1409.9166666666667 300
1568 -1409.71 300
1569 -1409.4833333333333 300
1570 -1409.22 300
1571 -1409.72 300
1572 -1410.1933333333334 300
1573 -1410.5666666666666 300
1574 -1410.2333333333333 300
1575 -1410.41 300
1576 -1410.8366666666666 300
1577 -1408.4966666666667 300
1578 -1408.9133333333334 300
1579 -1408.8366666666666 300
1580 -1409.14 300
1581 -1405.52 300
1582 -1405.7633333333333 300
1583 -1405.8566666666666 300
1584 -1402.8833333333334 300
1585 -1409.58 300
1586 -1418.24 300
1587 -1411.0366666666666 300
1588 -1406.4033333333334 300
1589 -1415.3233333333333 300
1590 -1415.2133333333334 300
1591 -1418.09 300
1592 -1417.6066666666666 300
1593 -1417.3733333333332 300
1594 -1421.7433333333333 300
1595 -1423.04 300
1596 -1422.75 300
1597 -1421.33 300
1598 -1418.7833333333333 300
1599 -1417.14 300
1600 -1413.5033333333333 300
1601 -1408.8233333333333 300
1602 -1401.0266666666666 300
1603 -1404.6466666666668 300
1604 -1409.2833333333333 300
1605 -1416.0433333333333 300
1606 -1418.4766666666667 300
1607 -1418.35 300
1608 -1418.01 300
1609 -1418.2333333333333 300
1610 -1417.7866666666666 300
1611 -1417.7733333333333 300
1612 -1414.6833333333334 300
1613 -1414.0533333333333 300
1614 -1414.4733333333334 300
1615 -1414.2233333333334 300
1616 -1415.2533333333333 300
1617 -1416.02 300
1618 -1416.28 300
1619 -1416.8466666666666 300
1620 -1418.4966666666667 300
1621 -1421.37 300
1622 -1421.2166666666667 300
1623 -1421.4633333333334 300
1624 -1421.4 300
1625 -1421.6866666666667 300
1626 -1416.2166666666667 300
1627 -1410.1033333333332 300
1628 -1409.3966666666668 300
1629 -1407.4 300
1630 -1407.2666666666667 300
1631 -1407.3066666666666 300
1632 -1407.1166666666666 300
1633 -1407.4233333333334 300
1634 -1407.6166666666666 300
1635 -1404.2266666666667 300
1636 -1404.4 300
1637 -1411.58 300
1638 -1411.7466666666667 300
1639 -1411.87 300
1640 -1411.7733333333333 300
1641 -1411.4533333333334 300
1642 -1416.8966666666668 300
1643 -1421.1433333333334 300
1644 -1420.6733333333334 300
1645 -1421.7133333333334 300
1646 -1416.9833333333333 300
1647 -1415.0066666666667 300
1648 -1408.3533333333332 300
1649 -1404.5033333333333 300
1650 -1404.8733333333332 300
1651 -1406.37 300
1652 -1407.8066666666666 300
1653 -1409.7866666666666 300
1654 -1409.29 300
1655 -1408.3666666666666 300
1656 -1408.6166666666666 300
1657 -1408.9433333333334 300
1658 -1409.36 300
1659 -1412.75 300
1660 -1413.5133333333333 300
1661 -1413.7766666666666 300
1662 -1414.3666666666666 300
1663 -1418.8133333333333 300
1664 -1423.1133333333332 300
1665 -1423.1966666666667 300
1666 -1424.5666666666666 300
1667 -1424.37 300
1668 -1423.6633333333334 300
1669 -1423.3533333333332 300
1670 -1422.8533333333332 300
1671 -1422.5933333333332 300
1672 -1413.6966666666667 300
1673 -1412.0033333333333 300
1674 -1414.6933333333334 300
1675 -1413.6566666666668 300
1676 -1413.2933333333333 300
1677 -1413.5366666666666 300
1678 -1410.9666666666667 300
1679 -1410.2666666666667 300
1680 -1408.4533333333334 300
1681 -1407.97 300
1682 -1405.0566666666666 300
1683 -1407.4266666666667 300
1684 -1403.6733333333334 300
1685 -1403.44 300
1686 -1404.62 300
1687 -1399.5866666666666 300
1688 -1399.8133333333333 300
1689 -1399.5466666666666 300
1690 -1398.8633333333332 300
1691 -1398.8466666666666 300
1692 -1398.4833333333333 300
1693 -1398.9466666666667 300
1694 -1398.9966666666667 300
1695 -1398.9566666666667 300
1696 -1398.6 300
1697 -1398.0833333333333 300
1698 -1396.45 300
1699 -1396.35 300
1700 -1392.46 300
1701 -1392.9833333333333 300
1702 -1392.9366666666667 300
1703 -1393.5166666666667 300
1704 -1394.8066666666666 300
1705 -1397.88 300
1706 -1401.6133333333332 300
1707 -1404.8966666666668 300
1708 -1405.1733333333334 300
1709 -1405.3433333333332 300
1710 -1405.3066666666666 300
1711 -1405.6266666666668 300
1712 -1405.9533333333334 300
1713 -1406.9866666666667 300
1714 -1408.0233333333333 300
1715 -1408.2733333333333 300
1716 -1408.55 300
1717 -1408.64 300
1718 -1408.39 300
1719 -1405.18 300
1720 -1405.54 300
1721 -1405.8066666666666 300
1722 -1406.04 300
1723 -1405.8133333333333 300
1724 -1405.1166666666666 300
1725 -1407.0 300
1726 -1409.5266666666666 300
1727 -1411.2566666666667 300
1728 -1412.8566666666666 300
1729 -1418.6433333333334 300
1730 -1422.7966666666666 300
1731 -1428.91 300
1732 -1437.69 300
1733 -1433.14 300
1734 -1430.2133333333334 300
1735 -1427.8633333333332 300
1736 -1425.4333333333334 300
1737 -1423.04 300
1738 -1421.25 300
1739 -1416.5066666666667 300
1740 -1411.6866666666667 300
1741 -1407.65 300
1742 -1408.4233333333334 300
1743 -1408.3433333333332 300
1744 -1409.07 300
1745 -1409.4766666666667 300
1746 -1409.0566666666666 300
1747 -1409.13 300
1748 -1408.95 300
1749 -1409.0066666666667 300
1750 -1409.3466666666666 300
1751 -1409.1466666666668 300
1752 -1409.15 300
1753 -1409.4066666666668 300
1754 -1409.5266666666666 300
1755 -1409.5866666666666 300
1756 -1408.95 300
1757 -1408.8233333333333 300
1758 -1408.77 300
1759 -1408.8966666666668 300
1760 -1408.8033333333333 300
1761 -1408.89 300
1762 -1409.0466666666666 300
1763 -1409.2466666666667 300
1764 -1409.1933333333334 300
1765 -1409.3633333333332 300
1766 -1409.5333333333333 300
1767 -1409.7733333333333 300
1768 -1410.07 300
1769 -1410.46 300
1770 -1410.7733333333333 300
1771 -1411.1733333333334 300
1772 -1411.56 300
1773 -1411.7033333333334 300
1774 -1414.8 300
1775 -1414.7533333333333 300
1776 -1415.1433333333334 300
1777 -1414.02 300
1778 -1412.3166666666666 300
1779 -1412.2366666666667 300
1780 -1413.56 300
1781 -1414.51 300
1782 -1415.6 300
1783 -1415.66 300
1784 -1415.54 300
1785 -1415.2433333333333 300
1786 -1415.1066666666666 300
1787 -1414.58 300
1788 -1419.8066666666666 300
1789 -1419.33 300
1790 -1418.8866666666668 300
1791 -1418.66 300
1792 -1419.83 300
1793 -1420.0666666666666 300
1794 -1419.11 300
1795 -1421.7133333333334 300
1796 -1419.2566666666667 300
1797 -1420.1566666666668 300
1798 -1419.5233333333333 300
1799 -1423.47 300
1800 -1426.7033333333334 300
1801 -1425.9866666666667 300
1802 -1431.8533333333332 300
1803 -1435.9666666666667 300
1804 -1435.1233333333332 300
1805 -1434.1666666666667 300
1806 -1432.9766666666667 300
1807 -1426.1533333333334 300
1808 -1414.7766666666666 300
1809 -1417.4233333333334 300
1810 -1420.3 300
1811 -1426.2266666666667 300
1812 -1433.0133333333333 300
1813 -1429.6333333333334 300
1814 -1422.6733333333334 300
1815 -1410.4933333333333 300
1816 -1407.41 300
1817 -1408.8866666666668 300
1818 -1409.9033333333334 300
1819 -1410.9933333333333 300
1820 -1412.6133333333332 300
1821 -1414.9333333333334 300
1822 -1417.1366666666668 300
1823 -1419.99 300
1824 -1423.0733333333333 300
1825 -1425.4633333333334 300
1826 -1425.2466666666667 300
1827 -1424.5466666666666 300
1828 -1423.9933333333333 300
1829 -1423.61 300
1830 -1423.4966666666667 300
1831 -1422.7366666666667 300
1832 -1422.33 300
1833 -1423.5833333333333 300
1834 -1423.0733333333333 300
1835 -1422.5266666666666 300
1836 -1421.8666666666666 300
1837 -1421.09 300
1838 -1420.49 300
1839 -1419.79 300
1840 -1425.9533333333334 300
1841 -1425.75 300
1842 -1419.63 300
1843 -1415.4666666666667 300
1844 -1416.63 300
1845 -1416.69 300
1846 -1416.5833333333333 300
1847 -1416.8166666666666 300
1848 -1416.4166666666667 300
1849 -1417.0033333333333 300
1850 -1419.5033333333333 300
1851 -1419.1566666666668 300
1852 -1419.1766666666667 300
1853 -1414.8933333333334 300
1854 -1416.5733333333333 300
1855 -1417.1233333333332 300
1856 -1418.4966666666667 300
1857 -1418.74 300
1858 -1418.9766666666667 300
1859 -1416.9066666666668 300
1860 -1417.1266666666668 300
1861 -1415.03 300
1862 -1414.9933333333333 300
1863 -1415.67 300
1864 -1415.55 300
1865 -1415.86 300
1866 -1418.9433333333334 300
1867 -1420.9933333333333 300
1868 -1421.1466666666668 300
1869 -1421.2233333333334 300
1870 -1421.33 300
1871 -1421.4066666666668 300
1872 -1422.81 300
1873 -1422.96 300
1874 -1423.26 300
1875 -1425.8433333333332 300
1876 -1427.0833333333333 300
1877 -1427.08 300
1878 -1426.5766666666666 300
1879 -1426.1033333333332 300
1880 -1427.1666666666667 300
1881 -1426.87 300
1882 -1432.08 300
1883 -1433.9333333333334 300
1884 -1433.9466666666667 300
1885 -1435.43 300
1886 -1437.0 300
1887 -1439.36 300
1888 -1439.2333333333333 300
1889 -1438.8333333333333 300
1890 -1438.5133333333333 300
1891 -1438.1033333333332 300
1892 -1433.66 300
1893 -1429.3866666666668 300
1894 -1429.3633333333332 300
1895 -1435.87 300
1896 -1440.5966666666666 300
1897 -1436.1533333333334 300
1898 -1430.87 300
1899 -1429.4633333333334 300
1900 -1426.8433333333332 300
1901 -1426.4633333333334 300
1902 -1426.3233333333333 300
1903 -1426.4633333333334 300
1904 -1426.4966666666667 300
1905 -1427.7866666666666 300
1906 -1427.42 300
1907 -1428.9166666666667 300
1908 -1429.0933333333332 300
1909 -1429.3466666666666 300
1910 -1429.75 300
1911 -1429.5733333333333 300
1912 -1430.6566666666668 300
1913 -1432.1533333333334 300
1914 -1435.52 300
1915 -1437.4333333333334 300
1916 -1439.8766666666668 300
1917 -1442.41 300
1918 -1442.25 300
1919 -1441.9433333333334 300
1920 -1443.5566666666666 300
1921 -1443.5466666666666 300
1922 -1443.4766666666667 300
1923 -1439.89 300
1924 -1435.9933333333333 300
1925 -1435.86 300
1926 -1436.41 300
1927 -1438.1933333333334 300
1928 -1442.0366666666666 300
1929 -1446.73 300
1930 -1451.45 300
1931 -1451.1566666666668 300
1932 -1451.47 300
1933 -1451.24 300
1934 -1451.1066666666666 300
1935 -1452.5633333333333 300
1936 -1456.2366666666667 300
1937 -1457.2466666666667 300
1938 -1456.34 300
1939 -1455.8133333333333 300
1940 -1460.5366666666666 300
1941 -1460.1066666666666 300
1942 -1459.7033333333334 300
1943 -1458.68 300
1944 -1454.54 300
1945 -1454.6366666666668 300
1946 -1453.9333333333334 300
1947 -1455.2433333333333 300
1948 -1456.0766666666666 300
1949 -1449.8333333333333 300
1950 -1452.9533333333334 300
1951 -1446.9266666666667 300
1952 -1442.3666666666666 300
1953 -1439.2966666666666 300
1954 -1438.9066666666668 300
1955 -1438.5166666666667 300
1956 -1431.34 300
1957 -1428.2833333333333 300
1958 -1428.6366666666668 300
1959 -1429.4633333333334 300
1960 -1430.3866666666668 300
1961 -1430.77 300
1962 -1431.9566666666667 300
1963 -1433.12 300
1964 -1437.7666666666667 300
1965 -1437.48 300
1966 -1437.55 300
1967 -1438.3433333333332 300
1968 -1439.7466666666667 300
1969 -1440.5133333333333 300
1970 -1442.0 300
1971 -1443.4 300
1972 -1444.0233333333333 300
1973 -1445.5966666666666 300
1974 -1445.7133333333334 300
1975 -1447.14 300
1976 -1447.8 300
1977 -1448.3066666666666 300
1978 -1449.13 300
1979 -1449.32 300
1980 -1449.08 300
1981 -1456.8233333333333 300
1982 -1447.6366666666668 300
1983 -1453.8066666666666 300
1984 -1461.3733333333332 300
1985 -1463.27 300
1986 -1462.0766666666666 300
1987 -1461.24 300
1988 -1461.0766666666666 300
1989 -1462.5233333333333 300
1990 -1461.1733333333334 300
1991 -1460.36 300
1992 -1460.1266666666668 300
1993 -1459.47 300
1994 -1459.1733333333334 300
1995 -1458.7133333333334 300
1996 -1463.14 300
1997 -1471.4733333333334 300
1998 -1473.0733333333333 300
1999 -1471.63 300
2000 -1470.75 300
2001 -1471.98 300
2002 -1471.1333333333334 300
2003 -1469.98 300
2004 -1467.2966666666666 300
2005 -1465.52 300
2006 -1465.1 300
2007 -1463.0333333333333 300
2008 -1461.88 300
2009 -1465.17 300
2010 -1464.0133333333333 300
2011 -1463.82 300
2012 -1462.7166666666667 300
2013 -1461.1766666666667 300
2014 -1460.2966666666666 300
2015 -1459.41 300
2016 -1452.7766666666666 300
2017 -1440.6133333333332 300
2018 -1435.8733333333332 300
2019 -1436.6633333333334 300
2020 -1437.1733333333334 300
2021 -1437.8433333333332 300
2022 -1437.6866666666667 300
2023 -1438.97 300
2024 -1439.4333333333334 300
2025 -1439.4566666666667 300
2026 -1439.37 300
2027 -1440.1 300
2028 -1440.9366666666667 300
2029 -1442.1666666666667 300
2030 -1443.69 300
2031 -1444.94 300
2032 -1445.5033333333333 300
2033 -1445.9566666666667 300
2034 -1441.3366666666666 300
2035 -1442.0 300
2036 -1442.4666666666667 300
2037 -1442.7266666666667 300
2038 -1442.6966666666667 300
2039 -1442.3933333333334 300
2040 -1442.6166666666666 300
2041 -1442.4333333333334 300
2042 -1442.8666666666666 300
2043 -1442.8733333333332 300
2044 -1443.59 300
2045 -1443.6566666666668 300
2046 -1443.61 300
2047 -1443.8866666666668 300
2048 -1444.1766666666667 300
2049 -1446.84 300
2050 -1453.7633333333333 300
2051 -1454.1433333333334 300
2052 -1453.8066666666666 300
2053 -1454.15 300
2054 -1454.0833333333333 300
2055 -1454.0533333333333 300
2056 -1454.2666666666667 300
2057 -1459.7766666666666 300
2058 -1469.92 300
2059 -1469.1566666666668 300
2060 -1468.2833333333333 300
2061 -1468.06 300
2062 -1473.0966666666666 300
2063 -1473.2566666666667 300
2064 -1482.1766666666667 300
2065 -1478.1333333333334 300
2066 -1472.5333333333333 300
2067 -1472.9966666666667 300
2068 -1474.1433333333334 300
2069 -1474.07 300
2070 -1475.7033333333334 300
2071 -1478.4366666666667 300
2072 -1477.9033333333334 300
2073 -1476.7966666666666 300
2074 -1476.1333333333334 300
2075 -1474.4066666666668 300
2076 -1473.1266666666668 300
2077 -1471.0033333333333 300
2078 -1471.01 300
2079 -1470.0533333333333 300
2080 -1466.4966666666667 300
2081 -1467.0833333333333 300
2082 -1459.3433333333332 300
2083 -1446.83 300
2084 -1449.2066666666667 300
2085 -1452.01 300
2086 -1455.1333333333334 300
2087 -1458.89 300
2088 -1464.0733333333333 300
2089 -1461.6033333333332 300
2090 -1461.4733333333334 300
2091 -1461.6166666666666 300
2092 -1462.3466666666666 300
2093 -1462.59 300
2094 -1461.85 300
2095 -1461.8033333333333 300
2096 -1462.6233333333332 300
2097 -1462.5966666666666 300
2098 -1463.23 300
2099 -1462.1933333333334 300
2100 -1460.44 300
2101 -1459.71 300
2102 -1460.06 300
2103 -1459.72 300
2104 -1464.19 300
2105 -1464.1366666666668 300
2106 -1463.9433333333334 300
2107 -1464.1866666666667 300
2108 -1464.64 300
2109 -1464.56 300
2110 -1461.34 300
2111 -1461.7533333333333 300
2112 -1462.2566666666667 300
2113 -1461.3733333333332 300
2114 -1461.47 300
2115 -1464.4466666666667 300
2116 -1481.0666666666666 300
2117 -1480.78 300
2118 -1480.2666666666667 300
2119 -1479.5566666666666 300
2120 -1479.2266666666667 300
2121 -1476.32 300
2122 -1473.4166666666667 300
2123 -1473.5166666666667 300
2124 -1473.4133333333334 300
2125 -1473.6633333333334 300
2126 -1473.3 300
2127 -1468.89 300
2128 -1473.0166666666667 300
2129 -1478.2033333333334 300
2130 -1477.52 300
2131 -1485.33 300
2132 -1490.8933333333334 300
2133 -1493.6666666666667 300
2134 -1500.5666666666666 300
2135 -1497.6833333333334 300
2136 -1495.75 300
2137 -1490.6866666666667 300
2138 -1485.16 300
2139 -1481.84 300
2140 -1478.69 300
2141 -1472.26 300
2142 -1471.17 300
2143 -1471.6333333333334 300
2144 -1472.7633333333333 300
2145 -1472.5833333333333 300
2146 -1472.34 300
2147 -1466.53 300
2148 -1461.8066666666666 300
2149 -1455.9233333333334 300
2150 -1456.49 300
2151 -1461.04 300
2152 -1468.71 300
2153 -1471.59 300
2154 -1472.0266666666666 300
2155 -1471.6033333333332 300
2156 -1471.1666666666667 300
2157 -1470.09 300
2158 -1469.58 300
2159 -1469.25 300
2160 -1468.9933333333333 300
2161 -1468.39 300
2162 -1471.2933333333333 300
2163 -1471.2466666666667 300
2164 -1470.7966666666666 300
2165 -1475.0566666666666 300
2166 -1478.1933333333334 300
2167 -1481.5133333333333 300
2168 -1475.56 300
2169 -1470.36 300
2170 -1468.9 300
2171 -1470.3366666666666 300
2172 -1469.23 300
2173 -1468.5033333333333 300
2174 -1467.59 300
2175 -1467.0033333333333 300
2176 -1474.8333333333333 300
2177 -1474.8333333333333 300
2178 -1475.0933333333332 300
2179 -1474.5 300
2180 -1474.46 300
2181 -1474.1066666666666 300
2182 -1473.39 300
2183 -1478.7266666666667 300
2184 -1478.09 300
2185 -1477.06 300
2186 -1475.6733333333334 300
2187 -1474.6166666666666 300
2188 -1474.34 300
2189 -1473.57 300
2190 -1472.0633333333333 300
2191 -1471.9 300
2192 -1468.74 300
2193 -1468.5533333333333 300
2194 -1471.7466666666667 300
2195 -1471.26 300
2196 -1470.6 300
2197 -1470.5233333333333 300
2198 -1468.7433333333333 300
2199 -1460.11 300
2200 -1459.3433333333332 300
2201 -1459.4533333333334 300
2202 -1459.8033333333333 300
2203 -1459.7733333333333 300
2204 -1459.59 300
2205 -1459.5733333333333 300
2206 -1459.45 300
2207 -1459.68 300
2208 -1459.6533333333334 300
2209 -1462.9866666666667 300
2210 -1463.04 300
2211 -1462.37 300
2212 -1457.28 300
2213 -1461.1233333333332 300
2214 -1458.21 300
2215 -1457.3066666666666 300
2216 -1461.08 300
2217 -1460.6033333333332 300
2218 -1456.9666666666667 300
2219 -1457.2166666666667 300
2220 -1456.69 300
2221 -1456.48 300
2222 -1456.72 300
2223 -1456.1233333333332 300
2224 -1456.5533333333333 300
2225 -1456.2433333333333 300
2226 -1456.6333333333334 300
2227 -1456.1933333333334 300
2228 -1455.39 300
2229 -1455.66 300
2230 -1455.6933333333334 300
2231 -1455.1566666666668 300
2232 -1457.1633333333334 300
2233 -1454.94 300
2234 -1453.6066666666666 300
2235 -1453.8566666666666 300
2236 -1454.2866666666666 300
2237 -1454.2766666666666 300
2238 -1453.76 300
2239 -1453.6866666666667 300
2240 -1453.4433333333334 300
2241 -1453.49 300
2242 -1453.7 300
2243 -1453.9033333333334 300
2244 -1459.38 300
2245 -1459.63 300
2246 -1461.0266666666666 300
2247 -1461.4933333333333 300
2248 -1461.9333333333334 300
2249 -1459.1733333333334 300
2250 -1458.3566666666666 300
2251 -1459.8666666666666 300
2252 -1461.4766666666667 300
2253 -1461.8166666666666 300
2254 -1461.7766666666666 300
2255 -1468.5833333333333 300
2256 -1468.8433333333332 300
2257 -1468.7933333333333 300
2258 -1459.64 300
2259 -1460.08 300
2260 -1460.0433333333333 300
2261 -1459.0066666666667 300
2262 -1457.5433333333333 300
2263 -1457.1333333333334 300
2264 -1457.2866666666666 300
2265 -1457.9666666666667 300
2266 -1458.7933333333333 300
2267 -1458.9066666666668 300
2268 -1457.43 300
2269 -1450.9 300
2270 -1449.5833333333333 300
2271 -1454.1266666666668 300
2272 -1453.76 300
2273 -1453.6566666666668 300
2274 -1453.3666666666666 300
2275 -1457.12 300
2276 -1456.4 300
2277 -1456.4733333333334 300
2278 -1456.1466666666668 300
2279 -1455.6733333333334 300
2280 -1455.18 300
2281 -1454.6633333333334 300
2282 -1451.93 300
2283 -1451.3466666666666 300
2284 -1451.1966666666667 300
2285 -1451.0633333333333 300
2286 -1451.07 300
2287 -1450.9566666666667 300
2288 -1453.4966666666667 300
2289 -1453.6033333333332 300
2290 -1453.3 300
2291 -1446.13 300
2292 -1446.69 300
2293 -1446.7033333333334 300
2294 -1447.12 300
2295 -1447.73 300
2296 -1448.7133333333334 300
2297 -1448.97 300
2298 -1451.5033333333333 300
2299 -1452.43 300
2300 -1453.1266666666668 300
2301 -1452.97 300
2302 -1452.98 300
2303 -1453.8333333333333 300
2304 -1452.88 300
2305 -1452.7633333333333 300
2306 -1453.2 300
2307 -1453.0466666666666 300
2308 -1452.5366666666666 300
2309 -1452.9733333333334 300
2310 -1452.2166666666667 300
2311 -1451.8866666666668 300
2312 -1453.6066666666666 300
2313 -1455.2366666666667 300
2314 -1455.6333333333334 300
2315 -1455.3066666666666 300
2316 -1455.58 300
2317 -1455.8633333333332 300
2318 -1455.3933333333334 300
2319 -1455.1966666666667 300
2320 -1455.4266666666667 300
2321 -1454.99 300
2322 -1454.74 300
2323 -1457.3433333333332 300
2324 -1463.5266666666666 300
2325 -1461.0766666666666 300
2326 -1467.57 300
2327 -1467.91 300
2328 -1468.2866666666666 300
2329 -1479.4833333333333 300
2330 -1482.1366666666668 300
2331 -1494.7133333333334 300
2332 -1493.6433333333334 300
2333 -1489.1933333333334 300
2334 -1486.7366666666667 300
2335 -1479.5666666666666 300
2336 -1467.6666666666667 300
2337 -1456.53 300
2338 -1436.1766666666667 300
2339 -1436.4166666666667 300
2340 -1436.5166666666667 300
2341 -1437.2666666666667 300
2342 -1438.0966666666666 300
2343 -1439.3966666666668 300
2344 -1441.41 300
2345 -1444.2533333333333 300
2346 -1448.02 300
2347 -1448.1733333333334 300
2348 -1448.7033333333334 300
2349 -1450.57 300
2350 -1451.8466666666666 300
2351 -1451.9966666666667 300
2352 -1449.89 300
2353 -1448.1233333333332 300
2354 -1446.64 300
2355 -1450.5233333333333 300
2356 -1449.5433333333333 300
2357 -1448.56 300
2358 -1448.6366666666668 300
2359 -1448.07 300
2360 -1447.8866666666668 300
2361 -1446.5633333333333 300
2362 -1446.76 300
2363 -1447.2666666666667 300
2364 -1441.7566666666667 300
2365 -1442.47 300
2366 -1443.96 300
2367 -1445.7666666666667 300
2368 -1448.1766666666667 300
2369 -1451.2466666666667 300
2370 -1452.2733333333333 300
2371 -1444.7966666666666 300
2372 -1445.0566666666666 300
2373 -1445.8133333333333 300
2374 -1443.71 300
2375 -1443.59 300
2376 -1443.8366666666666 300
2377 -1444.2566666666667 300
2378 -1444.37 300
2379 -1444.7666666666667 300
2380 -1437.68 300
2381 -1436.9433333333334 300
2382 -1437.02 300
2383 -1437.4633333333334 300
2384 -1438.1466666666668 300
2385 -1439.1 300
2386 -1439.85 300
2387 -1440.52 300
2388 -1439.5233333333333 300
2389 -1440.12 300
2390 -1441.33 300
2391 -1442.0766666666666 300
2392 -1442.9 300
2393 -1443.4766666666667 300
2394 -1444.1033333333332 300
2395 -1444.9366666666667 300
2396 -1445.83 300
2397 -1446.5466666666666 300
2398 -1447.62 300
2399 -1448.3166666666666 300
2400 -1449.03 300
2401 -1449.8333333333333 300
2402 -1451.1233333333332 300
2403 -1449.73 300
2404 -1451.0166666666667 300
2405 -1450.7966666666666 300
2406 -1451.4966666666667 300
2407 -1450.9533333333334 300
2408 -1450.7533333333333 300
2409 -1449.91 300
2410 -1449.65 300
2411 -1452.3333333333333 300
2412 -1460.77 300
2413 -1461.4266666666667 300
2414 -1464.85 300
2415 -1465.17 300
2416 -1463.1 300
2417 -1462.77 300
2418 -1463.9133333333334 300
2419 -1465.1633333333334 300
2420 -1464.41 300
2421 -1464.04 300
2422 -1463.83 300
2423 -1467.8866666666668 300
2424 -1457.7966666666666 300
2425 -1452.91 300
2426 -1451.2533333333333 300
2427 -1451.0933333333332 300
2428 -1451.24 300
2429 -1451.0733333333333 300
2430 -1449.99 300
2431 -1449.44 300
2432 -1437.39 300
2433 -1438.33 300
2434 -1434.49 300
2435 -1434.85 300
2436 -1435.3133333333333 300
2437 -1436.5866666666666 300
2438 -1442.0433333333333 300
2439 -1444.4333333333334 300
2440 -1445.95 300
2441 -1450.4366666666667 300
2442 -1452.5666666666666 300
2443 -1452.7033333333334 300
2444 -1452.5733333333333 300
2445 -1453.2566666666667 300
2446 -1454.6733333333334 300
2447 -1454.82 300
2448 -1455.68 300
2449 -1458.6833333333334 300
2450 -1460.5433333333333 300
2451 -1459.49 300
2452 -1458.3 300
2453 -1458.56 300
2454 -1458.4566666666667 300
2455 -1469.4533333333334 300
2456 -1470.4666666666667 300
2457 -1473.4166666666667 300
2458 -1472.9866666666667 300
2459 -1472.88 300
2460 -1471.7 300
2461 -1474.6766666666667 300
2462 -1474.19 300
2463 -1467.2666666666667 300
2464 -1464.47 300
2465 -1463.8733333333332 300
2466 -1463.9033333333334 300
2467 -1464.1533333333334 300
2468 -1464.5766666666666 300
2469 -1464.7266666666667 300
2470 -1465.1333333333334 300
2471 -1468.3833333333334 300
2472 -1467.8466666666666 300
2473 -1467.0533333333333 300
2474 -1466.8166666666666 300
2475 -1466.2233333333334 300
2476 -1466.8933333333334 300
2477 -1466.6066666666666 300
2478 -1467.2366666666667 300
2479 -1467.32 300
2480 -1467.3766666666668 300
2481 -1467.56 300
2482 -1467.4933333333333 300
2483 -1467.9866666666667 300
2484 -1460.1466666666668 300
2485 -1460.2033333333334 300
2486 -1460.1 300
2487 -1461.02 300
2488 -1461.7666666666667 300
2489 -1463.8833333333334 300
2490 -1463.36 300
2491 -1463.4966666666667 300
2492 -1463.7833333333333 300
2493 -1464.04 300
2494 -1464.2233333333334 300
2495 -1464.5033333333333 300
2496 -1464.9566666666667 300
2497 -1464.1466666666668 300
2498 -1463.35 300
2499 -1463.37 300
2500 -1463.47 300
2501 -1473.1033333333332 300
2502 -1472.5666666666666 300
2503 -1472.32 300
2504 -1469.1733333333334 300
2505 -1468.72 300
2506 -1468.69 300
2507 -1469.8933333333334 300
2508 -1469.6633333333334 300
2509 -1469.3233333333333 300
2510 -1468.87 300
2511 -1468.2033333333334 300
2512 -1467.6133333333332 300
2513 -1468.9033333333334 300
2514 -1472.1166666666666 300
2515 -1472.0666666666666 300
2516 -1471.73 300
2517 -1468.8933333333334 300
2518 -1468.6533333333334 300
2519 -1470.0833333333333 300
2520 -1469.6733333333334 300
2521 -1469.4433333333334 300
2522 -1469.44 300
2523 -1463.0533333333333 300
2524 -1461.8233333333333 300
2525 -1459.8633333333332 300
2526 -1460.58 300
2527 -1460.7533333333333 300
2528 -1461.4066666666668 300
2529 -1464.3766666666668 300
2530 -1464.7166666666667 300
2531 -1465.0666666666666 300
2532 -1465.4433333333334 300
2533 -1465.4633333333334 300
2534 -1461.93 300
2535 -1462.07 300
2536 -1461.9033333333334 300
2537 -1462.3266666666666 300
2538 -1462.9166666666667 300
2539 -1464.09 300
2540 -1464.5533333333333 300
2541 -1465.9266666666667 300
2542 -1466.3933333333334 300
2543 -1466.61 300
2544 -1466.88 300
2545 -1466.52 300
2546 -1464.4666666666667 300
2547 -1462.13 300
2548 -1463.03 300
2549 -1463.0733333333333 300
2550 -1463.3266666666666 300
2551 -1463.46 300
2552 -1463.39 300
2553 -1468.9566666666667 300
2554 -1469.0866666666666 300
2555 -1469.0533333333333 300
2556 -1470.8233333333333 300
2557 -1470.53 300
2558 -1470.1433333333334 300
2559 -1470.1533333333334 300
2560 -1464.35 300
2561 -1464.7033333333334 300
2562 -1464.6 300
2563 -1463.7 300
2564 -1461.9466666666667 300
2565 -1461.3433333333332 300
2566 -1460.95 300
2567 -1460.4166666666667 300
2568 -1460.47 300
2569 -1460.5233333333333 300
2570 -1460.4133333333334 300
2571 -1460.1433333333334 300
2572 -1460.2066666666667 300
2573 -1460.04 300
2574 -1460.6066666666666 300
2575 -1460.6633333333334 300
2576 -1459.9566666666667 300
2577 -1459.7366666666667 300
2578 -1459.4866666666667 300
2579 -1459.49 300
2580 -1459.45 300
2581 -1459.3866666666668 300
2582 -1459.17 300
2583 -1459.4733333333334 300
2584 -1459.5766666666666 300
2585 -1459.6766666666667 300
2586 -1459.8266666666666 300
2587 -1460.3633333333332 300
2588 -1461.9433333333334 300
2589 -1461.2466666666667 300
2590 -1462.6166666666666 300
2591 -1462.5166666666667 300
2592 -1464.0666666666666 300
2593 -1466.7333333333333 300
2594 -1467.0733333333333 300
2595 -1466.9833333333333 300
2596 -1466.9433333333334 300
2597 -1469.3833333333334 300
2598 -1466.4433333333334 300
2599 -1469.4133333333334 300
2600 -1469.62 300
2601 -1469.3433333333332 300
2602 -1468.9266666666667 300
2603 -1468.2 300
2604 -1468.5466666666666 300
2605 -1469.9233333333334 300
2606 -1470.78 300
2607 -1469.74 300
2608 -1469.1766666666667 300
2609 -1470.7066666666667 300
2610 -1470.8266666666666 300
2611 -1470.45 300
2612 -1470.2133333333334 300
2613 -1478.0633333333333 300
2614 -1477.88 300
2615 -1474.6166666666666 300
2616 -1474.31 300
2617 -1474.42 300
2618 -1473.7133333333334 300
2619 -1473.3266666666666 300
2620 -1472.8166666666666 300
2621 -1472.1133333333332 300
2622 -1471.2 300
2623 -1470.55 300
2624 -1473.17 300
2625 -1472.5566666666666 300
2626 -1471.8933333333334 300
2627 -1471.0633333333333 300
2628 -1470.3033333333333 300
2629 -1466.3866666666668 300
2630 -1466.5033333333333 300
2631 -1466.1266666666668 300
2632 -1465.4033333333334 300
2633 -1465.6233333333332 300
2634 -1465.16 300
2635 -1464.8 300
2636 -1464.6033333333332 300
2637 -1463.7333333333333 300
2638 -1463.8633333333332 300
2639 -1463.54 300
2640 -1463.5366666666666 300
2641 -1463.4433333333334 300
2642 -1463.59 300
2643 -1463.2366666666667 300
2644 -1463.32 300
2645 -1463.35 300
2646 -1463.2233333333334 300
2647 -1463.0933333333332 300
2648 -1463.3766666666668 300
2649 -1462.9566666666667 300
2650 -1463.0 300
2651 -1462.7066666666667 300
2652 -1465.3633333333332 300
2653 -1465.5366666666666 300
2654 -1465.5666666666666 300
2655 -1465.73 300
2656 -1466.05 300
2657 -1469.71 300
2658 -1461.7166666666667 300
2659 -1462.2966666666666 300
2660 -1469.0433333333333 300
2661 -1469.7433333333333 300
2662 -1465.1266666666668 300
2663 -1464.1166666666666 300
2664 -1463.82 300
2665 -1464.0 300
2666 -1463.9233333333334 300
2667 -1462.6833333333334 300
2668 -1462.7133333333334 300
2669 -1463.06 300
2670 -1462.6533333333334 300
2671 -1465.2566666666667 300
2672 -1471.2533333333333 300
2673 -1477.2 300
2674 -1476.6366666666668 300
2675 -1476.2366666666667 300
2676 -1475.8266666666666 300
2677 -1475.56 300
2678 -1479.5266666666666 300
2679 -1479.5366666666666 300
2680 -1490.0133333333333 300
2681 -1487.1766666666667 300
2682 -1482.6466666666668 300
2683 -1474.2733333333333 300
2684 -1474.6633333333334 300
2685 -1474.5066666666667 300
2686 -1474.7666666666667 300
2687 -1475.27 300
2688 -1475.6733333333334 300
2689 -1467.1233333333332 300
2690 -1466.7466666666667 300
2691 -1466.7866666666666 300
2692 -1467.0766666666666 300
2693 -1466.9833333333333 300
2694 -1468.0533333333333 300
2695 -1469.3633333333332 300
2696 -1468.9833333333333 300
2697 -1461.6833333333334 300
2698 -1460.7866666666666 300
2699 -1462.8666666666666 300
2700 -1453.0266666666666 300
2701 -1453.9766666666667 300
2702 -1456.52 300
2703 -1455.42 300
2704 -1455.1333333333334 300
2705 -1456.84 300
2706 -1459.4466666666667 300
2707 -1460.4366666666667 300
2708 -1461.8466666666666 300
2709 -1456.8633333333332 300
2710 -1458.7266666666667 300
2711 -1456.8933333333334 300
2712 -1455.18 300
2713 -1455.17 300
2714 -1455.7433333333333 300
2715 -1455.8866666666668 300
2716 -1455.9466666666667 300
2717 -1455.9133333333334 300
2718 -1458.1533333333334 300
2719 -1456.79 300
2720 -1456.17 300
2721 -1456.6266666666668 300
2722 -1456.7666666666667 300
2723 -1457.4566666666667 300
2724 -1457.13 300
2725 -1457.4166666666667 300
2726 -1456.6533333333334 300
2727 -1456.94 300
2728 -1456.77 300
2729 -1457.26 300
2730 -1457.85 300
2731 -1458.1833333333334 300
2732 -1458.53 300
2733 -1460.85 300
2734 -1461.3533333333332 300
2735 -1459.4266666666667 300
2736 -1462.65 300
2737 -1455.9066666666668 300
2738 -1456.6966666666667 300
2739 -1456.1866666666667 300
2740 -1458.2233333333334 300
2741 -1459.5066666666667 300
2742 -1462.1066666666666 300
2743 -1463.8766666666668 300
2744 -1464.3033333333333 300
2745 -1463.35 300
2746 -1463.6833333333334 300
2747 -1463.7233333333334 300
2748 -1463.73 300
2749 -1467.85 300
2750 -1474.7333333333333 300
2751 -1476.8533333333332 300
2752 -1475.83 300
2753 -1475.2233333333334 300
2754 -1475.33 300
2755 -1476.76 300
2756 -1475.1133333333332 300
2757 -1474.95 300
2758 -1476.6933333333334 300
2759 -1475.37 300
2760 -1474.5633333333333 300
2761 -1474.6 300
2762 -1473.06 300
2763 -1472.9933333333333 300
2764 -1471.7066666666667 300
2765 -1470.4633333333334 300
2766 -1471.2366666666667 300
2767 -1469.48 300
2768 -1467.2866666666666 300
2769 -1457.9 300
2770 -1458.61 300
2771 -1458.4766666666667 300
2772 -1458.32 300
2773 -1458.39 300
2774 -1459.9266666666667 300
2775 -1460.2533333333333 300
2776 -1456.6233333333332 300
2777 -1450.7966666666666 300
2778 -1451.2266666666667 300
2779 -1451.95 300
2780 -1452.2966666666666 300
2781 -1452.61 300
2782 -1453.74 300
2783 -1454.8633333333332 300
2784 -1455.56 300
2785 -1456.14 300
2786 -1456.4533333333334 300
2787 -1457.6033333333332 300
2788 -1457.4666666666667 300
2789 -1457.94 300
2790 -1458.1233333333332 300
2791 -1458.6033333333332 300
2792 -1459.13 300
2793 -1459.22 300
2794 -1459.4266666666667 300
2795 -1460.2433333333333 300
2796 -1460.68 300
2797 -1460.7566666666667 300
2798 -1460.8266666666666 300
2799 -1460.81 300
2800 -1460.74 300
2801 -1460.8566666666666 300
2802 -1458.14 300
2803 -1458.45 300
2804 -1458.5966666666666 300
2805 -1459.1866666666667 300
2806 -1459.07 300
2807 -1459.3233333333333 300
2808 -1459.3233333333333 300
2809 -1459.41 300
2810 -1462.8866666666668 300
2811 -1463.1133333333332 300
2812 -1464.12 300
2813 -1465.8166666666666 300
2814 -1467.1833333333334 300
2815 -1466.3866666666668 300
2816 -1466.5333333333333 300
2817 -1467.4533333333334 300
2818 -1467.2233333333334 300
2819 -1465.9866666666667 300
2820 -1462.0666666666666 300
2821 -1461.2266666666667 300
2822 -1460.9933333333333 300
2823 -1460.2766666666666 300
2824 -1459.9033333333334 300
2825 -1459.75 300
2826 -1460.2233333333334 300
2827 -1460.0433333333333 300
2828 -1459.8033333333333 300
2829 -1461.3733333333332 300
2830 -1462.1933333333334 300
2831 -1461.8433333333332 300
2832 -1461.3666666666666 300
2833 -1461.3366666666666 300
2834 -1461.7333333333333 300
2835 -1461.9333333333334 300
2836 -1463.08 300
2837 -1463.4333333333334 300
2838 -1463.66 300
2839 -1464.2333333333333 300
2840 -1464.76 300
2841 -1465.15 300
2842 -1465.0966666666666 300
2843 -1465.6066666666666 300
2844 -1465.4833333333333 300
2845 -1465.2433333333333 300
2846 -1467.8966666666668 300
2847 -1467.7 300
2848 -1467.4033333333334 300
2849 -1468.16 300
2850 -1468.1666666666667 300
2851 -1469.03 300
2852 -1470.7033333333334 300
2853 -1470.1266666666668 300
2854 -1471.1233333333332 300
2855 -1470.6266666666668 300
2856 -1470.4666666666667 300
2857 -1472.4533333333334 300
2858 -1472.1866666666667 300
2859 -1475.1733333333334 300
2860 -1474.4033333333334 300
2861 -1473.8233333333333 300
2862 -1473.5666666666666 300
2863 -1472.3066666666666 300
2864 -1472.6 300
2865 -1471.84 300
2866 -1471.2 300
2867 -1470.33 300
2868 -1469.8166666666666 300
2869 -1469.5666666666666 300
2870 -1469.15 300
2871 -1471.2866666666666 300
2872 -1470.4966666666667 300
2873 -1469.97 300
2874 -1469.6066666666666 300
2875 -1469.3433333333332 300
2876 -1470.7066666666667 300
2877 -1468.0833333333333 300
2878 -1468.9633333333334 300
2879 -1468.2433333333333 300
2880 -1467.77 300
2881 -1467.67 300
2882 -1467.7333333333333 300
2883 -1468.0966666666666 300
2884 -1468.46 300
2885 -1468.5233333333333 300
2886 -1469.2533333333333 300
2887 -1469.8666666666666 300
2888 -1469.88 300
2889 -1470.1333333333334 300
2890 -1470.4466666666667 300
2891 -1470.97 300
2892 -1471.3033333333333 300
2893 -1472.7533333333333 300
2894 -1473.3766666666668 300
2895 -1473.08 300
2896 -1471.2466666666667 300
2897 -1470.3166666666666 300
2898 -1471.9633333333334 300
2899 -1471.82 300
2900 -1471.7166666666667 300
2901 -1471.2933333333333 300
2902 -1471.35 300
2903 -1470.9533333333334 300
2904 -1470.67 300
2905 -1472.2766666666666 300
2906 -1473.28 300
2907 -1467.08 300
2908 -1462.5233333333333 300
2909 -1466.8233333333333 300
2910 -1466.74 300
2911 -1466.8033333333333 300
2912 -1462.1366666666668 300
2913 -1462.4333333333334 300
2914 -1462.07 300
2915 -1462.35 300
2916 -1462.86 300
2917 -1463.4 300
2918 -1465.1266666666668 300
2919 -1462.6733333333334 300
2920 -1464.56 300
2921 -1464.65 300
2922 -1465.2466666666667 300
2923 -1465.1866666666667 300
2924 -1465.7533333333333 300
2925 -1466.12 300
2926 -1466.24 300
2927 -1460.4966666666667 300
2928 -1460.4733333333334 300
2929 -1461.3333333333333 300
2930 -1461.92 300
2931 -1462.5166666666667 300
2932 -1463.2533333333333 300
2933 -1463.6266666666668 300
2934 -1464.6166666666666 300
2935 -1465.4366666666667 300
2936 -1465.4033333333334 300
2937 -1466.65 300
2938 -1466.9733333333334 300
2939 -1462.6266666666668 300
2940 -1464.0966666666666 300
2941 -1464.9566666666667 300
2942 -1465.3466666666666 300
2943 -1468.2133333333334 300
2944 -1466.0366666666666 300
2945 -1473.8966666666668 300
2946 -1473.2333333333333 300
2947 -1472.27 300
2948 -1473.0466666666666 300
2949 -1472.25 300
2950 -1471.7333333333333 300
2951 -1471.3533333333332 300
2952 -1470.5666666666666 300
2953 -1470.47 300
2954 -1468.2066666666667 300
2955 -1465.8466666666666 300
2956 -1466.5466666666666 300
2957 -1455.1266666666668 300
2958 -1455.2 300
2959 -1456.9366666666667 300
2960 -1458.0133333333333 300
2961 -1458.0966666666666 300
2962 -1457.5 300
2963 -1457.56 300
2964 -1458.1166666666666 300
2965 -1458.0433333333333 300
2966 -1458.6366666666668 300
2967 -1456.26 300
2968 -1456.1033333333332 300
2969 -1456.1333333333334 300
2970 -1456.3566666666666 300
2971 -1456.5133333333333 300
2972 -1457.0766666666666 300
2973 -1456.74 300
2974 -1456.9666666666667 300
2975 -1457.24 300
2976 -1456.9933333333333 300
2977 -1457.3466666666666 300
2978 -1457.5966666666666 300
2979 -1455.9833333333333 300
2980 -1457.6933333333334 300
2981 -1458.3333333333333 300
2982 -1458.5833333333333 300
2983 -1458.65 300
2984 -1459.41 300
2985 -1459.6666666666667 300
2986 -1460.4633333333334 300
2987 -1462.91 300
2988 -1461.8666666666666 300
2989 -1463.6633333333334 300
2990 -1465.1333333333334 300
2991 -1467.5833333333333 300
2992 -1471.15 300
2993 -1471.2766666666666 300
2994 -1471.68 300
2995 -1473.1066666666666 300
2996 -1471.35 300
2997 -1463.05 300
2998 -1462.98 300
2999 -1463.7433333333333 300
3000 -1464.19 300
3001 -1464.2333333333333 300
3002 -1465.0666666666666 300
3003 -1465.2466666666667 300
3004 -1465.1433333333334 300
3005 -1465.1933333333334 300
3006 -1464.5633333333333 300
3007 -1465.26 300
3008 -1465.3733333333332 300
3009 -1465.0566666666666 300
3010 -1465.0366666666666 300
3011 -1464.9733333333334 300
3012 -1465.5466666666666 300
3013 -1465.1733333333334 300
3014 -1467.24 300
3015 -1466.8133333333333 300
3016 -1466.5833333333333 300
3017 -1465.8 300
3018 -1465.4566666666667 300
3019 -1462.5166666666667 300
3020 -1461.3933333333334 300
3021 -1461.1066666666666 300
3022 -1460.9466666666667 300
3023 -1460.51 300
3024 -1460.4533333333334 300
3025 -1460.7866666666666 300
3026 -1461.2733333333333 300
3027 -1461.3466666666666 300
3028 -1463.02 300
3029 -1462.49 300
3030 -1462.18 300
3031 -1462.1666666666667 300
3032 -1462.5833333333333 300
3033 -1462.5 300
3034 -1462.19 300
3035 -1462.85 300
3036 -1463.2966666666666 300
3037 -1463.7033333333334 300
3038 -1464.1633333333334 300
3039 -1464.6333333333334 300
3040 -1464.8533333333332 300
3041 -1464.8866666666668 300
3042 -1465.3066666666666 300
3043 -1465.51 300
3044 -1465.72 300
3045 -1465.7266666666667 300
3046 -1465.4533333333334 300
3047 -1465.4633333333334 300
3048 -1465.1833333333334 300
3049 -1465.36 300
3050 -1468.6633333333334 300
3051 -1468.58 300
3052 -1468.46 300
3053 -1468.3333333333333 300
3054 -1468.2766666666666 300
3055 -1468.2866666666666 300
3056 -1468.21 300
3057 -1468.0433333333333 300
3058 -1467.78 300
3059 -1470.87 300
3060 -1470.77 300
3061 -1470.5866666666666 300
3062 -1470.2233333333334 300
3063 -1470.0933333333332 300
3064 -1469.9366666666667 300
3065 -1469.79 300
3066 -1469.5433333333333 300
3067 -1469.5433333333333 300
3068 -1471.54 300
3069 -1472.3166666666666 300
3070 -1470.9633333333334 300
3071 -1470.96 300
3072 -1470.6566666666668 300
3073 -1470.6566666666668 300
3074 -1470.4033333333334 300
3075 -1470.04 300
3076 -1470.0 300
3077 -1469.9366666666667 300
3078 -1469.4633333333334 300
3079 -1469.2566666666667 300
3080 -1470.4533333333334 300
3081 -1470.5166666666667 300
3082 -1470.7566666666667 300
3083 -1469.86 300
3084 -1469.8 300
3085 -1469.03 300
3086 -1468.57 300
3087 -1467.7033333333334 300
3088 -1467.53 300
3089 -1467.65 300
3090 -1470.2766666666666 300
3091 -1469.5366666666666 300
3092 -1469.5 300
3093 -1469.5866666666666 300
3094 -1469.13 300
3095 -1470.06 300
3096 -1470.21 300
3097 -1470.1233333333332 300
3098 -1470.05 300
3099 -1469.6233333333332 300
3100 -1469.5533333333333 300
3101 -1469.3266666666666 300
3102 -1469.4366666666667 300
3103 -1469.2633333333333 300
3104 -1473.7533333333333 300
3105 -1474.3266666666666 300
3106 -1474.0533333333333 300
3107 -1474.2433333333333 300
3108 -1474.9233333333334 300
3109 -1475.3633333333332 300
3110 -1476.7833333333333 300
3111 -1476.9033333333334 300
3112 -1476.6966666666667 300
3113 -1477.3433333333332 300
3114 -1478.11 300
3115 -1478.5733333333333 300
3116 -1478.7 300
3117 -1479.1966666666667 300
3118 -1478.7933333333333 300
3119 -1478.1 300
3120 -1478.14 300
3121 -1478.6 300
3122 -1478.83 300
3123 -1479.37 300
3124 -1476.9833333333333 300
3125 -1477.8133333333333 300
3126 -1477.8866666666668 300
3127 -1477.7333333333333 300
3128 -1477.7333333333333 300
3129 -1477.1366666666668 300
3130 -1477.4866666666667 300
3131 -1477.3333333333333 300
3132 -1477.47 300
3133 -1476.94 300
3134 -1476.27 300
3135 -1476.4166666666667 300
3136 -1476.75 300
3137 -1477.2366666666667 300
3138 -1474.2533333333333 300
3139 -1479.05 300
3140 -1478.71 300
3141 -1477.9266666666667 300
3142 -1478.27 300
3143 -1478.4633333333334 300
3144 -1478.16 300
3145 -1472.77 300
3146 -1473.0366666666666 300
3147 -1472.56 300
3148 -1472.04 300
3149 -1471.7966666666666 300
3150 -1467.0766666666666 300
3151 -1467.5466666666666 300
3152 -1467.8833333333334 300
3153 -1467.8233333333333 300
3154 -1468.2966666666666 300
3155 -1471.7 300
3156 -1477.2233333333334 300
3157 -1475.7066666666667 300
3158 -1475.8933333333334 300
3159 -1475.92 300
3160 -1476.16 300
3161 -1476.5066666666667 300
3162 -1476.8133333333333 300
3163 -1471.8433333333332 300
3164 -1471.01 300
3165 -1471.8833333333334 300
3166 -1472.4466666666667 300
3167 -1475.2233333333334 300
3168 -1474.54 300
3169 -1474.6833333333334 300
3170 -1474.8333333333333 300
3171 -1475.0433333333333 300
3172 -1475.3633333333332 300
3173 -1476.04 300
3174 -1481.5833333333333 300
3175 -1482.2566666666667 300
3176 -1482.4166666666667 300
3177 -1483.1133333333332 300
3178 -1483.3866666666668 300
3179 -1483.62 300
3180 -1483.7866666666666 300
3181 -1483.9866666666667 300
3182 -1483.4433333333334 300
3183 -1483.0633333333333 300
3184 -1488.3233333333333 300
3185 -1487.0 300
3186 -1485.7933333333333 300
3187 -1485.39 300
3188 -1484.75 300
3189 -1484.5666666666666 300
3190 -1484.4033333333334 300
3191 -1484.8766666666668 300
3192 -1482.95 300
3193 -1482.79 300
3194 -1482.79 300
3195 -1483.0 300
3196 -1482.4866666666667 300
3197 -1482.4266666666667 300
3198 -1482.6833333333334 300
3199 -1482.9433333333334 300
3200 -1483.1033333333332 300
3201 -1483.7466666666667 300
3202 -1483.3366666666666 300
3203 -1483.9433333333334 300
3204 -1483.67 300
3205 -1483.4633333333334 300
3206 -1483.35 300
3207 -1483.9533333333334 300
3208 -1483.9333333333334 300
3209 -1484.6133333333332 300
3210 -1484.86 300
3211 -1484.6333333333334 300
3212 -1489.1333333333334 300
3213 -1488.31 300
3214 -1488.6266666666668 300
3215 -1489.35 300
3216 -1489.29 300
3217 -1490.2066666666667 300
3218 -1490.42 300
3219 -1490.26 300
3220 -1486.97 300
3221 -1486.4566666666667 300
3222 -1486.65 300
3223 -1489.8433333333332 300
3224 -1489.5833333333333 300
3225 -1484.9933333333333 300
3226 -1485.73 300
3227 -1486.0133333333333 300
3228 -1482.5133333333333 300
3229 -1482.1666666666667 300
3230 -1482.8566666666666 300
3231 -1483.29 300
3232 -1479.2766666666666 300
3233 -1478.5733333333333 300
3234 -1473.0 300
3235 -1469.04 300
3236 -1469.88 300
3237 -1475.51 300
3238 -1474.7966666666666 300
3239 -1475.3433333333332 300
3240 -1475.6833333333334 300
3241 -1479.6566666666668 300
3242 -1482.9266666666667 300
3243 -1482.9866666666667 300
3244 -1482.5366666666666 300
3245 -1485.07 300
3246 -1485.37 300
3247 -1478.0933333333332 300
3248 -1475.98 300
3249 -1473.4533333333334 300
3250 -1474.37 300
3251 -1475.0566666666666 300
3252 -1476.58 300
3253 -1477.4966666666667 300
3254 -1479.3033333333333 300
3255 -1481.28 300
3256 -1483.8233333333333 300
3257 -1485.1566666666668 300
3258 -1476.42 300
3259 -1480.66 300
3260 -1479.3966666666668 300
3261 -1479.3133333333333 300
3262 -1479.43 300
3263 -1482.46 300
3264 -1483.08 300
3265 -1483.3733333333332 300
3266 -1483.45 300
3267 -1483.3266666666666 300
3268 -1482.76 300
3269 -1482.5333333333333 300
3270 -1482.07 300
3271 -1481.5133333333333 300
3272 -1481.2666666666667 300
3273 -1481.1466666666668 300
3274 -1481.1766666666667 300
3275 -1480.8366666666666 300
3276 -1480.4233333333334 300
3277 -1481.3033333333333 300
3278 -1481.0333333333333 300
3279 -1481.1733333333334 300
3280 -1481.1733333333334 300
3281 -1483.2833333333333 300
3282 -1483.9066666666668 300
3283 -1487.0666666666666 300
3284 -1487.5433333333333 300
3285 -1487.0666666666666 300
3286 -1487.9 300
3287 -1489.0333333333333 300
3288 -1490.45 300
3289 -1491.1766666666667 300
3290 -1490.92 300
3291 -1490.49 300
3292 -1487.5133333333333 300
3293 -1488.6133333333332 300
3294 -1488.5533333333333 300
3295 -1488.4533333333334 300
3296 -1488.5233333333333 300
3297 -1488.7066666666667 300
3298 -1488.5866666666666 300
3299 -1488.0333333333333 300
3300 -1486.58 300
3301 -1485.57 300
3302 -1485.7566666666667 300
3303 -1485.5266666666666 300
3304 -1490.2 300
3305 -1489.2566666666667 300
3306 -1489.1933333333334 300
3307 -1487.81 300
3308 -1486.2466666666667 300
3309 -1485.8966666666668 300
3310 -1489.3666666666666 300
3311 -1490.1033333333332 300
3312 -1488.6566666666668 300
3313 -1487.93 300
3314 -1486.2666666666667 300
3315 -1485.2933333333333 300
3316 -1485.1366666666668 300
3317 -1485.7766666666666 300
3318 -1483.9666666666667 300
3319 -1483.3733333333332 300
3320 -1482.5966666666666 300
3321 -1483.0433333333333 300
3322 -1483.6933333333334 300
3323 -1484.02 300
3324 -1483.97 300
3325 -1485.82 300
3326 -1485.17 300
3327 -1485.8933333333334 300
3328 -1486.1866666666667 300
3329 -1486.4533333333334 300
3330 -1490.2233333333334 300
3331 -1489.6566666666668 300
3332 -1489.6866666666667 300
3333 -1489.5833333333333 300
3334 -1488.6766666666667 300
3335 -1487.3333333333333 300
3336 -1489.64 300
3337 -1489.29 300
3338 -1489.41 300
3339 -1489.2866666666666 300
3340 -1488.95 300
3341 -1488.0533333333333 300
3342 -1491.3033333333333 300
3343 -1490.09 300
3344 -1489.8033333333333 300
3345 -1490.1066666666666 300
3346 -1489.6866666666667 300
3347 -1489.9866666666667 300
3348 -1490.6433333333334 300
3349 -1490.22 300
3350 -1491.12 300
3351 -1491.0766666666666 300
3352 -1490.96 300
3353 -1490.4133333333334 300
3354 -1490.5966666666666 300
3355 -1490.0933333333332 300
3356 -1489.5466666666666 300
3357 -1488.8433333333332 300
3358 -1488.8666666666666 300
3359 -1488.6866666666667 300
3360 -1490.5666666666666 300
3361 -1490.04 300
3362 -1489.7866666666666 300
3363 -1488.5166666666667 300
3364 -1487.5333333333333 300
3365 -1487.6233333333332 300
3366 -1487.65 300
3367 -1487.2133333333334 300
3368 -1487.5966666666666 300
3369 -1488.8033333333333 300
3370 -1485.9766666666667 300
3371 -1485.6766666666667 300
3372 -1486.7933333333333 300
3373 -1486.64 300
3374 -1487.44 300
3375 -1487.55 300
3376 -1488.62 300
3377 -1487.74 300
3378 -1486.2966666666666 300
3379 -1486.69 300
3380 -1486.33 300
3381 -1485.97 300
3382 -1488.14 300
3383 -1487.7033333333334 300
3384 -1484.4166666666667 300
3385 -1483.83 300
3386 -1483.5766666666666 300
3387 -1483.79 300
3388 -1483.2333333333333 300
3389 -1485.6833333333334 300
3390 -1485.67 300
3391 -1486.16 300
3392 -1484.12 300
3393 -1484.94 300
3394 -1477.4133333333334 300
3395 -1476.0833333333333 300
3396 -1472.3366666666666 300
3397 -1467.88 300
3398 -1469.03 300
3399 -1468.5266666666666 300
3400 -1464.6633333333334 300
3401 -1466.33 300
3402 -1463.8366666666666 300
3403 -1469.3933333333334 300
3404 -1469.4866666666667 300
3405 -1470.06 300
3406 -1471.31 300
3407 -1471.71 300
3408 -1473.1233333333332 300
3409 -1476.34 300
3410 -1477.5466666666666 300
3411 -1479.3166666666666 300
3412 -1479.3766666666668 300
3413 -1480.47 300
3414 -1482.84 300
3415 -1484.2733333333333 300
3416 -1485.45 300
3417 -1484.1066666666666 300
3418 -1483.9733333333334 300
3419 -1484.6933333333334 300
3420 -1483.09 300
3421 -1483.7066666666667 300
3422 -1482.3966666666668 300
3423 -1482.88 300
3424 -1484.18 300
3425 -1483.4 300
3426 -1485.9966666666667 300
3427 -1484.6766666666667 300
3428 -1481.9366666666667 300
3429 -1483.0833333333333 300
3430 -1481.6433333333334 300
3431 -1484.2233333333334 300
3432 -1484.3133333333333 300
3433 -1483.3466666666666 300
3434 -1483.4166666666667 300
3435 -1483.0833333333333 300
3436 -1480.7 300
3437 -1476.9933333333333 300
3438 -1476.5666666666666 300
3439 -1477.3266666666666 300
3440 -1484.16 300
3441 -1483.97 300
3442 -1483.9166666666667 300
3443 -1483.5 300
3444 -1479.73 300
3445 -1479.0333333333333 300
3446 -1478.5433333333333 300
3447 -1479.3233333333333 300
3448 -1479.9333333333334 300
3449 -1479.4066666666668 300
3450 -1479.73 300
3451 -1479.5366666666666 300
3452 -1479.47 300
3453 -1479.63 300
3454 -1479.7466666666667 300
3455 -1479.4933333333333 300
3456 -1479.4266666666667 300
3457 -1476.8766666666668 300
3458 -1482.61 300
3459 -1487.37 300
3460 -1487.34 300
3461 -1486.35 300
3462 -1486.19 300
3463 -1485.8866666666668 300
3464 -1485.6533333333334 300
3465 -1485.8333333333333 300
3466 -1485.57 300
3467 -1485.5133333333333 300
3468 -1485.1266666666668 300
3469 -1484.8966666666668 300
3470 -1483.18 300
3471 -1481.8866666666668 300
3472 -1482.39 300
3473 -1482.7366666666667 300
3474 -1483.3233333333333 300
3475 -1479.2933333333333 300
3476 -1478.2266666666667 300
3477 -1478.0966666666666 300
3478 -1477.6866666666667 300
3479 -1477.8133333333333 300
3480 -1476.9666666666667 300
3481 -1474.6733333333334 300
3482 -1474.8866666666668 300
3483 -1472.75 300
3484 -1472.1033333333332 300
3485 -1470.21 300
3486 -1469.2333333333333 300
3487 -1468.94 300
3488 -1469.12 300
3489 -1468.8333333333333 300
3490 -1468.6233333333332 300
3491 -1468.1633333333334 300
3492 -1468.6533333333334 300
3493 -1470.5833333333333 300
3494 -1470.5 300
3495 -1470.81 300
3496 -1471.3033333333333 300
3497 -1472.6566666666668 300
3498 -1472.6566666666668 300
3499 -1473.4166666666667 300
3500 -1473.5133333333333 300
3501 -1474.5333333333333 300
3502 -1474.1266666666668 300
3503 -1474.28 300
3504 -1473.8766666666668 300
3505 -1466.2433333333333 300
3506 -1465.34 300
3507 -1467.9766666666667 300
3508 -1471.21 300
3509 -1471.9533333333334 300
3510 -1472.0066666666667 300
3511 -1472.4966666666667 300
3512 -1472.7933333333333 300
3513 -1474.96 300
3514 -1474.9233333333334 300
3515 -1475.3266666666666 300
3516 -1475.86 300
3517 -1476.5933333333332 300
3518 -1479.91 300
3519 -1480.9466666666667 300
3520 -1481.4366666666667 300
3521 -1481.8666666666666 300
3522 -1482.2133333333334 300
3523 -1482.7333333333333 300
3524 -1482.75 300
3525 -1483.2366666666667 300
3526 -1483.4733333333334 300
3527 -1483.05 300
3528 -1483.0533333333333 300
3529 -1481.3166666666666 300
3530 -1483.6866666666667 300
3531 -1484.1666666666667 300
3532 -1483.74 300
3533 -1483.4633333333334 300
3534 -1483.4566666666667 300
3535 -1483.47 300
3536 -1478.8733333333332 300
3537 -1477.8533333333332 300
3538 -1477.61 300
3539 -1476.76 300
3540 -1476.9566666666667 300
3541 -1475.8266666666666 300
3542 -1474.73 300
3543 -1474.2133333333334 300
3544 -1473.7633333333333 300
3545 -1474.34 300
3546 -1472.43 300
3547 -1475.3033333333333 300
3548 -1476.3266666666666 300
3549 -1472.62 300
3550 -1472.44 300
3551 -1475.8133333333333 300
3552 -1476.0533333333333 300
3553 -1475.03 300
3554 -1475.2766666666666 300
3555 -1474.2766666666666 300
3556 -1474.7733333333333 300
3557 -1474.5633333333333 300
3558 -1475.6733333333334 300
3559 -1477.31 300
3560 -1477.5633333333333 300
3561 -1477.03 300
3562 -1477.3633333333332 300
3563 -1477.2866666666666 300
3564 -1477.2366666666667 300
3565 -1476.88 300
3566 -1485.8666666666666 300
3567 -1486.6466666666668 300
3568 -1486.3066666666666 300
3569 -1484.0333333333333 300
3570 -1483.0933333333332 300
3571 -1490.61 300
3572 -1489.8666666666666 300
3573 -1488.4633333333334 300
3574 -1488.5166666666667 300
3575 -1488.5 300
3576 -1486.3133333333333 300
3577 -1485.2533333333333 300
3578 -1487.68 300
3579 -1485.43 300
3580 -1483.9133333333334 300
3581 -1481.83 300
3582 -1484.8566666666666 300
3583 -1482.8533333333332 300
3584 -1482.6566666666668 300
3585 -1481.8433333333332 300
3586 -1480.9866666666667 300
3587 -1480.4633333333334 300
3588 -1480.19 300
3589 -1479.64 300
3590 -1478.5 300
3591 -1478.0 300
3592 -1477.7 300
3593 -1477.8266666666666 300
3594 -1477.78 300
3595 -1477.4666666666667 300
3596 -1478.86 300
3597 -1478.2666666666667 300
3598 -1477.7533333333333 300
3599 -1477.9533333333334 300
3600 -1476.9966666666667 300
3601 -1476.75 300
3602 -1476.4266666666667 300
3603 -1477.44 300
3604 -1477.63 300
3605 -1477.9133333333334 300
3606 -1478.0533333333333 300
3607 -1477.7633333333333 300
3608 -1479.6433333333334 300
3609 -1480.57 300
3610 -1480.1933333333334 300
3611 -1479.0433333333333 300
3612 -1478.67 300
3613 -1478.7833333333333 300
3614 -1478.7933333333333 300
3615 -1477.2966666666666 300
3616 -1483.0533333333333 300
3617 -1482.1333333333334 300
3618 -1482.1033333333332 300
3619 -1482.2833333333333 300
3620 -1481.9766666666667 300
3621 -1481.7333333333333 300
3622 -1482.0333333333333 300
3623 -1482.69 300
3624 -1482.69 300
3625 -1484.8933333333334 300
3626 -1489.5833333333333 300
3627 -1488.7066666666667 300
3628 -1488.8466666666666 300
3629 -1488.65 300
3630 -1488.55 300
3631 -1487.78 300
3632 -1486.77 300
3633 -1485.7833333333333 300
3634 -1485.6066666666666 300
3635 -1484.7766666666666 300
3636 -1483.9166666666667 300
3637 -1483.23 300
3638 -1480.0833333333333 300
3639 -1479.31 300
3640 -1478.81 300
3641 -1479.16 300
3642 -1478.7666666666667 300
3643 -1478.4333333333334 300
3644 -1478.39 300
3645 -1478.4833333333333 300
3646 -1478.58 300
3647 -1479.1566666666668 300
3648 -1479.3966666666668 300
3649 -1479.6 300
3650 -1479.64 300
3651 -1479.64 300
3652 -1479.5966666666666 300
3653 -1479.68 300
3654 -1479.97 300
3655 -1480.21 300
3656 -1480.21 300
3657 -1480.21 300
3658 -1480.2533333333333 300
3659 -1480.59 300
3660 -1480.79 300
3661 -1481.3533333333332 300
3662 -1481.46 300
3663 -1481.4233333333334 300
3664 -1481.38 300
3665 -1481.4166666666667 300
3666 -1481.8166666666666 300
3667 -1481.9433333333334 300
3668 -1481.87 300
3669 -1481.5633333333333 300
3670 -1484.13 300
3671 -1484.3866666666668 300
3672 -1484.5666666666666 300
3673 -1484.4633333333334 300
3674 -1489.69 300
3675 -1488.7933333333333 300
3676 -1488.51 300
3677 -1488.5066666666667 300
3678 -1488.42 300
3679 -1488.7233333333334 300
3680 -1492.3033333333333 300
3681 -1489.6733333333334 300
3682 -1489.4433333333334 300
3683 -1489.05 300
3684 -1488.54 300
3685 -1486.8066666666666 300
3686 -1485.2133333333334 300
3687 -1484.7933333333333 300
3688 -1485.3233333333333 300
3689 -1488.3033333333333 300
3690 -1488.2433333333333 300
3691 -1487.91 300
3692 -1487.91 300
3693 -1487.18 300
3694 -1483.69 300
3695 -1483.9033333333334 300
3696 -1482.5533333333333 300
3697 -1482.8333333333333 300
3698 -1476.9666666666667 300
3699 -1477.5266666666666 300
3700 -1484.5833333333333 300
3701 -1484.4266666666667 300
3702 -1484.2266666666667 300
3703 -1483.5166666666667 300
3704 -1484.92 300
3705 -1484.5566666666666 300
3706 -1484.45 300
3707 -1484.0266666666666 300
3708 -1484.1533333333334 300
3709 -1484.9933333333333 300
3710 -1484.51 300
3711 -1485.1666666666667 300
3712 -1485.0133333333333 300
3713 -1483.82 300
3714 -1486.3533333333332 300
3715 -1486.8566666666666 300
3716 -1486.5333333333333 300
3717 -1486.5733333333333 300
3718 -1485.8366666666666 300
3719 -1486.63 300
3720 -1484.9966666666667 300
3721 -1484.8666666666666 300
3722 -1485.11 300
3723 -1484.6733333333334 300
3724 -1484.5466666666666 300
3725 -1484.5766666666666 300
3726 -1481.4433333333334 300
3727 -1481.7733333333333 300
3728 -1485.7633333333333 300
3729 -1485.2233333333334 300
3730 -1488.3466666666666 300
3731 -1485.5833333333333 300
3732 -1485.0166666666667 300
3733 -1484.27 300
3734 -1482.31 300
3735 -1481.8133333333333 300
3736 -1484.9733333333334 300
3737 -1483.5533333333333 300
3738 -1483.2533333333333 300
3739 -1482.3166666666666 300
3740 -1482.0433333333333 300
3741 -1482.0 300
3742 -1479.7 300
3743 -1479.7933333333333 300
3744 -1479.31 300
3745 -1478.7933333333333 300
3746 -1479.4333333333334 300
3747 -1479.51 300
3748 -1485.0233333333333 300
3749 -1483.7133333333334 300
3750 -1480.32 300
3751 -1480.1766666666667 300
3752 -1479.28 300
3753 -1477.94 300
3754 -1477.5866666666666 300
3755 -1479.51 300
3756 -1479.8666666666666 300
3757 -1479.8566666666666 300
3758 -1481.3466666666666 300
3759 -1481.61 300
3760 -1481.34 300
3761 -1481.4833333333333 300
3762 -1481.74 300
3763 -1481.35 300
3764 -1480.7533333333333 300
3765 -1480.5833333333333 300
3766 -1480.4766666666667 300
3767 -1480.31 300
3768 -1479.1066666666666 300
3769 -1477.87 300
3770 -1477.8933333333334 300
3771 -1477.7566666666667 300
3772 -1477.43 300
3773 -1478.2333333333333 300
3774 -1478.1033333333332 300
3775 -1477.44 300
3776 -1477.5833333333333 300
3777 -1476.3433333333332 300
3778 -1476.2466666666667 300
3779 -1476.37 300
3780 -1477.4866666666667 300
3781 -1477.8 300
3782 -1477.91 300
3783 -1479.7633333333333 300
3784 -1478.9933333333333 300
3785 -1478.2566666666667 300
3786 -1478.4366666666667 300
3787 -1477.9366666666667 300
3788 -1477.5266666666666 300
3789 -1477.07 300
3790 -1477.1966666666667 300
3791 -1476.3233333333333 300
3792 -1476.15 300
3793 -1476.9066666666668 300
3794 -1476.93 300
3795 -1477.1366666666668 300
3796 -1476.1566666666668 300
3797 -1474.4233333333334 300
3798 -1474.8533333333332 300
3799 -1474.9833333333333 300
3800 -1474.8833333333334 300
3801 -1472.4633333333334 300
3802 -1472.68 300
3803 -1477.32 300
3804 -1476.9766666666667 300
3805 -1477.65 300
3806 -1477.4933333333333 300
3807 -1477.7366666666667 300
3808 -1478.1466666666668 300
3809 -1478.78 300
3810 -1478.9766666666667 300
3811 -1479.2733333333333 300
3812 -1476.3 300
3813 -1474.2733333333333 300
3814 -1474.04 300
3815 -1474.48 300
3816 -1475.73 300
3817 -1471.86 300
3818 -1472.14 300
3819 -1471.94 300
3820 -1472.5433333333333 300
3821 -1472.49 300
3822 -1472.6033333333332 300
3823 -1470.9866666666667 300
3824 -1471.0966666666666 300
3825 -1473.6133333333332 300
3826 -1472.9133333333334 300
3827 -1473.04 300
3828 -1476.63 300
3829 -1476.5266666666666 300
3830 -1475.8033333333333 300
3831 -1475.6866666666667 300
3832 -1475.8 300
3833 -1475.7633333333333 300
3834 -1474.8133333333333 300
3835 -1474.6 300
3836 -1476.5766666666666 300
3837 -1480.0866666666666 300
3838 -1479.6666666666667 300
3839 -1479.53 300
3840 -1480.52 300
3841 -1480.7466666666667 300
3842 -1488.3066666666666 300
3843 -1496.4866666666667 300
3844 -1498.3933333333334 300
3845 -1498.9833333333333 300
3846 -1498.54 300
3847 -1497.9766666666667 300
3848 -1497.0366666666666 300
3849 -1496.4966666666667 300
3850 -1493.5833333333333 300
3851 -1493.39 300
3852 -1492.68 300
3853 -1492.3 300
3854 -1493.7066666666667 300
3855 -1493.0233333333333 300
3856 -1491.8133333333333 300
3857 -1490.5366666666666 300
3858 -1490.24 300
3859 -1490.14 300
3860 -1492.2133333333334 300
3861 -1501.0066666666667 300
3862 -1501.8933333333334 300
3863 -1500.8366666666666 300
3864 -1499.08 300
3865 -1501.9266666666667 300
3866 -1499.0866666666666 300
3867 -1498.4033333333334 300
3868 -1495.6133333333332 300
3869 -1497.5266666666666 300
3870 -1497.7133333333334 300
3871 -1497.2566666666667 300
3872 -1496.0733333333333 300
3873 -1495.46 300
3874 -1494.3266666666666 300
3875 -1492.7366666666667 300
3876 -1490.19 300
3877 -1489.9666666666667 300
3878 -1489.26 300
3879 -1487.0233333333333 300
3880 -1484.6533333333334 300
3881 -1483.1066666666666 300
3882 -1483.4966666666667 300
3883 -1484.7466666666667 300
3884 -1484.3633333333332 300
3885 -1482.6266666666668 300
3886 -1480.5366666666666 300
3887 -1483.4366666666667 300
3888 -1482.49 300
3889 -1479.4733333333334 300
3890 -1479.65 300
3891 -1479.1766666666667 300
3892 -1476.6666666666667 300
3893 -1477.0233333333333 300
3894 -1477.8633333333332 300
3895 -1478.7566666666667 300
3896 -1476.17 300
3897 -1476.1866666666667 300
3898 -1476.5633333333333 300
3899 -1476.67 300
3900 -1476.6266666666668 300
3901 -1475.8066666666666 300
3902 -1476.17 300
3903 -1476.04 300
3904 -1475.58 300
3905 -1477.2333333333333 300
3906 -1477.5066666666667 300
3907 -1476.9666666666667 300
3908 -1476.5333333333333 300
3909 -1475.5133333333333 300
3910 -1475.3766666666668 300
3911 -1474.7366666666667 300
3912 -1474.22 300
3913 -1473.17 300
3914 -1474.53 300
3915 -1474.21 300
3916 -1474.2666666666667 300
3917 -1474.5333333333333 300
3918 -1474.9666666666667 300
3919 -1475.8433333333332 300
3920 -1475.6733333333334 300
3921 -1475.4966666666667 300
3922 -1474.8166666666666 300
3923 -1474.3033333333333 300
3924 -1474.81 300
3925 -1474.9466666666667 300
3926 -1471.98 300
3927 -1472.5733333333333 300
3928 -1476.1066666666666 300
3929 -1475.6166666666666 300
3930 -1474.9 300
3931 -1474.8666666666666 300
3932 -1477.7166666666667 300
3933 -1478.2733333333333 300
3934 -1478.2733333333333 300
3935 -1478.2733333333333 300
3936 -1478.6933333333334 300
3937 -1478.2033333333334 300
3938 -1478.7366666666667 300
3939 -1478.6666666666667 300
3940 -1478.4233333333334 300
3941 -1478.0733333333333 300
3942 -1477.7366666666667 300
3943 -1477.8966666666668 300
3944 -1477.0666666666666 300
3945 -1477.59 300
3946 -1477.4766666666667 300
3947 -1477.5033333333333 300
3948 -1477.5033333333333 300
3949 -1477.4966666666667 300
3950 -1477.48 300
3951 -1477.48 300
3952 -1477.2833333333333 300
3953 -1473.8533333333332 300
3954 -1477.6633333333334 300
3955 -1478.5033333333333 300
3956 -1478.7266666666667 300
3957 -1479.7 300
3958 -1478.91 300
3959 -1475.3066666666666 300
3960 -1475.5666666666666 300
3961 -1476.35 300
3962 -1475.9533333333334 300
3963 -1475.9133333333334 300
3964 -1477.3933333333334 300
3965 -1477.37 300
3966 -1477.8233333333333 300
3967 -1477.3766666666668 300
3968 -1480.58 300
3969 -1481.19 300
3970 -1481.2666666666667 300
3971 -1480.8866666666668 300
3972 -1477.6333333333334 300
3973 -1477.9766666666667 300
3974 -1481.7866666666666 300
3975 -1486.3233333333333 300
3976 -1485.8 300
3977 -1487.3066666666666 300
3978 -1485.2766666666666 300
3979 -1485.2233333333334 300
3980 -1484.1666666666667 300
3981 -1483.9233333333334 300
3982 -1483.06 300
3983 -1488.94 300
3984 -1489.9066666666668 300
3985 -1486.8466666666666 300
3986 -1487.4666666666667 300
3987 -1486.7366666666667 300
3988 -1485.45 300
3989 -1484.8833333333334 300
3990 -1483.8966666666668 300
3991 -1483.6033333333332 300
3992 -1479.96 300
3993 -1480.11 300
3994 -1479.8733333333332 300
3995 -1475.6533333333334 300
3996 -1474.65 300
3997 -1474.79 300
3998 -1474.7866666666666 300
3999 -1470.5533333333333 300
4000 -1469.92 300
