440 -1021.3566666666667 300
441 -1022.23 300
442 -1021.4133333333333 300
443 -1020.02 300
444 -1016.5966666666667 300
445 -1010.9666666666667 300
446 -1013.1 300
447 -1004.4966666666667 300
448 -1008.0266666666666 300
449 -1004.0366666666666 300
450 -1006.5866666666667 300
451 -1004.95 300
452 -1004.13 300
453 -1010.2566666666667 300
454 -1005.4933333333333 300
455 -1001.4933333333333 300
456 -1002.56 300
457 -1005.1733333333333 300
458 -1008.08 300
459 -1009.0933333333334 300
460 -996.4133333333333 300
461 -996.7866666666666 300
462 -998.2366666666667 300
463 -1000.07 300
464 -1004.07 300
465 -1009.8133333333334 300
466 -1013.2533333333333 300
467 -1017.13 300
468 -1022.3533333333334 300
469 -1029.8866666666668 300
470 -1024.85 300
471 -1022.83 300
472 -1028.15 300
473 -1022.8066666666666 300
474 -1027.0633333333333 300
475 -1030.0933333333332 300
476 -1030.1966666666667 300
477 -1035.1066666666666 300
478 -1034.45 300
479 -1032.1166666666666 300
480 -1031.3066666666666 300
481 -1026.9166666666667 300
482 -1019.0233333333333 300
483 -1016.5866666666667 300
484 -1022.4666666666667 300
485 -1031.8533333333332 300
486 -1029.98 300
487 -1027.3233333333333 300
488 -1022.79 300
489 -1026.2566666666667 300
490 -1032.9666666666667 300
491 -1031.4966666666667 300
492 -1030.72 300
493 -1029.0966666666666 300
494 -1026.8266666666666 300
495 -1021.7866666666666 300
496 -1014.9333333333333 300
497 -1016.4633333333334 300
498 -1018.2933333333333 300
499 -997.2666666666667 300
500 -996.95 300
501 -996.0766666666667 300
502 -995.07 300
503 -994.3766666666667 300
504 -991.3566666666667 300
505 -988.1766666666666 300
506 -988.7766666666666 300
507 -988.4033333333333 300
508 -986.96 300
509 -989.4066666666666 300
510 -989.1 300
511 -988.7833333333333 300
512 -984.2733333333333 300
513 -982.5833333333334 300
514 -980.4233333333333 300
515 -977.4433333333334 300
516 -973.49 300
517 -975.7833333333333 300
518 -974.4433333333334 300
519 -972.6666666666666 300
520 -971.5433333333333 300
521 -969.6033333333334 300
522 -963.7066666666667 300
523 -960.7733333333333 300
524 -951.9766666666667 300
525 -948.89 300
526 -950.9533333333334 300
527 -953.8366666666667 300
528 -947.9133333333333 300
529 -942.3866666666667 300
530 -934.2166666666667 300
531 -935.0333333333333 300
532 -933.3466666666667 300
533 -927.1066666666667 300
534 -912.23 300
535 -912.1866666666666 300
536 -912.01 300
537 -912.01 300
538 -911.7933333333333 300
539 -911.3633333333333 300
540 -910.4966666666667 300
541 -908.6766666666666 300
542 -906.47 300
543 -912.4933333333333 300
544 -914.4866666666667 300
545 -915.0966666666667 300
546 -915.8833333333333 300
547 -916.45 300
548 -917.3633333333333 300
549 -917.64 300
550 -922.23 300
551 -922.9366666666666 300
552 -922.9366666666666 300
553 -922.6766666666666 300
554 -922.7433333333333 300
555 -923.22 300
556 -923.09 300
557 -922.9 300
558 -922.4666666666667 300
559 -921.73 300
560 -920.7766666666666 300
561 -918.8266666666667 300
562 -917.1833333333333 300
563 -916.0466666666666 300
564 -917.35 300
565 -919.98 300
566 -920.9766666666667 300
567 -921.1666666666666 300
568 -921.82 300
569 -920.7066666666667 300
570 -919.6333333333333 300
571 -917.9933333333333 300
572 -915.0733333333334 300
573 -913.7566666666667 300
574 -912.6766666666666 300
575 -908.0933333333334 300
576 -908.0933333333334 300
577 -908.1366666666667 300
578 -908.14 300
579 -908.14 300
580 -908.14 300
581 -908.0966666666667 300
582 -908.0966666666667 300
583 -908.1866666666666 300
584 -908.19 300
585 -908.25 300
586 -908.2666666666667 300
587 -908.29 300
588 -908.31 300
589 -908.3666666666667 300
590 -908.4066666666666 300
591 -908.2733333333333 300
592 -908.1833333333333 300
593 -908.16 300
594 -908.0533333333333 300
595 -908.0533333333333 300
596 -908.0533333333333 300
597 -908.0533333333333 300
598 -907.9666666666667 300
599 -907.9233333333333 300
600 -907.7933333333333 300
601 -907.75 300
602 -907.9666666666667 300
603 -908.16 300
604 -907.9566666666667 300
605 -908.0433333333333 300
606 -908.0433333333333 300
607 -908.0466666666666 300
608 -908.0466666666666 300
609 -908.0466666666666 300
610 -908.0466666666666 300
611 -908.0466666666666 300
612 -908.0466666666666 300
613 -908.1333333333333 300
614 -908.1333333333333 300
615 -908.09 300
616 -908.1333333333333 300
617 -908.0933333333334 300
618 -908.1366666666667 300
619 -908.05 300
620 -908.0066666666667 300
621 -907.96 300
622 -907.9566666666667 300
623 -907.9166666666666 300
624 -907.4466666666667 300
625 -906.8166666666667 300
626 -905.5366666666666 300
627 -903.7233333333334 300
628 -899.0033333333333 300
629 -895.9633333333334 300
630 -896.0066666666667 300
631 -896.05 300
632 -896.0966666666667 300
633 -896.1033333333334 300
634 -896.13 300
635 -896.0833333333334 300
636 -896.14 300
637 -896.25 300
638 -896.19 300
639 -896.0033333333333 300
640 -896.0033333333333 300
641 -895.94 300
642 -895.7833333333333 300
643 -895.1666666666666 300
644 -894.3133333333334 300
645 -893.83 300
646 -892.07 300
647 -887.59 300
648 -889.67 300
649 -891.8566666666667 300
650 -893.06 300
651 -891.6 300
652 -887.8133333333334 300
653 -885.1466666666666 300
654 -884.35 300
655 -885.15 300
656 -885.14 300
657 -885.9733333333334 300
658 -886.28 300
659 -883.9866666666667 300
660 -884.1466666666666 300
661 -884.4833333333333 300
662 -883.2333333333333 300
663 -883.6033333333334 300
664 -883.6966666666667 300
665 -883.6733333333333 300
666 -882.55 300
667 -882.7933333333333 300
668 -882.34 300
669 -882.37 300
670 -882.3466666666667 300
671 -881.72 300
672 -881.7633333333333 300
673 -881.5933333333334 300
674 -881.28 300
675 -881.3133333333334 300
676 -881.25 300
677 -881.4433333333334 300
678 -881.4866666666667 300
679 -881.4866666666667 300
680 -881.4866666666667 300
681 -881.4 300
682 -881.4433333333334 300
683 -881.4866666666667 300
684 -881.7733333333333 300
685 -881.8566666666667 300
686 -882.0333333333333 300
687 -882.1233333333333 300
688 -882.5033333333333 300
689 -882.88 300
690 -883.0966666666667 300
691 -883.5766666666667 300
692 -884.5633333333334 300
693 -885.3266666666667 300
694 -886.03 300
695 -885.5533333333333 300
696 -886.5266666666666 300
697 -889.1433333333333 300
698 -891.0933333333334 300
699 -890.11 300
700 -888.1666666666666 300
701 -889.55 300
702 -888.6333333333333 300
703 -890.4633333333334 300
704 -892.93 300
705 -893.3166666666667 300
706 -893.2733333333333 300
707 -893.1966666666667 300
708 -892.8933333333333 300
709 -892.5866666666667 300
710 -892.0033333333333 300
711 -891.0166666666667 300
712 -889.15 300
713 -885.9866666666667 300
714 -883.5366666666666 300
715 -883.9833333333333 300
716 -884.3533333333334 300
717 -884.4066666666666 300
718 -884.51 300
719 -884.8433333333334 300
720 -884.9133333333333 300
721 -884.42 300
722 -884.6733333333333 300
723 -884.2066666666667 300
724 -884.1833333333333 300
725 -888.1466666666666 300
726 -890.3333333333334 300
727 -890.3366666666667 300
728 -890.2833333333333 300
729 -892.99 300
730 -892.28 300
731 -890.7866666666666 300
732 -887.9666666666667 300
733 -884.25 300
734 -877.7366666666667 300
735 -875.73 300
736 -878.88 300
737 -882.7133333333334 300
738 -884.39 300
739 -885.91 300
740 -887.5 300
741 -886.34 300
742 -886.59 300
743 -886.6833333333333 300
744 -886.8 300
745 -886.89 300
746 -887.4266666666666 300
747 -887.4233333333333 300
748 -887.22 300
749 -887.3733333333333 300
750 -886.93 300
751 -885.1066666666667 300
752 -884.6666666666666 300
753 -885.93 300
754 -889.1233333333333 300
755 -893.2033333333334 300
756 -894.1266666666667 300
757 -894.58 300
758 -894.5166666666667 300
759 -894.5933333333334 300
760 -900.55 300
761 -897.0166666666667 300
762 -891.6733333333333 300
763 -885.8666666666667 300
764 -886.0466666666666 300
765 -886.21 300
766 -886.4233333333333 300
767 -886.5466666666666 300
768 -886.6366666666667 300
769 -886.6633333333333 300
770 -886.6633333333333 300
771 -886.33 300
772 -885.37 300
773 -884.94 300
774 -885.3966666666666 300
775 -885.4633333333334 300
776 -885.9566666666667 300
777 -886.6133333333333 300
778 -887.11 300
779 -887.3933333333333 300
780 -888.17 300
781 -888.7 300
782 -889.0433333333333 300
783 -889.6166666666667 300
784 -890.2433333333333 300
785 -892.8666666666667 300
786 -892.4533333333334 300
787 -888.22 300
788 -881.9233333333333 300
789 -880.7333333333333 300
790 -881.03 300
791 -880.95 300
792 -879.8666666666667 300
793 -879.9866666666667 300
794 -880.0566666666666 300
795 -880.1066666666667 300
796 -880.1466666666666 300
797 -879.4866666666667 300
798 -879.25 300
799 -879.3666666666667 300
800 -873.3633333333333 300
801 -871.6433333333333 300
802 -871.7533333333333 300
803 -871.78 300
804 -871.8466666666667 300
805 -871.3966666666666 300
806 -871.4633333333334 300
807 -871.53 300
808 -870.5266666666666 300
809 -870.5633333333334 300
810 -870.5933333333334 300
811 -870.5833333333334 300
812 -867.3966666666666 300
813 -867.3933333333333 300
814 -867.29 300
815 -867.23 300
816 -867.1 300
817 -866.9333333333333 300
818 -866.4133333333333 300
819 -865.5433333333333 300
820 -865.5866666666667 300
821 -865.6166666666667 300
822 -865.6233333333333 300
823 -865.36 300
824 -865.4033333333333 300
825 -865.31 300
826 -865.41 300
827 -865.5066666666667 300
828 -865.5266666666666 300
829 -865.7333333333333 300
830 -865.84 300
831 -865.8533333333334 300
832 -865.7833333333333 300
833 -865.7233333333334 300
834 -865.4066666666666 300
835 -865.3833333333333 300
836 -865.2033333333334 300
837 -864.8366666666667 300
838 -864.0266666666666 300
839 -863.2066666666667 300
840 -861.9766666666667 300
841 -859.87 300
842 -856.8966666666666 300
843 -856.9 300
844 -857.06 300
845 -857.06 300
846 -856.9 300
847 -856.9533333333334 300
848 -857.4 300
849 -858.0466666666666 300
850 -857.2133333333334 300
851 -858.14 300
852 -859.9466666666667 300
853 -863.0633333333334 300
854 -865.0733333333334 300
855 -865.4933333333333 300
856 -865.42 300
857 -865.19 300
858 -864.71 300
859 -863.96 300
860 -864.7433333333333 300
861 -865.1266666666667 300
862 -865.1366666666667 300
863 -865.0933333333334 300
864 -865.0066666666667 300
865 -864.9266666666666 300
866 -864.71 300
867 -864.5366666666666 300
868 -864.25 300
869 -863.6133333333333 300
870 -862.1033333333334 300
871 -860.6766666666666 300
872 -857.07 300
873 -856.37 300
874 -856.8933333333333 300
875 -855.9933333333333 300
876 -855.9566666666667 300
877 -856.0 300
878 -856.1766666666666 300
879 -856.3933333333333 300
880 -856.8033333333333 300
881 -857.02 300
882 -857.3733333333333 300
883 -858.3833333333333 300
884 -859.1566666666666 300
885 -860.2233333333334 300
886 -861.3633333333333 300
887 -858.3066666666666 300
888 -859.3066666666666 300
889 -860.2666666666667 300
890 -861.9566666666667 300
891 -863.2666666666667 300
892 -862.5533333333333 300
893 -861.0466666666666 300
894 -859.12 300
895 -856.5233333333333 300
896 -854.69 300
897 -847.5966666666667 300
898 -847.9866666666667 300
899 -848.73 300
900 -849.7466666666667 300
901 -850.7533333333333 300
902 -851.9733333333334 300
903 -853.8933333333333 300
904 -853.5166666666667 300
905 -854.6266666666667 300
906 -856.44 300
907 -858.3433333333334 300
908 -857.24 300
909 -857.6166666666667 300
910 -857.4733333333334 300
911 -859.1933333333334 300
912 -863.2933333333333 300
913 -863.3266666666667 300
914 -863.41 300
915 -863.33 300
916 -863.2466666666667 300
917 -862.0066666666667 300
918 -860.3333333333334 300
919 -859.0366666666666 300
920 -855.15 300
921 -857.74 300
922 -860.4233333333333 300
923 -863.8666666666667 300
924 -865.1266666666667 300
925 -864.95 300
926 -864.7666666666667 300
927 -864.51 300
928 -863.7233333333334 300
929 -863.0766666666667 300
930 -861.7166666666667 300
931 -858.68 300
932 -857.1033333333334 300
933 -859.56 300
934 -859.56 300
935 -859.6466666666666 300
936 -859.6933333333334 300
937 -859.61 300
938 -859.6933333333334 300
939 -859.6133333333333 300
940 -859.6166666666667 300
941 -859.5333333333333 300
942 -859.54 300
943 -859.38 300
944 -859.2166666666667 300
945 -859.0566666666666 300
946 -859.07 300
947 -855.3733333333333 300
948 -858.8433333333334 300
949 -858.61 300
950 -862.87 300
951 -861.5866666666667 300
952 -860.2166666666667 300
953 -857.4066666666666 300
954 -851.8 300
955 -844.8 300
956 -845.11 300
957 -845.2833333333333 300
958 -845.81 300
959 -843.75 300
960 -844.0633333333334 300
961 -844.02 300
962 -844.4966666666667 300
963 -844.7233333333334 300
964 -845.05 300
965 -845.1433333333333 300
966 -845.5333333333333 300
967 -845.7 300
968 -845.8933333333333 300
969 -845.8666666666667 300
970 -845.8066666666666 300
971 -845.7233333333334 300
972 -843.1066666666667 300
973 -842.89 300
974 -842.4933333333333 300
975 -841.8 300
976 -843.3233333333334 300
977 -842.6666666666666 300
978 -841.6133333333333 300
979 -839.38 300
980 -836.07 300
981 -833.6233333333333 300
982 -833.2333333333333 300
983 -832.3966666666666 300
984 -832.65 300
985 -832.7766666666666 300
986 -833.0866666666667 300
987 -833.8966666666666 300
988 -833.5 300
989 -833.54 300
990 -833.6266666666667 300
991 -833.89 300
992 -834.71 300
993 -834.7133333333334 300
994 -834.92 300
995 -834.0 300
996 -832.01 300
997 -831.8766666666667 300
998 -831.8633333333333 300
999 -831.79 300
1000 -831.34 300
1001 -830.1233333333333 300
1002 -829.3466666666667 300
1003 -827.14 300
1004 -827.0966666666667 300
1005 -827.0566666666666 300
1006 -827.0133333333333 300
1007 -827.2333333333333 300
1008 -827.2333333333333 300
1009 -827.1033333333334 300
1010 -826.8 300
1011 -826.15 300
1012 -824.94 300
1013 -822.9133333333333 300
1014 -820.1533333333333 300
1015 -820.6466666666666 300
1016 -819.06 300
1017 -820.0166666666667 300
1018 -820.52 300
1019 -819.2066666666667 300
1020 -819.8433333333334 300
1021 -820.17 300
1022 -820.8066666666666 300
1023 -822.0666666666667 300
1024 -823.61 300
1025 -825.2833333333333 300
1026 -826.4133333333333 300
1027 -825.11 300
1028 -822.9766666666667 300
1029 -823.52 300
1030 -821.0766666666667 300
1031 -816.49 300
1032 -816.5966666666667 300
1033 -816.8133333333334 300
1034 -816.8066666666666 300
1035 -816.61 300
1036 -816.1966666666667 300
1037 -816.25 300
1038 -816.1433333333333 300
1039 -816.1866666666666 300
1040 -816.1933333333334 300
1041 -816.2 300
1042 -816.22 300
1043 -816.2466666666667 300
1044 -816.4633333333334 300
1045 -816.1466666666666 300
1046 -816.2366666666667 300
1047 -816.4366666666666 300
1048 -816.8433333333334 300
1049 -817.4866666666667 300
1050 -818.5033333333333 300
1051 -818.76 300
1052 -819.13 300
1053 -819.81 300
1054 -820.5633333333334 300
1055 -822.2533333333333 300
1056 -824.68 300
1057 -822.88 300
1058 -820.31 300
1059 -818.8466666666667 300
1060 -817.43 300
1061 -817.5033333333333 300
1062 -817.6166666666667 300
1063 -817.63 300
1064 -817.61 300
1065 -817.3333333333334 300
1066 -817.0666666666667 300
1067 -816.3366666666667 300
1068 -816.3366666666667 300
1069 -816.38 300
1070 -816.38 300
1071 -816.38 300
1072 -816.38 300
1073 -816.3366666666667 300
1074 -816.5533333333333 300
1075 -816.4233333333333 300
1076 -816.51 300
1077 -816.38 300
1078 -816.12 300
1079 -816.9 300
1080 -817.16 300
1081 -817.5166666666667 300
1082 -817.69 300
1083 -817.9166666666666 300
1084 -818.08 300
1085 -818.4 300
1086 -818.79 300
1087 -819.0933333333334 300
1088 -819.3966666666666 300
1089 -819.96 300
1090 -815.02 300
1091 -814.5366666666666 300
1092 -814.2666666666667 300
1093 -814.0433333333333 300
1094 -813.1433333333333 300
1095 -813.9066666666666 300
1096 -813.3933333333333 300
1097 -812.95 300
1098 -811.81 300
1099 -811.0866666666667 300
1100 -807.5766666666667 300
1101 -801.0466666666666 300
1102 -797.6166666666667 300
1103 -792.3 300
1104 -792.3966666666666 300
1105 -792.4933333333333 300
1106 -792.59 300
1107 -792.6866666666666 300
1108 -792.6866666666666 300
1109 -786.6933333333334 300
1110 -786.6933333333334 300
1111 -786.6933333333334 300
1112 -786.6933333333334 300
1113 -786.6933333333334 300
1114 -786.65 300
1115 -786.8066666666666 300
1116 -786.7266666666667 300
1117 -786.7166666666667 300
1118 -786.4266666666666 300
1119 -786.7266666666667 300
1120 -786.6866666666666 300
1121 -786.6433333333333 300
1122 -786.5566666666666 300
1123 -786.4366666666666 300
1124 -786.14 300
1125 -786.14 300
1126 -786.15 300
1127 -786.1066666666667 300
1128 -786.1066666666667 300
1129 -785.8933333333333 300
1130 -785.6766666666666 300
1131 -785.1233333333333 300
1132 -783.9833333333333 300
1133 -782.09 300
1134 -780.1366666666667 300
1135 -775.6066666666667 300
1136 -775.74 300
1137 -775.8366666666667 300
1138 -776.1666666666666 300
1139 -776.4133333333333 300
1140 -776.5166666666667 300
1141 -776.7866666666666 300
1142 -777.0166666666667 300
1143 -776.68 300
1144 -774.9266666666666 300
1145 -774.63 300
1146 -774.6866666666666 300
1147 -774.76 300
1148 -774.85 300
1149 -774.94 300
1150 -775.2 300
1151 -775.6633333333333 300
1152 -775.7166666666667 300
1153 -775.8366666666667 300
1154 -776.04 300
1155 -776.0233333333333 300
1156 -776.0066666666667 300
1157 -775.9666666666667 300
1158 -775.93 300
1159 -775.9366666666666 300
1160 -775.5166666666667 300
1161 -775.6233333333333 300
1162 -775.6933333333334 300
1163 -775.97 300
1164 -776.66 300
1165 -777.5366666666666 300
1166 -777.74 300
1167 -776.3133333333334 300
1168 -776.37 300
1169 -776.4133333333333 300
1170 -776.4566666666667 300
1171 -776.5 300
1172 -776.5 300
1173 -776.2866666666666 300
1174 -773.4233333333333 300
1175 -773.3133333333334 300
1176 -773.3133333333334 300
1177 -773.3133333333334 300
1178 -773.3133333333334 300
1179 -773.3133333333334 300
1180 -773.3133333333334 300
1181 -773.36 300
1182 -773.36 300
1183 -773.4466666666667 300
1184 -773.4466666666667 300
1185 -773.5433333333333 300
1186 -773.5866666666667 300
1187 -773.6733333333333 300
1188 -773.76 300
1189 -773.8033333333333 300
1190 -773.9633333333334 300
1191 -774.0066666666667 300
1192 -776.5633333333334 300
1193 -777.3866666666667 300
1194 -778.5133333333333 300
1195 -779.0766666666667 300
1196 -779.4233333333333 300
1197 -780.1166666666667 300
1198 -782.5433333333333 300
1199 -785.4033333333333 300
1200 -785.62 300
1201 -786.1833333333333 300
1202 -786.1 300
1203 -786.0133333333333 300
1204 -785.9266666666666 300
1205 -786.0666666666667 300
1206 -785.5433333333333 300
1207 -785.1966666666667 300
1208 -787.0166666666667 300
1209 -786.6266666666667 300
1210 -786.67 300
1211 -786.7566666666667 300
1212 -786.8466666666667 300
1213 -786.9766666666667 300
1214 -786.9733333333334 300
1215 -786.9333333333333 300
1216 -786.9733333333334 300
1217 -787.2066666666667 300
1218 -787.24 300
1219 -786.59 300
1220 -786.6333333333333 300
1221 -786.72 300
1222 -786.9366666666666 300
1223 -787.0666666666667 300
1224 -786.98 300
1225 -786.98 300
1226 -787.0533333333333 300
1227 -787.09 300
1228 -786.4 300
1229 -786.4333333333333 300
1230 -786.6433333333333 300
1231 -786.63 300
1232 -786.3766666666667 300
1233 -786.4633333333334 300
1234 -786.5033333333333 300
1235 -786.51 300
1236 -786.4566666666667 300
1237 -786.4566666666667 300
1238 -785.97 300
1239 -785.5866666666667 300
1240 -784.9733333333334 300
1241 -783.5333333333333 300
1242 -780.2266666666667 300
1243 -774.0866666666667 300
1244 -778.6066666666667 300
1245 -781.5233333333333 300
1246 -779.7166666666667 300
1247 -779.74 300
1248 -775.0 300
1249 -782.1633333333333 300
1250 -784.1066666666667 300
1251 -782.8166666666667 300
1252 -780.1433333333333 300
1253 -775.02 300
1254 -776.55 300
1255 -783.17 300
1256 -780.2633333333333 300
1257 -772.9566666666667 300
1258 -772.1066666666667 300
1259 -774.9133333333333 300
1260 -768.7 300
1261 -760.7733333333333 300
1262 -761.0 300
1263 -761.3366666666667 300
1264 -762.23 300
1265 -762.9433333333334 300
1266 -765.38 300
1267 -768.6733333333333 300
1268 -772.58 300
1269 -773.3466666666667 300
1270 -765.2266666666667 300
1271 -764.2266666666667 300
1272 -763.9566666666667 300
1273 -764.4266666666666 300
1274 -765.0266666666666 300
1275 -765.3133333333334 300
1276 -764.09 300
1277 -764.28 300
1278 -764.6066666666667 300
1279 -765.1066666666667 300
1280 -759.7533333333333 300
1281 -759.85 300
1282 -759.85 300
1283 -760.0 300
1284 -760.0966666666667 300
1285 -760.1833333333333 300
1286 -760.41 300
1287 -760.2066666666667 300
1288 -759.9633333333334 300
1289 -759.9633333333334 300
1290 -759.96 300
1291 -760.0533333333333 300
1292 -760.1466666666666 300
1293 -760.1866666666666 300
1294 -760.28 300
1295 -760.3933333333333 300
1296 -760.4233333333333 300
1297 -760.43 300
1298 -760.4633333333334 300
1299 -760.4533333333334 300
1300 -760.49 300
1301 -760.5133333333333 300
1302 -760.7166666666667 300
1303 -760.6133333333333 300
1304 -760.7333333333333 300
1305 -761.0566666666666 300
1306 -761.1033333333334 300
1307 -760.1033333333334 300
1308 -760.2466666666667 300
1309 -760.2866666666666 300
1310 -760.5666666666667 300
1311 -760.7133333333334 300
1312 -760.26 300
1313 -760.5033333333333 300
1314 -760.5166666666667 300
1315 -760.31 300
1316 -760.5566666666666 300
1317 -760.7866666666666 300
1318 -760.9833333333333 300
1319 -761.08 300
1320 -761.38 300
1321 -761.4733333333334 300
1322 -761.7666666666667 300
1323 -761.97 300
1324 -762.37 300
1325 -762.7166666666667 300
1326 -763.0733333333334 300
1327 -763.5466666666666 300
1328 -763.8133333333334 300
1329 -764.1833333333333 300
1330 -764.74 300
1331 -765.2666666666667 300
1332 -765.7533333333333 300
1333 -766.23 300
1334 -765.8833333333333 300
1335 -766.12 300
1336 -766.4866666666667 300
1337 -767.1966666666667 300
1338 -767.95 300
1339 -768.8766666666667 300
1340 -770.2466666666667 300
1341 -772.0466666666666 300
1342 -774.26 300
1343 -771.73 300
1344 -762.52 300
1345 -759.93 300
1346 -759.93 300
1347 -760.2133333333334 300
1348 -760.31 300
1349 -759.7833333333333 300
1350 -759.6866666666666 300
1351 -759.6 300
1352 -759.3833333333333 300
1353 -759.0633333333334 300
1354 -760.97 300
1355 -762.0533333333333 300
1356 -763.66 300
1357 -765.36 300
1358 -769.43 300
1359 -768.7366666666667 300
1360 -766.7933333333333 300
1361 -768.8733333333333 300
1362 -766.4566666666667 300
1363 -764.3333333333334 300
1364 -761.8966666666666 300
1365 -764.6233333333333 300
1366 -767.6866666666666 300
1367 -765.8733333333333 300
1368 -765.0066666666667 300
1369 -765.6266666666667 300
1370 -766.9266666666666 300
1371 -767.9233333333333 300
1372 -767.1 300
1373 -768.2733333333333 300
1374 -771.2133333333334 300
1375 -772.3866666666667 300
1376 -772.1033333333334 300
1377 -773.1866666666666 300
1378 -777.1733333333333 300
1379 -778.77 300
1380 -774.6533333333333 300
1381 -772.1733333333333 300
1382 -771.37 300
1383 -771.5 300
1384 -771.4566666666667 300
1385 -770.8533333333334 300
1386 -770.2633333333333 300
1387 -770.2666666666667 300
1388 -770.3133333333334 300
1389 -770.32 300
1390 -770.3266666666667 300
1391 -770.3366666666667 300
1392 -770.35 300
1393 -770.22 300
1394 -770.22 300
1395 -770.09 300
1396 -770.09 300
1397 -770.09 300
1398 -770.09 300
1399 -770.09 300
1400 -770.09 300
1401 -770.09 300
1402 -770.0466666666666 300
1403 -770.0466666666666 300
1404 -770.0033333333333 300
1405 -769.9166666666666 300
1406 -769.6166666666667 300
1407 -769.24 300
1408 -768.2466666666667 300
1409 -766.7833333333333 300
1410 -766.14 300
1411 -768.9466666666667 300
1412 -770.0766666666667 300
1413 -770.0766666666667 300
1414 -770.0766666666667 300
1415 -770.0766666666667 300
1416 -770.0766666666667 300
1417 -770.0833333333334 300
1418 -770.09 300
1419 -770.09 300
1420 -770.1866666666666 300
1421 -770.1833333333333 300
1422 -770.1766666666666 300
1423 -770.1033333333334 300
1424 -770.1033333333334 300
1425 -770.0666666666667 300
1426 -770.07 300
1427 -770.12 300
1428 -770.0766666666667 300
1429 -770.04 300
1430 -770.0066666666667 300
1431 -769.9766666666667 300
1432 -769.7866666666666 300
1433 -769.56 300
1434 -769.2466666666667 300
1435 -768.69 300
1436 -768.01 300
1437 -767.0166666666667 300
1438 -764.4566666666667 300
1439 -764.7866666666666 300
1440 -766.0866666666667 300
1441 -763.45 300
1442 -759.1833333333333 300
1443 -759.1833333333333 300
1444 -759.1833333333333 300
1445 -759.34 300
1446 -759.34 300
1447 -759.3 300
1448 -759.3066666666666 300
1449 -759.1933333333334 300
1450 -759.01 300
1451 -758.88 300
1452 -758.83 300
1453 -758.8733333333333 300
1454 -759.1766666666666 300
1455 -759.3366666666667 300
1456 -759.8166666666667 300
1457 -760.3266666666667 300
1458 -760.37 300
1459 -760.5 300
1460 -760.5866666666667 300
1461 -760.6733333333333 300
1462 -760.76 300
1463 -760.9333333333333 300
1464 -761.01 300
1465 -760.9666666666667 300
1466 -761.14 300
1467 -760.9733333333334 300
1468 -761.32 300
1469 -761.97 300
1470 -762.7066666666667 300
1471 -762.88 300
1472 -762.66 300
1473 -759.75 300
1474 -760.3066666666666 300
1475 -762.08 300
1476 -765.5466666666666 300
1477 -770.7966666666666 300
1478 -770.61 300
1479 -770.43 300
1480 -769.9866666666667 300
1481 -768.89 300
1482 -767.2133333333334 300
1483 -770.1533333333333 300
1484 -769.52 300
1485 -767.72 300
1486 -766.45 300
1487 -768.2433333333333 300
1488 -769.76 300
1489 -769.6 300
1490 -769.4466666666667 300
1491 -769.33 300
1492 -769.21 300
1493 -768.8633333333333 300
1494 -769.0566666666666 300
1495 -768.2133333333334 300
1496 -766.86 300
1497 -765.9566666666667 300
1498 -765.9566666666667 300
1499 -761.4133333333333 300
1500 -761.15 300
1501 -761.2366666666667 300
1502 -761.3633333333333 300
1503 -761.4066666666666 300
1504 -761.4933333333333 300
1505 -761.5766666666667 300
1506 -761.6633333333333 300
1507 -761.7066666666667 300
1508 -761.8333333333334 300
1509 -761.9166666666666 300
1510 -762.0033333333333 300
1511 -762.13 300
1512 -762.2166666666667 300
1513 -762.3 300
1514 -762.3866666666667 300
1515 -762.4733333333334 300
1516 -762.6 300
1517 -763.0733333333334 300
1518 -763.1166666666667 300
1519 -763.4566666666667 300
1520 -764.7533333333333 300
1521 -765.57 300
1522 -766.2166666666667 300
1523 -766.9333333333333 300
1524 -768.1266666666667 300
1525 -768.5066666666667 300
1526 -767.6 300
1527 -767.2733333333333 300
1528 -765.1666666666666 300
1529 -763.77 300
1530 -763.6933333333334 300
1531 -763.6966666666667 300
1532 -763.7833333333333 300
1533 -763.6633333333333 300
1534 -763.6033333333334 300
1535 -763.56 300
1536 -763.56 300
1537 -763.6 300
1538 -764.13 300
1539 -764.2133333333334 300
1540 -764.5466666666666 300
1541 -764.6333333333333 300
1542 -764.7166666666667 300
1543 -764.68 300
1544 -764.84 300
1545 -764.8433333333334 300
1546 -764.74 300
1547 -764.78 300
1548 -764.78 300
1549 -764.86 300
1550 -764.82 300
1551 -764.6966666666667 300
1552 -764.6966666666667 300
1553 -764.6133333333333 300
1554 -761.17 300
1555 -760.01 300
1556 -760.01 300
1557 -760.0066666666667 300
1558 -760.0033333333333 300
1559 -760.08 300
1560 -760.1166666666667 300
1561 -760.1133333333333 300
1562 -760.15 300
1563 -760.2133333333334 300
1564 -760.2933333333333 300
1565 -760.3333333333334 300
1566 -760.37 300
1567 -760.4066666666666 300
1568 -760.4433333333334 300
1569 -760.48 300
1570 -760.4766666666667 300
1571 -760.4733333333334 300
1572 -760.51 300
1573 -760.5866666666667 300
1574 -760.6233333333333 300
1575 -760.7 300
1576 -760.7766666666666 300
1577 -760.69 300
1578 -760.86 300
1579 -760.8466666666667 300
1580 -760.93 300
1581 -761.09 300
1582 -761.0966666666667 300
1583 -761.1533333333333 300
1584 -761.1966666666667 300
1585 -761.2 300
1586 -761.28 300
1587 -759.6366666666667 300
1588 -759.6433333333333 300
1589 -759.6833333333333 300
1590 -759.72 300
1591 -759.7333333333333 300
1592 -759.6933333333334 300
1593 -759.8933333333333 300
1594 -759.94 300
1595 -759.9766666666667 300
1596 -759.9733333333334 300
1597 -760.0666666666667 300
1598 -760.1033333333334 300
1599 -760.14 300
1600 -760.18 300
1601 -758.2433333333333 300
1602 -758.2333333333333 300
1603 -758.2333333333333 300
1604 -758.23 300
1605 -758.23 300
1606 -758.22 300
1607 -758.2166666666667 300
1608 -758.2066666666667 300
1609 -758.19 300
1610 -758.1833333333333 300
1611 -758.1766666666666 300
1612 -758.1666666666666 300
1613 -758.1566666666666 300
1614 -758.0766666666667 300
1615 -758.14 300
1616 -758.2 300
1617 -758.2 300
1618 -758.1966666666667 300
1619 -758.2033333333334 300
1620 -758.2 300
1621 -758.1966666666667 300
1622 -758.1966666666667 300
1623 -758.19 300
1624 -758.19 300
1625 -758.1933333333334 300
1626 -758.1933333333334 300
1627 -758.1966666666667 300
1628 -758.1933333333334 300
1629 -758.1866666666666 300
1630 -758.1866666666666 300
1631 -758.1866666666666 300
1632 -758.11 300
1633 -758.16 300
1634 -758.16 300
1635 -758.1733333333333 300
1636 -758.18 300
1637 -758.1866666666666 300
1638 -758.1866666666666 300
1639 -758.19 300
1640 -758.1933333333334 300
1641 -758.1933333333334 300
1642 -758.2833333333333 300
1643 -758.2766666666666 300
1644 -758.27 300
1645 -758.2633333333333 300
1646 -758.26 300
1647 -758.15 300
1648 -758.16 300
1649 -758.16 300
1650 -758.16 300
1651 -758.16 300
1652 -758.1566666666666 300
1653 -758.1566666666666 300
1654 -758.04 300
1655 -758.05 300
1656 -758.0633333333334 300
1657 -758.0633333333334 300
1658 -757.9433333333334 300
1659 -757.99 300
1660 -758.1033333333334 300
1661 -758.2533333333333 300
1662 -758.25 300
1663 -758.25 300
1664 -758.2466666666667 300
1665 -758.2533333333333 300
1666 -758.0366666666666 300
1667 -758.03 300
1668 -758.0266666666666 300
1669 -757.95 300
1670 -757.9033333333333 300
1671 -758.0966666666667 300
1672 -758.12 300
1673 -758.1966666666667 300
1674 -758.23 300
1675 -758.1 300
1676 -757.8566666666667 300
1677 -757.5333333333333 300
1678 -757.5333333333333 300
1679 -757.54 300
1680 -757.5433333333333 300
1681 -757.5866666666667 300
1682 -757.5933333333334 300
1683 -757.5166666666667 300
1684 -757.52 300
1685 -757.5233333333333 300
1686 -757.4933333333333 300
1687 -757.4966666666667 300
1688 -757.5033333333333 300
1689 -757.51 300
1690 -757.5133333333333 300
1691 -757.5233333333333 300
1692 -757.57 300
1693 -757.5733333333334 300
1694 -757.6233333333333 300
1695 -757.63 300
1696 -757.6333333333333 300
1697 -757.6333333333333 300
1698 -757.73 300
1699 -757.8066666666666 300
1700 -757.87 300
1701 -758.06 300
1702 -758.13 300
1703 -758.12 300
1704 -758.1533333333333 300
1705 -758.23 300
1706 -758.3666666666667 300
1707 -758.46 300
1708 -758.5333333333333 300
1709 -758.47 300
1710 -758.4666666666667 300
1711 -758.4133333333333 300
1712 -758.1233333333333 300
1713 -757.98 300
1714 -758.11 300
1715 -759.1866666666666 300
1716 -759.2833333333333 300
1717 -759.2333333333333 300
1718 -759.23 300
1719 -759.1766666666666 300
1720 -759.17 300
1721 -759.1466666666666 300
1722 -759.04 300
1723 -758.8266666666667 300
1724 -758.3933333333333 300
1725 -758.3833333333333 300
1726 -758.3766666666667 300
1727 -758.4533333333334 300
1728 -758.4466666666667 300
1729 -758.4333333333333 300
1730 -758.3833333333333 300
1731 -758.3766666666667 300
1732 -758.3633333333333 300
1733 -758.21 300
1734 -757.7133333333334 300
1735 -756.7966666666666 300
1736 -756.0133333333333 300
1737 -754.7233333333334 300
1738 -754.69 300
1739 -754.7366666666667 300
1740 -754.8733333333333 300
1741 -755.1433333333333 300
1742 -751.3133333333334 300
1743 -750.88 300
1744 -751.06 300
1745 -751.2366666666667 300
1746 -750.9366666666666 300
1747 -751.2433333333333 300
1748 -751.5966666666667 300
1749 -751.5166666666667 300
1750 -751.5566666666666 300
1751 -751.69 300
1752 -751.8233333333334 300
1753 -751.8666666666667 300
1754 -752.1166666666667 300
1755 -752.34 300
1756 -752.5633333333334 300
1757 -751.14 300
1758 -751.2766666666666 300
1759 -751.6766666666666 300
1760 -750.1133333333333 300
1761 -750.6033333333334 300
1762 -750.5233333333333 300
1763 -751.1933333333334 300
1764 -751.2866666666666 300
1765 -751.29 300
1766 -751.38 300
1767 -752.8166666666667 300
1768 -752.86 300
1769 -752.9866666666667 300
1770 -751.7033333333334 300
1771 -751.75 300
1772 -751.8433333333334 300
1773 -751.8433333333334 300
1774 -751.84 300
1775 -751.9766666666667 300
1776 -752.07 300
1777 -752.16 300
1778 -752.1966666666667 300
1779 -752.4333333333333 300
1780 -752.57 300
1781 -752.98 300
1782 -753.07 300
1783 -754.0466666666666 300
1784 -754.4633333333334 300
1785 -754.5033333333333 300
1786 -754.4066666666666 300
1787 -754.3533333333334 300
1788 -754.3466666666667 300
1789 -754.1066666666667 300
1790 -753.9133333333333 300
1791 -753.6266666666667 300
1792 -753.4133333333333 300
1793 -753.13 300
1794 -752.8466666666667 300
1795 -752.5633333333334 300
1796 -751.68 300
1797 -751.6833333333333 300
1798 -751.7733333333333 300
1799 -752.1766666666666 300
1800 -752.9033333333333 300
1801 -753.0366666666666 300
1802 -754.98 300
1803 -753.4 300
1804 -754.7633333333333 300
1805 -755.2833333333333 300
1806 -755.1466666666666 300
1807 -755.0066666666667 300
1808 -755.0033333333333 300
1809 -754.7166666666667 300
1810 -755.43 300
1811 -755.2466666666667 300
1812 -755.02 300
1813 -754.73 300
1814 -754.6 300
1815 -754.37 300
1816 -755.1966666666667 300
1817 -754.98 300
1818 -755.69 300
1819 -757.6933333333334 300
1820 -757.5133333333333 300
1821 -757.4233333333333 300
1822 -757.19 300
1823 -756.9133333333333 300
1824 -756.49 300
1825 -756.1666666666666 300
1826 -755.05 300
1827 -755.4833333333333 300
1828 -755.2966666666666 300
1829 -754.6333333333333 300
1830 -752.6066666666667 300
1831 -748.5033333333333 300
1832 -743.13 300
1833 -735.2666666666667 300
1834 -735.3966666666666 300
1835 -735.4833333333333 300
1836 -735.6133333333333 300
1837 -735.79 300
1838 -735.92 300
1839 -736.0933333333334 300
1840 -736.14 300
1841 -736.27 300
1842 -736.4 300
1843 -736.53 300
1844 -737.3533333333334 300
1845 -738.3066666666666 300
1846 -738.44 300
1847 -738.57 300
1848 -738.7866666666666 300
1849 -740.2166666666667 300
1850 -742.6433333333333 300
1851 -743.3766666666667 300
1852 -743.29 300
1853 -743.2466666666667 300
1854 -743.2466666666667 300
1855 -743.2466666666667 300
1856 -744.1133333333333 300
1857 -743.7233333333334 300
1858 -743.16 300
1859 -742.2933333333333 300
1860 -740.43 300
1861 -737.9166666666666 300
1862 -733.02 300
1863 -733.0633333333334 300
1864 -733.0633333333334 300
1865 -733.1066666666667 300
1866 -733.1933333333334 300
1867 -733.1933333333334 300
1868 -733.1933333333334 300
1869 -733.2366666666667 300
1870 -733.2366666666667 300
1871 -733.1933333333334 300
1872 -733.28 300
1873 -733.3233333333334 300
1874 -733.4966666666667 300
1875 -733.7133333333334 300
1876 -733.7133333333334 300
1877 -733.8533333333334 300
1878 -734.1266666666667 300
1879 -734.1266666666667 300
1880 -734.2733333333333 300
1881 -734.1533333333333 300
1882 -734.1966666666667 300
1883 -733.8966666666666 300
1884 -733.94 300
1885 -733.9833333333333 300
1886 -734.0266666666666 300
1887 -733.42 300
1888 -733.5066666666667 300
1889 -733.55 300
1890 -733.68 300
1891 -733.68 300
1892 -733.77 300
1893 -733.9033333333333 300
1894 -733.9466666666667 300
1895 -733.9533333333334 300
1896 -734.09 300
1897 -734.34 300
1898 -733.7333333333333 300
1899 -733.8666666666667 300
1900 -733.9966666666667 300
1901 -734.5166666666667 300
1902 -735.2966666666666 300
1903 -736.0333333333333 300
1904 -737.8133333333334 300
1905 -739.1166666666667 300
1906 -740.6833333333333 300
1907 -741.97 300
1908 -744.3533333333334 300
1909 -745.0 300
1910 -745.13 300
1911 -745.22 300
1912 -745.2633333333333 300
1913 -745.2633333333333 300
1914 -745.3966666666666 300
1915 -745.44 300
1916 -745.44 300
1917 -745.4833333333333 300
1918 -745.53 300
1919 -745.66 300
1920 -745.8 300
1921 -745.94 300
1922 -745.8433333333334 300
1923 -745.8866666666667 300
1924 -745.9333333333333 300
1925 -745.89 300
1926 -745.8033333333333 300
1927 -745.89 300
1928 -745.7933333333333 300
1929 -745.36 300
1930 -745.4033333333333 300
1931 -745.4466666666667 300
1932 -745.65 300
1933 -745.7633333333333 300
1934 -745.8533333333334 300
1935 -745.94 300
1936 -746.1666666666666 300
1937 -746.6466666666666 300
1938 -747.0833333333334 300
1939 -747.0733333333334 300
1940 -747.2566666666667 300
1941 -747.1833333333333 300
1942 -747.3633333333333 300
1943 -747.81 300
1944 -748.2133333333334 300
1945 -748.6133333333333 300
1946 -749.0166666666667 300
1947 -749.63 300
1948 -750.4733333333334 300
1949 -750.9933333333333 300
1950 -750.2233333333334 300
1951 -747.36 300
1952 -748.0833333333334 300
1953 -749.5333333333333 300
1954 -752.5933333333334 300
1955 -754.96 300
1956 -755.95 300
1957 -756.22 300
1958 -756.3133333333334 300
1959 -756.41 300
1960 -756.4566666666667 300
1961 -757.6033333333334 300
1962 -758.85 300
1963 -760.87 300
1964 -763.79 300
1965 -764.38 300
1966 -764.2833333333333 300
1967 -764.38 300
1968 -764.3333333333334 300
1969 -764.81 300
1970 -765.0533333333333 300
1971 -765.01 300
1972 -764.8166666666667 300
1973 -764.9133333333333 300
1974 -764.9133333333333 300
1975 -765.0066666666667 300
1976 -765.01 300
1977 -765.0066666666667 300
1978 -764.9566666666667 300
1979 -764.8133333333334 300
1980 -764.8633333333333 300
1981 -764.8633333333333 300
1982 -764.9766666666667 300
1983 -765.1233333333333 300
1984 -766.3333333333334 300
1985 -766.48 300
1986 -766.82 300
1987 -766.92 300
1988 -763.1733333333333 300
1989 -758.5566666666666 300
1990 -758.9033333333333 300
1991 -759.05 300
1992 -759.25 300
1993 -759.5933333333334 300
1994 -759.9833333333333 300
1995 -760.3233333333334 300
1996 -760.5666666666667 300
1997 -760.8566666666667 300
1998 -759.8433333333334 300
1999 -760.1366666666667 300
2000 -760.62 300
2001 -760.82 300
2002 -761.2066666666667 300
2003 -761.45 300
2004 -761.9333333333333 300
2005 -761.9333333333333 300
2006 -762.1366666666667 300
2007 -762.33 300
2008 -762.4766666666667 300
2009 -762.8166666666667 300
2010 -760.7566666666667 300
2011 -761.1466666666666 300
2012 -761.49 300
2013 -761.7933333333333 300
2014 -761.99 300
2015 -762.28 300
2016 -762.6233333333333 300
2017 -762.8666666666667 300
2018 -763.16 300
2019 -763.5033333333333 300
2020 -763.9933333333333 300
2021 -764.2366666666667 300
2022 -764.4333333333333 300
2023 -765.25 300
2024 -765.8733333333333 300
2025 -765.9766666666667 300
2026 -766.0833333333334 300
2027 -766.19 300
2028 -767.5066666666667 300
2029 -768.3233333333334 300
2030 -768.3266666666667 300
2031 -768.24 300
2032 -768.5566666666666 300
2033 -767.5633333333334 300
2034 -767.4266666666666 300
2035 -767.9566666666667 300
2036 -767.8666666666667 300
2037 -767.8266666666667 300
2038 -768.2033333333334 300
2039 -770.13 300
2040 -771.8 300
2041 -771.6633333333333 300
2042 -771.6133333333333 300
2043 -771.4966666666667 300
2044 -771.36 300
2045 -770.5733333333334 300
2046 -772.7633333333333 300
2047 -772.72 300
2048 -772.46 300
2049 -772.3633333333333 300
2050 -772.2733333333333 300
2051 -771.86 300
2052 -771.7266666666667 300
2053 -771.1766666666666 300
2054 -771.16 300
2055 -771.0566666666666 300
2056 -769.5333333333333 300
2057 -766.5033333333333 300
2058 -761.1066666666667 300
2059 -761.0966666666667 300
2060 -761.0866666666667 300
2061 -761.0766666666667 300
2062 -761.1066666666667 300
2063 -761.1 300
2064 -761.09 300
2065 -761.0866666666667 300
2066 -760.44 300
2067 -760.43 300
2068 -760.3166666666667 300
2069 -760.3066666666666 300
2070 -760.2966666666666 300
2071 -760.2366666666667 300
2072 -760.16 300
2073 -760.15 300
2074 -760.15 300
2075 -760.1766666666666 300
2076 -760.16 300
2077 -760.1466666666666 300
2078 -760.14 300
2079 -760.13 300
2080 -760.1133333333333 300
2081 -760.1033333333334 300
2082 -760.0933333333334 300
2083 -760.0766666666667 300
2084 -760.0666666666667 300
2085 -760.0466666666666 300
2086 -760.0266666666666 300
2087 -760.02 300
2088 -760.01 300
2089 -759.99 300
2090 -759.97 300
2091 -759.9533333333334 300
2092 -759.91 300
2093 -759.8566666666667 300
2094 -759.8233333333334 300
2095 -759.4766666666667 300
2096 -758.8633333333333 300
2097 -758.8333333333334 300
2098 -758.6833333333333 300
2099 -758.57 300
2100 -758.16 300
2101 -757.43 300
2102 -755.9966666666667 300
2103 -752.29 300
2104 -751.5433333333333 300
2105 -751.5833333333334 300
2106 -751.74 300
2107 -751.4566666666667 300
2108 -751.4966666666667 300
2109 -751.5366666666666 300
2110 -751.82 300
2111 -751.9766666666667 300
2112 -752.29 300
2113 -752.4733333333334 300
2114 -752.8533333333334 300
2115 -752.89 300
2116 -752.85 300
2117 -753.3266666666667 300
2118 -753.9233333333333 300
2119 -754.77 300
2120 -756.12 300
2121 -758.5166666666667 300
2122 -759.4733333333334 300
2123 -759.43 300
2124 -759.3866666666667 300
2125 -759.3833333333333 300
2126 -759.34 300
2127 -759.2966666666666 300
2128 -759.2533333333333 300
2129 -759.2533333333333 300
2130 -759.2066666666667 300
2131 -759.16 300
2132 -759.1266666666667 300
2133 -759.1866666666666 300
2134 -759.1433333333333 300
2135 -759.1 300
2136 -759.0566666666666 300
2137 -759.06 300
2138 -759.0166666666667 300
2139 -758.9733333333334 300
2140 -758.93 300
2141 -758.8866666666667 300
2142 -758.8433333333334 300
2143 -758.8 300
2144 -758.7566666666667 300
2145 -758.7533333333333 300
2146 -758.7133333333334 300
2147 -758.6 300
2148 -758.56 300
2149 -758.52 300
2150 -758.5666666666667 300
2151 -758.6933333333334 300
2152 -758.6533333333333 300
2153 -758.6133333333333 300
2154 -758.5733333333334 300
2155 -758.58 300
2156 -758.58 300
2157 -758.6233333333333 300
2158 -758.6766666666666 300
2159 -758.6766666666666 300
2160 -758.6366666666667 300
2161 -757.5933333333334 300
2162 -754.83 300
2163 -751.75 300
2164 -751.79 300
2165 -751.83 300
2166 -752.0533333333333 300
2167 -752.2766666666666 300
2168 -752.3533333333334 300
2169 -752.3933333333333 300
2170 -752.4333333333333 300
2171 -752.61 300
2172 -752.7266666666667 300
2173 -752.8 300
2174 -752.34 300
2175 -752.3366666666667 300
2176 -752.3333333333334 300
2177 -752.2633333333333 300
2178 -752.2133333333334 300
2179 -752.2933333333333 300
2180 -752.3366666666667 300
2181 -752.3766666666667 300
2182 -752.4566666666667 300
2183 -752.4566666666667 300
2184 -752.5366666666666 300
2185 -752.5766666666667 300
2186 -752.7466666666667 300
2187 -752.83 300
2188 -753.2733333333333 300
2189 -753.6366666666667 300
2190 -754.3933333333333 300
2191 -755.19 300
2192 -755.77 300
2193 -756.89 300
2194 -758.13 300
2195 -759.25 300
2196 -758.9733333333334 300
2197 -758.3333333333334 300
2198 -757.77 300
2199 -757.0066666666667 300
2200 -755.0466666666666 300
2201 -751.0966666666667 300
2202 -751.11 300
2203 -751.23 300
2204 -751.3133333333334 300
2205 -751.5666666666667 300
2206 -751.5266666666666 300
2207 -751.5666666666667 300
2208 -751.57 300
2209 -751.7866666666666 300
2210 -752.09 300
2211 -751.1433333333333 300
2212 -751.3166666666667 300
2213 -751.6733333333333 300
2214 -752.0166666666667 300
2215 -750.76 300
2216 -750.8033333333333 300
2217 -751.28 300
2218 -752.2533333333333 300
2219 -753.7766666666666 300
2220 -756.38 300
2221 -760.6733333333333 300
2222 -761.6 300
2223 -761.7433333333333 300
2224 -761.9433333333334 300
2225 -762.1733333333333 300
2226 -762.1733333333333 300
2227 -762.1733333333333 300
2228 -762.1733333333333 300
2229 -762.2166666666667 300
2230 -762.3466666666667 300
2231 -762.4333333333333 300
2232 -762.6733333333333 300
2233 -763.0166666666667 300
2234 -763.29 300
2235 -763.9633333333334 300
2236 -764.48 300
2237 -763.9466666666667 300
2238 -764.2633333333333 300
2239 -763.5233333333333 300
2240 -763.7366666666667 300
2241 -764.05 300
2242 -764.3466666666667 300
2243 -765.1733333333333 300
2244 -766.2166666666667 300
2245 -768.7433333333333 300
2246 -773.18 300
2247 -780.2333333333333 300
2248 -788.99 300
2249 -789.22 300
2250 -789.2166666666667 300
2251 -789.0 300
2252 -788.26 300
2253 -786.8666666666667 300
2254 -784.16 300
2255 -779.2 300
2256 -774.23 300
2257 -774.2 300
2258 -773.9733333333334 300
2259 -773.8866666666667 300
2260 -773.8433333333334 300
2261 -773.8266666666667 300
2262 -773.8533333333334 300
2263 -773.8666666666667 300
2264 -773.7933333333333 300
2265 -773.72 300
2266 -773.7566666666667 300
2267 -773.6833333333333 300
2268 -773.61 300
2269 -773.5366666666666 300
2270 -773.4066666666666 300
2271 -773.3866666666667 300
2272 -773.37 300
2273 -773.3533333333334 300
2274 -773.2233333333334 300
2275 -773.25 300
2276 -772.3866666666667 300
2277 -772.3833333333333 300
2278 -772.3366666666667 300
2279 -772.29 300
2280 -772.2433333333333 300
2281 -772.2833333333333 300
2282 -772.1933333333334 300
2283 -771.01 300
2284 -768.95 300
2285 -764.8933333333333 300
2286 -765.1666666666666 300
2287 -765.57 300
2288 -766.0433333333333 300
2289 -766.45 300
2290 -767.4533333333334 300
2291 -768.3766666666667 300
2292 -769.4966666666667 300
2293 -769.4833333333333 300
2294 -769.04 300
2295 -763.0633333333334 300
2296 -762.4633333333334 300
2297 -762.5633333333334 300
2298 -762.87 300
2299 -762.9733333333334 300
2300 -762.9733333333334 300
2301 -763.1366666666667 300
2302 -763.1866666666666 300
2303 -763.2633333333333 300
2304 -763.4266666666666 300
2305 -763.4833333333333 300
2306 -763.4866666666667 300
2307 -763.4166666666666 300
2308 -762.5233333333333 300
2309 -761.51 300
2310 -761.8633333333333 300
2311 -762.07 300
2312 -762.36 300
2313 -762.6966666666667 300
2314 -762.7533333333333 300
2315 -762.8833333333333 300
2316 -766.3033333333333 300
2317 -765.98 300
2318 -764.0666666666667 300
2319 -764.38 300
2320 -764.45 300
2321 -764.66 300
2322 -764.3766666666667 300
2323 -764.91 300
2324 -765.08 300
2325 -765.6133333333333 300
2326 -765.8533333333334 300
2327 -766.1766666666666 300
2328 -766.4466666666667 300
2329 -766.9633333333334 300
2330 -767.7633333333333 300
2331 -768.9766666666667 300
2332 -769.8433333333334 300
2333 -769.7766666666666 300
2334 -766.1833333333333 300
2335 -766.4433333333334 300
2336 -766.9633333333334 300
2337 -767.6366666666667 300
2338 -767.5166666666667 300
2339 -767.8866666666667 300
2340 -767.78 300
2341 -768.37 300
2342 -769.21 300
2343 -769.9733333333334 300
2344 -770.5 300
2345 -770.7366666666667 300
2346 -771.01 300
2347 -769.27 300
2348 -769.65 300
2349 -769.84 300
2350 -770.89 300
2351 -771.8633333333333 300
2352 -773.3133333333334 300
2353 -775.5866666666667 300
2354 -775.2666666666667 300
2355 -777.2566666666667 300
2356 -777.54 300
2357 -777.9766666666667 300
2358 -778.04 300
2359 -778.3466666666667 300
2360 -778.49 300
2361 -778.7833333333333 300
2362 -779.0266666666666 300
2363 -779.6866666666666 300
2364 -779.1966666666667 300
2365 -779.4466666666667 300
2366 -780.0133333333333 300
2367 -780.2266666666667 300
2368 -779.8366666666667 300
2369 -780.0366666666666 300
2370 -778.5 300
2371 -779.6433333333333 300
2372 -779.79 300
2373 -780.05 300
2374 -780.3066666666666 300
2375 -781.9933333333333 300
2376 -782.37 300
2377 -783.8266666666667 300
2378 -785.2066666666667 300
2379 -785.2066666666667 300
2380 -786.33 300
2381 -786.7966666666666 300
2382 -786.75 300
2383 -786.7933333333333 300
2384 -786.75 300
2385 -786.79 300
2386 -786.7666666666667 300
2387 -786.6933333333334 300
2388 -786.5966666666667 300
2389 -786.5933333333334 300
2390 -786.4733333333334 300
2391 -786.37 300
2392 -786.1866666666666 300
2393 -784.7066666666667 300
2394 -784.7633333333333 300
2395 -784.86 300
2396 -784.8366666666667 300
2397 -784.9633333333334 300
2398 -784.97 300
2399 -784.7766666666666 300
2400 -784.4 300
2401 -784.5 300
2402 -784.2366666666667 300
2403 -784.3333333333334 300
2404 -784.41 300
2405 -784.0033333333333 300
2406 -784.08 300
2407 -784.23 300
2408 -786.02 300
2409 -785.9066666666666 300
2410 -785.9266666666666 300
2411 -786.09 300
2412 -786.0666666666667 300
2413 -786.1366666666667 300
2414 -786.1233333333333 300
2415 -786.1033333333334 300
2416 -786.09 300
2417 -785.9566666666667 300
2418 -785.95 300
2419 -786.0066666666667 300
2420 -786.02 300
2421 -785.3933333333333 300
2422 -786.04 300
2423 -786.06 300
2424 -786.0566666666666 300
2425 -786.1033333333334 300
2426 -786.1166666666667 300
2427 -786.1133333333333 300
2428 -786.1233333333333 300
2429 -786.1366666666667 300
2430 -786.13 300
2431 -786.13 300
2432 -786.1266666666667 300
2433 -786.13 300
2434 -786.1766666666666 300
2435 -786.2066666666667 300
2436 -786.2333333333333 300
2437 -786.2633333333333 300
2438 -786.2466666666667 300
2439 -786.2 300
2440 -786.22 300
2441 -786.22 300
2442 -785.8366666666667 300
2443 -785.8433333333334 300
2444 -785.7866666666666 300
2445 -785.6666666666666 300
2446 -785.64 300
2447 -785.6133333333333 300
2448 -785.6166666666667 300
2449 -785.63 300
2450 -785.5966666666667 300
2451 -785.6166666666667 300
2452 -785.5866666666667 300
2453 -785.56 300
2454 -785.5066666666667 300
2455 -785.42 300
2456 -785.35 300
2457 -785.3033333333333 300
2458 -785.2166666666667 300
2459 -785.2233333333334 300
2460 -785.1333333333333 300
2461 -785.0433333333333 300
2462 -785.0233333333333 300
2463 -784.9333333333333 300
2464 -784.8433333333334 300
2465 -784.71 300
2466 -784.6633333333333 300
2467 -784.5733333333334 300
2468 -784.57 300
2469 -784.5266666666666 300
2470 -784.0733333333334 300
2471 -784.1733333333333 300
2472 -784.1466666666666 300
2473 -784.28 300
2474 -784.3233333333334 300
2475 -784.3766666666667 300
2476 -784.33 300
2477 -784.3433333333334 300
2478 -784.3 300
2479 -784.3433333333334 300
2480 -784.3 300
2481 -784.26 300
2482 -784.26 300
2483 -784.26 300
2484 -784.3033333333333 300
2485 -784.3033333333333 300
2486 -784.0633333333334 300
2487 -784.14 300
2488 -784.2 300
2489 -784.21 300
2490 -784.2166666666667 300
2491 -784.2166666666667 300
2492 -784.32 300
2493 -784.3366666666667 300
2494 -784.3933333333333 300
2495 -784.4 300
2496 -784.2333333333333 300
2497 -784.46 300
2498 -785.4633333333334 300
2499 -785.5533333333333 300
2500 -785.52 300
2501 -785.64 300
2502 -785.8466666666667 300
2503 -785.9333333333333 300
2504 -786.0666666666667 300
2505 -786.14 300
2506 -786.2266666666667 300
2507 -785.74 300
2508 -785.7766666666666 300
2509 -785.81 300
2510 -785.9533333333334 300
2511 -786.1066666666667 300
2512 -785.8233333333334 300
2513 -785.9266666666666 300
2514 -785.6233333333333 300
2515 -785.8133333333334 300
2516 -785.87 300
2517 -786.0733333333334 300
2518 -786.12 300
2519 -786.19 300
2520 -786.2633333333333 300
2521 -786.32 300
2522 -787.7033333333334 300
2523 -787.6766666666666 300
2524 -787.7066666666667 300
2525 -787.7866666666666 300
2526 -787.7966666666666 300
2527 -787.5566666666666 300
2528 -787.54 300
2529 -787.5533333333333 300
2530 -787.57 300
2531 -787.5733333333334 300
2532 -787.5466666666666 300
2533 -787.4633333333334 300
2534 -787.52 300
2535 -787.5333333333333 300
2536 -787.5333333333333 300
2537 -787.5366666666666 300
2538 -787.48 300
2539 -787.3933333333333 300
2540 -787.2966666666666 300
2541 -787.2533333333333 300
2542 -787.26 300
2543 -787.2033333333334 300
2544 -787.13 300
2545 -787.0866666666667 300
2546 -787.0433333333333 300
2547 -787.0866666666667 300
2548 -787.1 300
2549 -787.1366666666667 300
2550 -787.1366666666667 300
2551 -787.1366666666667 300
2552 -787.0966666666667 300
2553 -787.21 300
2554 -787.2633333333333 300
2555 -787.2233333333334 300
2556 -787.2566666666667 300
2557 -787.3166666666667 300
2558 -787.3266666666667 300
2559 -787.3233333333334 300
2560 -787.3233333333334 300
2561 -787.2966666666666 300
2562 -787.3566666666667 300
2563 -787.3533333333334 300
2564 -787.4266666666666 300
2565 -787.4733333333334 300
2566 -787.4733333333334 300
2567 -787.5366666666666 300
2568 -787.5466666666666 300
2569 -787.6366666666667 300
2570 -787.6233333333333 300
2571 -787.6266666666667 300
2572 -787.6333333333333 300
2573 -787.7333333333333 300
2574 -787.78 300
2575 -787.88 300
2576 -787.8933333333333 300
2577 -787.9833333333333 300
2578 -787.97 300
2579 -787.99 300
2580 -788.0033333333333 300
2581 -787.99 300
2582 -788.0666666666667 300
2583 -788.0833333333334 300
2584 -787.7266666666667 300
2585 -787.8 300
2586 -787.9033333333333 300
2587 -787.9766666666667 300
2588 -788.1666666666666 300
2589 -788.2066666666667 300
2590 -788.28 300
2591 -788.27 300
2592 -788.3566666666667 300
2593 -787.3966666666666 300
2594 -786.66 300
2595 -786.9666666666667 300
2596 -787.0633333333334 300
2597 -787.1633333333333 300
2598 -788.1566666666666 300
2599 -788.3566666666667 300
2600 -788.5033333333333 300
2601 -788.63 300
2602 -788.8266666666667 300
2603 -788.74 300
2604 -788.7533333333333 300
2605 -788.7466666666667 300
2606 -788.8 300
2607 -788.7666666666667 300
2608 -788.68 300
2609 -788.64 300
2610 -788.6366666666667 300
2611 -788.6066666666667 300
2612 -788.5766666666667 300
2613 -788.5866666666667 300
2614 -788.8266666666667 300
2615 -788.9366666666666 300
2616 -789.0933333333334 300
2617 -789.1433333333333 300
2618 -789.1633333333333 300
2619 -789.1566666666666 300
2620 -789.22 300
2621 -789.1566666666666 300
2622 -789.2233333333334 300
2623 -790.1866666666666 300
2624 -790.1366666666667 300
2625 -790.1066666666667 300
2626 -790.6766666666666 300
2627 -790.81 300
2628 -790.9466666666667 300
2629 -790.94 300
2630 -790.9533333333334 300
2631 -790.7633333333333 300
2632 -789.4333333333333 300
2633 -789.9666666666667 300
2634 -789.7 300
2635 -789.8166666666667 300
2636 -789.9066666666666 300
2637 -789.9233333333333 300
2638 -790.81 300
2639 -791.2066666666667 300
2640 -791.4133333333333 300
2641 -791.2633333333333 300
2642 -791.3233333333334 300
2643 -791.4266666666666 300
2644 -791.55 300
2645 -791.9133333333333 300
2646 -792.1 300
2647 -792.4366666666666 300
2648 -792.3833333333333 300
2649 -792.43 300
2650 -792.4766666666667 300
2651 -792.4766666666667 300
2652 -790.8333333333334 300
2653 -790.8633333333333 300
2654 -790.88 300
2655 -790.9233333333333 300
2656 -790.91 300
2657 -790.97 300
2658 -791.0166666666667 300
2659 -790.99 300
2660 -791.0066666666667 300
2661 -791.0066666666667 300
2662 -790.99 300
2663 -791.0366666666666 300
2664 -791.0533333333333 300
2665 -791.17 300
2666 -791.2133333333334 300
2667 -791.3266666666667 300
2668 -791.33 300
2669 -791.3466666666667 300
2670 -791.3533333333334 300
2671 -791.4266666666666 300
2672 -791.1833333333333 300
2673 -790.3933333333333 300
2674 -790.4366666666666 300
2675 -790.5933333333334 300
2676 -790.5933333333334 300
2677 -790.5766666666667 300
2678 -790.7166666666667 300
2679 -790.4 300
2680 -790.5433333333333 300
2681 -790.7133333333334 300
2682 -790.8233333333334 300
2683 -790.9766666666667 300
2684 -791.1733333333333 300
2685 -792.5366666666666 300
2686 -792.9966666666667 300
2687 -793.3266666666667 300
2688 -790.66 300
2689 -789.88 300
2690 -789.9766666666667 300
2691 -790.1166666666667 300
2692 -790.3133333333334 300
2693 -790.4266666666666 300
2694 -790.5233333333333 300
2695 -790.7066666666667 300
2696 -790.8766666666667 300
2697 -790.9133333333333 300
2698 -790.9966666666667 300
2699 -791.1233333333333 300
2700 -791.21 300
2701 -791.25 300
2702 -790.3266666666667 300
2703 -790.3866666666667 300
2704 -790.4633333333334 300
2705 -790.6466666666666 300
2706 -790.7733333333333 300
2707 -790.7566666666667 300
2708 -790.93 300
2709 -791.0466666666666 300
2710 -791.1033333333334 300
2711 -791.02 300
2712 -791.1366666666667 300
2713 -791.2366666666667 300
2714 -791.2966666666666 300
2715 -791.3266666666667 300
2716 -791.5 300
2717 -791.5433333333333 300
2718 -791.5133333333333 300
2719 -791.4 300
2720 -791.37 300
2721 -791.4433333333334 300
2722 -791.5133333333333 300
2723 -791.57 300
2724 -791.5266666666666 300
2725 -791.4833333333333 300
2726 -791.44 300
2727 -791.3966666666666 300
2728 -791.3533333333334 300
2729 -791.3833333333333 300
2730 -791.3566666666667 300
2731 -791.2833333333333 300
2732 -791.2566666666667 300
2733 -791.24 300
2734 -791.27 300
2735 -791.2466666666667 300
2736 -791.2466666666667 300
2737 -791.2633333333333 300
2738 -791.2933333333333 300
2739 -791.28 300
2740 -791.2966666666666 300
2741 -791.24 300
2742 -791.5466666666666 300
2743 -791.4233333333333 300
2744 -791.4533333333334 300
2745 -791.4966666666667 300
2746 -791.6966666666667 300
2747 -791.8866666666667 300
2748 -792.0766666666667 300
2749 -792.31 300
2750 -792.4533333333334 300
2751 -792.5566666666666 300
2752 -792.6466666666666 300
2753 -792.6766666666666 300
2754 -792.78 300
2755 -792.7666666666667 300
2756 -792.8266666666667 300
2757 -792.8133333333334 300
2758 -792.8733333333333 300
2759 -792.8733333333333 300
2760 -792.1833333333333 300
2761 -792.3166666666667 300
2762 -792.4633333333334 300
2763 -792.5666666666667 300
2764 -792.5433333333333 300
2765 -792.6166666666667 300
2766 -792.7366666666667 300
2767 -792.7 300
2768 -792.7766666666666 300
2769 -792.7333333333333 300
2770 -792.25 300
2771 -792.39 300
2772 -792.2666666666667 300
2773 -792.2133333333334 300
2774 -792.16 300
2775 -792.1533333333333 300
2776 -792.0733333333334 300
2777 -792.0066666666667 300
2778 -792.0 300
2779 -791.9066666666666 300
2780 -791.8566666666667 300
2781 -791.8066666666666 300
2782 -791.67 300
2783 -791.6533333333333 300
2784 -791.5166666666667 300
2785 -791.4966666666667 300
2786 -791.3733333333333 300
2787 -791.36 300
2788 -791.3633333333333 300
2789 -791.3533333333334 300
2790 -791.3 300
2791 -791.3833333333333 300
2792 -791.3733333333333 300
2793 -791.4566666666667 300
2794 -791.4133333333333 300
2795 -791.4 300
2796 -791.3866666666667 300
2797 -791.3866666666667 300
2798 -791.47 300
2799 -791.4566666666667 300
2800 -791.4666666666667 300
2801 -791.5066666666667 300
2802 -791.51 300
2803 -791.55 300
2804 -791.6933333333334 300
2805 -791.69 300
2806 -791.69 300
2807 -791.72 300
2808 -791.7233333333334 300
2809 -792.0333333333333 300
2810 -792.1466666666666 300
2811 -792.2166666666667 300
2812 -791.7433333333333 300
2813 -791.8433333333334 300
2814 -791.9866666666667 300
2815 -792.1466666666666 300
2816 -792.19 300
2817 -792.15 300
2818 -791.4 300
2819 -791.6666666666666 300
2820 -791.75 300
2821 -791.93 300
2822 -791.98 300
2823 -792.14 300
2824 -792.21 300
2825 -792.2333333333333 300
2826 -792.3166666666667 300
2827 -792.3033333333333 300
2828 -792.3766666666667 300
2829 -793.0733333333334 300
2830 -794.4366666666666 300
2831 -794.98 300
2832 -795.0166666666667 300
2833 -794.8766666666667 300
2834 -794.9933333333333 300
2835 -795.4866666666667 300
2836 -795.4633333333334 300
2837 -793.9366666666666 300
2838 -793.99 300
2839 -794.1166666666667 300
2840 -794.18 300
2841 -792.11 300
2842 -791.7933333333333 300
2843 -791.83 300
2844 -791.72 300
2845 -791.8666666666667 300
2846 -791.91 300
2847 -792.06 300
2848 -792.16 300
2849 -792.17 300
2850 -792.2766666666666 300
2851 -792.2733333333333 300
2852 -792.83 300
2853 -792.8666666666667 300
2854 -792.7966666666666 300
2855 -792.8266666666667 300
2856 -793.13 300
2857 -794.2066666666667 300
2858 -794.2166666666667 300
2859 -794.33 300
2860 -794.36 300
2861 -794.5 300
2862 -794.5 300
2863 -793.1133333333333 300
2864 -793.0533333333333 300
2865 -793.0333333333333 300
2866 -793.1433333333333 300
2867 -793.2033333333334 300
2868 -793.12 300
2869 -793.2 300
2870 -793.2066666666667 300
2871 -793.2966666666666 300
2872 -793.39 300
2873 -793.44 300
2874 -793.41 300
2875 -793.35 300
2876 -793.29 300
2877 -793.33 300
2878 -793.2 300
2879 -793.1233333333333 300
2880 -793.0733333333334 300
2881 -792.9133333333333 300
2882 -792.7266666666667 300
2883 -792.8966666666666 300
2884 -793.0366666666666 300
2885 -792.9466666666667 300
2886 -791.1866666666666 300
2887 -790.8233333333334 300
2888 -790.8833333333333 300
2889 -791.0566666666666 300
2890 -791.1566666666666 300
2891 -791.3833333333333 300
2892 -791.4733333333334 300
2893 -791.6033333333334 300
2894 -791.7333333333333 300
2895 -791.9466666666667 300
2896 -792.05 300
2897 -792.1633333333333 300
2898 -792.1166666666667 300
2899 -792.05 300
2900 -792.04 300
2901 -792.4833333333333 300
2902 -792.6166666666667 300
2903 -792.77 300
2904 -793.1766666666666 300
2905 -793.16 300
2906 -793.9666666666667 300
2907 -790.3233333333334 300
2908 -789.5866666666667 300
2909 -789.6766666666666 300
2910 -789.82 300
2911 -790.0266666666666 300
2912 -790.4033333333333 300
2913 -790.6666666666666 300
2914 -791.0866666666667 300
2915 -791.5166666666667 300
2916 -791.9433333333334 300
2917 -792.0533333333333 300
2918 -792.19 300
2919 -792.7066666666667 300
2920 -792.8466666666667 300
2921 -793.0266666666666 300
2922 -793.07 300
2923 -793.09 300
2924 -791.8833333333333 300
2925 -791.9 300
2926 -792.08 300
2927 -792.32 300
2928 -792.35 300
2929 -792.1733333333333 300
2930 -791.5733333333334 300
2931 -791.6 300
2932 -791.6666666666666 300
2933 -791.7266666666667 300
2934 -791.7633333333333 300
2935 -791.8066666666666 300
2936 -791.8066666666666 300
2937 -791.8033333333333 300
2938 -791.86 300
2939 -791.9166666666666 300
2940 -791.95 300
2941 -792.6066666666667 300
2942 -792.82 300
2943 -792.76 300
2944 -792.76 300
2945 -792.84 300
2946 -792.87 300
2947 -792.87 300
2948 -792.8866666666667 300
2949 -792.8666666666667 300
2950 -792.97 300
2951 -792.91 300
2952 -792.8966666666666 300
2953 -792.78 300
2954 -792.64 300
2955 -792.5533333333333 300
2956 -792.4366666666666 300
2957 -792.2666666666667 300
2958 -792.09 300
2959 -791.8833333333333 300
2960 -791.7666666666667 300
2961 -791.68 300
2962 -791.5933333333334 300
2963 -791.5733333333334 300
2964 -791.5533333333333 300
2965 -791.54 300
2966 -791.5266666666666 300
2967 -791.4833333333333 300
2968 -791.32 300
2969 -791.32 300
2970 -791.3133333333334 300
2971 -791.35 300
2972 -791.3866666666667 300
2973 -791.38 300
2974 -791.41 300
2975 -791.54 300
2976 -791.6766666666666 300
2977 -791.64 300
2978 -791.64 300
2979 -791.7133333333334 300
2980 -791.6033333333334 300
2981 -791.56 300
2982 -791.4633333333334 300
2983 -791.3833333333333 300
2984 -791.47 300
2985 -791.39 300
2986 -791.4033333333333 300
2987 -791.36 300
2988 -791.36 300
2989 -791.4033333333333 300
2990 -791.3666666666667 300
2991 -790.3766666666667 300
2992 -790.3466666666667 300
2993 -790.26 300
2994 -790.36 300
2995 -790.41 300
2996 -790.5233333333333 300
2997 -790.6233333333333 300
2998 -790.63 300
2999 -790.6166666666667 300
3000 -790.53 300
