393 -1157.9366666666667 300
394 -1157.9833333333333 300
395 -1158.2033333333334 300
396 -1158.8333333333333 300
397 -1159.6433333333334 300
398 -1159.58 300
399 -1160.21 300
400 -1161.41 300
401 -1154.69 300
402 -1154.65 300
403 -1154.74 300
404 -1154.74 300
405 -1154.2233333333334 300
406 -1153.7466666666667 300
407 -1153.11 300
408 -1153.9833333333333 300
409 -1155.57 300
410 -1155.3966666666668 300
411 -1154.9666666666667 300
412 -1154.4866666666667 300
413 -1152.7533333333333 300
414 -1149.9966666666667 300
415 -1152.0133333333333 300
416 -1148.8 300
417 -1149.85 300
418 -1150.63 300
419 -1147.6866666666667 300
420 -1146.6833333333334 300
421 -1147.1633333333334 300
422 -1147.7766666666666 300
423 -1148.9566666666667 300
424 -1149.8766666666668 300
425 -1150.8 300
426 -1151.8833333333334 300
427 -1152.1933333333334 300
428 -1152.4233333333334 300
429 -1153.6866666666667 300
430 -1155.82 300
431 -1158.3666666666666 300
432 -1158.15 300
433 -1157.8833333333334 300
434 -1156.7 300
435 -1155.05 300
436 -1147.67 300
437 -1146.6033333333332 300
438 -1146.8666666666666 300
439 -1147.2666666666667 300
440 -1147.8833333333334 300
441 -1148.1966666666667 300
442 -1148.9866666666667 300
443 -1149.46 300
444 -1151.12 300
445 -1151.9966666666667 300
446 -1152.97 300
447 -1154.4633333333334 300
448 -1153.64 300
449 -1152.5333333333333 300
450 -1152.9866666666667 300
451 -1153.5933333333332 300
452 -1154.1766666666667 300
453 -1156.4566666666667 300
454 -1161.2566666666667 300
455 -1165.0733333333333 300
456 -1158.4433333333334 300
457 -1145.8933333333334 300
458 -1147.7 300
459 -1149.3266666666666 300
460 -1134.4666666666667 300
461 -1134.4666666666667 300
462 -1133.92 300
463 -1135.05 300
464 -1134.8 300
465 -1131.6366666666668 300
466 -1131.5533333333333 300
467 -1130.8566666666666 300
468 -1130.5566666666666 300
469 -1130.2133333333334 300
470 -1129.74 300
471 -1128.6566666666668 300
472 -1128.2766666666666 300
473 -1125.0466666666666 300
474 -1121.2766666666666 300
475 -1122.1533333333334 300
476 -1123.6366666666668 300
477 -1121.57 300
478 -1122.75 300
479 -1123.4666666666667 300
480 -1124.5066666666667 300
481 -1124.8866666666668 300
482 -1127.1966666666667 300
483 -1128.05 300
484 -1127.86 300
485 -1126.9033333333334 300
486 -1125.9266666666667 300
487 -1123.9566666666667 300
488 -1121.6166666666666 300
489 -1121.9933333333333 300
490 -1122.1 300
491 -1122.9833333333333 300
492 -1123.4366666666667 300
493 -1124.5966666666666 300
494 -1121.54 300
495 -1121.3033333333333 300
496 -1121.6733333333334 300
497 -1122.8066666666666 300
498 -1123.88 300
499 -1125.42 300
500 -1127.9866666666667 300
501 -1129.8466666666666 300
502 -1127.8066666666666 300
503 -1127.9233333333334 300
504 -1127.7933333333333 300
505 -1127.5333333333333 300
506 -1127.8366666666666 300
507 -1127.84 300
508 -1127.8433333333332 300
509 -1127.5 300
510 -1127.94 300
511 -1127.7333333333333 300
512 -1127.6633333333334 300
513 -1127.3466666666666 300
514 -1126.9266666666667 300
515 -1125.99 300
516 -1125.67 300
517 -1125.16 300
518 -1125.6466666666668 300
519 -1125.9 300
520 -1124.5 300
521 -1125.33 300
522 -1125.9366666666667 300
523 -1125.93 300
524 -1125.9233333333334 300
525 -1125.8733333333332 300
526 -1125.71 300
527 -1125.7266666666667 300
528 -1125.7333333333333 300
529 -1125.68 300
530 -1125.72 300
531 -1125.6366666666668 300
532 -1125.58 300
533 -1125.3533333333332 300
534 -1125.4133333333334 300
535 -1126.29 300
536 -1126.4366666666667 300
537 -1126.08 300
538 -1126.8966666666668 300
539 -1125.0366666666666 300
540 -1124.9166666666667 300
541 -1124.6766666666667 300
542 -1124.1933333333334 300
543 -1123.55 300
544 -1122.3066666666666 300
545 -1121.64 300
546 -1118.61 300
547 -1118.9066666666668 300
548 -1119.74 300
549 -1121.1833333333334 300
550 -1121.1833333333334 300
551 -1117.2866666666666 300
552 -1117.5233333333333 300
553 -1117.6766666666667 300
554 -1117.85 300
555 -1118.1366666666668 300
556 -1118.6 300
557 -1119.2466666666667 300
558 -1119.94 300
559 -1121.7633333333333 300
560 -1124.9033333333334 300
561 -1125.2766666666666 300
562 -1125.0166666666667 300
563 -1124.63 300
564 -1124.4266666666667 300
565 -1122.8066666666666 300
566 -1124.19 300
567 -1122.9833333333333 300
568 -1121.5766666666666 300
569 -1123.0666666666666 300
570 -1124.9066666666668 300
571 -1124.8533333333332 300
572 -1125.6366666666668 300
573 -1125.2433333333333 300
574 -1125.7833333333333 300
575 -1125.4033333333334 300
576 -1125.3266666666666 300
577 -1125.1233333333332 300
578 -1124.8133333333333 300
579 -1125.0666666666666 300
580 -1125.5233333333333 300
581 -1124.9566666666667 300
582 -1124.47 300
583 -1123.5466666666666 300
584 -1122.0633333333333 300
585 -1120.05 300
586 -1120.25 300
587 -1117.5466666666666 300
588 -1114.3566666666666 300
589 -1112.79 300
590 -1111.0466666666666 300
591 -1110.0633333333333 300
592 -1108.4533333333334 300
593 -1110.06 300
594 -1108.8166666666666 300
595 -1106.3766666666668 300
596 -1104.4 300
597 -1104.62 300
598 -1104.9033333333334 300
599 -1104.75 300
600 -1105.15 300
601 -1104.2366666666667 300
602 -1104.5966666666666 300
603 -1104.5833333333333 300
604 -1104.5133333333333 300
605 -1104.5633333333333 300
606 -1104.11 300
607 -1103.8 300
608 -1104.7866666666666 300
609 -1107.1833333333334 300
610 -1110.9066666666668 300
611 -1110.62 300
612 -1107.58 300
613 -1105.84 300
614 -1102.8466666666666 300
615 -1096.8166666666666 300
616 -1090.12 300
617 -1090.12 300
618 -1090.12 300
619 -1090.12 300
620 -1090.2466666666667 300
621 -1090.4166666666667 300
622 -1090.4166666666667 300
623 -1090.46 300
624 -1090.1966666666667 300
625 -1090.4666666666667 300
626 -1090.4666666666667 300
627 -1090.7366666666667 300
628 -1090.7366666666667 300
629 -1090.94 300
630 -1090.94 300
631 -1090.9833333333333 300
632 -1090.93 300
633 -1090.9166666666667 300
634 -1090.9866666666667 300
635 -1091.1366666666668 300
636 -1091.3066666666666 300
637 -1091.4166666666667 300
638 -1091.6233333333332 300
639 -1089.54 300
640 -1088.5833333333333 300
641 -1087.93 300
642 -1086.1866666666667 300
643 -1083.2133333333334 300
644 -1084.3533333333332 300
645 -1086.5333333333333 300
646 -1086.3933333333334 300
647 -1084.5633333333333 300
648 -1087.0733333333333 300
649 -1084.43 300
650 -1080.2933333333333 300
651 -1076.6866666666667 300
652 -1076.7666666666667 300
653 -1076.8466666666666 300
654 -1076.9266666666667 300
655 -1076.9633333333334 300
656 -1077.0 300
657 -1077.1833333333334 300
658 -1077.3333333333333 300
659 -1077.52 300
660 -1077.4933333333333 300
661 -1077.5666666666666 300
662 -1077.76 300
663 -1078.26 300
664 -1078.96 300
665 -1079.3366666666666 300
666 -1079.3866666666668 300
667 -1079.4233333333334 300
668 -1079.51 300
669 -1079.5466666666666 300
670 -1079.4666666666667 300
671 -1078.16 300
672 -1077.72 300
673 -1078.07 300
674 -1078.0133333333333 300
675 -1074.9533333333334 300
676 -1074.76 300
677 -1074.9333333333334 300
678 -1075.2833333333333 300
679 -1075.46 300
680 -1075.6766666666667 300
681 -1076.0233333333333 300
682 -1076.2833333333333 300
683 -1076.8466666666666 300
684 -1077.5466666666666 300
685 -1078.5 300
686 -1080.5033333333333 300
687 -1084.7166666666667 300
688 -1084.8766666666668 300
689 -1084.75 300
690 -1084.9266666666667 300
691 -1084.8433333333332 300
692 -1084.8 300
693 -1084.7166666666667 300
694 -1084.6333333333334 300
695 -1084.55 300
696 -1084.4666666666667 300
697 -1085.2933333333333 300
698 -1085.2533333333333 300
699 -1084.8966666666668 300
700 -1083.9 300
701 -1082.1466666666668 300
702 -1083.7133333333334 300
703 -1086.1533333333334 300
704 -1086.08 300
705 -1085.8466666666666 300
706 -1085.2266666666667 300
707 -1087.1 300
708 -1087.2766666666666 300
709 -1087.39 300
710 -1086.7733333333333 300
711 -1085.68 300
712 -1086.4066666666668 300
713 -1086.31 300
714 -1086.2133333333334 300
715 -1086.0333333333333 300
716 -1085.7933333333333 300
717 -1085.07 300
718 -1084.1566666666668 300
719 -1083.1133333333332 300
720 -1080.5066666666667 300
721 -1074.8666666666666 300
722 -1069.4433333333334 300
723 -1069.55 300
724 -1069.7966666666666 300
725 -1071.2133333333334 300
726 -1072.0933333333332 300
727 -1072.9466666666667 300
728 -1075.22 300
729 -1077.7233333333334 300
730 -1077.76 300
731 -1075.97 300
732 -1074.7 300
733 -1067.1133333333332 300
734 -1066.1766666666667 300
735 -1065.7033333333334 300
736 -1065.7833333333333 300
737 -1066.3766666666668 300
738 -1066.6166666666666 300
739 -1067.5966666666666 300
740 -1068.1766666666667 300
741 -1068.4033333333334 300
742 -1068.51 300
743 -1068.44 300
744 -1069.29 300
745 -1070.03 300
746 -1070.02 300
747 -1070.1033333333332 300
748 -1070.0333333333333 300
749 -1069.9433333333334 300
750 -1068.4133333333334 300
751 -1063.77 300
752 -1058.8766666666668 300
753 -1058.8833333333334 300
754 -1058.8833333333334 300
755 -1058.8833333333334 300
756 -1058.8833333333334 300
757 -1058.8833333333334 300
758 -1059.0 300
759 -1059.12 300
760 -1059.1033333333332 300
761 -1059.0333333333333 300
762 -1058.9633333333334 300
763 -1058.96 300
764 -1059.0033333333333 300
765 -1059.3166666666666 300
766 -1059.3166666666666 300
767 -1059.4166666666667 300
768 -1059.3166666666666 300
769 -1059.39 300
770 -1059.0866666666666 300
771 -1059.08 300
772 -1059.3166666666666 300
773 -1059.3166666666666 300
774 -1059.3166666666666 300
775 -1059.37 300
776 -1059.7466666666667 300
777 -1059.8866666666668 300
778 -1058.7833333333333 300
779 -1058.7833333333333 300
780 -1058.7833333333333 300
781 -1058.6966666666667 300
782 -1058.5233333333333 300
783 -1058.11 300
784 -1057.0933333333332 300
785 -1056.0133333333333 300
786 -1053.4766666666667 300
787 -1047.8133333333333 300
788 -1046.16 300
789 -1046.16 300
790 -1046.1166666666666 300
791 -1045.9433333333334 300
792 -1045.77 300
793 -1045.2866666666666 300
794 -1043.8166666666666 300
795 -1040.9133333333334 300
796 -1035.15 300
797 -1035.2233333333334 300
798 -1035.66 300
799 -1036.0666666666666 300
800 -1036.69 300
801 -1037.23 300
802 -1039.02 300
803 -1037.9733333333334 300
804 -1033.91 300
805 -1031.89 300
806 -1030.79 300
807 -1029.27 300
808 -1026.47 300
809 -1020.4266666666666 300
810 -1012.37 300
811 -1013.47 300
812 -1014.02 300
813 -1015.4233333333333 300
814 -1016.8766666666667 300
815 -1012.3366666666667 300
816 -1011.59 300
817 -1009.4566666666667 300
818 -1008.6833333333333 300
819 -1008.6266666666667 300
820 -1009.0833333333334 300
821 -1009.47 300
822 -1009.78 300
823 -1011.0433333333333 300
824 -1012.7933333333333 300
825 -1015.3233333333334 300
826 -1016.5633333333334 300
827 -1011.7766666666666 300
828 -1010.8666666666667 300
829 -1011.6066666666667 300
830 -1013.57 300
831 -1016.5033333333333 300
832 -1017.86 300
833 -1017.9333333333333 300
834 -1017.95 300
835 -1017.9833333333333 300
836 -1018.3933333333333 300
837 -1018.3933333333333 300
838 -1018.0933333333334 300
839 -1017.5933333333334 300
840 -1020.29 300
841 -1021.1 300
842 -1022.6133333333333 300
843 -1023.8066666666666 300
844 -1026.7233333333334 300
845 -1026.3 300
846 -1024.4333333333334 300
847 -1019.6566666666666 300
848 -1013.42 300
849 -1006.4366666666666 300
850 -1004.6166666666667 300
851 -1004.7866666666666 300
852 -1005.2233333333334 300
853 -1006.0966666666667 300
854 -1007.4766666666667 300
855 -1009.7966666666666 300
856 -1013.92 300
857 -1017.63 300
858 -1005.63 300
859 -1005.6966666666667 300
860 -1005.8233333333334 300
861 -1006.0166666666667 300
862 -1006.4166666666666 300
863 -1006.9466666666667 300
864 -1006.4833333333333 300
865 -1006.5833333333334 300
866 -1006.68 300
867 -1006.68 300
868 -1006.45 300
869 -1004.8733333333333 300
870 -1004.87 300
871 -1004.8566666666667 300
872 -1004.8266666666667 300
873 -1004.7833333333333 300
874 -1004.9433333333334 300
875 -1004.9933333333333 300
876 -1004.9933333333333 300
877 -1004.9933333333333 300
878 -1004.95 300
879 -1004.9066666666666 300
880 -1004.9066666666666 300
881 -1005.0033333333333 300
882 -1005.0033333333333 300
883 -1005.0033333333333 300
884 -1005.0466666666666 300
885 -1004.85 300
886 -1004.85 300
887 -1004.8466666666667 300
888 -1004.8033333333333 300
889 -1004.7066666666667 300
890 -1004.7233333333334 300
891 -1004.6666666666666 300
892 -1004.6666666666666 300
893 -1004.4666666666667 300
894 -1003.86 300
895 -1003.8166666666667 300
896 -1003.7866666666666 300
897 -1003.6833333333333 300
898 -1003.69 300
899 -1003.53 300
900 -1003.38 300
901 -1003.0566666666666 300
902 -1004.0166666666667 300
903 -1004.2566666666667 300
904 -1004.5566666666666 300
905 -1004.44 300
906 -1004.4433333333334 300
907 -1004.54 300
908 -1004.4433333333334 300
909 -1004.4433333333334 300
910 -1004.5566666666666 300
911 -1004.5566666666666 300
912 -1004.5566666666666 300
913 -1004.47 300
914 -1004.47 300
915 -1004.61 300
916 -1004.6533333333333 300
917 -1004.67 300
918 -1004.67 300
919 -1004.7133333333334 300
920 -1004.8033333333333 300
921 -1004.8033333333333 300
922 -1004.7266666666667 300
923 -1004.7866666666666 300
924 -1004.74 300
925 -1004.71 300
926 -1004.6 300
927 -1004.6 300
928 -1004.5633333333334 300
929 -1005.08 300
930 -1005.0833333333334 300
931 -1005.0833333333334 300
932 -1005.08 300
933 -1005.12 300
934 -1005.2066666666667 300
935 -1005.1566666666666 300
936 -1005.06 300
937 -1005.3033333333333 300
938 -1005.3 300
939 -1005.1666666666666 300
940 -1005.0033333333333 300
941 -1005.1066666666667 300
942 -1005.08 300
943 -1005.1366666666667 300
944 -1005.0333333333333 300
945 -1004.8366666666667 300
946 -1004.44 300
947 -1004.47 300
948 -1004.5366666666666 300
949 -1004.5766666666667 300
950 -1004.61 300
951 -1004.2533333333333 300
952 -1004.2666666666667 300
953 -1004.2733333333333 300
954 -1004.3266666666667 300
955 -1004.3433333333334 300
956 -1004.3566666666667 300
957 -1004.2866666666666 300
958 -1004.3166666666667 300
959 -1004.3566666666667 300
960 -1004.3633333333333 300
961 -1004.4133333333333 300
962 -1004.3533333333334 300
963 -1004.5933333333334 300
964 -1004.64 300
965 -1004.64 300
966 -1004.2566666666667 300
967 -1003.6166666666667 300
968 -1003.1866666666666 300
969 -1003.81 300
970 -1003.57 300
971 -1003.51 300
972 -1003.92 300
973 -1003.8666666666667 300
974 -1003.7633333333333 300
975 -1003.5 300
976 -1004.1033333333334 300
977 -1003.2666666666667 300
978 -1003.07 300
979 -1004.0466666666666 300
980 -1003.2533333333333 300
981 -1002.4466666666667 300
982 -1002.9666666666667 300
983 -1002.74 300
984 -1002.6533333333333 300
985 -1002.61 300
986 -1002.5933333333334 300
987 -1002.42 300
988 -1001.6 300
989 -1000.4033333333333 300
990 -997.24 300
991 -997.24 300
992 -998.1066666666667 300
993 -994.2533333333333 300
994 -994.6466666666666 300
995 -994.91 300
996 -995.3933333333333 300
997 -996.0566666666666 300
998 -997.88 300
999 -1001.2233333333334 300
1000 -1004.1833333333333 300
1001 -1004.0933333333334 300
1002 -1003.9966666666667 300
1003 -1003.85 300
1004 -1004.2366666666667 300
1005 -1004.23 300
1006 -1004.17 300
1007 -1004.1966666666667 300
1008 -1004.1533333333333 300
1009 -1004.1166666666667 300
1010 -1004.16 300
1011 -1004.1166666666667 300
1012 -1004.0733333333334 300
1013 -1004.03 300
1014 -1003.99 300
1015 -1003.9033333333333 300
1016 -1003.4333333333333 300
1017 -1002.79 300
1018 -1001.5366666666666 300
1019 -999.1566666666666 300
1020 -993.3533333333334 300
1021 -993.0433333333333 300
1022 -993.0433333333333 300
1023 -993.1833333333333 300
1024 -993.23 300
1025 -993.23 300
1026 -993.23 300
1027 -993.2766666666666 300
1028 -993.3233333333334 300
1029 -993.4566666666667 300
1030 -993.5033333333333 300
1031 -993.4566666666667 300
1032 -993.5933333333334 300
1033 -993.5933333333334 300
1034 -993.6833333333333 300
1035 -993.7266666666667 300
1036 -993.9533333333334 300
1037 -993.7866666666666 300
1038 -993.65 300
1039 -993.74 300
1040 -994.1666666666666 300
1041 -994.5466666666666 300
1042 -995.4 300
1043 -996.9333333333333 300
1044 -999.2366666666667 300
1045 -1003.4766666666667 300
1046 -1008.1766666666666 300
1047 -1009.29 300
1048 -1011.77 300
1049 -1010.19 300
1050 -1005.1866666666666 300
1051 -998.2866666666666 300
1052 -999.03 300
1053 -1001.0333333333333 300
1054 -997.81 300
1055 -991.6466666666666 300
1056 -991.9066666666666 300
1057 -992.5133333333333 300
1058 -994.1166666666667 300
1059 -998.1933333333334 300
1060 -1002.3066666666666 300
1061 -1000.1366666666667 300
1062 -1003.8633333333333 300
1063 -1003.9066666666666 300
1064 -1003.83 300
1065 -1003.7433333333333 300
1066 -1003.2666666666667 300
1067 -1002.3133333333334 300
1068 -1004.1866666666666 300
1069 -1004.22 300
1070 -1004.22 300
1071 -1004.2233333333334 300
1072 -1004.2233333333334 300
1073 -1004.2233333333334 300
1074 -1004.2233333333334 300
1075 -1004.2233333333334 300
1076 -1004.36 300
1077 -1004.36 300
1078 -1004.36 300
1079 -1004.36 300
1080 -1004.36 300
1081 -1004.36 300
1082 -1004.4033333333333 300
1083 -1004.4033333333333 300
1084 -1004.4033333333333 300
1085 -1004.3166666666667 300
1086 -1004.3166666666667 300
1087 -1004.3166666666667 300
1088 -1004.2733333333333 300
1089 -1004.1033333333334 300
1090 -1004.1033333333334 300
1091 -1004.1033333333334 300
1092 -1004.1033333333334 300
1093 -1004.2366666666667 300
1094 -1004.24 300
1095 -1004.33 300
1096 -1004.2866666666666 300
1097 -1004.18 300
1098 -1004.18 300
1099 -1004.1833333333333 300
1100 -1004.1833333333333 300
1101 -1004.1833333333333 300
1102 -1004.28 300
1103 -1004.42 300
1104 -1004.4633333333334 300
1105 -1004.59 300
1106 -1004.9733333333334 300
1107 -1005.6833333333333 300
1108 -1007.0066666666667 300
1109 -1007.2833333333333 300
1110 -1007.1466666666666 300
1111 -1006.7066666666667 300
1112 -1006.1633333333333 300
1113 -1004.4 300
1114 -1004.4 300
1115 -1004.3566666666667 300
1116 -1004.36 300
1117 -1004.36 300
1118 -1004.36 300
1119 -1004.4033333333333 300
1120 -1004.4033333333333 300
1121 -1004.49 300
1122 -1004.49 300
1123 -1004.49 300
1124 -1004.49 300
1125 -1004.49 300
1126 -1004.4466666666667 300
1127 -1004.4033333333333 300
1128 -1004.2733333333333 300
1129 -1004.32 300
1130 -1004.06 300
1131 -1003.9733333333334 300
1132 -1003.9733333333334 300
1133 -1004.1466666666666 300
1134 -1004.1033333333334 300
1135 -1004.1033333333334 300
1136 -1004.06 300
1137 -1004.0166666666667 300
1138 -1003.8866666666667 300
1139 -1003.8433333333334 300
1140 -1004.3633333333333 300
1141 -1004.3233333333334 300
1142 -1004.28 300
1143 -1004.24 300
1144 -1004.0666666666667 300
1145 -1003.8533333333334 300
1146 -1003.56 300
1147 -1003.01 300
1148 -1001.6533333333333 300
1149 -1001.41 300
1150 -998.34 300
1151 -993.82 300
1152 -993.9566666666667 300
1153 -994.14 300
1154 -994.2266666666667 300
1155 -994.2733333333333 300
1156 -994.2766666666666 300
1157 -994.5833333333334 300
1158 -994.8533333333334 300
1159 -995.2533333333333 300
1160 -996.1233333333333 300
1161 -997.29 300
1162 -999.2433333333333 300
1163 -1002.39 300
1164 -1004.6066666666667 300
1165 -1004.61 300
1166 -1004.61 300
1167 -1004.6533333333333 300
1168 -1004.6566666666666 300
1169 -1004.6566666666666 300
1170 -1004.6566666666666 300
1171 -1004.6633333333333 300
1172 -1004.7133333333334 300
1173 -1004.71 300
1174 -1004.71 300
1175 -1004.7133333333334 300
1176 -1004.6833333333333 300
1177 -1004.5966666666667 300
1178 -1004.34 300
1179 -1004.3366666666667 300
1180 -1004.4266666666666 300
1181 -1004.13 300
1182 -1003.48 300
1183 -1002.35 300
1184 -1000.35 300
1185 -995.9033333333333 300
1186 -993.2033333333334 300
1187 -993.2933333333333 300
1188 -993.4733333333334 300
1189 -993.6533333333333 300
1190 -993.74 300
1191 -993.96 300
1192 -994.2633333333333 300
1193 -994.5233333333333 300
1194 -994.8266666666667 300
1195 -995.48 300
1196 -996.0466666666666 300
1197 -996.6533333333333 300
1198 -997.0866666666667 300
1199 -997.26 300
1200 -997.3033333333333 300
1201 -997.4333333333333 300
1202 -998.6733333333333 300
1203 -996.4366666666666 300
1204 -995.1366666666667 300
1205 -995.53 300
1206 -995.75 300
1207 -995.9266666666666 300
1208 -995.9266666666666 300
1209 -996.19 300
1210 -996.41 300
1211 -996.54 300
1212 -996.3233333333334 300
1213 -995.9333333333333 300
1214 -995.9866666666667 300
1215 -996.43 300
1216 -996.4733333333334 300
1217 -996.8666666666667 300
1218 -997.3066666666666 300
1219 -997.87 300
1220 -998.7833333333333 300
1221 -999.7366666666667 300
1222 -1001.44 300
1223 -1003.3533333333334 300
1224 -1002.5366666666666 300
1225 -1001.76 300
1226 -1001.97 300
1227 -1000.93 300
1228 -999.8 300
1229 -999.9333333333333 300
1230 -999.9333333333333 300
1231 -999.8466666666667 300
1232 -999.8466666666667 300
1233 -996.5 300
1234 -993.0733333333334 300
1235 -993.11 300
1236 -993.1466666666666 300
1237 -993.1666666666666 300
1238 -993.1766666666666 300
1239 -993.3366666666667 300
1240 -993.5466666666666 300
1241 -993.6766666666666 300
1242 -993.9333333333333 300
1243 -994.1933333333334 300
1244 -994.0466666666666 300
1245 -994.1333333333333 300
1246 -994.2166666666667 300
1247 -994.32 300
1248 -994.3766666666667 300
1249 -994.65 300
1250 -994.8933333333333 300
1251 -995.21 300
1252 -995.71 300
1253 -995.8266666666667 300
1254 -996.8233333333334 300
1255 -996.9 300
1256 -996.98 300
1257 -997.11 300
1258 -997.7433333333333 300
1259 -997.9833333333333 300
1260 -998.02 300
1261 -998.1366666666667 300
1262 -998.79 300
1263 -1000.6733333333333 300
1264 -999.48 300
1265 -1000.9266666666666 300
1266 -1002.81 300
1267 -1002.58 300
1268 -1002.4966666666667 300
1269 -1001.2133333333334 300
1270 -999.3 300
1271 -995.8833333333333 300
1272 -993.4133333333333 300
1273 -993.4166666666666 300
1274 -993.4666666666667 300
1275 -993.45 300
1276 -993.4933333333333 300
1277 -993.5 300
1278 -993.4433333333334 300
1279 -993.0133333333333 300
1280 -993.3933333333333 300
1281 -993.6466666666666 300
1282 -993.73 300
1283 -993.6866666666666 300
1284 -993.6833333333333 300
1285 -993.6833333333333 300
1286 -993.5966666666667 300
1287 -993.7133333333334 300
1288 -993.8966666666666 300
1289 -993.89 300
1290 -993.5966666666667 300
1291 -993.6733333333333 300
1292 -993.6233333333333 300
1293 -993.7033333333334 300
1294 -993.74 300
1295 -993.64 300
1296 -992.7166666666667 300
1297 -990.2833333333333 300
1298 -991.6766666666666 300
1299 -991.37 300
1300 -993.4866666666667 300
1301 -995.8433333333334 300
1302 -995.7433333333333 300
1303 -995.3966666666666 300
1304 -994.8233333333334 300
1305 -992.83 300
1306 -994.2366666666667 300
1307 -996.44 300
1308 -998.0366666666666 300
1309 -997.4633333333334 300
1310 -997.9066666666666 300
1311 -1000.65 300
1312 -1000.6966666666667 300
1313 -999.74 300
1314 -997.18 300
1315 -990.68 300
1316 -982.8366666666667 300
1317 -982.88 300
1318 -982.96 300
1319 -983.0033333333333 300
1320 -983.1 300
1321 -983.0933333333334 300
1322 -983.1366666666667 300
1323 -983.3066666666666 300
1324 -983.4333333333333 300
1325 -983.5266666666666 300
1326 -983.61 300
1327 -983.82 300
1328 -984.1166666666667 300
1329 -984.42 300
1330 -984.6566666666666 300
1331 -984.83 300
1332 -985.07 300
1333 -985.5666666666667 300
1334 -985.8733333333333 300
1335 -986.1566666666666 300
1336 -986.1566666666666 300
1337 -985.38 300
1338 -985.1466666666666 300
1339 -985.62 300
1340 -986.0266666666666 300
1341 -985.38 300
1342 -985.5233333333333 300
1343 -986.11 300
1344 -986.2433333333333 300
1345 -986.5633333333334 300
1346 -983.5 300
1347 -983.7366666666667 300
1348 -983.6666666666666 300
1349 -983.72 300
1350 -983.7233333333334 300
1351 -983.7333333333333 300
1352 -983.88 300
1353 -983.9833333333333 300
1354 -982.8666666666667 300
1355 -982.8666666666667 300
1356 -982.9133333333333 300
1357 -982.96 300
1358 -982.96 300
1359 -982.9633333333334 300
1360 -983.01 300
1361 -983.0933333333334 300
1362 -983.0966666666667 300
1363 -982.7333333333333 300
1364 -981.3466666666667 300
1365 -981.3466666666667 300
1366 -981.3933333333333 300
1367 -981.3933333333333 300
1368 -981.3933333333333 300
1369 -981.49 300
1370 -981.49 300
1371 -981.49 300
1372 -981.49 300
1373 -981.58 300
1374 -981.6233333333333 300
1375 -981.6233333333333 300
1376 -981.5266666666666 300
1377 -981.6633333333333 300
1378 -981.71 300
1379 -981.8033333333333 300
1380 -981.95 300
1381 -982.1333333333333 300
1382 -982.3266666666667 300
1383 -982.4633333333334 300
1384 -982.4233333333333 300
1385 -982.47 300
1386 -982.5166666666667 300
1387 -981.2466666666667 300
1388 -981.2466666666667 300
1389 -981.2466666666667 300
1390 -981.29 300
1391 -981.29 300
1392 -981.3366666666667 300
1393 -981.32 300
1394 -981.41 300
1395 -981.41 300
1396 -981.5 300
1397 -981.59 300
1398 -981.7266666666667 300
1399 -981.7266666666667 300
1400 -981.9066666666666 300
1401 -981.9533333333334 300
1402 -981.9 300
1403 -981.8466666666667 300
1404 -981.6566666666666 300
1405 -981.5533333333333 300
1406 -981.5933333333334 300
1407 -981.52 300
1408 -980.91 300
1409 -979.0866666666667 300
1410 -978.4366666666666 300
1411 -974.2433333333333 300
1412 -967.51 300
1413 -968.1266666666667 300
1414 -968.51 300
1415 -969.2666666666667 300
1416 -972.12 300
1417 -976.14 300
1418 -980.9533333333334 300
1419 -982.2133333333334 300
1420 -989.57 300
1421 -989.6566666666666 300
1422 -989.59 300
1423 -986.86 300
1424 -987.8666666666667 300
1425 -989.96 300
1426 -987.83 300
1427 -990.04 300
1428 -988.3133333333334 300
1429 -989.76 300
1430 -991.85 300
1431 -991.85 300
1432 -991.85 300
1433 -991.85 300
1434 -991.8933333333333 300
1435 -991.9366666666666 300
1436 -991.98 300
1437 -992.0233333333333 300
1438 -992.11 300
1439 -992.11 300
1440 -992.2833333333333 300
1441 -992.37 300
1442 -992.5033333333333 300
1443 -991.4633333333334 300
1444 -991.4633333333334 300
1445 -991.2766666666666 300
1446 -991.2766666666666 300
1447 -991.2733333333333 300
1448 -991.2766666666666 300
1449 -991.2766666666666 300
1450 -991.2766666666666 300
1451 -991.2766666666666 300
1452 -991.2766666666666 300
1453 -991.2766666666666 300
1454 -991.2766666666666 300
1455 -991.2766666666666 300
1456 -991.2766666666666 300
1457 -991.2766666666666 300
1458 -991.28 300
1459 -991.32 300
1460 -991.3633333333333 300
1461 -991.3633333333333 300
1462 -991.3633333333333 300
1463 -991.3633333333333 300
1464 -991.3633333333333 300
1465 -991.3633333333333 300
1466 -991.4066666666666 300
1467 -991.4066666666666 300
1468 -991.41 300
1469 -991.41 300
1470 -991.36 300
1471 -991.36 300
1472 -991.36 300
1473 -991.1433333333333 300
1474 -991.1433333333333 300
1475 -991.1433333333333 300
1476 -991.1466666666666 300
1477 -991.1466666666666 300
1478 -991.15 300
1479 -991.2033333333334 300
1480 -991.22 300
1481 -991.1766666666666 300
1482 -991.1933333333334 300
1483 -991.1166666666667 300
1484 -991.12 300
1485 -991.12 300
1486 -991.12 300
1487 -991.1233333333333 300
1488 -991.1233333333333 300
1489 -991.17 300
1490 -991.17 300
1491 -991.1733333333333 300
1492 -991.1666666666666 300
1493 -991.1133333333333 300
1494 -991.1133333333333 300
1495 -991.1133333333333 300
1496 -991.1133333333333 300
1497 -991.11 300
1498 -991.11 300
1499 -991.1133333333333 300
1500 -991.1133333333333 300
1501 -991.1133333333333 300
1502 -991.1133333333333 300
1503 -991.1166666666667 300
1504 -991.0866666666667 300
1505 -991.0466666666666 300
1506 -990.9266666666666 300
1507 -990.7666666666667 300
1508 -990.5266666666666 300
1509 -989.8833333333333 300
1510 -991.0433333333333 300
1511 -991.0966666666667 300
1512 -991.0966666666667 300
1513 -991.0433333333333 300
1514 -991.0433333333333 300
1515 -991.0433333333333 300
1516 -991.0433333333333 300
1517 -991.0433333333333 300
1518 -991.0433333333333 300
1519 -991.13 300
1520 -991.13 300
1521 -991.13 300
1522 -991.1733333333333 300
1523 -991.13 300
1524 -991.13 300
1525 -991.13 300
1526 -991.2266666666667 300
1527 -991.14 300
1528 -990.9633333333334 300
1529 -990.74 300
1530 -991.18 300
1531 -991.1 300
1532 -990.97 300
1533 -990.5366666666666 300
1534 -989.7566666666667 300
1535 -988.81 300
1536 -986.42 300
1537 -986.6933333333334 300
1538 -988.5566666666666 300
1539 -986.9533333333334 300
1540 -983.2633333333333 300
1541 -981.0533333333333 300
1542 -980.75 300
1543 -980.6633333333333 300
1544 -980.88 300
1545 -980.7933333333333 300
1546 -980.9233333333333 300
1547 -980.9233333333333 300
1548 -981.3133333333334 300
1549 -981.4866666666667 300
1550 -980.99 300
1551 -981.25 300
1552 -981.51 300
1553 -981.77 300
1554 -982.1166666666667 300
1555 -982.3833333333333 300
1556 -982.8166666666667 300
1557 -982.9733333333334 300
1558 -983.74 300
1559 -983.61 300
1560 -983.7166666666667 300
1561 -983.76 300
1562 -984.4966666666667 300
1563 -985.06 300
1564 -985.1033333333334 300
1565 -985.0566666666666 300
1566 -984.9666666666667 300
1567 -984.9633333333334 300
1568 -985.0033333333333 300
1569 -984.8966666666666 300
1570 -985.2 300
1571 -985.2433333333333 300
1572 -986.63 300
1573 -986.5 300
1574 -986.4133333333333 300
1575 -986.3266666666667 300
1576 -986.3266666666667 300
1577 -986.2833333333333 300
1578 -982.2533333333333 300
1579 -979.7933333333333 300
1580 -979.5266666666666 300
1581 -979.4833333333333 300
1582 -979.53 300
1583 -979.6733333333333 300
1584 -979.7166666666667 300
1585 -979.6633333333333 300
1586 -979.75 300
1587 -979.7933333333333 300
1588 -979.8366666666667 300
1589 -979.8366666666667 300
1590 -979.9233333333333 300
1591 -980.01 300
1592 -980.1 300
1593 -980.1433333333333 300
1594 -980.23 300
1595 -980.4033333333333 300
1596 -980.4466666666667 300
1597 -980.49 300
1598 -980.5766666666667 300
1599 -980.5766666666667 300
1600 -980.66 300
1601 -980.79 300
1602 -980.88 300
1603 -981.0533333333333 300
1604 -981.27 300
1605 -981.3633333333333 300
1606 -981.5266666666666 300
1607 -981.65 300
1608 -981.74 300
1609 -981.7833333333333 300
1610 -981.87 300
1611 -981.9133333333333 300
1612 -982.0433333333333 300
1613 -982.13 300
1614 -982.2166666666667 300
1615 -982.26 300
1616 -982.3033333333333 300
1617 -982.39 300
1618 -982.4766666666667 300
1619 -982.65 300
1620 -982.78 300
1621 -982.9533333333334 300
1622 -983.1266666666667 300
1623 -983.1266666666667 300
1624 -983.2566666666667 300
1625 -983.43 300
1626 -983.6033333333334 300
1627 -983.3866666666667 300
1628 -983.56 300
1629 -980.18 300
1630 -980.2666666666667 300
1631 -980.3966666666666 300
1632 -980.6133333333333 300
1633 -980.7433333333333 300
1634 -980.9166666666666 300
1635 -981.0466666666666 300
1636 -981.22 300
1637 -981.4466666666667 300
1638 -981.4466666666667 300
1639 -981.5333333333333 300
1640 -980.7866666666666 300
1641 -980.83 300
1642 -980.8733333333333 300
1643 -980.96 300
1644 -981.0466666666666 300
1645 -981.09 300
1646 -981.3066666666666 300
1647 -981.4366666666666 300
1648 -981.5666666666667 300
1649 -981.74 300
1650 -981.87 300
1651 -981.9566666666667 300
1652 -982.0866666666667 300
1653 -982.26 300
1654 -982.39 300
1655 -982.5633333333334 300
1656 -982.7366666666667 300
1657 -983.4133333333333 300
1658 -984.67 300
1659 -985.8866666666667 300
1660 -986.6833333333333 300
1661 -986.8133333333334 300
1662 -989.4133333333333 300
1663 -989.9233333333333 300
1664 -989.88 300
1665 -989.8366666666667 300
1666 -989.88 300
1667 -989.7933333333333 300
1668 -989.7066666666667 300
1669 -989.6633333333333 300
1670 -989.62 300
1671 -989.5333333333333 300
1672 -989.36 300
1673 -989.2733333333333 300
1674 -989.1833333333333 300
1675 -989.1833333333333 300
1676 -989.1833333333333 300
1677 -989.2266666666667 300
1678 -989.14 300
1679 -988.5766666666667 300
1680 -988.5333333333333 300
1681 -988.4466666666667 300
1682 -988.5766666666667 300
1683 -988.5766666666667 300
1684 -988.1433333333333 300
1685 -988.23 300
1686 -986.6266666666667 300
1687 -984.07 300
1688 -979.91 300
1689 -979.7333333333333 300
1690 -979.82 300
1691 -979.9066666666666 300
1692 -979.95 300
1693 -979.95 300
1694 -979.9933333333333 300
1695 -979.9933333333333 300
1696 -979.9066666666666 300
1697 -979.7333333333333 300
1698 -979.3866666666667 300
1699 -979.3866666666667 300
1700 -979.3866666666667 300
1701 -979.4366666666666 300
1702 -979.4433333333334 300
1703 -979.4933333333333 300
1704 -979.5466666666666 300
1705 -979.69 300
1706 -979.7566666666667 300
1707 -979.89 300
1708 -979.98 300
1709 -979.9833333333333 300
1710 -980.0766666666667 300
1711 -980.05 300
1712 -980.2666666666667 300
1713 -980.2833333333333 300
1714 -980.3133333333334 300
1715 -980.5533333333333 300
1716 -980.6733333333333 300
1717 -980.9033333333333 300
1718 -980.9433333333334 300
1719 -979.7 300
1720 -979.7433333333333 300
1721 -979.7433333333333 300
1722 -979.83 300
1723 -979.8733333333333 300
1724 -979.96 300
1725 -979.96 300
1726 -980.0066666666667 300
1727 -980.05 300
1728 -980.3066666666666 300
1729 -979.83 300
1730 -980.3466666666667 300
1731 -981.4366666666666 300
1732 -984.2066666666667 300
1733 -988.8366666666667 300
1734 -989.55 300
1735 -990.2333333333333 300
1736 -989.0633333333334 300
1737 -987.8466666666667 300
1738 -985.42 300
1739 -982.26 300
1740 -982.7366666666667 300
1741 -983.4733333333334 300
1742 -984.4266666666666 300
1743 -985.64 300
1744 -988.41 300
1745 -990.9566666666667 300
1746 -990.9133333333333 300
1747 -990.87 300
1748 -991.0866666666667 300
1749 -991.0866666666667 300
1750 -991.13 300
1751 -991.0433333333333 300
1752 -991.1266666666667 300
1753 -991.04 300
1754 -990.9066666666666 300
1755 -990.6433333333333 300
1756 -990.3866666666667 300
1757 -991.0 300
1758 -991.0 300
1759 -991.0 300
1760 -991.04 300
1761 -991.0366666666666 300
1762 -991.0 300
1763 -991.0 300
1764 -991.0 300
1765 -991.0 300
1766 -991.0 300
1767 -991.0 300
1768 -991.0 300
1769 -991.0 300
1770 -991.0 300
1771 -991.0 300
1772 -991.0433333333333 300
1773 -991.0433333333333 300
1774 -991.0433333333333 300
1775 -991.0433333333333 300
1776 -991.0433333333333 300
1777 -991.0433333333333 300
1778 -991.0433333333333 300
1779 -990.9966666666667 300
1780 -990.9533333333334 300
1781 -990.7266666666667 300
1782 -990.4566666666667 300
1783 -989.6633333333333 300
1784 -988.56 300
1785 -986.4266666666666 300
1786 -983.56 300
1787 -983.02 300
1788 -982.6766666666666 300
1789 -982.76 300
1790 -982.9333333333333 300
1791 -983.06 300
1792 -983.1633333333333 300
1793 -983.7366666666667 300
1794 -984.0633333333334 300
1795 -984.4033333333333 300
1796 -985.2333333333333 300
1797 -985.58 300
1798 -986.5233333333333 300
1799 -986.22 300
1800 -983.0666666666667 300
1801 -982.3133333333334 300
1802 -982.54 300
1803 -982.5733333333334 300
1804 -982.3033333333333 300
1805 -982.25 300
1806 -978.9866666666667 300
1807 -979.0733333333334 300
1808 -979.1166666666667 300
1809 -979.0633333333334 300
1810 -979.01 300
1811 -979.0966666666667 300
1812 -979.14 300
1813 -979.28 300
1814 -979.3233333333334 300
1815 -979.3566666666667 300
1816 -979.39 300
1817 -979.38 300
1818 -979.3266666666667 300
1819 -979.6733333333333 300
1820 -979.8366666666667 300
1821 -976.3366666666667 300
1822 -968.5633333333334 300
1823 -969.18 300
1824 -971.6133333333333 300
1825 -975.07 300
1826 -976.9566666666667 300
1827 -976.9566666666667 300
1828 -977.2366666666667 300
1829 -977.1933333333334 300
1830 -977.3333333333334 300
1831 -977.1933333333334 300
1832 -984.9466666666667 300
1833 -989.1466666666666 300
1834 -988.8233333333334 300
1835 -988.64 300
1836 -988.4566666666667 300
1837 -988.0366666666666 300
1838 -987.8533333333334 300
1839 -989.59 300
1840 -989.2133333333334 300
1841 -988.9766666666667 300
1842 -989.86 300
1843 -989.4833333333333 300
1844 -990.0866666666667 300
1845 -989.99 300
1846 -989.8933333333333 300
1847 -989.84 300
1848 -989.6033333333334 300
1849 -989.41 300
1850 -989.1733333333333 300
1851 -988.9366666666666 300
1852 -988.7 300
1853 -988.4633333333334 300
1854 -988.2266666666667 300
1855 -987.99 300
1856 -987.9366666666666 300
1857 -987.6033333333334 300
1858 -987.3666666666667 300
1859 -987.0533333333333 300
1860 -986.8166666666667 300
1861 -986.58 300
1862 -986.2466666666667 300
1863 -986.01 300
1864 -985.7733333333333 300
1865 -985.5366666666666 300
1866 -982.3333333333334 300
1867 -983.7466666666667 300
1868 -979.3433333333334 300
1869 -985.2666666666667 300
1870 -990.66 300
1871 -990.5666666666667 300
1872 -990.0866666666667 300
1873 -989.8966666666666 300
1874 -989.7066666666667 300
1875 -989.3233333333334 300
1876 -988.3566666666667 300
1877 -987.5933333333334 300
1878 -987.37 300
1879 -987.08 300
1880 -986.79 300
1881 -986.5966666666667 300
1882 -986.5 300
1883 -986.5 300
1884 -986.21 300
1885 -986.0166666666667 300
1886 -985.7266666666667 300
1887 -983.89 300
1888 -983.6966666666667 300
1889 -983.5033333333333 300
1890 -983.6966666666667 300
1891 -978.3366666666667 300
1892 -971.1933333333334 300
1893 -969.7433333333333 300
1894 -966.36 300
1895 -966.5533333333333 300
1896 -966.65 300
1897 -966.65 300
1898 -967.0366666666666 300
1899 -966.36 300
1900 -966.5966666666667 300
1901 -966.9833333333333 300
1902 -966.8433333333334 300
1903 -965.2 300
1904 -965.0066666666667 300
1905 -965.1033333333334 300
1906 -965.1033333333334 300
1907 -965.1466666666666 300
1908 -965.3433333333334 300
1909 -965.5366666666666 300
1910 -965.7733333333333 300
1911 -965.9166666666666 300
1912 -965.9066666666666 300
1913 -966.2233333333334 300
1914 -966.4933333333333 300
1915 -966.7533333333333 300
1916 -967.4666666666667 300
1917 -968.3333333333334 300
1918 -969.3666666666667 300
1919 -969.9833333333333 300
1920 -966.6566666666666 300
1921 -966.7433333333333 300
1922 -967.1 300
1923 -967.23 300
1924 -967.5766666666667 300
1925 -968.2266666666667 300
1926 -968.8766666666667 300
1927 -965.7566666666667 300
1928 -965.8866666666667 300
1929 -966.37 300
1930 -963.21 300
1931 -963.2533333333333 300
1932 -963.2966666666666 300
1933 -963.34 300
1934 -963.3866666666667 300
1935 -963.43 300
1936 -963.43 300
1937 -963.4733333333334 300
1938 -963.4733333333334 300
1939 -963.52 300
1940 -963.5633333333334 300
1941 -963.6 300
1942 -962.3866666666667 300
1943 -962.3866666666667 300
1944 -962.3866666666667 300
1945 -962.3866666666667 300
1946 -962.3866666666667 300
1947 -962.43 300
1948 -962.43 300
1949 -962.43 300
1950 -962.43 300
1951 -962.43 300
1952 -962.43 300
1953 -962.43 300
1954 -962.43 300
1955 -962.43 300
1956 -962.43 300
1957 -962.43 300
1958 -962.4266666666666 300
1959 -962.4266666666666 300
1960 -962.43 300
1961 -962.2466666666667 300
1962 -962.2933333333333 300
1963 -962.2933333333333 300
1964 -962.2933333333333 300
1965 -962.2933333333333 300
1966 -962.2933333333333 300
1967 -962.2933333333333 300
1968 -962.2933333333333 300
1969 -962.3366666666667 300
1970 -962.3366666666667 300
1971 -962.4333333333333 300
1972 -962.39 300
1973 -962.39 300
1974 -962.39 300
1975 -962.39 300
1976 -962.39 300
1977 -962.4866666666667 300
1978 -962.4866666666667 300
1979 -962.53 300
1980 -962.4033333333333 300
1981 -962.3966666666666 300
1982 -962.3966666666666 300
1983 -962.3966666666666 300
1984 -962.3966666666666 300
1985 -962.3966666666666 300
1986 -962.3966666666666 300
1987 -962.3966666666666 300
1988 -962.3966666666666 300
1989 -962.4 300
1990 -962.4 300
1991 -962.3566666666667 300
1992 -962.3566666666667 300
1993 -962.3566666666667 300
1994 -962.3566666666667 300
1995 -962.3566666666667 300
1996 -962.3566666666667 300
1997 -962.3566666666667 300
1998 -962.3566666666667 300
1999 -962.3566666666667 300
2000 -962.3566666666667 300
2001 -962.3566666666667 300
2002 -962.3566666666667 300
2003 -962.3566666666667 300
2004 -962.3566666666667 300
2005 -962.3566666666667 300
2006 -962.3566666666667 300
2007 -962.3566666666667 300
2008 -962.3566666666667 300
2009 -962.3966666666666 300
2010 -962.44 300
2011 -962.4833333333333 300
2012 -962.58 300
2013 -962.6233333333333 300
2014 -962.7533333333333 300
2015 -962.97 300
2016 -963.11 300
2017 -963.0566666666666 300
2018 -962.44 300
2019 -962.44 300
2020 -962.44 300
2021 -962.44 300
2022 -962.44 300
2023 -962.44 300
2024 -962.44 300
2025 -962.44 300
2026 -962.44 300
2027 -962.44 300
2028 -962.44 300
2029 -962.44 300
2030 -962.44 300
2031 -962.44 300
2032 -962.5266666666666 300
2033 -962.4833333333333 300
2034 -962.6133333333333 300
2035 -962.7 300
2036 -962.96 300
2037 -963.5666666666667 300
2038 -964.3466666666667 300
2039 -965.2566666666667 300
2040 -967.9866666666667 300
2041 -971.7566666666667 300
2042 -974.4766666666667 300
2043 -974.4766666666667 300
2044 -974.4333333333333 300
2045 -974.53 300
2046 -974.53 300
2047 -974.53 300
2048 -974.53 300
2049 -974.6166666666667 300
2050 -974.6166666666667 300
2051 -974.79 300
2052 -975.2666666666667 300
2053 -975.31 300
2054 -975.3533333333334 300
2055 -975.2133333333334 300
2056 -975.2133333333334 300
2057 -975.2133333333334 300
2058 -975.26 300
2059 -975.16 300
2060 -975.16 300
2061 -975.16 300
2062 -975.16 300
2063 -975.16 300
2064 -975.16 300
2065 -975.16 300
2066 -975.16 300
2067 -975.16 300
2068 -975.16 300
2069 -975.16 300
2070 -975.16 300
2071 -975.16 300
2072 -975.16 300
2073 -975.16 300
2074 -975.16 300
2075 -975.16 300
2076 -975.2033333333334 300
2077 -975.2533333333333 300
2078 -975.2966666666666 300
2079 -975.2966666666666 300
2080 -975.26 300
2081 -975.17 300
2082 -975.17 300
2083 -975.17 300
2084 -975.17 300
2085 -975.17 300
2086 -975.17 300
2087 -975.17 300
2088 -975.17 300
2089 -975.17 300
2090 -975.17 300
2091 -975.17 300
2092 -975.17 300
2093 -975.17 300
2094 -975.17 300
2095 -975.17 300
2096 -975.17 300
2097 -975.17 300
2098 -975.17 300
2099 -975.17 300
2100 -975.17 300
2101 -975.17 300
2102 -975.17 300
2103 -975.17 300
2104 -975.17 300
2105 -975.17 300
2106 -975.17 300
2107 -975.17 300
2108 -975.17 300
2109 -975.17 300
2110 -975.17 300
2111 -975.17 300
2112 -975.17 300
2113 -975.17 300
2114 -975.2133333333334 300
2115 -975.2133333333334 300
2116 -975.2133333333334 300
2117 -975.2133333333334 300
2118 -975.2133333333334 300
2119 -975.2133333333334 300
2120 -975.2566666666667 300
2121 -975.2566666666667 300
2122 -975.2566666666667 300
2123 -975.2566666666667 300
2124 -975.2566666666667 300
2125 -975.2566666666667 300
2126 -975.2566666666667 300
2127 -975.17 300
2128 -975.17 300
2129 -975.17 300
2130 -975.17 300
2131 -975.2133333333334 300
2132 -975.2133333333334 300
2133 -975.17 300
2134 -975.17 300
2135 -975.17 300
2136 -975.17 300
2137 -975.17 300
2138 -975.17 300
2139 -975.17 300
2140 -975.17 300
2141 -975.17 300
2142 -975.17 300
2143 -975.17 300
2144 -975.17 300
2145 -975.17 300
2146 -975.17 300
2147 -975.17 300
2148 -975.17 300
2149 -975.17 300
2150 -975.17 300
2151 -975.1666666666666 300
2152 -975.2066666666667 300
2153 -975.2066666666667 300
2154 -975.1266666666667 300
2155 -975.1266666666667 300
2156 -975.17 300
2157 -975.17 300
2158 -975.17 300
2159 -975.17 300
2160 -975.17 300
2161 -975.17 300
2162 -975.17 300
2163 -975.17 300
2164 -975.0833333333334 300
2165 -975.0866666666667 300
2166 -975.0866666666667 300
2167 -975.0866666666667 300
2168 -975.05 300
2169 -975.0533333333333 300
2170 -975.07 300
2171 -975.05 300
2172 -975.0366666666666 300
2173 -974.8133333333334 300
2174 -974.4133333333333 300
2175 -974.0833333333334 300
2176 -973.51 300
2177 -975.3333333333334 300
2178 -975.25 300
2179 -975.7466666666667 300
2180 -975.8433333333334 300
2181 -975.78 300
2182 -975.7766666666666 300
2183 -975.7733333333333 300
2184 -975.7766666666666 300
2185 -975.7766666666666 300
2186 -975.7666666666667 300
2187 -975.8066666666666 300
2188 -975.8066666666666 300
2189 -975.8033333333333 300
2190 -975.8033333333333 300
2191 -975.8633333333333 300
2192 -975.69 300
2193 -975.3066666666666 300
2194 -975.0633333333334 300
2195 -975.02 300
2196 -974.9766666666667 300
2197 -974.9333333333333 300
2198 -974.89 300
2199 -974.8466666666667 300
2200 -975.1933333333334 300
2201 -975.2366666666667 300
2202 -975.2366666666667 300
2203 -975.1933333333334 300
2204 -975.3366666666667 300
2205 -975.3366666666667 300
2206 -975.1633333333333 300
2207 -975.1633333333333 300
2208 -975.7666666666667 300
2209 -976.0266666666666 300
2210 -979.32 300
2211 -983.45 300
2212 -987.6066666666667 300
2213 -987.5333333333333 300
2214 -987.4166666666666 300
2215 -987.34 300
2216 -987.2633333333333 300
2217 -987.1866666666666 300
2218 -987.11 300
2219 -986.4466666666667 300
2220 -986.0133333333333 300
2221 -985.16 300
2222 -983.7866666666666 300
2223 -982.6066666666667 300
2224 -977.7633333333333 300
2225 -975.4233333333333 300
2226 -975.52 300
2227 -975.6166666666667 300
2228 -975.7233333333334 300
2229 -976.4433333333334 300
2230 -977.69 300
2231 -980.15 300
2232 -984.7266666666667 300
2233 -992.76 300
2234 -1002.94 300
2235 -1002.7466666666667 300
2236 -1002.16 300
2237 -1000.68 300
2238 -999.25 300
2239 -995.81 300
2240 -989.8766666666667 300
2241 -988.2966666666666 300
2242 -988.2633333333333 300
2243 -988.23 300
2244 -988.3033333333333 300
2245 -988.27 300
2246 -988.3866666666667 300
2247 -988.4066666666666 300
2248 -988.48 300
2249 -988.5 300
2250 -988.52 300
2251 -988.4866666666667 300
2252 -988.4733333333334 300
2253 -988.4066666666666 300
2254 -987.8066666666666 300
2255 -986.86 300
2256 -984.5933333333334 300
2257 -980.8566666666667 300
2258 -980.9433333333334 300
2259 -980.9766666666667 300
2260 -980.9766666666667 300
2261 -980.9766666666667 300
2262 -980.9766666666667 300
2263 -980.9766666666667 300
2264 -980.9766666666667 300
2265 -981.01 300
2266 -981.0433333333333 300
2267 -981.27 300
2268 -981.3133333333334 300
2269 -981.4433333333334 300
2270 -981.8266666666667 300
2271 -982.52 300
2272 -983.7766666666666 300
2273 -986.7566666666667 300
2274 -992.0533333333333 300
2275 -992.3466666666667 300
2276 -992.34 300
2277 -992.6166666666667 300
2278 -992.65 300
2279 -992.5866666666667 300
2280 -992.5666666666667 300
2281 -992.6 300
2282 -992.58 300
2283 -992.6033333333334 300
2284 -992.5833333333334 300
2285 -992.5633333333334 300
2286 -992.4466666666667 300
2287 -992.31 300
2288 -991.8033333333333 300
2289 -990.77 300
2290 -990.6033333333334 300
2291 -990.6566666666666 300
2292 -990.7 300
2293 -990.9466666666667 300
2294 -991.0433333333333 300
2295 -991.55 300
2296 -992.23 300
2297 -993.7766666666666 300
2298 -996.43 300
2299 -1001.64 300
2300 -1001.7466666666667 300
2301 -1001.7566666666667 300
2302 -1001.6733333333333 300
2303 -1001.7033333333334 300
2304 -1001.7033333333334 300
2305 -1001.7133333333334 300
2306 -1001.7233333333334 300
2307 -1001.7933333333333 300
2308 -1001.7833333333333 300
2309 -1001.8566666666667 300
2310 -1001.8966666666666 300
2311 -1001.15 300
2312 -1001.15 300
2313 -1001.15 300
2314 -1001.15 300
2315 -1001.1066666666667 300
2316 -1001.1066666666667 300
2317 -1001.1066666666667 300
2318 -1001.1066666666667 300
2319 -1001.1 300
2320 -1001.11 300
2321 -1001.1066666666667 300
2322 -1001.1066666666667 300
2323 -1001.1033333333334 300
2324 -1001.1 300
2325 -1001.1133333333333 300
2326 -1001.16 300
2327 -1001.1133333333333 300
2328 -1001.1233333333333 300
2329 -1001.1233333333333 300
2330 -1001.1233333333333 300
2331 -1001.1233333333333 300
2332 -1001.1233333333333 300
2333 -1001.1233333333333 300
2334 -1001.1233333333333 300
2335 -1001.1033333333334 300
2336 -1001.1033333333334 300
2337 -1001.1033333333334 300
2338 -1001.1033333333334 300
2339 -1001.1033333333334 300
2340 -1001.1033333333334 300
2341 -1001.1033333333334 300
2342 -1001.1033333333334 300
2343 -1001.06 300
2344 -1001.0166666666667 300
2345 -1000.9733333333334 300
2346 -1000.93 300
2347 -1000.8866666666667 300
2348 -1000.8433333333334 300
2349 -1000.8 300
2350 -1000.7133333333334 300
2351 -1000.67 300
2352 -1000.6266666666667 300
2353 -1000.5833333333334 300
2354 -1000.5833333333334 300
2355 -1000.54 300
2356 -1000.4966666666667 300
2357 -1000.4533333333334 300
2358 -1000.41 300
2359 -1000.3666666666667 300
2360 -1000.3233333333334 300
2361 -1000.28 300
2362 -1000.2366666666667 300
2363 -1000.1933333333334 300
2364 -999.5 300
2365 -1001.0166666666667 300
2366 -1001.0166666666667 300
2367 -1001.1133333333333 300
2368 -1001.06 300
2369 -1001.06 300
2370 -1001.06 300
2371 -1001.06 300
2372 -1001.06 300
2373 -1001.1033333333334 300
2374 -1001.1033333333334 300
2375 -1001.1133333333333 300
2376 -1001.1133333333333 300
2377 -1001.1133333333333 300
2378 -1001.1566666666666 300
2379 -1001.1566666666666 300
2380 -1001.1566666666666 300
2381 -1001.1566666666666 300
2382 -1001.1566666666666 300
2383 -1001.1566666666666 300
2384 -1001.1566666666666 300
2385 -1001.1566666666666 300
2386 -1001.1566666666666 300
2387 -1001.1566666666666 300
2388 -1001.1566666666666 300
2389 -1001.1566666666666 300
2390 -1001.1566666666666 300
2391 -1001.1566666666666 300
2392 -1001.1566666666666 300
2393 -1001.1166666666667 300
2394 -1001.1166666666667 300
2395 -1001.1166666666667 300
2396 -1001.1166666666667 300
2397 -1001.1166666666667 300
2398 -1001.1166666666667 300
2399 -1001.1166666666667 300
2400 -1001.1166666666667 300
2401 -1001.1166666666667 300
2402 -1001.1166666666667 300
2403 -1001.1166666666667 300
2404 -1001.1166666666667 300
2405 -1001.1166666666667 300
2406 -1001.1166666666667 300
2407 -1001.1166666666667 300
2408 -1001.1166666666667 300
2409 -1001.1166666666667 300
2410 -1001.1166666666667 300
2411 -1001.1166666666667 300
2412 -1001.1166666666667 300
2413 -1001.1166666666667 300
2414 -1001.0733333333334 300
2415 -1001.0733333333334 300
2416 -1001.08 300
2417 -1001.08 300
2418 -1001.08 300
2419 -1001.08 300
2420 -1001.08 300
2421 -1001.08 300
2422 -1001.08 300
2423 -1001.0733333333334 300
2424 -1001.0733333333334 300
2425 -1001.0733333333334 300
2426 -1001.0733333333334 300
2427 -1001.0733333333334 300
2428 -1001.0766666666667 300
2429 -1001.0766666666667 300
2430 -1001.0766666666667 300
2431 -1001.12 300
2432 -1001.1233333333333 300
2433 -1001.1233333333333 300
2434 -1001.1233333333333 300
2435 -1001.1233333333333 300
2436 -1001.1233333333333 300
2437 -1001.13 300
2438 -1001.1333333333333 300
2439 -1001.2266666666667 300
2440 -1001.1933333333334 300
2441 -1001.0733333333334 300
2442 -1000.8566666666667 300
2443 -1000.7266666666667 300
2444 -1000.38 300
2445 -999.6866666666666 300
2446 -998.2133333333334 300
2447 -995.7433333333333 300
2448 -995.08 300
2449 -995.1233333333333 300
2450 -995.1666666666666 300
2451 -995.1666666666666 300
2452 -995.2533333333333 300
2453 -995.5133333333333 300
2454 -995.6433333333333 300
2455 -995.6866666666666 300
2456 -995.7733333333333 300
2457 -996.8566666666667 300
2458 -998.8066666666666 300
2459 -997.94 300
2460 -995.86 300
2461 -996.6833333333333 300
2462 -998.2433333333333 300
2463 -996.7366666666667 300
2464 -998.86 300
2465 -1000.2033333333334 300
2466 -999.4266666666666 300
2467 -998.6466666666666 300
2468 -998.04 300
2469 -997.9966666666667 300
2470 -997.9533333333334 300
2471 -996.8266666666667 300
2472 -996.8366666666667 300
2473 -996.7933333333333 300
2474 -996.7933333333333 300
2475 -996.8366666666667 300
2476 -996.88 300
2477 -993.8033333333333 300
2478 -994.2366666666667 300
2479 -995.2866666666666 300
2480 -996.2833333333333 300
2481 -997.84 300
2482 -1000.7866666666666 300
2483 -1000.7433333333333 300
2484 -1000.6666666666666 300
2485 -1000.5366666666666 300
2486 -1000.1466666666666 300
2487 -1000.5366666666666 300
2488 -1000.32 300
2489 -1000.3566666666667 300
2490 -1000.3133333333334 300
2491 -1000.27 300
2492 -1000.2266666666667 300
2493 -1000.1333333333333 300
2494 -1000.13 300
2495 -1000.0833333333334 300
2496 -1000.0366666666666 300
2497 -999.99 300
2498 -999.9433333333334 300
2499 -999.8966666666666 300
2500 -999.85 300
2501 -998.97 300
2502 -997.1966666666667 300
2503 -994.6033333333334 300
2504 -990.0133333333333 300
2505 -990.0133333333333 300
2506 -990.0133333333333 300
2507 -990.0966666666667 300
2508 -990.18 300
2509 -990.2633333333333 300
2510 -990.43 300
2511 -990.6833333333333 300
2512 -991.24 300
2513 -992.0966666666667 300
2514 -992.9766666666667 300
2515 -994.2466666666667 300
2516 -996.62 300
2517 -1000.1066666666667 300
2518 -1000.06 300
2519 -1000.0566666666666 300
2520 -1000.0533333333333 300
2521 -1000.05 300
2522 -999.97 300
2523 -999.9233333333333 300
2524 -999.92 300
2525 -999.8366666666667 300
2526 -999.7566666666667 300
2527 -999.6733333333333 300
2528 -999.6366666666667 300
2529 -999.5533333333333 300
2530 -999.48 300
2531 -999.4466666666667 300
2532 -999.3666666666667 300
2533 -999.2866666666666 300
2534 -999.22 300
2535 -999.1833333333333 300
2536 -999.0966666666667 300
2537 -999.0133333333333 300
2538 -998.9233333333333 300
2539 -998.88 300
2540 -998.8433333333334 300
2541 -998.7633333333333 300
2542 -998.63 300
2543 -998.5833333333334 300
2544 -998.4966666666667 300
2545 -998.41 300
2546 -998.3166666666667 300
2547 -998.24 300
2548 -998.2833333333333 300
2549 -998.1933333333334 300
2550 -998.06 300
2551 -997.36 300
2552 -997.5166666666667 300
2553 -997.5166666666667 300
2554 -997.5566666666666 300
2555 -997.5166666666667 300
2556 -997.6433333333333 300
2557 -997.6066666666667 300
2558 -997.61 300
2559 -997.6166666666667 300
2560 -997.6233333333333 300
2561 -997.5433333333333 300
2562 -995.9933333333333 300
2563 -992.08 300
2564 -989.8166666666667 300
2565 -989.9133333333333 300
2566 -990.15 300
2567 -990.6133333333333 300
2568 -990.8933333333333 300
2569 -991.7033333333334 300
2570 -992.6033333333334 300
2571 -994.2866666666666 300
2572 -995.9333333333333 300
2573 -994.2866666666666 300
2574 -993.4833333333333 300
2575 -993.58 300
2576 -993.7166666666667 300
2577 -993.8133333333334 300
2578 -993.91 300
2579 -994.0066666666667 300
2580 -988.3066666666666 300
2581 -988.3066666666666 300
2582 -988.3066666666666 300
2583 -988.3066666666666 300
2584 -988.2566666666667 300
2585 -988.2566666666667 300
2586 -988.2566666666667 300
2587 -988.2566666666667 300
2588 -988.2566666666667 300
2589 -988.2566666666667 300
2590 -988.2566666666667 300
2591 -988.2566666666667 300
2592 -988.2566666666667 300
2593 -988.21 300
2594 -988.21 300
2595 -988.21 300
2596 -988.3066666666666 300
2597 -988.3066666666666 300
2598 -988.4033333333333 300
2599 -988.4033333333333 300
2600 -988.4433333333334 300
2601 -988.4433333333334 300
2602 -988.4433333333334 300
2603 -988.4433333333334 300
2604 -988.4433333333334 300
2605 -988.4433333333334 300
2606 -988.4433333333334 300
2607 -988.4433333333334 300
2608 -988.4433333333334 300
2609 -988.4433333333334 300
2610 -988.4433333333334 300
2611 -988.4433333333334 300
2612 -988.4433333333334 300
2613 -988.4866666666667 300
2614 -988.4866666666667 300
2615 -988.5266666666666 300
2616 -988.5266666666666 300
2617 -988.5266666666666 300
2618 -988.5266666666666 300
2619 -988.5266666666666 300
2620 -988.4833333333333 300
2621 -988.4833333333333 300
2622 -988.4833333333333 300
2623 -988.58 300
2624 -988.58 300
2625 -988.58 300
2626 -988.58 300
2627 -988.58 300
2628 -988.5766666666667 300
2629 -988.5766666666667 300
2630 -988.34 300
2631 -988.34 300
2632 -988.34 300
2633 -988.34 300
2634 -988.34 300
2635 -988.34 300
2636 -988.34 300
2637 -988.34 300
2638 -988.34 300
2639 -988.2433333333333 300
2640 -988.2433333333333 300
2641 -988.2433333333333 300
2642 -988.2433333333333 300
2643 -988.2866666666666 300
2644 -988.2433333333333 300
2645 -988.2833333333333 300
2646 -988.2833333333333 300
2647 -988.2833333333333 300
2648 -988.2833333333333 300
2649 -988.2866666666666 300
2650 -988.2866666666666 300
2651 -988.1666666666666 300
2652 -988.1666666666666 300
2653 -988.1666666666666 300
2654 -988.1666666666666 300
2655 -988.1666666666666 300
2656 -988.1666666666666 300
2657 -988.1666666666666 300
2658 -988.1666666666666 300
2659 -988.1666666666666 300
2660 -988.1666666666666 300
2661 -988.1666666666666 300
2662 -988.1666666666666 300
2663 -988.1666666666666 300
2664 -988.1666666666666 300
2665 -988.1666666666666 300
2666 -988.1666666666666 300
2667 -988.1666666666666 300
2668 -988.12 300
2669 -988.2133333333334 300
2670 -988.21 300
2671 -988.26 300
2672 -988.35 300
2673 -988.34 300
2674 -988.3166666666667 300
2675 -988.2633333333333 300
2676 -988.2066666666667 300
2677 -988.2166666666667 300
2678 -988.1966666666667 300
2679 -988.11 300
2680 -987.9633333333334 300
2681 -987.62 300
2682 -987.2866666666666 300
2683 -987.29 300
2684 -987.29 300
2685 -987.29 300
2686 -987.29 300
2687 -987.29 300
2688 -987.29 300
2689 -987.29 300
2690 -987.2933333333333 300
2691 -987.2933333333333 300
2692 -987.2933333333333 300
2693 -987.2933333333333 300
2694 -987.39 300
2695 -987.6833333333333 300
2696 -988.0766666666667 300
2697 -988.6633333333333 300
2698 -989.83 300
2699 -993.1266666666667 300
2700 -999.0366666666666 300
2701 -1008.8266666666667 300
2702 -1011.0366666666666 300
2703 -1010.9466666666667 300
2704 -1010.8533333333334 300
2705 -1010.8533333333334 300
2706 -1005.9133333333333 300
2707 -996.39 300
2708 -987.9166666666666 300
2709 -987.9166666666666 300
2710 -987.9166666666666 300
2711 -987.9166666666666 300
2712 -987.92 300
2713 -987.9233333333333 300
2714 -987.9166666666666 300
2715 -988.01 300
2716 -988.1 300
2717 -988.2866666666666 300
2718 -988.75 300
2719 -989.9933333333333 300
2720 -992.2 300
2721 -996.3366666666667 300
2722 -1007.23 300
2723 -1015.9866666666667 300
2724 -1015.9366666666666 300
2725 -1015.8866666666667 300
2726 -1015.7366666666667 300
2727 -1015.6866666666666 300
2728 -1015.6866666666666 300
2729 -1015.6366666666667 300
2730 -1015.4366666666666 300
2731 -1015.19 300
2732 -1014.89 300
2733 -1014.59 300
2734 -1013.4433333333334 300
2735 -1011.5433333333333 300
2736 -1007.5833333333334 300
2737 -1006.16 300
2738 -1006.6666666666666 300
2739 -1007.2633333333333 300
2740 -1008.0066666666667 300
2741 -1009.6033333333334 300
2742 -1011.3966666666666 300
2743 -1014.74 300
2744 -1014.4233333333333 300
2745 -1014.4633333333334 300
2746 -1016.0066666666667 300
2747 -1015.9633333333334 300
2748 -1016.0933333333334 300
2749 -1016.0933333333334 300
2750 -1016.0433333333333 300
2751 -1016.0433333333333 300
2752 -1016.0433333333333 300
2753 -1015.9433333333334 300
2754 -1015.8433333333334 300
2755 -1015.6933333333334 300
2756 -1015.6433333333333 300
2757 -1015.1933333333334 300
2758 -1014.5933333333334 300
2759 -1016.19 300
2760 -1016.19 300
2761 -1016.19 300
2762 -1016.19 300
2763 -1016.19 300
2764 -1016.1933333333334 300
2765 -1016.1933333333334 300
2766 -1016.1933333333334 300
2767 -1016.1933333333334 300
2768 -1016.1933333333334 300
2769 -1016.19 300
2770 -1016.19 300
2771 -1016.2766666666666 300
2772 -1016.2766666666666 300
2773 -1016.2766666666666 300
2774 -1016.3733333333333 300
2775 -1016.5666666666667 300
2776 -1016.7066666666667 300
2777 -1017.0833333333334 300
2778 -1018.2433333333333 300
2779 -1018.63 300
2780 -1018.8233333333334 300
2781 -1019.3066666666666 300
2782 -1019.8433333333334 300
2783 -1020.2766666666666 300
2784 -1021.34 300
2785 -1023.5533333333333 300
2786 -1027.2066666666667 300
2787 -1033.9566666666667 300
2788 -1037.3 300
2789 -1037.1533333333334 300
2790 -1036.86 300
2791 -1036.81 300
2792 -1043.2833333333333 300
2793 -1043.18 300
2794 -1042.8866666666668 300
2795 -1042.5933333333332 300
2796 -1042.3 300
2797 -1040.16 300
2798 -1036.7166666666667 300
2799 -1040.88 300
2800 -1037.06 300
2801 -1041.9466666666667 300
2802 -1039.9666666666667 300
2803 -1035.92 300
2804 -1028.0 300
2805 -1030.72 300
2806 -1034.7133333333334 300
2807 -1037.8533333333332 300
2808 -1044.91 300
2809 -1044.91 300
2810 -1044.91 300
2811 -1044.91 300
2812 -1045.0033333333333 300
2813 -1045.0033333333333 300
2814 -1045.0033333333333 300
2815 -1045.0033333333333 300
2816 -1045.0033333333333 300
2817 -1045.0033333333333 300
2818 -1045.0033333333333 300
2819 -1045.0066666666667 300
2820 -1045.0066666666667 300
2821 -1045.0066666666667 300
2822 -1045.0066666666667 300
2823 -1045.0066666666667 300
2824 -1045.0066666666667 300
2825 -1045.05 300
2826 -1045.05 300
2827 -1045.05 300
2828 -1045.05 300
2829 -1045.05 300
2830 -1045.05 300
2831 -1045.05 300
2832 -1045.05 300
2833 -1045.05 300
2834 -1045.05 300
2835 -1045.05 300
2836 -1045.05 300
2837 -1045.05 300
2838 -1045.05 300
2839 -1045.0466666666666 300
2840 -1044.9933333333333 300
2841 -1045.0366666666666 300
2842 -1044.9833333333333 300
2843 -1044.92 300
2844 -1045.3066666666666 300
2845 -1046.1233333333332 300
2846 -1046.5633333333333 300
2847 -1047.9933333333333 300
2848 -1048.8833333333334 300
2849 -1048.97 300
2850 -1049.6133333333332 300
2851 -1050.1066666666666 300
2852 -1050.66 300
2853 -1050.8533333333332 300
2854 -1051.0466666666666 300
2855 -1051.92 300
2856 -1052.45 300
2857 -1052.74 300
2858 -1053.5133333333333 300
2859 -1054.19 300
2860 -1055.0 300
2861 -1056.6466666666668 300
2862 -1056.8366666666666 300
2863 -1057.03 300
2864 -1057.32 300
2865 -1059.7366666666667 300
2866 -1063.41 300
2867 -1064.28 300
2868 -1064.5166666666667 300
2869 -1064.56 300
2870 -1064.6033333333332 300
2871 -1064.84 300
2872 -1071.31 300
2873 -1072.46 300
2874 -1071.1066666666666 300
2875 -1068.89 300
2876 -1064.45 300
2877 -1055.2766666666666 300
2878 -1055.9566666666667 300
2879 -1057.7133333333334 300
2880 -1049.8433333333332 300
2881 -1045.0033333333333 300
2882 -1045.0033333333333 300
2883 -1045.0033333333333 300
2884 -1045.0033333333333 300
2885 -1045.0033333333333 300
2886 -1045.0033333333333 300
2887 -1045.0033333333333 300
2888 -1045.0033333333333 300
2889 -1045.0033333333333 300
2890 -1045.0033333333333 300
2891 -1045.0033333333333 300
2892 -1045.0033333333333 300
2893 -1045.0033333333333 300
2894 -1045.0033333333333 300
2895 -1045.0033333333333 300
2896 -1045.0033333333333 300
2897 -1045.0466666666666 300
2898 -1045.0466666666666 300
2899 -1045.0466666666666 300
2900 -1045.0466666666666 300
2901 -1045.0466666666666 300
2902 -1045.0466666666666 300
2903 -1045.09 300
2904 -1045.09 300
2905 -1045.1866666666667 300
2906 -1045.01 300
2907 -1045.01 300
2908 -1045.01 300
2909 -1045.01 300
2910 -1045.01 300
2911 -1045.01 300
2912 -1045.01 300
2913 -1045.01 300
2914 -1045.01 300
2915 -1045.01 300
2916 -1045.01 300
2917 -1045.01 300
2918 -1045.0133333333333 300
2919 -1045.02 300
2920 -1045.03 300
2921 -1045.03 300
2922 -1045.0333333333333 300
2923 -1045.04 300
2924 -1045.04 300
2925 -1045.0433333333333 300
2926 -1045.0433333333333 300
2927 -1045.0433333333333 300
2928 -1045.0433333333333 300
2929 -1045.0433333333333 300
2930 -1045.0433333333333 300
2931 -1045.0433333333333 300
2932 -1045.0466666666666 300
2933 -1045.0466666666666 300
2934 -1045.0466666666666 300
2935 -1045.0466666666666 300
2936 -1045.05 300
2937 -1045.0533333333333 300
2938 -1045.05 300
2939 -1045.05 300
2940 -1045.0533333333333 300
2941 -1045.0566666666666 300
2942 -1045.06 300
2943 -1045.06 300
2944 -1045.06 300
2945 -1045.06 300
2946 -1045.0633333333333 300
2947 -1045.0666666666666 300
2948 -1045.0666666666666 300
2949 -1045.0666666666666 300
2950 -1045.07 300
2951 -1045.07 300
2952 -1045.0233333333333 300
2953 -1045.0233333333333 300
2954 -1045.0233333333333 300
2955 -1045.0233333333333 300
2956 -1045.0233333333333 300
2957 -1045.0233333333333 300
2958 -1045.0233333333333 300
2959 -1045.0233333333333 300
2960 -1045.0233333333333 300
2961 -1045.02 300
2962 -1045.01 300
2963 -1045.01 300
2964 -1045.01 300
2965 -1045.0166666666667 300
2966 -1045.0166666666667 300
2967 -1045.0166666666667 300
2968 -1045.1133333333332 300
2969 -1045.1133333333332 300
2970 -1045.1166666666666 300
2971 -1045.0166666666667 300
2972 -1044.9733333333334 300
2973 -1044.9733333333334 300
2974 -1044.93 300
2975 -1044.8866666666668 300
2976 -1044.8433333333332 300
2977 -1044.8 300
2978 -1044.7566666666667 300
2979 -1045.02 300
2980 -1045.02 300
2981 -1045.02 300
2982 -1045.0666666666666 300
2983 -1045.07 300
2984 -1045.0266666666666 300
2985 -1045.0266666666666 300
2986 -1045.07 300
2987 -1045.07 300
2988 -1045.07 300
2989 -1045.07 300
2990 -1045.0733333333333 300
2991 -1045.08 300
2992 -1045.0366666666666 300
2993 -1045.0266666666666 300
2994 -1045.0266666666666 300
2995 -1045.0266666666666 300
2996 -1045.0266666666666 300
2997 -1045.0266666666666 300
2998 -1045.0266666666666 300
2999 -1045.0266666666666 300
3000 -1045.0266666666666 300
