972.0 -850.0 
853.0 -786.0 
853.0 -786.0 
972.0 -850.0 
860.0 -793.0 
936.0 -826.0 
900.0 -825.0 
951.0 -839.0 
865.0 -804.0 
949.0 -831.0 
965.0 -841.0 
896.0 -822.0 
883.0 -820.0 
942.0 -830.0 
881.0 -818.0 
896.0 -822.0 
874.0 -812.0 
967.0 -844.0 
940.0 -829.0 
865.0 -804.0 
876.0 -816.0 
970.0 -847.0 
875.0 -815.0 
900.0 -825.0 
940.0 -829.0 
936.0 -826.0 
951.0 -839.0 
883.0 -820.0 
872.0 -810.0 
969.0 -845.0 
867.0 -805.0 
868.0 -807.0 
970.0 -847.0 
965.0 -841.0 
870.0 -809.0 
881.0 -818.0 
876.0 -816.0 
868.0 -807.0 
874.0 -812.0 
942.0 -830.0 
967.0 -844.0 
870.0 -809.0 
872.0 -810.0 
949.0 -831.0 
875.0 -815.0 
867.0 -805.0 
969.0 -845.0 
853.0 -786.0 
972.0 -850.0 
896.0 -822.0 
865.0 -804.0 
900.0 -825.0 
940.0 -829.0 
936.0 -826.0 
883.0 -820.0 
970.0 -847.0 
965.0 -841.0 
881.0 -818.0 
876.0 -816.0 
868.0 -807.0 
874.0 -812.0 
942.0 -830.0 
967.0 -844.0 
870.0 -809.0 
872.0 -810.0 
949.0 -831.0 
875.0 -815.0 
867.0 -805.0 
969.0 -845.0 
853.0 -786.0 
972.0 -850.0 
896.0 -822.0 
865.0 -804.0 
900.0 -825.0 
940.0 -829.0 
936.0 -826.0 
883.0 -820.0 
970.0 -847.0 
881.0 -818.0 
965.0 -841.0 
876.0 -816.0 
874.0 -812.0 
942.0 -830.0 
967.0 -844.0 
870.0 -809.0 
872.0 -810.0 
949.0 -831.0 
969.0 -845.0 
875.0 -815.0 
867.0 -805.0 
972.0 -850.0 
896.0 -822.0 
865.0 -804.0 
900.0 -825.0 
940.0 -829.0 
936.0 -826.0 
883.0 -820.0 
876.0 -816.0 
874.0 -812.0 
965.0 -841.0 
881.0 -818.0 
942.0 -830.0 
967.0 -844.0 
870.0 -809.0 
872.0 -810.0 
949.0 -831.0 
969.0 -845.0 
867.0 -805.0 
972.0 -850.0 
896.0 -822.0 
865.0 -804.0 
900.0 -825.0 
940.0 -829.0 
936.0 -826.0 
883.0 -820.0 
876.0 -816.0 
965.0 -841.0 
881.0 -818.0 
942.0 -830.0 
967.0 -844.0 
870.0 -809.0 
872.0 -810.0 
949.0 -831.0 
969.0 -845.0 
867.0 -805.0 
972.0 -850.0 
896.0 -822.0 
865.0 -804.0 
900.0 -825.0 
940.0 -829.0 
936.0 -826.0 
883.0 -820.0 
876.0 -816.0 
965.0 -841.0 
881.0 -818.0 
942.0 -830.0 
967.0 -844.0 
870.0 -809.0 
872.0 -810.0 
949.0 -831.0 
969.0 -845.0 
867.0 -805.0 
972.0 -850.0 
896.0 -822.0 
865.0 -804.0 
900.0 -825.0 
940.0 -829.0 
936.0 -826.0 
883.0 -820.0 
876.0 -816.0 
965.0 -841.0 
881.0 -818.0 
942.0 -830.0 
967.0 -844.0 
870.0 -809.0 
949.0 -831.0 
969.0 -845.0 
867.0 -805.0 
972.0 -850.0 
896.0 -822.0 
865.0 -804.0 
900.0 -825.0 
940.0 -829.0 
936.0 -826.0 
883.0 -820.0 
876.0 -816.0 
881.0 -818.0 
965.0 -841.0 
967.0 -844.0 
870.0 -809.0 
949.0 -831.0 
969.0 -845.0 
867.0 -805.0 
972.0 -850.0 
896.0 -822.0 
865.0 -804.0 
900.0 -825.0 
940.0 -829.0 
936.0 -826.0 
883.0 -820.0 
876.0 -816.0 
965.0 -841.0 
881.0 -818.0 
967.0 -844.0 
949.0 -831.0 
867.0 -805.0 
870.0 -809.0 
969.0 -845.0 
972.0 -850.0 
896.0 -822.0 
865.0 -804.0 
900.0 -825.0 
940.0 -829.0 
936.0 -826.0 
883.0 -820.0 
876.0 -816.0 
965.0 -841.0 
881.0 -818.0 
967.0 -844.0 
949.0 -831.0 
867.0 -805.0 
870.0 -809.0 
969.0 -845.0 
972.0 -850.0 
896.0 -822.0 
865.0 -804.0 
900.0 -825.0 
940.0 -829.0 
936.0 -826.0 
883.0 -820.0 
876.0 -816.0 
965.0 -841.0 
881.0 -818.0 
967.0 -844.0 
867.0 -805.0 
949.0 -831.0 
870.0 -809.0 
969.0 -845.0 
972.0 -850.0 
896.0 -822.0 
865.0 -804.0 
900.0 -825.0 
940.0 -829.0 
936.0 -826.0 
883.0 -820.0 
876.0 -816.0 
965.0 -841.0 
881.0 -818.0 
967.0 -844.0 
949.0 -831.0 
867.0 -805.0 
870.0 -809.0 
969.0 -845.0 
972.0 -850.0 
896.0 -822.0 
865.0 -804.0 
900.0 -825.0 
940.0 -829.0 
936.0 -826.0 
883.0 -820.0 
876.0 -816.0 
965.0 -841.0 
881.0 -818.0 
967.0 -844.0 
949.0 -831.0 
867.0 -805.0 
870.0 -809.0 
969.0 -845.0 
972.0 -850.0 
896.0 -822.0 
865.0 -804.0 
900.0 -825.0 
940.0 -829.0 
936.0 -826.0 
883.0 -820.0 
876.0 -816.0 
881.0 -818.0 
965.0 -841.0 
967.0 -844.0 
949.0 -831.0 
867.0 -805.0 
870.0 -809.0 
969.0 -845.0 
972.0 -850.0 
896.0 -822.0 
865.0 -804.0 
900.0 -825.0 
940.0 -829.0 
936.0 -826.0 
883.0 -820.0 
876.0 -816.0 
965.0 -841.0 
881.0 -818.0 
967.0 -844.0 
867.0 -805.0 
949.0 -831.0 
969.0 -845.0 
972.0 -850.0 
896.0 -822.0 
865.0 -804.0 
900.0 -825.0 
940.0 -829.0 
936.0 -826.0 
883.0 -820.0 
881.0 -818.0 
965.0 -841.0 
876.0 -816.0 
967.0 -844.0 
867.0 -805.0 
949.0 -831.0 
969.0 -845.0 
972.0 -850.0 
896.0 -822.0 
865.0 -804.0 
900.0 -825.0 
940.0 -829.0 
936.0 -826.0 
883.0 -820.0 
965.0 -841.0 
881.0 -818.0 
