776.0 -825.0 
820.0 -861.0 
820.0 -861.0 
776.0 -825.0 
811.0 -860.0 
805.0 -853.0 
790.0 -846.0 
800.0 -849.0 
806.0 -855.0 
795.0 -848.0 
806.0 -855.0 
795.0 -848.0 
800.0 -849.0 
789.0 -842.0 
778.0 -827.0 
785.0 -839.0 
784.0 -836.0 
779.0 -830.0 
782.0 -833.0 
780.0 -832.0 
779.0 -830.0 
783.0 -835.0 
778.0 -827.0 
787.0 -840.0 
785.0 -839.0 
780.0 -832.0 
783.0 -835.0 
788.0 -841.0 
789.0 -842.0 
782.0 -833.0 
788.0 -841.0 
787.0 -840.0 
784.0 -836.0 
776.0 -825.0 
820.0 -861.0 
806.0 -855.0 
795.0 -848.0 
800.0 -849.0 
779.0 -830.0 
778.0 -827.0 
785.0 -839.0 
780.0 -832.0 
783.0 -835.0 
789.0 -842.0 
788.0 -841.0 
787.0 -840.0 
782.0 -833.0 
784.0 -836.0 
776.0 -825.0 
820.0 -861.0 
806.0 -855.0 
795.0 -848.0 
779.0 -830.0 
778.0 -827.0 
785.0 -839.0 
780.0 -832.0 
783.0 -835.0 
789.0 -842.0 
787.0 -840.0 
784.0 -836.0 
782.0 -833.0 
788.0 -841.0 
776.0 -825.0 
820.0 -861.0 
806.0 -855.0 
795.0 -848.0 
779.0 -830.0 
778.0 -827.0 
785.0 -839.0 
780.0 -832.0 
783.0 -835.0 
789.0 -842.0 
787.0 -840.0 
788.0 -841.0 
782.0 -833.0 
784.0 -836.0 
820.0 -861.0 
776.0 -825.0 
806.0 -855.0 
795.0 -848.0 
779.0 -830.0 
778.0 -827.0 
785.0 -839.0 
780.0 -832.0 
783.0 -835.0 
782.0 -833.0 
788.0 -841.0 
789.0 -842.0 
787.0 -840.0 
784.0 -836.0 
820.0 -861.0 
776.0 -825.0 
795.0 -848.0 
806.0 -855.0 
779.0 -830.0 
778.0 -827.0 
785.0 -839.0 
780.0 -832.0 
783.0 -835.0 
789.0 -842.0 
787.0 -840.0 
784.0 -836.0 
782.0 -833.0 
788.0 -841.0 
820.0 -861.0 
776.0 -825.0 
795.0 -848.0 
806.0 -855.0 
779.0 -830.0 
778.0 -827.0 
785.0 -839.0 
780.0 -832.0 
783.0 -835.0 
789.0 -842.0 
787.0 -840.0 
788.0 -841.0 
782.0 -833.0 
784.0 -836.0 
820.0 -861.0 
776.0 -825.0 
795.0 -848.0 
806.0 -855.0 
779.0 -830.0 
778.0 -827.0 
785.0 -839.0 
780.0 -832.0 
783.0 -835.0 
789.0 -842.0 
787.0 -840.0 
784.0 -836.0 
788.0 -841.0 
782.0 -833.0 
776.0 -825.0 
820.0 -861.0 
795.0 -848.0 
806.0 -855.0 
779.0 -830.0 
778.0 -827.0 
785.0 -839.0 
780.0 -832.0 
783.0 -835.0 
789.0 -842.0 
784.0 -836.0 
787.0 -840.0 
782.0 -833.0 
788.0 -841.0 
820.0 -861.0 
776.0 -825.0 
795.0 -848.0 
806.0 -855.0 
779.0 -830.0 
778.0 -827.0 
785.0 -839.0 
780.0 -832.0 
783.0 -835.0 
789.0 -842.0 
788.0 -841.0 
787.0 -840.0 
784.0 -836.0 
782.0 -833.0 
820.0 -861.0 
776.0 -825.0 
795.0 -848.0 
806.0 -855.0 
779.0 -830.0 
778.0 -827.0 
785.0 -839.0 
780.0 -832.0 
783.0 -835.0 
789.0 -842.0 
787.0 -840.0 
784.0 -836.0 
782.0 -833.0 
788.0 -841.0 
820.0 -861.0 
776.0 -825.0 
795.0 -848.0 
806.0 -855.0 
779.0 -830.0 
778.0 -827.0 
785.0 -839.0 
780.0 -832.0 
783.0 -835.0 
789.0 -842.0 
784.0 -836.0 
782.0 -833.0 
788.0 -841.0 
787.0 -840.0 
820.0 -861.0 
776.0 -825.0 
795.0 -848.0 
806.0 -855.0 
779.0 -830.0 
778.0 -827.0 
785.0 -839.0 
780.0 -832.0 
783.0 -835.0 
789.0 -842.0 
787.0 -840.0 
782.0 -833.0 
788.0 -841.0 
784.0 -836.0 
820.0 -861.0 
776.0 -825.0 
795.0 -848.0 
806.0 -855.0 
779.0 -830.0 
778.0 -827.0 
785.0 -839.0 
780.0 -832.0 
783.0 -835.0 
789.0 -842.0 
788.0 -841.0 
784.0 -836.0 
787.0 -840.0 
782.0 -833.0 
820.0 -861.0 
776.0 -825.0 
795.0 -848.0 
806.0 -855.0 
779.0 -830.0 
778.0 -827.0 
785.0 -839.0 
780.0 -832.0 
783.0 -835.0 
789.0 -842.0 
782.0 -833.0 
787.0 -840.0 
788.0 -841.0 
784.0 -836.0 
820.0 -861.0 
776.0 -825.0 
795.0 -848.0 
806.0 -855.0 
779.0 -830.0 
778.0 -827.0 
785.0 -839.0 
780.0 -832.0 
783.0 -835.0 
789.0 -842.0 
788.0 -841.0 
782.0 -833.0 
787.0 -840.0 
784.0 -836.0 
776.0 -825.0 
820.0 -861.0 
795.0 -848.0 
806.0 -855.0 
779.0 -830.0 
778.0 -827.0 
785.0 -839.0 
780.0 -832.0 
783.0 -835.0 
789.0 -842.0 
788.0 -841.0 
784.0 -836.0 
782.0 -833.0 
787.0 -840.0 
776.0 -825.0 
820.0 -861.0 
795.0 -848.0 
806.0 -855.0 
779.0 -830.0 
778.0 -827.0 
785.0 -839.0 
780.0 -832.0 
783.0 -835.0 
784.0 -836.0 
782.0 -833.0 
788.0 -841.0 
787.0 -840.0 
789.0 -842.0 
776.0 -825.0 
820.0 -861.0 
795.0 -848.0 
806.0 -855.0 
779.0 -830.0 
778.0 -827.0 
785.0 -839.0 
780.0 -832.0 
783.0 -835.0 
789.0 -842.0 
784.0 -836.0 
782.0 -833.0 
788.0 -841.0 
787.0 -840.0 
820.0 -861.0 
776.0 -825.0 
795.0 -848.0 
806.0 -855.0 
779.0 -830.0 
778.0 -827.0 
785.0 -839.0 
780.0 -832.0 
783.0 -835.0 
788.0 -841.0 
789.0 -842.0 
784.0 -836.0 
782.0 -833.0 
787.0 -840.0 
