1006.0 -700.0 
1048.0 -728.0 
1055.0 -655.0 
1090.0 -693.0 
1040.0 -727.0 
1007.0 -699.0 
1030.0 -720.0 
1010.0 -679.0 
1015.0 -703.0 
1031.0 -719.0 
1024.0 -710.0 
1025.0 -712.0 
1008.0 -680.0 
1020.0 -677.0 
1012.0 -701.0 
1017.0 -707.0 
1028.0 -670.0 
1036.0 -658.0 
1032.0 -676.0 
1013.0 -702.0 
1019.0 -708.0 
1035.0 -662.0 
1023.0 -714.0 
1029.0 -668.0 
1038.0 -660.0 
1041.0 -661.0 
1027.0 -673.0 
1080.0 -666.0 
1026.0 -669.0 
1089.0 -707.0 
1033.0 -724.0 
1035.0 -725.0 
1086.0 -717.0 
1070.0 -661.0 
1046.0 -727.0 
1052.0 -724.0 
1088.0 -689.0 
1078.0 -678.0 
1079.0 -665.0 
1048.0 -728.0 
1055.0 -656.0 
1058.0 -658.0 
1054.0 -725.0 
1085.0 -719.0 
1045.0 -726.0 
1082.0 -676.0 
1083.0 -670.0 
1077.0 -677.0 
1086.0 -718.0 
1089.0 -698.0 
1008.0 -681.0 
1008.0 -697.0 
1031.0 -722.0 
1031.0 -723.0 
1025.0 -713.0 
1025.0 -715.0 
1090.0 -700.0 
1030.0 -721.0 
1006.0 -695.0 
1036.0 -657.0 
1006.0 -696.0 
1040.0 -659.0 
1036.0 -726.0 
1028.0 -666.0 
1006.0 -685.0 
1007.0 -698.0 
1015.0 -705.0 
1015.0 -706.0 
1025.0 -716.0 
1025.0 -711.0 
1029.0 -672.0 
1040.0 -656.0 
1026.0 -665.0 
1028.0 -663.0 
1028.0 -718.0 
1020.0 -678.0 
1027.0 -671.0 
1007.0 -693.0 
1027.0 -667.0 
1007.0 -682.0 
1007.0 -690.0 
1007.0 -691.0 
1007.0 -694.0 
1015.0 -704.0 
1030.0 -664.0 
1007.0 -683.0 
1007.0 -684.0 
1007.0 -687.0 
1007.0 -686.0 
1007.0 -688.0 
1007.0 -689.0 
1027.0 -674.0 
1007.0 -692.0 
1020.0 -709.0 
1030.0 -675.0 
1026.0 -717.0 
1038.0 -655.0 
1090.0 -695.0 
1080.0 -667.0 
1090.0 -697.0 
1087.0 -709.0 
1083.0 -669.0 
1087.0 -688.0 
1087.0 -699.0 
1089.0 -690.0 
1089.0 -702.0 
1088.0 -687.0 
1090.0 -694.0 
1079.0 -680.0 
1081.0 -720.0 
1083.0 -675.0 
1070.0 -664.0 
1069.0 -660.0 
1085.0 -714.0 
1077.0 -679.0 
1089.0 -685.0 
1090.0 -704.0 
1081.0 -668.0 
1080.0 -721.0 
1089.0 -696.0 
1090.0 -706.0 
1085.0 -711.0 
1087.0 -708.0 
1089.0 -686.0 
1089.0 -703.0 
1082.0 -673.0 
1086.0 -712.0 
1087.0 -691.0 
1085.0 -681.0 
1080.0 -722.0 
1089.0 -701.0 
1086.0 -713.0 
1086.0 -715.0 
1089.0 -710.0 
1082.0 -671.0 
1087.0 -684.0 
1054.0 -723.0 
1086.0 -716.0 
1057.0 -659.0 
1087.0 -683.0 
1071.0 -663.0 
1083.0 -674.0 
1057.0 -657.0 
1083.0 -672.0 
1089.0 -692.0 
1086.0 -682.0 
1089.0 -705.0 
1070.0 -662.0 
1055.0 -655.0 
1090.0 -706.0 
1054.0 -723.0 
1046.0 -727.0 
1071.0 -663.0 
1052.0 -724.0 
1069.0 -660.0 
1057.0 -659.0 
1087.0 -691.0 
1082.0 -673.0 
1081.0 -719.0 
1058.0 -658.0 
1079.0 -680.0 
1083.0 -672.0 
1078.0 -678.0 
1088.0 -689.0 
1085.0 -681.0 
1077.0 -677.0 
1045.0 -726.0 
1009.0 -697.0 
1076.0 -680.0 
1068.0 -661.0 
1064.0 -662.0 
1042.0 -661.0 
1072.0 -666.0 
1056.0 -659.0 
1037.0 -725.0 
1016.0 -706.0 
1060.0 -664.0 
1065.0 -666.0 
1034.0 -675.0 
1014.0 -702.0 
1022.0 -709.0 
1044.0 -656.0 
1043.0 -657.0 
1075.0 -671.0 
1084.0 -684.0 
1062.0 -666.0 
1067.0 -668.0 
1021.0 -708.0 
1049.0 -656.0 
1047.0 -656.0 
1039.0 -726.0 
1061.0 -667.0 
1051.0 -724.0 
1059.0 -668.0 
1066.0 -673.0 
1053.0 -664.0 
1074.0 -677.0 
1063.0 -670.0 
1073.0 -702.0 
1050.0 -660.0 
1018.0 -707.0 
1011.0 -693.0 
1034.0 -675.0 
1017.0 -707.0 
1014.0 -702.0 
1016.0 -706.0 
1064.0 -662.0 
1039.0 -726.0 
1037.0 -724.0 
1013.0 -702.0 
1011.0 -693.0 
1041.0 -656.0 
1075.0 -678.0 
1021.0 -708.0 
1063.0 -670.0 
1042.0 -656.0 
1018.0 -707.0 
1061.0 -668.0 
1067.0 -668.0 
1043.0 -656.0 
1044.0 -656.0 
1032.0 -676.0 
1056.0 -659.0 
1051.0 -681.0 
1062.0 -665.0 
1038.0 -655.0 
1053.0 -664.0 
1028.0 -718.0 
1009.0 -698.0 
1066.0 -673.0 
1024.0 -710.0 
1033.0 -724.0 
1059.0 -668.0 
1015.0 -703.0 
1026.0 -665.0 
1027.0 -671.0 
1068.0 -664.0 
1060.0 -664.0 
1080.0 -671.0 
1029.0 -672.0 
1031.0 -723.0 
1008.0 -681.0 
1071.0 -665.0 
1023.0 -714.0 
1006.0 -700.0 
1020.0 -678.0 
1069.0 -661.0 
1084.0 -717.0 
1019.0 -708.0 
1012.0 -701.0 
1049.0 -724.0 
1040.0 -726.0 
1050.0 -660.0 
1047.0 -656.0 
1087.0 -697.0 
1073.0 -678.0 
1036.0 -658.0 
1025.0 -711.0 
1010.0 -694.0 
1070.0 -695.0 
1074.0 -696.0 
1065.0 -684.0 
1081.0 -719.0 
1030.0 -675.0 
1076.0 -673.0 
1022.0 -709.0 
1057.0 -662.0 
1007.0 -692.0 
1072.0 -671.0 
1054.0 -725.0 
1055.0 -656.0 
1080.0 -722.0 
1089.0 -692.0 
1086.0 -715.0 
1048.0 -728.0 
1086.0 -716.0 
1089.0 -705.0 
1087.0 -684.0 
1086.0 -682.0 
1090.0 -704.0 
1057.0 -657.0 
1081.0 -720.0 
1083.0 -670.0 
1087.0 -683.0 
1082.0 -671.0 
1080.0 -721.0 
1083.0 -675.0 
1089.0 -701.0 
1090.0 -693.0 
1089.0 -698.0 
1077.0 -679.0 
1086.0 -713.0 
1089.0 -703.0 
1085.0 -711.0 
1082.0 -676.0 
1087.0 -708.0 
1089.0 -685.0 
1089.0 -686.0 
1081.0 -668.0 
1090.0 -694.0 
