1 507.5
2 507.5
3 507.5
4 507.5
5 507.5
6 507.5
7 507.5
8 507.5
9 507.5
10 507.5
11 507.5
12 507.5
13 507.5
14 507.5
15 507.5
16 507.5
17 507.5
18 507.5
19 507.5
20 507.5
21 507.5
22 507.5
23 507.5
24 507.5
25 507.5
26 507.5
27 507.5
28 507.5
29 507.5
30 507.5
31 507.5
32 507.5
33 507.5
34 507.5
35 507.5
36 507.5
37 507.5
38 507.5
39 507.5
40 507.5
41 507.5
42 507.5
43 507.5
44 507.5
45 507.5
46 507.5
47 507.5
48 507.5
49 507.5
50 507.5
51 507.5
52 507.5
53 507.5
54 507.5
55 507.5
56 507.5
57 507.5
58 507.5
59 507.5
60 507.5
61 507.5
62 507.5
63 507.5
64 507.5
65 507.5
66 507.5
67 507.5
68 507.5
69 507.5
70 507.5
71 507.5
72 507.5
73 507.5
74 507.5
75 507.5
76 507.5
77 507.5
78 507.5
79 507.5
80 507.5
81 507.5
82 507.5
83 507.5
84 507.5
85 507.5
86 507.5
87 507.5
88 507.5
89 507.5
90 507.5
91 507.5
92 507.5
93 507.5
94 507.5
95 507.5
96 507.5
97 507.5
98 507.5
99 507.5
100 507.5
101 507.5
102 507.5
103 507.5
104 507.5
105 507.5
106 507.5
107 507.5
108 507.5
109 507.5
110 507.5
111 507.5
112 507.5
113 507.5
114 507.5
115 507.5
116 507.5
117 507.5
118 507.5
119 507.5
120 507.5
121 507.5
122 507.5
123 507.5
124 507.5
125 507.5
126 507.5
127 507.5
128 507.5
129 507.5
130 507.5
131 507.5
132 507.5
133 507.5
134 507.5
135 507.5
136 507.5
137 507.5
138 507.5
139 507.5
140 507.5
141 507.5
142 507.5
143 507.5
144 507.5
145 507.5
146 507.5
147 507.5
148 507.5
149 507.5
150 507.5
151 507.5
152 507.5
153 507.5
154 507.5
155 507.5
156 507.5
157 507.5
158 507.5
159 507.5
160 507.5
161 507.5
162 507.5
163 507.5
164 507.5
165 507.5
166 507.5
167 507.5
168 507.5
169 507.5
170 507.5
171 507.5
172 507.5
173 507.5
174 507.5
175 507.5
176 507.5
177 507.5
178 507.5
179 507.5
180 507.5
181 507.5
182 507.5
183 507.5
184 507.5
185 507.5
186 507.5
187 507.5
188 507.5
189 507.5
190 507.5
191 507.5
192 507.5
193 507.5
194 507.5
195 507.5
196 507.5
197 507.5
198 507.5
199 507.5
200 507.5
201 507.5
202 507.5
203 507.5
204 507.5
205 507.5
206 507.5
207 507.5
208 507.5
209 507.5
210 507.5
211 507.5
212 507.5
213 507.5
214 507.5
215 507.5
216 507.5
217 507.5
218 507.5
219 507.5
220 507.5
221 507.5
222 507.5
223 507.5
224 507.5
225 507.5
226 507.5
227 507.5
228 507.5
229 507.5
230 507.5
231 507.5
232 507.5
233 507.5
234 507.5
235 507.5
236 507.5
237 507.5
238 507.5
239 507.5
240 507.5
241 507.5
242 507.5
243 507.5
244 507.5
245 507.5
246 507.5
247 507.5
248 507.5
249 507.5
250 507.5
251 507.5
252 507.5
253 507.5
254 507.5
255 507.5
256 507.5
257 507.5
258 507.5
259 507.5
260 507.5
261 507.5
262 507.5
263 507.5
264 507.5
265 507.5
266 507.5
267 507.5
268 507.5
269 507.5
270 507.5
271 507.5
272 507.5
273 507.5
274 507.5
275 507.5
276 507.5
277 507.5
278 507.5
279 507.5
280 507.5
281 507.5
282 507.5
283 507.5
284 507.5
285 507.5
286 507.5
287 507.5
288 507.5
289 507.5
290 507.5
291 507.5
292 507.5
293 507.5
294 507.5
295 507.5
296 507.5
297 507.5
298 507.5
299 507.5
300 507.5
301 507.5
302 507.5
303 507.5
304 507.5
305 507.5
306 507.5
307 507.5
308 507.5
309 507.5
310 507.5
311 507.5
312 507.5
313 507.5
314 507.5
315 507.5
316 507.5
317 507.5
318 507.5
319 507.5
320 507.5
321 507.5
322 507.5
323 507.5
324 507.5
325 507.5
326 507.5
327 507.5
328 507.5
329 507.5
330 507.5
331 507.5
332 507.5
333 507.5
334 507.5
335 507.5
336 507.5
337 507.5
338 507.5
339 507.5
340 507.5
341 507.5
342 507.5
343 507.5
344 507.5
345 507.5
346 507.5
347 507.5
348 507.5
349 507.5
350 507.5
351 507.5
352 507.5
353 507.5
354 507.5
355 507.5
356 507.5
357 507.5
358 507.5
359 507.5
360 507.5
361 507.5
362 507.5
363 507.5
364 507.5
365 507.5
366 507.5
367 507.5
368 507.5
369 507.5
370 507.5
371 507.5
372 507.5
373 507.5
374 507.5
375 507.5
376 507.5
377 507.5
378 507.5
379 507.5
380 507.5
381 507.5
382 507.5
383 507.5
384 507.5
385 507.5
386 507.5
387 507.5
388 507.5
389 507.5
390 507.5
391 507.5
392 507.5
393 507.5
394 507.5
395 507.5
396 507.5
397 507.5
398 507.5
399 507.5
400 507.5
401 507.5
402 507.5
403 507.5
404 507.5
405 507.5
406 507.5
407 507.5
408 507.5
409 507.5
410 507.5
411 507.5
412 507.5
413 507.5
414 507.5
415 507.5
416 507.5
417 507.5
418 507.5
419 507.5
420 507.5
421 507.5
422 507.5
423 507.5
424 507.5
425 507.5
426 507.5
427 507.5
428 507.5
429 507.5
430 507.5
431 507.5
432 507.5
433 507.5
434 507.5
435 507.5
436 507.5
437 507.5
438 507.5
439 507.5
440 507.5
441 507.5
442 507.5
443 507.5
444 507.5
445 507.5
446 507.5
447 507.5
448 507.5
449 507.5
450 507.5
451 507.5
452 507.5
453 507.5
454 507.5
455 507.5
456 507.5
457 507.5
458 507.5
459 507.5
460 507.5
461 507.5
462 507.5
463 507.5
464 507.5
465 507.5
466 507.5
467 507.5
468 507.5
469 507.5
470 507.5
471 507.5
472 507.5
473 507.5
474 507.5
475 507.5
476 507.5
477 507.5
478 507.5
479 507.5
480 507.5
481 507.5
482 507.5
483 507.5
484 507.5
485 507.5
486 507.5
487 507.5
488 507.5
489 507.5
490 507.5
491 507.5
492 507.5
493 507.5
494 507.5
495 507.5
496 507.5
497 507.5
498 507.5
499 507.5
500 507.5
501 507.5
502 507.5
503 507.5
504 507.5
505 507.5
506 507.5
507 507.5
508 507.5
509 507.5
510 507.5
511 507.5
512 507.5
513 507.5
514 507.5
515 507.5
516 507.5
517 507.5
518 507.5
519 507.5
520 507.5
521 507.5
522 507.5
523 507.5
524 507.5
525 507.5
526 507.5
527 507.5
528 507.5
529 507.5
530 507.5
531 507.5
532 507.5
533 507.5
534 507.5
535 507.5
536 507.5
537 507.5
538 507.5
539 507.5
540 507.5
541 507.5
542 507.5
543 507.5
544 507.5
545 507.5
546 507.5
547 507.5
548 507.5
549 507.5
550 507.5
551 507.5
552 507.5
553 507.5
554 507.5
555 507.5
556 507.5
557 507.5
558 507.5
559 507.5
560 507.5
561 507.5
562 507.5
563 507.5
564 507.5
565 507.5
566 507.5
567 507.5
568 507.5
569 507.5
570 507.5
571 507.5
572 507.5
573 507.5
574 507.5
575 507.5
576 507.5
577 507.5
578 507.5
579 507.5
580 507.5
581 507.5
582 507.5
583 507.5
584 507.5
585 507.5
586 507.5
587 507.5
588 507.5
589 507.5
590 507.5
591 507.5
592 507.5
593 507.5
594 507.5
595 507.5
596 507.5
597 507.5
598 507.5
599 507.5
600 507.5
601 507.5
602 507.5
603 507.5
604 507.5
605 507.5
606 507.5
607 507.5
608 507.5
609 507.5
610 507.5
611 507.5
612 507.5
613 507.5
614 507.5
615 507.5
616 507.5
617 507.5
618 507.5
619 507.5
620 507.5
621 507.5
622 507.5
623 507.5
624 507.5
625 507.5
626 507.5
627 507.5
628 507.5
629 507.5
630 507.5
631 507.5
632 507.5
633 507.5
634 507.5
635 507.5
636 507.5
637 507.5
638 507.5
639 507.5
640 507.5
641 507.5
642 507.5
643 507.5
644 507.5
645 507.5
646 507.5
647 507.5
648 507.5
649 507.5
650 507.5
651 507.5
652 507.5
653 507.5
654 507.5
655 507.5
656 507.5
657 507.5
658 507.5
659 507.5
660 507.5
661 507.5
662 507.5
663 507.5
664 507.5
665 507.5
666 507.5
667 507.5
668 507.5
669 507.5
670 507.5
671 507.5
672 507.5
673 507.5
674 507.5
675 507.5
676 507.5
677 507.5
678 507.5
679 507.5
680 507.5
681 507.5
682 507.5
683 507.5
684 507.5
685 507.5
686 507.5
687 507.5
688 507.5
689 507.5
690 507.5
691 507.5
692 507.5
693 507.5
694 507.5
695 507.5
696 507.5
697 507.5
698 507.5
699 507.5
700 507.5
701 507.5
702 507.5
703 507.5
704 507.5
705 507.5
706 507.5
707 507.5
708 507.5
709 507.5
710 507.5
711 507.5
712 507.5
713 507.5
714 507.5
715 507.5
716 507.5
717 507.5
718 507.5
719 507.5
720 507.5
721 507.5
722 507.5
723 507.5
724 507.5
725 507.5
726 507.5
727 507.5
728 507.5
729 507.5
730 507.5
731 507.5
732 507.5
733 507.5
734 507.5
735 507.5
736 507.5
737 507.5
738 507.5
739 507.5
740 507.5
741 507.5
742 507.5
743 507.5
744 507.5
745 507.5
746 507.5
747 507.5
748 507.5
749 507.5
750 507.5
751 507.5
752 507.5
753 507.5
754 507.5
755 507.5
756 507.5
757 507.5
758 507.5
759 507.5
760 507.5
761 507.5
762 507.5
763 507.5
764 507.5
765 507.5
766 507.5
767 507.5
768 507.5
769 507.5
770 507.5
771 507.5
772 507.5
773 507.5
774 507.5
775 507.5
776 507.5
777 507.5
778 507.5
779 507.5
780 507.5
781 507.5
782 507.5
783 507.5
784 507.5
785 507.5
786 507.5
787 507.5
788 507.5
789 507.5
790 507.5
791 507.5
792 507.5
793 507.5
794 507.5
795 507.5
796 507.5
797 507.5
798 507.5
799 507.5
800 507.5
801 507.5
802 507.5
803 507.5
804 507.5
805 507.5
806 507.5
807 507.5
808 507.5
809 507.5
810 507.5
811 507.5
812 507.5
813 507.5
814 507.5
815 507.5
816 507.5
817 507.5
818 507.5
819 507.5
820 507.5
821 507.5
822 507.5
823 507.5
824 507.5
825 507.5
826 507.5
827 507.5
828 507.5
829 507.5
830 507.5
831 507.5
832 507.5
833 507.5
834 507.5
835 507.5
836 507.5
837 507.5
838 507.5
839 507.5
840 507.5
841 507.5
842 507.5
843 507.5
844 507.5
845 507.5
846 507.5
847 507.5
848 507.5
849 507.5
850 507.5
851 507.5
852 507.5
853 507.5
854 507.5
855 507.5
856 507.5
857 507.5
858 507.5
859 507.5
860 507.5
861 507.5
862 507.5
863 507.5
864 507.5
865 507.5
866 507.5
867 507.5
868 507.5
869 507.5
870 507.5
871 507.5
872 507.5
873 507.5
874 507.5
875 507.5
876 507.5
877 507.5
878 507.5
879 507.5
880 507.5
881 507.5
882 507.5
883 507.5
884 507.5
885 507.5
886 507.5
887 507.5
888 507.5
889 507.5
890 507.5
891 507.5
892 507.5
893 507.5
894 507.5
895 507.5
896 507.5
897 507.5
898 507.5
899 507.5
900 507.5
901 507.5
902 507.5
903 507.5
904 507.5
905 507.5
906 507.5
907 507.5
908 507.5
909 507.5
910 507.5
911 507.5
912 507.5
913 507.5
914 507.5
915 507.5
916 507.5
917 507.5
918 505.0
919 505.0
920 505.0
921 505.0
922 505.0
923 505.0
924 505.0
925 505.0
926 502.5
927 502.5
928 502.5
929 502.5
930 502.5
931 502.5
932 502.5
933 502.5
934 502.5
935 502.5
936 502.5
937 502.5
938 502.5
939 502.5
940 502.5
941 502.5
942 502.5
943 502.5
944 502.5
945 502.5
946 502.5
947 502.5
948 502.5
949 500.0
950 500.0
951 500.0
952 500.0
953 500.0
954 500.0
955 500.0
956 500.0
957 500.0
958 500.0
959 500.0
960 500.0
961 500.0
962 500.0
963 500.0
964 500.0
965 500.0
966 500.0
967 500.0
968 500.0
969 500.0
970 500.0
971 500.0
972 500.0
973 500.0
974 500.0
975 500.0
976 500.0
977 500.0
978 500.0
979 500.0
980 500.0
981 500.0
982 500.0
983 500.0
984 500.0
985 500.0
986 500.0
987 500.0
988 500.0
989 500.0
990 500.0
991 500.0
992 500.0
993 500.0
994 500.0
995 500.0
996 500.0
997 500.0
998 500.0
999 500.0
1000 500.0
1001 500.0
1002 500.0
1003 500.0
1004 500.0
1005 500.0
1006 500.0
1007 500.0
1008 500.0
1009 500.0
1010 500.0
1011 500.0
1012 500.0
1013 500.0
1014 500.0
1015 500.0
1016 500.0
1017 500.0
1018 500.0
1019 500.0
1020 500.0
1021 500.0
1022 500.0
1023 500.0
1024 500.0
1025 500.0
1026 500.0
1027 500.0
1028 500.0
1029 500.0
1030 500.0
1031 500.0
1032 500.0
1033 500.0
1034 500.0
1035 500.0
1036 500.0
1037 500.0
1038 500.0
1039 500.0
1040 500.0
1041 500.0
1042 500.0
1043 500.0
1044 500.0
1045 500.0
1046 500.0
1047 500.0
1048 500.0
1049 500.0
1050 500.0
1051 500.0
1052 500.0
1053 500.0
1054 500.0
1055 500.0
1056 500.0
1057 500.0
1058 500.0
1059 500.0
1060 500.0
1061 500.0
1062 500.0
1063 500.0
1064 500.0
1065 500.0
1066 500.0
1067 500.0
1068 500.0
1069 500.0
1070 497.5
1071 497.5
1072 497.5
1073 497.5
1074 497.5
1075 497.5
1076 497.5
1077 497.49999999999994
1078 497.49999999999994
1079 497.49999999999994
1080 497.49999999999994
1081 497.49999999999994
1082 497.49999999999994
1083 497.49999999999994
1084 497.49999999999994
1085 497.49999999999994
1086 497.49999999999994
1087 497.49999999999994
1088 497.49999999999994
1089 497.49999999999994
1090 497.49999999999994
1091 497.49999999999994
1092 497.49999999999994
1093 497.49999999999994
1094 497.49999999999994
1095 497.49999999999994
1096 497.49999999999994
1097 497.49999999999994
1098 497.49999999999994
1099 497.49999999999994
1100 497.49999999999994
1101 497.49999999999994
1102 497.49999999999994
1103 497.49999999999994
1104 497.49999999999994
1105 497.49999999999994
1106 497.49999999999994
1107 497.49999999999994
1108 497.49999999999994
1109 497.49999999999994
1110 497.49999999999994
1111 497.49999999999994
1112 497.49999999999994
1113 497.49999999999994
1114 497.49999999999994
1115 497.49999999999994
1116 497.49999999999994
1117 497.49999999999994
1118 497.49999999999994
1119 497.49999999999994
1120 497.49999999999994
1121 497.49999999999994
1122 497.49999999999994
1123 497.49999999999994
1124 497.49999999999994
1125 497.49999999999994
1126 497.49999999999994
1127 497.49999999999994
1128 497.49999999999994
1129 497.49999999999994
1130 497.49999999999994
1131 497.49999999999994
1132 497.49999999999994
1133 497.49999999999994
1134 497.49999999999994
1135 497.49999999999994
1136 497.49999999999994
1137 497.49999999999994
1138 497.49999999999994
1139 497.49999999999994
1140 497.49999999999994
1141 497.49999999999994
1142 497.49999999999994
1143 497.49999999999994
1144 497.49999999999994
1145 497.49999999999994
1146 497.49999999999994
1147 497.49999999999994
1148 494.99999999999994
1149 494.99999999999994
1150 494.99999999999994
1151 494.99999999999994
1152 494.99999999999994
1153 494.99999999999994
1154 494.99999999999994
1155 494.99999999999994
1156 494.99999999999994
1157 494.99999999999994
1158 494.99999999999994
1159 494.99999999999994
1160 494.99999999999994
1161 494.99999999999994
1162 494.99999999999994
1163 494.99999999999994
1164 494.99999999999994
1165 494.99999999999994
1166 494.99999999999994
1167 494.99999999999994
1168 494.99999999999994
1169 494.99999999999994
1170 494.99999999999994
1171 494.99999999999994
1172 494.99999999999994
1173 494.99999999999994
1174 494.99999999999994
1175 494.99999999999994
1176 494.99999999999994
1177 494.99999999999994
1178 494.99999999999994
1179 494.99999999999994
1180 494.99999999999994
1181 494.99999999999994
1182 494.99999999999994
1183 494.99999999999994
1184 494.99999999999994
1185 494.99999999999994
1186 494.99999999999994
1187 494.99999999999994
1188 494.99999999999994
1189 494.99999999999994
1190 494.99999999999994
1191 494.99999999999994
1192 494.99999999999994
1193 494.99999999999994
1194 494.99999999999994
1195 494.99999999999994
1196 494.99999999999994
1197 494.99999999999994
1198 494.99999999999994
1199 494.99999999999994
1200 494.99999999999994
1201 494.99999999999994
1202 494.99999999999994
1203 494.99999999999994
1204 494.99999999999994
1205 494.99999999999994
1206 494.99999999999994
1207 494.99999999999994
1208 494.99999999999994
1209 494.99999999999994
1210 494.99999999999994
1211 494.99999999999994
1212 494.99999999999994
1213 492.5
1214 492.5
1215 492.5
1216 492.5
1217 492.5
1218 492.5
1219 492.5
1220 492.5
1221 492.49999999999994
1222 492.49999999999994
1223 492.49999999999994
1224 492.49999999999994
1225 492.49999999999994
1226 492.49999999999994
1227 492.49999999999994
1228 492.49999999999994
1229 492.49999999999994
1230 492.49999999999994
1231 492.49999999999994
1232 492.49999999999994
1233 492.49999999999994
1234 492.49999999999994
1235 492.49999999999994
1236 492.49999999999994
1237 492.49999999999994
1238 492.49999999999994
1239 492.49999999999994
1240 492.49999999999994
1241 492.49999999999994
1242 492.49999999999994
1243 492.49999999999994
1244 492.49999999999994
1245 492.49999999999994
1246 492.49999999999994
1247 492.49999999999994
1248 492.49999999999994
1249 492.49999999999994
1250 492.49999999999994
1251 492.49999999999994
1252 492.49999999999994
1253 492.49999999999994
1254 492.49999999999994
1255 492.49999999999994
1256 492.49999999999994
1257 492.49999999999994
1258 492.49999999999994
1259 492.49999999999994
1260 492.49999999999994
1261 492.49999999999994
1262 492.49999999999994
1263 492.49999999999994
1264 492.49999999999994
1265 492.49999999999994
1266 492.49999999999994
1267 492.49999999999994
1268 492.49999999999994
1269 492.49999999999994
1270 492.49999999999994
1271 492.49999999999994
1272 492.49999999999994
1273 492.49999999999994
1274 492.49999999999994
1275 492.49999999999994
1276 492.49999999999994
1277 492.49999999999994
1278 492.49999999999994
1279 492.49999999999994
1280 492.49999999999994
1281 492.49999999999994
1282 492.49999999999994
1283 492.49999999999994
1284 492.49999999999994
1285 492.49999999999994
1286 492.49999999999994
1287 492.49999999999994
1288 492.49999999999994
1289 492.49999999999994
1290 492.49999999999994
1291 492.49999999999994
1292 492.49999999999994
1293 492.49999999999994
1294 492.49999999999994
1295 492.49999999999994
1296 492.49999999999994
1297 492.49999999999994
1298 492.49999999999994
1299 492.49999999999994
1300 492.49999999999994
1301 492.49999999999994
1302 492.49999999999994
1303 492.49999999999994
1304 492.49999999999994
1305 492.49999999999994
1306 492.49999999999994
1307 492.49999999999994
1308 492.49999999999994
1309 492.49999999999994
1310 492.49999999999994
1311 492.49999999999994
1312 492.49999999999994
1313 492.49999999999994
1314 492.49999999999994
1315 492.49999999999994
1316 492.49999999999994
1317 492.49999999999994
1318 492.49999999999994
1319 492.49999999999994
1320 492.49999999999994
1321 492.49999999999994
1322 492.49999999999994
1323 492.49999999999994
1324 492.49999999999994
1325 492.49999999999994
1326 492.49999999999994
1327 492.49999999999994
1328 492.49999999999994
1329 492.49999999999994
1330 492.49999999999994
1331 492.49999999999994
1332 492.49999999999994
1333 492.49999999999994
1334 492.49999999999994
1335 492.49999999999994
1336 492.49999999999994
1337 492.49999999999994
1338 492.49999999999994
1339 492.49999999999994
1340 492.49999999999994
1341 492.49999999999994
1342 492.49999999999994
1343 492.49999999999994
1344 492.49999999999994
1345 492.49999999999994
1346 492.49999999999994
1347 492.49999999999994
1348 492.49999999999994
1349 492.49999999999994
1350 492.49999999999994
1351 492.49999999999994
1352 492.49999999999994
1353 492.49999999999994
1354 492.49999999999994
1355 492.49999999999994
1356 492.49999999999994
1357 492.49999999999994
1358 492.49999999999994
1359 492.49999999999994
1360 492.49999999999994
1361 492.49999999999994
1362 492.49999999999994
1363 492.49999999999994
1364 492.49999999999994
1365 492.49999999999994
1366 492.49999999999994
1367 492.49999999999994
1368 492.49999999999994
1369 492.49999999999994
1370 492.49999999999994
1371 492.49999999999994
1372 492.49999999999994
1373 492.49999999999994
1374 492.49999999999994
1375 492.49999999999994
1376 492.49999999999994
1377 492.49999999999994
1378 492.49999999999994
1379 492.49999999999994
1380 492.49999999999994
1381 492.49999999999994
1382 492.49999999999994
1383 492.49999999999994
1384 492.49999999999994
1385 492.49999999999994
1386 492.49999999999994
1387 492.49999999999994
1388 492.49999999999994
1389 492.49999999999994
1390 492.49999999999994
1391 492.49999999999994
1392 492.49999999999994
1393 492.49999999999994
1394 492.49999999999994
1395 492.49999999999994
1396 492.49999999999994
1397 492.49999999999994
1398 492.49999999999994
1399 492.49999999999994
1400 492.49999999999994
1401 492.49999999999994
1402 492.49999999999994
1403 492.49999999999994
1404 492.49999999999994
1405 492.49999999999994
1406 492.49999999999994
1407 492.49999999999994
1408 492.49999999999994
1409 492.49999999999994
1410 492.49999999999994
1411 492.49999999999994
1412 492.49999999999994
1413 492.49999999999994
1414 492.49999999999994
1415 492.49999999999994
1416 492.49999999999994
1417 492.49999999999994
1418 492.49999999999994
1419 492.49999999999994
1420 492.49999999999994
1421 492.49999999999994
1422 492.49999999999994
1423 492.49999999999994
1424 492.49999999999994
1425 492.49999999999994
1426 492.49999999999994
1427 492.49999999999994
1428 492.49999999999994
1429 492.49999999999994
1430 492.49999999999994
1431 492.49999999999994
1432 492.49999999999994
1433 492.49999999999994
1434 492.49999999999994
1435 492.49999999999994
1436 492.49999999999994
1437 492.49999999999994
1438 492.49999999999994
1439 492.49999999999994
1440 492.49999999999994
1441 492.49999999999994
1442 492.49999999999994
1443 492.49999999999994
1444 492.49999999999994
1445 492.49999999999994
1446 492.49999999999994
1447 492.49999999999994
1448 492.49999999999994
1449 492.49999999999994
1450 492.49999999999994
1451 492.49999999999994
1452 492.49999999999994
1453 492.49999999999994
1454 492.49999999999994
1455 492.49999999999994
1456 492.49999999999994
1457 492.49999999999994
1458 492.49999999999994
1459 492.49999999999994
1460 492.49999999999994
1461 492.49999999999994
1462 492.49999999999994
1463 492.49999999999994
1464 492.49999999999994
1465 492.49999999999994
1466 492.49999999999994
1467 492.49999999999994
1468 492.49999999999994
1469 492.49999999999994
1470 492.49999999999994
1471 492.49999999999994
1472 492.49999999999994
1473 492.49999999999994
1474 492.49999999999994
1475 492.49999999999994
1476 492.49999999999994
1477 492.49999999999994
1478 492.49999999999994
1479 492.49999999999994
1480 492.49999999999994
1481 492.49999999999994
1482 492.49999999999994
1483 492.49999999999994
1484 492.49999999999994
1485 492.49999999999994
1486 492.49999999999994
1487 492.49999999999994
1488 492.49999999999994
1489 492.49999999999994
1490 492.49999999999994
1491 492.49999999999994
1492 492.49999999999994
1493 492.49999999999994
1494 492.49999999999994
1495 492.49999999999994
1496 492.49999999999994
1497 492.49999999999994
1498 492.49999999999994
1499 492.49999999999994
1500 492.49999999999994
1501 492.49999999999994
1502 492.49999999999994
1503 492.49999999999994
1504 492.49999999999994
1505 492.49999999999994
1506 492.49999999999994
1507 492.49999999999994
1508 492.49999999999994
1509 492.49999999999994
1510 492.49999999999994
1511 492.49999999999994
1512 492.49999999999994
1513 492.49999999999994
1514 492.49999999999994
1515 492.49999999999994
1516 492.49999999999994
1517 492.49999999999994
1518 492.49999999999994
1519 492.49999999999994
1520 492.49999999999994
1521 492.49999999999994
1522 492.49999999999994
1523 492.49999999999994
1524 492.49999999999994
1525 492.49999999999994
1526 492.49999999999994
1527 492.49999999999994
1528 492.49999999999994
1529 492.49999999999994
1530 492.49999999999994
1531 492.49999999999994
1532 492.49999999999994
1533 492.49999999999994
1534 492.49999999999994
1535 492.49999999999994
1536 492.49999999999994
1537 492.49999999999994
1538 492.49999999999994
1539 492.49999999999994
1540 492.49999999999994
1541 492.49999999999994
1542 492.49999999999994
1543 492.49999999999994
1544 492.49999999999994
1545 492.49999999999994
1546 492.49999999999994
1547 492.49999999999994
1548 492.49999999999994
1549 492.49999999999994
1550 492.49999999999994
1551 492.49999999999994
1552 492.49999999999994
1553 492.49999999999994
1554 492.49999999999994
1555 492.49999999999994
1556 492.49999999999994
1557 492.49999999999994
1558 492.49999999999994
1559 492.49999999999994
1560 492.49999999999994
1561 492.49999999999994
1562 492.49999999999994
1563 492.49999999999994
1564 492.49999999999994
1565 492.49999999999994
1566 492.49999999999994
1567 492.49999999999994
1568 492.49999999999994
1569 492.49999999999994
1570 492.49999999999994
1571 492.49999999999994
1572 492.49999999999994
1573 492.49999999999994
1574 492.49999999999994
1575 492.49999999999994
1576 492.49999999999994
1577 492.49999999999994
1578 492.49999999999994
1579 492.49999999999994
1580 492.49999999999994
1581 492.49999999999994
1582 492.49999999999994
1583 492.49999999999994
1584 492.49999999999994
1585 492.49999999999994
1586 492.49999999999994
1587 492.49999999999994
1588 492.49999999999994
1589 492.49999999999994
1590 492.49999999999994
1591 492.49999999999994
1592 492.49999999999994
1593 492.49999999999994
1594 492.49999999999994
1595 492.49999999999994
1596 492.49999999999994
1597 492.49999999999994
1598 492.49999999999994
1599 492.49999999999994
1600 492.49999999999994
1601 492.49999999999994
1602 492.49999999999994
1603 492.49999999999994
1604 492.49999999999994
1605 492.49999999999994
1606 492.49999999999994
1607 492.49999999999994
1608 492.49999999999994
1609 492.49999999999994
1610 492.49999999999994
1611 492.49999999999994
1612 492.49999999999994
1613 492.49999999999994
1614 492.49999999999994
1615 492.49999999999994
1616 492.49999999999994
1617 492.49999999999994
1618 492.49999999999994
1619 492.49999999999994
1620 492.49999999999994
1621 492.49999999999994
1622 492.49999999999994
1623 492.49999999999994
1624 492.49999999999994
1625 492.49999999999994
1626 492.49999999999994
1627 492.49999999999994
1628 492.49999999999994
1629 492.49999999999994
1630 492.49999999999994
1631 492.49999999999994
1632 492.49999999999994
1633 492.49999999999994
1634 492.49999999999994
1635 492.49999999999994
1636 492.49999999999994
1637 492.49999999999994
1638 492.49999999999994
1639 492.49999999999994
1640 492.49999999999994
1641 492.49999999999994
1642 492.49999999999994
1643 492.49999999999994
1644 492.49999999999994
1645 492.49999999999994
1646 492.49999999999994
1647 492.49999999999994
1648 492.49999999999994
1649 492.49999999999994
1650 492.49999999999994
1651 492.49999999999994
1652 492.49999999999994
1653 492.49999999999994
1654 492.49999999999994
1655 492.49999999999994
1656 492.49999999999994
1657 492.49999999999994
1658 492.49999999999994
1659 492.49999999999994
1660 492.49999999999994
1661 492.49999999999994
1662 492.49999999999994
1663 492.49999999999994
1664 492.49999999999994
1665 492.49999999999994
1666 492.49999999999994
1667 492.49999999999994
1668 492.49999999999994
1669 492.49999999999994
1670 492.49999999999994
1671 492.49999999999994
1672 492.49999999999994
1673 492.49999999999994
1674 492.49999999999994
1675 492.49999999999994
1676 492.49999999999994
1677 492.49999999999994
1678 492.49999999999994
1679 492.49999999999994
1680 492.49999999999994
1681 492.49999999999994
1682 492.49999999999994
1683 492.49999999999994
1684 492.49999999999994
1685 492.49999999999994
1686 492.49999999999994
1687 492.49999999999994
1688 492.49999999999994
1689 492.49999999999994
1690 492.49999999999994
1691 492.49999999999994
1692 492.49999999999994
1693 492.49999999999994
1694 492.49999999999994
1695 492.49999999999994
1696 492.49999999999994
1697 492.49999999999994
1698 492.49999999999994
1699 492.49999999999994
1700 492.49999999999994
1701 492.49999999999994
1702 492.49999999999994
1703 492.49999999999994
1704 492.49999999999994
1705 492.49999999999994
1706 492.49999999999994
1707 492.49999999999994
1708 492.49999999999994
1709 492.49999999999994
1710 492.49999999999994
1711 492.49999999999994
1712 492.49999999999994
1713 492.49999999999994
1714 492.49999999999994
1715 492.49999999999994
1716 492.49999999999994
1717 492.49999999999994
1718 492.49999999999994
1719 492.49999999999994
1720 492.49999999999994
1721 492.49999999999994
1722 492.49999999999994
1723 492.49999999999994
1724 492.49999999999994
1725 492.49999999999994
1726 492.49999999999994
1727 492.49999999999994
1728 492.49999999999994
1729 492.49999999999994
1730 492.49999999999994
1731 492.49999999999994
1732 492.49999999999994
1733 492.49999999999994
1734 492.49999999999994
1735 492.49999999999994
1736 492.49999999999994
1737 492.49999999999994
1738 492.49999999999994
1739 492.49999999999994
1740 492.49999999999994
1741 492.49999999999994
1742 492.49999999999994
1743 492.49999999999994
1744 492.49999999999994
1745 492.49999999999994
1746 492.49999999999994
1747 492.49999999999994
1748 492.49999999999994
1749 492.49999999999994
1750 492.49999999999994
1751 492.49999999999994
1752 492.49999999999994
1753 492.49999999999994
1754 492.49999999999994
1755 492.49999999999994
1756 492.49999999999994
1757 492.49999999999994
1758 492.49999999999994
1759 492.49999999999994
1760 492.49999999999994
1761 492.49999999999994
1762 492.49999999999994
1763 492.49999999999994
1764 492.49999999999994
1765 492.49999999999994
1766 492.49999999999994
1767 492.49999999999994
1768 492.49999999999994
1769 492.49999999999994
1770 492.49999999999994
1771 492.49999999999994
1772 492.49999999999994
1773 492.49999999999994
1774 492.49999999999994
1775 492.49999999999994
1776 492.49999999999994
1777 492.49999999999994
1778 492.49999999999994
1779 492.49999999999994
1780 492.49999999999994
1781 492.49999999999994
1782 492.49999999999994
1783 492.49999999999994
1784 492.49999999999994
1785 492.49999999999994
1786 492.49999999999994
1787 492.49999999999994
1788 492.49999999999994
1789 492.49999999999994
1790 492.49999999999994
1791 492.49999999999994
1792 492.49999999999994
1793 492.49999999999994
1794 492.49999999999994
1795 492.49999999999994
1796 492.49999999999994
1797 492.49999999999994
1798 492.49999999999994
1799 492.49999999999994
1800 492.49999999999994
1801 492.49999999999994
1802 492.49999999999994
1803 492.49999999999994
1804 492.49999999999994
1805 492.49999999999994
1806 492.49999999999994
1807 492.49999999999994
1808 492.49999999999994
1809 492.49999999999994
1810 492.49999999999994
1811 492.49999999999994
1812 492.49999999999994
1813 492.49999999999994
1814 492.49999999999994
1815 492.49999999999994
1816 492.49999999999994
1817 492.49999999999994
1818 492.49999999999994
1819 492.49999999999994
1820 492.49999999999994
1821 492.49999999999994
1822 492.49999999999994
1823 492.49999999999994
1824 492.49999999999994
1825 492.49999999999994
1826 492.49999999999994
1827 492.49999999999994
1828 492.49999999999994
1829 492.49999999999994
1830 492.49999999999994
1831 492.49999999999994
1832 492.49999999999994
1833 492.49999999999994
1834 492.49999999999994
1835 492.49999999999994
1836 492.49999999999994
1837 492.49999999999994
1838 492.49999999999994
1839 492.49999999999994
1840 492.49999999999994
1841 492.49999999999994
1842 492.49999999999994
1843 492.49999999999994
1844 492.49999999999994
1845 492.49999999999994
1846 492.49999999999994
1847 492.49999999999994
1848 492.49999999999994
1849 492.49999999999994
1850 492.49999999999994
1851 492.49999999999994
1852 492.49999999999994
1853 492.49999999999994
1854 492.49999999999994
1855 492.49999999999994
1856 492.49999999999994
1857 492.49999999999994
1858 492.49999999999994
1859 492.49999999999994
1860 492.49999999999994
1861 492.49999999999994
1862 492.49999999999994
1863 492.49999999999994
1864 492.49999999999994
1865 492.49999999999994
1866 492.49999999999994
1867 492.49999999999994
1868 492.49999999999994
1869 492.49999999999994
1870 492.49999999999994
1871 492.49999999999994
1872 492.49999999999994
1873 492.49999999999994
1874 492.49999999999994
1875 492.49999999999994
1876 492.49999999999994
1877 492.49999999999994
1878 492.49999999999994
1879 492.49999999999994
1880 492.49999999999994
1881 492.49999999999994
1882 492.49999999999994
1883 492.49999999999994
1884 492.49999999999994
1885 492.49999999999994
1886 492.49999999999994
1887 492.49999999999994
1888 492.49999999999994
1889 492.49999999999994
1890 492.49999999999994
1891 492.49999999999994
1892 492.49999999999994
1893 492.49999999999994
1894 492.49999999999994
1895 492.49999999999994
1896 492.49999999999994
1897 492.49999999999994
1898 492.49999999999994
1899 492.49999999999994
1900 492.49999999999994
1901 492.49999999999994
1902 492.49999999999994
1903 492.49999999999994
1904 492.49999999999994
1905 492.49999999999994
1906 492.49999999999994
1907 492.49999999999994
1908 492.49999999999994
1909 492.49999999999994
1910 492.49999999999994
1911 492.49999999999994
1912 492.49999999999994
1913 492.49999999999994
1914 492.49999999999994
1915 492.49999999999994
1916 492.49999999999994
1917 492.49999999999994
1918 492.49999999999994
1919 492.49999999999994
1920 492.49999999999994
1921 492.49999999999994
1922 492.49999999999994
1923 492.49999999999994
1924 492.49999999999994
1925 492.49999999999994
1926 492.49999999999994
1927 492.49999999999994
1928 492.49999999999994
1929 492.49999999999994
1930 492.49999999999994
1931 492.49999999999994
1932 492.49999999999994
1933 492.49999999999994
1934 492.49999999999994
1935 492.49999999999994
1936 492.49999999999994
1937 492.49999999999994
1938 492.49999999999994
1939 492.49999999999994
1940 492.49999999999994
1941 492.49999999999994
1942 492.49999999999994
1943 492.49999999999994
1944 492.49999999999994
1945 492.49999999999994
1946 492.49999999999994
1947 492.49999999999994
1948 492.49999999999994
1949 492.49999999999994
1950 492.49999999999994
1951 492.49999999999994
1952 492.49999999999994
1953 492.49999999999994
1954 492.49999999999994
1955 492.49999999999994
1956 492.49999999999994
1957 492.49999999999994
1958 492.49999999999994
1959 492.49999999999994
1960 492.49999999999994
1961 492.49999999999994
1962 492.49999999999994
1963 492.49999999999994
1964 492.49999999999994
1965 492.49999999999994
1966 492.49999999999994
1967 492.49999999999994
1968 492.49999999999994
1969 492.49999999999994
1970 492.49999999999994
1971 492.49999999999994
1972 492.49999999999994
1973 492.49999999999994
1974 492.49999999999994
1975 492.49999999999994
1976 492.49999999999994
1977 492.49999999999994
1978 492.49999999999994
1979 492.49999999999994
1980 492.49999999999994
1981 492.49999999999994
1982 492.49999999999994
1983 492.49999999999994
1984 492.49999999999994
1985 492.49999999999994
1986 492.49999999999994
1987 492.49999999999994
1988 492.49999999999994
1989 492.49999999999994
1990 492.49999999999994
1991 492.49999999999994
1992 492.49999999999994
1993 492.49999999999994
1994 492.49999999999994
1995 492.49999999999994
1996 492.49999999999994
1997 492.49999999999994
1998 492.49999999999994
1999 492.49999999999994
2000 492.49999999999994
2001 492.49999999999994
2002 492.49999999999994
2003 492.49999999999994
2004 492.49999999999994
2005 492.49999999999994
2006 492.49999999999994
2007 492.49999999999994
2008 492.49999999999994
2009 492.49999999999994
2010 492.49999999999994
2011 492.49999999999994
2012 492.49999999999994
2013 492.49999999999994
2014 492.49999999999994
2015 492.49999999999994
2016 492.49999999999994
2017 492.49999999999994
2018 492.49999999999994
2019 492.49999999999994
2020 492.49999999999994
2021 492.49999999999994
2022 492.49999999999994
2023 492.49999999999994
2024 492.49999999999994
2025 492.49999999999994
2026 492.49999999999994
2027 492.49999999999994
2028 492.49999999999994
2029 492.49999999999994
2030 492.49999999999994
2031 492.49999999999994
2032 492.49999999999994
2033 492.49999999999994
2034 492.49999999999994
2035 492.49999999999994
2036 492.49999999999994
2037 492.49999999999994
2038 492.49999999999994
2039 492.49999999999994
2040 492.49999999999994
2041 492.49999999999994
2042 492.49999999999994
2043 492.49999999999994
2044 492.49999999999994
2045 492.49999999999994
2046 492.49999999999994
2047 492.49999999999994
2048 492.49999999999994
2049 492.49999999999994
2050 492.49999999999994
2051 492.49999999999994
2052 492.49999999999994
2053 492.49999999999994
2054 492.49999999999994
2055 492.49999999999994
2056 492.49999999999994
2057 492.49999999999994
2058 492.49999999999994
2059 492.49999999999994
2060 492.49999999999994
2061 492.49999999999994
2062 492.49999999999994
2063 492.49999999999994
2064 492.49999999999994
2065 492.49999999999994
2066 492.49999999999994
2067 492.49999999999994
2068 492.49999999999994
2069 492.49999999999994
2070 492.49999999999994
2071 492.49999999999994
2072 492.49999999999994
2073 492.49999999999994
2074 492.49999999999994
2075 492.49999999999994
2076 492.49999999999994
2077 492.49999999999994
2078 492.49999999999994
2079 492.49999999999994
2080 492.49999999999994
2081 492.49999999999994
2082 492.49999999999994
2083 492.49999999999994
2084 492.49999999999994
2085 492.49999999999994
2086 492.49999999999994
2087 492.49999999999994
2088 492.49999999999994
2089 492.49999999999994
2090 492.49999999999994
2091 492.49999999999994
2092 492.49999999999994
2093 492.49999999999994
2094 492.49999999999994
2095 492.49999999999994
2096 492.49999999999994
2097 492.49999999999994
2098 492.49999999999994
2099 492.49999999999994
2100 492.49999999999994
2101 492.49999999999994
2102 492.49999999999994
2103 492.49999999999994
2104 492.49999999999994
2105 492.49999999999994
2106 492.49999999999994
2107 492.49999999999994
2108 492.49999999999994
2109 492.49999999999994
2110 492.49999999999994
2111 492.49999999999994
2112 492.49999999999994
2113 492.49999999999994
2114 492.49999999999994
2115 492.49999999999994
2116 492.49999999999994
2117 492.49999999999994
2118 492.49999999999994
2119 492.49999999999994
2120 492.49999999999994
2121 492.49999999999994
2122 492.49999999999994
2123 492.49999999999994
2124 492.49999999999994
2125 492.49999999999994
2126 492.49999999999994
2127 492.49999999999994
2128 492.49999999999994
2129 492.49999999999994
2130 492.49999999999994
2131 492.49999999999994
2132 492.49999999999994
2133 492.49999999999994
2134 492.49999999999994
2135 492.49999999999994
2136 492.49999999999994
2137 492.49999999999994
2138 492.49999999999994
2139 492.49999999999994
2140 492.49999999999994
2141 492.49999999999994
2142 492.49999999999994
2143 492.49999999999994
2144 492.49999999999994
2145 492.49999999999994
2146 492.49999999999994
2147 492.49999999999994
2148 492.49999999999994
2149 492.49999999999994
2150 492.49999999999994
2151 492.49999999999994
2152 492.49999999999994
2153 492.49999999999994
2154 492.49999999999994
2155 492.49999999999994
2156 492.49999999999994
2157 492.49999999999994
2158 492.49999999999994
2159 492.49999999999994
2160 492.49999999999994
2161 492.49999999999994
2162 492.49999999999994
2163 492.49999999999994
2164 492.49999999999994
2165 492.49999999999994
2166 492.49999999999994
2167 492.49999999999994
2168 492.49999999999994
2169 492.49999999999994
2170 492.49999999999994
2171 492.49999999999994
2172 492.49999999999994
2173 492.49999999999994
2174 492.49999999999994
2175 492.49999999999994
2176 492.49999999999994
2177 492.49999999999994
2178 492.49999999999994
2179 492.49999999999994
2180 492.49999999999994
2181 492.49999999999994
2182 492.49999999999994
2183 492.49999999999994
2184 492.49999999999994
2185 492.49999999999994
2186 492.49999999999994
2187 492.49999999999994
2188 492.49999999999994
2189 492.49999999999994
2190 492.49999999999994
2191 492.49999999999994
2192 492.49999999999994
2193 492.49999999999994
2194 492.49999999999994
2195 492.49999999999994
2196 492.49999999999994
2197 492.49999999999994
2198 492.49999999999994
2199 492.49999999999994
2200 492.49999999999994
2201 492.49999999999994
2202 492.49999999999994
2203 492.49999999999994
2204 492.49999999999994
2205 492.49999999999994
2206 492.49999999999994
2207 492.49999999999994
2208 492.49999999999994
2209 492.49999999999994
2210 492.49999999999994
2211 492.49999999999994
2212 492.49999999999994
2213 492.49999999999994
2214 492.49999999999994
2215 492.49999999999994
2216 492.49999999999994
2217 492.49999999999994
2218 492.49999999999994
2219 492.49999999999994
2220 492.49999999999994
2221 492.49999999999994
2222 492.49999999999994
2223 492.49999999999994
2224 492.49999999999994
2225 492.49999999999994
2226 492.49999999999994
2227 492.49999999999994
2228 492.49999999999994
2229 492.49999999999994
2230 492.49999999999994
2231 492.49999999999994
2232 492.49999999999994
2233 492.49999999999994
2234 492.49999999999994
2235 492.49999999999994
2236 492.49999999999994
2237 492.49999999999994
2238 492.49999999999994
2239 492.49999999999994
2240 492.49999999999994
2241 492.49999999999994
2242 492.49999999999994
2243 492.49999999999994
2244 492.49999999999994
2245 492.49999999999994
2246 492.49999999999994
2247 492.49999999999994
2248 492.49999999999994
2249 492.49999999999994
2250 492.49999999999994
2251 492.49999999999994
2252 492.49999999999994
2253 492.49999999999994
2254 492.49999999999994
2255 492.49999999999994
2256 492.49999999999994
2257 492.49999999999994
2258 492.49999999999994
2259 492.49999999999994
2260 492.49999999999994
2261 492.49999999999994
2262 492.49999999999994
2263 492.49999999999994
2264 492.49999999999994
2265 492.49999999999994
2266 492.49999999999994
2267 492.49999999999994
2268 492.49999999999994
2269 492.49999999999994
2270 492.49999999999994
2271 492.49999999999994
2272 492.49999999999994
2273 492.49999999999994
2274 492.49999999999994
2275 492.49999999999994
2276 492.49999999999994
2277 492.49999999999994
2278 492.49999999999994
2279 492.49999999999994
2280 492.49999999999994
2281 492.49999999999994
2282 492.49999999999994
2283 492.49999999999994
2284 492.49999999999994
2285 492.49999999999994
2286 492.49999999999994
2287 492.49999999999994
2288 492.49999999999994
2289 492.49999999999994
2290 492.49999999999994
2291 492.49999999999994
2292 492.49999999999994
2293 492.49999999999994
2294 492.49999999999994
2295 492.49999999999994
2296 492.49999999999994
2297 492.49999999999994
2298 492.49999999999994
2299 492.49999999999994
2300 492.49999999999994
2301 492.49999999999994
2302 492.49999999999994
2303 492.49999999999994
2304 492.49999999999994
2305 492.49999999999994
2306 492.49999999999994
2307 492.49999999999994
2308 492.49999999999994
2309 492.49999999999994
2310 492.49999999999994
2311 492.49999999999994
2312 492.49999999999994
2313 492.49999999999994
2314 492.49999999999994
2315 492.49999999999994
2316 492.49999999999994
2317 492.49999999999994
2318 492.49999999999994
2319 492.49999999999994
2320 492.49999999999994
2321 492.49999999999994
2322 492.49999999999994
2323 492.49999999999994
2324 492.49999999999994
2325 492.49999999999994
2326 492.49999999999994
2327 492.49999999999994
2328 492.49999999999994
2329 492.49999999999994
2330 492.49999999999994
2331 492.49999999999994
2332 492.49999999999994
2333 492.49999999999994
2334 492.49999999999994
2335 492.49999999999994
2336 492.49999999999994
2337 492.49999999999994
2338 492.49999999999994
2339 492.49999999999994
2340 492.49999999999994
2341 492.49999999999994
2342 492.49999999999994
2343 492.49999999999994
2344 492.49999999999994
2345 492.49999999999994
2346 492.49999999999994
2347 492.49999999999994
2348 492.49999999999994
2349 492.49999999999994
2350 492.49999999999994
2351 492.49999999999994
2352 492.49999999999994
2353 492.49999999999994
2354 492.49999999999994
2355 492.49999999999994
2356 492.49999999999994
2357 492.49999999999994
2358 492.49999999999994
2359 492.49999999999994
2360 492.49999999999994
2361 492.49999999999994
2362 492.49999999999994
2363 492.49999999999994
2364 492.49999999999994
2365 492.49999999999994
2366 492.49999999999994
2367 492.49999999999994
2368 492.49999999999994
2369 492.49999999999994
2370 492.49999999999994
2371 492.49999999999994
2372 492.49999999999994
2373 492.49999999999994
2374 492.49999999999994
2375 492.49999999999994
2376 492.49999999999994
2377 492.49999999999994
2378 492.49999999999994
2379 492.49999999999994
2380 492.49999999999994
2381 492.49999999999994
2382 492.49999999999994
2383 492.49999999999994
2384 492.49999999999994
2385 492.49999999999994
2386 492.49999999999994
2387 492.49999999999994
2388 492.49999999999994
2389 492.49999999999994
2390 492.49999999999994
2391 492.49999999999994
2392 492.49999999999994
2393 492.49999999999994
2394 492.49999999999994
2395 492.49999999999994
2396 492.49999999999994
2397 492.49999999999994
2398 492.49999999999994
2399 492.49999999999994
2400 492.49999999999994
2401 492.49999999999994
2402 492.49999999999994
2403 492.49999999999994
2404 492.49999999999994
2405 492.49999999999994
2406 492.49999999999994
2407 492.49999999999994
2408 492.49999999999994
2409 492.49999999999994
2410 492.49999999999994
2411 492.49999999999994
2412 492.49999999999994
2413 492.49999999999994
2414 492.49999999999994
2415 492.49999999999994
2416 492.49999999999994
2417 492.49999999999994
2418 492.49999999999994
2419 492.49999999999994
2420 492.49999999999994
2421 492.49999999999994
2422 492.49999999999994
2423 492.49999999999994
2424 492.49999999999994
2425 492.49999999999994
2426 492.49999999999994
2427 492.49999999999994
2428 492.49999999999994
2429 492.49999999999994
2430 492.49999999999994
2431 492.49999999999994
2432 492.49999999999994
2433 492.49999999999994
2434 492.49999999999994
2435 492.49999999999994
2436 492.49999999999994
2437 492.49999999999994
2438 492.49999999999994
2439 492.49999999999994
2440 492.49999999999994
2441 492.49999999999994
2442 492.49999999999994
2443 492.49999999999994
2444 492.49999999999994
2445 492.49999999999994
2446 492.49999999999994
2447 492.49999999999994
2448 492.49999999999994
2449 492.49999999999994
2450 492.49999999999994
2451 492.49999999999994
2452 492.49999999999994
2453 492.49999999999994
2454 492.49999999999994
2455 492.49999999999994
2456 492.49999999999994
2457 492.49999999999994
2458 492.49999999999994
2459 492.49999999999994
2460 492.49999999999994
2461 492.49999999999994
2462 492.49999999999994
2463 492.49999999999994
2464 492.49999999999994
2465 492.49999999999994
2466 492.49999999999994
2467 492.49999999999994
2468 492.49999999999994
2469 492.49999999999994
2470 492.49999999999994
2471 492.49999999999994
2472 492.49999999999994
2473 492.49999999999994
2474 492.49999999999994
2475 492.49999999999994
2476 492.49999999999994
2477 492.49999999999994
2478 492.49999999999994
2479 492.49999999999994
2480 492.49999999999994
2481 492.49999999999994
2482 492.49999999999994
2483 492.49999999999994
2484 492.49999999999994
2485 492.49999999999994
2486 492.49999999999994
2487 492.49999999999994
2488 492.49999999999994
2489 492.49999999999994
2490 492.49999999999994
2491 492.49999999999994
2492 492.49999999999994
2493 492.49999999999994
2494 492.49999999999994
2495 492.49999999999994
2496 492.49999999999994
2497 492.49999999999994
2498 492.49999999999994
2499 492.49999999999994
2500 492.49999999999994
