835.0 -788.0 
937.0 -855.0 
835.0 -788.0 
903.0 -840.0 
875.0 -838.0 
837.0 -804.0 
911.0 -845.0 
925.0 -848.0 
862.0 -828.0 
845.0 -813.0 
910.0 -841.0 
842.0 -808.0 
875.0 -838.0 
865.0 -832.0 
931.0 -852.0 
869.0 -835.0 
855.0 -822.0 
926.0 -850.0 
869.0 -835.0 
850.0 -819.0 
859.0 -825.0 
865.0 -832.0 
840.0 -806.0 
842.0 -808.0 
911.0 -845.0 
931.0 -852.0 
925.0 -848.0 
930.0 -851.0 
851.0 -820.0 
847.0 -815.0 
849.0 -817.0 
855.0 -822.0 
847.0 -815.0 
840.0 -806.0 
867.0 -834.0 
857.0 -824.0 
859.0 -825.0 
851.0 -820.0 
849.0 -817.0 
867.0 -834.0 
857.0 -824.0 
926.0 -850.0 
910.0 -841.0 
930.0 -851.0 
835.0 -788.0 
875.0 -838.0 
869.0 -835.0 
865.0 -832.0 
842.0 -808.0 
931.0 -852.0 
911.0 -845.0 
925.0 -848.0 
847.0 -815.0 
855.0 -822.0 
840.0 -806.0 
859.0 -825.0 
851.0 -820.0 
849.0 -817.0 
857.0 -824.0 
867.0 -834.0 
926.0 -850.0 
910.0 -841.0 
930.0 -851.0 
835.0 -788.0 
931.0 -852.0 
875.0 -838.0 
869.0 -835.0 
865.0 -832.0 
842.0 -808.0 
911.0 -845.0 
925.0 -848.0 
855.0 -822.0 
847.0 -815.0 
840.0 -806.0 
851.0 -820.0 
849.0 -817.0 
857.0 -824.0 
867.0 -834.0 
859.0 -825.0 
926.0 -850.0 
910.0 -841.0 
930.0 -851.0 
835.0 -788.0 
931.0 -852.0 
869.0 -835.0 
865.0 -832.0 
842.0 -808.0 
911.0 -845.0 
847.0 -815.0 
840.0 -806.0 
855.0 -822.0 
851.0 -820.0 
867.0 -834.0 
857.0 -824.0 
859.0 -825.0 
849.0 -817.0 
926.0 -850.0 
930.0 -851.0 
910.0 -841.0 
835.0 -788.0 
931.0 -852.0 
869.0 -835.0 
865.0 -832.0 
842.0 -808.0 
855.0 -822.0 
847.0 -815.0 
840.0 -806.0 
851.0 -820.0 
867.0 -834.0 
857.0 -824.0 
859.0 -825.0 
926.0 -850.0 
910.0 -841.0 
930.0 -851.0 
835.0 -788.0 
931.0 -852.0 
869.0 -835.0 
865.0 -832.0 
842.0 -808.0 
847.0 -815.0 
840.0 -806.0 
855.0 -822.0 
851.0 -820.0 
857.0 -824.0 
867.0 -834.0 
859.0 -825.0 
926.0 -850.0 
930.0 -851.0 
910.0 -841.0 
835.0 -788.0 
931.0 -852.0 
869.0 -835.0 
865.0 -832.0 
842.0 -808.0 
847.0 -815.0 
840.0 -806.0 
855.0 -822.0 
851.0 -820.0 
857.0 -824.0 
867.0 -834.0 
859.0 -825.0 
926.0 -850.0 
910.0 -841.0 
930.0 -851.0 
835.0 -788.0 
931.0 -852.0 
869.0 -835.0 
865.0 -832.0 
842.0 -808.0 
855.0 -822.0 
847.0 -815.0 
840.0 -806.0 
867.0 -834.0 
857.0 -824.0 
859.0 -825.0 
926.0 -850.0 
910.0 -841.0 
930.0 -851.0 
931.0 -852.0 
835.0 -788.0 
869.0 -835.0 
865.0 -832.0 
842.0 -808.0 
855.0 -822.0 
840.0 -806.0 
847.0 -815.0 
867.0 -834.0 
857.0 -824.0 
859.0 -825.0 
926.0 -850.0 
930.0 -851.0 
910.0 -841.0 
835.0 -788.0 
931.0 -852.0 
926.0 -850.0 
869.0 -835.0 
865.0 -832.0 
842.0 -808.0 
855.0 -822.0 
847.0 -815.0 
840.0 -806.0 
867.0 -834.0 
857.0 -824.0 
859.0 -825.0 
910.0 -841.0 
930.0 -851.0 
835.0 -788.0 
931.0 -852.0 
926.0 -850.0 
869.0 -835.0 
865.0 -832.0 
842.0 -808.0 
847.0 -815.0 
840.0 -806.0 
855.0 -822.0 
857.0 -824.0 
867.0 -834.0 
859.0 -825.0 
930.0 -851.0 
910.0 -841.0 
931.0 -852.0 
835.0 -788.0 
926.0 -850.0 
869.0 -835.0 
865.0 -832.0 
842.0 -808.0 
840.0 -806.0 
847.0 -815.0 
855.0 -822.0 
867.0 -834.0 
857.0 -824.0 
859.0 -825.0 
930.0 -851.0 
910.0 -841.0 
835.0 -788.0 
931.0 -852.0 
926.0 -850.0 
869.0 -835.0 
865.0 -832.0 
842.0 -808.0 
855.0 -822.0 
847.0 -815.0 
840.0 -806.0 
867.0 -834.0 
857.0 -824.0 
859.0 -825.0 
910.0 -841.0 
930.0 -851.0 
931.0 -852.0 
835.0 -788.0 
926.0 -850.0 
869.0 -835.0 
865.0 -832.0 
842.0 -808.0 
847.0 -815.0 
855.0 -822.0 
840.0 -806.0 
857.0 -824.0 
867.0 -834.0 
859.0 -825.0 
910.0 -841.0 
930.0 -851.0 
931.0 -852.0 
835.0 -788.0 
926.0 -850.0 
869.0 -835.0 
865.0 -832.0 
842.0 -808.0 
855.0 -822.0 
847.0 -815.0 
840.0 -806.0 
857.0 -824.0 
867.0 -834.0 
859.0 -825.0 
910.0 -841.0 
930.0 -851.0 
931.0 -852.0 
835.0 -788.0 
926.0 -850.0 
869.0 -835.0 
865.0 -832.0 
842.0 -808.0 
847.0 -815.0 
840.0 -806.0 
855.0 -822.0 
857.0 -824.0 
867.0 -834.0 
859.0 -825.0 
910.0 -841.0 
930.0 -851.0 
835.0 -788.0 
931.0 -852.0 
926.0 -850.0 
869.0 -835.0 
865.0 -832.0 
842.0 -808.0 
847.0 -815.0 
855.0 -822.0 
840.0 -806.0 
857.0 -824.0 
867.0 -834.0 
859.0 -825.0 
910.0 -841.0 
930.0 -851.0 
931.0 -852.0 
835.0 -788.0 
926.0 -850.0 
869.0 -835.0 
842.0 -808.0 
847.0 -815.0 
840.0 -806.0 
859.0 -825.0 
930.0 -851.0 
910.0 -841.0 
931.0 -852.0 
931.0 -852.0 
930.0 -851.0 
847.0 -815.0 
842.0 -808.0 
926.0 -850.0 
