253 -996.12 300
254 -996.0566666666666 300
255 -995.3833333333333 300
256 -994.8333333333334 300
257 -995.19 300
258 -993.0633333333334 300
259 -988.84 300
260 -987.8266666666667 300
261 -988.9666666666667 300
262 -989.9 300
263 -991.49 300
264 -994.2433333333333 300
265 -995.0333333333333 300
266 -994.34 300
267 -994.7366666666667 300
268 -995.69 300
269 -997.7866666666666 300
270 -998.7333333333333 300
271 -1000.2933333333333 300
272 -1002.8 300
273 -1005.8533333333334 300
274 -1003.2366666666667 300
275 -1003.1966666666667 300
276 -1003.21 300
277 -1008.34 300
278 -1010.0666666666667 300
279 -1010.11 300
280 -1010.1633333333333 300
281 -1010.1266666666667 300
282 -1010.35 300
283 -1010.6766666666666 300
284 -1011.2566666666667 300
285 -1011.5066666666667 300
286 -1011.6866666666666 300
287 -1013.0166666666667 300
288 -1014.7 300
289 -1015.2133333333334 300
290 -1015.98 300
291 -1016.9533333333334 300
292 -1019.55 300
293 -1020.45 300
294 -1018.7933333333333 300
295 -1016.1533333333333 300
296 -1017.0266666666666 300
297 -1020.0666666666667 300
298 -1023.1633333333333 300
299 -1024.72 300
300 -1024.1433333333334 300
301 -1021.7733333333333 300
302 -1017.5666666666667 300
303 -1017.7833333333333 300
304 -1018.57 300
305 -1019.2233333333334 300
306 -1019.88 300
307 -1020.2766666666666 300
308 -1021.2 300
309 -1015.5633333333334 300
310 -1011.88 300
311 -1011.4833333333333 300
312 -1011.4833333333333 300
313 -1011.5266666666666 300
314 -1011.53 300
315 -1011.5366666666666 300
316 -1011.3966666666666 300
317 -1011.3966666666666 300
318 -1011.3933333333333 300
319 -1011.3 300
320 -1011.0533333333333 300
321 -1010.4766666666667 300
322 -1009.44 300
323 -1007.97 300
324 -1004.3033333333333 300
325 -993.79 300
326 -995.1566666666666 300
327 -997.0966666666667 300
328 -989.75 300
329 -992.45 300
330 -992.1366666666667 300
331 -983.6433333333333 300
332 -980.2166666666667 300
333 -971.0433333333333 300
334 -968.4766666666667 300
335 -969.4633333333334 300
336 -963.8266666666667 300
337 -963.9333333333333 300
338 -964.1833333333333 300
339 -965.1133333333333 300
340 -965.8 300
341 -965.5533333333333 300
342 -965.69 300
343 -966.08 300
344 -966.4066666666666 300
345 -966.5133333333333 300
346 -966.6466666666666 300
347 -966.8066666666666 300
348 -966.9366666666666 300
349 -966.27 300
350 -965.6866666666666 300
351 -967.5566666666666 300
352 -966.3166666666667 300
353 -967.8233333333334 300
354 -967.9333333333333 300
355 -969.32 300
356 -969.3633333333333 300
357 -969.7433333333333 300
358 -968.78 300
359 -967.4 300
360 -965.06 300
361 -966.1666666666666 300
362 -967.89 300
363 -970.79 300
364 -973.4366666666666 300
365 -974.3 300
366 -977.1466666666666 300
367 -980.15 300
368 -983.1833333333333 300
369 -985.58 300
370 -988.41 300
371 -994.12 300
372 -997.1866666666666 300
373 -995.8466666666667 300
374 -988.7533333333333 300
375 -981.8066666666666 300
376 -975.4766666666667 300
377 -962.36 300
378 -919.9866666666667 300
379 -919.8733333333333 300
380 -919.83 300
381 -919.3033333333333 300
382 -919.26 300
383 -918.91 300
384 -918.4133333333333 300
385 -917.1533333333333 300
386 -913.94 300
387 -913.9833333333333 300
388 -915.89 300
389 -917.7433333333333 300
390 -917.0533333333333 300
391 -914.4566666666667 300
392 -910.2933333333333 300
393 -911.0266666666666 300
394 -912.2766666666666 300
395 -913.3733333333333 300
396 -913.7333333333333 300
397 -915.5966666666667 300
398 -913.8566666666667 300
399 -910.9066666666666 300
400 -906.1566666666666 300
401 -906.02 300
402 -906.0 300
403 -905.9566666666667 300
404 -905.74 300
405 -905.4766666666667 300
406 -904.9166666666666 300
407 -905.0066666666667 300
408 -904.1833333333333 300
409 -903.0133333333333 300
410 -905.14 300
411 -904.41 300
412 -903.4166666666666 300
413 -903.7766666666666 300
414 -902.3966666666666 300
415 -899.6766666666666 300
416 -901.09 300
417 -898.06 300
418 -898.5733333333334 300
419 -898.2966666666666 300
420 -894.5433333333333 300
421 -892.3066666666666 300
422 -892.0333333333333 300
423 -891.7233333333334 300
424 -891.44 300
425 -890.7 300
426 -889.8 300
427 -888.6266666666667 300
428 -886.0033333333333 300
429 -881.43 300
430 -881.56 300
431 -881.5933333333334 300
432 -881.43 300
433 -881.4033333333333 300
434 -881.2433333333333 300
435 -880.0166666666667 300
436 -879.23 300
437 -877.0033333333333 300
438 -877.1866666666666 300
439 -878.6566666666666 300
440 -881.3433333333334 300
441 -881.6066666666667 300
442 -881.69 300
443 -881.1766666666666 300
444 -877.3066666666666 300
445 -879.4166666666666 300
446 -881.3 300
447 -880.5233333333333 300
448 -878.5233333333333 300
449 -877.7 300
450 -872.8133333333334 300
451 -867.1366666666667 300
452 -866.9633333333334 300
453 -866.9633333333334 300
454 -867.0933333333334 300
455 -867.1166666666667 300
456 -866.5833333333334 300
457 -865.9666666666667 300
458 -864.25 300
459 -857.94 300
460 -858.8733333333333 300
461 -860.0166666666667 300
462 -860.24 300
463 -856.13 300
464 -855.7766666666666 300
465 -855.8566666666667 300
466 -856.2033333333334 300
467 -857.2 300
468 -857.8066666666666 300
469 -858.3266666666667 300
470 -859.2366666666667 300
471 -859.6266666666667 300
472 -861.7566666666667 300
473 -864.9266666666666 300
474 -864.97 300
475 -865.0133333333333 300
476 -864.97 300
477 -864.94 300
478 -864.9033333333333 300
479 -864.8066666666666 300
480 -864.5633333333334 300
481 -864.76 300
482 -864.4366666666666 300
483 -864.2 300
484 -863.4533333333334 300
485 -862.7566666666667 300
486 -861.9166666666666 300
487 -864.9233333333333 300
488 -864.92 300
489 -864.78 300
490 -865.0266666666666 300
491 -865.0033333333333 300
492 -865.0333333333333 300
493 -865.0366666666666 300
494 -865.05 300
495 -864.8733333333333 300
496 -864.57 300
497 -864.16 300
498 -864.0633333333334 300
499 -863.7366666666667 300
500 -863.16 300
501 -862.8266666666667 300
502 -861.8566666666667 300
503 -860.8933333333333 300
504 -860.7533333333333 300
505 -858.5933333333334 300
506 -855.51 300
507 -848.9366666666666 300
508 -837.2833333333333 300
509 -837.1666666666666 300
510 -835.7866666666666 300
511 -834.6566666666666 300
512 -831.68 300
513 -828.0833333333334 300
514 -826.8933333333333 300
515 -826.7533333333333 300
516 -826.1366666666667 300
517 -825.8766666666667 300
518 -827.2633333333333 300
519 -829.35 300
520 -825.91 300
521 -818.35 300
522 -802.8 300
523 -800.2033333333334 300
524 -800.29 300
525 -800.2133333333334 300
526 -799.52 300
527 -798.3933333333333 300
528 -798.9566666666667 300
529 -797.96 300
530 -799.39 300
531 -799.4333333333333 300
532 -799.26 300
533 -798.7833333333333 300
534 -798.74 300
535 -798.0 300
536 -797.34 300
537 -790.7 300
538 -786.2166666666667 300
539 -786.3166666666667 300
540 -786.7433333333333 300
541 -787.1066666666667 300
542 -786.97 300
543 -784.69 300
544 -786.4733333333334 300
545 -786.8566666666667 300
546 -787.1966666666667 300
547 -787.8033333333333 300
548 -788.4933333333333 300
549 -789.1766666666666 300
550 -790.2433333333333 300
551 -792.02 300
552 -793.0933333333334 300
553 -791.1333333333333 300
554 -786.2733333333333 300
555 -783.8666666666667 300
556 -783.91 300
557 -783.9533333333334 300
558 -783.95 300
559 -783.99 300
560 -784.0 300
561 -784.0433333333333 300
562 -784.0433333333333 300
563 -784.0866666666667 300
564 -784.1733333333333 300
565 -784.2533333333333 300
566 -784.3366666666667 300
567 -784.4333333333333 300
568 -784.44 300
569 -784.5466666666666 300
570 -784.2966666666666 300
571 -783.4133333333333 300
572 -783.47 300
573 -783.4866666666667 300
574 -783.5533333333333 300
575 -783.7033333333334 300
576 -783.8366666666667 300
577 -783.9766666666667 300
578 -784.0633333333334 300
579 -783.2366666666667 300
580 -782.0433333333333 300
581 -781.4966666666667 300
582 -783.6733333333333 300
583 -783.7633333333333 300
584 -782.54 300
585 -781.1433333333333 300
586 -777.3966666666666 300
587 -773.9133333333333 300
588 -773.1233333333333 300
589 -773.3033333333333 300
590 -767.7966666666666 300
591 -766.0266666666666 300
592 -768.0833333333334 300
593 -766.0 300
594 -762.84 300
595 -764.11 300
596 -764.5433333333333 300
597 -765.2266666666667 300
598 -766.8733333333333 300
599 -768.2233333333334 300
600 -766.91 300
601 -765.1 300
602 -762.3333333333334 300
603 -763.19 300
604 -764.38 300
605 -762.34 300
606 -759.0366666666666 300
607 -759.0833333333334 300
608 -759.2566666666667 300
609 -759.1333333333333 300
610 -759.18 300
611 -759.27 300
612 -759.4033333333333 300
613 -759.58 300
614 -757.2233333333334 300
615 -757.2233333333334 300
616 -757.2633333333333 300
617 -757.35 300
618 -757.3333333333334 300
619 -757.36 300
620 -757.6 300
621 -758.1033333333334 300
622 -758.51 300
623 -759.64 300
624 -760.7833333333333 300
625 -762.39 300
626 -765.2 300
627 -764.8066666666666 300
628 -764.0233333333333 300
629 -762.3066666666666 300
630 -759.27 300
631 -756.23 300
632 -754.9766666666667 300
633 -752.7233333333334 300
634 -753.18 300
635 -753.3533333333334 300
636 -753.2466666666667 300
637 -752.81 300
638 -753.6133333333333 300
639 -753.53 300
640 -753.2466666666667 300
641 -752.5666666666667 300
642 -751.0933333333334 300
643 -750.6 300
644 -744.5633333333334 300
645 -732.3166666666667 300
646 -725.99 300
647 -726.64 300
648 -725.7533333333333 300
649 -727.3933333333333 300
650 -732.0633333333334 300
651 -738.15 300
652 -747.6566666666666 300
653 -748.94 300
654 -741.2866666666666 300
655 -722.7866666666666 300
656 -722.7833333333333 300
657 -723.4833333333333 300
658 -723.8833333333333 300
659 -724.5766666666667 300
660 -725.3833333333333 300
661 -727.1033333333334 300
662 -729.06 300
663 -731.54 300
664 -726.0733333333334 300
665 -726.9933333333333 300
666 -728.8666666666667 300
667 -725.9466666666667 300
668 -726.36 300
669 -726.8566666666667 300
670 -725.9866666666667 300
671 -725.5133333333333 300
672 -723.8433333333334 300
673 -723.0666666666667 300
674 -723.83 300
675 -711.1233333333333 300
676 -709.15 300
677 -709.1933333333334 300
678 -709.2266666666667 300
679 -709.2233333333334 300
680 -709.2633333333333 300
681 -709.2933333333333 300
682 -708.5166666666667 300
683 -708.5633333333334 300
684 -708.0866666666667 300
685 -708.0433333333333 300
686 -708.0 300
687 -708.0 300
688 -707.9133333333333 300
689 -707.9133333333333 300
690 -707.9133333333333 300
691 -707.87 300
692 -707.6966666666667 300
693 -707.5666666666667 300
694 -707.2633333333333 300
695 -706.83 300
696 -706.1366666666667 300
697 -705.0066666666667 300
698 -702.4066666666666 300
699 -699.1133333333333 300
700 -699.69 300
701 -699.9 300
702 -700.5066666666667 300
703 -701.3733333333333 300
704 -702.86 300
705 -704.8533333333334 300
706 -707.6266666666667 300
707 -707.4266666666666 300
708 -707.3833333333333 300
709 -706.9933333333333 300
710 -705.9233333333333 300
711 -704.82 300
712 -704.6033333333334 300
713 -702.1733333333333 300
714 -696.82 300
715 -696.9066666666666 300
716 -695.91 300
717 -695.9533333333334 300
718 -696.1266666666667 300
719 -696.5166666666667 300
720 -696.9066666666666 300
721 -697.4266666666666 300
722 -697.9033333333333 300
723 -698.0766666666667 300
724 -698.4233333333333 300
725 -698.0766666666667 300
726 -698.3 300
727 -698.6366666666667 300
728 -698.6833333333333 300
729 -698.4433333333334 300
730 -697.6466666666666 300
731 -696.8366666666667 300
732 -688.63 300
733 -678.9533333333334 300
734 -667.4666666666667 300
735 -667.5566666666666 300
736 -667.52 300
737 -667.5233333333333 300
738 -667.49 300
739 -667.3 300
740 -667.3066666666666 300
741 -666.7466666666667 300
742 -666.9833333333333 300
743 -666.0966666666667 300
744 -666.0733333333334 300
745 -665.6566666666666 300
746 -665.0933333333334 300
747 -663.6333333333333 300
748 -666.2533333333333 300
749 -666.19 300
750 -666.0666666666667 300
751 -665.9266666666666 300
752 -666.05 300
753 -666.0933333333334 300
754 -666.0933333333334 300
755 -666.0933333333334 300
756 -666.05 300
757 -666.05 300
758 -666.0466666666666 300
759 -666.0 300
760 -666.0 300
761 -666.0 300
762 -666.0 300
763 -666.0033333333333 300
764 -666.0033333333333 300
765 -666.2133333333334 300
766 -666.2133333333334 300
767 -665.8933333333333 300
768 -665.9466666666667 300
769 -665.7033333333334 300
770 -665.66 300
771 -664.4633333333334 300
772 -663.32 300
773 -660.97 300
774 -661.3333333333334 300
775 -658.0066666666667 300
776 -649.0033333333333 300
777 -637.8533333333334 300
778 -634.26 300
779 -635.72 300
780 -637.9466666666667 300
781 -640.2333333333333 300
782 -643.76 300
783 -649.6966666666667 300
784 -656.87 300
785 -653.3933333333333 300
786 -652.87 300
787 -653.9066666666666 300
788 -653.65 300
789 -653.59 300
790 -653.0566666666666 300
791 -651.8466666666667 300
792 -648.8666666666667 300
793 -651.3 300
794 -651.4366666666666 300
795 -651.3666666666667 300
796 -651.0233333333333 300
797 -650.6766666666666 300
798 -648.8933333333333 300
799 -646.05 300
800 -641.04 300
801 -647.27 300
802 -652.7066666666667 300
803 -652.7133333333334 300
804 -652.46 300
805 -652.4866666666667 300
806 -652.24 300
807 -652.0133333333333 300
808 -651.67 300
809 -652.9633333333334 300
810 -653.0533333333333 300
811 -653.03 300
812 -653.1133333333333 300
813 -653.0333333333333 300
814 -653.27 300
815 -653.2666666666667 300
816 -653.3766666666667 300
817 -653.4733333333334 300
818 -653.4733333333334 300
819 -653.43 300
820 -653.4733333333334 300
821 -653.6066666666667 300
822 -653.74 300
823 -654.0933333333334 300
824 -654.9166666666666 300
825 -656.2266666666667 300
826 -658.14 300
827 -654.0766666666667 300
828 -653.2733333333333 300
829 -653.2766666666666 300
830 -653.0166666666667 300
831 -653.0166666666667 300
832 -653.1033333333334 300
833 -653.1033333333334 300
834 -653.2333333333333 300
835 -653.3233333333334 300
836 -653.4533333333334 300
837 -653.54 300
838 -653.89 300
839 -654.3233333333334 300
840 -655.02 300
841 -656.15 300
842 -655.9266666666666 300
843 -656.2366666666667 300
844 -656.68 300
845 -656.5666666666667 300
846 -653.3466666666667 300
847 -653.3466666666667 300
848 -653.3466666666667 300
849 -653.17 300
850 -653.1666666666666 300
851 -653.2033333333334 300
852 -653.23 300
853 -653.26 300
854 -653.21 300
855 -653.15 300
856 -652.8766666666667 300
857 -652.49 300
858 -652.3166666666667 300
859 -652.32 300
860 -652.3233333333334 300
861 -652.42 300
862 -652.4166666666666 300
863 -652.1166666666667 300
864 -652.16 300
865 -652.16 300
866 -652.1533333333333 300
867 -652.1933333333334 300
868 -652.1766666666666 300
869 -652.1 300
870 -652.0933333333334 300
871 -652.0966666666667 300
872 -652.1 300
873 -652.1033333333334 300
874 -652.14 300
875 -652.1366666666667 300
876 -652.0966666666667 300
877 -652.0966666666667 300
878 -652.0966666666667 300
879 -652.0 300
880 -651.9566666666667 300
881 -651.7966666666666 300
882 -652.0 300
883 -652.0 300
884 -652.0 300
885 -652.0 300
886 -652.0 300
887 -652.0 300
888 -652.0 300
889 -652.0 300
890 -652.0 300
891 -652.0 300
892 -652.0 300
893 -652.0 300
894 -652.0 300
895 -652.0 300
896 -652.0 300
897 -652.0 300
898 -652.0 300
899 -652.0 300
900 -652.0 300
901 -651.9566666666667 300
902 -651.9133333333333 300
903 -652.0133333333333 300
904 -651.84 300
905 -651.5833333333334 300
906 -651.56 300
907 -650.8266666666667 300
908 -649.35 300
909 -646.19 300
910 -645.9766666666667 300
911 -646.7566666666667 300
912 -647.7533333333333 300
913 -649.27 300
914 -650.7 300
915 -649.75 300
916 -648.74 300
917 -648.74 300
918 -646.53 300
919 -641.5033333333333 300
920 -641.1566666666666 300
921 -641.1566666666666 300
922 -641.1566666666666 300
923 -641.2433333333333 300
924 -641.33 300
925 -641.3733333333333 300
926 -641.4166666666666 300
927 -641.5033333333333 300
928 -641.5466666666666 300
929 -640.8833333333333 300
930 -640.7866666666666 300
931 -640.3966666666666 300
932 -639.13 300
933 -636.4366666666666 300
934 -632.0133333333333 300
935 -628.75 300
936 -628.5066666666667 300
937 -628.6533333333333 300
938 -627.67 300
939 -626.0433333333333 300
940 -630.9133333333333 300
941 -631.34 300
942 -633.3366666666667 300
943 -636.2666666666667 300
944 -640.3766666666667 300
945 -651.0033333333333 300
946 -650.9166666666666 300
947 -651.0466666666666 300
948 -650.8733333333333 300
949 -650.83 300
950 -650.3966666666666 300
951 -650.1366666666667 300
952 -649.53 300
953 -649.0966666666667 300
954 -648.49 300
955 -645.5 300
956 -645.24 300
957 -645.1966666666667 300
958 -645.24 300
959 -645.1966666666667 300
960 -645.24 300
961 -646.1466666666666 300
962 -647.15 300
963 -647.9266666666666 300
964 -647.8833333333333 300
965 -647.8833333333333 300
966 -651.6533333333333 300
967 -651.6533333333333 300
968 -651.61 300
969 -651.5666666666667 300
970 -651.5233333333333 300
971 -651.48 300
972 -651.4366666666666 300
973 -651.4366666666666 300
974 -651.4366666666666 300
975 -651.1766666666666 300
976 -650.5333333333333 300
977 -650.18 300
978 -648.9666666666667 300
979 -646.8 300
980 -643.42 300
981 -643.4633333333334 300
982 -642.5533333333333 300
983 -642.64 300
984 -642.4233333333333 300
985 -641.5566666666666 300
986 -639.7366666666667 300
987 -642.7266666666667 300
988 -642.64 300
989 -642.9 300
990 -643.0733333333334 300
991 -643.5933333333334 300
992 -643.3766666666667 300
993 -643.1166666666667 300
994 -646.3233333333334 300
995 -647.71 300
996 -649.2266666666667 300
997 -649.1833333333333 300
998 -649.1833333333333 300
999 -649.1833333333333 300
1000 -649.8766666666667 300
1001 -648.1433333333333 300
1002 -645.8933333333333 300
1003 -642.2066666666667 300
1004 -642.51 300
1005 -642.7266666666667 300
1006 -642.8566666666667 300
1007 -642.9866666666667 300
1008 -643.29 300
1009 -643.6366666666667 300
1010 -644.33 300
1011 -641.9466666666667 300
1012 -640.04 300
1013 -640.04 300
1014 -639.9533333333334 300
1015 -639.9566666666667 300
1016 -639.9566666666667 300
1017 -640.0433333333333 300
1018 -640.0433333333333 300
1019 -640.0 300
1020 -639.87 300
1021 -639.6533333333333 300
1022 -639.4366666666666 300
1023 -638.7433333333333 300
1024 -637.8766666666667 300
1025 -636.1866666666666 300
1026 -632.8933333333333 300
1027 -632.8066666666666 300
1028 -632.3733333333333 300
1029 -629.1233333333333 300
1030 -629.5133333333333 300
1031 -629.9033333333333 300
1032 -630.6933333333334 300
1033 -631.95 300
1034 -633.55 300
1035 -636.7133333333334 300
1036 -641.3066666666666 300
1037 -642.91 300
1038 -640.8733333333333 300
1039 -636.5066666666667 300
1040 -638.24 300
1041 -640.8933333333333 300
1042 -641.4233333333333 300
1043 -641.67 300
1044 -641.9833333333333 300
1045 -642.7466666666667 300
1046 -643.8866666666667 300
1047 -646.0466666666666 300
1048 -649.5233333333333 300
1049 -653.13 300
1050 -657.1366666666667 300
1051 -660.7233333333334 300
1052 -660.69 300
1053 -660.6566666666666 300
1054 -660.2933333333333 300
1055 -660.24 300
1056 -660.1966666666667 300
1057 -660.1333333333333 300
1058 -659.8966666666666 300
1059 -661.2266666666667 300
1060 -662.7766666666666 300
1061 -661.9333333333333 300
1062 -659.4766666666667 300
1063 -652.8633333333333 300
1064 -641.7433333333333 300
1065 -641.5566666666666 300
1066 -641.6 300
1067 -641.6433333333333 300
1068 -641.6866666666666 300
1069 -641.86 300
1070 -641.9466666666667 300
1071 -641.99 300
1072 -640.6466666666666 300
1073 -640.7333333333333 300
1074 -640.7766666666666 300
1075 -640.7766666666666 300
1076 -640.82 300
1077 -640.7333333333333 300
1078 -640.6066666666667 300
1079 -640.65 300
1080 -640.8233333333334 300
1081 -640.9533333333334 300
1082 -640.9566666666667 300
1083 -640.87 300
1084 -640.9133333333333 300
1085 -640.96 300
1086 -641.05 300
1087 -641.1366666666667 300
1088 -641.1833333333333 300
1089 -639.5333333333333 300
1090 -639.5333333333333 300
1091 -639.53 300
1092 -639.72 300
1093 -639.9066666666666 300
1094 -640.3666666666667 300
1095 -640.9966666666667 300
1096 -641.54 300
1097 -639.8733333333333 300
1098 -639.8366666666667 300
1099 -639.9 300
1100 -639.8633333333333 300
1101 -639.4833333333333 300
1102 -639.4433333333334 300
1103 -639.4133333333333 300
1104 -639.5666666666667 300
1105 -639.5666666666667 300
1106 -639.08 300
1107 -639.2 300
1108 -639.19 300
1109 -639.2233333333334 300
1110 -639.3166666666667 300
1111 -639.3066666666666 300
1112 -639.3466666666667 300
1113 -639.29 300
1114 -639.11 300
1115 -638.7466666666667 300
1116 -638.6666666666666 300
1117 -638.68 300
1118 -638.6866666666666 300
1119 -638.6966666666667 300
1120 -638.7033333333334 300
1121 -638.7133333333334 300
1122 -638.7166666666667 300
1123 -638.7233333333334 300
1124 -638.73 300
1125 -638.74 300
1126 -638.7466666666667 300
1127 -638.7533333333333 300
1128 -638.7633333333333 300
1129 -638.8433333333334 300
1130 -638.89 300
1131 -638.9333333333333 300
1132 -639.0233333333333 300
1133 -638.6666666666666 300
1134 -638.6933333333334 300
1135 -638.7033333333334 300
1136 -638.7033333333334 300
1137 -638.8433333333334 300
1138 -638.9233333333333 300
1139 -638.7433333333333 300
1140 -638.7433333333333 300
1141 -638.9066666666666 300
1142 -638.72 300
1143 -638.34 300
1144 -637.45 300
1145 -634.66 300
1146 -630.8033333333333 300
1147 -630.9833333333333 300
1148 -631.3133333333334 300
1149 -631.7766666666666 300
1150 -633.1066666666667 300
1151 -634.8 300
1152 -638.86 300
1153 -638.9533333333334 300
1154 -642.7933333333333 300
1155 -646.4 300
1156 -641.7666666666667 300
1157 -637.23 300
1158 -627.9766666666667 300
1159 -627.9766666666667 300
1160 -627.98 300
1161 -628.0266666666666 300
1162 -628.03 300
1163 -628.0366666666666 300
1164 -628.0366666666666 300
1165 -628.0366666666666 300
1166 -628.0366666666666 300
1167 -627.99 300
1168 -627.99 300
1169 -627.9866666666667 300
1170 -627.9833333333333 300
1171 -628.02 300
1172 -628.0166666666667 300
1173 -628.0566666666666 300
1174 -628.0533333333333 300
1175 -628.0566666666666 300
1176 -628.0533333333333 300
1177 -628.0133333333333 300
1178 -627.9333333333333 300
1179 -627.7233333333334 300
1180 -627.6266666666667 300
1181 -627.68 300
1182 -627.68 300
1183 -627.6866666666666 300
1184 -627.7033333333334 300
1185 -627.72 300
1186 -627.6866666666666 300
1187 -627.65 300
1188 -627.3266666666667 300
1189 -627.3033333333333 300
1190 -627.2666666666667 300
1191 -627.4333333333333 300
1192 -627.5033333333333 300
1193 -627.5866666666667 300
1194 -627.7433333333333 300
1195 -628.2133333333334 300
1196 -628.21 300
1197 -628.1666666666666 300
1198 -628.12 300
1199 -627.86 300
1200 -627.63 300
1201 -626.8166666666667 300
1202 -628.2833333333333 300
1203 -628.1333333333333 300
1204 -628.1466666666666 300
1205 -628.2033333333334 300
1206 -628.18 300
1207 -628.15 300
1208 -627.9033333333333 300
1209 -627.8766666666667 300
1210 -627.8966666666666 300
1211 -627.9133333333333 300
1212 -627.88 300
1213 -627.8966666666666 300
1214 -627.87 300
1215 -627.8466666666667 300
1216 -627.8166666666667 300
1217 -627.7766666666666 300
1218 -627.7533333333333 300
1219 -627.7266666666667 300
1220 -627.7466666666667 300
1221 -627.7233333333334 300
1222 -627.7 300
1223 -627.7166666666667 300
1224 -627.6933333333334 300
1225 -627.47 300
1226 -627.57 300
1227 -627.8233333333334 300
1228 -627.9433333333334 300
1229 -629.1 300
1230 -629.1133333333333 300
1231 -629.1166666666667 300
1232 -628.78 300
1233 -627.9166666666666 300
1234 -627.9933333333333 300
1235 -628.1933333333334 300
1236 -628.4266666666666 300
1237 -628.2733333333333 300
1238 -628.35 300
1239 -627.8733333333333 300
1240 -627.22 300
1241 -625.9666666666667 300
1242 -625.1266666666667 300
1243 -625.94 300
1244 -627.4333333333333 300
1245 -630.0733333333334 300
1246 -631.7466666666667 300
1247 -631.87 300
1248 -632.0 300
1249 -632.0866666666667 300
1250 -632.2233333333334 300
1251 -632.4666666666667 300
1252 -632.5633333333334 300
1253 -631.01 300
1254 -631.1033333333334 300
1255 -631.3066666666666 300
1256 -631.1433333333333 300
1257 -630.8 300
1258 -632.52 300
1259 -632.84 300
1260 -633.19 300
1261 -633.3666666666667 300
1262 -633.9666666666667 300
1263 -634.13 300
1264 -634.2866666666666 300
1265 -635.2633333333333 300
1266 -636.94 300
1267 -636.8566666666667 300
1268 -637.2366666666667 300
1269 -637.3433333333334 300
1270 -637.3333333333334 300
1271 -637.6966666666667 300
1272 -637.9166666666666 300
1273 -636.1 300
1274 -634.64 300
1275 -634.2066666666667 300
1276 -634.2666666666667 300
1277 -634.7366666666667 300
1278 -635.0133333333333 300
1279 -635.5833333333334 300
1280 -635.8266666666667 300
1281 -636.28 300
1282 -637.2666666666667 300
1283 -632.3233333333334 300
1284 -632.9133333333333 300
1285 -633.6966666666667 300
1286 -634.8566666666667 300
1287 -636.26 300
1288 -637.0233333333333 300
1289 -635.9033333333333 300
1290 -636.36 300
1291 -636.3733333333333 300
1292 -636.5833333333334 300
1293 -638.3266666666667 300
1294 -639.6733333333333 300
1295 -639.7666666666667 300
1296 -639.6166666666667 300
1297 -639.4966666666667 300
1298 -639.4333333333333 300
1299 -639.3933333333333 300
1300 -639.2866666666666 300
1301 -637.1733333333333 300
1302 -637.06 300
1303 -636.8966666666666 300
1304 -637.4766666666667 300
1305 -638.34 300
1306 -638.34 300
1307 -637.93 300
1308 -637.51 300
1309 -636.8933333333333 300
1310 -635.6433333333333 300
1311 -633.4233333333333 300
1312 -631.6166666666667 300
1313 -631.7766666666666 300
1314 -631.94 300
1315 -632.3466666666667 300
1316 -633.0366666666666 300
1317 -632.3233333333334 300
1318 -633.13 300
1319 -633.38 300
1320 -634.0833333333334 300
1321 -634.7666666666667 300
1322 -632.6433333333333 300
1323 -632.38 300
1324 -632.35 300
1325 -632.39 300
1326 -632.4766666666667 300
1327 -632.56 300
1328 -632.5966666666667 300
1329 -632.6033333333334 300
1330 -632.6933333333334 300
1331 -632.8733333333333 300
1332 -632.96 300
1333 -633.05 300
1334 -633.1033333333334 300
1335 -633.1866666666666 300
1336 -633.2266666666667 300
1337 -633.2333333333333 300
1338 -633.3166666666667 300
1339 -633.4 300
1340 -633.3266666666667 300
1341 -633.54 300
1342 -633.6266666666667 300
1343 -631.9866666666667 300
1344 -632.2133333333334 300
1345 -632.0233333333333 300
1346 -632.0666666666667 300
1347 -632.1933333333334 300
1348 -632.3233333333334 300
1349 -632.3766666666667 300
1350 -632.4233333333333 300
1351 -632.5133333333333 300
1352 -632.5133333333333 300
1353 -632.4766666666667 300
1354 -632.4 300
1355 -632.4033333333333 300
1356 -632.4533333333334 300
1357 -632.4066666666666 300
1358 -632.29 300
1359 -632.3333333333334 300
1360 -632.34 300
1361 -632.26 300
1362 -632.2266666666667 300
1363 -632.23 300
1364 -632.1966666666667 300
1365 -632.0833333333334 300
1366 -632.31 300
1367 -632.3166666666667 300
1368 -632.4733333333334 300
1369 -632.52 300
1370 -632.5566666666666 300
1371 -632.8133333333334 300
1372 -632.65 300
1373 -632.93 300
1374 -632.94 300
1375 -633.4166666666666 300
1376 -633.96 300
1377 -635.1 300
1378 -635.9533333333334 300
1379 -635.9233333333333 300
1380 -635.8133333333334 300
1381 -635.8966666666666 300
1382 -637.1366666666667 300
1383 -637.2033333333334 300
1384 -637.13 300
1385 -637.0566666666666 300
1386 -636.98 300
1387 -636.9066666666666 300
1388 -636.83 300
1389 -636.8333333333334 300
1390 -636.72 300
1391 -636.6 300
1392 -637.0633333333334 300
1393 -636.8666666666667 300
1394 -637.3 300
1395 -637.1833333333333 300
1396 -635.28 300
1397 -636.9533333333334 300
1398 -635.05 300
1399 -632.5966666666667 300
1400 -633.04 300
1401 -633.2 300
1402 -633.4133333333333 300
1403 -633.54 300
1404 -633.71 300
1405 -633.92 300
1406 -634.5633333333334 300
1407 -634.7633333333333 300
1408 -635.1133333333333 300
1409 -635.7166666666667 300
1410 -635.9766666666667 300
1411 -636.4133333333333 300
1412 -636.2233333333334 300
1413 -636.7666666666667 300
1414 -637.16 300
1415 -638.66 300
1416 -640.3666666666667 300
1417 -641.8733333333333 300
1418 -645.1333333333333 300
1419 -647.05 300
1420 -646.7633333333333 300
1421 -646.56 300
1422 -646.2133333333334 300
1423 -645.87 300
1424 -645.4966666666667 300
1425 -645.0833333333334 300
1426 -645.75 300
1427 -645.5866666666667 300
1428 -645.34 300
1429 -645.0066666666667 300
1430 -644.6366666666667 300
1431 -644.3433333333334 300
1432 -644.0533333333333 300
1433 -643.1233333333333 300
1434 -643.1666666666666 300
1435 -642.9633333333334 300
1436 -642.71 300
1437 -642.5466666666666 300
1438 -641.9266666666666 300
1439 -641.3866666666667 300
1440 -640.7666666666667 300
1441 -640.3933333333333 300
1442 -640.9433333333334 300
1443 -640.9866666666667 300
1444 -640.3633333333333 300
1445 -639.74 300
1446 -639.0233333333333 300
1447 -638.4 300
1448 -637.7633333333333 300
1449 -637.0433333333333 300
1450 -636.32 300
1451 -636.7 300
1452 -636.9566666666667 300
1453 -636.7433333333333 300
1454 -636.8266666666667 300
1455 -637.1666666666666 300
1456 -637.4233333333333 300
1457 -638.35 300
1458 -638.56 300
1459 -636.9966666666667 300
1460 -637.04 300
1461 -637.2533333333333 300
1462 -637.55 300
1463 -637.8033333333333 300
1464 -638.0566666666666 300
1465 -638.06 300
1466 -638.19 300
1467 -638.4033333333333 300
1468 -638.6166666666667 300
1469 -638.83 300
1470 -638.96 300
1471 -639.2566666666667 300
1472 -639.4666666666667 300
1473 -639.68 300
1474 -639.64 300
1475 -639.2566666666667 300
1476 -639.0433333333333 300
1477 -638.83 300
1478 -638.6166666666667 300
1479 -638.4033333333333 300
1480 -638.19 300
1481 -637.9766666666667 300
1482 -637.8066666666666 300
1483 -637.68 300
1484 -637.6366666666667 300
1485 -638.15 300
1486 -638.36 300
1487 -638.5266666666666 300
1488 -638.8233333333334 300
1489 -638.78 300
1490 -639.7066666666667 300
1491 -639.8366666666667 300
1492 -640.0033333333333 300
1493 -640.22 300
1494 -640.1 300
1495 -639.8466666666667 300
1496 -639.64 300
1497 -639.6 300
1498 -639.4366666666666 300
1499 -639.27 300
1500 -639.2266666666667 300
1501 -639.06 300
1502 -639.0633333333334 300
1503 -638.9366666666666 300
1504 -638.94 300
1505 -638.8133333333334 300
1506 -638.7333333333333 300
1507 -638.6933333333334 300
1508 -636.4166666666666 300
1509 -635.0266666666666 300
1510 -635.11 300
1511 -635.3666666666667 300
1512 -635.5366666666666 300
1513 -635.7933333333333 300
1514 -635.9266666666666 300
1515 -635.93 300
1516 -635.85 300
1517 -633.0666666666667 300
1518 -633.1533333333333 300
1519 -633.3266666666667 300
1520 -633.5433333333333 300
1521 -633.7166666666667 300
1522 -633.8466666666667 300
1523 -633.9766666666667 300
1524 -634.0633333333334 300
1525 -633.89 300
1526 -633.89 300
1527 -633.8466666666667 300
1528 -634.28 300
1529 -634.4533333333334 300
1530 -634.41 300
1531 -634.54 300
1532 -634.54 300
1533 -634.4966666666667 300
1534 -634.54 300
1535 -634.4533333333334 300
1536 -634.4533333333334 300
1537 -635.0166666666667 300
1538 -635.58 300
1539 -634.3233333333334 300
1540 -632.0266666666666 300
1541 -632.1566666666666 300
1542 -632.3733333333333 300
1543 -632.4166666666666 300
1544 -632.79 300
1545 -633.2766666666666 300
1546 -630.4166666666666 300
1547 -630.2866666666666 300
1548 -630.3733333333333 300
1549 -630.4166666666666 300
1550 -630.46 300
1551 -630.72 300
1552 -630.85 300
1553 -630.98 300
1554 -631.2833333333333 300
1555 -631.6433333333333 300
1556 -632.1166666666667 300
1557 -632.2366666666667 300
1558 -632.9733333333334 300
1559 -633.8833333333333 300
1560 -634.5333333333333 300
1561 -634.6633333333333 300
1562 -636.1366666666667 300
1563 -635.66 300
1564 -635.79 300
1565 -635.79 300
1566 -635.8333333333334 300
1567 -635.8333333333334 300
1568 -635.92 300
1569 -638.0 300
1570 -636.3966666666666 300
1571 -634.5333333333333 300
1572 -631.24 300
1573 -631.5433333333333 300
1574 -631.5866666666667 300
1575 -631.9333333333333 300
1576 -632.3233333333334 300
1577 -632.41 300
1578 -631.7166666666667 300
1579 -631.9766666666667 300
1580 -632.7133333333334 300
1581 -633.32 300
1582 -632.3666666666667 300
1583 -633.06 300
1584 -634.3566666666667 300
1585 -636.0566666666666 300
1586 -637.3066666666666 300
1587 -636.1333333333333 300
1588 -636.3066666666666 300
1589 -639.9066666666666 300
1590 -640.2533333333333 300
1591 -640.1233333333333 300
1592 -639.8633333333333 300
1593 -641.6833333333333 300
1594 -642.17 300
1595 -642.3 300
1596 -642.1266666666667 300
1597 -641.9533333333334 300
1598 -641.2233333333334 300
1599 -641.96 300
1600 -641.4833333333333 300
1601 -643.8666666666667 300
1602 -643.39 300
1603 -643.52 300
1604 -643.8666666666667 300
1605 -644.1266666666667 300
1606 -644.69 300
1607 -645.9466666666667 300
1608 -648.0266666666666 300
1609 -651.58 300
1610 -653.0966666666667 300
1611 -653.0966666666667 300
1612 -653.0966666666667 300
1613 -653.0966666666667 300
1614 -653.0966666666667 300
1615 -653.0966666666667 300
1616 -653.14 300
1617 -653.14 300
1618 -653.14 300
1619 -653.14 300
1620 -653.14 300
1621 -653.14 300
1622 -653.14 300
1623 -653.14 300
1624 -653.1433333333333 300
1625 -653.14 300
1626 -653.14 300
1627 -653.14 300
1628 -653.14 300
1629 -653.14 300
1630 -653.14 300
1631 -653.14 300
1632 -653.14 300
1633 -653.14 300
1634 -653.14 300
1635 -653.14 300
1636 -653.14 300
1637 -653.14 300
1638 -653.14 300
1639 -653.2366666666667 300
1640 -653.28 300
1641 -653.3233333333334 300
1642 -653.3233333333334 300
1643 -653.1833333333333 300
1644 -653.1833333333333 300
1645 -653.1833333333333 300
1646 -653.2266666666667 300
1647 -653.13 300
1648 -653.13 300
1649 -653.0866666666667 300
1650 -653.0433333333333 300
1651 -653.0 300
1652 -652.9566666666667 300
1653 -652.9133333333333 300
1654 -652.87 300
1655 -652.8266666666667 300
1656 -652.7833333333333 300
1657 -652.74 300
1658 -653.0866666666667 300
1659 -653.0866666666667 300
1660 -653.0866666666667 300
1661 -653.0866666666667 300
1662 -653.0866666666667 300
1663 -653.0866666666667 300
1664 -653.0433333333333 300
1665 -653.0433333333333 300
1666 -653.0 300
1667 -652.74 300
1668 -652.74 300
1669 -652.6966666666667 300
1670 -652.6533333333333 300
1671 -652.61 300
1672 -652.5666666666667 300
1673 -652.3933333333333 300
1674 -652.18 300
1675 -651.5766666666667 300
1676 -650.5833333333334 300
1677 -649.8833333333333 300
1678 -649.84 300
1679 -649.7966666666666 300
1680 -649.8833333333333 300
1681 -649.8833333333333 300
1682 -649.97 300
1683 -650.1433333333333 300
1684 -650.2733333333333 300
1685 -650.23 300
1686 -650.2733333333333 300
1687 -650.4033333333333 300
1688 -650.49 300
1689 -650.49 300
1690 -650.49 300
1691 -650.5766666666667 300
1692 -650.5766666666667 300
1693 -650.5333333333333 300
1694 -650.4466666666667 300
1695 -650.4466666666667 300
1696 -650.4033333333333 300
1697 -650.36 300
1698 -650.5733333333334 300
1699 -650.6166666666667 300
1700 -650.53 300
1701 -650.4433333333334 300
1702 -650.57 300
1703 -650.6566666666666 300
1704 -650.6533333333333 300
1705 -650.7366666666667 300
1706 -650.7766666666666 300
1707 -650.7733333333333 300
1708 -650.7266666666667 300
1709 -650.68 300
1710 -650.6333333333333 300
1711 -650.63 300
1712 -650.5833333333334 300
1713 -650.4933333333333 300
1714 -650.5766666666667 300
1715 -650.5733333333334 300
1716 -650.5266666666666 300
1717 -650.48 300
1718 -650.39 300
1719 -650.3 300
1720 -650.21 300
1721 -650.0766666666667 300
1722 -649.9866666666667 300
1723 -649.9833333333333 300
1724 -649.98 300
1725 -649.9766666666667 300
1726 -650.0166666666667 300
1727 -649.88 300
1728 -649.83 300
1729 -649.8666666666667 300
1730 -649.8166666666667 300
1731 -649.7233333333334 300
1732 -649.6733333333333 300
1733 -649.6233333333333 300
1734 -649.5733333333334 300
1735 -649.5233333333333 300
1736 -649.4733333333334 300
1737 -649.38 300
1738 -649.33 300
1739 -649.1566666666666 300
1740 -650.3233333333334 300
1741 -650.2866666666666 300
1742 -650.3733333333333 300
1743 -650.4633333333334 300
1744 -650.55 300
1745 -652.01 300
1746 -652.0233333333333 300
1747 -652.03 300
1748 -652.0666666666667 300
1749 -652.0666666666667 300
1750 -652.02 300
1751 -651.5633333333334 300
1752 -651.57 300
1753 -651.57 300
1754 -651.61 300
1755 -651.7866666666666 300
1756 -651.7466666666667 300
1757 -651.7 300
1758 -651.6566666666666 300
1759 -651.6066666666667 300
1760 -652.8833333333333 300
1761 -652.8933333333333 300
1762 -652.9066666666666 300
1763 -652.6466666666666 300
1764 -652.66 300
1765 -652.6466666666666 300
1766 -652.61 300
1767 -652.5966666666667 300
1768 -652.67 300
1769 -652.6466666666666 300
1770 -652.66 300
1771 -652.66 300
1772 -652.6666666666666 300
1773 -652.6733333333333 300
1774 -652.64 300
1775 -652.6066666666667 300
1776 -652.5733333333334 300
1777 -652.58 300
1778 -652.54 300
1779 -652.5066666666667 300
1780 -652.4733333333334 300
1781 -652.4366666666666 300
1782 -652.4033333333333 300
1783 -652.37 300
1784 -652.3366666666667 300
1785 -652.3033333333333 300
1786 -652.2666666666667 300
1787 -652.27 300
1788 -652.21 300
1789 -652.1433333333333 300
1790 -652.15 300
1791 -652.1033333333334 300
1792 -652.1066666666667 300
1793 -652.1 300
1794 -652.06 300
1795 -652.0666666666667 300
1796 -651.7066666666667 300
1797 -651.71 300
1798 -651.7133333333334 300
1799 -651.71 300
1800 -651.7133333333334 300
1801 -651.7566666666667 300
1802 -651.71 300
1803 -651.6866666666666 300
1804 -651.6233333333333 300
1805 -651.5166666666667 300
1806 -651.45 300
1807 -651.3433333333334 300
1808 -651.28 300
1809 -651.2666666666667 300
1810 -651.3066666666666 300
1811 -651.3033333333333 300
1812 -651.2633333333333 300
1813 -651.26 300
1814 -651.1833333333333 300
1815 -650.5933333333334 300
1816 -650.8 300
1817 -650.8033333333333 300
1818 -650.85 300
1819 -650.8166666666667 300
1820 -650.7766666666666 300
1821 -650.7333333333333 300
1822 -651.6233333333333 300
1823 -651.7466666666667 300
1824 -651.7066666666667 300
1825 -651.67 300
1826 -651.6733333333333 300
1827 -651.5966666666667 300
1828 -651.1066666666667 300
1829 -650.99 300
1830 -650.95 300
1831 -649.9566666666667 300
1832 -649.88 300
1833 -649.97 300
1834 -648.5466666666666 300
1835 -647.45 300
1836 -647.7466666666667 300
1837 -648.37 300
1838 -649.16 300
1839 -650.4333333333333 300
1840 -652.48 300
1841 -652.8133333333334 300
1842 -652.7666666666667 300
1843 -652.8033333333333 300
1844 -652.7533333333333 300
1845 -652.7 300
1846 -653.0066666666667 300
1847 -652.9133333333333 300
1848 -652.8466666666667 300
1849 -652.8866666666667 300
1850 -652.8033333333333 300
1851 -652.7133333333334 300
1852 -652.66 300
1853 -652.56 300
1854 -652.5 300
1855 -652.3533333333334 300
1856 -652.2466666666667 300
1857 -652.1466666666666 300
1858 -651.9933333333333 300
1859 -651.8366666666667 300
1860 -651.68 300
1861 -651.5233333333333 300
1862 -651.3666666666667 300
1863 -651.2533333333333 300
1864 -651.1233333333333 300
1865 -651.03 300
1866 -650.8733333333333 300
1867 -650.72 300
1868 -650.5833333333334 300
1869 -650.4933333333333 300
1870 -650.4466666666667 300
1871 -650.4 300
1872 -650.31 300
1873 -650.3466666666667 300
1874 -650.3366666666667 300
1875 -650.38 300
1876 -650.37 300
1877 -650.3666666666667 300
1878 -650.41 300
1879 -650.4066666666666 300
1880 -650.4466666666667 300
1881 -651.25 300
1882 -651.17 300
1883 -651.21 300
1884 -651.21 300
1885 -651.2133333333334 300
1886 -651.38 300
1887 -651.34 300
1888 -651.2966666666666 300
1889 -651.3366666666667 300
1890 -651.4766666666667 300
1891 -651.47 300
1892 -651.47 300
1893 -651.31 300
1894 -651.2766666666666 300
1895 -651.3633333333333 300
1896 -651.32 300
1897 -651.3633333333333 300
1898 -651.41 300
1899 -651.2033333333334 300
1900 -651.26 300
1901 -652.4966666666667 300
1902 -652.6433333333333 300
1903 -652.7266666666667 300
1904 -652.6433333333333 300
1905 -652.68 300
1906 -652.77 300
1907 -652.72 300
1908 -652.76 300
1909 -652.71 300
1910 -652.7066666666667 300
1911 -652.3766666666667 300
1912 -652.4566666666667 300
1913 -652.9433333333334 300
1914 -652.94 300
1915 -653.0233333333333 300
1916 -653.06 300
1917 -653.14 300
1918 -653.18 300
1919 -653.22 300
1920 -652.6966666666667 300
1921 -652.78 300
1922 -652.91 300
1923 -652.6466666666666 300
1924 -652.4966666666667 300
1925 -652.5433333333333 300
1926 -652.2933333333333 300
1927 -651.56 300
1928 -651.6033333333334 300
1929 -652.2166666666667 300
1930 -652.3066666666666 300
1931 -653.5066666666667 300
1932 -653.5533333333333 300
1933 -653.5133333333333 300
1934 -653.6066666666667 300
1935 -653.7033333333334 300
1936 -653.4533333333334 300
1937 -653.5 300
1938 -654.2033333333334 300
1939 -654.1633333333333 300
1940 -654.1733333333333 300
1941 -654.09 300
1942 -654.1 300
1943 -654.0166666666667 300
1944 -653.94 300
1945 -653.9066666666666 300
1946 -653.96 300
1947 -653.6633333333333 300
1948 -653.6333333333333 300
1949 -654.1466666666666 300
1950 -654.2466666666667 300
1951 -654.3866666666667 300
1952 -655.31 300
1953 -652.5233333333333 300
1954 -652.5266666666666 300
1955 -652.3533333333334 300
1956 -652.31 300
1957 -651.8333333333334 300
1958 -651.7033333333334 300
1959 -651.6166666666667 300
1960 -651.1133333333333 300
1961 -651.07 300
1962 -651.16 300
1963 -651.2066666666667 300
1964 -651.2933333333333 300
1965 -651.2933333333333 300
1966 -651.5966666666667 300
1967 -651.6833333333333 300
1968 -651.64 300
1969 -651.6866666666666 300
1970 -651.6766666666666 300
1971 -651.7666666666667 300
1972 -651.81 300
1973 -651.81 300
1974 -651.82 300
1975 -651.78 300
1976 -651.65 300
1977 -651.5633333333334 300
1978 -651.61 300
1979 -651.35 300
1980 -651.3966666666666 300
1981 -650.9633333333334 300
1982 -650.9633333333334 300
1983 -651.05 300
1984 -651.0566666666666 300
1985 -650.1466666666666 300
1986 -650.2833333333333 300
1987 -649.4166666666666 300
1988 -650.11 300
1989 -649.5933333333334 300
1990 -649.6366666666667 300
1991 -649.8533333333334 300
1992 -649.8966666666666 300
1993 -650.1633333333333 300
1994 -650.2933333333333 300
1995 -650.43 300
1996 -650.6933333333334 300
1997 -650.9533333333334 300
1998 -651.13 300
1999 -651.3066666666666 300
2000 -651.0433333333333 300
2001 -651.22 300
2002 -651.23 300
2003 -651.1466666666666 300
2004 -651.0633333333334 300
2005 -651.16 300
2006 -651.3433333333334 300
2007 -650.9266666666666 300
2008 -651.1066666666667 300
2009 -651.4166666666666 300
2010 -651.4333333333333 300
2011 -651.6566666666666 300
2012 -651.79 300
2013 -651.92 300
2014 -652.0533333333333 300
2015 -652.1866666666666 300
2016 -652.2766666666666 300
2017 -652.45 300
2018 -652.4933333333333 300
2019 -652.49 300
2020 -652.9233333333333 300
2021 -653.06 300
2022 -653.1566666666666 300
2023 -653.4266666666666 300
2024 -649.6466666666666 300
2025 -649.7333333333333 300
2026 -649.6466666666666 300
2027 -649.69 300
2028 -649.7333333333333 300
2029 -647.9566666666667 300
2030 -648.1766666666666 300
2031 -648.22 300
2032 -648.9166666666666 300
2033 -649.4366666666666 300
2034 -650.6933333333334 300
2035 -652.5166666666667 300
2036 -654.2066666666667 300
2037 -654.2533333333333 300
2038 -654.3466666666667 300
2039 -654.3933333333333 300
2040 -654.44 300
2041 -654.5333333333333 300
2042 -654.58 300
2043 -654.5833333333334 300
2044 -654.63 300
2045 -654.5866666666667 300
2046 -654.5466666666666 300
2047 -654.6866666666666 300
2048 -654.69 300
2049 -654.74 300
2050 -654.7433333333333 300
2051 -654.7 300
2052 -654.75 300
2053 -654.89 300
2054 -654.94 300
2055 -654.9433333333334 300
2056 -655.04 300
2057 -654.39 300
2058 -654.44 300
2059 -654.35 300
2060 -654.12 300
2061 -654.0833333333334 300
2062 -654.1733333333333 300
2063 -654.0833333333334 300
2064 -653.9466666666667 300
2065 -653.7633333333333 300
2066 -653.6266666666667 300
2067 -653.5833333333334 300
2068 -653.4466666666667 300
2069 -652.96 300
2070 -652.96 300
2071 -653.0466666666666 300
2072 -653.2233333333334 300
2073 -653.2266666666667 300
2074 -654.5733333333334 300
2075 -654.6166666666667 300
2076 -654.62 300
2077 -654.62 300
2078 -654.5766666666667 300
2079 -654.5333333333333 300
2080 -654.4866666666667 300
2081 -654.4866666666667 300
2082 -654.4866666666667 300
2083 -654.3 300
2084 -654.2566666666667 300
2085 -654.5633333333334 300
2086 -654.6066666666667 300
2087 -654.6066666666667 300
2088 -654.56 300
2089 -654.6066666666667 300
2090 -654.56 300
2091 -654.6033333333334 300
2092 -654.5566666666666 300
2093 -654.5566666666666 300
2094 -654.5566666666666 300
2095 -654.5566666666666 300
2096 -654.5566666666666 300
2097 -654.65 300
2098 -654.6966666666667 300
2099 -654.6966666666667 300
2100 -654.79 300
2101 -654.7433333333333 300
2102 -654.8333333333334 300
2103 -654.8333333333334 300
2104 -654.7866666666666 300
2105 -654.7866666666666 300
2106 -654.8333333333334 300
2107 -654.8333333333334 300
2108 -654.97 300
2109 -654.97 300
2110 -654.8466666666667 300
2111 -654.94 300
2112 -655.08 300
2113 -655.0333333333333 300
2114 -655.0333333333333 300
2115 -654.9866666666667 300
2116 -654.0066666666667 300
2117 -654.0066666666667 300
2118 -654.0066666666667 300
2119 -654.0533333333333 300
2120 -653.96 300
2121 -653.9133333333333 300
2122 -653.8666666666667 300
2123 -653.82 300
2124 -653.7733333333333 300
2125 -653.7266666666667 300
2126 -653.7266666666667 300
2127 -653.52 300
2128 -653.4733333333334 300
2129 -653.4266666666666 300
2130 -653.3333333333334 300
2131 -653.38 300
2132 -653.38 300
2133 -653.2866666666666 300
2134 -653.24 300
2135 -653.1933333333334 300
2136 -653.1466666666666 300
2137 -653.1 300
2138 -653.0533333333333 300
2139 -653.0066666666667 300
2140 -652.8466666666667 300
2141 -652.5933333333334 300
2142 -652.5733333333334 300
2143 -652.46 300
2144 -652.3666666666667 300
2145 -652.4333333333333 300
2146 -652.32 300
2147 -652.2266666666667 300
2148 -652.1333333333333 300
2149 -652.1333333333333 300
2150 -652.0866666666667 300
2151 -652.1333333333333 300
2152 -652.0666666666667 300
2153 -651.9066666666666 300
2154 -651.9066666666666 300
2155 -651.6066666666667 300
2156 -651.8133333333334 300
2157 -651.86 300
2158 -651.9533333333334 300
2159 -652.0666666666667 300
2160 -652.2733333333333 300
2161 -652.32 300
2162 -652.2066666666667 300
2163 -652.1866666666666 300
2164 -652.2333333333333 300
2165 -652.12 300
2166 -652.0066666666667 300
2167 -651.8033333333333 300
2168 -651.8066666666666 300
2169 -651.74 300
2170 -651.8533333333334 300
2171 -651.8533333333334 300
2172 -651.8566666666667 300
2173 -651.7666666666667 300
2174 -651.77 300
2175 -651.77 300
2176 -651.66 300
2177 -651.57 300
2178 -651.4833333333333 300
2179 -651.6 300
2180 -651.7166666666667 300
2181 -651.63 300
2182 -651.77 300
2183 -651.6166666666667 300
2184 -651.7333333333333 300
2185 -651.4866666666667 300
2186 -651.5566666666666 300
2187 -651.4466666666667 300
2188 -651.29 300
2189 -651.14 300
2190 -651.5333333333333 300
2191 -651.8133333333334 300
2192 -651.9066666666666 300
2193 -652.0666666666667 300
2194 -652.0666666666667 300
2195 -652.1133333333333 300
2196 -652.1166666666667 300
2197 -652.0733333333334 300
2198 -652.12 300
2199 -652.2333333333333 300
2200 -652.3266666666667 300
2201 -652.5366666666666 300
2202 -652.38 300
2203 -652.4933333333333 300
2204 -652.96 300
2205 -653.0733333333334 300
2206 -653.3033333333333 300
2207 -653.31 300
2208 -653.2233333333334 300
2209 -653.34 300
2210 -653.2533333333333 300
2211 -653.12 300
2212 -653.1466666666666 300
2213 -653.2 300
2214 -653.3166666666667 300
2215 -653.23 300
2216 -653.28 300
2217 -653.2833333333333 300
2218 -652.26 300
2219 -652.1566666666666 300
2220 -652.1633333333333 300
2221 -652.1033333333334 300
2222 -652.15 300
2223 -652.1333333333333 300
2224 -652.09 300
2225 -652.16 300
2226 -652.0966666666667 300
2227 -652.3266666666667 300
2228 -652.42 300
2229 -652.31 300
2230 -652.38 300
2231 -652.3366666666667 300
2232 -652.2933333333333 300
2233 -652.25 300
2234 -652.2066666666667 300
2235 -652.1633333333333 300
2236 -652.1633333333333 300
2237 -652.2766666666666 300
2238 -652.3233333333334 300
2239 -652.4366666666666 300
2240 -652.4366666666666 300
2241 -652.55 300
2242 -652.55 300
2243 -652.5933333333334 300
2244 -652.55 300
2245 -652.5033333333333 300
2246 -652.39 300
2247 -652.39 300
2248 -652.1433333333333 300
2249 -652.03 300
2250 -652.03 300
2251 -652.03 300
2252 -652.1 300
2253 -651.9866666666667 300
2254 -651.9866666666667 300
2255 -651.92 300
2256 -651.76 300
2257 -651.8266666666667 300
2258 -651.67 300
2259 -651.6466666666666 300
2260 -651.49 300
2261 -651.4466666666667 300
2262 -651.29 300
2263 -651.2466666666667 300
2264 -651.2033333333334 300
2265 -651.16 300
2266 -651.16 300
2267 -651.23 300
2268 -651.35 300
2269 -651.35 300
2270 -651.35 300
2271 -651.35 300
2272 -651.35 300
2273 -651.2366666666667 300
2274 -651.2366666666667 300
2275 -651.2366666666667 300
2276 -651.49 300
2277 -651.4233333333333 300
2278 -651.4 300
2279 -651.5166666666667 300
2280 -651.2166666666667 300
2281 -651.3066666666666 300
2282 -651.24 300
2283 -651.0833333333334 300
2284 -651.9733333333334 300
2285 -651.91 300
2286 -652.1166666666667 300
2287 -652.12 300
2288 -652.0566666666666 300
2289 -651.6966666666667 300
2290 -652.33 300
2291 -652.5166666666667 300
2292 -652.9466666666667 300
2293 -652.6666666666666 300
2294 -652.23 300
2295 -652.23 300
2296 -652.3266666666667 300
2297 -652.1033333333334 300
2298 -651.79 300
2299 -651.5433333333333 300
2300 -651.2466666666667 300
2301 -651.09 300
2302 -651.0 300
2303 -650.7933333333333 300
2304 -651.6633333333333 300
2305 -652.05 300
2306 -652.3066666666666 300
2307 -652.3066666666666 300
2308 -650.7933333333333 300
2309 -651.2733333333333 300
2310 -651.1433333333333 300
2311 -651.3066666666666 300
2312 -651.24 300
2313 -651.0833333333334 300
2314 -648.3766666666667 300
2315 -648.9733333333334 300
2316 -649.0733333333334 300
2317 -648.91 300
2318 -648.8666666666667 300
2319 -648.71 300
2320 -648.62 300
2321 -647.4233333333333 300
2322 -647.7933333333333 300
2323 -647.75 300
2324 -647.5966666666667 300
2325 -647.3266666666667 300
2326 -646.9633333333334 300
2327 -646.7166666666667 300
2328 -646.65 300
2329 -646.2166666666667 300
2330 -646.1033333333334 300
2331 -645.9833333333333 300
2332 -645.6666666666666 300
2333 -645.7133333333334 300
2334 -645.6 300
2335 -645.3966666666666 300
2336 -645.4433333333334 300
2337 -645.5133333333333 300
2338 -645.3566666666667 300
2339 -645.2433333333333 300
2340 -647.6333333333333 300
2341 -647.85 300
2342 -648.5166666666667 300
2343 -648.4533333333334 300
2344 -648.5033333333333 300
2345 -648.39 300
2346 -648.2333333333333 300
2347 -647.92 300
2348 -647.9633333333334 300
2349 -647.8066666666666 300
2350 -649.1566666666666 300
2351 -650.6666666666666 300
2352 -650.8833333333333 300
2353 -650.4333333333333 300
2354 -650.4833333333333 300
2355 -650.7433333333333 300
2356 -650.6833333333333 300
2357 -649.9066666666666 300
2358 -650.2266666666667 300
2359 -650.1333333333333 300
2360 -649.7433333333333 300
2361 -649.4 300
2362 -649.05 300
2363 -648.6166666666667 300
2364 -648.31 300
2365 -648.1833333333333 300
2366 -647.75 300
2367 -647.5633333333334 300
2368 -646.9666666666667 300
2369 -646.5033333333333 300
2370 -646.5366666666666 300
2371 -645.5066666666667 300
2372 -645.5166666666667 300
2373 -646.38 300
2374 -646.9266666666666 300
2375 -645.5966666666667 300
2376 -646.1466666666666 300
2377 -647.8333333333334 300
2378 -648.1933333333334 300
2379 -648.51 300
2380 -650.6866666666666 300
2381 -650.9 300
2382 -650.6633333333333 300
2383 -650.5 300
2384 -651.2033333333334 300
2385 -652.34 300
2386 -652.2033333333334 300
2387 -651.9633333333334 300
2388 -653.6033333333334 300
2389 -653.69 300
2390 -653.4033333333333 300
2391 -655.1766666666666 300
2392 -655.2633333333333 300
2393 -654.9366666666666 300
2394 -654.7533333333333 300
2395 -654.37 300
2396 -653.5466666666666 300
2397 -652.6766666666666 300
2398 -651.8066666666666 300
2399 -651.0533333333333 300
2400 -650.3433333333334 300
2401 -651.8566666666667 300
2402 -650.9966666666667 300
2403 -650.3366666666667 300
2404 -649.5866666666667 300
2405 -648.6766666666666 300
2406 -647.9733333333334 300
2407 -647.3366666666667 300
2408 -648.7033333333334 300
2409 -648.5866666666667 300
2410 -648.38 300
2411 -648.34 300
2412 -647.8666666666667 300
2413 -647.66 300
2414 -647.5066666666667 300
2415 -647.3066666666666 300
2416 -646.99 300
2417 -646.8333333333334 300
2418 -645.8233333333334 300
2419 -646.1 300
2420 -646.1066666666667 300
2421 -645.95 300
2422 -647.31 300
2423 -647.4033333333333 300
2424 -646.97 300
2425 -646.9 300
2426 -646.8266666666667 300
2427 -646.7866666666666 300
2428 -643.93 300
2429 -641.68 300
2430 -642.2733333333333 300
2431 -643.1366666666667 300
2432 -643.3866666666667 300
2433 -641.2833333333333 300
2434 -641.24 300
2435 -638.29 300
2436 -638.3333333333334 300
2437 -638.7966666666666 300
2438 -638.8833333333333 300
2439 -638.81 300
2440 -638.8166666666667 300
2441 -638.7466666666667 300
2442 -638.6366666666667 300
2443 -638.45 300
2444 -639.0133333333333 300
2445 -639.6733333333333 300
2446 -639.92 300
2447 -640.6566666666666 300
2448 -641.2566666666667 300
2449 -641.6466666666666 300
2450 -641.58 300
2451 -641.2333333333333 300
2452 -641.0833333333334 300
2453 -641.01 300
2454 -641.6166666666667 300
2455 -642.18 300
2456 -642.6133333333333 300
2457 -642.3833333333333 300
2458 -642.42 300
2459 -644.8966666666666 300
2460 -644.8133333333334 300
2461 -645.4333333333333 300
2462 -647.55 300
2463 -647.85 300
2464 -647.6733333333333 300
2465 -646.7733333333333 300
2466 -646.8633333333333 300
2467 -646.6966666666667 300
2468 -644.8966666666666 300
2469 -645.5333333333333 300
2470 -645.25 300
2471 -646.0033333333333 300
2472 -649.5933333333334 300
2473 -650.06 300
2474 -650.37 300
2475 -650.71 300
2476 -650.7266666666667 300
2477 -652.3166666666667 300
2478 -652.6 300
2479 -653.7533333333333 300
2480 -653.7466666666667 300
2481 -653.8533333333334 300
2482 -657.3033333333333 300
2483 -657.3966666666666 300
2484 -657.4 300
2485 -657.3966666666666 300
2486 -657.33 300
2487 -657.09 300
2488 -656.74 300
2489 -655.3833333333333 300
2490 -651.7233333333334 300
2491 -651.49 300
2492 -651.48 300
2493 -651.5533333333333 300
2494 -651.5366666666666 300
2495 -651.5933333333334 300
2496 -651.6233333333333 300
2497 -651.7633333333333 300
2498 -651.7866666666666 300
2499 -651.93 300
2500 -651.8466666666667 300
2501 -651.8 300
2502 -651.92 300
2503 -651.76 300
2504 -651.3666666666667 300
2505 -650.9733333333334 300
2506 -650.5633333333334 300
2507 -650.2333333333333 300
2508 -650.1166666666667 300
2509 -650.47 300
2510 -650.5833333333334 300
2511 -650.39 300
2512 -650.45 300
2513 -650.5066666666667 300
2514 -650.6066666666667 300
2515 -650.6633333333333 300
2516 -648.9666666666667 300
2517 -649.0566666666666 300
2518 -649.13 300
2519 -649.0633333333334 300
2520 -649.0566666666666 300
2521 -649.13 300
2522 -649.1866666666666 300
2523 -649.2666666666667 300
2524 -649.2566666666667 300
2525 -649.34 300
2526 -649.3666666666667 300
2527 -649.22 300
2528 -649.0533333333333 300
2529 -648.8333333333334 300
2530 -648.6133333333333 300
2531 -648.3933333333333 300
2532 -648.2233333333334 300
2533 -648.0033333333333 300
2534 -647.64 300
2535 -647.4533333333334 300
2536 -647.1633333333333 300
2537 -647.0466666666666 300
2538 -646.8266666666667 300
2539 -646.78 300
2540 -646.56 300
2541 -646.34 300
2542 -646.1166666666667 300
2543 -646.13 300
2544 -646.09 300
2545 -646.0633333333334 300
2546 -646.0966666666667 300
2547 -646.16 300
2548 -646.16 300
2549 -646.11 300
2550 -646.0366666666666 300
2551 -646.0366666666666 300
2552 -646.0366666666666 300
2553 -645.8133333333334 300
2554 -645.9333333333333 300
2555 -645.9033333333333 300
2556 -645.8766666666667 300
2557 -645.6166666666667 300
2558 -645.7166666666667 300
2559 -645.75 300
2560 -645.72 300
2561 -645.6733333333333 300
2562 -645.61 300
2563 -645.62 300
2564 -645.62 300
2565 -646.2533333333333 300
2566 -646.22 300
2567 -646.2033333333334 300
2568 -646.0633333333334 300
2569 -645.9566666666667 300
2570 -645.85 300
2571 -645.7366666666667 300
2572 -645.6466666666666 300
2573 -645.59 300
2574 -645.6166666666667 300
2575 -645.51 300
2576 -646.74 300
2577 -645.8633333333333 300
2578 -646.9833333333333 300
2579 -647.1266666666667 300
2580 -647.18 300
2581 -647.15 300
2582 -647.14 300
2583 -646.97 300
2584 -646.8633333333333 300
2585 -646.8733333333333 300
2586 -646.8633333333333 300
2587 -646.64 300
2588 -646.3966666666666 300
2589 -646.1733333333333 300
2590 -645.9866666666667 300
2591 -645.8133333333334 300
2592 -645.59 300
2593 -645.3133333333334 300
2594 -645.0166666666667 300
2595 -644.7933333333333 300
2596 -644.4433333333334 300
2597 -645.7666666666667 300
2598 -645.5433333333333 300
2599 -645.4733333333334 300
2600 -645.38 300
2601 -645.1666666666666 300
2602 -644.8833333333333 300
2603 -644.6133333333333 300
2604 -644.41 300
2605 -644.1966666666667 300
2606 -643.9833333333333 300
2607 -643.7166666666667 300
2608 -643.5366666666666 300
2609 -642.6033333333334 300
2610 -644.6166666666667 300
2611 -645.1833333333333 300
2612 -645.06 300
2613 -645.0733333333334 300
2614 -645.0566666666666 300
2615 -644.8266666666667 300
2616 -644.72 300
2617 -644.5233333333333 300
2618 -644.31 300
2619 -644.1666666666666 300
2620 -643.9533333333334 300
2621 -643.74 300
2622 -643.5433333333333 300
2623 -643.33 300
2624 -643.1166666666667 300
2625 -642.8866666666667 300
2626 -642.6733333333333 300
2627 -642.46 300
2628 -642.2466666666667 300
2629 -642.0333333333333 300
2630 -641.82 300
2631 -641.6066666666667 300
2632 -641.34 300
2633 -641.2333333333333 300
2634 -641.1266666666667 300
2635 -641.02 300
2636 -641.02 300
2637 -641.02 300
2638 -641.0033333333333 300
2639 -640.9866666666667 300
2640 -640.9866666666667 300
2641 -640.97 300
2642 -640.97 300
2643 -640.9533333333334 300
2644 -640.9366666666666 300
2645 -640.92 300
2646 -640.9033333333333 300
2647 -640.9933333333333 300
2648 -640.9066666666666 300
2649 -640.9066666666666 300
2650 -640.89 300
2651 -640.98 300
2652 -640.9633333333334 300
2653 -638.2933333333333 300
2654 -638.6133333333333 300
2655 -638.8266666666667 300
2656 -638.81 300
2657 -638.69 300
2658 -638.57 300
2659 -638.5533333333333 300
2660 -638.54 300
2661 -638.56 300
2662 -638.4733333333334 300
2663 -638.37 300
2664 -638.2666666666667 300
2665 -638.1633333333333 300
2666 -638.06 300
2667 -637.9566666666667 300
2668 -637.8533333333334 300
2669 -637.75 300
2670 -640.0 300
2671 -640.39 300
2672 -640.85 300
2673 -640.7466666666667 300
2674 -640.6433333333333 300
2675 -640.54 300
2676 -640.4366666666666 300
2677 -640.44 300
2678 -640.37 300
2679 -640.2666666666667 300
2680 -640.27 300
2681 -640.1666666666666 300
2682 -639.9733333333334 300
2683 -639.8866666666667 300
2684 -639.7833333333333 300
2685 -639.5733333333334 300
2686 -639.5766666666667 300
2687 -639.5066666666667 300
2688 -639.2966666666666 300
2689 -641.0733333333334 300
2690 -641.1933333333334 300
2691 -641.09 300
2692 -640.7766666666666 300
2693 -640.6866666666666 300
2694 -640.5966666666667 300
2695 -640.3866666666667 300
2696 -640.6966666666667 300
2697 -640.6266666666667 300
2698 -640.4166666666666 300
2699 -640.3133333333334 300
2700 -640.1933333333334 300
2701 -639.9866666666667 300
2702 -639.8666666666667 300
2703 -639.5533333333333 300
2704 -640.3266666666667 300
2705 -640.8066666666666 300
2706 -640.5966666666667 300
2707 -640.4733333333334 300
2708 -639.8233333333334 300
2709 -639.3566666666667 300
2710 -639.3366666666667 300
2711 -639.42 300
2712 -639.1933333333334 300
2713 -639.07 300
2714 -638.9633333333334 300
2715 -638.84 300
2716 -638.6133333333333 300
2717 -637.41 300
2718 -637.9333333333333 300
2719 -637.7066666666667 300
2720 -637.4933333333333 300
2721 -637.2666666666667 300
2722 -637.16 300
2723 -636.9333333333333 300
2724 -636.8433333333334 300
2725 -636.74 300
2726 -636.53 300
2727 -636.5466666666666 300
2728 -636.5666666666667 300
2729 -636.46 300
2730 -636.2666666666667 300
2731 -636.18 300
2732 -637.5233333333333 300
2733 -637.8333333333334 300
2734 -637.6566666666666 300
2735 -637.2633333333333 300
2736 -637.3633333333333 300
2737 -637.2733333333333 300
2738 -637.1833333333333 300
2739 -637.0766666666667 300
2740 -637.09 300
2741 -637.0866666666667 300
2742 -636.9966666666667 300
2743 -636.89 300
2744 -636.8 300
2745 -639.1166666666667 300
2746 -639.24 300
2747 -639.15 300
2748 -639.2566666666667 300
2749 -638.0066666666667 300
2750 -638.53 300
2751 -638.44 300
2752 -638.5433333333333 300
2753 -638.65 300
2754 -638.53 300
2755 -638.53 300
2756 -638.53 300
2757 -638.5166666666667 300
2758 -638.4133333333333 300
2759 -638.3966666666666 300
2760 -638.2766666666666 300
2761 -637.8966666666666 300
2762 -637.9133333333333 300
2763 -637.7933333333333 300
2764 -637.8133333333334 300
2765 -637.6933333333334 300
2766 -637.6766666666666 300
2767 -637.5733333333334 300
2768 -637.5766666666667 300
2769 -637.4566666666667 300
2770 -639.28 300
2771 -639.0533333333333 300
2772 -638.4733333333334 300
2773 -638.6733333333333 300
2774 -638.5733333333334 300
2775 -638.5566666666666 300
2776 -637.1166666666667 300
2777 -637.7233333333334 300
2778 -637.3933333333333 300
2779 -638.07 300
2780 -638.9 300
2781 -638.87 300
2782 -638.78 300
2783 -638.57 300
2784 -638.3633333333333 300
2785 -640.4933333333333 300
2786 -640.4266666666666 300
2787 -640.0766666666667 300
2788 -639.7966666666666 300
2789 -639.4 300
2790 -639.0 300
2791 -638.5133333333333 300
2792 -638.13 300
2793 -637.6433333333333 300
2794 -636.61 300
2795 -636.5366666666666 300
2796 -636.05 300
2797 -634.8533333333334 300
2798 -635.2 300
2799 -635.1466666666666 300
2800 -633.18 300
2801 -633.68 300
2802 -634.98 300
2803 -635.24 300
2804 -636.1166666666667 300
2805 -636.57 300
2806 -636.73 300
2807 -636.84 300
2808 -636.6833333333333 300
2809 -635.6366666666667 300
2810 -635.7433333333333 300
2811 -636.0866666666667 300
2812 -635.8066666666666 300
2813 -635.41 300
2814 -635.0133333333333 300
2815 -634.91 300
2816 -634.9166666666666 300
2817 -634.9233333333333 300
2818 -635.0333333333333 300
2819 -635.13 300
2820 -636.91 300
2821 -637.2966666666666 300
2822 -637.1833333333333 300
2823 -637.2066666666667 300
2824 -637.0933333333334 300
2825 -636.98 300
2826 -636.8666666666667 300
2827 -636.8566666666667 300
2828 -636.6 300
2829 -636.5833333333334 300
2830 -636.5666666666667 300
2831 -636.5833333333334 300
2832 -639.6966666666667 300
2833 -640.29 300
2834 -640.54 300
2835 -640.53 300
2836 -640.6366666666667 300
2837 -639.7 300
2838 -640.0666666666667 300
2839 -640.12 300
2840 -640.16 300
2841 -640.2533333333333 300
2842 -640.27 300
2843 -640.4833333333333 300
2844 -640.5066666666667 300
2845 -640.5 300
2846 -640.6166666666667 300
2847 -640.6333333333333 300
2848 -640.0566666666666 300
2849 -639.7866666666666 300
2850 -639.9166666666666 300
2851 -640.0866666666667 300
2852 -640.2766666666666 300
2853 -640.3866666666667 300
2854 -639.91 300
2855 -639.0866666666667 300
2856 -639.3033333333333 300
2857 -639.6166666666667 300
2858 -639.9366666666666 300
2859 -640.1333333333333 300
2860 -640.2366666666667 300
2861 -640.3433333333334 300
2862 -640.5533333333333 300
2863 -640.54 300
2864 -640.6366666666667 300
2865 -640.8466666666667 300
2866 -640.8433333333334 300
2867 -640.9466666666667 300
2868 -641.03 300
2869 -641.0266666666666 300
2870 -641.1233333333333 300
2871 -641.1066666666667 300
2872 -641.2033333333334 300
2873 -641.1866666666666 300
2874 -640.5766666666667 300
2875 -640.7 300
2876 -640.6166666666667 300
2877 -640.7266666666667 300
2878 -640.7466666666667 300
2879 -640.7833333333333 300
2880 -640.7833333333333 300
2881 -640.7966666666666 300
2882 -640.72 300
2883 -640.62 300
2884 -640.22 300
2885 -640.2566666666667 300
2886 -640.2933333333333 300
2887 -640.1933333333334 300
2888 -640.23 300
2889 -640.13 300
2890 -639.6033333333334 300
2891 -639.6166666666667 300
2892 -639.5166666666667 300
2893 -639.5466666666666 300
2894 -639.44 300
2895 -639.34 300
2896 -639.2333333333333 300
2897 -639.24 300
2898 -639.1633333333333 300
2899 -639.0566666666666 300
2900 -639.0633333333334 300
2901 -639.0633333333334 300
2902 -639.17 300
2903 -639.1766666666666 300
2904 -639.2833333333333 300
2905 -639.3 300
2906 -639.3133333333334 300
2907 -639.3133333333334 300
2908 -639.3133333333334 300
2909 -639.32 300
2910 -639.4333333333333 300
2911 -639.54 300
2912 -639.57 300
2913 -639.5566666666666 300
2914 -639.57 300
2915 -639.57 300
2916 -639.57 300
2917 -641.33 300
2918 -641.48 300
2919 -641.48 300
2920 -641.1866666666666 300
2921 -641.1866666666666 300
2922 -641.1866666666666 300
2923 -641.0033333333333 300
2924 -640.99 300
2925 -640.9866666666667 300
2926 -640.97 300
2927 -640.9533333333334 300
2928 -640.9533333333334 300
2929 -640.9366666666666 300
2930 -640.9266666666666 300
2931 -640.9433333333334 300
2932 -641.05 300
2933 -641.0466666666666 300
2934 -641.0233333333333 300
2935 -641.0066666666667 300
2936 -641.0233333333333 300
2937 -641.0066666666667 300
2938 -640.9966666666667 300
2939 -641.1033333333334 300
2940 -641.1 300
2941 -641.1966666666667 300
2942 -641.1866666666666 300
2943 -641.1866666666666 300
2944 -641.22 300
2945 -641.3333333333334 300
2946 -641.3266666666667 300
2947 -641.32 300
2948 -641.32 300
2949 -641.3566666666667 300
2950 -641.5533333333333 300
2951 -641.5766666666667 300
2952 -641.54 300
2953 -641.5466666666666 300
2954 -643.3966666666666 300
2955 -643.2866666666666 300
2956 -643.1066666666667 300
2957 -642.99 300
2958 -642.99 300
2959 -642.98 300
2960 -642.8566666666667 300
2961 -642.7633333333333 300
2962 -642.64 300
2963 -642.5233333333333 300
2964 -642.4 300
2965 -642.1166666666667 300
2966 -642.48 300
2967 -642.3866666666667 300
2968 -642.1266666666667 300
2969 -642.14 300
2970 -642.0066666666667 300
2971 -641.8766666666667 300
2972 -641.7466666666667 300
2973 -641.5366666666666 300
2974 -641.4733333333334 300
2975 -641.3833333333333 300
2976 -641.21 300
2977 -641.18 300
2978 -641.03 300
2979 -641.1533333333333 300
2980 -641.1166666666667 300
2981 -641.2466666666667 300
2982 -641.2166666666667 300
2983 -640.63 300
2984 -640.8033333333333 300
2985 -640.9366666666666 300
2986 -641.0233333333333 300
2987 -641.04 300
2988 -641.0166666666667 300
2989 -641.1266666666667 300
2990 -641.1266666666667 300
2991 -641.1266666666667 300
2992 -641.2666666666667 300
2993 -641.25 300
2994 -641.2566666666667 300
2995 -641.24 300
2996 -641.2833333333333 300
2997 -641.2733333333333 300
2998 -641.1833333333333 300
2999 -640.7833333333333 300
3000 -640.87 300
