820.0 -822.0 
880.0 -865.0 
880.0 -865.0 
820.0 -822.0 
870.0 -858.0 
857.0 -851.0 
835.0 -840.0 
842.0 -843.0 
850.0 -850.0 
868.0 -855.0 
859.0 -853.0 
876.0 -860.0 
864.0 -854.0 
842.0 -843.0 
826.0 -831.0 
864.0 -854.0 
823.0 -827.0 
835.0 -840.0 
878.0 -862.0 
822.0 -825.0 
825.0 -830.0 
870.0 -858.0 
822.0 -825.0 
846.0 -845.0 
834.0 -838.0 
848.0 -847.0 
830.0 -835.0 
823.0 -827.0 
832.0 -837.0 
830.0 -835.0 
829.0 -833.0 
849.0 -849.0 
876.0 -860.0 
848.0 -847.0 
859.0 -853.0 
825.0 -830.0 
832.0 -837.0 
828.0 -832.0 
844.0 -844.0 
844.0 -844.0 
868.0 -855.0 
878.0 -862.0 
857.0 -851.0 
846.0 -845.0 
850.0 -850.0 
849.0 -849.0 
877.0 -861.0 
828.0 -832.0 
877.0 -861.0 
834.0 -838.0 
829.0 -833.0 
820.0 -822.0 
880.0 -865.0 
842.0 -843.0 
864.0 -854.0 
835.0 -840.0 
870.0 -858.0 
822.0 -825.0 
830.0 -835.0 
876.0 -860.0 
848.0 -847.0 
859.0 -853.0 
825.0 -830.0 
832.0 -837.0 
846.0 -845.0 
868.0 -855.0 
844.0 -844.0 
857.0 -851.0 
878.0 -862.0 
850.0 -850.0 
849.0 -849.0 
834.0 -838.0 
877.0 -861.0 
829.0 -833.0 
880.0 -865.0 
820.0 -822.0 
842.0 -843.0 
864.0 -854.0 
835.0 -840.0 
870.0 -858.0 
822.0 -825.0 
830.0 -835.0 
876.0 -860.0 
848.0 -847.0 
859.0 -853.0 
825.0 -830.0 
832.0 -837.0 
844.0 -844.0 
857.0 -851.0 
868.0 -855.0 
846.0 -845.0 
878.0 -862.0 
850.0 -850.0 
849.0 -849.0 
877.0 -861.0 
834.0 -838.0 
829.0 -833.0 
880.0 -865.0 
820.0 -822.0 
842.0 -843.0 
864.0 -854.0 
835.0 -840.0 
870.0 -858.0 
822.0 -825.0 
830.0 -835.0 
876.0 -860.0 
848.0 -847.0 
829.0 -833.0 
859.0 -853.0 
825.0 -830.0 
832.0 -837.0 
868.0 -855.0 
846.0 -845.0 
878.0 -862.0 
844.0 -844.0 
857.0 -851.0 
850.0 -850.0 
849.0 -849.0 
834.0 -838.0 
877.0 -861.0 
880.0 -865.0 
820.0 -822.0 
842.0 -843.0 
864.0 -854.0 
835.0 -840.0 
870.0 -858.0 
822.0 -825.0 
830.0 -835.0 
829.0 -833.0 
876.0 -860.0 
848.0 -847.0 
859.0 -853.0 
825.0 -830.0 
832.0 -837.0 
857.0 -851.0 
846.0 -845.0 
878.0 -862.0 
844.0 -844.0 
850.0 -850.0 
849.0 -849.0 
877.0 -861.0 
834.0 -838.0 
880.0 -865.0 
820.0 -822.0 
842.0 -843.0 
864.0 -854.0 
835.0 -840.0 
870.0 -858.0 
822.0 -825.0 
830.0 -835.0 
848.0 -847.0 
829.0 -833.0 
876.0 -860.0 
859.0 -853.0 
825.0 -830.0 
832.0 -837.0 
844.0 -844.0 
846.0 -845.0 
857.0 -851.0 
878.0 -862.0 
850.0 -850.0 
877.0 -861.0 
834.0 -838.0 
820.0 -822.0 
880.0 -865.0 
842.0 -843.0 
864.0 -854.0 
835.0 -840.0 
870.0 -858.0 
822.0 -825.0 
830.0 -835.0 
829.0 -833.0 
876.0 -860.0 
848.0 -847.0 
859.0 -853.0 
825.0 -830.0 
832.0 -837.0 
857.0 -851.0 
878.0 -862.0 
846.0 -845.0 
850.0 -850.0 
877.0 -861.0 
834.0 -838.0 
880.0 -865.0 
820.0 -822.0 
842.0 -843.0 
864.0 -854.0 
835.0 -840.0 
870.0 -858.0 
822.0 -825.0 
830.0 -835.0 
876.0 -860.0 
829.0 -833.0 
848.0 -847.0 
859.0 -853.0 
825.0 -830.0 
832.0 -837.0 
878.0 -862.0 
857.0 -851.0 
846.0 -845.0 
850.0 -850.0 
877.0 -861.0 
834.0 -838.0 
820.0 -822.0 
880.0 -865.0 
842.0 -843.0 
864.0 -854.0 
835.0 -840.0 
870.0 -858.0 
830.0 -835.0 
829.0 -833.0 
876.0 -860.0 
848.0 -847.0 
859.0 -853.0 
822.0 -825.0 
832.0 -837.0 
857.0 -851.0 
878.0 -862.0 
846.0 -845.0 
850.0 -850.0 
825.0 -830.0 
877.0 -861.0 
834.0 -838.0 
880.0 -865.0 
820.0 -822.0 
842.0 -843.0 
864.0 -854.0 
835.0 -840.0 
870.0 -858.0 
830.0 -835.0 
829.0 -833.0 
876.0 -860.0 
848.0 -847.0 
859.0 -853.0 
822.0 -825.0 
832.0 -837.0 
878.0 -862.0 
846.0 -845.0 
857.0 -851.0 
825.0 -830.0 
850.0 -850.0 
834.0 -838.0 
877.0 -861.0 
880.0 -865.0 
820.0 -822.0 
842.0 -843.0 
864.0 -854.0 
835.0 -840.0 
825.0 -830.0 
829.0 -833.0 
870.0 -858.0 
830.0 -835.0 
848.0 -847.0 
876.0 -860.0 
859.0 -853.0 
822.0 -825.0 
832.0 -837.0 
857.0 -851.0 
878.0 -862.0 
846.0 -845.0 
850.0 -850.0 
877.0 -861.0 
834.0 -838.0 
880.0 -865.0 
820.0 -822.0 
842.0 -843.0 
835.0 -840.0 
825.0 -830.0 
829.0 -833.0 
870.0 -858.0 
848.0 -847.0 
876.0 -860.0 
859.0 -853.0 
822.0 -825.0 
832.0 -837.0 
857.0 -851.0 
878.0 -862.0 
846.0 -845.0 
850.0 -850.0 
834.0 -838.0 
877.0 -861.0 
820.0 -822.0 
880.0 -865.0 
842.0 -843.0 
835.0 -840.0 
825.0 -830.0 
829.0 -833.0 
870.0 -858.0 
876.0 -860.0 
848.0 -847.0 
859.0 -853.0 
822.0 -825.0 
832.0 -837.0 
857.0 -851.0 
846.0 -845.0 
878.0 -862.0 
850.0 -850.0 
877.0 -861.0 
834.0 -838.0 
880.0 -865.0 
