235 -977.3333333333334 300
236 -975.7733333333333 300
237 -973.4766666666667 300
238 -976.47 300
239 -974.6666666666666 300
240 -974.9666666666667 300
241 -975.4866666666667 300
242 -973.6666666666666 300
243 -972.5766666666667 300
244 -971.02 300
245 -965.5166666666667 300
246 -965.9533333333334 300
247 -966.82 300
248 -967.8266666666667 300
249 -968.7966666666666 300
250 -966.2966666666666 300
251 -969.24 300
252 -965.4 300
253 -965.7166666666667 300
254 -965.99 300
255 -966.3333333333334 300
256 -966.7266666666667 300
257 -964.92 300
258 -966.58 300
259 -966.6233333333333 300
260 -966.0466666666666 300
261 -965.5733333333334 300
262 -965.69 300
263 -967.8433333333334 300
264 -969.3166666666667 300
265 -970.5033333333333 300
266 -969.4033333333333 300
267 -968.3333333333334 300
268 -965.6033333333334 300
269 -965.1333333333333 300
270 -964.95 300
271 -963.2233333333334 300
272 -958.9266666666666 300
273 -945.5533333333333 300
274 -943.0766666666667 300
275 -943.31 300
276 -946.9233333333333 300
277 -949.5966666666667 300
278 -949.5533333333333 300
279 -949.4 300
280 -949.3133333333334 300
281 -948.8733333333333 300
282 -948.27 300
283 -948.0533333333333 300
284 -947.62 300
285 -947.6633333333333 300
286 -946.71 300
287 -950.05 300
288 -949.9666666666667 300
289 -949.97 300
290 -949.8833333333333 300
291 -950.0233333333333 300
292 -949.94 300
293 -949.6866666666666 300
294 -949.1833333333333 300
295 -949.2 300
296 -945.11 300
297 -941.5966666666667 300
298 -942.9833333333333 300
299 -945.0233333333333 300
300 -946.8 300
301 -945.91 300
302 -946.9566666666667 300
303 -946.1366666666667 300
304 -945.6066666666667 300
305 -940.84 300
306 -939.91 300
307 -940.3866666666667 300
308 -941.2166666666667 300
309 -942.07 300
310 -942.1966666666667 300
311 -941.0733333333334 300
312 -942.0266666666666 300
313 -943.63 300
314 -943.1533333333333 300
315 -945.2766666666666 300
316 -943.5433333333333 300
317 -943.6733333333333 300
318 -945.3633333333333 300
319 -946.1433333333333 300
320 -944.8 300
321 -947.0866666666667 300
322 -946.5133333333333 300
323 -945.7866666666666 300
324 -945.0933333333334 300
325 -943.2333333333333 300
326 -946.48 300
327 -946.0533333333333 300
328 -945.5433333333333 300
329 -944.4133333333333 300
330 -942.3333333333334 300
331 -942.8433333333334 300
332 -943.8 300
333 -939.4233333333333 300
334 -940.42 300
335 -941.9433333333334 300
336 -941.5166666666667 300
337 -939.6533333333333 300
338 -939.7266666666667 300
339 -940.4233333333333 300
340 -942.0033333333333 300
341 -941.74 300
342 -942.6966666666667 300
343 -944.45 300
344 -946.1766666666666 300
345 -947.9633333333334 300
346 -943.66 300
347 -943.72 300
348 -945.1166666666667 300
349 -941.9133333333333 300
350 -939.3 300
351 -939.8633333333333 300
352 -939.35 300
353 -939.7733333333333 300
354 -937.3166666666667 300
355 -937.9266666666666 300
356 -939.0233333333333 300
357 -937.8566666666667 300
358 -939.1 300
359 -940.5533333333333 300
360 -941.72 300
361 -945.6433333333333 300
362 -947.8033333333333 300
363 -947.06 300
364 -946.37 300
365 -946.4466666666667 300
366 -946.2 300
367 -946.92 300
368 -946.68 300
369 -945.72 300
370 -945.1166666666667 300
371 -943.5933333333334 300
372 -944.9466666666667 300
373 -943.5766666666667 300
374 -942.9633333333334 300
375 -943.3566666666667 300
376 -946.2633333333333 300
377 -947.65 300
378 -947.33 300
379 -946.8833333333333 300
380 -946.0666666666667 300
381 -945.0833333333334 300
382 -943.4266666666666 300
383 -941.1366666666667 300
384 -938.0533333333333 300
385 -936.06 300
386 -936.4933333333333 300
387 -936.55 300
388 -937.2433333333333 300
389 -938.5033333333333 300
390 -939.6733333333333 300
391 -942.5233333333333 300
392 -946.03 300
393 -951.46 300
394 -949.13 300
395 -948.7433333333333 300
396 -943.5066666666667 300
397 -941.7833333333333 300
398 -938.5366666666666 300
399 -937.3466666666667 300
400 -935.9733333333334 300
401 -936.04 300
402 -936.4166666666666 300
403 -937.1166666666667 300
404 -937.72 300
405 -938.46 300
406 -940.3866666666667 300
407 -942.12 300
408 -944.3066666666666 300
409 -948.3266666666667 300
410 -950.51 300
411 -951.32 300
412 -952.79 300
413 -954.8733333333333 300
414 -958.4166666666666 300
415 -957.3533333333334 300
416 -955.94 300
417 -953.7866666666666 300
418 -951.08 300
419 -947.91 300
420 -947.8433333333334 300
421 -947.81 300
422 -947.79 300
423 -947.95 300
424 -948.0133333333333 300
425 -948.0166666666667 300
426 -948.0466666666666 300
427 -948.44 300
428 -948.5033333333333 300
429 -948.41 300
430 -948.2833333333333 300
431 -948.1 300
432 -947.6833333333333 300
433 -947.6 300
434 -947.3 300
435 -947.1533333333333 300
436 -946.7366666666667 300
437 -946.88 300
438 -946.1 300
439 -947.7066666666667 300
440 -947.54 300
441 -947.4333333333333 300
442 -947.2633333333333 300
443 -947.03 300
444 -945.58 300
445 -944.7333333333333 300
446 -941.7533333333333 300
447 -940.2633333333333 300
448 -941.02 300
449 -942.8766666666667 300
450 -944.5466666666666 300
451 -945.0333333333333 300
452 -946.0866666666667 300
453 -945.8633333333333 300
454 -944.6533333333333 300
455 -942.2366666666667 300
456 -939.8333333333334 300
457 -937.34 300
458 -938.08 300
459 -939.1666666666666 300
460 -940.3666666666667 300
461 -942.4933333333333 300
462 -945.1866666666666 300
463 -944.9 300
464 -945.24 300
465 -944.2033333333334 300
466 -943.63 300
467 -942.5066666666667 300
468 -941.6033333333334 300
469 -942.7733333333333 300
470 -942.3333333333334 300
471 -939.3633333333333 300
472 -939.2433333333333 300
473 -940.3166666666667 300
474 -942.28 300
475 -944.3466666666667 300
476 -947.3233333333334 300
477 -948.05 300
478 -948.0266666666666 300
479 -948.1566666666666 300
480 -948.1166666666667 300
481 -948.3466666666667 300
482 -948.9466666666667 300
483 -949.21 300
484 -949.33 300
485 -949.6566666666666 300
486 -949.7666666666667 300
487 -950.69 300
488 -951.54 300
489 -953.26 300
490 -950.6566666666666 300
491 -946.7166666666667 300
492 -940.0866666666667 300
493 -938.7266666666667 300
494 -939.6833333333333 300
495 -939.5966666666667 300
496 -939.9633333333334 300
497 -939.4966666666667 300
498 -943.1833333333333 300
499 -947.56 300
500 -947.2433333333333 300
501 -946.5433333333333 300
502 -945.8733333333333 300
503 -947.1333333333333 300
504 -946.4866666666667 300
505 -945.4566666666667 300
506 -944.21 300
507 -941.4166666666666 300
508 -938.0433333333333 300
509 -940.01 300
510 -940.77 300
511 -941.74 300
512 -943.52 300
513 -945.5233333333333 300
514 -948.3466666666667 300
515 -950.1233333333333 300
516 -951.2233333333334 300
517 -953.9133333333333 300
518 -956.6866666666666 300
519 -956.2166666666667 300
520 -955.79 300
521 -954.8466666666667 300
522 -954.0333333333333 300
523 -953.1933333333334 300
524 -951.9233333333333 300
525 -949.6366666666667 300
526 -947.6033333333334 300
527 -944.8766666666667 300
528 -945.95 300
529 -944.4166666666666 300
530 -942.5666666666667 300
531 -941.4666666666667 300
532 -939.4566666666667 300
533 -940.5666666666667 300
534 -940.9533333333334 300
535 -940.8766666666667 300
536 -939.9866666666667 300
537 -942.1366666666667 300
538 -942.5166666666667 300
539 -943.5166666666667 300
540 -941.2833333333333 300
541 -941.7866666666666 300
542 -939.0666666666667 300
543 -937.3566666666667 300
544 -935.1566666666666 300
545 -935.2433333333333 300
546 -934.41 300
547 -932.3733333333333 300
548 -930.79 300
549 -932.9766666666667 300
550 -933.3033333333333 300
551 -932.44 300
552 -930.4566666666667 300
553 -927.7966666666666 300
554 -923.5633333333334 300
555 -923.21 300
556 -922.9366666666666 300
557 -922.8233333333334 300
558 -922.4266666666666 300
559 -922.53 300
560 -922.3666666666667 300
561 -921.4466666666667 300
562 -919.93 300
563 -919.47 300
564 -918.6733333333333 300
565 -919.61 300
566 -917.1233333333333 300
567 -916.3033333333333 300
568 -917.4033333333333 300
569 -919.5133333333333 300
570 -922.6666666666666 300
571 -925.44 300
572 -921.3633333333333 300
573 -920.9466666666667 300
574 -920.5933333333334 300
575 -920.2666666666667 300
576 -919.1833333333333 300
577 -918.0933333333334 300
578 -917.1 300
579 -918.4633333333334 300
580 -917.05 300
581 -918.4966666666667 300
582 -916.35 300
583 -913.3233333333334 300
584 -913.0366666666666 300
585 -912.12 300
586 -913.43 300
587 -914.69 300
588 -915.8733333333333 300
589 -916.7233333333334 300
590 -915.6533333333333 300
591 -915.2466666666667 300
592 -912.76 300
593 -909.14 300
594 -905.5033333333333 300
595 -900.83 300
596 -901.3133333333334 300
597 -902.32 300
598 -903.11 300
599 -904.6666666666666 300
600 -907.4366666666666 300
601 -909.5166666666667 300
602 -908.95 300
603 -908.38 300
604 -907.9933333333333 300
605 -906.7333333333333 300
606 -905.6433333333333 300
607 -904.6566666666666 300
608 -905.4066666666666 300
609 -905.6066666666667 300
610 -908.6466666666666 300
611 -912.33 300
612 -912.5733333333334 300
613 -912.61 300
614 -912.5333333333333 300
615 -912.7866666666666 300
616 -912.7033333333334 300
617 -912.74 300
618 -913.5866666666667 300
619 -913.5933333333334 300
620 -913.5533333333333 300
621 -910.4366666666666 300
622 -906.4866666666667 300
623 -904.38 300
624 -904.6266666666667 300
625 -905.8466666666667 300
626 -905.9633333333334 300
627 -906.0833333333334 300
628 -906.4566666666667 300
629 -906.8733333333333 300
630 -907.1633333333333 300
631 -907.4966666666667 300
632 -907.7 300
633 -908.1666666666666 300
634 -907.0 300
635 -909.0633333333334 300
636 -911.6 300
637 -915.3833333333333 300
638 -917.4266666666666 300
639 -921.9766666666667 300
640 -921.81 300
641 -921.6433333333333 300
642 -921.5166666666667 300
643 -921.26 300
644 -921.2333333333333 300
645 -921.67 300
646 -921.6 300
647 -922.6066666666667 300
648 -922.39 300
649 -925.5533333333333 300
650 -925.47 300
651 -925.2066666666667 300
652 -924.9066666666666 300
653 -924.5266666666666 300
654 -924.1366666666667 300
655 -925.29 300
656 -924.9966666666667 300
657 -924.8733333333333 300
658 -924.6633333333333 300
659 -924.82 300
660 -924.7333333333333 300
661 -924.3333333333334 300
662 -921.3266666666667 300
663 -918.0033333333333 300
664 -917.9933333333333 300
665 -917.7566666666667 300
666 -918.7366666666667 300
667 -918.29 300
668 -920.03 300
669 -919.9066666666666 300
670 -919.6233333333333 300
671 -919.46 300
672 -919.3833333333333 300
673 -919.1766666666666 300
674 -919.0966666666667 300
675 -919.07 300
676 -918.9533333333334 300
677 -918.9266666666666 300
678 -917.66 300
679 -917.66 300
680 -917.12 300
681 -917.71 300
682 -917.6866666666666 300
683 -917.53 300
684 -918.6533333333333 300
685 -918.5466666666666 300
686 -918.38 300
687 -918.22 300
688 -920.48 300
689 -920.5333333333333 300
690 -922.2 300
691 -922.08 300
692 -922.1833333333333 300
693 -922.1133333333333 300
694 -922.01 300
695 -921.7366666666667 300
696 -921.3866666666667 300
697 -921.1233333333333 300
698 -920.4633333333334 300
699 -917.4766666666667 300
700 -917.0366666666666 300
701 -922.44 300
702 -923.16 300
703 -924.2866666666666 300
704 -925.5633333333334 300
705 -922.2 300
706 -918.18 300
707 -910.4833333333333 300
708 -910.5366666666666 300
709 -910.61 300
710 -910.74 300
711 -910.8366666666667 300
712 -911.1933333333334 300
713 -911.0033333333333 300
714 -911.2133333333334 300
715 -910.7766666666666 300
716 -908.7366666666667 300
717 -909.14 300
718 -909.36 300
719 -909.63 300
720 -912.1433333333333 300
721 -910.6533333333333 300
722 -914.1766666666666 300
723 -914.2766666666666 300
724 -911.5766666666667 300
725 -911.61 300
726 -911.89 300
727 -911.5733333333334 300
728 -910.63 300
729 -912.9666666666667 300
730 -918.05 300
731 -925.2733333333333 300
732 -934.7733333333333 300
733 -934.8666666666667 300
734 -934.48 300
735 -934.2233333333334 300
736 -933.9233333333333 300
737 -933.8133333333334 300
738 -933.32 300
739 -932.9333333333333 300
740 -932.98 300
741 -932.1933333333334 300
742 -930.2833333333333 300
743 -930.0766666666667 300
744 -928.8566666666667 300
745 -927.32 300
746 -925.5766666666667 300
747 -925.9033333333333 300
748 -924.7866666666666 300
749 -918.2166666666667 300
750 -918.8466666666667 300
751 -920.1366666666667 300
752 -920.1433333333333 300
753 -920.23 300
754 -920.5766666666667 300
755 -920.9233333333333 300
756 -921.2333333333333 300
757 -921.97 300
758 -923.4 300
759 -925.7833333333333 300
760 -921.0166666666667 300
761 -923.27 300
762 -926.2166666666667 300
763 -931.0266666666666 300
764 -936.4866666666667 300
765 -945.76 300
766 -945.25 300
767 -945.4233333333333 300
768 -944.9033333333333 300
769 -943.84 300
770 -943.1 300
771 -942.1 300
772 -940.3733333333333 300
773 -938.91 300
774 -936.3533333333334 300
775 -939.4566666666667 300
776 -936.48 300
777 -937.45 300
778 -935.5433333333333 300
779 -931.07 300
780 -924.5666666666667 300
781 -917.6733333333333 300
782 -915.5 300
783 -914.7166666666667 300
784 -915.0233333333333 300
785 -915.8066666666666 300
786 -916.3133333333334 300
787 -916.94 300
788 -918.4333333333333 300
789 -920.0 300
790 -921.5366666666666 300
791 -923.3166666666667 300
792 -921.14 300
793 -923.14 300
794 -927.5133333333333 300
795 -932.7066666666667 300
796 -941.1033333333334 300
797 -939.6466666666666 300
798 -936.98 300
799 -945.04 300
800 -944.9333333333333 300
801 -950.8533333333334 300
802 -948.91 300
803 -944.1866666666666 300
804 -938.48 300
805 -932.6166666666667 300
806 -926.4366666666666 300
807 -921.4833333333333 300
808 -921.7933333333333 300
809 -921.93 300
810 -923.13 300
811 -923.4666666666667 300
812 -924.5333333333333 300
813 -924.5666666666667 300
814 -925.1133333333333 300
815 -925.7766666666666 300
816 -926.9766666666667 300
817 -925.4733333333334 300
818 -925.62 300
819 -926.0166666666667 300
820 -926.2166666666667 300
821 -926.5666666666667 300
822 -926.8933333333333 300
823 -927.71 300
824 -927.9 300
825 -927.8633333333333 300
826 -930.6766666666666 300
827 -930.63 300
828 -933.1733333333333 300
829 -934.18 300
830 -936.3 300
831 -936.0266666666666 300
832 -935.4733333333334 300
833 -935.37 300
834 -935.3133333333334 300
835 -935.6133333333333 300
836 -936.64 300
837 -937.3066666666666 300
838 -938.99 300
839 -938.5 300
840 -937.8 300
841 -936.87 300
842 -936.0333333333333 300
843 -935.6366666666667 300
844 -935.0133333333333 300
845 -934.2166666666667 300
846 -933.6866666666666 300
847 -937.3833333333333 300
848 -936.71 300
849 -936.0466666666666 300
850 -934.13 300
851 -932.88 300
852 -928.1833333333333 300
853 -927.7866666666666 300
854 -922.92 300
855 -917.4533333333334 300
856 -919.43 300
857 -921.2 300
858 -921.5333333333333 300
859 -921.4866666666667 300
860 -921.6433333333333 300
861 -921.4866666666667 300
862 -916.3733333333333 300
863 -917.9666666666667 300
864 -918.33 300
865 -918.5633333333334 300
866 -918.98 300
867 -919.6733333333333 300
868 -919.89 300
869 -920.5833333333334 300
870 -921.1833333333333 300
871 -921.4166666666666 300
872 -918.67 300
873 -919.36 300
874 -919.9566666666667 300
875 -920.5166666666667 300
876 -921.9133333333333 300
877 -923.7566666666667 300
878 -925.71 300
879 -927.9966666666667 300
880 -930.83 300
881 -935.0766666666667 300
882 -939.94 300
883 -938.26 300
884 -937.2033333333334 300
885 -937.3233333333334 300
886 -936.8833333333333 300
887 -936.6866666666666 300
888 -936.39 300
889 -930.7433333333333 300
890 -927.86 300
891 -927.9966666666667 300
892 -928.9033333333333 300
893 -930.4033333333333 300
894 -932.6466666666666 300
895 -936.5366666666666 300
896 -937.9233333333333 300
897 -934.01 300
898 -934.47 300
899 -934.1566666666666 300
900 -942.24 300
901 -945.6166666666667 300
902 -944.3433333333334 300
903 -943.2766666666666 300
904 -941.8266666666667 300
905 -939.4533333333334 300
906 -940.9166666666666 300
907 -939.0566666666666 300
908 -936.1866666666666 300
909 -930.84 300
910 -929.19 300
911 -929.3333333333334 300
912 -929.3766666666667 300
913 -930.61 300
914 -926.6233333333333 300
915 -927.3033333333333 300
916 -928.1533333333333 300
917 -929.4 300
918 -930.45 300
919 -932.48 300
920 -932.8233333333334 300
921 -932.8766666666667 300
922 -936.2166666666667 300
923 -936.0466666666666 300
924 -935.9566666666667 300
925 -936.07 300
926 -936.1933333333334 300
927 -936.2 300
928 -936.5033333333333 300
929 -938.0333333333333 300
930 -938.13 300
931 -938.1766666666666 300
932 -938.2266666666667 300
933 -938.0466666666666 300
934 -938.0633333333334 300
935 -938.5133333333333 300
936 -938.7866666666666 300
937 -939.6366666666667 300
938 -939.58 300
939 -939.67 300
940 -940.3333333333334 300
941 -936.8366666666667 300
942 -935.1366666666667 300
943 -936.9266666666666 300
944 -936.7966666666666 300
945 -936.7933333333333 300
946 -936.6566666666666 300
947 -936.5266666666666 300
948 -936.3966666666666 300
949 -936.35 300
950 -936.9633333333334 300
951 -936.9166666666666 300
952 -936.5 300
953 -936.2433333333333 300
954 -935.7833333333333 300
955 -935.98 300
956 -935.83 300
957 -935.7933333333333 300
958 -935.7533333333333 300
959 -935.6666666666666 300
960 -935.5866666666667 300
961 -934.9666666666667 300
962 -934.2733333333333 300
963 -932.99 300
964 -931.8333333333334 300
965 -927.7233333333334 300
966 -931.2233333333334 300
967 -937.35 300
968 -937.39 300
969 -937.9133333333333 300
970 -937.7033333333334 300
971 -937.74 300
972 -937.86 300
973 -937.7433333333333 300
974 -937.7533333333333 300
975 -937.6666666666666 300
976 -937.7066666666667 300
977 -937.6633333333333 300
978 -937.7866666666666 300
979 -937.6966666666667 300
980 -937.9 300
981 -938.2066666666667 300
982 -938.03 300
983 -938.07 300
984 -938.1133333333333 300
985 -938.3166666666667 300
986 -938.5933333333334 300
987 -938.6933333333334 300
988 -938.9766666666667 300
989 -939.3033333333333 300
990 -940.03 300
991 -940.2466666666667 300
992 -938.84 300
993 -935.6533333333333 300
994 -942.4733333333334 300
995 -940.0133333333333 300
996 -936.7866666666666 300
997 -936.0833333333334 300
998 -935.0833333333334 300
999 -933.4566666666667 300
1000 -932.5366666666666 300
1001 -932.6633333333333 300
1002 -932.7466666666667 300
1003 -932.8733333333333 300
1004 -933.0466666666666 300
1005 -933.31 300
1006 -933.5766666666667 300
1007 -933.8433333333334 300
1008 -933.4766666666667 300
1009 -933.48 300
1010 -933.5166666666667 300
1011 -933.6066666666667 300
1012 -933.78 300
1013 -935.46 300
1014 -937.12 300
1015 -939.73 300
1016 -939.96 300
1017 -939.9733333333334 300
1018 -939.8333333333334 300
1019 -939.86 300
1020 -939.85 300
1021 -939.88 300
1022 -940.23 300
1023 -940.5066666666667 300
1024 -940.6866666666666 300
1025 -941.1866666666666 300
1026 -941.4233333333333 300
1027 -941.3366666666667 300
1028 -941.1633333333333 300
1029 -941.0733333333334 300
1030 -940.8166666666667 300
1031 -940.7166666666667 300
1032 -940.6633333333333 300
1033 -940.61 300
1034 -940.5966666666667 300
1035 -941.1933333333334 300
1036 -941.61 300
1037 -941.5733333333334 300
1038 -941.4466666666667 300
1039 -941.3633333333333 300
1040 -941.2366666666667 300
1041 -941.2833333333333 300
1042 -941.23 300
1043 -941.3033333333333 300
1044 -941.2566666666667 300
1045 -942.11 300
1046 -940.2633333333333 300
1047 -937.8266666666667 300
1048 -937.24 300
1049 -937.2466666666667 300
1050 -937.3 300
1051 -937.5133333333333 300
1052 -937.52 300
1053 -937.6 300
1054 -937.7733333333333 300
1055 -937.91 300
1056 -937.8633333333333 300
1057 -937.5033333333333 300
1058 -936.7833333333333 300
1059 -936.2366666666667 300
1060 -935.61 300
1061 -935.5666666666667 300
1062 -935.78 300
1063 -935.8733333333333 300
1064 -935.8833333333333 300
1065 -936.0533333333333 300
1066 -935.9733333333334 300
1067 -936.23 300
1068 -936.3 300
1069 -936.56 300
1070 -936.8133333333334 300
1071 -936.89 300
1072 -936.8966666666666 300
1073 -937.0733333333334 300
1074 -937.37 300
1075 -937.49 300
1076 -937.3633333333333 300
1077 -934.5 300
1078 -933.9633333333334 300
1079 -935.7466666666667 300
1080 -940.94 300
1081 -942.7466666666667 300
1082 -942.7133333333334 300
1083 -942.6666666666666 300
1084 -942.62 300
1085 -943.2733333333333 300
1086 -943.27 300
1087 -944.2866666666666 300
1088 -945.7066666666667 300
1089 -945.86 300
1090 -945.85 300
1091 -946.86 300
1092 -946.5966666666667 300
1093 -946.7033333333334 300
1094 -946.5333333333333 300
1095 -946.3133333333334 300
1096 -944.8866666666667 300
1097 -948.2133333333334 300
1098 -949.2533333333333 300
1099 -949.32 300
1100 -949.0766666666667 300
1101 -949.0766666666667 300
1102 -949.01 300
1103 -948.6633333333333 300
1104 -947.9533333333334 300
1105 -947.7866666666666 300
1106 -947.45 300
1107 -946.99 300
1108 -946.5666666666667 300
1109 -946.06 300
1110 -945.3333333333334 300
1111 -944.6666666666666 300
1112 -944.56 300
1113 -943.2533333333333 300
1114 -943.9566666666667 300
1115 -942.6233333333333 300
1116 -940.7966666666666 300
1117 -937.9233333333333 300
1118 -936.6333333333333 300
1119 -936.0933333333334 300
1120 -935.9833333333333 300
1121 -934.8866666666667 300
1122 -934.0233333333333 300
1123 -929.6433333333333 300
1124 -926.0766666666667 300
1125 -918.76 300
1126 -917.7033333333334 300
1127 -917.96 300
1128 -918.4366666666666 300
1129 -919.0833333333334 300
1130 -919.6766666666666 300
1131 -919.96 300
1132 -920.9866666666667 300
1133 -922.5966666666667 300
1134 -925.0833333333334 300
1135 -927.7133333333334 300
1136 -929.9766666666667 300
1137 -934.2933333333333 300
1138 -938.04 300
1139 -938.7633333333333 300
1140 -937.4066666666666 300
1141 -937.36 300
1142 -932.8633333333333 300
1143 -929.4166666666666 300
1144 -924.4333333333333 300
1145 -923.3133333333334 300
1146 -923.8233333333334 300
1147 -923.0233333333333 300
1148 -923.49 300
1149 -923.7433333333333 300
1150 -924.8833333333333 300
1151 -925.1766666666666 300
1152 -925.7733333333333 300
1153 -926.24 300
1154 -926.58 300
1155 -927.0866666666667 300
1156 -927.2966666666666 300
1157 -927.8433333333334 300
1158 -928.3633333333333 300
1159 -925.2033333333334 300
1160 -925.9733333333334 300
1161 -925.0066666666667 300
1162 -925.6766666666666 300
1163 -928.5033333333333 300
1164 -930.54 300
1165 -933.0233333333333 300
1166 -933.0333333333333 300
1167 -932.9266666666666 300
1168 -935.84 300
1169 -934.8233333333334 300
1170 -934.7766666666666 300
1171 -934.61 300
1172 -934.3366666666667 300
1173 -934.2566666666667 300
1174 -934.22 300
1175 -934.2233333333334 300
1176 -934.27 300
1177 -934.1833333333333 300
1178 -934.0966666666667 300
1179 -933.85 300
1180 -933.09 300
1181 -932.2 300
1182 -931.05 300
1183 -930.9533333333334 300
1184 -931.25 300
1185 -931.4966666666667 300
1186 -930.94 300
1187 -930.8866666666667 300
1188 -928.9166666666666 300
1189 -928.5266666666666 300
1190 -928.08 300
1191 -928.07 300
1192 -928.0133333333333 300
1193 -928.0433333333333 300
1194 -930.28 300
1195 -930.2366666666667 300
1196 -930.6233333333333 300
1197 -930.7966666666666 300
1198 -931.2666666666667 300
1199 -931.35 300
1200 -931.5266666666666 300
1201 -931.8266666666667 300
1202 -933.46 300
1203 -938.2566666666667 300
1204 -940.4666666666667 300
1205 -940.5033333333333 300
1206 -940.3066666666666 300
1207 -940.4766666666667 300
1208 -940.51 300
1209 -940.37 300
1210 -940.37 300
1211 -940.3233333333334 300
1212 -938.18 300
1213 -937.0733333333334 300
1214 -936.4766666666667 300
1215 -936.2233333333334 300
1216 -936.14 300
1217 -938.8466666666667 300
1218 -936.8333333333334 300
1219 -944.3333333333334 300
1220 -948.0166666666667 300
1221 -947.3833333333333 300
1222 -946.79 300
1223 -946.3666666666667 300
1224 -945.5666666666667 300
1225 -944.9733333333334 300
1226 -943.3666666666667 300
1227 -940.83 300
1228 -938.67 300
1229 -937.7266666666667 300
1230 -933.8033333333333 300
1231 -932.6633333333333 300
1232 -932.41 300
1233 -932.37 300
1234 -937.82 300
1235 -933.5566666666666 300
1236 -926.2133333333334 300
1237 -930.48 300
1238 -937.9733333333334 300
1239 -934.3933333333333 300
1240 -930.07 300
1241 -923.92 300
1242 -925.3233333333334 300
1243 -927.12 300
1244 -929.2866666666666 300
1245 -929.0933333333334 300
1246 -928.7466666666667 300
1247 -931.54 300
1248 -935.4933333333333 300
1249 -941.28 300
1250 -947.8633333333333 300
1251 -948.6466666666666 300
1252 -953.2133333333334 300
1253 -952.9733333333334 300
1254 -952.95 300
1255 -952.5266666666666 300
1256 -952.3333333333334 300
1257 -948.8233333333334 300
1258 -948.37 300
1259 -948.4333333333333 300
1260 -948.45 300
1261 -950.14 300
1262 -949.6733333333333 300
1263 -949.46 300
1264 -949.3066666666666 300
1265 -949.1533333333333 300
1266 -948.71 300
1267 -948.6433333333333 300
1268 -948.3033333333333 300
1269 -948.3266666666667 300
1270 -948.8 300
1271 -948.42 300
1272 -948.06 300
1273 -947.85 300
1274 -947.3 300
1275 -947.2733333333333 300
1276 -945.1466666666666 300
1277 -949.96 300
1278 -949.24 300
1279 -949.47 300
1280 -949.5266666666666 300
1281 -948.97 300
1282 -949.3866666666667 300
1283 -940.38 300
1284 -932.1633333333333 300
1285 -931.95 300
1286 -932.0 300
1287 -932.0466666666666 300
1288 -932.1766666666666 300
1289 -928.2233333333334 300
1290 -928.2233333333334 300
1291 -925.19 300
1292 -920.28 300
1293 -914.56 300
1294 -914.8133333333334 300
1295 -914.8566666666667 300
1296 -915.07 300
1297 -915.24 300
1298 -915.49 300
1299 -915.7866666666666 300
1300 -916.17 300
1301 -916.51 300
1302 -917.15 300
1303 -917.74 300
1304 -918.46 300
1305 -919.0466666666666 300
1306 -920.6666666666666 300
1307 -921.7666666666667 300
1308 -919.95 300
1309 -921.4266666666666 300
1310 -923.2433333333333 300
1311 -925.7733333333333 300
1312 -928.3066666666666 300
1313 -932.8266666666667 300
1314 -939.63 300
1315 -948.25 300
1316 -954.59 300
1317 -958.6066666666667 300
1318 -957.7066666666667 300
1319 -956.2433333333333 300
1320 -954.66 300
1321 -952.7266666666667 300
1322 -950.7933333333333 300
1323 -956.5266666666666 300
1324 -955.85 300
1325 -953.9866666666667 300
1326 -953.27 300
1327 -952.79 300
1328 -947.7366666666667 300
1329 -941.48 300
1330 -933.22 300
1331 -935.8866666666667 300
1332 -938.2633333333333 300
1333 -936.0766666666667 300
1334 -934.14 300
1335 -925.7133333333334 300
1336 -922.3433333333334 300
1337 -923.9166666666666 300
1338 -925.95 300
1339 -928.1466666666666 300
1340 -929.32 300
1341 -929.5333333333333 300
1342 -930.23 300
1343 -934.8033333333333 300
1344 -940.8266666666667 300
1345 -942.83 300
1346 -943.1966666666667 300
1347 -943.3333333333334 300
1348 -943.5233333333333 300
1349 -943.5866666666667 300
1350 -946.2566666666667 300
1351 -948.3866666666667 300
1352 -943.8333333333334 300
1353 -945.09 300
1354 -944.8733333333333 300
1355 -945.19 300
1356 -944.9466666666667 300
1357 -952.7133333333334 300
1358 -952.6166666666667 300
1359 -953.5266666666666 300
1360 -954.9 300
1361 -954.5 300
1362 -967.0333333333333 300
1363 -969.4933333333333 300
1364 -973.3733333333333 300
1365 -978.4633333333334 300
1366 -982.0466666666666 300
1367 -979.4266666666666 300
1368 -976.7333333333333 300
1369 -973.2 300
1370 -967.7266666666667 300
1371 -966.7666666666667 300
1372 -970.9766666666667 300
1373 -972.9433333333334 300
1374 -967.7366666666667 300
1375 -966.74 300
1376 -958.18 300
1377 -943.13 300
1378 -941.2766666666666 300
1379 -941.2366666666667 300
1380 -942.1066666666667 300
1381 -942.6366666666667 300
1382 -942.4166666666666 300
1383 -943.0633333333334 300
1384 -943.6266666666667 300
1385 -944.0133333333333 300
1386 -944.2633333333333 300
1387 -944.1566666666666 300
1388 -941.4766666666667 300
1389 -937.5166666666667 300
1390 -942.9466666666667 300
1391 -944.5433333333333 300
1392 -945.03 300
1393 -945.56 300
1394 -953.72 300
1395 -961.1866666666666 300
1396 -961.27 300
1397 -966.62 300
1398 -974.1566666666666 300
1399 -972.1366666666667 300
1400 -970.81 300
1401 -965.5666666666667 300
1402 -966.43 300
1403 -969.0133333333333 300
1404 -964.0 300
1405 -962.77 300
1406 -973.9233333333333 300
1407 -981.0166666666667 300
1408 -981.0533333333333 300
1409 -981.0866666666667 300
1410 -980.9033333333333 300
1411 -980.91 300
1412 -980.81 300
1413 -980.58 300
1414 -980.9333333333333 300
1415 -981.38 300
1416 -982.2733333333333 300
1417 -984.6833333333333 300
1418 -991.3133333333334 300
1419 -991.04 300
1420 -990.7666666666667 300
1421 -990.5866666666667 300
1422 -990.31 300
1423 -989.68 300
1424 -989.0433333333333 300
1425 -988.3666666666667 300
1426 -987.1033333333334 300
1427 -985.8866666666667 300
1428 -983.8366666666667 300
1429 -981.71 300
1430 -979.0966666666667 300
1431 -978.3133333333334 300
1432 -978.0466666666666 300
1433 -977.8033333333333 300
1434 -977.43 300
1435 -977.27 300
1436 -979.0833333333334 300
1437 -978.7333333333333 300
1438 -977.7233333333334 300
1439 -976.6766666666666 300
1440 -971.3033333333333 300
1441 -967.0366666666666 300
1442 -967.1033333333334 300
1443 -967.2966666666666 300
1444 -968.0266666666666 300
1445 -968.73 300
1446 -969.6933333333334 300
1447 -970.9266666666666 300
1448 -970.5333333333333 300
1449 -970.7066666666667 300
1450 -970.9266666666666 300
1451 -971.0566666666666 300
1452 -971.2233333333334 300
1453 -973.36 300
1454 -975.85 300
1455 -978.9966666666667 300
1456 -982.6 300
1457 -982.6866666666666 300
1458 -982.42 300
1459 -982.12 300
1460 -981.8066666666666 300
1461 -982.45 300
1462 -979.67 300
1463 -976.1533333333333 300
1464 -975.93 300
1465 -975.9366666666666 300
1466 -975.96 300
1467 -975.5 300
1468 -975.3433333333334 300
1469 -975.4933333333333 300
1470 -977.5833333333334 300
1471 -980.8966666666666 300
1472 -978.1933333333334 300
1473 -974.0566666666666 300
1474 -976.0466666666666 300
1475 -976.19 300
1476 -976.2233333333334 300
1477 -975.8733333333333 300
1478 -975.5566666666666 300
1479 -976.23 300
1480 -976.0066666666667 300
1481 -972.11 300
1482 -971.8866666666667 300
1483 -971.9366666666666 300
1484 -972.1733333333333 300
1485 -972.3133333333334 300
1486 -972.23 300
1487 -972.54 300
1488 -977.51 300
1489 -977.8166666666667 300
1490 -975.1366666666667 300
1491 -975.4066666666666 300
1492 -975.8066666666666 300
1493 -976.03 300
1494 -976.21 300
1495 -976.2633333333333 300
1496 -979.5633333333334 300
1497 -980.0066666666667 300
1498 -980.01 300
1499 -980.23 300
1500 -980.15 300
1501 -980.27 300
1502 -980.5 300
1503 -980.03 300
1504 -979.3833333333333 300
1505 -978.05 300
1506 -979.7733333333333 300
1507 -980.0266666666666 300
1508 -978.1966666666667 300
1509 -975.5033333333333 300
1510 -975.33 300
1511 -973.84 300
1512 -973.6366666666667 300
1513 -974.2933333333333 300
1514 -976.92 300
1515 -976.2533333333333 300
1516 -974.3433333333334 300
1517 -973.5533333333333 300
1518 -974.8933333333333 300
1519 -976.6566666666666 300
1520 -979.07 300
1521 -983.8533333333334 300
1522 -986.5366666666666 300
1523 -992.8133333333334 300
1524 -998.2566666666667 300
1525 -998.6833333333333 300
1526 -998.2566666666667 300
1527 -997.79 300
1528 -995.2766666666666 300
1529 -992.1333333333333 300
1530 -988.4766666666667 300
1531 -985.9966666666667 300
1532 -981.6033333333334 300
1533 -981.8633333333333 300
1534 -981.96 300
1535 -982.3466666666667 300
1536 -982.39 300
1537 -982.5233333333333 300
1538 -982.57 300
1539 -982.36 300
1540 -982.37 300
1541 -980.3033333333333 300
1542 -977.33 300
1543 -981.8733333333333 300
1544 -982.23 300
1545 -982.66 300
1546 -982.7933333333333 300
1547 -982.9666666666667 300
1548 -983.1466666666666 300
1549 -983.2833333333333 300
1550 -984.5633333333334 300
1551 -985.67 300
1552 -987.78 300
1553 -990.2233333333334 300
1554 -990.2133333333334 300
1555 -990.2066666666667 300
1556 -990.21 300
1557 -990.0433333333333 300
1558 -990.26 300
1559 -990.4266666666666 300
1560 -990.6033333333334 300
1561 -990.47 300
1562 -990.4333333333333 300
1563 -987.4766666666667 300
1564 -987.2233333333334 300
1565 -987.23 300
1566 -991.7333333333333 300
1567 -982.4 300
1568 -981.9133333333333 300
1569 -981.7866666666666 300
1570 -980.9633333333334 300
1571 -980.0233333333333 300
1572 -978.95 300
1573 -976.24 300
1574 -983.9933333333333 300
1575 -982.2433333333333 300
1576 -979.9233333333333 300
1577 -984.6733333333333 300
1578 -983.19 300
1579 -986.9333333333333 300
1580 -985.68 300
1581 -983.3766666666667 300
1582 -976.5233333333333 300
1583 -982.26 300
1584 -981.9066666666666 300
1585 -983.25 300
1586 -991.5033333333333 300
1587 -991.4633333333334 300
1588 -991.5533333333333 300
1589 -991.43 300
1590 -991.18 300
1591 -990.8433333333334 300
1592 -990.87 300
1593 -990.54 300
1594 -991.2433333333333 300
1595 -992.3 300
1596 -992.6833333333333 300
1597 -992.2933333333333 300
1598 -991.4733333333334 300
1599 -990.87 300
1600 -990.8233333333334 300
1601 -990.1733333333333 300
1602 -989.8333333333334 300
1603 -989.66 300
1604 -989.22 300
1605 -988.8866666666667 300
1606 -988.3266666666667 300
1607 -990.0133333333333 300
1608 -990.13 300
1609 -989.78 300
1610 -989.4633333333334 300
1611 -989.2533333333333 300
1612 -989.1666666666666 300
1613 -988.9466666666667 300
1614 -988.3966666666666 300
1615 -988.5233333333333 300
1616 -988.0066666666667 300
1617 -988.2233333333334 300
1618 -988.14 300
1619 -987.8866666666667 300
1620 -987.3833333333333 300
1621 -987.4366666666666 300
1622 -987.8266666666667 300
1623 -987.61 300
1624 -987.91 300
1625 -988.09 300
1626 -987.83 300
1627 -979.27 300
1628 -976.6566666666666 300
1629 -976.59 300
1630 -976.25 300
1631 -976.21 300
1632 -976.5133333333333 300
1633 -977.0733333333334 300
1634 -977.3666666666667 300
1635 -977.2366666666667 300
1636 -977.2866666666666 300
1637 -977.5533333333333 300
1638 -977.7766666666666 300
1639 -978.13 300
1640 -978.3133333333334 300
1641 -978.53 300
1642 -980.32 300
1643 -980.84 300
1644 -981.0633333333334 300
1645 -981.4166666666666 300
1646 -981.77 300
1647 -984.9933333333333 300
1648 -985.05 300
1649 -985.5366666666666 300
1650 -985.6766666666666 300
1651 -986.1133333333333 300
1652 -986.4266666666666 300
1653 -986.6133333333333 300
1654 -986.9666666666667 300
1655 -987.19 300
1656 -987.5033333333333 300
1657 -990.9133333333333 300
1658 -990.6666666666666 300
1659 -990.64 300
1660 -990.9933333333333 300
1661 -987.9333333333333 300
1662 -988.0266666666666 300
1663 -987.3033333333333 300
1664 -986.9366666666666 300
1665 -986.9533333333334 300
1666 -986.87 300
1667 -986.7066666666667 300
1668 -986.66 300
1669 -986.75 300
1670 -986.49 300
1671 -986.4533333333334 300
1672 -986.49 300
1673 -986.11 300
1674 -985.9766666666667 300
1675 -985.9 300
1676 -985.6333333333333 300
1677 -985.5933333333334 300
1678 -985.64 300
1679 -985.39 300
1680 -985.0933333333334 300
1681 -985.2233333333334 300
1682 -985.01 300
1683 -985.18 300
1684 -984.92 300
1685 -984.74 300
1686 -984.7366666666667 300
1687 -985.9 300
1688 -985.81 300
1689 -985.95 300
1690 -985.91 300
1691 -985.9133333333333 300
1692 -990.91 300
1693 -990.5633333333334 300
1694 -990.44 300
1695 -990.3233333333334 300
1696 -989.76 300
1697 -989.7266666666667 300
1698 -989.6366666666667 300
1699 -989.5966666666667 300
1700 -989.3533333333334 300
1701 -992.8066666666666 300
1702 -992.5 300
1703 -992.4233333333333 300
1704 -992.3833333333333 300
1705 -992.04 300
1706 -991.6133333333333 300
1707 -991.2366666666667 300
1708 -991.1 300
1709 -991.0133333333333 300
1710 -990.9666666666667 300
1711 -991.9466666666667 300
1712 -991.86 300
1713 -991.7366666666667 300
1714 -991.4933333333333 300
1715 -991.59 300
1716 -991.8266666666667 300
1717 -991.8766666666667 300
1718 -991.9766666666667 300
1719 -991.9933333333333 300
1720 -992.0566666666666 300
1721 -992.1066666666667 300
1722 -991.93 300
1723 -991.9533333333334 300
1724 -992.14 300
1725 -993.84 300
1726 -995.92 300
1727 -995.7533333333333 300
1728 -995.34 300
1729 -997.0133333333333 300
1730 -999.8333333333334 300
1731 -999.22 300
1732 -998.8066666666666 300
1733 -1003.0966666666667 300
1734 -1002.36 300
1735 -1001.7466666666667 300
1736 -998.3733333333333 300
1737 -1006.64 300
1738 -1004.2766666666666 300
1739 -1001.6933333333334 300
1740 -1001.31 300
1741 -1000.5266666666666 300
1742 -1000.3 300
1743 -999.59 300
1744 -996.02 300
1745 -991.7366666666667 300
1746 -985.42 300
1747 -985.72 300
1748 -985.3966666666666 300
1749 -984.8433333333334 300
1750 -985.09 300
1751 -983.3066666666666 300
1752 -983.0333333333333 300
1753 -983.0766666666667 300
1754 -983.0433333333333 300
1755 -982.62 300
1756 -982.45 300
1757 -981.4066666666666 300
1758 -981.93 300
1759 -981.7533333333333 300
1760 -981.4 300
1761 -983.56 300
1762 -984.33 300
1763 -984.9233333333333 300
1764 -985.6033333333334 300
1765 -982.82 300
1766 -984.0433333333333 300
1767 -984.7066666666667 300
1768 -985.33 300
1769 -986.56 300
1770 -989.33 300
1771 -989.4666666666667 300
1772 -989.5733333333334 300
1773 -989.9733333333334 300
1774 -990.29 300
1775 -990.65 300
1776 -990.5833333333334 300
1777 -990.3466666666667 300
1778 -990.6133333333333 300
1779 -990.57 300
1780 -990.3233333333334 300
1781 -990.9366666666666 300
1782 -990.7666666666667 300
1783 -990.5066666666667 300
1784 -990.7166666666667 300
1785 -991.0133333333333 300
1786 -990.61 300
1787 -990.1633333333333 300
1788 -990.2466666666667 300
1789 -990.41 300
1790 -989.89 300
1791 -989.62 300
1792 -989.96 300
1793 -989.7366666666667 300
1794 -989.3066666666666 300
1795 -989.0366666666666 300
1796 -991.0866666666667 300
1797 -991.5166666666667 300
1798 -991.6766666666666 300
1799 -991.55 300
1800 -991.3766666666667 300
1801 -991.3166666666667 300
1802 -991.7 300
1803 -991.4733333333334 300
1804 -991.5 300
1805 -991.7133333333334 300
1806 -991.9266666666666 300
1807 -994.2333333333333 300
1808 -994.09 300
1809 -994.2133333333334 300
1810 -994.2133333333334 300
1811 -994.4733333333334 300
1812 -994.7133333333334 300
1813 -995.01 300
1814 -999.8966666666666 300
1815 -999.4033333333333 300
1816 -998.15 300
1817 -998.4666666666667 300
1818 -998.28 300
1819 -998.42 300
1820 -998.56 300
1821 -998.3466666666667 300
1822 -998.3966666666666 300
1823 -998.3466666666667 300
1824 -998.1933333333334 300
1825 -998.2033333333334 300
1826 -998.1633333333333 300
1827 -997.83 300
1828 -997.6633333333333 300
1829 -997.4733333333334 300
1830 -997.1633333333333 300
1831 -998.15 300
1832 -997.75 300
1833 -997.5766666666667 300
1834 -997.11 300
1835 -997.27 300
1836 -996.94 300
1837 -997.0666666666667 300
1838 -994.7233333333334 300
1839 -994.0166666666667 300
1840 -994.7666666666667 300
1841 -996.7466666666667 300
1842 -996.5366666666666 300
1843 -996.3533333333334 300
1844 -997.2333333333333 300
1845 -996.9266666666666 300
1846 -996.4933333333333 300
1847 -999.93 300
1848 -999.62 300
1849 -996.9866666666667 300
1850 -995.6933333333334 300
1851 -995.2066666666667 300
1852 -995.2266666666667 300
1853 -994.8533333333334 300
1854 -994.6366666666667 300
1855 -994.4233333333333 300
1856 -994.06 300
1857 -993.73 300
1858 -993.4033333333333 300
1859 -993.17 300
1860 -993.0433333333333 300
1861 -992.71 300
1862 -990.6033333333334 300
1863 -990.7966666666666 300
1864 -990.53 300
1865 -990.5466666666666 300
1866 -991.2933333333333 300
1867 -991.0233333333333 300
1868 -991.0166666666667 300
1869 -991.28 300
1870 -994.9533333333334 300
1871 -994.67 300
1872 -994.4566666666667 300
1873 -994.06 300
1874 -993.8233333333334 300
1875 -993.8233333333334 300
1876 -993.9633333333334 300
1877 -993.9333333333333 300
1878 -993.6566666666666 300
1879 -993.38 300
1880 -992.11 300
1881 -992.1166666666667 300
1882 -992.2933333333333 300
1883 -992.5366666666666 300
1884 -991.14 300
1885 -992.2566666666667 300
1886 -996.3633333333333 300
1887 -997.2233333333334 300
1888 -997.0933333333334 300
1889 -996.9966666666667 300
1890 -993.7733333333333 300
1891 -993.8733333333333 300
1892 -993.1766666666666 300
1893 -993.58 300
1894 -993.69 300
1895 -993.77 300
1896 -993.5166666666667 300
1897 -993.22 300
1898 -992.92 300
1899 -992.9766666666667 300
1900 -992.7633333333333 300
1901 -993.02 300
1902 -992.6766666666666 300
1903 -992.74 300
1904 -992.59 300
1905 -992.2533333333333 300
1906 -992.0466666666666 300
1907 -992.0766666666667 300
1908 -992.1566666666666 300
1909 -992.2466666666667 300
1910 -992.1566666666666 300
1911 -992.27 300
1912 -992.0433333333333 300
1913 -991.9 300
1914 -991.93 300
1915 -991.8433333333334 300
1916 -991.8166666666667 300
1917 -991.5333333333333 300
1918 -991.66 300
1919 -991.7466666666667 300
1920 -991.6466666666666 300
1921 -991.5033333333333 300
1922 -991.76 300
1923 -991.8466666666667 300
1924 -991.8466666666667 300
1925 -992.0733333333334 300
1926 -991.9433333333334 300
1927 -992.5866666666667 300
1928 -992.4266666666666 300
1929 -992.5666666666667 300
1930 -992.3633333333333 300
1931 -992.4466666666667 300
1932 -992.6733333333333 300
1933 -992.5 300
1934 -992.5133333333333 300
1935 -992.3866666666667 300
1936 -992.3133333333334 300
1937 -992.1533333333333 300
1938 -992.34 300
1939 -993.9533333333334 300
1940 -994.4266666666666 300
1941 -994.2133333333334 300
1942 -994.2133333333334 300
1943 -994.2666666666667 300
1944 -994.2266666666667 300
1945 -994.1833333333333 300
1946 -999.1033333333334 300
1947 -999.14 300
1948 -999.0766666666667 300
1949 -999.4533333333334 300
1950 -999.4966666666667 300
1951 -1001.41 300
1952 -1005.06 300
1953 -1005.31 300
1954 -1008.6666666666666 300
1955 -1008.9333333333333 300
1956 -1008.8266666666667 300
1957 -1007.26 300
1958 -1007.42 300
1959 -1007.22 300
1960 -1006.8766666666667 300
1961 -1006.3733333333333 300
1962 -1005.6333333333333 300
1963 -1005.0533333333333 300
1964 -1004.8533333333334 300
1965 -1004.3833333333333 300
1966 -1004.3 300
1967 -1004.38 300
1968 -1004.3566666666667 300
1969 -1004.3566666666667 300
1970 -1004.0466666666666 300
1971 -1004.0933333333334 300
1972 -1003.2933333333333 300
1973 -1003.0466666666666 300
1974 -1002.9233333333333 300
1975 -1002.55 300
1976 -1002.2133333333334 300
1977 -1002.14 300
1978 -1002.7533333333333 300
1979 -1002.78 300
1980 -1002.75 300
1981 -1002.9866666666667 300
1982 -1002.98 300
1983 -1003.1333333333333 300
1984 -1003.2833333333333 300
1985 -1003.18 300
1986 -1002.58 300
1987 -1002.9166666666666 300
1988 -1003.4633333333334 300
1989 -1004.03 300
1990 -1004.02 300
1991 -999.6633333333333 300
1992 -999.83 300
1993 -1000.1633333333333 300
1994 -1000.0033333333333 300
1995 -1000.18 300
1996 -1000.18 300
1997 -1000.5433333333333 300
1998 -1000.8333333333334 300
1999 -1000.97 300
2000 -1001.6033333333334 300
2001 -1001.6033333333334 300
2002 -1002.14 300
2003 -1002.3333333333334 300
2004 -1002.6133333333333 300
2005 -1002.9633333333334 300
2006 -1003.0833333333334 300
2007 -1003.4466666666667 300
2008 -1003.5533333333333 300
2009 -1003.81 300
2010 -1003.9933333333333 300
2011 -1004.1866666666666 300
2012 -1002.4233333333333 300
2013 -1002.8333333333334 300
2014 -1005.1066666666667 300
2015 -1005.6433333333333 300
2016 -1006.1633333333333 300
2017 -1006.5433333333333 300
2018 -1004.8966666666666 300
2019 -1011.4433333333334 300
2020 -1011.8366666666667 300
2021 -1011.9333333333333 300
2022 -1010.36 300
2023 -1009.5766666666667 300
2024 -1010.7433333333333 300
2025 -1011.1833333333333 300
2026 -1011.96 300
2027 -1012.6533333333333 300
2028 -1013.2933333333333 300
2029 -1013.7333333333333 300
2030 -1014.3633333333333 300
2031 -1014.66 300
2032 -1012.4166666666666 300
2033 -1012.8633333333333 300
2034 -1012.8733333333333 300
2035 -1012.96 300
2036 -1013.17 300
2037 -1013.5533333333333 300
2038 -1013.7666666666667 300
2039 -1016.6233333333333 300
2040 -1016.6033333333334 300
2041 -1016.7266666666667 300
2042 -1017.06 300
2043 -1017.6266666666667 300
2044 -1018.04 300
2045 -1018.42 300
2046 -1018.7366666666667 300
2047 -1016.6433333333333 300
2048 -1017.2566666666667 300
2049 -1017.4333333333333 300
2050 -1017.33 300
2051 -1017.5066666666667 300
2052 -1017.5566666666666 300
2053 -1017.65 300
2054 -1019.4433333333334 300
2055 -1019.6133333333333 300
2056 -1020.0633333333334 300
2057 -1019.9833333333333 300
2058 -1020.1233333333333 300
2059 -1020.04 300
2060 -1020.1233333333333 300
2061 -1020.4833333333333 300
2062 -1019.34 300
2063 -1019.98 300
2064 -1022.76 300
2065 -1022.61 300
2066 -1022.1466666666666 300
2067 -1022.3466666666667 300
2068 -1022.41 300
2069 -1023.14 300
2070 -1023.7 300
2071 -1024.0033333333333 300
2072 -1024.65 300
2073 -1024.8266666666666 300
2074 -1025.2933333333333 300
2075 -1025.3933333333334 300
2076 -1028.6066666666666 300
2077 -1028.5833333333333 300
2078 -1029.0666666666666 300
2079 -1029.2633333333333 300
2080 -1028.9366666666667 300
2081 -1029.4033333333334 300
2082 -1029.4733333333334 300
2083 -1030.0433333333333 300
2084 -1030.4966666666667 300
2085 -1030.5233333333333 300
2086 -1030.9666666666667 300
2087 -1030.9066666666668 300
2088 -1031.26 300
2089 -1031.5566666666666 300
2090 -1032.03 300
2091 -1034.2066666666667 300
2092 -1034.06 300
2093 -1033.31 300
2094 -1033.0166666666667 300
2095 -1033.35 300
2096 -1033.3233333333333 300
2097 -1035.58 300
2098 -1035.5166666666667 300
2099 -1035.5233333333333 300
2100 -1035.4766666666667 300
2101 -1035.27 300
2102 -1035.36 300
2103 -1035.11 300
2104 -1035.0933333333332 300
2105 -1033.65 300
2106 -1033.6533333333334 300
2107 -1031.55 300
2108 -1031.2966666666666 300
2109 -1031.24 300
2110 -1031.3033333333333 300
2111 -1031.2366666666667 300
2112 -1031.64 300
2113 -1031.65 300
2114 -1031.72 300
2115 -1032.1033333333332 300
2116 -1032.42 300
2117 -1031.2166666666667 300
2118 -1030.9733333333334 300
2119 -1034.5833333333333 300
2120 -1034.4866666666667 300
2121 -1034.6966666666667 300
2122 -1034.3333333333333 300
2123 -1034.04 300
2124 -1033.8633333333332 300
2125 -1030.9133333333334 300
2126 -1030.55 300
2127 -1030.6866666666667 300
2128 -1031.0666666666666 300
2129 -1026.07 300
2130 -1025.3966666666668 300
2131 -1028.85 300
2132 -1026.56 300
2133 -1027.1 300
2134 -1027.1466666666668 300
2135 -1027.7133333333334 300
2136 -1028.3933333333334 300
2137 -1028.46 300
2138 -1032.8966666666668 300
2139 -1032.9033333333334 300
2140 -1032.63 300
2141 -1032.3166666666666 300
2142 -1032.0366666666666 300
2143 -1031.8733333333332 300
2144 -1032.1166666666666 300
2145 -1032.0966666666666 300
2146 -1031.97 300
2147 -1031.8666666666666 300
2148 -1031.8666666666666 300
2149 -1032.02 300
2150 -1031.91 300
2151 -1031.7566666666667 300
2152 -1031.82 300
2153 -1031.8233333333333 300
2154 -1031.4633333333334 300
2155 -1031.6133333333332 300
2156 -1029.9166666666667 300
2157 -1030.0166666666667 300
2158 -1033.8166666666666 300
2159 -1038.8466666666666 300
2160 -1037.2166666666667 300
2161 -1037.6866666666667 300
2162 -1041.8533333333332 300
2163 -1041.6133333333332 300
2164 -1040.2666666666667 300
2165 -1041.1033333333332 300
2166 -1040.73 300
2167 -1040.5633333333333 300
2168 -1039.7733333333333 300
2169 -1039.2733333333333 300
2170 -1038.83 300
2171 -1038.33 300
2172 -1039.8066666666666 300
2173 -1039.89 300
2174 -1039.58 300
2175 -1038.2766666666666 300
2176 -1037.94 300
2177 -1037.2666666666667 300
2178 -1036.7433333333333 300
2179 -1036.3933333333334 300
2180 -1036.4366666666667 300
2181 -1036.31 300
2182 -1036.26 300
2183 -1036.37 300
2184 -1035.37 300
2185 -1035.2533333333333 300
2186 -1036.7266666666667 300
2187 -1033.5333333333333 300
2188 -1032.7533333333333 300
2189 -1032.21 300
2190 -1031.9933333333333 300
2191 -1032.3233333333333 300
2192 -1032.6166666666666 300
2193 -1031.9466666666667 300
2194 -1032.0966666666666 300
2195 -1031.81 300
2196 -1032.0666666666666 300
2197 -1032.22 300
2198 -1032.07 300
2199 -1031.92 300
2200 -1031.95 300
2201 -1032.2233333333334 300
2202 -1027.49 300
2203 -1027.44 300
2204 -1027.4033333333334 300
2205 -1027.0333333333333 300
2206 -1027.5033333333333 300
2207 -1027.3233333333333 300
2208 -1027.63 300
2209 -1028.0133333333333 300
2210 -1027.8866666666668 300
2211 -1027.5466666666666 300
2212 -1024.9633333333334 300
2213 -1026.0766666666666 300
2214 -1025.91 300
2215 -1025.9366666666667 300
2216 -1026.9833333333333 300
2217 -1027.2033333333334 300
2218 -1027.2033333333334 300
2219 -1027.6333333333334 300
2220 -1028.0166666666667 300
2221 -1028.2466666666667 300
2222 -1028.63 300
2223 -1028.8433333333332 300
2224 -1029.1833333333334 300
2225 -1029.79 300
2226 -1030.1666666666667 300
2227 -1034.9866666666667 300
2228 -1038.6333333333334 300
2229 -1034.4333333333334 300
2230 -1034.0033333333333 300
2231 -1034.7966666666666 300
2232 -1034.7633333333333 300
2233 -1031.78 300
2234 -1031.7066666666667 300
2235 -1031.06 300
2236 -1030.5633333333333 300
2237 -1031.0566666666666 300
2238 -1030.1366666666668 300
2239 -1030.5766666666666 300
2240 -1030.7266666666667 300
2241 -1036.7466666666667 300
2242 -1037.3166666666666 300
2243 -1037.3 300
2244 -1037.1366666666668 300
2245 -1037.12 300
2246 -1037.46 300
2247 -1038.1966666666667 300
2248 -1038.5466666666666 300
2249 -1038.4466666666667 300
2250 -1041.0466666666666 300
2251 -1041.1066666666666 300
2252 -1042.0766666666666 300
2253 -1042.47 300
2254 -1042.2166666666667 300
2255 -1042.2333333333333 300
2256 -1042.9666666666667 300
2257 -1042.9966666666667 300
2258 -1042.9166666666667 300
2259 -1043.05 300
2260 -1043.02 300
2261 -1043.29 300
2262 -1050.5733333333333 300
2263 -1054.1066666666666 300
2264 -1053.6866666666667 300
2265 -1053.3 300
2266 -1053.1133333333332 300
2267 -1052.81 300
2268 -1053.08 300
2269 -1052.9533333333334 300
2270 -1052.8266666666666 300
2271 -1052.4366666666667 300
2272 -1052.4633333333334 300
2273 -1052.3066666666666 300
2274 -1049.22 300
2275 -1050.06 300
2276 -1049.5833333333333 300
2277 -1047.27 300
2278 -1056.0133333333333 300
2279 -1055.42 300
2280 -1054.68 300
2281 -1053.8233333333333 300
2282 -1053.0666666666666 300
2283 -1052.3033333333333 300
2284 -1050.78 300
2285 -1050.02 300
2286 -1049.5566666666666 300
2287 -1049.0866666666666 300
2288 -1058.2966666666666 300
2289 -1058.0666666666666 300
2290 -1057.5466666666666 300
2291 -1057.1233333333332 300
2292 -1056.44 300
2293 -1056.7833333333333 300
2294 -1056.55 300
2295 -1056.41 300
2296 -1056.4833333333333 300
2297 -1056.2933333333333 300
2298 -1056.4166666666667 300
2299 -1056.54 300
2300 -1056.5333333333333 300
2301 -1060.92 300
2302 -1060.58 300
2303 -1065.9933333333333 300
2304 -1066.2666666666667 300
2305 -1066.3333333333333 300
2306 -1066.4033333333334 300
2307 -1066.3333333333333 300
2308 -1066.6933333333334 300
2309 -1066.7033333333334 300
2310 -1066.6166666666666 300
2311 -1066.4366666666667 300
2312 -1066.3166666666666 300
2313 -1065.7966666666666 300
2314 -1064.6233333333332 300
2315 -1064.5333333333333 300
2316 -1064.7 300
2317 -1064.9 300
2318 -1065.2133333333334 300
2319 -1065.6466666666668 300
2320 -1064.0766666666666 300
2321 -1064.1666666666667 300
2322 -1064.2533333333333 300
2323 -1063.9866666666667 300
2324 -1062.8466666666666 300
2325 -1062.5533333333333 300
2326 -1063.4866666666667 300
2327 -1063.0766666666666 300
2328 -1062.4833333333333 300
2329 -1062.2866666666666 300
2330 -1062.2733333333333 300
2331 -1062.05 300
2332 -1062.8066666666666 300
2333 -1062.9266666666667 300
2334 -1063.48 300
2335 -1063.32 300
2336 -1063.5066666666667 300
2337 -1063.14 300
2338 -1066.1733333333334 300
2339 -1064.79 300
2340 -1064.5333333333333 300
2341 -1064.32 300
2342 -1064.46 300
2343 -1063.9833333333333 300
2344 -1063.95 300
2345 -1061.5433333333333 300
2346 -1062.0966666666666 300
2347 -1062.0533333333333 300
2348 -1062.07 300
2349 -1061.83 300
2350 -1061.6266666666668 300
2351 -1061.6 300
2352 -1061.0433333333333 300
2353 -1060.68 300
2354 -1057.42 300
2355 -1056.7166666666667 300
2356 -1056.3866666666668 300
2357 -1055.8766666666668 300
2358 -1055.7966666666666 300
2359 -1055.7533333333333 300
2360 -1055.3733333333332 300
2361 -1055.5 300
2362 -1056.9033333333334 300
2363 -1057.0866666666666 300
2364 -1056.8666666666666 300
2365 -1057.0433333333333 300
2366 -1054.8533333333332 300
2367 -1054.9933333333333 300
2368 -1054.45 300
2369 -1054.2766666666666 300
2370 -1054.1466666666668 300
2371 -1053.81 300
2372 -1049.73 300
2373 -1039.9733333333334 300
2374 -1039.1033333333332 300
2375 -1040.2266666666667 300
2376 -1041.3366666666666 300
2377 -1041.33 300
2378 -1047.3733333333332 300
2379 -1047.98 300
2380 -1048.94 300
2381 -1050.3566666666666 300
2382 -1045.75 300
2383 -1045.3466666666666 300
2384 -1046.5533333333333 300
2385 -1046.9266666666667 300
2386 -1047.15 300
2387 -1047.1233333333332 300
2388 -1046.9833333333333 300
2389 -1048.98 300
2390 -1049.0766666666666 300
2391 -1049.0033333333333 300
2392 -1049.2433333333333 300
2393 -1049.2933333333333 300
2394 -1049.05 300
2395 -1049.32 300
2396 -1055.27 300
2397 -1055.7833333333333 300
2398 -1055.3 300
2399 -1055.0266666666666 300
2400 -1055.8866666666668 300
2401 -1056.1433333333334 300
2402 -1056.0633333333333 300
2403 -1055.3633333333332 300
2404 -1055.2466666666667 300
2405 -1049.69 300
2406 -1048.9766666666667 300
2407 -1049.2766666666666 300
2408 -1049.02 300
2409 -1048.58 300
2410 -1048.28 300
2411 -1047.67 300
2412 -1049.09 300
2413 -1049.4833333333333 300
2414 -1049.9733333333334 300
2415 -1050.3266666666666 300
2416 -1050.37 300
2417 -1051.0333333333333 300
2418 -1051.1666666666667 300
2419 -1051.46 300
2420 -1054.1433333333334 300
2421 -1052.0733333333333 300
2422 -1051.89 300
2423 -1056.3766666666668 300
2424 -1056.26 300
2425 -1056.2166666666667 300
2426 -1056.1366666666668 300
2427 -1055.66 300
2428 -1053.6033333333332 300
2429 -1052.1366666666668 300
2430 -1052.34 300
2431 -1048.6966666666667 300
2432 -1048.2266666666667 300
2433 -1047.5666666666666 300
2434 -1047.6366666666668 300
2435 -1049.7066666666667 300
2436 -1049.8 300
2437 -1050.3533333333332 300
2438 -1049.9266666666667 300
2439 -1050.0566666666666 300
2440 -1052.6866666666667 300
2441 -1052.77 300
2442 -1052.4233333333334 300
2443 -1052.9933333333333 300
2444 -1053.2966666666666 300
2445 -1053.4266666666667 300
2446 -1053.55 300
2447 -1054.2133333333334 300
2448 -1054.3766666666668 300
2449 -1052.4 300
2450 -1052.4233333333334 300
2451 -1051.84 300
2452 -1052.13 300
2453 -1052.4333333333334 300
2454 -1052.29 300
2455 -1052.1633333333334 300
2456 -1053.8466666666666 300
2457 -1053.2833333333333 300
2458 -1051.2333333333333 300
2459 -1051.4 300
2460 -1051.7566666666667 300
2461 -1051.5 300
2462 -1051.9366666666667 300
2463 -1049.92 300
2464 -1047.9633333333334 300
2465 -1048.0 300
2466 -1046.82 300
2467 -1047.4333333333334 300
2468 -1047.8366666666666 300
2469 -1047.7566666666667 300
2470 -1048.0766666666666 300
2471 -1048.2933333333333 300
2472 -1049.2066666666667 300
2473 -1049.4766666666667 300
2474 -1051.91 300
2475 -1052.1 300
2476 -1052.33 300
2477 -1053.02 300
2478 -1053.4666666666667 300
2479 -1053.57 300
2480 -1054.23 300
2481 -1054.5033333333333 300
2482 -1055.02 300
2483 -1055.01 300
2484 -1061.2133333333334 300
2485 -1060.15 300
2486 -1060.0333333333333 300
2487 -1060.0866666666666 300
2488 -1060.29 300
2489 -1059.8133333333333 300
2490 -1059.5166666666667 300
2491 -1059.1333333333334 300
2492 -1059.1533333333334 300
2493 -1059.12 300
2494 -1058.8533333333332 300
2495 -1058.2 300
2496 -1059.73 300
2497 -1060.1733333333334 300
2498 -1058.61 300
2499 -1060.0733333333333 300
2500 -1067.9566666666667 300
2501 -1068.77 300
2502 -1068.5066666666667 300
2503 -1066.9966666666667 300
2504 -1070.0566666666666 300
2505 -1068.92 300
2506 -1069.2866666666666 300
2507 -1069.05 300
2508 -1068.6766666666667 300
2509 -1067.9033333333334 300
2510 -1067.3133333333333 300
2511 -1066.4733333333334 300
2512 -1066.2266666666667 300
2513 -1065.6933333333334 300
2514 -1065.5266666666666 300
2515 -1064.79 300
2516 -1064.4266666666667 300
2517 -1064.1966666666667 300
2518 -1064.26 300
2519 -1064.32 300
2520 -1064.35 300
2521 -1064.4533333333334 300
2522 -1059.0533333333333 300
2523 -1060.0433333333333 300
2524 -1059.8933333333334 300
2525 -1065.73 300
2526 -1069.48 300
2527 -1068.7233333333334 300
2528 -1068.8933333333334 300
2529 -1075.2133333333334 300
2530 -1072.9366666666667 300
2531 -1073.3466666666666 300
2532 -1073.7066666666667 300
2533 -1071.4666666666667 300
2534 -1070.5633333333333 300
2535 -1069.6233333333332 300
2536 -1069.24 300
2537 -1069.21 300
2538 -1069.1166666666666 300
2539 -1069.21 300
2540 -1069.1733333333334 300
2541 -1069.4033333333334 300
2542 -1068.9333333333334 300
2543 -1069.08 300
2544 -1068.9566666666667 300
2545 -1069.21 300
2546 -1069.9866666666667 300
2547 -1067.97 300
2548 -1068.8366666666666 300
2549 -1069.15 300
2550 -1069.8966666666668 300
2551 -1070.7233333333334 300
2552 -1071.2566666666667 300
2553 -1071.0466666666666 300
2554 -1070.2366666666667 300
2555 -1070.68 300
2556 -1070.7966666666666 300
2557 -1071.2633333333333 300
2558 -1069.7766666666666 300
2559 -1070.2133333333334 300
2560 -1070.0966666666666 300
2561 -1071.43 300
2562 -1074.3433333333332 300
2563 -1076.25 300
2564 -1073.5866666666666 300
2565 -1072.71 300
2566 -1070.8966666666668 300
2567 -1070.38 300
2568 -1068.0933333333332 300
2569 -1065.0966666666666 300
2570 -1064.8166666666666 300
2571 -1066.4033333333334 300
2572 -1066.5133333333333 300
2573 -1065.81 300
2574 -1060.6966666666667 300
2575 -1061.4366666666667 300
2576 -1062.48 300
2577 -1059.0733333333333 300
2578 -1060.4066666666668 300
2579 -1061.5266666666666 300
2580 -1062.42 300
2581 -1060.37 300
2582 -1060.98 300
2583 -1061.7933333333333 300
2584 -1059.1833333333334 300
2585 -1060.5533333333333 300
2586 -1060.66 300
2587 -1061.4066666666668 300
2588 -1066.5766666666666 300
2589 -1069.9 300
2590 -1071.2433333333333 300
2591 -1070.8666666666666 300
2592 -1071.96 300
2593 -1070.7466666666667 300
2594 -1069.3166666666666 300
2595 -1070.6466666666668 300
2596 -1071.2666666666667 300
2597 -1071.51 300
2598 -1072.47 300
2599 -1074.19 300
2600 -1071.2466666666667 300
2601 -1072.9966666666667 300
2602 -1074.4833333333333 300
2603 -1075.1966666666667 300
2604 -1077.0266666666666 300
2605 -1079.07 300
2606 -1081.15 300
2607 -1083.4633333333334 300
2608 -1085.3333333333333 300
2609 -1087.34 300
2610 -1089.5133333333333 300
2611 -1093.4066666666668 300
2612 -1094.5533333333333 300
2613 -1091.7833333333333 300
2614 -1091.2833333333333 300
2615 -1092.5833333333333 300
2616 -1096.07 300
2617 -1096.26 300
2618 -1096.2566666666667 300
2619 -1095.3733333333332 300
2620 -1095.6033333333332 300
2621 -1095.91 300
2622 -1097.4566666666667 300
2623 -1097.6 300
2624 -1098.04 300
2625 -1098.0833333333333 300
2626 -1098.8033333333333 300
2627 -1099.0166666666667 300
2628 -1099.2766666666666 300
2629 -1098.9466666666667 300
2630 -1098.7533333333333 300
2631 -1099.32 300
2632 -1099.32 300
2633 -1097.8433333333332 300
2634 -1097.8366666666666 300
2635 -1097.9166666666667 300
2636 -1097.8733333333332 300
2637 -1098.3133333333333 300
2638 -1098.69 300
2639 -1098.35 300
2640 -1095.93 300
2641 -1095.69 300
2642 -1096.0 300
2643 -1095.5566666666666 300
2644 -1095.2133333333334 300
2645 -1094.83 300
2646 -1092.73 300
2647 -1090.7366666666667 300
2648 -1089.09 300
2649 -1088.0733333333333 300
2650 -1087.72 300
2651 -1088.0833333333333 300
2652 -1088.12 300
2653 -1089.0133333333333 300
2654 -1089.07 300
2655 -1089.89 300
2656 -1090.28 300
2657 -1093.2866666666666 300
2658 -1093.7166666666667 300
2659 -1094.5866666666666 300
2660 -1100.3133333333333 300
2661 -1098.8133333333333 300
2662 -1099.3766666666668 300
2663 -1099.81 300
2664 -1096.34 300
2665 -1101.67 300
2666 -1100.8933333333334 300
2667 -1101.19 300
2668 -1101.0833333333333 300
2669 -1099.5233333333333 300
2670 -1099.8233333333333 300
2671 -1102.6866666666667 300
2672 -1103.1233333333332 300
2673 -1102.44 300
2674 -1101.8833333333334 300
2675 -1101.9266666666667 300
2676 -1101.7266666666667 300
2677 -1099.62 300
2678 -1098.9633333333334 300
2679 -1097.7066666666667 300
2680 -1097.2566666666667 300
2681 -1096.91 300
2682 -1097.0966666666666 300
2683 -1096.7966666666666 300
2684 -1097.1166666666666 300
2685 -1096.9833333333333 300
2686 -1096.8966666666668 300
2687 -1097.0833333333333 300
2688 -1096.2133333333334 300
2689 -1096.08 300
2690 -1096.1833333333334 300
2691 -1094.2366666666667 300
2692 -1094.2833333333333 300
2693 -1091.6433333333334 300
2694 -1092.6033333333332 300
2695 -1092.62 300
2696 -1092.1866666666667 300
2697 -1092.59 300
2698 -1092.0733333333333 300
2699 -1092.03 300
2700 -1088.6433333333334 300
2701 -1083.4333333333334 300
2702 -1091.68 300
2703 -1090.5366666666666 300
2704 -1089.8233333333333 300
2705 -1089.57 300
2706 -1089.1033333333332 300
2707 -1089.15 300
2708 -1089.1566666666668 300
2709 -1088.38 300
2710 -1088.7233333333334 300
2711 -1089.4966666666667 300
2712 -1089.54 300
2713 -1094.0066666666667 300
2714 -1094.0466666666666 300
2715 -1087.1433333333334 300
2716 -1087.97 300
2717 -1100.2433333333333 300
2718 -1099.9766666666667 300
2719 -1099.2466666666667 300
2720 -1099.2066666666667 300
2721 -1098.9933333333333 300
2722 -1098.9566666666667 300
2723 -1098.9966666666667 300
2724 -1099.1733333333334 300
2725 -1099.61 300
2726 -1097.9133333333334 300
2727 -1097.6066666666666 300
2728 -1096.88 300
2729 -1096.5766666666666 300
2730 -1096.7566666666667 300
2731 -1095.68 300
2732 -1094.8666666666666 300
2733 -1093.6633333333334 300
2734 -1092.5866666666666 300
2735 -1092.1566666666668 300
2736 -1091.39 300
2737 -1091.0933333333332 300
2738 -1098.6866666666667 300
2739 -1101.1333333333334 300
2740 -1100.38 300
2741 -1100.79 300
2742 -1100.7866666666666 300
2743 -1101.1366666666668 300
2744 -1096.49 300
2745 -1095.45 300
2746 -1087.94 300
2747 -1090.53 300
2748 -1091.0933333333332 300
2749 -1092.5533333333333 300
2750 -1093.08 300
2751 -1094.0366666666666 300
2752 -1094.0 300
2753 -1094.3733333333332 300
2754 -1094.34 300
2755 -1094.72 300
2756 -1095.02 300
2757 -1095.9133333333334 300
2758 -1095.38 300
2759 -1089.21 300
2760 -1088.4266666666667 300
2761 -1089.7633333333333 300
2762 -1089.58 300
2763 -1090.32 300
2764 -1090.48 300
2765 -1090.31 300
2766 -1090.0833333333333 300
2767 -1089.9 300
2768 -1099.34 300
2769 -1098.3866666666668 300
2770 -1097.88 300
2771 -1098.1866666666667 300
2772 -1097.45 300
2773 -1097.7566666666667 300
2774 -1097.0233333333333 300
2775 -1096.9033333333334 300
2776 -1096.9966666666667 300
2777 -1096.4766666666667 300
2778 -1096.4833333333333 300
2779 -1096.4566666666667 300
2780 -1097.2833333333333 300
2781 -1097.1 300
2782 -1101.5966666666666 300
2783 -1101.7 300
2784 -1101.5733333333333 300
2785 -1101.5366666666666 300
2786 -1101.7433333333333 300
2787 -1101.5633333333333 300
2788 -1101.1766666666667 300
2789 -1101.0033333333333 300
2790 -1100.7766666666666 300
2791 -1100.7333333333333 300
2792 -1100.34 300
2793 -1100.1633333333334 300
2794 -1099.1266666666668 300
2795 -1099.42 300
2796 -1099.7633333333333 300
2797 -1099.3266666666666 300
2798 -1099.1933333333334 300
2799 -1109.9833333333333 300
2800 -1108.4766666666667 300
2801 -1107.08 300
2802 -1105.05 300
2803 -1111.27 300
2804 -1110.6566666666668 300
2805 -1110.3 300
2806 -1109.33 300
2807 -1109.4066666666668 300
2808 -1109.5433333333333 300
2809 -1108.7133333333334 300
2810 -1106.8333333333333 300
2811 -1106.97 300
2812 -1106.1166666666666 300
2813 -1105.77 300
2814 -1105.5166666666667 300
2815 -1101.26 300
2816 -1101.3966666666668 300
2817 -1100.03 300
2818 -1099.2433333333333 300
2819 -1099.3333333333333 300
2820 -1099.4166666666667 300
2821 -1099.33 300
2822 -1099.6233333333332 300
2823 -1099.9266666666667 300
2824 -1099.9666666666667 300
2825 -1099.1366666666668 300
2826 -1099.57 300
2827 -1099.4666666666667 300
2828 -1097.0733333333333 300
2829 -1096.9466666666667 300
2830 -1097.21 300
2831 -1097.2033333333334 300
2832 -1097.1966666666667 300
2833 -1097.58 300
2834 -1086.4833333333333 300
2835 -1080.6533333333334 300
2836 -1082.1333333333334 300
2837 -1081.0033333333333 300
2838 -1080.6033333333332 300
2839 -1081.7766666666666 300
2840 -1083.0433333333333 300
2841 -1084.9966666666667 300
2842 -1085.7766666666666 300
2843 -1081.7833333333333 300
2844 -1082.1766666666667 300
2845 -1082.87 300
2846 -1084.3866666666668 300
2847 -1085.6533333333334 300
2848 -1082.0966666666666 300
2849 -1082.01 300
2850 -1082.7533333333333 300
2851 -1076.6166666666666 300
2852 -1078.1266666666668 300
2853 -1077.5466666666666 300
2854 -1078.8133333333333 300
2855 -1079.6933333333334 300
2856 -1080.9666666666667 300
2857 -1081.71 300
2858 -1082.89 300
2859 -1084.4633333333334 300
2860 -1085.9933333333333 300
2861 -1086.7733333333333 300
2862 -1087.9033333333334 300
2863 -1088.2033333333334 300
2864 -1087.84 300
2865 -1089.11 300
2866 -1086.09 300
2867 -1085.9466666666667 300
2868 -1077.82 300
2869 -1077.09 300
2870 -1076.8266666666666 300
2871 -1078.3733333333332 300
2872 -1080.08 300
2873 -1081.7366666666667 300
2874 -1082.5166666666667 300
2875 -1084.3633333333332 300
2876 -1086.4133333333334 300
2877 -1079.08 300
2878 -1081.6166666666666 300
2879 -1076.47 300
2880 -1078.2633333333333 300
2881 -1087.0466666666666 300
2882 -1088.7533333333333 300
2883 -1089.48 300
2884 -1104.7133333333334 300
2885 -1108.06 300
2886 -1108.94 300
2887 -1108.9366666666667 300
2888 -1106.66 300
2889 -1107.9666666666667 300
2890 -1108.8 300
2891 -1108.4266666666667 300
2892 -1110.9433333333334 300
2893 -1127.1566666666668 300
2894 -1128.5533333333333 300
2895 -1128.6 300
2896 -1129.3266666666666 300
2897 -1129.0 300
2898 -1129.6966666666667 300
2899 -1131.6866666666667 300
2900 -1128.8533333333332 300
2901 -1124.0733333333333 300
2902 -1118.7166666666667 300
2903 -1105.5833333333333 300
2904 -1092.4233333333334 300
2905 -1094.0333333333333 300
2906 -1095.6366666666668 300
2907 -1097.07 300
2908 -1096.6666666666667 300
2909 -1097.2666666666667 300
2910 -1098.4766666666667 300
2911 -1100.2033333333334 300
2912 -1102.6033333333332 300
2913 -1102.9733333333334 300
2914 -1104.7133333333334 300
2915 -1105.8233333333333 300
2916 -1106.59 300
2917 -1109.7766666666666 300
2918 -1108.7133333333334 300
2919 -1111.5733333333333 300
2920 -1113.9066666666668 300
2921 -1116.5533333333333 300
2922 -1118.2366666666667 300
2923 -1119.0833333333333 300
2924 -1117.1733333333334 300
2925 -1117.23 300
2926 -1118.5633333333333 300
2927 -1119.7366666666667 300
2928 -1120.42 300
2929 -1120.8 300
2930 -1121.5733333333333 300
2931 -1119.4733333333334 300
2932 -1119.9133333333334 300
2933 -1119.92 300
2934 -1120.2733333333333 300
2935 -1121.1666666666667 300
2936 -1120.39 300
2937 -1127.8 300
2938 -1127.97 300
2939 -1127.4833333333333 300
2940 -1128.0 300
2941 -1127.8033333333333 300
2942 -1127.78 300
2943 -1127.8066666666666 300
2944 -1127.8366666666666 300
2945 -1128.5033333333333 300
2946 -1129.0566666666666 300
2947 -1128.9766666666667 300
2948 -1129.43 300
2949 -1129.4466666666667 300
2950 -1129.76 300
2951 -1129.8166666666666 300
2952 -1129.7866666666666 300
2953 -1129.56 300
2954 -1129.9466666666667 300
2955 -1130.8733333333332 300
2956 -1131.5266666666666 300
2957 -1131.18 300
2958 -1131.06 300
2959 -1131.1566666666668 300
2960 -1131.26 300
2961 -1131.48 300
2962 -1128.8533333333332 300
2963 -1128.5566666666666 300
2964 -1127.8766666666668 300
2965 -1127.5066666666667 300
2966 -1127.7766666666666 300
2967 -1128.4866666666667 300
2968 -1128.45 300
2969 -1128.4766666666667 300
2970 -1127.4133333333334 300
2971 -1127.8233333333333 300
2972 -1127.7233333333334 300
2973 -1127.78 300
2974 -1127.78 300
2975 -1127.8 300
2976 -1127.7433333333333 300
2977 -1127.9166666666667 300
2978 -1128.2366666666667 300
2979 -1128.1933333333334 300
2980 -1128.8366666666666 300
2981 -1128.06 300
2982 -1128.1566666666668 300
2983 -1128.7766666666666 300
2984 -1129.1866666666667 300
2985 -1129.85 300
2986 -1128.96 300
2987 -1128.96 300
2988 -1128.7233333333334 300
2989 -1129.2766666666666 300
2990 -1129.6866666666667 300
2991 -1130.68 300
2992 -1131.1733333333334 300
2993 -1130.8233333333333 300
2994 -1131.2266666666667 300
2995 -1131.8633333333332 300
2996 -1132.5066666666667 300
2997 -1132.92 300
2998 -1133.29 300
2999 -1134.1933333333334 300
3000 -1134.1166666666666 300
