570.0 -912.0 
532.0 -873.0 
532.0 -873.0 
553.0 -901.0 
557.0 -909.0 
539.0 -888.0 
551.0 -896.0 
564.0 -911.0 
548.0 -893.0 
537.0 -880.0 
543.0 -890.0 
543.0 -890.0 
562.0 -910.0 
534.0 -874.0 
535.0 -878.0 
537.0 -880.0 
562.0 -910.0 
549.0 -894.0 
549.0 -894.0 
535.0 -878.0 
536.0 -879.0 
534.0 -874.0 
536.0 -879.0 
532.0 -873.0 
537.0 -880.0 
562.0 -910.0 
549.0 -894.0 
535.0 -878.0 
534.0 -874.0 
536.0 -879.0 
532.0 -873.0 
562.0 -910.0 
549.0 -894.0 
535.0 -878.0 
534.0 -874.0 
536.0 -879.0 
562.0 -910.0 
549.0 -894.0 
535.0 -878.0 
534.0 -874.0 
536.0 -879.0 
562.0 -910.0 
549.0 -894.0 
535.0 -878.0 
534.0 -874.0 
536.0 -879.0 
534.0 -874.0 
549.0 -894.0 
535.0 -878.0 
536.0 -879.0 
534.0 -874.0 
549.0 -894.0 
535.0 -878.0 
536.0 -879.0 
534.0 -874.0 
549.0 -894.0 
535.0 -878.0 
536.0 -879.0 
534.0 -874.0 
549.0 -894.0 
535.0 -878.0 
536.0 -879.0 
534.0 -874.0 
535.0 -878.0 
536.0 -879.0 
534.0 -874.0 
535.0 -878.0 
536.0 -879.0 
534.0 -874.0 
535.0 -878.0 
536.0 -879.0 
534.0 -874.0 
536.0 -879.0 
534.0 -874.0 
534.0 -874.0 
536.0 -879.0 
534.0 -874.0 
536.0 -879.0 
534.0 -874.0 
536.0 -879.0 
536.0 -879.0 
536.0 -879.0 
534.0 -874.0 
534.0 -874.0 
536.0 -879.0 
535.0 -878.0 
534.0 -874.0 
535.0 -878.0 
535.0 -878.0 
534.0 -874.0 
536.0 -879.0 
536.0 -879.0 
535.0 -878.0 
534.0 -874.0 
534.0 -874.0 
535.0 -878.0 
534.0 -874.0 
536.0 -879.0 
535.0 -878.0 
536.0 -879.0 
535.0 -878.0 
536.0 -879.0 
534.0 -874.0 
535.0 -878.0 
534.0 -874.0 
534.0 -874.0 
536.0 -879.0 
534.0 -874.0 
536.0 -879.0 
536.0 -879.0 
535.0 -878.0 
534.0 -874.0 
535.0 -878.0 
536.0 -879.0 
535.0 -878.0 
535.0 -878.0 
536.0 -879.0 
536.0 -879.0 
534.0 -874.0 
536.0 -879.0 
535.0 -878.0 
535.0 -878.0 
536.0 -879.0 
535.0 -878.0 
535.0 -878.0 
536.0 -879.0 
535.0 -878.0 
534.0 -874.0 
534.0 -874.0 
534.0 -874.0 
534.0 -874.0 
536.0 -879.0 
535.0 -878.0 
535.0 -878.0 
536.0 -879.0 
536.0 -879.0 
536.0 -879.0 
535.0 -878.0 
534.0 -874.0 
534.0 -874.0 
536.0 -879.0 
534.0 -874.0 
534.0 -874.0 
536.0 -879.0 
535.0 -878.0 
534.0 -874.0 
535.0 -878.0 
535.0 -878.0 
536.0 -879.0 
536.0 -879.0 
536.0 -879.0 
536.0 -879.0 
534.0 -874.0 
535.0 -878.0 
536.0 -879.0 
534.0 -874.0 
536.0 -879.0 
536.0 -879.0 
534.0 -874.0 
535.0 -878.0 
534.0 -874.0 
536.0 -879.0 
536.0 -879.0 
535.0 -878.0 
535.0 -878.0 
536.0 -879.0 
536.0 -879.0 
536.0 -879.0 
536.0 -879.0 
535.0 -878.0 
536.0 -879.0 
535.0 -878.0 
536.0 -879.0 
536.0 -879.0 
534.0 -874.0 
535.0 -878.0 
535.0 -878.0 
536.0 -879.0 
534.0 -874.0 
535.0 -878.0 
536.0 -879.0 
536.0 -879.0 
536.0 -879.0 
536.0 -879.0 
535.0 -878.0 
536.0 -879.0 
536.0 -879.0 
534.0 -874.0 
534.0 -874.0 
536.0 -879.0 
536.0 -879.0 
534.0 -874.0 
536.0 -879.0 
535.0 -878.0 
534.0 -874.0 
534.0 -874.0 
536.0 -879.0 
536.0 -879.0 
535.0 -878.0 
536.0 -879.0 
534.0 -874.0 
536.0 -879.0 
534.0 -874.0 
535.0 -878.0 
535.0 -878.0 
534.0 -874.0 
535.0 -878.0 
535.0 -878.0 
536.0 -879.0 
535.0 -878.0 
535.0 -878.0 
536.0 -879.0 
536.0 -879.0 
536.0 -879.0 
536.0 -879.0 
536.0 -879.0 
536.0 -879.0 
535.0 -878.0 
534.0 -874.0 
534.0 -874.0 
534.0 -874.0 
534.0 -874.0 
536.0 -879.0 
535.0 -878.0 
536.0 -879.0 
534.0 -874.0 
534.0 -874.0 
536.0 -879.0 
534.0 -874.0 
534.0 -874.0 
536.0 -879.0 
536.0 -879.0 
534.0 -874.0 
536.0 -879.0 
535.0 -878.0 
535.0 -878.0 
536.0 -879.0 
534.0 -874.0 
534.0 -874.0 
536.0 -879.0 
536.0 -879.0 
536.0 -879.0 
536.0 -879.0 
535.0 -878.0 
536.0 -879.0 
536.0 -879.0 
536.0 -879.0 
536.0 -879.0 
536.0 -879.0 
536.0 -879.0 
536.0 -879.0 
536.0 -879.0 
536.0 -879.0 
534.0 -874.0 
535.0 -878.0 
536.0 -879.0 
536.0 -879.0 
536.0 -879.0 
536.0 -879.0 
535.0 -878.0 
534.0 -874.0 
535.0 -878.0 
534.0 -874.0 
535.0 -878.0 
536.0 -879.0 
536.0 -879.0 
534.0 -874.0 
535.0 -878.0 
535.0 -878.0 
536.0 -879.0 
536.0 -879.0 
536.0 -879.0 
536.0 -879.0 
536.0 -879.0 
536.0 -879.0 
534.0 -874.0 
534.0 -874.0 
536.0 -879.0 
536.0 -879.0 
536.0 -879.0 
535.0 -878.0 
536.0 -879.0 
535.0 -878.0 
536.0 -879.0 
536.0 -879.0 
534.0 -874.0 
535.0 -878.0 
535.0 -878.0 
536.0 -879.0 
536.0 -879.0 
536.0 -879.0 
536.0 -879.0 
536.0 -879.0 
536.0 -879.0 
534.0 -874.0 
534.0 -874.0 
536.0 -879.0 
535.0 -878.0 
535.0 -878.0 
534.0 -874.0 
