833.0 -822.0 
833.0 -822.0 
865.0 -854.0 
860.0 -850.0 
884.0 -856.0 
855.0 -845.0 
834.0 -829.0 
893.0 -859.0 
884.0 -856.0 
855.0 -845.0 
893.0 -859.0 
865.0 -854.0 
898.0 -861.0 
840.0 -836.0 
898.0 -861.0 
839.0 -835.0 
842.0 -839.0 
841.0 -838.0 
839.0 -835.0 
834.0 -829.0 
841.0 -838.0 
833.0 -822.0 
884.0 -856.0 
855.0 -845.0 
865.0 -854.0 
898.0 -861.0 
841.0 -838.0 
834.0 -829.0 
833.0 -822.0 
855.0 -845.0 
865.0 -854.0 
898.0 -861.0 
834.0 -829.0 
833.0 -822.0 
855.0 -845.0 
865.0 -854.0 
898.0 -861.0 
833.0 -822.0 
855.0 -845.0 
865.0 -854.0 
898.0 -861.0 
833.0 -822.0 
855.0 -845.0 
865.0 -854.0 
898.0 -861.0 
833.0 -822.0 
855.0 -845.0 
865.0 -854.0 
833.0 -822.0 
855.0 -845.0 
865.0 -854.0 
833.0 -822.0 
855.0 -845.0 
865.0 -854.0 
833.0 -822.0 
855.0 -845.0 
865.0 -854.0 
833.0 -822.0 
855.0 -845.0 
865.0 -854.0 
833.0 -822.0 
855.0 -845.0 
865.0 -854.0 
833.0 -822.0 
855.0 -845.0 
865.0 -854.0 
833.0 -822.0 
865.0 -854.0 
833.0 -822.0 
865.0 -854.0 
833.0 -822.0 
865.0 -854.0 
833.0 -822.0 
865.0 -854.0 
833.0 -822.0 
865.0 -854.0 
833.0 -822.0 
865.0 -854.0 
833.0 -822.0 
865.0 -854.0 
833.0 -822.0 
865.0 -854.0 
833.0 -822.0 
865.0 -854.0 
833.0 -822.0 
865.0 -854.0 
833.0 -822.0 
865.0 -854.0 
833.0 -822.0 
865.0 -854.0 
833.0 -822.0 
865.0 -854.0 
833.0 -822.0 
865.0 -854.0 
833.0 -822.0 
865.0 -854.0 
833.0 -822.0 
865.0 -854.0 
833.0 -822.0 
833.0 -822.0 
833.0 -822.0 
865.0 -854.0 
833.0 -822.0 
865.0 -854.0 
833.0 -822.0 
855.0 -845.0 
833.0 -822.0 
833.0 -822.0 
834.0 -829.0 
833.0 -822.0 
865.0 -854.0 
833.0 -822.0 
833.0 -822.0 
834.0 -829.0 
865.0 -854.0 
833.0 -822.0 
833.0 -822.0 
833.0 -822.0 
833.0 -822.0 
833.0 -822.0 
833.0 -822.0 
833.0 -822.0 
865.0 -854.0 
865.0 -854.0 
865.0 -854.0 
865.0 -854.0 
833.0 -822.0 
833.0 -822.0 
833.0 -822.0 
833.0 -822.0 
833.0 -822.0 
865.0 -854.0 
834.0 -829.0 
865.0 -854.0 
833.0 -822.0 
833.0 -822.0 
898.0 -861.0 
833.0 -822.0 
833.0 -822.0 
865.0 -854.0 
833.0 -822.0 
833.0 -822.0 
833.0 -822.0 
833.0 -822.0 
833.0 -822.0 
833.0 -822.0 
833.0 -822.0 
833.0 -822.0 
841.0 -838.0 
865.0 -854.0 
865.0 -854.0 
898.0 -861.0 
898.0 -861.0 
835.0 -831.0 
865.0 -854.0 
833.0 -822.0 
833.0 -822.0 
833.0 -822.0 
884.0 -856.0 
855.0 -845.0 
855.0 -845.0 
833.0 -822.0 
898.0 -861.0 
833.0 -822.0 
833.0 -822.0 
833.0 -822.0 
833.0 -822.0 
833.0 -822.0 
833.0 -822.0 
898.0 -861.0 
833.0 -822.0 
855.0 -845.0 
855.0 -845.0 
833.0 -822.0 
898.0 -861.0 
898.0 -861.0 
833.0 -822.0 
833.0 -822.0 
833.0 -822.0 
833.0 -822.0 
833.0 -822.0 
865.0 -854.0 
865.0 -854.0 
836.0 -833.0 
865.0 -854.0 
898.0 -861.0 
855.0 -845.0 
898.0 -861.0 
865.0 -854.0 
865.0 -854.0 
833.0 -822.0 
833.0 -822.0 
898.0 -861.0 
833.0 -822.0 
833.0 -822.0 
865.0 -854.0 
855.0 -845.0 
903.0 -864.0 
833.0 -822.0 
841.0 -838.0 
833.0 -822.0 
833.0 -822.0 
833.0 -822.0 
884.0 -856.0 
865.0 -854.0 
865.0 -854.0 
865.0 -854.0 
833.0 -822.0 
841.0 -838.0 
855.0 -845.0 
833.0 -822.0 
865.0 -854.0 
884.0 -856.0 
833.0 -822.0 
865.0 -854.0 
833.0 -822.0 
833.0 -822.0 
865.0 -854.0 
865.0 -854.0 
833.0 -822.0 
865.0 -854.0 
898.0 -861.0 
834.0 -829.0 
833.0 -822.0 
833.0 -822.0 
833.0 -822.0 
833.0 -822.0 
833.0 -822.0 
865.0 -854.0 
884.0 -856.0 
833.0 -822.0 
855.0 -845.0 
833.0 -822.0 
833.0 -822.0 
833.0 -822.0 
884.0 -856.0 
865.0 -854.0 
865.0 -854.0 
833.0 -822.0 
837.0 -834.0 
833.0 -822.0 
834.0 -829.0 
833.0 -822.0 
833.0 -822.0 
833.0 -822.0 
833.0 -822.0 
833.0 -822.0 
833.0 -822.0 
865.0 -854.0 
865.0 -854.0 
833.0 -822.0 
833.0 -822.0 
833.0 -822.0 
833.0 -822.0 
833.0 -822.0 
843.0 -841.0 
865.0 -854.0 
836.0 -833.0 
833.0 -822.0 
833.0 -822.0 
834.0 -829.0 
834.0 -829.0 
898.0 -861.0 
865.0 -854.0 
