822.0 -757.0 
893.0 -834.0 
822.0 -757.0 
841.0 -774.0 
845.0 -795.0 
860.0 -806.0 
872.0 -825.0 
884.0 -830.0 
884.0 -830.0 
870.0 -820.0 
865.0 -813.0 
835.0 -768.0 
828.0 -765.0 
850.0 -800.0 
833.0 -766.0 
845.0 -795.0 
846.0 -798.0 
872.0 -825.0 
865.0 -813.0 
855.0 -805.0 
850.0 -800.0 
840.0 -770.0 
868.0 -815.0 
854.0 -804.0 
854.0 -804.0 
838.0 -769.0 
827.0 -762.0 
867.0 -814.0 
824.0 -759.0 
833.0 -766.0 
838.0 -769.0 
868.0 -815.0 
846.0 -798.0 
824.0 -759.0 
828.0 -765.0 
855.0 -805.0 
826.0 -761.0 
825.0 -760.0 
825.0 -760.0 
867.0 -814.0 
840.0 -770.0 
827.0 -762.0 
826.0 -761.0 
822.0 -757.0 
845.0 -795.0 
872.0 -825.0 
850.0 -800.0 
854.0 -804.0 
868.0 -815.0 
838.0 -769.0 
833.0 -766.0 
824.0 -759.0 
828.0 -765.0 
855.0 -805.0 
867.0 -814.0 
840.0 -770.0 
826.0 -761.0 
825.0 -760.0 
827.0 -762.0 
822.0 -757.0 
845.0 -795.0 
872.0 -825.0 
850.0 -800.0 
854.0 -804.0 
838.0 -769.0 
868.0 -815.0 
833.0 -766.0 
824.0 -759.0 
828.0 -765.0 
855.0 -805.0 
840.0 -770.0 
826.0 -761.0 
867.0 -814.0 
827.0 -762.0 
825.0 -760.0 
822.0 -757.0 
845.0 -795.0 
872.0 -825.0 
850.0 -800.0 
854.0 -804.0 
838.0 -769.0 
868.0 -815.0 
833.0 -766.0 
824.0 -759.0 
855.0 -805.0 
826.0 -761.0 
827.0 -762.0 
840.0 -770.0 
867.0 -814.0 
825.0 -760.0 
822.0 -757.0 
845.0 -795.0 
872.0 -825.0 
850.0 -800.0 
854.0 -804.0 
838.0 -769.0 
833.0 -766.0 
868.0 -815.0 
824.0 -759.0 
855.0 -805.0 
827.0 -762.0 
826.0 -761.0 
825.0 -760.0 
840.0 -770.0 
867.0 -814.0 
822.0 -757.0 
845.0 -795.0 
872.0 -825.0 
850.0 -800.0 
854.0 -804.0 
838.0 -769.0 
833.0 -766.0 
868.0 -815.0 
827.0 -762.0 
824.0 -759.0 
855.0 -805.0 
867.0 -814.0 
826.0 -761.0 
840.0 -770.0 
825.0 -760.0 
822.0 -757.0 
845.0 -795.0 
872.0 -825.0 
850.0 -800.0 
854.0 -804.0 
838.0 -769.0 
868.0 -815.0 
833.0 -766.0 
824.0 -759.0 
855.0 -805.0 
827.0 -762.0 
867.0 -814.0 
826.0 -761.0 
840.0 -770.0 
825.0 -760.0 
822.0 -757.0 
845.0 -795.0 
872.0 -825.0 
850.0 -800.0 
854.0 -804.0 
833.0 -766.0 
838.0 -769.0 
868.0 -815.0 
824.0 -759.0 
855.0 -805.0 
827.0 -762.0 
867.0 -814.0 
840.0 -770.0 
825.0 -760.0 
826.0 -761.0 
822.0 -757.0 
845.0 -795.0 
850.0 -800.0 
854.0 -804.0 
833.0 -766.0 
868.0 -815.0 
838.0 -769.0 
824.0 -759.0 
855.0 -805.0 
827.0 -762.0 
826.0 -761.0 
867.0 -814.0 
840.0 -770.0 
825.0 -760.0 
822.0 -757.0 
845.0 -795.0 
850.0 -800.0 
854.0 -804.0 
867.0 -814.0 
833.0 -766.0 
838.0 -769.0 
868.0 -815.0 
824.0 -759.0 
855.0 -805.0 
827.0 -762.0 
826.0 -761.0 
840.0 -770.0 
825.0 -760.0 
822.0 -757.0 
845.0 -795.0 
850.0 -800.0 
854.0 -804.0 
867.0 -814.0 
838.0 -769.0 
833.0 -766.0 
868.0 -815.0 
824.0 -759.0 
855.0 -805.0 
827.0 -762.0 
840.0 -770.0 
825.0 -760.0 
826.0 -761.0 
822.0 -757.0 
845.0 -795.0 
850.0 -800.0 
854.0 -804.0 
867.0 -814.0 
833.0 -766.0 
838.0 -769.0 
868.0 -815.0 
824.0 -759.0 
855.0 -805.0 
827.0 -762.0 
826.0 -761.0 
840.0 -770.0 
825.0 -760.0 
822.0 -757.0 
845.0 -795.0 
850.0 -800.0 
854.0 -804.0 
867.0 -814.0 
838.0 -769.0 
833.0 -766.0 
868.0 -815.0 
824.0 -759.0 
855.0 -805.0 
827.0 -762.0 
826.0 -761.0 
840.0 -770.0 
825.0 -760.0 
822.0 -757.0 
845.0 -795.0 
850.0 -800.0 
854.0 -804.0 
867.0 -814.0 
838.0 -769.0 
868.0 -815.0 
824.0 -759.0 
855.0 -805.0 
827.0 -762.0 
826.0 -761.0 
825.0 -760.0 
840.0 -770.0 
822.0 -757.0 
845.0 -795.0 
850.0 -800.0 
854.0 -804.0 
867.0 -814.0 
868.0 -815.0 
838.0 -769.0 
824.0 -759.0 
855.0 -805.0 
827.0 -762.0 
840.0 -770.0 
825.0 -760.0 
822.0 -757.0 
850.0 -800.0 
854.0 -804.0 
867.0 -814.0 
868.0 -815.0 
838.0 -769.0 
824.0 -759.0 
855.0 -805.0 
827.0 -762.0 
825.0 -760.0 
840.0 -770.0 
822.0 -757.0 
850.0 -800.0 
854.0 -804.0 
867.0 -814.0 
868.0 -815.0 
838.0 -769.0 
824.0 -759.0 
855.0 -805.0 
827.0 -762.0 
840.0 -770.0 
825.0 -760.0 
822.0 -757.0 
850.0 -800.0 
854.0 -804.0 
867.0 -814.0 
838.0 -769.0 
868.0 -815.0 
824.0 -759.0 
855.0 -805.0 
827.0 -762.0 
840.0 -770.0 
825.0 -760.0 
822.0 -757.0 
850.0 -800.0 
854.0 -804.0 
867.0 -814.0 
868.0 -815.0 
838.0 -769.0 
824.0 -759.0 
855.0 -805.0 
840.0 -770.0 
825.0 -760.0 
822.0 -757.0 
850.0 -800.0 
854.0 -804.0 
867.0 -814.0 
838.0 -769.0 
868.0 -815.0 
824.0 -759.0 
855.0 -805.0 
825.0 -760.0 
840.0 -770.0 
822.0 -757.0 
850.0 -800.0 
