249 -953.8066666666666 300
250 -951.1833333333333 300
251 -953.6766666666666 300
252 -957.3633333333333 300
253 -956.5866666666667 300
254 -954.5266666666666 300
255 -951.75 300
256 -946.16 300
257 -946.6466666666666 300
258 -944.9366666666666 300
259 -944.9633333333334 300
260 -944.6733333333333 300
261 -944.55 300
262 -945.37 300
263 -945.22 300
264 -946.1733333333333 300
265 -946.3033333333333 300
266 -946.8233333333334 300
267 -947.04 300
268 -947.43 300
269 -945.1833333333333 300
270 -945.33 300
271 -945.3266666666667 300
272 -945.4233333333333 300
273 -945.3366666666667 300
274 -945.38 300
275 -945.3833333333333 300
276 -945.27 300
277 -945.27 300
278 -945.1433333333333 300
279 -944.7966666666666 300
280 -944.05 300
281 -943.15 300
282 -941.6533333333333 300
283 -938.4933333333333 300
284 -938.31 300
285 -939.5233333333333 300
286 -939.3833333333333 300
287 -936.5333333333333 300
288 -934.0466666666666 300
289 -934.6133333333333 300
290 -935.1433333333333 300
291 -936.48 300
292 -937.7066666666667 300
293 -938.2933333333333 300
294 -939.4466666666667 300
295 -940.6366666666667 300
296 -938.86 300
297 -935.4533333333334 300
298 -933.66 300
299 -933.6766666666666 300
300 -934.05 300
301 -934.23 300
302 -934.3733333333333 300
303 -934.3733333333333 300
304 -934.33 300
305 -934.2566666666667 300
306 -934.1866666666666 300
307 -933.67 300
308 -933.0333333333333 300
309 -930.6933333333334 300
310 -927.92 300
311 -922.5566666666666 300
312 -920.58 300
313 -920.1866666666666 300
314 -922.5066666666667 300
315 -920.32 300
316 -915.5066666666667 300
317 -909.6133333333333 300
318 -912.0133333333333 300
319 -907.2366666666667 300
320 -901.9666666666667 300
321 -901.74 300
322 -901.5133333333333 300
323 -901.3166666666667 300
324 -900.8666666666667 300
325 -900.1866666666666 300
326 -898.7166666666667 300
327 -896.9033333333333 300
328 -892.41 300
329 -885.41 300
330 -885.51 300
331 -884.28 300
332 -876.8 300
333 -869.5666666666667 300
334 -866.07 300
335 -866.33 300
336 -866.8066666666666 300
337 -867.37 300
338 -866.95 300
339 -866.9933333333333 300
340 -867.1233333333333 300
341 -867.38 300
342 -867.5533333333333 300
343 -867.9333333333333 300
344 -868.3566666666667 300
345 -866.43 300
346 -866.4733333333334 300
347 -866.5166666666667 300
348 -866.56 300
349 -866.6033333333334 300
350 -866.3433333333334 300
351 -866.43 300
352 -866.5166666666667 300
353 -866.5166666666667 300
354 -866.56 300
355 -866.6466666666666 300
356 -865.6466666666666 300
357 -865.5166666666667 300
358 -865.5166666666667 300
359 -865.5166666666667 300
360 -865.43 300
361 -865.3433333333334 300
362 -865.2533333333333 300
363 -864.7933333333333 300
364 -864.3 300
365 -863.5233333333333 300
366 -861.9633333333334 300
367 -858.7533333333333 300
368 -857.54 300
369 -856.5433333333333 300
370 -856.5466666666666 300
371 -856.8966666666666 300
372 -855.8133333333334 300
373 -854.08 300
374 -854.08 300
375 -853.9066666666666 300
376 -853.3866666666667 300
377 -853.17 300
378 -852.26 300
379 -851.7833333333333 300
380 -850.57 300
381 -851.0133333333333 300
382 -851.53 300
383 -853.0933333333334 300
384 -855.39 300
385 -855.3033333333333 300
386 -854.1233333333333 300
387 -854.6 300
388 -851.4366666666666 300
389 -852.91 300
390 -848.1566666666666 300
391 -848.88 300
392 -846.2366666666667 300
393 -846.5833333333334 300
394 -845.89 300
395 -843.29 300
396 -843.6366666666667 300
397 -843.6366666666667 300
398 -843.51 300
399 -843.9466666666667 300
400 -844.6066666666667 300
401 -841.6233333333333 300
402 -841.76 300
403 -842.02 300
404 -842.28 300
405 -842.7966666666666 300
406 -844.09 300
407 -846.1466666666666 300
408 -845.5966666666667 300
409 -845.8466666666667 300
410 -847.2766666666666 300
411 -845.0666666666667 300
412 -842.8166666666667 300
413 -844.18 300
414 -844.21 300
415 -843.17 300
416 -844.47 300
417 -845.12 300
418 -846.0866666666667 300
419 -847.3433333333334 300
420 -844.6133333333333 300
421 -841.06 300
422 -839.98 300
423 -840.1666666666666 300
424 -840.1666666666666 300
425 -839.96 300
426 -839.5366666666666 300
427 -839.5366666666666 300
428 -839.3033333333333 300
429 -839.1933333333334 300
430 -839.1533333333333 300
431 -838.7166666666667 300
432 -838.14 300
433 -837.8266666666667 300
434 -837.44 300
435 -836.96 300
436 -835.4133333333333 300
437 -833.7733333333333 300
438 -829.33 300
439 -824.0133333333333 300
440 -816.2833333333333 300
441 -816.4766666666667 300
442 -816.4766666666667 300
443 -816.5733333333334 300
444 -817.02 300
445 -817.2866666666666 300
446 -817.56 300
447 -817.8833333333333 300
448 -818.2966666666666 300
449 -818.68 300
450 -819.1933333333334 300
451 -819.6566666666666 300
452 -815.73 300
453 -815.6866666666666 300
454 -815.8766666666667 300
455 -815.7833333333333 300
456 -815.6966666666667 300
457 -815.57 300
458 -815.4833333333333 300
459 -816.19 300
460 -816.15 300
461 -815.9366666666666 300
462 -815.86 300
463 -813.6033333333334 300
464 -813.7766666666666 300
465 -813.9966666666667 300
466 -814.0 300
467 -814.0166666666667 300
468 -814.5833333333334 300
469 -814.9766666666667 300
470 -814.9133333333333 300
471 -814.5766666666667 300
472 -813.7866666666666 300
473 -812.0333333333333 300
474 -810.0 300
475 -809.1166666666667 300
476 -805.2833333333333 300
477 -800.11 300
478 -807.9266666666666 300
479 -805.6166666666667 300
480 -804.3033333333333 300
481 -805.3533333333334 300
482 -810.53 300
483 -812.8133333333334 300
484 -812.6833333333333 300
485 -812.12 300
486 -810.6733333333333 300
487 -807.0566666666666 300
488 -799.9 300
489 -795.9766666666667 300
490 -787.0166666666667 300
491 -787.8133333333334 300
492 -789.4966666666667 300
493 -791.04 300
494 -793.5866666666667 300
495 -798.2833333333333 300
496 -808.14 300
497 -813.0633333333334 300
498 -812.5633333333334 300
499 -812.58 300
500 -812.7 300
501 -812.6333333333333 300
502 -812.5833333333334 300
503 -812.3933333333333 300
504 -813.55 300
505 -813.2066666666667 300
506 -813.08 300
507 -812.82 300
508 -812.5233333333333 300
509 -812.8233333333334 300
510 -813.7133333333334 300
511 -814.9866666666667 300
512 -817.57 300
513 -820.1366666666667 300
514 -823.1633333333333 300
515 -817.5733333333334 300
516 -815.15 300
517 -816.2966666666666 300
518 -818.0333333333333 300
519 -818.2366666666667 300
520 -818.4633333333334 300
521 -818.14 300
522 -817.98 300
523 -817.1033333333334 300
524 -820.9733333333334 300
525 -825.7566666666667 300
526 -832.0733333333334 300
527 -838.03 300
528 -836.4633333333334 300
529 -831.6933333333334 300
530 -826.48 300
531 -827.42 300
532 -828.7233333333334 300
533 -827.7766666666666 300
534 -825.2966666666666 300
535 -820.7966666666666 300
536 -824.1366666666667 300
537 -820.4033333333333 300
538 -813.84 300
539 -815.4766666666667 300
540 -813.9633333333334 300
541 -815.86 300
542 -813.77 300
543 -814.4866666666667 300
544 -817.27 300
545 -819.7533333333333 300
546 -813.84 300
547 -815.17 300
548 -809.7866666666666 300
549 -822.84 300
550 -819.1333333333333 300
551 -813.74 300
552 -812.53 300
553 -803.4866666666667 300
554 -803.5333333333333 300
555 -804.0633333333334 300
556 -804.2733333333333 300
557 -805.3933333333333 300
558 -806.77 300
559 -808.4733333333334 300
560 -809.19 300
561 -807.45 300
562 -805.4933333333333 300
563 -806.79 300
564 -808.3 300
565 -810.4133333333333 300
566 -812.1133333333333 300
567 -804.2333333333333 300
568 -805.14 300
569 -806.2266666666667 300
570 -806.7133333333334 300
571 -807.9633333333334 300
572 -810.0866666666667 300
573 -812.9566666666667 300
574 -807.52 300
575 -803.9733333333334 300
576 -804.0933333333334 300
577 -804.35 300
578 -804.2166666666667 300
579 -804.3633333333333 300
580 -804.5166666666667 300
581 -803.53 300
582 -803.1033333333334 300
583 -802.5 300
584 -802.37 300
585 -800.72 300
586 -799.06 300
587 -795.1666666666666 300
588 -794.56 300
589 -794.8 300
590 -794.8733333333333 300
591 -794.38 300
592 -792.3033333333333 300
593 -792.2933333333333 300
594 -792.2866666666666 300
595 -792.2833333333333 300
596 -792.4233333333333 300
597 -792.61 300
598 -792.28 300
599 -791.7233333333334 300
600 -789.4333333333333 300
601 -789.4366666666666 300
602 -789.44 300
603 -786.9633333333334 300
604 -787.0666666666667 300
605 -787.0666666666667 300
606 -787.07 300
607 -787.1133333333333 300
608 -787.2466666666667 300
609 -787.4433333333334 300
610 -787.5633333333334 300
611 -787.4866666666667 300
612 -786.71 300
613 -786.6766666666666 300
614 -786.7633333333333 300
615 -786.87 300
616 -787.01 300
617 -787.1733333333333 300
618 -787.9533333333334 300
619 -789.5166666666667 300
620 -791.84 300
621 -795.2 300
622 -799.2433333333333 300
623 -799.64 300
624 -800.39 300
625 -801.4666666666667 300
626 -803.57 300
627 -807.9766666666667 300
628 -808.72 300
629 -809.5666666666667 300
630 -808.7666666666667 300
631 -808.1566666666666 300
632 -804.79 300
633 -801.3233333333334 300
634 -801.0 300
635 -800.9233333333333 300
636 -800.1333333333333 300
637 -799.2966666666666 300
638 -798.01 300
639 -792.7066666666667 300
640 -792.57 300
641 -783.15 300
642 -783.15 300
643 -783.1933333333334 300
644 -783.2966666666666 300
645 -783.34 300
646 -783.4466666666667 300
647 -783.49 300
648 -783.4933333333333 300
649 -783.66 300
650 -783.6866666666666 300
651 -783.5066666666667 300
652 -783.5966666666667 300
653 -783.4066666666666 300
654 -783.32 300
655 -783.32 300
656 -783.2333333333333 300
657 -783.1433333333333 300
658 -782.8733333333333 300
659 -782.47 300
660 -782.8133333333334 300
661 -783.3 300
662 -783.34 300
663 -783.3233333333334 300
664 -783.33 300
665 -783.3233333333334 300
666 -783.1733333333333 300
667 -782.8466666666667 300
668 -782.7333333333333 300
669 -782.6966666666667 300
670 -782.7766666666666 300
671 -783.0066666666667 300
672 -783.15 300
673 -783.4433333333334 300
674 -783.4866666666667 300
675 -783.65 300
676 -783.8566666666667 300
677 -784.04 300
678 -784.0066666666667 300
679 -783.94 300
680 -783.87 300
681 -783.94 300
682 -784.01 300
683 -784.1833333333333 300
684 -784.19 300
685 -784.2533333333333 300
686 -784.2166666666667 300
687 -781.37 300
688 -781.3733333333333 300
689 -781.3766666666667 300
690 -781.3766666666667 300
691 -781.4233333333333 300
692 -780.93 300
693 -780.93 300
694 -780.2433333333333 300
695 -780.2433333333333 300
696 -780.2866666666666 300
697 -780.2866666666666 300
698 -780.2866666666666 300
699 -780.46 300
700 -780.72 300
701 -781.0266666666666 300
702 -781.5566666666666 300
703 -782.5666666666667 300
704 -780.28 300
705 -780.1866666666666 300
706 -780.1633333333333 300
707 -780.1633333333333 300
708 -780.1666666666666 300
709 -780.1233333333333 300
710 -780.08 300
711 -780.0366666666666 300
712 -779.8666666666667 300
713 -779.6933333333334 300
714 -779.3533333333334 300
715 -778.96 300
716 -778.2633333333333 300
717 -777.2666666666667 300
718 -779.9733333333334 300
719 -779.9633333333334 300
720 -779.92 300
721 -779.6166666666667 300
722 -779.01 300
723 -778.4033333333333 300
724 -777.0166666666667 300
725 -773.6366666666667 300
726 -770.2566666666667 300
727 -770.2566666666667 300
728 -770.3 300
729 -768.5666666666667 300
730 -768.61 300
731 -768.6633333333333 300
732 -768.7933333333333 300
733 -768.8366666666667 300
734 -768.5733333333334 300
735 -768.39 300
736 -768.39 300
737 -768.3033333333333 300
738 -768.1733333333333 300
739 -767.9133333333333 300
740 -767.3066666666666 300
741 -765.8233333333334 300
742 -766.5833333333334 300
743 -767.2366666666667 300
744 -767.0766666666667 300
745 -767.0333333333333 300
746 -766.7933333333333 300
747 -767.6966666666667 300
748 -766.5166666666667 300
749 -766.3866666666667 300
750 -766.2766666666666 300
751 -766.19 300
752 -766.2533333333333 300
753 -766.22 300
754 -765.4066666666666 300
755 -765.98 300
756 -764.3766666666667 300
757 -764.3333333333334 300
758 -764.29 300
759 -764.29 300
760 -764.2466666666667 300
761 -764.2033333333334 300
762 -761.7666666666667 300
763 -757.2733333333333 300
764 -755.0866666666667 300
765 -754.2666666666667 300
766 -754.2666666666667 300
767 -754.3666666666667 300
768 -754.6133333333333 300
769 -754.9133333333333 300
770 -756.36 300
771 -758.6433333333333 300
772 -763.4466666666667 300
773 -773.5366666666666 300
774 -780.2 300
775 -779.7333333333333 300
776 -781.6633333333333 300
777 -781.4366666666666 300
778 -782.3033333333333 300
779 -781.9766666666667 300
780 -781.7066666666667 300
781 -781.3966666666666 300
782 -781.13 300
783 -780.7633333333333 300
784 -780.24 300
785 -779.7166666666667 300
786 -779.2933333333333 300
787 -776.55 300
788 -772.6833333333333 300
789 -765.9566666666667 300
790 -763.21 300
791 -763.2966666666666 300
792 -760.84 300
793 -760.8866666666667 300
794 -761.72 300
795 -758.99 300
796 -759.5333333333333 300
797 -759.3733333333333 300
798 -759.45 300
799 -759.7866666666666 300
800 -759.92 300
801 -760.5 300
802 -760.82 300
803 -761.1633333333333 300
804 -761.7033333333334 300
805 -761.7533333333333 300
806 -761.7633333333333 300
807 -763.08 300
808 -764.4233333333333 300
809 -764.3066666666666 300
810 -764.1833333333333 300
811 -763.9766666666667 300
812 -764.8133333333334 300
813 -764.1166666666667 300
814 -764.04 300
815 -764.0 300
816 -763.8366666666667 300
817 -763.7166666666667 300
818 -763.6766666666666 300
819 -763.6 300
820 -763.5633333333334 300
821 -763.4466666666667 300
822 -764.4033333333333 300
823 -764.45 300
824 -764.4566666666667 300
825 -764.3333333333334 300
826 -764.3833333333333 300
827 -764.2633333333333 300
828 -765.1566666666666 300
829 -765.0766666666667 300
830 -764.9933333333333 300
831 -764.9533333333334 300
832 -764.83 300
833 -764.71 300
834 -765.5466666666666 300
835 -765.4266666666666 300
836 -764.86 300
837 -764.33 300
838 -763.35 300
839 -761.6933333333334 300
840 -758.46 300
841 -756.1133333333333 300
842 -755.9466666666667 300
843 -755.9466666666667 300
844 -755.86 300
845 -755.9 300
846 -755.7833333333333 300
847 -755.54 300
848 -755.2866666666666 300
849 -755.33 300
850 -755.3333333333334 300
851 -755.3333333333334 300
852 -755.3766666666667 300
853 -755.3766666666667 300
854 -755.38 300
855 -755.38 300
856 -755.4233333333333 300
857 -755.5833333333334 300
858 -755.47 300
859 -755.4766666666667 300
860 -755.48 300
861 -755.48 300
862 -755.4866666666667 300
863 -755.49 300
864 -755.6333333333333 300
865 -755.6333333333333 300
866 -755.7666666666667 300
867 -755.6333333333333 300
868 -755.6333333333333 300
869 -755.6333333333333 300
870 -755.6366666666667 300
871 -755.64 300
872 -755.64 300
873 -755.64 300
874 -755.6433333333333 300
875 -755.6433333333333 300
876 -754.1733333333333 300
877 -754.13 300
878 -754.1333333333333 300
879 -754.1333333333333 300
880 -754.18 300
881 -754.2266666666667 300
882 -754.2333333333333 300
883 -754.2366666666667 300
884 -754.3233333333334 300
885 -754.37 300
886 -754.5033333333333 300
887 -754.5033333333333 300
888 -754.46 300
889 -754.3733333333333 300
890 -754.1166666666667 300
891 -753.7733333333333 300
892 -752.8766666666667 300
893 -750.8866666666667 300
894 -746.51 300
895 -747.3833333333333 300
896 -748.4866666666667 300
897 -749.8333333333334 300
898 -749.9233333333333 300
899 -745.6833333333333 300
900 -744.8666666666667 300
901 -745.0066666666667 300
902 -744.8366666666667 300
903 -744.9766666666667 300
904 -744.94 300
905 -744.6633333333333 300
906 -744.0533333333333 300
907 -744.1466666666666 300
908 -744.1466666666666 300
909 -744.1933333333334 300
910 -744.4766666666667 300
911 -744.4266666666666 300
912 -744.5666666666667 300
913 -743.43 300
914 -743.5233333333333 300
915 -743.6166666666667 300
916 -743.7133333333334 300
917 -743.8066666666666 300
918 -744.0833333333334 300
919 -744.18 300
920 -744.46 300
921 -744.5833333333334 300
922 -744.89 300
923 -745.4066666666666 300
924 -746.0133333333333 300
925 -746.9 300
926 -748.25 300
927 -750.16 300
928 -752.5333333333333 300
929 -754.86 300
930 -755.04 300
931 -755.0466666666666 300
932 -755.0466666666666 300
933 -755.0033333333333 300
934 -755.0033333333333 300
935 -755.0033333333333 300
936 -754.9566666666667 300
937 -754.8233333333334 300
938 -754.5533333333333 300
939 -755.2433333333333 300
940 -755.24 300
941 -755.1533333333333 300
942 -755.46 300
943 -755.4633333333334 300
944 -755.5633333333334 300
945 -755.5633333333334 300
946 -755.5633333333334 300
947 -755.1933333333334 300
948 -755.1933333333334 300
949 -755.2366666666667 300
950 -755.2366666666667 300
951 -755.18 300
952 -755.18 300
953 -755.18 300
954 -755.2933333333333 300
955 -755.2933333333333 300
956 -755.2233333333334 300
957 -755.2233333333334 300
958 -755.2666666666667 300
959 -755.2666666666667 300
960 -755.2666666666667 300
961 -755.2233333333334 300
962 -755.2233333333334 300
963 -755.2233333333334 300
964 -755.2233333333334 300
965 -755.1366666666667 300
966 -755.18 300
967 -755.18 300
968 -755.18 300
969 -755.18 300
970 -755.18 300
971 -755.18 300
972 -755.18 300
973 -755.18 300
974 -755.18 300
975 -755.18 300
976 -755.18 300
977 -755.18 300
978 -755.18 300
979 -755.18 300
980 -755.18 300
981 -755.18 300
982 -755.18 300
983 -755.18 300
984 -755.18 300
985 -755.1766666666666 300
986 -755.1766666666666 300
987 -755.1766666666666 300
988 -755.1766666666666 300
989 -755.1766666666666 300
990 -755.1766666666666 300
991 -755.18 300
992 -755.1833333333333 300
993 -755.1833333333333 300
994 -755.18 300
995 -755.18 300
996 -755.18 300
997 -755.18 300
998 -755.1766666666666 300
999 -755.1766666666666 300
1000 -755.1766666666666 300
1001 -755.22 300
1002 -755.2633333333333 300
1003 -755.2633333333333 300
1004 -755.2633333333333 300
1005 -755.22 300
1006 -755.1766666666666 300
1007 -755.1766666666666 300
1008 -755.2633333333333 300
1009 -755.3166666666667 300
1010 -755.23 300
1011 -755.0566666666666 300
1012 -754.83 300
1013 -754.7866666666666 300
1014 -755.22 300
1015 -755.1766666666666 300
1016 -755.1333333333333 300
1017 -754.96 300
1018 -754.7866666666666 300
1019 -754.74 300
1020 -754.4366666666666 300
1021 -753.9166666666666 300
1022 -753.7866666666666 300
1023 -752.4866666666667 300
1024 -750.2 300
1025 -749.28 300
1026 -749.4533333333334 300
1027 -749.6266666666667 300
1028 -749.8866666666667 300
1029 -749.7133333333334 300
1030 -749.8866666666667 300
1031 -749.9733333333334 300
1032 -750.06 300
1033 -750.2766666666666 300
1034 -750.3633333333333 300
1035 -750.45 300
1036 -750.4933333333333 300
1037 -750.6666666666666 300
1038 -751.0133333333333 300
1039 -751.1866666666666 300
1040 -751.23 300
1041 -751.4466666666667 300
1042 -751.6633333333333 300
1043 -748.5866666666667 300
1044 -748.4566666666667 300
1045 -748.5866666666667 300
1046 -748.8033333333333 300
1047 -749.8866666666667 300
1048 -751.1433333333333 300
1049 -750.45 300
1050 -750.71 300
1051 -751.4033333333333 300
1052 -752.3133333333334 300
1053 -753.2233333333334 300
1054 -754.3066666666666 300
1055 -754.7833333333333 300
1056 -754.74 300
1057 -754.6966666666667 300
1058 -754.5666666666667 300
1059 -754.4366666666666 300
1060 -754.3933333333333 300
1061 -754.3066666666666 300
1062 -753.8766666666667 300
1063 -753.4 300
1064 -752.6633333333333 300
1065 -752.2733333333333 300
1066 -752.2733333333333 300
1067 -752.1866666666666 300
1068 -752.23 300
1069 -750.7566666666667 300
1070 -748.2 300
1071 -746.6833333333333 300
1072 -746.77 300
1073 -746.9433333333334 300
1074 -746.9866666666667 300
1075 -747.1166666666667 300
1076 -747.2033333333334 300
1077 -747.3766666666667 300
1078 -747.42 300
1079 -747.5066666666667 300
1080 -747.55 300
1081 -747.81 300
1082 -747.9833333333333 300
1083 -748.1566666666666 300
1084 -748.5466666666666 300
1085 -749.37 300
1086 -750.0633333333334 300
1087 -751.1033333333334 300
1088 -748.5033333333333 300
1089 -747.55 300
1090 -747.94 300
1091 -748.33 300
1092 -748.9366666666666 300
1093 -748.2433333333333 300
1094 -748.5933333333334 300
1095 -749.1166666666667 300
1096 -749.8966666666666 300
1097 -750.8066666666666 300
1098 -751.8066666666666 300
1099 -749.3033333333333 300
1100 -750.0033333333333 300
1101 -751.2266666666667 300
1102 -751.6633333333333 300
1103 -753.71 300
1104 -754.8933333333333 300
1105 -754.85 300
1106 -754.5266666666666 300
1107 -753.87 300
1108 -755.5433333333333 300
1109 -755.5033333333333 300
1110 -755.4633333333334 300
1111 -755.3833333333333 300
1112 -755.4333333333333 300
1113 -755.4866666666667 300
1114 -755.4066666666666 300
1115 -754.7033333333334 300
1116 -753.57 300
1117 -753.4433333333334 300
1118 -754.13 300
1119 -755.1233333333333 300
1120 -755.3333333333334 300
1121 -755.5 300
1122 -755.59 300
1123 -755.7166666666667 300
1124 -755.8433333333334 300
1125 -756.0133333333333 300
1126 -756.14 300
1127 -756.2266666666667 300
1128 -756.3133333333334 300
1129 -756.3966666666666 300
1130 -756.5233333333333 300
1131 -756.65 300
1132 -756.6933333333334 300
1133 -756.5433333333333 300
1134 -756.6266666666667 300
1135 -756.7566666666667 300
1136 -756.76 300
1137 -756.8066666666666 300
1138 -756.9366666666666 300
1139 -756.5466666666666 300
1140 -756.55 300
1141 -756.59 300
1142 -756.5033333333333 300
1143 -756.5966666666667 300
1144 -756.5166666666667 300
1145 -756.35 300
1146 -756.3466666666667 300
1147 -756.1833333333333 300
1148 -756.14 300
1149 -756.1333333333333 300
1150 -756.1033333333334 300
1151 -756.11 300
1152 -756.1966666666667 300
1153 -756.2433333333333 300
1154 -756.29 300
1155 -756.3366666666667 300
1156 -756.38 300
1157 -756.38 300
1158 -756.3566666666667 300
1159 -756.44 300
1160 -756.4866666666667 300
1161 -756.5333333333333 300
1162 -756.5766666666667 300
1163 -756.5766666666667 300
1164 -756.5766666666667 300
1165 -756.5766666666667 300
1166 -756.62 300
1167 -756.5666666666667 300
1168 -756.7 300
1169 -756.7433333333333 300
1170 -756.91 300
1171 -756.9066666666666 300
1172 -756.9066666666666 300
1173 -756.99 300
1174 -757.1166666666667 300
1175 -757.1166666666667 300
1176 -757.16 300
1177 -757.2433333333333 300
1178 -756.4033333333333 300
1179 -756.6066666666667 300
1180 -756.65 300
1181 -756.6466666666666 300
1182 -756.6033333333334 300
1183 -756.6466666666666 300
1184 -756.5433333333333 300
1185 -756.3033333333333 300
1186 -756.4266666666666 300
1187 -756.4733333333334 300
1188 -756.64 300
1189 -756.6466666666666 300
1190 -756.7333333333333 300
1191 -756.74 300
1192 -756.48 300
1193 -756.5633333333334 300
1194 -756.77 300
1195 -756.8566666666667 300
1196 -756.6866666666666 300
1197 -756.81 300
1198 -756.8066666666666 300
1199 -756.8433333333334 300
1200 -756.8366666666667 300
1201 -756.8766666666667 300
1202 -756.9166666666666 300
1203 -756.9166666666666 300
1204 -756.9133333333333 300
1205 -758.5266666666666 300
1206 -758.53 300
1207 -758.7666666666667 300
1208 -758.9466666666667 300
1209 -758.9933333333333 300
1210 -759.0833333333334 300
1211 -759.1266666666667 300
1212 -759.1766666666666 300
1213 -759.2266666666667 300
1214 -759.2733333333333 300
1215 -759.2766666666666 300
1216 -759.2833333333333 300
1217 -759.2466666666667 300
1218 -758.6066666666667 300
1219 -758.6033333333334 300
1220 -758.5633333333334 300
1221 -758.5266666666666 300
1222 -758.53 300
1223 -758.4433333333334 300
1224 -758.3533333333334 300
1225 -758.2633333333333 300
1226 -758.1333333333333 300
1227 -758.2766666666666 300
1228 -758.3233333333334 300
1229 -758.29 300
1230 -758.2933333333333 300
1231 -758.1566666666666 300
1232 -758.0666666666667 300
1233 -757.94 300
1234 -758.1 300
1235 -758.1866666666666 300
1236 -758.32 300
1237 -758.2333333333333 300
1238 -758.0633333333334 300
1239 -757.89 300
1240 -757.6733333333333 300
1241 -757.46 300
1242 -757.2866666666666 300
1243 -757.3366666666667 300
1244 -757.1633333333333 300
1245 -757.0266666666666 300
1246 -757.0166666666667 300
1247 -756.94 300
1248 -757.0166666666667 300
1249 -756.9666666666667 300
1250 -756.92 300
1251 -756.9166666666666 300
1252 -756.91 300
1253 -756.8233333333334 300
1254 -756.8166666666667 300
1255 -756.8133333333334 300
1256 -756.8533333333334 300
1257 -756.8466666666667 300
1258 -756.8033333333333 300
1259 -756.84 300
1260 -756.8433333333334 300
1261 -756.8 300
1262 -756.7966666666666 300
1263 -756.7933333333333 300
1264 -756.7933333333333 300
1265 -756.75 300
1266 -756.7933333333333 300
1267 -756.75 300
1268 -756.7966666666666 300
1269 -756.8 300
1270 -756.8 300
1271 -756.8833333333333 300
1272 -756.8833333333333 300
1273 -756.8433333333334 300
1274 -756.8466666666667 300
1275 -756.8433333333334 300
1276 -756.8466666666667 300
1277 -756.9 300
1278 -756.9 300
1279 -756.9033333333333 300
1280 -756.9466666666667 300
1281 -756.91 300
1282 -756.9666666666667 300
1283 -756.9333333333333 300
1284 -756.94 300
1285 -756.9433333333334 300
1286 -756.99 300
1287 -756.8633333333333 300
1288 -756.91 300
1289 -755.5066666666667 300
1290 -754.8833333333333 300
1291 -754.76 300
1292 -756.8633333333333 300
1293 -756.9133333333333 300
1294 -756.49 300
1295 -755.8866666666667 300
1296 -755.85 300
1297 -755.8533333333334 300
1298 -755.9733333333334 300
1299 -756.0266666666666 300
1300 -756.0366666666666 300
1301 -756.1866666666666 300
1302 -756.2166666666667 300
1303 -756.1666666666666 300
1304 -756.1366666666667 300
1305 -756.1333333333333 300
1306 -756.0833333333334 300
1307 -755.95 300
1308 -755.95 300
1309 -755.9133333333333 300
1310 -755.9133333333333 300
1311 -755.8766666666667 300
1312 -755.5866666666667 300
1313 -755.62 300
1314 -755.5766666666667 300
1315 -755.58 300
1316 -755.53 300
1317 -755.5366666666666 300
1318 -755.4 300
1319 -755.0166666666667 300
1320 -756.7466666666667 300
1321 -756.7466666666667 300
1322 -756.79 300
1323 -756.79 300
1324 -756.83 300
1325 -756.91 300
1326 -756.9066666666666 300
1327 -756.4366666666666 300
1328 -756.44 300
1329 -756.3966666666666 300
1330 -756.3566666666667 300
1331 -756.3933333333333 300
1332 -756.4433333333334 300
1333 -756.4066666666666 300
1334 -756.4033333333333 300
1335 -756.3633333333333 300
1336 -756.3233333333334 300
1337 -756.2733333333333 300
1338 -756.3066666666666 300
1339 -756.0666666666667 300
1340 -755.75 300
1341 -755.1466666666666 300
1342 -754.6566666666666 300
1343 -753.8633333333333 300
1344 -753.4966666666667 300
1345 -753.5833333333334 300
1346 -753.7533333333333 300
1347 -753.7566666666667 300
1348 -753.76 300
1349 -753.9 300
1350 -753.9033333333333 300
1351 -753.9066666666666 300
1352 -754.0733333333334 300
1353 -754.08 300
1354 -754.16 300
1355 -754.2 300
1356 -754.2466666666667 300
1357 -754.21 300
1358 -754.1733333333333 300
1359 -754.4433333333334 300
1360 -753.9266666666666 300
1361 -756.0666666666667 300
1362 -756.6666666666666 300
1363 -756.6733333333333 300
1364 -756.68 300
1365 -756.6433333333333 300
1366 -756.65 300
1367 -756.6133333333333 300
1368 -756.66 300
1369 -756.6833333333333 300
1370 -756.6166666666667 300
1371 -756.4866666666667 300
1372 -756.4933333333333 300
1373 -756.5366666666666 300
1374 -756.4 300
1375 -756.3966666666666 300
1376 -756.41 300
1377 -756.4133333333333 300
1378 -756.3366666666667 300
1379 -756.34 300
1380 -756.39 300
1381 -756.3933333333333 300
1382 -756.35 300
1383 -756.3933333333333 300
1384 -756.31 300
1385 -756.2766666666666 300
1386 -756.2466666666667 300
1387 -756.2 300
1388 -756.19 300
1389 -756.1266666666667 300
1390 -755.4266666666666 300
1391 -755.46 300
1392 -755.3433333333334 300
1393 -755.4733333333334 300
1394 -755.5633333333334 300
1395 -755.6033333333334 300
1396 -755.09 300
1397 -755.14 300
1398 -755.15 300
1399 -754.7966666666666 300
1400 -754.3566666666667 300
1401 -754.4333333333333 300
1402 -754.4366666666666 300
1403 -753.1366666666667 300
1404 -753.35 300
1405 -753.3866666666667 300
1406 -753.47 300
1407 -753.7166666666667 300
1408 -754.01 300
1409 -754.09 300
1410 -754.3 300
1411 -754.4733333333334 300
1412 -754.8 300
1413 -754.5433333333333 300
1414 -754.4 300
1415 -754.3 300
1416 -753.52 300
1417 -753.8133333333334 300
1418 -753.9433333333334 300
1419 -754.0633333333334 300
1420 -754.0966666666667 300
1421 -754.1666666666666 300
1422 -754.1033333333334 300
1423 -754.0433333333333 300
1424 -753.99 300
1425 -754.0566666666666 300
1426 -753.5933333333334 300
1427 -753.8 300
1428 -753.7433333333333 300
1429 -753.67 300
1430 -753.6166666666667 300
1431 -753.7666666666667 300
1432 -753.8433333333334 300
1433 -753.8733333333333 300
1434 -753.8266666666667 300
1435 -753.86 300
1436 -753.9766666666667 300
1437 -753.9333333333333 300
1438 -754.05 300
1439 -754.0066666666667 300
1440 -754.0866666666667 300
1441 -753.79 300
1442 -753.9466666666667 300
1443 -754.2366666666667 300
1444 -754.5233333333333 300
1445 -754.6433333333333 300
1446 -754.5933333333334 300
1447 -754.5433333333333 300
1448 -754.6566666666666 300
1449 -754.6433333333333 300
1450 -754.6766666666666 300
1451 -754.6633333333333 300
1452 -754.6966666666667 300
1453 -754.69 300
1454 -754.65 300
1455 -754.5233333333333 300
1456 -754.5633333333334 300
1457 -754.5233333333333 300
1458 -754.9633333333334 300
1459 -755.0866666666667 300
1460 -755.0433333333333 300
1461 -755.08 300
1462 -754.7166666666667 300
1463 -754.84 300
1464 -754.8466666666667 300
1465 -754.4266666666666 300
1466 -754.4233333333333 300
1467 -753.96 300
1468 -754.05 300
1469 -754.5033333333333 300
1470 -754.7166666666667 300
1471 -754.0233333333333 300
1472 -754.7966666666666 300
1473 -755.08 300
1474 -755.2366666666667 300
1475 -755.17 300
1476 -755.1766666666666 300
1477 -756.8033333333333 300
1478 -756.74 300
1479 -757.1966666666667 300
1480 -757.0966666666667 300
1481 -757.1166666666667 300
1482 -757.21 300
1483 -757.2166666666667 300
1484 -757.13 300
1485 -757.0066666666667 300
1486 -756.7966666666666 300
1487 -755.96 300
1488 -755.79 300
1489 -755.5833333333334 300
1490 -755.33 300
1491 -754.6766666666666 300
1492 -754.2933333333333 300
1493 -754.13 300
1494 -754.2 300
1495 -754.16 300
1496 -752.6866666666666 300
1497 -751.4433333333334 300
1498 -751.7233333333334 300
1499 -751.8033333333333 300
1500 -751.9133333333333 300
1501 -752.2233333333334 300
1502 -750.2966666666666 300
1503 -750.4533333333334 300
1504 -750.13 300
1505 -750.3266666666667 300
1506 -750.4433333333334 300
1507 -750.5233333333333 300
1508 -751.2266666666667 300
1509 -751.7466666666667 300
1510 -753.0166666666667 300
1511 -754.4 300
1512 -756.3633333333333 300
1513 -756.8166666666667 300
1514 -756.6633333333333 300
1515 -756.51 300
1516 -756.5666666666667 300
1517 -756.2833333333333 300
1518 -756.29 300
1519 -756.29 300
1520 -756.31 300
1521 -756.2033333333334 300
1522 -756.1733333333333 300
1523 -756.1933333333334 300
1524 -756.1933333333334 300
1525 -756.23 300
1526 -757.18 300
1527 -757.1866666666666 300
1528 -757.19 300
1529 -757.2266666666667 300
1530 -757.1933333333334 300
1531 -757.17 300
1532 -757.1933333333334 300
1533 -757.2533333333333 300
1534 -757.3733333333333 300
1535 -757.4366666666666 300
1536 -757.44 300
1537 -757.4866666666667 300
1538 -757.5066666666667 300
1539 -757.46 300
1540 -757.4933333333333 300
1541 -757.5833333333334 300
1542 -758.0466666666666 300
1543 -758.13 300
1544 -758.19 300
1545 -758.16 300
1546 -758.1633333333333 300
1547 -758.14 300
1548 -758.2033333333334 300
1549 -758.1666666666666 300
1550 -758.1766666666666 300
1551 -758.2366666666667 300
1552 -758.31 300
1553 -758.4566666666667 300
1554 -758.4233333333333 300
1555 -758.5233333333333 300
1556 -758.3533333333334 300
1557 -758.4 300
1558 -758.47 300
1559 -758.2566666666667 300
1560 -757.8433333333334 300
1561 -757.2166666666667 300
1562 -757.2533333333333 300
1563 -757.4266666666666 300
1564 -753.74 300
1565 -752.2666666666667 300
1566 -752.3 300
1567 -752.41 300
1568 -752.5633333333334 300
1569 -752.6833333333333 300
1570 -751.1166666666667 300
1571 -751.28 300
1572 -751.4 300
1573 -751.4733333333334 300
1574 -751.5933333333334 300
1575 -750.4333333333333 300
1576 -750.5966666666667 300
1577 -750.7566666666667 300
1578 -750.96 300
1579 -751.13 300
1580 -751.2066666666667 300
1581 -751.2933333333333 300
1582 -752.02 300
1583 -752.7266666666667 300
1584 -751.6833333333333 300
1585 -752.33 300
1586 -753.1266666666667 300
1587 -754.14 300
1588 -755.0966666666667 300
1589 -755.0433333333333 300
1590 -755.0833333333334 300
1591 -755.04 300
1592 -754.9866666666667 300
1593 -755.11 300
1594 -755.2233333333334 300
1595 -755.3366666666667 300
1596 -755.2566666666667 300
1597 -755.2966666666666 300
1598 -755.33 300
1599 -755.28 300
1600 -755.3866666666667 300
1601 -755.4166666666666 300
1602 -755.3666666666667 300
1603 -754.48 300
1604 -753.16 300
1605 -751.8733333333333 300
1606 -751.9933333333333 300
1607 -752.16 300
1608 -753.2566666666667 300
1609 -753.7433333333333 300
1610 -753.95 300
1611 -754.1133333333333 300
1612 -754.32 300
1613 -754.4 300
1614 -754.4866666666667 300
1615 -754.6166666666667 300
1616 -754.71 300
1617 -753.46 300
1618 -753.4633333333334 300
1619 -753.5866666666667 300
1620 -753.7166666666667 300
1621 -752.67 300
1622 -753.2266666666667 300
1623 -754.0333333333333 300
1624 -755.9333333333333 300
1625 -756.5133333333333 300
1626 -756.4133333333333 300
1627 -756.3833333333333 300
1628 -756.2666666666667 300
1629 -755.99 300
1630 -755.86 300
1631 -755.77 300
1632 -755.7133333333334 300
1633 -755.61 300
1634 -755.8066666666666 300
1635 -755.7333333333333 300
1636 -755.3 300
1637 -754.43 300
1638 -755.2966666666666 300
1639 -755.3633333333333 300
1640 -754.5466666666666 300
1641 -754.48 300
1642 -755.47 300
1643 -755.4466666666667 300
1644 -755.2433333333333 300
1645 -755.05 300
1646 -754.66 300
1647 -754.1466666666666 300
1648 -753.1833333333333 300
1649 -751.9833333333333 300
1650 -750.9666666666667 300
1651 -750.9966666666667 300
1652 -751.11 300
1653 -751.4 300
1654 -751.4466666666667 300
1655 -751.56 300
1656 -751.6366666666667 300
1657 -751.7133333333334 300
1658 -751.7566666666667 300
1659 -751.87 300
1660 -751.9833333333333 300
1661 -752.1366666666667 300
1662 -752.16 300
1663 -752.1866666666666 300
1664 -752.2 300
1665 -752.26 300
1666 -752.4966666666667 300
1667 -752.5566666666666 300
1668 -752.75 300
1669 -752.74 300
1670 -752.7566666666667 300
1671 -752.7366666666667 300
1672 -752.89 300
1673 -752.8333333333334 300
1674 -752.86 300
1675 -752.84 300
1676 -752.8733333333333 300
1677 -752.5233333333333 300
1678 -752.2633333333333 300
1679 -752.0066666666667 300
1680 -751.75 300
1681 -751.4833333333333 300
1682 -751.41 300
1683 -751.3566666666667 300
1684 -751.35 300
1685 -751.3366666666667 300
1686 -751.3433333333334 300
1687 -751.4133333333333 300
1688 -751.4933333333333 300
1689 -751.58 300
1690 -751.6133333333333 300
1691 -751.6133333333333 300
1692 -751.62 300
1693 -751.6633333333333 300
1694 -751.7533333333333 300
1695 -751.76 300
1696 -751.7666666666667 300
1697 -751.82 300
1698 -751.8533333333334 300
1699 -751.8133333333334 300
1700 -751.82 300
1701 -750.4166666666666 300
1702 -749.9566666666667 300
1703 -750.1066666666667 300
1704 -750.3766666666667 300
1705 -750.5766666666667 300
1706 -750.6333333333333 300
1707 -750.6366666666667 300
1708 -750.5866666666667 300
1709 -751.19 300
1710 -751.41 300
1711 -751.5533333333333 300
1712 -751.4866666666667 300
1713 -751.6866666666666 300
1714 -751.7033333333334 300
1715 -752.45 300
1716 -752.4566666666667 300
1717 -752.5566666666666 300
1718 -752.74 300
1719 -752.7266666666667 300
1720 -752.6366666666667 300
1721 -752.9466666666667 300
1722 -752.8933333333333 300
1723 -752.7866666666666 300
1724 -752.6866666666666 300
1725 -752.5966666666667 300
1726 -752.49 300
1727 -752.3933333333333 300
1728 -752.2066666666667 300
1729 -752.1133333333333 300
1730 -752.0133333333333 300
1731 -751.6533333333333 300
1732 -752.1633333333333 300
1733 -752.3133333333334 300
1734 -752.1833333333333 300
1735 -752.2166666666667 300
1736 -752.08 300
1737 -752.0233333333333 300
1738 -751.9233333333333 300
1739 -751.8266666666667 300
1740 -751.86 300
1741 -751.7633333333333 300
1742 -750.6933333333334 300
1743 -750.83 300
1744 -751.0766666666667 300
1745 -751.02 300
1746 -751.0166666666667 300
1747 -751.0533333333333 300
1748 -751.08 300
1749 -751.0733333333334 300
1750 -750.98 300
1751 -751.02 300
1752 -750.9233333333333 300
1753 -750.87 300
1754 -750.7733333333333 300
1755 -750.7733333333333 300
1756 -751.5266666666666 300
1757 -751.5833333333334 300
1758 -751.8333333333334 300
1759 -751.8666666666667 300
1760 -751.7266666666667 300
1761 -751.8166666666667 300
1762 -751.8033333333333 300
1763 -752.04 300
1764 -752.1766666666666 300
1765 -752.1266666666667 300
1766 -752.0833333333334 300
1767 -752.0866666666667 300
1768 -751.9533333333334 300
1769 -751.86 300
1770 -751.81 300
1771 -751.77 300
1772 -751.72 300
1773 -751.7133333333334 300
1774 -751.6233333333333 300
1775 -751.5366666666666 300
1776 -751.4866666666667 300
1777 -751.48 300
1778 -751.3833333333333 300
1779 -751.2933333333333 300
1780 -751.28 300
1781 -751.69 300
1782 -751.8233333333334 300
1783 -752.0533333333333 300
1784 -752.14 300
1785 -752.09 300
1786 -752.0933333333334 300
1787 -752.43 300
1788 -752.4266666666666 300
1789 -752.4266666666666 300
1790 -752.47 300
1791 -752.51 300
1792 -752.42 300
1793 -752.37 300
1794 -752.3666666666667 300
1795 -752.3233333333334 300
1796 -752.24 300
1797 -752.2033333333334 300
1798 -752.11 300
1799 -752.0166666666667 300
1800 -751.98 300
1801 -751.8933333333333 300
1802 -751.79 300
1803 -751.6066666666667 300
1804 -751.4733333333334 300
1805 -751.3766666666667 300
1806 -751.29 300
1807 -751.2066666666667 300
1808 -751.1566666666666 300
1809 -751.1166666666667 300
1810 -751.5933333333334 300
1811 -751.7933333333333 300
1812 -751.89 300
1813 -751.8433333333334 300
1814 -751.8566666666667 300
1815 -751.55 300
1816 -751.73 300
1817 -751.2533333333333 300
1818 -752.23 300
1819 -752.47 300
1820 -752.5833333333334 300
1821 -752.7366666666667 300
1822 -753.53 300
1823 -753.51 300
1824 -753.6333333333333 300
1825 -753.55 300
1826 -753.4633333333334 300
1827 -753.3766666666667 300
1828 -753.33 300
1829 -753.2466666666667 300
1830 -753.9233333333333 300
1831 -753.8366666666667 300
1832 -753.6166666666667 300
1833 -753.5633333333334 300
1834 -754.3333333333334 300
1835 -753.7266666666667 300
1836 -753.6766666666666 300
1837 -753.6433333333333 300
1838 -753.5833333333334 300
1839 -753.5066666666667 300
1840 -753.6433333333333 300
1841 -753.3733333333333 300
1842 -753.05 300
1843 -752.77 300
1844 -752.5366666666666 300
1845 -752.27 300
1846 -752.0366666666666 300
1847 -753.04 300
1848 -753.0533333333333 300
1849 -752.8166666666667 300
1850 -752.62 300
1851 -752.3833333333333 300
1852 -752.14 300
1853 -749.6733333333333 300
1854 -749.7633333333333 300
1855 -749.87 300
1856 -750.03 300
1857 -750.0533333333333 300
1858 -749.8433333333334 300
1859 -749.6366666666667 300
1860 -749.5833333333334 300
1861 -749.33 300
1862 -749.16 300
1863 -749.0333333333333 300
1864 -748.99 300
1865 -748.8733333333333 300
1866 -748.7833333333333 300
1867 -748.67 300
1868 -748.5766666666667 300
1869 -748.78 300
1870 -748.9533333333334 300
1871 -748.92 300
1872 -748.94 300
1873 -748.94 300
1874 -749.3866666666667 300
1875 -749.44 300
1876 -749.63 300
1877 -749.89 300
1878 -750.12 300
1879 -750.16 300
1880 -750.1166666666667 300
1881 -749.9533333333334 300
1882 -749.77 300
1883 -749.7966666666666 300
1884 -750.33 300
1885 -750.2566666666667 300
1886 -750.17 300
1887 -750.29 300
1888 -750.61 300
1889 -750.79 300
1890 -750.66 300
1891 -750.4866666666667 300
1892 -750.27 300
1893 -749.19 300
1894 -749.3333333333334 300
1895 -749.3466666666667 300
1896 -749.5533333333333 300
1897 -749.5966666666667 300
1898 -749.4666666666667 300
1899 -749.2866666666666 300
1900 -749.1066666666667 300
1901 -749.0166666666667 300
1902 -749.21 300
1903 -749.5233333333333 300
1904 -749.94 300
1905 -750.1333333333333 300
1906 -750.2266666666667 300
1907 -750.3366666666667 300
1908 -751.5466666666666 300
1909 -751.9566666666667 300
1910 -751.8766666666667 300
1911 -752.0133333333333 300
1912 -751.97 300
1913 -751.9233333333333 300
1914 -750.4966666666667 300
1915 -749.5033333333333 300
1916 -749.61 300
1917 -749.5533333333333 300
1918 -749.6366666666667 300
1919 -749.6766666666666 300
1920 -749.86 300
1921 -750.0966666666667 300
1922 -750.24 300
1923 -750.2833333333333 300
1924 -750.2333333333333 300
1925 -750.2966666666666 300
1926 -750.2533333333333 300
1927 -750.29 300
1928 -750.2866666666666 300
1929 -751.13 300
1930 -751.2566666666667 300
1931 -751.23 300
1932 -751.3633333333333 300
1933 -751.36 300
1934 -751.1666666666666 300
1935 -749.8133333333334 300
1936 -749.9233333333333 300
1937 -749.9666666666667 300
1938 -749.78 300
1939 -749.87 300
1940 -749.7733333333333 300
1941 -749.61 300
1942 -749.3666666666667 300
1943 -749.1233333333333 300
1944 -749.72 300
1945 -749.91 300
1946 -750.1133333333333 300
1947 -750.1433333333333 300
1948 -749.9733333333334 300
1949 -749.8033333333333 300
1950 -749.6733333333333 300
1951 -749.5533333333333 300
1952 -749.5366666666666 300
1953 -749.5133333333333 300
1954 -749.4433333333334 300
1955 -746.03 300
1956 -745.8866666666667 300
1957 -745.53 300
1958 -745.61 300
1959 -745.6633333333333 300
1960 -745.7433333333333 300
1961 -745.8366666666667 300
1962 -745.89 300
1963 -745.9466666666667 300
1964 -746.03 300
1965 -746.1133333333333 300
1966 -746.2266666666667 300
1967 -746.28 300
1968 -746.3133333333334 300
1969 -746.3833333333333 300
1970 -746.4633333333334 300
1971 -746.49 300
1972 -746.4833333333333 300
1973 -746.45 300
1974 -746.5633333333334 300
1975 -746.7166666666667 300
1976 -746.78 300
1977 -746.8433333333334 300
1978 -746.9266666666666 300
1979 -746.9833333333333 300
1980 -747.09 300
1981 -747.5433333333333 300
1982 -747.6066666666667 300
1983 -747.65 300
1984 -747.73 300
1985 -747.71 300
1986 -747.9333333333333 300
1987 -747.93 300
1988 -747.9733333333334 300
1989 -748.0433333333333 300
1990 -747.9566666666667 300
1991 -747.8333333333334 300
1992 -747.6833333333333 300
1993 -747.5233333333333 300
1994 -747.3633333333333 300
1995 -747.2033333333334 300
1996 -747.1066666666667 300
1997 -747.01 300
1998 -747.1133333333333 300
1999 -747.12 300
2000 -746.78 300
2001 -746.9266666666666 300
2002 -747.3566666666667 300
2003 -747.5 300
2004 -747.65 300
2005 -747.69 300
2006 -747.7533333333333 300
2007 -747.88 300
2008 -747.9266666666666 300
2009 -748.0866666666667 300
2010 -747.71 300
2011 -747.8533333333334 300
2012 -748.0433333333333 300
2013 -747.1333333333333 300
2014 -747.4433333333334 300
2015 -747.8466666666667 300
2016 -746.62 300
2017 -747.2533333333333 300
2018 -747.6633333333333 300
2019 -747.8 300
2020 -747.8933333333333 300
2021 -748.0333333333333 300
2022 -748.1233333333333 300
2023 -748.2166666666667 300
2024 -748.84 300
2025 -748.9833333333333 300
2026 -749.0733333333334 300
2027 -749.0866666666667 300
2028 -749.36 300
2029 -747.62 300
2030 -747.7633333333333 300
2031 -747.8533333333334 300
2032 -747.85 300
2033 -747.8933333333333 300
2034 -747.95 300
2035 -748.2533333333333 300
2036 -748.3933333333333 300
2037 -748.5333333333333 300
2038 -748.58 300
2039 -748.6733333333333 300
2040 -748.72 300
2041 -747.5533333333333 300
2042 -747.6 300
2043 -747.5533333333333 300
2044 -747.62 300
2045 -747.6733333333333 300
2046 -747.6733333333333 300
2047 -747.6733333333333 300
2048 -748.0433333333333 300
2049 -748.6033333333334 300
2050 -748.6466666666666 300
2051 -749.4566666666667 300
2052 -750.06 300
2053 -746.4666666666667 300
2054 -745.2566666666667 300
2055 -745.3033333333333 300
2056 -745.4433333333334 300
2057 -745.64 300
2058 -745.9266666666666 300
2059 -746.4466666666667 300
2060 -746.5933333333334 300
2061 -746.6433333333333 300
2062 -746.7033333333334 300
2063 -746.75 300
2064 -746.9 300
2065 -747.0066666666667 300
2066 -747.53 300
2067 -747.9333333333333 300
2068 -748.42 300
2069 -749.15 300
2070 -750.1766666666666 300
2071 -750.4433333333334 300
2072 -750.58 300
2073 -750.6166666666667 300
2074 -750.8466666666667 300
2075 -750.6 300
2076 -750.33 300
2077 -750.2866666666666 300
2078 -750.02 300
2079 -749.9366666666666 300
2080 -750.1366666666667 300
2081 -749.9466666666667 300
2082 -750.0966666666667 300
2083 -750.0466666666666 300
2084 -749.96 300
2085 -750.01 300
2086 -749.65 300
2087 -748.6 300
2088 -748.6566666666666 300
2089 -748.8733333333333 300
2090 -748.0466666666666 300
2091 -747.8733333333333 300
2092 -747.8333333333334 300
2093 -748.4466666666667 300
2094 -748.4033333333333 300
2095 -748.4533333333334 300
2096 -748.4866666666667 300
2097 -748.5666666666667 300
2098 -748.6033333333334 300
2099 -748.5933333333334 300
2100 -748.2833333333333 300
2101 -747.8866666666667 300
2102 -747.4366666666666 300
2103 -747.8233333333334 300
2104 -747.9066666666666 300
2105 -748.0833333333334 300
2106 -747.7333333333333 300
2107 -747.5566666666666 300
2108 -747.4266666666666 300
2109 -747.25 300
2110 -747.12 300
2111 -747.03 300
2112 -746.9466666666667 300
2113 -746.86 300
2114 -746.8233333333334 300
2115 -746.7933333333333 300
2116 -746.8 300
2117 -746.8066666666666 300
2118 -746.7666666666667 300
2119 -746.77 300
2120 -746.8766666666667 300
2121 -746.9766666666667 300
2122 -747.0166666666667 300
2123 -747.07 300
2124 -747.0766666666667 300
2125 -747.21 300
2126 -747.3 300
2127 -747.4333333333333 300
2128 -747.49 300
2129 -747.6733333333333 300
2130 -747.8066666666666 300
2131 -747.9433333333334 300
2132 -748.08 300
2133 -748.6466666666666 300
2134 -748.75 300
2135 -747.6833333333333 300
2136 -747.7433333333333 300
2137 -747.7 300
2138 -747.7466666666667 300
2139 -747.8433333333334 300
2140 -747.8966666666666 300
2141 -747.96 300
2142 -748.17 300
2143 -748.2733333333333 300
2144 -748.4266666666666 300
2145 -748.53 300
2146 -748.64 300
2147 -748.78 300
2148 -748.84 300
2149 -749.0133333333333 300
2150 -749.1133333333333 300
2151 -749.25 300
2152 -749.09 300
2153 -748.7366666666667 300
2154 -748.39 300
2155 -748.68 300
2156 -748.6833333333333 300
2157 -748.4833333333333 300
2158 -748.32 300
2159 -748.1633333333333 300
2160 -748.14 300
2161 -748.0733333333334 300
2162 -748.0833333333334 300
2163 -748.06 300
2164 -748.0233333333333 300
2165 -748.03 300
2166 -748.0 300
2167 -748.0033333333333 300
2168 -748.0066666666667 300
2169 -748.0233333333333 300
2170 -748.0833333333334 300
2171 -748.1333333333333 300
2172 -748.15 300
2173 -748.3533333333334 300
2174 -748.5133333333333 300
2175 -748.5966666666667 300
2176 -748.6866666666666 300
2177 -748.7233333333334 300
2178 -748.7666666666667 300
2179 -748.7366666666667 300
2180 -748.8366666666667 300
2181 -748.83 300
2182 -748.8333333333334 300
2183 -748.8933333333333 300
2184 -748.94 300
2185 -749.3033333333333 300
2186 -749.4366666666666 300
2187 -749.54 300
2188 -749.7366666666667 300
2189 -749.8566666666667 300
2190 -750.0833333333334 300
2191 -750.2066666666667 300
2192 -750.2866666666666 300
2193 -749.4833333333333 300
2194 -749.92 300
2195 -750.6166666666667 300
2196 -750.7366666666667 300
2197 -750.7833333333333 300
2198 -750.0166666666667 300
2199 -750.9466666666667 300
2200 -752.34 300
2201 -753.78 300
2202 -753.7333333333333 300
2203 -753.54 300
2204 -753.3666666666667 300
2205 -753.27 300
2206 -753.0566666666666 300
2207 -752.8866666666667 300
2208 -752.7966666666666 300
2209 -752.57 300
2210 -753.0966666666667 300
2211 -752.0866666666667 300
2212 -751.1266666666667 300
2213 -752.5266666666666 300
2214 -752.5733333333334 300
2215 -752.63 300
2216 -752.6 300
2217 -752.58 300
2218 -753.2633333333333 300
2219 -752.8033333333333 300
2220 -753.8466666666667 300
2221 -753.8966666666666 300
2222 -753.3333333333334 300
2223 -752.2533333333333 300
2224 -750.36 300
2225 -748.2966666666666 300
2226 -748.5766666666667 300
2227 -749.0666666666667 300
2228 -749.53 300
2229 -749.98 300
2230 -750.8233333333334 300
2231 -751.6966666666667 300
2232 -750.23 300
2233 -750.67 300
2234 -749.6233333333333 300
2235 -749.5733333333334 300
2236 -748.4533333333334 300
2237 -748.5 300
2238 -747.83 300
2239 -747.9666666666667 300
2240 -748.1866666666666 300
2241 -748.32 300
2242 -748.1633333333333 300
2243 -747.59 300
2244 -747.6833333333333 300
2245 -748.1633333333333 300
2246 -748.2433333333333 300
2247 -748.4333333333333 300
2248 -748.78 300
2249 -747.9866666666667 300
2250 -748.0366666666666 300
2251 -748.0333333333333 300
2252 -748.16 300
2253 -748.28 300
2254 -748.3633333333333 300
2255 -748.41 300
2256 -748.53 300
2257 -748.53 300
2258 -748.6533333333333 300
2259 -748.7766666666666 300
2260 -748.9066666666666 300
2261 -748.9933333333333 300
2262 -749.07 300
2263 -749.1866666666666 300
2264 -749.0766666666667 300
2265 -749.2366666666667 300
2266 -749.4033333333333 300
2267 -749.56 300
2268 -749.68 300
2269 -749.8666666666667 300
2270 -749.9833333333333 300
2271 -750.05 300
2272 -750.0666666666667 300
2273 -749.9433333333334 300
2274 -750.2866666666666 300
2275 -750.5266666666666 300
2276 -751.4333333333333 300
2277 -752.21 300
2278 -753.0133333333333 300
2279 -754.8266666666667 300
2280 -755.01 300
2281 -754.57 300
2282 -754.31 300
2283 -754.8233333333334 300
2284 -756.58 300
2285 -756.5866666666667 300
2286 -756.5733333333334 300
2287 -756.29 300
2288 -756.1266666666667 300
2289 -755.9433333333334 300
2290 -755.9533333333334 300
2291 -755.93 300
2292 -755.9433333333334 300
2293 -755.9433333333334 300
2294 -755.9 300
2295 -755.9033333333333 300
2296 -755.91 300
2297 -755.8966666666666 300
2298 -755.8833333333333 300
2299 -755.8666666666667 300
2300 -755.8633333333333 300
2301 -755.8666666666667 300
2302 -755.93 300
2303 -755.94 300
2304 -755.9433333333334 300
2305 -755.94 300
2306 -755.9333333333333 300
2307 -755.9233333333333 300
2308 -755.9 300
2309 -755.8733333333333 300
2310 -755.9833333333333 300
2311 -755.99 300
2312 -755.9666666666667 300
2313 -755.9433333333334 300
2314 -755.92 300
2315 -755.8966666666666 300
2316 -755.8733333333333 300
2317 -755.89 300
2318 -755.91 300
2319 -755.92 300
2320 -755.8966666666666 300
2321 -755.9066666666666 300
2322 -755.9 300
2323 -755.71 300
2324 -755.7533333333333 300
2325 -755.76 300
2326 -755.7666666666667 300
2327 -755.7733333333333 300
2328 -755.78 300
2329 -755.79 300
2330 -755.7533333333333 300
2331 -755.7533333333333 300
2332 -755.7033333333334 300
2333 -755.65 300
2334 -755.6066666666667 300
2335 -755.57 300
2336 -755.4866666666667 300
2337 -755.45 300
2338 -755.4166666666666 300
2339 -755.3433333333334 300
2340 -755.27 300
2341 -755.3133333333334 300
2342 -755.25 300
2343 -755.0933333333334 300
2344 -754.9966666666667 300
2345 -754.8533333333334 300
2346 -754.7533333333333 300
2347 -754.5566666666666 300
2348 -754.48 300
2349 -754.39 300
2350 -754.2533333333333 300
2351 -754.05 300
2352 -753.9566666666667 300
2353 -753.8166666666667 300
2354 -753.68 300
2355 -753.54 300
2356 -753.41 300
2357 -753.28 300
2358 -753.1433333333333 300
2359 -753.05 300
2360 -752.9533333333334 300
2361 -752.86 300
2362 -752.81 300
2363 -752.76 300
2364 -752.6666666666666 300
2365 -752.62 300
2366 -752.5666666666667 300
2367 -752.48 300
2368 -752.4733333333334 300
2369 -752.52 300
2370 -752.52 300
2371 -751.0866666666667 300
2372 -748.3733333333333 300
2373 -748.51 300
2374 -749.04 300
2375 -749.55 300
2376 -750.1133333333333 300
2377 -751.2333333333333 300
2378 -753.0566666666666 300
2379 -751.0766666666667 300
2380 -752.29 300
2381 -752.3933333333333 300
2382 -752.3133333333334 300
2383 -752.4466666666667 300
2384 -754.84 300
2385 -755.4966666666667 300
2386 -755.46 300
2387 -755.38 300
2388 -755.1766666666666 300
2389 -754.8966666666666 300
2390 -754.6933333333334 300
2391 -753.58 300
2392 -752.07 300
2393 -751.34 300
2394 -751.52 300
2395 -751.74 300
2396 -751.8733333333333 300
2397 -752.01 300
2398 -752.1466666666666 300
2399 -752.3266666666667 300
2400 -752.42 300
2401 -753.61 300
2402 -753.6966666666667 300
2403 -753.6866666666666 300
2404 -753.69 300
2405 -753.74 300
2406 -755.6366666666667 300
2407 -755.57 300
2408 -755.5733333333334 300
2409 -755.5733333333334 300
2410 -755.57 300
2411 -755.5233333333333 300
2412 -755.4766666666667 300
2413 -755.4366666666666 300
2414 -755.3866666666667 300
2415 -755.3766666666667 300
2416 -755.3433333333334 300
2417 -755.3 300
2418 -755.2033333333334 300
2419 -755.0966666666667 300
2420 -755.03 300
2421 -754.9633333333334 300
2422 -754.85 300
2423 -754.7366666666667 300
2424 -754.5766666666667 300
2425 -754.4166666666666 300
2426 -754.3 300
2427 -754.14 300
2428 -753.9933333333333 300
2429 -753.8533333333334 300
2430 -753.5133333333333 300
2431 -753.4333333333333 300
2432 -753.4766666666667 300
2433 -753.3333333333334 300
2434 -753.1933333333334 300
2435 -753.14 300
2436 -753.0933333333334 300
2437 -753.0466666666666 300
2438 -752.9566666666667 300
2439 -751.8833333333333 300
2440 -752.02 300
2441 -752.63 300
2442 -752.9466666666667 300
2443 -753.0833333333334 300
2444 -753.14 300
2445 -753.2733333333333 300
2446 -755.5833333333334 300
2447 -755.5433333333333 300
2448 -755.51 300
2449 -755.7333333333333 300
2450 -755.6933333333334 300
2451 -755.6566666666666 300
2452 -755.6166666666667 300
2453 -755.5766666666667 300
2454 -755.5466666666666 300
2455 -755.4233333333333 300
2456 -755.39 300
2457 -755.31 300
2458 -755.2733333333333 300
2459 -754.8166666666667 300
2460 -754.7166666666667 300
2461 -754.7133333333334 300
2462 -754.7233333333334 300
2463 -754.6766666666666 300
2464 -754.68 300
2465 -753.8433333333334 300
2466 -753.0133333333333 300
2467 -753.1466666666666 300
2468 -753.2833333333333 300
2469 -753.4633333333334 300
2470 -753.55 300
2471 -753.64 300
2472 -753.7333333333333 300
2473 -753.9133333333333 300
2474 -753.9966666666667 300
2475 -754.13 300
2476 -754.27 300
2477 -754.35 300
2478 -754.5333333333333 300
2479 -754.7066666666667 300
2480 -754.7866666666666 300
2481 -754.77 300
2482 -754.7066666666667 300
2483 -754.6433333333333 300
2484 -754.58 300
2485 -754.5233333333333 300
2486 -754.46 300
2487 -754.3966666666666 300
2488 -754.2866666666666 300
2489 -754.18 300
2490 -754.07 300
2491 -754.05 300
2492 -755.6533333333333 300
2493 -755.6533333333333 300
2494 -755.6233333333333 300
2495 -755.6366666666667 300
2496 -755.5833333333334 300
2497 -755.5233333333333 300
2498 -755.4633333333334 300
2499 -755.41 300
2500 -755.35 300
2501 -755.2966666666666 300
2502 -755.25 300
2503 -755.7766666666666 300
2504 -755.7666666666667 300
2505 -755.75 300
2506 -755.7566666666667 300
2507 -755.78 300
2508 -755.79 300
2509 -755.73 300
2510 -755.6966666666667 300
2511 -755.71 300
2512 -755.7166666666667 300
2513 -755.67 300
2514 -755.68 300
2515 -755.6633333333333 300
2516 -755.62 300
2517 -755.6 300
2518 -755.5633333333334 300
2519 -755.5233333333333 300
2520 -755.4933333333333 300
2521 -755.4866666666667 300
2522 -755.18 300
2523 -755.19 300
2524 -754.87 300
2525 -754.7433333333333 300
2526 -754.7433333333333 300
2527 -754.7866666666666 300
2528 -754.82 300
2529 -754.8833333333333 300
2530 -754.8766666666667 300
2531 -756.1233333333333 300
2532 -756.07 300
2533 -756.0766666666667 300
2534 -756.0833333333334 300
2535 -756.13 300
2536 -756.1266666666667 300
2537 -756.1233333333333 300
2538 -756.11 300
2539 -756.11 300
2540 -756.0933333333334 300
2541 -756.07 300
2542 -756.04 300
2543 -755.9666666666667 300
2544 -755.6666666666666 300
2545 -755.6333333333333 300
2546 -755.4933333333333 300
2547 -755.4633333333334 300
2548 -755.4233333333333 300
2549 -755.43 300
2550 -755.3133333333334 300
2551 -755.2333333333333 300
2552 -755.15 300
2553 -755.0566666666666 300
2554 -754.9533333333334 300
2555 -754.86 300
2556 -754.4233333333333 300
2557 -754.4566666666667 300
2558 -754.42 300
2559 -754.38 300
2560 -754.4733333333334 300
2561 -754.38 300
2562 -754.28 300
2563 -754.2033333333334 300
2564 -754.1166666666667 300
2565 -754.0266666666666 300
2566 -753.9366666666666 300
2567 -753.87 300
2568 -753.9266666666666 300
2569 -753.9466666666667 300
2570 -753.9666666666667 300
2571 -753.9766666666667 300
2572 -754.6733333333333 300
2573 -754.5233333333333 300
2574 -754.5866666666667 300
2575 -754.5933333333334 300
2576 -754.5 300
2577 -754.5133333333333 300
2578 -754.5266666666666 300
2579 -754.4733333333334 300
2580 -754.2266666666667 300
2581 -754.26 300
2582 -754.2633333333333 300
2583 -754.22 300
2584 -754.1 300
2585 -754.0533333333333 300
2586 -753.7133333333334 300
2587 -753.7433333333333 300
2588 -753.76 300
2589 -753.72 300
2590 -754.79 300
2591 -754.7366666666667 300
2592 -754.7733333333333 300
2593 -754.68 300
2594 -754.66 300
2595 -754.5666666666667 300
2596 -754.5266666666666 300
2597 -754.3533333333334 300
2598 -754.3233333333334 300
2599 -754.2333333333333 300
2600 -754.05 300
2601 -753.9033333333333 300
2602 -753.3633333333333 300
2603 -752.9866666666667 300
2604 -753.03 300
2605 -752.8866666666667 300
2606 -753.02 300
2607 -753.19 300
2608 -753.2433333333333 300
2609 -753.2 300
2610 -753.1 300
2611 -752.9933333333333 300
2612 -752.27 300
2613 -752.2366666666667 300
2614 -752.3633333333333 300
2615 -752.3033333333333 300
2616 -752.2 300
2617 -752.1033333333334 300
2618 -752.01 300
2619 -751.9133333333333 300
2620 -753.48 300
2621 -753.61 300
2622 -753.54 300
2623 -753.64 300
2624 -753.6633333333333 300
2625 -753.64 300
2626 -753.5 300
2627 -753.3666666666667 300
2628 -753.3133333333334 300
2629 -754.2633333333333 300
2630 -754.3833333333333 300
2631 -753.7066666666667 300
2632 -753.7566666666667 300
2633 -755.1566666666666 300
2634 -754.82 300
2635 -754.76 300
2636 -754.7666666666667 300
2637 -754.3233333333334 300
2638 -753.84 300
2639 -753.8033333333333 300
2640 -753.6833333333333 300
2641 -753.6433333333333 300
2642 -753.65 300
2643 -753.5733333333334 300
2644 -753.5366666666666 300
2645 -753.4166666666666 300
2646 -752.2666666666667 300
2647 -751.26 300
2648 -750.8166666666667 300
2649 -750.98 300
2650 -751.4233333333333 300
2651 -751.6266666666667 300
2652 -751.7533333333333 300
2653 -751.9566666666667 300
2654 -752.2033333333334 300
2655 -752.4066666666666 300
2656 -752.5333333333333 300
2657 -752.75 300
2658 -752.8766666666667 300
2659 -752.0833333333334 300
2660 -751.7333333333333 300
2661 -751.9533333333334 300
2662 -752.1266666666667 300
2663 -752.2966666666666 300
2664 -752.4666666666667 300
2665 -752.55 300
2666 -752.6 300
2667 -752.69 300
2668 -752.7866666666666 300
2669 -752.9633333333334 300
2670 -753.0533333333333 300
2671 -753.1 300
2672 -753.3233333333334 300
2673 -752.28 300
2674 -752.33 300
2675 -753.88 300
2676 -753.9966666666667 300
2677 -755.9566666666667 300
2678 -755.97 300
2679 -756.0233333333333 300
2680 -756.0333333333333 300
2681 -756.0066666666667 300
2682 -755.9333333333333 300
2683 -755.9066666666666 300
2684 -755.8366666666667 300
2685 -755.7666666666667 300
2686 -755.7533333333333 300
2687 -755.57 300
2688 -755.22 300
2689 -754.6433333333333 300
2690 -754.6966666666667 300
2691 -754.7066666666667 300
2692 -754.73 300
2693 -754.5733333333334 300
2694 -754.5966666666667 300
2695 -754.7333333333333 300
2696 -755.5433333333333 300
2697 -755.5066666666667 300
2698 -755.5633333333334 300
2699 -755.54 300
2700 -755.5066666666667 300
2701 -755.5566666666666 300
2702 -755.66 300
2703 -755.72 300
2704 -755.6566666666666 300
2705 -755.5866666666667 300
2706 -755.5366666666666 300
2707 -755.4933333333333 300
2708 -755.4466666666667 300
2709 -755.3933333333333 300
2710 -755.3466666666667 300
2711 -755.3366666666667 300
2712 -755.0133333333333 300
2713 -754.6266666666667 300
2714 -754.59 300
2715 -754.5466666666666 300
2716 -753.2166666666667 300
2717 -755.2266666666667 300
2718 -756.3733333333333 300
2719 -756.4166666666666 300
2720 -756.4133333333333 300
2721 -756.4133333333333 300
2722 -756.31 300
2723 -756.3766666666667 300
2724 -756.3433333333334 300
2725 -756.2066666666667 300
2726 -756.26 300
2727 -756.2633333333333 300
2728 -756.2766666666666 300
2729 -756.2933333333333 300
2730 -756.3133333333334 300
2731 -756.32 300
2732 -756.3333333333334 300
2733 -756.3533333333334 300
2734 -756.3733333333333 300
2735 -756.3833333333333 300
2736 -756.28 300
2737 -756.2933333333333 300
2738 -756.31 300
2739 -756.3133333333334 300
2740 -756.3466666666667 300
2741 -756.3566666666667 300
2742 -756.37 300
2743 -756.3933333333333 300
2744 -756.4033333333333 300
2745 -756.4233333333333 300
2746 -756.4433333333334 300
2747 -756.45 300
2748 -756.46 300
2749 -756.4733333333334 300
2750 -756.4866666666667 300
2751 -756.5266666666666 300
2752 -756.5366666666666 300
2753 -756.5433333333333 300
2754 -756.5533333333333 300
2755 -756.5533333333333 300
2756 -756.5533333333333 300
2757 -756.61 300
2758 -756.6333333333333 300
2759 -756.5866666666667 300
2760 -756.6133333333333 300
2761 -756.5733333333334 300
2762 -756.6233333333333 300
2763 -756.67 300
2764 -756.71 300
2765 -756.71 300
2766 -756.7166666666667 300
2767 -756.72 300
2768 -756.7166666666667 300
2769 -756.7166666666667 300
2770 -756.76 300
2771 -756.7833333333333 300
2772 -756.8633333333333 300
2773 -756.8533333333334 300
2774 -757.0166666666667 300
2775 -757.0133333333333 300
2776 -756.9966666666667 300
2777 -756.98 300
2778 -757.0033333333333 300
2779 -756.99 300
2780 -756.97 300
2781 -756.9566666666667 300
2782 -756.9 300
2783 -756.9233333333333 300
2784 -756.78 300
2785 -756.79 300
2786 -756.7866666666666 300
2787 -756.7766666666666 300
2788 -756.7566666666667 300
2789 -756.46 300
2790 -756.4466666666667 300
2791 -756.3966666666666 300
2792 -756.36 300
2793 -756.3666666666667 300
2794 -756.3533333333334 300
2795 -756.3266666666667 300
2796 -756.31 300
2797 -756.2966666666666 300
2798 -756.2766666666666 300
2799 -756.26 300
2800 -756.2033333333334 300
2801 -756.19 300
2802 -756.1833333333333 300
2803 -756.1666666666666 300
2804 -756.0066666666667 300
2805 -756.0233333333333 300
2806 -756.04 300
2807 -756.0366666666666 300
2808 -756.0266666666666 300
2809 -756.05 300
2810 -756.0566666666666 300
2811 -756.07 300
2812 -756.0966666666667 300
2813 -756.1133333333333 300
2814 -756.1766666666666 300
2815 -756.2 300
2816 -756.22 300
2817 -756.1666666666666 300
2818 -756.18 300
2819 -756.2066666666667 300
2820 -756.2233333333334 300
2821 -756.3 300
2822 -756.3766666666667 300
2823 -756.4133333333333 300
2824 -756.4333333333333 300
2825 -756.43 300
2826 -756.4533333333334 300
2827 -756.5666666666667 300
2828 -756.64 300
2829 -756.5933333333334 300
2830 -756.5866666666667 300
2831 -756.5866666666667 300
2832 -756.5733333333334 300
2833 -756.5433333333333 300
2834 -756.5266666666666 300
2835 -756.5466666666666 300
2836 -756.5333333333333 300
2837 -756.5033333333333 300
2838 -756.4766666666667 300
2839 -756.46 300
2840 -756.4933333333333 300
2841 -756.4966666666667 300
2842 -756.49 300
2843 -756.4933333333333 300
2844 -756.4933333333333 300
2845 -756.49 300
2846 -756.4833333333333 300
2847 -756.4866666666667 300
2848 -756.4866666666667 300
2849 -756.4866666666667 300
2850 -756.4866666666667 300
2851 -756.4833333333333 300
2852 -756.4866666666667 300
2853 -756.49 300
2854 -756.5333333333333 300
2855 -756.5433333333333 300
2856 -756.55 300
2857 -756.64 300
2858 -756.6966666666667 300
2859 -756.71 300
2860 -756.71 300
2861 -756.71 300
2862 -756.74 300
2863 -756.7833333333333 300
2864 -756.7466666666667 300
2865 -756.7433333333333 300
2866 -756.8133333333334 300
2867 -756.8466666666667 300
2868 -756.8433333333334 300
2869 -756.84 300
2870 -756.84 300
2871 -756.8333333333334 300
2872 -756.87 300
2873 -756.8633333333333 300
2874 -756.8533333333334 300
2875 -756.8433333333334 300
2876 -756.8366666666667 300
2877 -756.82 300
2878 -756.44 300
2879 -756.4366666666666 300
2880 -756.4233333333333 300
2881 -756.4133333333333 300
2882 -756.3966666666666 300
2883 -756.38 300
2884 -756.3033333333333 300
2885 -756.2733333333333 300
2886 -756.2633333333333 300
2887 -756.25 300
2888 -755.97 300
2889 -755.9066666666666 300
2890 -755.82 300
2891 -755.7966666666666 300
2892 -755.7366666666667 300
2893 -755.69 300
2894 -755.62 300
2895 -755.6 300
2896 -755.5166666666667 300
2897 -755.4166666666666 300
2898 -755.3066666666666 300
2899 -755.2033333333334 300
2900 -755.1 300
2901 -755.0066666666667 300
2902 -754.4266666666666 300
2903 -754.4833333333333 300
2904 -754.4966666666667 300
2905 -754.5433333333333 300
2906 -754.5466666666666 300
2907 -754.4666666666667 300
2908 -754.38 300
2909 -754.38 300
2910 -754.3333333333334 300
2911 -754.3733333333333 300
2912 -754.4133333333333 300
2913 -754.4533333333334 300
2914 -754.5366666666666 300
2915 -754.5766666666667 300
2916 -754.58 300
2917 -754.6666666666666 300
2918 -754.71 300
2919 -754.7066666666667 300
2920 -754.75 300
2921 -754.75 300
2922 -754.2633333333333 300
2923 -753.41 300
2924 -753.5033333333333 300
2925 -753.6033333333334 300
2926 -753.8266666666667 300
2927 -755.0733333333334 300
2928 -755.1666666666666 300
2929 -755.13 300
2930 -755.1366666666667 300
2931 -755.2366666666667 300
2932 -755.2066666666667 300
2933 -754.67 300
2934 -754.7666666666667 300
2935 -754.8533333333334 300
2936 -754.8133333333334 300
2937 -754.86 300
2938 -754.9833333333333 300
2939 -755.0266666666666 300
2940 -755.0633333333334 300
2941 -755.1366666666667 300
2942 -755.1266666666667 300
2943 -755.1466666666666 300
2944 -755.1433333333333 300
2945 -755.14 300
2946 -755.14 300
2947 -755.1333333333333 300
2948 -754.7866666666666 300
2949 -754.87 300
2950 -754.8433333333334 300
2951 -754.8366666666667 300
2952 -754.8333333333334 300
2953 -754.8266666666667 300
2954 -754.5566666666666 300
2955 -754.5966666666667 300
2956 -754.76 300
2957 -754.92 300
2958 -755.0033333333333 300
2959 -754.9966666666667 300
2960 -755.04 300
2961 -755.95 300
2962 -755.95 300
2963 -755.9433333333334 300
2964 -755.8966666666666 300
2965 -755.9366666666666 300
2966 -755.93 300
2967 -756.0133333333333 300
2968 -756.01 300
2969 -756.0533333333333 300
2970 -756.0533333333333 300
2971 -755.8366666666667 300
2972 -755.88 300
2973 -755.8833333333333 300
2974 -755.88 300
2975 -755.9233333333333 300
2976 -755.92 300
2977 -755.92 300
2978 -755.4433333333334 300
2979 -755.5766666666667 300
2980 -755.62 300
2981 -755.7066666666667 300
2982 -755.66 300
2983 -755.6566666666666 300
2984 -755.61 300
2985 -755.56 300
2986 -755.5533333333333 300
2987 -755.5066666666667 300
2988 -755.4966666666667 300
2989 -755.45 300
2990 -755.4466666666667 300
2991 -755.3966666666666 300
2992 -754.9466666666667 300
2993 -755.03 300
2994 -755.11 300
2995 -754.5266666666666 300
2996 -754.7466666666667 300
2997 -754.8833333333333 300
2998 -754.8333333333334 300
2999 -754.9133333333333 300
3000 -754.86 300
