581.0 -889.0 
599.0 -940.0 
599.0 -940.0 
587.0 -928.0 
585.0 -903.0 
593.0 -931.0 
584.0 -899.0 
594.0 -935.0 
583.0 -890.0 
598.0 -938.0 
585.0 -903.0 
587.0 -928.0 
594.0 -935.0 
598.0 -938.0 
583.0 -890.0 
599.0 -940.0 
594.0 -935.0 
598.0 -938.0 
583.0 -890.0 
599.0 -940.0 
594.0 -935.0 
598.0 -938.0 
583.0 -890.0 
598.0 -938.0 
594.0 -935.0 
583.0 -890.0 
594.0 -935.0 
583.0 -890.0 
594.0 -935.0 
583.0 -890.0 
594.0 -935.0 
583.0 -890.0 
594.0 -935.0 
583.0 -890.0 
594.0 -935.0 
583.0 -890.0 
594.0 -935.0 
583.0 -890.0 
594.0 -935.0 
583.0 -890.0 
594.0 -935.0 
594.0 -935.0 
594.0 -935.0 
594.0 -935.0 
594.0 -935.0 
594.0 -935.0 
594.0 -935.0 
594.0 -935.0 
594.0 -935.0 
594.0 -935.0 
594.0 -935.0 
594.0 -935.0 
594.0 -935.0 
594.0 -935.0 
594.0 -935.0 
594.0 -935.0 
594.0 -935.0 
594.0 -935.0 
594.0 -935.0 
594.0 -935.0 
594.0 -935.0 
594.0 -935.0 
594.0 -935.0 
594.0 -935.0 
594.0 -935.0 
594.0 -935.0 
594.0 -935.0 
594.0 -935.0 
594.0 -935.0 
594.0 -935.0 
594.0 -935.0 
594.0 -935.0 
594.0 -935.0 
594.0 -935.0 
594.0 -935.0 
594.0 -935.0 
594.0 -935.0 
594.0 -935.0 
594.0 -935.0 
594.0 -935.0 
594.0 -935.0 
594.0 -935.0 
594.0 -935.0 
594.0 -935.0 
594.0 -935.0 
594.0 -935.0 
594.0 -935.0 
594.0 -935.0 
598.0 -938.0 
594.0 -935.0 
594.0 -935.0 
594.0 -935.0 
594.0 -935.0 
594.0 -935.0 
594.0 -935.0 
594.0 -935.0 
594.0 -935.0 
594.0 -935.0 
594.0 -935.0 
594.0 -935.0 
594.0 -935.0 
594.0 -935.0 
594.0 -935.0 
594.0 -935.0 
594.0 -935.0 
594.0 -935.0 
594.0 -935.0 
594.0 -935.0 
594.0 -935.0 
594.0 -935.0 
594.0 -935.0 
594.0 -935.0 
594.0 -935.0 
594.0 -935.0 
594.0 -935.0 
594.0 -935.0 
594.0 -935.0 
594.0 -935.0 
594.0 -935.0 
594.0 -935.0 
594.0 -935.0 
594.0 -935.0 
594.0 -935.0 
594.0 -935.0 
594.0 -935.0 
594.0 -935.0 
594.0 -935.0 
594.0 -935.0 
594.0 -935.0 
594.0 -935.0 
594.0 -935.0 
594.0 -935.0 
594.0 -935.0 
594.0 -935.0 
594.0 -935.0 
594.0 -935.0 
594.0 -935.0 
594.0 -935.0 
594.0 -935.0 
594.0 -935.0 
594.0 -935.0 
594.0 -935.0 
594.0 -935.0 
594.0 -935.0 
594.0 -935.0 
594.0 -935.0 
594.0 -935.0 
594.0 -935.0 
594.0 -935.0 
594.0 -935.0 
594.0 -935.0 
594.0 -935.0 
594.0 -935.0 
594.0 -935.0 
594.0 -935.0 
594.0 -935.0 
594.0 -935.0 
594.0 -935.0 
594.0 -935.0 
594.0 -935.0 
594.0 -935.0 
594.0 -935.0 
594.0 -935.0 
594.0 -935.0 
594.0 -935.0 
594.0 -935.0 
594.0 -935.0 
594.0 -935.0 
594.0 -935.0 
594.0 -935.0 
594.0 -935.0 
594.0 -935.0 
594.0 -935.0 
594.0 -935.0 
594.0 -935.0 
594.0 -935.0 
594.0 -935.0 
594.0 -935.0 
594.0 -935.0 
594.0 -935.0 
594.0 -935.0 
594.0 -935.0 
594.0 -935.0 
594.0 -935.0 
594.0 -935.0 
594.0 -935.0 
594.0 -935.0 
594.0 -935.0 
594.0 -935.0 
594.0 -935.0 
594.0 -935.0 
594.0 -935.0 
594.0 -935.0 
594.0 -935.0 
594.0 -935.0 
594.0 -935.0 
594.0 -935.0 
594.0 -935.0 
594.0 -935.0 
594.0 -935.0 
594.0 -935.0 
594.0 -935.0 
594.0 -935.0 
594.0 -935.0 
594.0 -935.0 
594.0 -935.0 
594.0 -935.0 
594.0 -935.0 
594.0 -935.0 
594.0 -935.0 
594.0 -935.0 
594.0 -935.0 
594.0 -935.0 
594.0 -935.0 
594.0 -935.0 
594.0 -935.0 
594.0 -935.0 
594.0 -935.0 
594.0 -935.0 
594.0 -935.0 
594.0 -935.0 
594.0 -935.0 
594.0 -935.0 
594.0 -935.0 
594.0 -935.0 
594.0 -935.0 
594.0 -935.0 
594.0 -935.0 
594.0 -935.0 
594.0 -935.0 
594.0 -935.0 
594.0 -935.0 
594.0 -935.0 
594.0 -935.0 
594.0 -935.0 
594.0 -935.0 
594.0 -935.0 
594.0 -935.0 
594.0 -935.0 
594.0 -935.0 
594.0 -935.0 
594.0 -935.0 
594.0 -935.0 
594.0 -935.0 
594.0 -935.0 
594.0 -935.0 
594.0 -935.0 
594.0 -935.0 
594.0 -935.0 
594.0 -935.0 
594.0 -935.0 
594.0 -935.0 
594.0 -935.0 
594.0 -935.0 
594.0 -935.0 
594.0 -935.0 
594.0 -935.0 
594.0 -935.0 
594.0 -935.0 
594.0 -935.0 
594.0 -935.0 
594.0 -935.0 
594.0 -935.0 
594.0 -935.0 
594.0 -935.0 
594.0 -935.0 
594.0 -935.0 
594.0 -935.0 
594.0 -935.0 
599.0 -940.0 
594.0 -935.0 
594.0 -935.0 
594.0 -935.0 
594.0 -935.0 
594.0 -935.0 
594.0 -935.0 
594.0 -935.0 
594.0 -935.0 
594.0 -935.0 
594.0 -935.0 
594.0 -935.0 
594.0 -935.0 
594.0 -935.0 
594.0 -935.0 
594.0 -935.0 
594.0 -935.0 
594.0 -935.0 
594.0 -935.0 
594.0 -935.0 
594.0 -935.0 
594.0 -935.0 
594.0 -935.0 
594.0 -935.0 
594.0 -935.0 
594.0 -935.0 
594.0 -935.0 
594.0 -935.0 
594.0 -935.0 
594.0 -935.0 
594.0 -935.0 
