880.0 -815.0 
829.0 -769.0 
880.0 -815.0 
829.0 -769.0 
870.0 -813.0 
856.0 -800.0 
879.0 -814.0 
831.0 -779.0 
849.0 -792.0 
862.0 -803.0 
830.0 -774.0 
830.0 -774.0 
835.0 -780.0 
852.0 -795.0 
869.0 -810.0 
854.0 -798.0 
862.0 -803.0 
867.0 -809.0 
845.0 -790.0 
865.0 -806.0 
854.0 -798.0 
839.0 -783.0 
850.0 -794.0 
837.0 -782.0 
845.0 -790.0 
842.0 -787.0 
844.0 -789.0 
840.0 -785.0 
864.0 -805.0 
867.0 -809.0 
837.0 -782.0 
844.0 -789.0 
864.0 -805.0 
842.0 -787.0 
852.0 -795.0 
835.0 -780.0 
865.0 -806.0 
831.0 -779.0 
850.0 -794.0 
840.0 -785.0 
841.0 -786.0 
841.0 -786.0 
879.0 -814.0 
869.0 -810.0 
839.0 -783.0 
880.0 -815.0 
829.0 -769.0 
830.0 -774.0 
862.0 -803.0 
854.0 -798.0 
845.0 -790.0 
867.0 -809.0 
837.0 -782.0 
844.0 -789.0 
864.0 -805.0 
852.0 -795.0 
835.0 -780.0 
865.0 -806.0 
831.0 -779.0 
850.0 -794.0 
840.0 -785.0 
841.0 -786.0 
879.0 -814.0 
839.0 -783.0 
869.0 -810.0 
880.0 -815.0 
829.0 -769.0 
830.0 -774.0 
862.0 -803.0 
854.0 -798.0 
845.0 -790.0 
867.0 -809.0 
837.0 -782.0 
844.0 -789.0 
864.0 -805.0 
852.0 -795.0 
865.0 -806.0 
835.0 -780.0 
831.0 -779.0 
850.0 -794.0 
840.0 -785.0 
841.0 -786.0 
879.0 -814.0 
869.0 -810.0 
839.0 -783.0 
829.0 -769.0 
880.0 -815.0 
830.0 -774.0 
862.0 -803.0 
845.0 -790.0 
867.0 -809.0 
837.0 -782.0 
844.0 -789.0 
864.0 -805.0 
852.0 -795.0 
865.0 -806.0 
835.0 -780.0 
831.0 -779.0 
850.0 -794.0 
840.0 -785.0 
869.0 -810.0 
879.0 -814.0 
839.0 -783.0 
880.0 -815.0 
829.0 -769.0 
830.0 -774.0 
862.0 -803.0 
845.0 -790.0 
867.0 -809.0 
837.0 -782.0 
844.0 -789.0 
864.0 -805.0 
852.0 -795.0 
835.0 -780.0 
865.0 -806.0 
831.0 -779.0 
850.0 -794.0 
840.0 -785.0 
879.0 -814.0 
869.0 -810.0 
839.0 -783.0 
880.0 -815.0 
829.0 -769.0 
830.0 -774.0 
862.0 -803.0 
845.0 -790.0 
867.0 -809.0 
837.0 -782.0 
844.0 -789.0 
864.0 -805.0 
835.0 -780.0 
852.0 -795.0 
865.0 -806.0 
831.0 -779.0 
850.0 -794.0 
840.0 -785.0 
879.0 -814.0 
839.0 -783.0 
869.0 -810.0 
880.0 -815.0 
829.0 -769.0 
830.0 -774.0 
862.0 -803.0 
845.0 -790.0 
867.0 -809.0 
837.0 -782.0 
844.0 -789.0 
864.0 -805.0 
865.0 -806.0 
835.0 -780.0 
852.0 -795.0 
850.0 -794.0 
840.0 -785.0 
879.0 -814.0 
869.0 -810.0 
839.0 -783.0 
880.0 -815.0 
829.0 -769.0 
830.0 -774.0 
862.0 -803.0 
845.0 -790.0 
867.0 -809.0 
837.0 -782.0 
864.0 -805.0 
835.0 -780.0 
852.0 -795.0 
865.0 -806.0 
850.0 -794.0 
840.0 -785.0 
879.0 -814.0 
869.0 -810.0 
839.0 -783.0 
880.0 -815.0 
829.0 -769.0 
830.0 -774.0 
862.0 -803.0 
845.0 -790.0 
867.0 -809.0 
837.0 -782.0 
864.0 -805.0 
852.0 -795.0 
865.0 -806.0 
835.0 -780.0 
850.0 -794.0 
840.0 -785.0 
869.0 -810.0 
839.0 -783.0 
879.0 -814.0 
880.0 -815.0 
829.0 -769.0 
830.0 -774.0 
862.0 -803.0 
845.0 -790.0 
867.0 -809.0 
837.0 -782.0 
864.0 -805.0 
865.0 -806.0 
852.0 -795.0 
835.0 -780.0 
850.0 -794.0 
869.0 -810.0 
879.0 -814.0 
839.0 -783.0 
829.0 -769.0 
880.0 -815.0 
830.0 -774.0 
862.0 -803.0 
845.0 -790.0 
867.0 -809.0 
837.0 -782.0 
864.0 -805.0 
852.0 -795.0 
835.0 -780.0 
865.0 -806.0 
850.0 -794.0 
879.0 -814.0 
839.0 -783.0 
869.0 -810.0 
880.0 -815.0 
829.0 -769.0 
830.0 -774.0 
862.0 -803.0 
845.0 -790.0 
867.0 -809.0 
837.0 -782.0 
864.0 -805.0 
865.0 -806.0 
852.0 -795.0 
835.0 -780.0 
850.0 -794.0 
879.0 -814.0 
869.0 -810.0 
839.0 -783.0 
880.0 -815.0 
829.0 -769.0 
830.0 -774.0 
862.0 -803.0 
845.0 -790.0 
867.0 -809.0 
837.0 -782.0 
864.0 -805.0 
852.0 -795.0 
865.0 -806.0 
835.0 -780.0 
850.0 -794.0 
879.0 -814.0 
869.0 -810.0 
839.0 -783.0 
880.0 -815.0 
829.0 -769.0 
830.0 -774.0 
862.0 -803.0 
845.0 -790.0 
867.0 -809.0 
837.0 -782.0 
864.0 -805.0 
852.0 -795.0 
865.0 -806.0 
835.0 -780.0 
850.0 -794.0 
879.0 -814.0 
869.0 -810.0 
839.0 -783.0 
880.0 -815.0 
829.0 -769.0 
830.0 -774.0 
862.0 -803.0 
845.0 -790.0 
867.0 -809.0 
837.0 -782.0 
864.0 -805.0 
852.0 -795.0 
835.0 -780.0 
865.0 -806.0 
850.0 -794.0 
879.0 -814.0 
869.0 -810.0 
839.0 -783.0 
880.0 -815.0 
829.0 -769.0 
830.0 -774.0 
845.0 -790.0 
867.0 -809.0 
837.0 -782.0 
864.0 -805.0 
835.0 -780.0 
865.0 -806.0 
850.0 -794.0 
869.0 -810.0 
839.0 -783.0 
880.0 -815.0 
829.0 -769.0 
830.0 -774.0 
845.0 -790.0 
867.0 -809.0 
837.0 -782.0 
864.0 -805.0 
835.0 -780.0 
837.0 -782.0 
830.0 -774.0 
