-1.1526133166905173 -1.1525187313885583 -1.1527667919414033 
-5.240579029019421E-4 -1.7527525951062057E-5 5.772433133696621E-6 
-1.1526133166905173 -1.1525187313885583 -1.1527667919414033 
-0.48137347822942095 -4.218092458731644E-5 5.772433133696621E-6 
-1.1567402785864536 -4.2147446875976525E-5 5.772433133696621E-6 
-0.5126585005413135 -3.890449917830389E-5 -1.1076948953586494 
-1.065808071007707 -0.9315235832494935 -1.0715807084236486 
-1.1529714145049994 -2.6437654439099732E-5 -1.1531250098215315 
-1.0884395564779747 -0.005811241732649797 0.009276029208554415 
-1.0798446459637234 -0.575830966868065 -1.0925192661350391 
-1.065808071007707 -0.9729922120663781 -1.0715807084236486 
-1.1056339260134622 -1.0096725432950802 -1.1503442443862657 
-1.1093634164349566 -0.5625321302025833 -1.12941878926839 
-0.5327582757971796 -4.218092458731644E-5 5.772433133696621E-6 
-0.6815719129499154 -4.3291338965738036E-5 5.772433133696621E-6 
-1.0663614205744616 0.020698652627141823 -1.0670124148070976 
-4.254971860126705E-4 -3.8569558806702696E-5 -0.9715339313170954 
-0.9294881903658334 0.0015195631486270011 -0.9132127551688916 
-4.254971860126705E-4 1.4357377587349233E-4 -0.8255867335587745 
-0.821850433180994 -4.3476534769818565E-5 -0.9991266082736785 
-0.9481565034708983 -4.218092458731644E-5 5.772433133696621E-6 
-0.008216068508885122 1.691329875642127E-4 -1.0495546818239152 
-1.1139462935026452 -0.7574340755450787 -1.129488282643812 
-1.0879368856275757 -0.006029547592177159 -1.0174921165390098 
-1.0662163806715308 -0.7908711290101609 -1.069493193286401 
-0.002597671940826052 1.6082220083968313E-4 -0.7117422010353307 
-0.0025627325805300675 6.610165382286729E-6 -0.5602042134261391 
-0.004860556457719822 6.610165382286729E-6 -0.5954577201776159 
-0.8359026946853181 -2.237415927637861E-5 -0.964186846566463 
-1.1036653681244561 -1.0751958043937482 -1.0925577071011676 
-0.8878063966556327 -4.218092458731644E-5 5.772433133696621E-6 
-0.5625067275186173 -0.0032864986407805663 -1.1076948953586494 
-0.6570761773154574 0.0015195631486270011 -1.0935252719239392 
6.050402088424625E-4 -5.331363492578291E-4 -0.7872502492915912 
-1.0551224105581851 -6.685817134753651E-4 -0.8881727032624138 
-0.9274456984980765 9.151067372811572E-5 -0.9354949376615819 
-0.0025627325805300675 6.610165382286729E-6 -0.6189743547500094 
-0.9917594165682351 4.6414233758724845E-8 -0.9079909341557986 
-1.0380696765094302 -1.8334628619996447E-5 -1.0174921165390098 
-1.0037178174532797 -1.8334628619996447E-5 -1.0027767511217394 
-0.8670970937104501 -4.218092458731644E-5 5.772433133696621E-6 
-1.009028351818234 -4.388844499311919E-5 -1.0693002296037455 
-0.9304439939630732 -4.218092458731644E-5 -0.9495138020087726 
-1.0961598861018 -0.0032864986407805663 -1.1076948953586494 
-0.947963076678813 -2.279551485234145E-5 -0.9694432999835414 
-0.6551558113332175 6.754273590191857E-5 -1.0529360442202953 
-0.8521145234422589 -4.218092458731644E-5 5.772433133696621E-6 
0.0015487878446871358 4.978502546589994E-7 -1.0161541638529523 
-0.002597671940826052 2.400804562177292E-6 -0.7523998871120852 
-1.059878858309025 -0.863927431745517 -1.062217977119227 
-0.928411201788375 -4.267305253157208E-5 6.362382021540824E-4 
-0.002597671940826052 2.400804562177292E-6 -0.7523998871120852 
-0.7859708888751218 -4.218092458731644E-5 5.772433133696621E-6 
-1.1056339260134622 -0.9988787487915463 -1.0971458146543498 
-1.059878858309025 -0.9235617158554676 -1.0616674525023742 
-1.080400164869852 4.7233228316087E-5 -1.0786442275785613 
-1.1056339260134622 -1.0096725432950802 -1.107198476508456 
-1.1180454522061867 -0.6049322191962869 -1.1070683933039918 
-1.1255048674137016 3.1965322186329557E-4 -1.1294476853099376 
-1.1155219456279353 -4.218092458731644E-5 -0.5315946038647856 
-0.5994107819903498 -0.0032864986407805663 -1.1076948953586494 
-4.494894769650114E-4 1.6082220083968313E-4 -1.033161240606361 
-1.0694999524934032 -0.7109364616937952 -1.1107329867619824 
-1.0798446459637234 0.0015195631486270011 -1.0932568439665162 
-1.1051964677737862 -0.9875534087755776 -1.0723864118291462 
-1.1241130191620292 4.184676951523629E-5 -1.1078952750223812 
-1.0790777472565365 -0.7528259527196968 -1.0901195653733247 
-1.1255048674137016 -1.1226315859300557 -1.1361372001535877 
-0.8324661597400507 -4.218092458731644E-5 5.772433133696621E-6 
-1.127610414223813 -0.9690033438083892 -1.107688608406406 
-0.906151094152925 -4.218092458731644E-5 5.772433133696621E-6 
-1.1092777056666132 -0.8930559256884183 -1.0357012898092353 
-1.1529714145049994 -1.1291364802497958 -1.13448931258412 
-0.7050016413152916 -4.218092458731644E-5 5.772433133696621E-6 
-1.0384942765352116 -0.9988787487915463 -1.0938395244086037 
-0.9589045157935455 -4.979626945197317E-5 -0.9979489802832855 
-1.0395664225885322 -1.8334628619996447E-5 -0.953497167097185 
-0.6474449967717277 -2.298698043610406E-6 5.772433133696621E-6 
-1.117884715729991 -1.0863140878627278 -1.1072626727473414 
-0.9913849424702175 -0.8605594527591296 -1.126033514743018 
-0.6474449967717277 -2.298698043610406E-6 5.772433133696621E-6 
-1.0380696765094302 -1.8334628619996447E-5 -0.9954021246044158 
-0.9894230913127186 6.754273590191857E-5 -1.0409109106007373 
-1.0577438504318284 -0.8172800912405398 -1.006895009092302 
-0.7606932635039877 -4.027698375879437E-5 -0.9954021246044158 
-1.0577438504318284 -0.8172800912405398 -1.1288593741276158 
-1.0790777472565365 -0.7411596320548286 -1.0020517590177485 
-0.008216068508885122 1.691329875642127E-4 -0.993096551668575 
-1.1036653681244561 -1.0751958043937482 -1.1013051948280042 
-0.707365386782951 9.95217731409587E-7 -1.0784525452118519 
-1.1098732810550034 -0.8738620531991903 -1.035204427915139 
-0.9254878466063394 1.691329875642127E-4 -1.0495546818239152 
-1.1173634374274375 -1.0863140878627278 -1.1234748046019973 
-1.0798446459637234 -0.9651843527995241 -1.0925192661350391 
-0.707365386782951 9.95217731409587E-7 -1.0784525452118519 
-0.008216068508885122 -6.365035316453652E-4 -0.9939840870947043 
-1.1098732810550034 -0.8738620531991903 -1.0350083078018046 
-0.9527356728309616 -4.9950461278795245E-5 -1.030503809865623 
-1.1053436889238897 -0.6923843019299898 -1.0670124148070976 
-1.0694844988785082 -0.7217009078988678 -1.1107329867619824 
