4193 -1394.9433333333334 300
4194 -1394.7266666666667 300
4195 -1394.2166666666667 300
4196 -1393.6166666666666 300
4197 -1391.7433333333333 300
4198 -1386.52 300
4199 -1377.7333333333333 300
4200 -1364.8833333333334 300
4201 -1356.9466666666667 300
4202 -1352.7433333333333 300
4203 -1354.1466666666668 300
4204 -1356.0966666666666 300
4205 -1358.57 300
4206 -1358.4433333333334 300
4207 -1356.62 300
4208 -1352.03 300
4209 -1350.81 300
4210 -1349.8366666666666 300
4211 -1346.82 300
4212 -1344.6066666666666 300
4213 -1345.7633333333333 300
4214 -1346.2533333333333 300
4215 -1348.5466666666666 300
4216 -1350.44 300
4217 -1350.2 300
4218 -1346.94 300
4219 -1345.8233333333333 300
4220 -1345.5666666666666 300
4221 -1342.4733333333334 300
4222 -1341.1133333333332 300
4223 -1341.71 300
4224 -1343.4366666666667 300
4225 -1347.82 300
4226 -1348.6833333333334 300
4227 -1348.3533333333332 300
4228 -1347.5066666666667 300
4229 -1345.0233333333333 300
4230 -1342.4766666666667 300
4231 -1350.6866666666667 300
4232 -1346.16 300
4233 -1336.4866666666667 300
4234 -1331.9033333333334 300
4235 -1329.7233333333334 300
4236 -1326.0966666666666 300
4237 -1328.4233333333334 300
4238 -1333.8 300
4239 -1331.91 300
4240 -1331.3733333333332 300
4241 -1331.4466666666667 300
4242 -1332.7533333333333 300
4243 -1332.3966666666668 300
4244 -1331.63 300
4245 -1329.4766666666667 300
4246 -1326.3833333333334 300
4247 -1322.5933333333332 300
4248 -1320.11 300
4249 -1317.65 300
4250 -1313.71 300
4251 -1308.37 300
4252 -1307.6033333333332 300
4253 -1303.6066666666666 300
4254 -1300.9466666666667 300
4255 -1302.15 300
4256 -1303.17 300
4257 -1306.6566666666668 300
4258 -1306.2833333333333 300
4259 -1305.0366666666666 300
4260 -1302.6266666666668 300
4261 -1300.0633333333333 300
4262 -1298.3933333333334 300
4263 -1297.6733333333334 300
4264 -1298.34 300
4265 -1295.5333333333333 300
4266 -1294.8066666666666 300
4267 -1292.1233333333332 300
4268 -1292.03 300
4269 -1293.4733333333334 300
4270 -1289.8066666666666 300
4271 -1293.0233333333333 300
4272 -1290.44 300
4273 -1284.48 300
4274 -1277.06 300
4275 -1278.49 300
4276 -1280.7 300
4277 -1278.58 300
4278 -1269.25 300
4279 -1269.0666666666666 300
4280 -1269.1366666666668 300
4281 -1269.7433333333333 300
4282 -1270.6533333333334 300
4283 -1271.3 300
4284 -1272.4633333333334 300
4285 -1273.9266666666667 300
4286 -1268.4766666666667 300
4287 -1268.6133333333332 300
4288 -1269.0766666666666 300
4289 -1269.34 300
4290 -1269.82 300
4291 -1269.6833333333334 300
4292 -1268.2033333333334 300
4293 -1266.5566666666666 300
4294 -1266.5466666666666 300
4295 -1266.5033333333333 300
4296 -1265.84 300
4297 -1265.6766666666667 300
4298 -1264.99 300
4299 -1263.4233333333334 300
4300 -1259.2833333333333 300
4301 -1257.5733333333333 300
4302 -1259.82 300
4303 -1261.5433333333333 300
4304 -1257.6666666666667 300
4305 -1259.0733333333333 300
4306 -1261.86 300
4307 -1261.8266666666666 300
4308 -1263.4066666666668 300
4309 -1262.1033333333332 300
4310 -1258.43 300
4311 -1255.77 300
4312 -1252.1633333333334 300
4313 -1248.6066666666666 300
4314 -1237.99 300
4315 -1235.2566666666667 300
4316 -1234.4233333333334 300
4317 -1233.6233333333332 300
4318 -1235.1666666666667 300
4319 -1235.5266666666666 300
4320 -1229.89 300
4321 -1222.0633333333333 300
4322 -1206.7833333333333 300
4323 -1201.8933333333334 300
4324 -1200.3266666666666 300
4325 -1200.6466666666668 300
4326 -1199.83 300
4327 -1200.29 300
4328 -1200.7666666666667 300
4329 -1201.2466666666667 300
4330 -1201.6266666666668 300
4331 -1201.4033333333334 300
4332 -1199.3866666666668 300
4333 -1199.7266666666667 300
4334 -1196.0566666666666 300
4335 -1193.94 300
4336 -1193.33 300
4337 -1192.56 300
4338 -1190.6966666666667 300
4339 -1190.3533333333332 300
4340 -1189.7033333333334 300
4341 -1191.47 300
4342 -1188.7933333333333 300
4343 -1187.4066666666668 300
4344 -1188.1866666666667 300
4345 -1189.5933333333332 300
4346 -1189.6866666666667 300
4347 -1186.51 300
4348 -1185.84 300
4349 -1182.9333333333334 300
4350 -1182.71 300
4351 -1182.6233333333332 300
4352 -1182.5866666666666 300
4353 -1181.8266666666666 300
4354 -1180.5566666666666 300
4355 -1179.21 300
4356 -1177.3633333333332 300
4357 -1173.8066666666666 300
4358 -1167.2066666666667 300
4359 -1169.6833333333334 300
4360 -1164.4966666666667 300
4361 -1157.9466666666667 300
4362 -1153.2133333333334 300
4363 -1154.2 300
4364 -1156.0766666666666 300
4365 -1159.3133333333333 300
4366 -1162.0666666666666 300
4367 -1159.6066666666666 300
4368 -1162.6766666666667 300
4369 -1162.28 300
4370 -1162.8333333333333 300
4371 -1163.6233333333332 300
4372 -1163.69 300
4373 -1163.8233333333333 300
4374 -1162.94 300
4375 -1161.14 300
4376 -1158.07 300
4377 -1159.2633333333333 300
4378 -1160.2866666666666 300
4379 -1158.94 300
4380 -1154.95 300
4381 -1152.5233333333333 300
4382 -1152.7466666666667 300
4383 -1153.1133333333332 300
4384 -1153.0466666666666 300
4385 -1153.56 300
4386 -1153.81 300
4387 -1154.1433333333334 300
4388 -1154.13 300
4389 -1153.95 300
4390 -1153.33 300
4391 -1153.33 300
4392 -1153.4133333333334 300
4393 -1153.51 300
4394 -1153.6066666666666 300
4395 -1153.6066666666666 300
4396 -1153.65 300
4397 -1153.65 300
4398 -1153.65 300
4399 -1153.6433333333334 300
4400 -1153.7866666666666 300
4401 -1153.2133333333334 300
4402 -1153.2133333333334 300
4403 -1153.2133333333334 300
4404 -1153.26 300
4405 -1153.3466666666666 300
4406 -1153.3466666666666 300
4407 -1153.39 300
4408 -1153.5666666666666 300
4409 -1153.6 300
4410 -1153.2133333333334 300
4411 -1153.2166666666667 300
4412 -1153.1733333333334 300
4413 -1153.13 300
4414 -1153.22 300
4415 -1152.97 300
4416 -1152.58 300
4417 -1151.82 300
4418 -1149.1366666666668 300
4419 -1146.9733333333334 300
4420 -1146.46 300
4421 -1146.2633333333333 300
4422 -1149.05 300
4423 -1151.3966666666668 300
4424 -1150.3666666666666 300
4425 -1148.17 300
4426 -1143.14 300
4427 -1139.7566666666667 300
4428 -1132.9566666666667 300
4429 -1133.5133333333333 300
4430 -1134.6766666666667 300
4431 -1135.3966666666668 300
4432 -1135.6533333333334 300
4433 -1136.4933333333333 300
4434 -1137.3366666666666 300
4435 -1135.8766666666668 300
4436 -1136.23 300
4437 -1137.1266666666668 300
4438 -1134.2033333333334 300
4439 -1132.8566666666666 300
4440 -1128.91 300
4441 -1129.7466666666667 300
4442 -1128.8733333333332 300
4443 -1127.42 300
4444 -1126.87 300
4445 -1127.66 300
4446 -1128.01 300
4447 -1128.72 300
4448 -1129.0233333333333 300
4449 -1130.66 300
4450 -1132.1966666666667 300
4451 -1133.91 300
4452 -1134.39 300
4453 -1137.1066666666666 300
4454 -1134.2 300
4455 -1135.3833333333334 300
4456 -1127.73 300
4457 -1128.7166666666667 300
4458 -1131.1566666666668 300
4459 -1132.5266666666666 300
4460 -1130.4933333333333 300
4461 -1134.43 300
4462 -1136.5466666666666 300
4463 -1137.6266666666668 300
4464 -1139.1666666666667 300
4465 -1140.8033333333333 300
4466 -1142.5366666666666 300
4467 -1143.96 300
4468 -1136.2033333333334 300
4469 -1126.9566666666667 300
4470 -1126.9566666666667 300
4471 -1126.9566666666667 300
4472 -1126.9566666666667 300
4473 -1126.9566666666667 300
4474 -1126.9566666666667 300
4475 -1127.1233333333332 300
4476 -1127.1233333333332 300
4477 -1127.1233333333332 300
4478 -1127.1233333333332 300
4479 -1127.1233333333332 300
4480 -1126.9333333333334 300
4481 -1126.93 300
4482 -1125.66 300
4483 -1125.14 300
4484 -1125.1833333333334 300
4485 -1125.2366666666667 300
4486 -1125.2366666666667 300
4487 -1125.28 300
4488 -1125.2366666666667 300
4489 -1125.2366666666667 300
4490 -1125.1933333333334 300
4491 -1125.1933333333334 300
4492 -1125.0966666666666 300
4493 -1125.01 300
4494 -1124.7066666666667 300
4495 -1124.7066666666667 300
4496 -1124.87 300
4497 -1124.74 300
4498 -1124.4866666666667 300
4499 -1123.8066666666666 300
4500 -1123.8066666666666 300
4501 -1122.91 300
4502 -1122.4766666666667 300
4503 -1120.6766666666667 300
4504 -1116.8333333333333 300
4505 -1110.6733333333334 300
4506 -1101.25 300
4507 -1078.3866666666668 300
4508 -1064.8066666666666 300
4509 -1052.62 300
4510 -1052.69 300
4511 -1052.7 300
4512 -1052.6833333333334 300
4513 -1052.79 300
4514 -1052.27 300
4515 -1049.2366666666667 300
4516 -1049.1066666666666 300
4517 -1048.8466666666666 300
4518 -1048.07 300
4519 -1045.8666666666666 300
4520 -1042.27 300
4521 -1037.9966666666667 300
4522 -1038.1266666666668 300
4523 -1038.39 300
4524 -1038.7366666666667 300
4525 -1038.5233333333333 300
4526 -1039.4766666666667 300
4527 -1041.3033333333333 300
4528 -1044.89 300
4529 -1047.0533333333333 300
4530 -1045.5166666666667 300
4531 -1045.8133333333333 300
4532 -1043.74 300
4533 -1043.19 300
4534 -1043.4433333333334 300
4535 -1044.22 300
4536 -1046.09 300
4537 -1044.0066666666667 300
4538 -1043.3233333333333 300
4539 -1044.7533333333333 300
4540 -1043.61 300
4541 -1045.4666666666667 300
4542 -1047.1733333333334 300
4543 -1047.0966666666666 300
4544 -1050.0433333333333 300
4545 -1050.0 300
4546 -1050.0 300
4547 -1049.87 300
4548 -1049.5666666666666 300
4549 -1048.96 300
4550 -1048.18 300
4551 -1046.8366666666666 300
4552 -1044.15 300
4553 -1040.5533333333333 300
4554 -1035.1366666666668 300
4555 -1033.79 300
4556 -1030.19 300
4557 -1027.5033333333333 300
4558 -1028.2366666666667 300
4559 -1029.8366666666666 300
4560 -1033.4266666666667 300
4561 -1036.3233333333333 300
4562 -1036.0966666666666 300
4563 -1035.5033333333333 300
4564 -1034.47 300
4565 -1033.08 300
4566 -1030.34 300
4567 -1029.8133333333333 300
4568 -1031.1533333333334 300
4569 -1031.9666666666667 300
4570 -1028.65 300
4571 -1028.38 300
4572 -1029.1433333333334 300
4573 -1027.65 300
4574 -1028.2733333333333 300
4575 -1029.41 300
4576 -1028.7066666666667 300
4577 -1028.62 300
4578 -1029.71 300
4579 -1032.36 300
4580 -1032.7266666666667 300
4581 -1033.8466666666666 300
4582 -1033.65 300
4583 -1030.7733333333333 300
4584 -1025.9766666666667 300
4585 -1025.4833333333333 300
4586 -1025.6433333333334 300
4587 -1025.6466666666668 300
4588 -1025.6433333333334 300
4589 -1025.4233333333334 300
4590 -1024.81 300
4591 -1022.86 300
4592 -1014.9266666666666 300
4593 -1015.0833333333334 300
4594 -1014.9333333333333 300
4595 -1015.0766666666667 300
4596 -1015.08 300
4597 -1014.9366666666666 300
4598 -1014.5333333333333 300
4599 -1013.7366666666667 300
4600 -1011.2166666666667 300
4601 -1011.2266666666667 300
4602 -1010.7933333333333 300
4603 -1010.1533333333333 300
4604 -1008.2466666666667 300
4605 -1005.9166666666666 300
4606 -999.93 300
4607 -999.97 300
4608 -1000.1433333333333 300
4609 -1000.5333333333333 300
4610 -1001.7466666666667 300
4611 -1003.7833333333333 300
4612 -1005.4266666666666 300
4613 -1005.4366666666666 300
4614 -1004.4733333333334 300
4615 -1004.5633333333334 300
4616 -1004.4733333333334 300
4617 -1004.28 300
4618 -1003.4066666666666 300
4619 -1004.5233333333333 300
4620 -1007.12 300
4621 -1009.32 300
4622 -1009.9166666666666 300
4623 -1010.1333333333333 300
4624 -1010.0466666666666 300
4625 -1010.1333333333333 300
4626 -1010.0466666666666 300
4627 -1009.83 300
4628 -1009.2666666666667 300
4629 -1008.0566666666666 300
4630 -1006.1533333333333 300
4631 -1007.7633333333333 300
4632 -1010.6666666666666 300
4633 -1011.1433333333333 300
4634 -1011.1866666666666 300
4635 -1011.1 300
4636 -1011.0133333333333 300
4637 -1010.7966666666666 300
4638 -1010.58 300
4639 -1010.2333333333333 300
4640 -1010.45 300
4641 -1010.22 300
4642 -1010.1433333333333 300
4643 -1009.97 300
4644 -1009.6666666666666 300
4645 -1009.4066666666666 300
4646 -1009.1466666666666 300
4647 -1008.28 300
4648 -1010.0033333333333 300
4649 -1010.48 300
4650 -1010.4366666666666 300
4651 -1010.3933333333333 300
4652 -1010.35 300
4653 -1010.1766666666666 300
4654 -1010.05 300
4655 -1009.3166666666667 300
4656 -1009.3133333333334 300
4657 -1008.5766666666667 300
4658 -1007.2766666666666 300
4659 -1004.85 300
4660 -1000.95 300
4661 -999.3466666666667 300
4662 -999.2166666666667 300
4663 -999.2166666666667 300
4664 -999.13 300
4665 -999.0 300
4666 -998.74 300
4667 -998.22 300
4668 -997.1366666666667 300
4669 -994.7533333333333 300
4670 -990.3 300
4671 -990.56 300
4672 -990.9133333333333 300
4673 -991.5666666666667 300
4674 -992.2666666666667 300
4675 -993.5766666666667 300
4676 -991.7166666666667 300
4677 -992.25 300
4678 -988.1333333333333 300
4679 -988.3066666666666 300
4680 -988.3066666666666 300
4681 -988.4433333333334 300
4682 -988.5033333333333 300
4683 -988.5833333333334 300
4684 -988.97 300
4685 -989.38 300
4686 -989.6366666666667 300
4687 -989.8766666666667 300
4688 -989.9933333333333 300
4689 -989.9466666666667 300
4690 -989.6333333333333 300
4691 -989.1466666666666 300
4692 -987.7666666666667 300
4693 -988.09 300
4694 -988.0233333333333 300
4695 -990.6766666666666 300
4696 -989.6466666666666 300
4697 -989.2633333333333 300
4698 -989.1266666666667 300
4699 -987.95 300
4700 -987.96 300
4701 -988.27 300
4702 -987.1166666666667 300
4703 -982.4633333333334 300
4704 -982.6033333333334 300
4705 -983.08 300
4706 -983.9933333333333 300
4707 -984.8633333333333 300
4708 -986.0266666666666 300
4709 -986.8833333333333 300
4710 -982.8 300
4711 -980.54 300
4712 -980.75 300
4713 -980.9133333333333 300
4714 -980.7766666666666 300
4715 -980.5433333333333 300
4716 -979.9233333333333 300
4717 -977.4533333333334 300
4718 -976.23 300
4719 -977.3033333333333 300
4720 -979.12 300
4721 -983.0533333333333 300
4722 -983.2133333333334 300
4723 -984.4266666666666 300
4724 -985.2733333333333 300
4725 -986.2866666666666 300
4726 -986.4166666666666 300
4727 -986.59 300
4728 -987.7766666666666 300
4729 -986.72 300
4730 -988.19 300
4731 -990.67 300
4732 -992.2233333333334 300
4733 -992.9033333333333 300
4734 -984.8 300
4735 -982.0166666666667 300
4736 -982.1433333333333 300
4737 -973.09 300
4738 -972.9966666666667 300
4739 -972.9 300
4740 -972.8033333333333 300
4741 -972.6533333333333 300
4742 -973.42 300
4743 -973.42 300
4744 -973.2166666666667 300
4745 -973.2166666666667 300
4746 -973.2166666666667 300
4747 -973.26 300
4748 -973.2166666666667 300
4749 -973.2166666666667 300
4750 -973.26 300
4751 -973.43 300
4752 -973.4266666666666 300
4753 -973.68 300
4754 -973.87 300
4755 -973.9866666666667 300
4756 -973.21 300
4757 -972.9166666666666 300
4758 -972.9133333333333 300
4759 -972.8266666666667 300
4760 -972.63 300
4761 -972.5 300
4762 -972.5 300
4763 -972.4933333333333 300
4764 -972.4933333333333 300
4765 -972.59 300
4766 -972.5933333333334 300
4767 -972.59 300
4768 -972.73 300
4769 -972.73 300
4770 -972.73 300
4771 -972.73 300
4772 -972.5933333333334 300
4773 -972.6466666666666 300
4774 -972.61 300
4775 -972.61 300
4776 -972.75 300
4777 -972.75 300
4778 -972.61 300
4779 -972.61 300
4780 -972.4333333333333 300
4781 -972.43 300
4782 -972.53 300
4783 -972.53 300
4784 -972.53 300
4785 -972.53 300
4786 -972.6266666666667 300
4787 -972.29 300
4788 -972.44 300
4789 -973.5133333333333 300
4790 -976.2733333333333 300
4791 -980.6333333333333 300
4792 -989.15 300
4793 -998.4866666666667 300
4794 -999.3566666666667 300
4795 -998.1 300
4796 -1000.7533333333333 300
4797 -1000.56 300
4798 -1000.27 300
4799 -999.9266666666666 300
4800 -1001.0433333333333 300
4801 -1001.0433333333333 300
4802 -1001.0433333333333 300
4803 -1001.0433333333333 300
4804 -1000.9966666666667 300
4805 -1000.9966666666667 300
4806 -1000.9866666666667 300
4807 -1000.9733333333334 300
4808 -1000.9233333333333 300
4809 -1000.8333333333334 300
4810 -1000.7 300
4811 -1000.2866666666666 300
4812 -999.9033333333333 300
4813 -999.9033333333333 300
4814 -999.9033333333333 300
4815 -999.9033333333333 300
4816 -999.9033333333333 300
4817 -999.9033333333333 300
4818 -999.9033333333333 300
4819 -1000.0 300
4820 -999.9566666666667 300
4821 -999.9133333333333 300
4822 -999.86 300
4823 -999.7733333333333 300
4824 -999.59 300
4825 -999.18 300
4826 -998.4833333333333 300
4827 -996.7166666666667 300
4828 -995.36 300
4829 -989.3666666666667 300
4830 -976.9933333333333 300
4831 -977.67 300
4832 -976.2733333333333 300
4833 -976.67 300
4834 -976.4 300
4835 -976.5366666666666 300
4836 -977.1566666666666 300
4837 -978.6233333333333 300
4838 -978.87 300
4839 -971.3866666666667 300
4840 -971.3866666666667 300
4841 -971.43 300
4842 -971.3333333333334 300
4843 -971.3333333333334 300
4844 -971.29 300
4845 -971.3333333333334 300
4846 -971.3333333333334 300
4847 -971.3333333333334 300
4848 -971.3766666666667 300
4849 -971.4733333333334 300
4850 -971.4733333333334 300
4851 -971.4733333333334 300
4852 -971.4733333333334 300
4853 -971.4733333333334 300
4854 -971.5166666666667 300
4855 -971.5166666666667 300
4856 -971.5166666666667 300
4857 -971.5166666666667 300
4858 -971.42 300
4859 -971.42 300
4860 -971.4633333333334 300
4861 -971.4633333333334 300
4862 -971.3766666666667 300
4863 -971.4633333333334 300
4864 -971.55 300
4865 -971.5066666666667 300
4866 -971.6366666666667 300
4867 -971.5933333333334 300
4868 -971.0733333333334 300
4869 -970.8133333333334 300
4870 -970.2933333333333 300
4871 -970.38 300
4872 -969.8933333333333 300
4873 -969.4866666666667 300
4874 -969.0866666666667 300
4875 -968.0533333333333 300
4876 -965.8 300
4877 -962.1166666666667 300
4878 -962.5066666666667 300
4879 -961.1633333333333 300
4880 -959.0033333333333 300
4881 -959.0066666666667 300
4882 -959.05 300
4883 -959.0933333333334 300
4884 -959.0933333333334 300
4885 -959.1366666666667 300
4886 -959.18 300
4887 -959.1366666666667 300
4888 -959.1366666666667 300
4889 -959.2766666666666 300
4890 -959.5133333333333 300
4891 -959.7466666666667 300
4892 -960.1233333333333 300
4893 -960.7 300
4894 -961.3566666666667 300
4895 -962.3766666666667 300
4896 -960.5133333333333 300
4897 -960.5433333333333 300
4898 -960.7166666666667 300
4899 -960.88 300
4900 -960.3166666666667 300
4901 -958.1933333333334 300
4902 -955.4633333333334 300
4903 -956.59 300
4904 -957.37 300
4905 -959.07 300
4906 -962.0166666666667 300
4907 -964.27 300
4908 -964.41 300
4909 -962.7633333333333 300
4910 -962.2966666666666 300
4911 -961.36 300
4912 -962.9633333333334 300
4913 -964.3966666666666 300
4914 -967.2566666666667 300
4915 -971.2433333333333 300
4916 -971.46 300
4917 -971.46 300
4918 -971.4166666666666 300
4919 -971.3733333333333 300
4920 -971.3733333333333 300
4921 -971.4166666666666 300
4922 -971.72 300
4923 -972.11 300
4924 -972.5 300
4925 -972.8533333333334 300
4926 -972.8966666666666 300
4927 -972.9833333333333 300
4928 -973.0266666666666 300
4929 -973.2 300
4930 -973.47 300
4931 -973.6866666666666 300
4932 -974.1633333333333 300
4933 -974.2833333333333 300
4934 -974.63 300
4935 -975.6266666666667 300
4936 -976.65 300
4937 -977.17 300
4938 -972.8866666666667 300
4939 -972.01 300
4940 -971.88 300
4941 -971.88 300
4942 -971.7066666666667 300
4943 -971.7066666666667 300
4944 -971.6633333333333 300
4945 -971.4766666666667 300
4946 -971.4766666666667 300
4947 -971.4766666666667 300
4948 -971.52 300
4949 -971.5733333333334 300
4950 -971.5733333333334 300
4951 -971.5733333333334 300
4952 -971.6166666666667 300
4953 -971.6166666666667 300
4954 -971.6166666666667 300
4955 -971.6166666666667 300
4956 -971.6166666666667 300
4957 -971.6166666666667 300
4958 -971.6166666666667 300
4959 -971.6166666666667 300
4960 -971.66 300
4961 -971.2 300
4962 -971.09 300
4963 -971.09 300
4964 -971.09 300
4965 -971.09 300
4966 -971.1333333333333 300
4967 -971.1333333333333 300
4968 -971.23 300
4969 -971.1866666666666 300
4970 -971.1866666666666 300
4971 -971.1866666666666 300
4972 -971.1866666666666 300
4973 -971.1866666666666 300
4974 -971.3266666666667 300
4975 -971.3266666666667 300
4976 -971.3366666666667 300
4977 -971.3833333333333 300
4978 -971.5233333333333 300
4979 -971.47 300
4980 -971.4666666666667 300
4981 -971.4666666666667 300
4982 -971.4666666666667 300
4983 -971.5533333333333 300
4984 -971.5533333333333 300
4985 -971.5533333333333 300
4986 -971.36 300
4987 -971.36 300
4988 -971.36 300
4989 -971.36 300
4990 -971.36 300
4991 -971.3633333333333 300
4992 -971.3166666666667 300
4993 -971.2733333333333 300
4994 -971.1433333333333 300
4995 -970.9266666666666 300
4996 -970.6666666666666 300
4997 -969.4133333333333 300
4998 -969.0666666666667 300
4999 -970.74 300
5000 -970.35 300
5001 -969.7433333333333 300
5002 -968.2266666666667 300
5003 -970.9133333333333 300
5004 -970.7833333333333 300
5005 -970.7833333333333 300
5006 -970.5666666666667 300
5007 -970.0033333333333 300
5008 -969.0533333333333 300
5009 -969.1833333333333 300
5010 -968.7033333333334 300
5011 -966.5366666666666 300
5012 -967.4033333333333 300
5013 -963.3733333333333 300
5014 -959.1266666666667 300
5015 -958.8766666666667 300
5016 -958.8766666666667 300
5017 -958.8766666666667 300
5018 -958.9733333333334 300
5019 -958.9733333333334 300
5020 -959.1566666666666 300
5021 -959.5866666666667 300
5022 -960.1166666666667 300
5023 -961.5233333333333 300
5024 -965.0466666666666 300
5025 -971.7333333333333 300
5026 -984.5366666666666 300
5027 -984.9733333333334 300
5028 -983.44 300
5029 -983.6233333333333 300
5030 -981.9966666666667 300
5031 -978.3166666666667 300
5032 -970.93 300
5033 -967.87 300
5034 -974.4733333333334 300
5035 -979.69 300
5036 -975.48 300
5037 -966.8366666666667 300
5038 -957.8033333333333 300
5039 -960.4133333333333 300
5040 -964.8433333333334 300
5041 -964.1266666666667 300
5042 -964.3633333333333 300
5043 -964.5133333333333 300
5044 -964.76 300
5045 -965.03 300
5046 -965.1133333333333 300
5047 -965.3233333333334 300
5048 -967.22 300
5049 -967.5033333333333 300
5050 -968.5933333333334 300
5051 -971.0 300
5052 -973.85 300
5053 -975.0266666666666 300
5054 -974.3466666666667 300
5055 -972.1166666666667 300
5056 -968.8466666666667 300
5057 -969.4666666666667 300
5058 -973.76 300
5059 -973.7366666666667 300
5060 -976.4533333333334 300
5061 -976.7766666666666 300
5062 -977.3166666666667 300
5063 -977.8633333333333 300
5064 -975.7033333333334 300
5065 -975.5566666666666 300
5066 -977.8033333333333 300
5067 -977.7366666666667 300
5068 -977.5733333333334 300
5069 -977.3 300
5070 -977.2666666666667 300
5071 -976.8133333333334 300
5072 -976.4233333333333 300
5073 -971.3066666666666 300
5074 -963.3366666666667 300
5075 -952.72 300
5076 -952.85 300
5077 -952.9366666666666 300
5078 -953.0233333333333 300
5079 -954.28 300
5080 -957.1833333333333 300
5081 -953.2833333333333 300
5082 -952.7633333333333 300
5083 -953.6733333333333 300
5084 -954.76 300
5085 -956.19 300
5086 -957.9233333333333 300
5087 -960.6066666666667 300
5088 -962.6866666666666 300
5089 -966.2833333333333 300
5090 -966.1533333333333 300
5091 -966.0233333333333 300
5092 -965.8933333333333 300
5093 -967.9966666666667 300
5094 -965.6566666666666 300
5095 -964.3133333333334 300
5096 -957.9433333333334 300
5097 -946.72 300
5098 -946.8066666666666 300
5099 -946.8066666666666 300
5100 -946.8066666666666 300
5101 -946.8933333333333 300
5102 -946.8933333333333 300
5103 -946.8933333333333 300
5104 -946.8933333333333 300
5105 -946.8966666666666 300
5106 -946.6433333333333 300
5107 -946.7333333333333 300
5108 -946.4766666666667 300
5109 -946.4766666666667 300
5110 -946.59 300
5111 -946.59 300
5112 -946.6333333333333 300
5113 -946.7633333333333 300
5114 -946.98 300
5115 -947.3666666666667 300
5116 -947.71 300
5117 -947.94 300
5118 -948.1566666666666 300
5119 -946.8133333333334 300
5120 -947.03 300
5121 -947.2033333333334 300
5122 -947.3 300
5123 -947.3433333333334 300
5124 -946.13 300
5125 -946.13 300
5126 -946.0866666666667 300
5127 -946.0866666666667 300
5128 -945.96 300
5129 -945.6133333333333 300
5130 -945.3533333333334 300
5131 -944.4 300
5132 -942.7533333333333 300
5133 -939.6333333333333 300
5134 -935.0333333333333 300
5135 -935.12 300
5136 -935.2066666666667 300
5137 -935.2933333333333 300
5138 -935.65 300
5139 -936.06 300
5140 -936.5033333333333 300
5141 -935.48 300
5142 -936.48 300
5143 -937.4466666666667 300
5144 -938.8133333333334 300
5145 -941.02 300
5146 -942.6466666666666 300
5147 -943.82 300
5148 -945.35 300
5149 -946.9266666666666 300
5150 -945.7633333333333 300
5151 -946.7033333333334 300
5152 -946.81 300
5153 -947.09 300
5154 -949.73 300
5155 -952.7066666666667 300
5156 -949.3066666666666 300
5157 -944.5333333333333 300
5158 -943.7966666666666 300
5159 -943.7533333333333 300
5160 -943.84 300
5161 -943.7533333333333 300
5162 -943.71 300
5163 -942.41 300
5164 -939.42 300
5165 -936.69 300
5166 -936.7333333333333 300
5167 -936.04 300
5168 -936.1266666666667 300
5169 -936.2566666666667 300
5170 -936.5166666666667 300
5171 -936.8633333333333 300
5172 -936.3 300
5173 -936.3433333333334 300
5174 -936.43 300
5175 -936.4733333333334 300
5176 -936.4733333333334 300
5177 -936.4766666666667 300
5178 -936.6133333333333 300
5179 -937.02 300
5180 -937.4333333333333 300
5181 -937.8933333333333 300
5182 -938.4033333333333 300
5183 -933.63 300
5184 -933.67 300
5185 -933.92 300
5186 -934.2566666666667 300
5187 -934.2366666666667 300
5188 -934.2933333333333 300
5189 -933.76 300
5190 -933.7633333333333 300
5191 -933.7633333333333 300
5192 -933.7633333333333 300
5193 -933.7666666666667 300
5194 -933.77 300
5195 -933.77 300
5196 -933.7666666666667 300
5197 -933.7666666666667 300
5198 -933.8133333333334 300
5199 -933.8166666666667 300
5200 -933.8166666666667 300
5201 -933.8166666666667 300
5202 -933.8166666666667 300
5203 -933.65 300
5204 -933.65 300
5205 -933.69 300
5206 -933.69 300
5207 -933.69 300
5208 -933.69 300
5209 -933.6933333333334 300
5210 -933.6933333333334 300
5211 -933.69 300
5212 -933.69 300
5213 -933.69 300
5214 -933.69 300
5215 -933.69 300
5216 -933.69 300
5217 -933.6933333333334 300
5218 -933.6966666666667 300
5219 -933.7033333333334 300
5220 -933.71 300
5221 -933.7166666666667 300
5222 -933.68 300
5223 -933.7033333333334 300
5224 -933.73 300
5225 -933.7433333333333 300
5226 -933.6533333333333 300
5227 -933.6566666666666 300
5228 -933.66 300
5229 -933.66 300
5230 -933.6633333333333 300
5231 -933.6666666666666 300
5232 -933.6733333333333 300
5233 -933.6766666666666 300
5234 -933.6766666666666 300
5235 -933.6833333333333 300
5236 -933.6833333333333 300
5237 -933.6866666666666 300
5238 -933.69 300
5239 -933.6966666666667 300
5240 -933.7 300
5241 -933.7033333333334 300
5242 -933.71 300
5243 -933.5 300
5244 -933.5033333333333 300
5245 -933.5066666666667 300
5246 -933.51 300
5247 -933.5133333333333 300
5248 -933.5166666666667 300
5249 -933.5266666666666 300
5250 -933.63 300
5251 -933.64 300
5252 -933.6433333333333 300
5253 -933.6166666666667 300
5254 -933.67 300
5255 -933.6733333333333 300
5256 -933.6766666666666 300
5257 -933.7766666666666 300
5258 -933.7866666666666 300
5259 -933.85 300
5260 -934.0333333333333 300
5261 -934.17 300
5262 -933.86 300
5263 -933.7966666666666 300
5264 -933.5866666666667 300
5265 -933.5866666666667 300
5266 -933.5933333333334 300
5267 -933.6433333333333 300
5268 -933.6933333333334 300
5269 -933.51 300
5270 -933.4666666666667 300
5271 -933.4233333333333 300
5272 -933.2066666666667 300
5273 -933.1633333333333 300
5274 -932.8166666666667 300
5275 -932.7733333333333 300
5276 -932.73 300
5277 -932.1666666666666 300
5278 -933.4033333333333 300
5279 -933.4033333333333 300
5280 -933.4033333333333 300
5281 -933.4566666666667 300
5282 -933.4566666666667 300
5283 -933.4566666666667 300
5284 -933.46 300
5285 -933.4066666666666 300
5286 -933.4066666666666 300
5287 -933.4066666666666 300
5288 -933.4066666666666 300
5289 -933.4066666666666 300
5290 -933.45 300
5291 -933.45 300
5292 -933.45 300
5293 -933.45 300
5294 -933.4933333333333 300
5295 -933.58 300
5296 -933.84 300
5297 -934.3166666666667 300
5298 -934.9666666666667 300
5299 -935.9633333333334 300
5300 -936.7 300
5301 -933.5766666666667 300
5302 -933.5766666666667 300
5303 -933.5766666666667 300
5304 -933.5766666666667 300
5305 -933.5766666666667 300
5306 -933.5733333333334 300
5307 -933.57 300
5308 -933.5766666666667 300
5309 -933.5766666666667 300
5310 -933.5766666666667 300
5311 -933.5766666666667 300
5312 -933.5766666666667 300
5313 -933.5766666666667 300
5314 -933.62 300
5315 -933.4833333333333 300
5316 -933.4833333333333 300
5317 -933.53 300
5318 -933.5266666666666 300
5319 -933.57 300
5320 -933.4766666666667 300
5321 -933.5733333333334 300
5322 -933.5733333333334 300
5323 -933.62 300
5324 -933.62 300
5325 -933.62 300
5326 -933.5766666666667 300
5327 -933.62 300
5328 -933.36 300
5329 -933.06 300
5330 -932.9733333333334 300
5331 -932.3666666666667 300
5332 -933.1033333333334 300
5333 -933.1033333333334 300
5334 -933.0166666666667 300
5335 -932.8433333333334 300
5336 -932.54 300
5337 -933.0166666666667 300
5338 -933.0166666666667 300
5339 -933.0166666666667 300
5340 -932.8866666666667 300
5341 -932.8433333333334 300
5342 -932.93 300
5343 -932.93 300
5344 -932.8 300
5345 -932.8 300
5346 -932.54 300
5347 -932.4966666666667 300
5348 -933.0166666666667 300
5349 -932.92 300
5350 -933.05 300
5351 -933.0933333333334 300
5352 -933.2666666666667 300
5353 -933.6666666666666 300
5354 -933.8833333333333 300
5355 -933.45 300
5356 -934.0133333333333 300
5357 -933.9266666666666 300
5358 -933.7966666666666 300
5359 -934.71 300
5360 -934.8 300
5361 -937.5766666666667 300
5362 -937.9266666666666 300
5363 -938.9333333333333 300
5364 -939.64 300
5365 -940.8233333333334 300
5366 -938.6833333333333 300
5367 -938.8033333333333 300
5368 -939.9466666666667 300
5369 -940.5366666666666 300
5370 -940.4366666666666 300
5371 -938.4933333333333 300
5372 -940.9333333333333 300
5373 -942.8066666666666 300
5374 -940.93 300
5375 -938.95 300
5376 -939.4633333333334 300
5377 -939.51 300
5378 -938.3533333333334 300
5379 -938.3233333333334 300
5380 -939.6366666666667 300
5381 -937.1066666666667 300
5382 -934.8566666666667 300
5383 -937.41 300
5384 -940.3466666666667 300
5385 -944.2733333333333 300
5386 -944.1933333333334 300
5387 -943.39 300
5388 -942.1466666666666 300
5389 -939.9366666666666 300
5390 -935.9933333333333 300
5391 -935.2333333333333 300
5392 -935.2733333333333 300
5393 -935.8766666666667 300
5394 -935.8766666666667 300
5395 -935.8733333333333 300
5396 -935.87 300
5397 -935.99 300
5398 -935.94 300
5399 -935.8933333333333 300
5400 -935.5 300
5401 -935.8 300
5402 -935.84 300
5403 -935.2333333333333 300
5404 -934.32 300
5405 -933.6233333333333 300
5406 -930.89 300
5407 -931.0933333333334 300
5408 -930.0933333333334 300
5409 -931.0366666666666 300
5410 -925.4866666666667 300
5411 -926.1366666666667 300
5412 -926.9166666666666 300
5413 -924.4466666666667 300
5414 -922.1766666666666 300
5415 -922.2633333333333 300
5416 -922.3 300
5417 -922.31 300
5418 -922.44 300
5419 -922.57 300
5420 -922.7466666666667 300
5421 -922.9633333333334 300
5422 -923.2666666666667 300
5423 -923.7433333333333 300
5424 -924.22 300
5425 -924.92 300
5426 -924.7033333333334 300
5427 -925.1366666666667 300
5428 -924.74 300
5429 -925.1766666666666 300
5430 -925.8666666666667 300
5431 -926.2133333333334 300
5432 -926.9966666666667 300
5433 -927.82 300
5434 -928.99 300
5435 -927.95 300
5436 -925.35 300
5437 -923.14 300
5438 -923.1833333333333 300
5439 -923.2266666666667 300
5440 -923.1866666666666 300
5441 -922.75 300
5442 -922.7933333333333 300
5443 -922.8366666666667 300
5444 -921.0433333333333 300
5445 -921.0433333333333 300
5446 -921.0433333333333 300
5447 -921.0433333333333 300
5448 -921.0433333333333 300
5449 -921.0433333333333 300
5450 -921.0433333333333 300
5451 -921.0433333333333 300
5452 -921.0866666666667 300
5453 -921.0866666666667 300
5454 -921.0866666666667 300
5455 -921.13 300
5456 -921.1733333333333 300
5457 -921.1733333333333 300
5458 -921.1733333333333 300
5459 -921.0 300
5460 -921.0433333333333 300
5461 -921.0433333333333 300
5462 -921.0433333333333 300
5463 -921.0 300
5464 -921.0433333333333 300
5465 -921.0433333333333 300
5466 -921.1566666666666 300
5467 -921.1566666666666 300
5468 -921.1566666666666 300
5469 -921.1566666666666 300
5470 -921.1566666666666 300
5471 -921.1566666666666 300
5472 -921.1566666666666 300
5473 -921.1966666666667 300
5474 -921.1966666666667 300
5475 -921.2333333333333 300
5476 -921.15 300
5477 -921.1466666666666 300
5478 -921.1433333333333 300
5479 -921.14 300
5480 -921.1366666666667 300
5481 -921.17 300
5482 -921.2433333333333 300
5483 -921.36 300
5484 -921.88 300
5485 -922.3433333333334 300
5486 -923.24 300
5487 -925.0733333333334 300
5488 -928.51 300
5489 -928.6866666666666 300
5490 -927.7466666666667 300
5491 -926.2633333333333 300
5492 -923.5633333333334 300
5493 -923.7866666666666 300
5494 -924.11 300
5495 -924.54 300
5496 -924.9233333333333 300
5497 -925.2433333333333 300
5498 -926.01 300
5499 -924.3666666666667 300
5500 -922.2033333333334 300
5501 -922.26 300
5502 -922.3666666666667 300
5503 -922.4133333333333 300
5504 -922.6333333333333 300
5505 -922.86 300
5506 -920.8 300
5507 -920.5 300
5508 -920.5 300
5509 -920.5 300
5510 -920.5433333333333 300
5511 -920.5866666666667 300
5512 -920.5866666666667 300
5513 -920.5866666666667 300
5514 -920.6733333333333 300
5515 -920.6733333333333 300
5516 -920.7133333333334 300
5517 -920.8 300
5518 -921.1166666666667 300
5519 -921.7266666666667 300
5520 -922.68 300
5521 -924.0666666666667 300
5522 -925.9733333333334 300
5523 -926.15 300
5524 -926.24 300
5525 -926.2 300
5526 -926.2 300
5527 -926.16 300
5528 -925.79 300
5529 -925.16 300
5530 -924.33 300
5531 -922.28 300
5532 -917.88 300
5533 -918.8633333333333 300
5534 -915.27 300
5535 -915.69 300
5536 -911.7233333333334 300
5537 -912.0533333333333 300
5538 -912.34 300
5539 -912.6266666666667 300
5540 -912.7833333333333 300
5541 -913.3966666666666 300
5542 -913.95 300
5543 -914.5 300
5544 -913.5466666666666 300
5545 -913.5966666666667 300
5546 -913.6466666666666 300
5547 -913.6033333333334 300
5548 -914.5133333333333 300
5549 -915.56 300
5550 -917.65 300
5551 -918.29 300
5552 -918.8533333333334 300
5553 -918.7566666666667 300
5554 -918.6666666666666 300
5555 -918.48 300
5556 -920.3233333333334 300
5557 -920.18 300
5558 -920.04 300
5559 -919.8533333333334 300
5560 -919.6666666666666 300
5561 -919.5733333333334 300
5562 -919.3866666666667 300
5563 -919.2 300
5564 -917.79 300
5565 -916.0133333333333 300
5566 -911.4433333333334 300
5567 -907.2633333333333 300
5568 -907.27 300
5569 -907.2666666666667 300
5570 -907.2666666666667 300
5571 -907.31 300
5572 -907.3633333333333 300
5573 -907.4233333333333 300
5574 -907.4733333333334 300
5575 -907.52 300
5576 -907.66 300
5577 -907.9 300
5578 -907.9533333333334 300
5579 -907.5133333333333 300
5580 -907.1033333333334 300
5581 -907.1066666666667 300
5582 -907.4633333333334 300
5583 -907.51 300
5584 -907.5066666666667 300
5585 -907.5033333333333 300
5586 -907.4866666666667 300
5587 -907.4533333333334 300
5588 -907.3733333333333 300
5589 -907.28 300
5590 -907.33 300
5591 -907.5333333333333 300
5592 -907.5366666666666 300
5593 -907.58 300
5594 -907.58 300
5595 -907.58 300
5596 -907.5866666666667 300
5597 -907.5966666666667 300
5598 -907.6 300
5599 -907.6533333333333 300
5600 -907.46 300
5601 -907.51 300
5602 -907.51 300
5603 -907.6466666666666 300
5604 -907.6933333333334 300
5605 -907.79 300
5606 -907.9833333333333 300
5607 -908.26 300
5608 -908.7766666666666 300
5609 -909.5666666666667 300
5610 -910.7366666666667 300
5611 -912.8066666666666 300
5612 -916.9466666666667 300
5613 -919.1233333333333 300
5614 -919.1166666666667 300
5615 -919.03 300
5616 -918.9433333333334 300
5617 -918.8566666666667 300
5618 -918.7566666666667 300
5619 -916.6233333333333 300
5620 -912.4533333333334 300
5621 -912.3633333333333 300
5622 -912.2266666666667 300
5623 -912.1333333333333 300
5624 -911.9966666666667 300
5625 -911.7533333333333 300
5626 -913.5433333333333 300
5627 -916.77 300
5628 -920.7633333333333 300
5629 -920.6466666666666 300
5630 -920.4666666666667 300
5631 -920.53 300
5632 -920.31 300
5633 -919.8166666666667 300
5634 -919.87 300
5635 -919.95 300
5636 -920.0566666666666 300
5637 -920.31 300
5638 -920.4566666666667 300
5639 -920.9866666666667 300
5640 -920.9766666666667 300
5641 -920.97 300
5642 -920.91 300
5643 -920.8566666666667 300
5644 -920.82 300
5645 -920.7566666666667 300
5646 -920.5933333333334 300
5647 -920.3533333333334 300
5648 -920.6 300
5649 -920.8666666666667 300
5650 -920.67 300
5651 -920.01 300
5652 -920.0366666666666 300
5653 -919.7833333333333 300
5654 -919.7366666666667 300
5655 -919.7433333333333 300
5656 -919.75 300
5657 -919.7566666666667 300
5658 -919.77 300
5659 -919.7966666666666 300
5660 -919.8166666666667 300
5661 -919.8233333333334 300
5662 -919.8433333333334 300
5663 -919.87 300
5664 -919.8833333333333 300
5665 -919.89 300
5666 -919.8966666666666 300
5667 -919.9033333333333 300
5668 -919.91 300
5669 -920.0933333333334 300
5670 -920.3266666666667 300
5671 -920.48 300
5672 -920.5333333333333 300
5673 -920.7266666666667 300
5674 -920.8233333333334 300
5675 -920.9933333333333 300
5676 -921.1133333333333 300
5677 -921.12 300
5678 -920.2933333333333 300
5679 -920.2933333333333 300
5680 -920.2966666666666 300
5681 -920.2966666666666 300
5682 -920.3366666666667 300
5683 -920.3366666666667 300
5684 -920.3866666666667 300
5685 -920.5 300
5686 -920.5 300
5687 -920.5133333333333 300
5688 -919.1133333333333 300
5689 -919.1133333333333 300
5690 -919.1133333333333 300
5691 -919.1133333333333 300
5692 -919.1133333333333 300
5693 -919.1133333333333 300
5694 -919.1133333333333 300
5695 -919.1133333333333 300
5696 -919.1133333333333 300
5697 -919.1133333333333 300
5698 -919.1133333333333 300
5699 -919.2133333333334 300
5700 -919.2133333333334 300
5701 -919.2133333333334 300
5702 -919.21 300
5703 -919.21 300
5704 -919.21 300
5705 -919.2133333333334 300
5706 -919.2166666666667 300
5707 -919.2166666666667 300
5708 -919.2166666666667 300
5709 -919.2166666666667 300
5710 -919.2166666666667 300
5711 -919.22 300
5712 -919.22 300
5713 -919.3233333333334 300
5714 -919.3266666666667 300
5715 -919.3333333333334 300
5716 -919.3433333333334 300
5717 -919.3366666666667 300
5718 -919.38 300
5719 -919.38 300
5720 -919.38 300
5721 -919.33 300
5722 -919.33 300
5723 -919.3366666666667 300
5724 -919.34 300
5725 -919.3433333333334 300
5726 -919.35 300
5727 -919.35 300
5728 -919.3533333333334 300
5729 -919.3566666666667 300
5730 -919.3566666666667 300
5731 -919.3666666666667 300
5732 -919.1766666666666 300
5733 -919.1333333333333 300
5734 -919.1366666666667 300
5735 -919.12 300
5736 -919.1266666666667 300
5737 -919.0533333333333 300
5738 -919.05 300
5739 -919.05 300
5740 -919.05 300
5741 -919.0066666666667 300
5742 -918.9633333333334 300
5743 -919.05 300
5744 -919.0933333333334 300
5745 -919.0933333333334 300
5746 -919.0933333333334 300
5747 -919.18 300
5748 -919.18 300
5749 -919.1366666666667 300
5750 -919.1366666666667 300
5751 -919.1366666666667 300
5752 -919.1366666666667 300
5753 -919.1366666666667 300
5754 -919.1366666666667 300
5755 -919.1366666666667 300
5756 -919.1366666666667 300
5757 -919.1366666666667 300
5758 -919.1366666666667 300
5759 -919.1366666666667 300
5760 -919.18 300
5761 -919.14 300
5762 -919.14 300
5763 -919.14 300
5764 -919.14 300
5765 -919.14 300
5766 -919.14 300
5767 -919.14 300
5768 -919.14 300
5769 -919.2833333333333 300
5770 -919.4266666666666 300
5771 -919.4266666666666 300
5772 -919.5166666666667 300
5773 -919.5166666666667 300
5774 -919.5166666666667 300
5775 -919.6133333333333 300
5776 -919.61 300
5777 -919.5966666666667 300
5778 -919.56 300
5779 -919.5 300
5780 -919.39 300
5781 -919.1466666666666 300
5782 -919.1533333333333 300
5783 -919.1433333333333 300
5784 -919.2933333333333 300
5785 -920.01 300
5786 -921.0166666666667 300
5787 -922.6933333333334 300
5788 -924.0533333333333 300
5789 -926.1133333333333 300
5790 -929.5533333333333 300
5791 -929.04 300
5792 -927.5666666666667 300
5793 -926.1833333333333 300
5794 -922.9033333333333 300
5795 -914.31 300
5796 -897.8766666666667 300
5797 -897.16 300
5798 -897.16 300
5799 -897.1166666666667 300
5800 -897.16 300
5801 -897.2033333333334 300
5802 -897.2033333333334 300
5803 -897.2466666666667 300
5804 -897.2033333333334 300
5805 -897.16 300
5806 -897.2066666666667 300
5807 -897.1633333333333 300
5808 -897.0333333333333 300
5809 -896.99 300
5810 -899.72 300
5811 -901.8866666666667 300
5812 -902.2333333333333 300
5813 -902.1466666666666 300
5814 -902.0566666666666 300
5815 -901.5833333333334 300
5816 -901.7566666666667 300
5817 -901.2466666666667 300
5818 -899.8166666666667 300
5819 -897.9966666666667 300
5820 -892.98 300
5821 -893.0766666666667 300
5822 -893.51 300
5823 -893.8033333333333 300
5824 -894.8 300
5825 -895.71 300
5826 -897.3133333333334 300
5827 -894.8433333333334 300
5828 -895.19 300
5829 -895.6666666666666 300
5830 -896.3166666666667 300
5831 -897.54 300
5832 -898.6233333333333 300
5833 -900.81 300
5834 -902.6933333333334 300
5835 -902.3833333333333 300
5836 -902.5133333333333 300
5837 -902.6 300
5838 -902.8166666666667 300
5839 -903.0333333333333 300
5840 -900.9966666666667 300
5841 -900.0866666666667 300
5842 -900.13 300
5843 -900.1733333333333 300
5844 -900.3033333333333 300
5845 -893.4566666666667 300
5846 -893.4566666666667 300
5847 -893.5 300
5848 -893.63 300
5849 -893.76 300
5850 -893.8466666666667 300
5851 -894.2366666666667 300
5852 -894.93 300
5853 -896.0133333333333 300
5854 -898.1366666666667 300
5855 -898.7466666666667 300
5856 -894.4533333333334 300
5857 -895.13 300
5858 -895.91 300
5859 -896.8633333333333 300
5860 -898.52 300
5861 -899.4933333333333 300
5862 -905.37 300
5863 -905.9366666666666 300
5864 -904.23 300
5865 -904.74 300
5866 -905.57 300
5867 -907.0166666666667 300
5868 -909.0666666666667 300
5869 -912.51 300
5870 -915.4533333333334 300
5871 -917.2766666666666 300
5872 -915.4166666666666 300
5873 -916.6066666666667 300
5874 -914.41 300
5875 -908.6733333333333 300
5876 -906.0 300
5877 -906.0066666666667 300
5878 -906.1266666666667 300
5879 -906.2966666666666 300
5880 -906.3466666666667 300
5881 -906.5033333333333 300
5882 -906.5066666666667 300
5883 -906.52 300
5884 -906.66 300
5885 -906.6666666666666 300
5886 -906.8133333333334 300
5887 -907.0666666666667 300
5888 -906.9933333333333 300
5889 -907.0933333333334 300
5890 -907.0966666666667 300
5891 -907.1 300
5892 -907.2433333333333 300
5893 -907.41 300
5894 -907.4666666666667 300
5895 -907.47 300
5896 -907.3 300
5897 -907.7733333333333 300
5898 -907.7433333333333 300
5899 -907.84 300
5900 -908.1333333333333 300
5901 -908.3166666666667 300
5902 -908.7033333333334 300
5903 -908.8433333333334 300
5904 -908.9333333333333 300
5905 -909.1633333333333 300
5906 -909.1633333333333 300
5907 -909.4366666666666 300
5908 -909.7033333333334 300
5909 -910.0566666666666 300
5910 -910.7133333333334 300
5911 -911.08 300
5912 -911.4466666666667 300
5913 -912.0566666666666 300
5914 -912.8 300
5915 -911.4866666666667 300
5916 -911.93 300
5917 -912.1433333333333 300
5918 -912.7433333333333 300
5919 -908.49 300
5920 -908.58 300
5921 -908.76 300
5922 -908.9 300
5923 -909.08 300
5924 -907.8566666666667 300
5925 -908.08 300
5926 -908.39 300
5927 -908.7 300
5928 -908.9233333333333 300
5929 -908.49 300
5930 -908.5833333333334 300
5931 -908.85 300
5932 -909.1133333333333 300
5933 -909.3566666666667 300
5934 -909.62 300
5935 -910.0166666666667 300
5936 -910.9066666666666 300
5937 -912.0066666666667 300
5938 -913.3666666666667 300
5939 -913.87 300
5940 -915.82 300
5941 -914.2933333333333 300
5942 -913.4266666666666 300
5943 -912.1733333333333 300
5944 -909.8366666666667 300
5945 -904.3766666666667 300
5946 -900.7166666666667 300
5947 -902.71 300
5948 -906.2633333333333 300
5949 -906.5133333333333 300
5950 -906.4233333333333 300
5951 -906.4666666666667 300
5952 -906.6433333333333 300
5953 -906.2966666666666 300
5954 -905.4733333333334 300
5955 -903.3066666666666 300
5956 -900.49 300
5957 -900.1866666666666 300
5958 -892.8633333333333 300
5959 -892.95 300
5960 -891.4766666666667 300
5961 -891.52 300
5962 -891.5633333333334 300
5963 -891.65 300
5964 -891.6933333333334 300
5965 -891.7366666666667 300
5966 -891.78 300
5967 -891.78 300
5968 -891.8666666666667 300
5969 -891.8666666666667 300
5970 -892.2666666666667 300
5971 -892.4833333333333 300
5972 -892.9166666666666 300
5973 -893.3066666666666 300
5974 -894.13 300
5975 -895.0833333333334 300
5976 -894.9533333333334 300
5977 -895.04 300
5978 -896.21 300
5979 -897.8133333333334 300
5980 -900.2833333333333 300
5981 -901.8 300
5982 -901.6266666666667 300
5983 -901.54 300
5984 -901.15 300
5985 -900.24 300
5986 -899.07 300
5987 -902.1466666666666 300
5988 -902.0166666666667 300
5989 -902.1466666666666 300
5990 -902.4066666666666 300
5991 -902.8866666666667 300
5992 -903.7533333333333 300
5993 -905.4 300
5994 -907.9033333333333 300
5995 -910.8566666666667 300
5996 -908.8233333333334 300
5997 -905.53 300
5998 -899.51 300
5999 -891.9733333333334 300
6000 -893.5366666666666 300
