1016.0 -812.0 
961.0 -765.0 
961.0 -765.0 
1005.0 -802.0 
984.0 -800.0 
970.0 -790.0 
965.0 -776.0 
969.0 -778.0 
1010.0 -810.0 
982.0 -799.0 
1008.0 -805.0 
975.0 -793.0 
979.0 -796.0 
975.0 -793.0 
979.0 -796.0 
1008.0 -805.0 
1005.0 -802.0 
965.0 -776.0 
970.0 -790.0 
984.0 -800.0 
1010.0 -810.0 
968.0 -777.0 
969.0 -778.0 
968.0 -777.0 
961.0 -765.0 
979.0 -796.0 
1008.0 -805.0 
965.0 -776.0 
1010.0 -810.0 
984.0 -800.0 
968.0 -777.0 
1008.0 -805.0 
965.0 -776.0 
1010.0 -810.0 
984.0 -800.0 
968.0 -777.0 
1008.0 -805.0 
1010.0 -810.0 
984.0 -800.0 
968.0 -777.0 
1008.0 -805.0 
1010.0 -810.0 
984.0 -800.0 
968.0 -777.0 
1008.0 -805.0 
1010.0 -810.0 
984.0 -800.0 
968.0 -777.0 
1008.0 -805.0 
1010.0 -810.0 
984.0 -800.0 
1008.0 -805.0 
1010.0 -810.0 
984.0 -800.0 
1008.0 -805.0 
1010.0 -810.0 
984.0 -800.0 
1008.0 -805.0 
1010.0 -810.0 
984.0 -800.0 
1008.0 -805.0 
984.0 -800.0 
1008.0 -805.0 
984.0 -800.0 
1008.0 -805.0 
984.0 -800.0 
1008.0 -805.0 
984.0 -800.0 
1008.0 -805.0 
984.0 -800.0 
1008.0 -805.0 
984.0 -800.0 
1008.0 -805.0 
984.0 -800.0 
1008.0 -805.0 
1008.0 -805.0 
1008.0 -805.0 
1008.0 -805.0 
1008.0 -805.0 
1008.0 -805.0 
1008.0 -805.0 
1008.0 -805.0 
1008.0 -805.0 
1008.0 -805.0 
1008.0 -805.0 
1008.0 -805.0 
1008.0 -805.0 
1008.0 -805.0 
1008.0 -805.0 
1008.0 -805.0 
1008.0 -805.0 
1008.0 -805.0 
1008.0 -805.0 
1008.0 -805.0 
1008.0 -805.0 
1008.0 -805.0 
1008.0 -805.0 
1008.0 -805.0 
1008.0 -805.0 
1008.0 -805.0 
1008.0 -805.0 
1008.0 -805.0 
1008.0 -805.0 
1008.0 -805.0 
1008.0 -805.0 
1008.0 -805.0 
1008.0 -805.0 
1008.0 -805.0 
1008.0 -805.0 
1008.0 -805.0 
1008.0 -805.0 
1008.0 -805.0 
1008.0 -805.0 
1008.0 -805.0 
1008.0 -805.0 
1008.0 -805.0 
1008.0 -805.0 
1008.0 -805.0 
1008.0 -805.0 
1008.0 -805.0 
1008.0 -805.0 
1008.0 -805.0 
1008.0 -805.0 
1008.0 -805.0 
1008.0 -805.0 
1008.0 -805.0 
1008.0 -805.0 
1008.0 -805.0 
1008.0 -805.0 
1008.0 -805.0 
1008.0 -805.0 
1008.0 -805.0 
1008.0 -805.0 
1008.0 -805.0 
1008.0 -805.0 
1008.0 -805.0 
1008.0 -805.0 
1008.0 -805.0 
1008.0 -805.0 
1008.0 -805.0 
1008.0 -805.0 
1008.0 -805.0 
1008.0 -805.0 
1008.0 -805.0 
1008.0 -805.0 
1008.0 -805.0 
1008.0 -805.0 
1008.0 -805.0 
1008.0 -805.0 
1008.0 -805.0 
1008.0 -805.0 
1008.0 -805.0 
1008.0 -805.0 
984.0 -800.0 
984.0 -800.0 
984.0 -800.0 
968.0 -777.0 
1008.0 -805.0 
1008.0 -805.0 
1008.0 -805.0 
1008.0 -805.0 
984.0 -800.0 
968.0 -777.0 
984.0 -800.0 
984.0 -800.0 
968.0 -777.0 
968.0 -777.0 
968.0 -777.0 
1008.0 -805.0 
968.0 -777.0 
984.0 -800.0 
1008.0 -805.0 
984.0 -800.0 
1008.0 -805.0 
965.0 -776.0 
1008.0 -805.0 
968.0 -777.0 
984.0 -800.0 
984.0 -800.0 
1008.0 -805.0 
968.0 -777.0 
968.0 -777.0 
968.0 -777.0 
965.0 -776.0 
968.0 -777.0 
979.0 -796.0 
1008.0 -805.0 
1008.0 -805.0 
968.0 -777.0 
1008.0 -805.0 
1008.0 -805.0 
984.0 -800.0 
984.0 -800.0 
968.0 -777.0 
1008.0 -805.0 
968.0 -777.0 
984.0 -800.0 
1008.0 -805.0 
984.0 -800.0 
979.0 -796.0 
1008.0 -805.0 
1008.0 -805.0 
979.0 -796.0 
984.0 -800.0 
984.0 -800.0 
968.0 -777.0 
968.0 -777.0 
968.0 -777.0 
968.0 -777.0 
965.0 -776.0 
968.0 -777.0 
984.0 -800.0 
984.0 -800.0 
1008.0 -805.0 
965.0 -776.0 
1010.0 -810.0 
968.0 -777.0 
965.0 -776.0 
965.0 -776.0 
1008.0 -805.0 
1008.0 -805.0 
968.0 -777.0 
968.0 -777.0 
984.0 -800.0 
968.0 -777.0 
984.0 -800.0 
968.0 -777.0 
1008.0 -805.0 
1008.0 -805.0 
1008.0 -805.0 
1008.0 -805.0 
984.0 -800.0 
968.0 -777.0 
984.0 -800.0 
984.0 -800.0 
968.0 -777.0 
968.0 -777.0 
968.0 -777.0 
968.0 -777.0 
1008.0 -805.0 
1008.0 -805.0 
984.0 -800.0 
984.0 -800.0 
984.0 -800.0 
984.0 -800.0 
979.0 -796.0 
984.0 -800.0 
968.0 -777.0 
968.0 -777.0 
1008.0 -805.0 
968.0 -777.0 
1008.0 -805.0 
965.0 -776.0 
965.0 -776.0 
968.0 -777.0 
1008.0 -805.0 
984.0 -800.0 
965.0 -776.0 
1008.0 -805.0 
968.0 -777.0 
968.0 -777.0 
984.0 -800.0 
984.0 -800.0 
984.0 -800.0 
968.0 -777.0 
984.0 -800.0 
984.0 -800.0 
968.0 -777.0 
968.0 -777.0 
968.0 -777.0 
984.0 -800.0 
1008.0 -805.0 
984.0 -800.0 
1008.0 -805.0 
1008.0 -805.0 
984.0 -800.0 
968.0 -777.0 
984.0 -800.0 
984.0 -800.0 
965.0 -776.0 
968.0 -777.0 
968.0 -777.0 
968.0 -777.0 
984.0 -800.0 
968.0 -777.0 
1008.0 -805.0 
984.0 -800.0 
984.0 -800.0 
968.0 -777.0 
984.0 -800.0 
968.0 -777.0 
968.0 -777.0 
1008.0 -805.0 
984.0 -800.0 
984.0 -800.0 
965.0 -776.0 
1008.0 -805.0 
1008.0 -805.0 
1008.0 -805.0 
1008.0 -805.0 
