965.0 -831.0 
1004.0 -862.0 
965.0 -831.0 
980.0 -843.0 
985.0 -848.0 
984.0 -846.0 
997.0 -855.0 
990.0 -851.0 
975.0 -840.0 
992.0 -853.0 
975.0 -840.0 
968.0 -835.0 
983.0 -844.0 
970.0 -837.0 
985.0 -848.0 
966.0 -832.0 
990.0 -851.0 
968.0 -835.0 
970.0 -837.0 
973.0 -839.0 
973.0 -839.0 
992.0 -853.0 
999.0 -857.0 
1000.0 -859.0 
997.0 -855.0 
1003.0 -861.0 
1001.0 -860.0 
966.0 -832.0 
1003.0 -861.0 
1000.0 -859.0 
1001.0 -860.0 
998.0 -856.0 
991.0 -852.0 
999.0 -857.0 
991.0 -852.0 
983.0 -844.0 
998.0 -856.0 
965.0 -831.0 
975.0 -840.0 
985.0 -848.0 
990.0 -851.0 
968.0 -835.0 
992.0 -853.0 
997.0 -855.0 
966.0 -832.0 
1000.0 -859.0 
1001.0 -860.0 
983.0 -844.0 
991.0 -852.0 
999.0 -857.0 
998.0 -856.0 
965.0 -831.0 
975.0 -840.0 
985.0 -848.0 
990.0 -851.0 
968.0 -835.0 
992.0 -853.0 
997.0 -855.0 
966.0 -832.0 
1000.0 -859.0 
1001.0 -860.0 
999.0 -857.0 
983.0 -844.0 
998.0 -856.0 
991.0 -852.0 
965.0 -831.0 
985.0 -848.0 
990.0 -851.0 
968.0 -835.0 
992.0 -853.0 
997.0 -855.0 
966.0 -832.0 
1001.0 -860.0 
1000.0 -859.0 
999.0 -857.0 
983.0 -844.0 
998.0 -856.0 
991.0 -852.0 
965.0 -831.0 
985.0 -848.0 
990.0 -851.0 
968.0 -835.0 
992.0 -853.0 
997.0 -855.0 
966.0 -832.0 
983.0 -844.0 
1001.0 -860.0 
1000.0 -859.0 
991.0 -852.0 
998.0 -856.0 
965.0 -831.0 
985.0 -848.0 
990.0 -851.0 
968.0 -835.0 
992.0 -853.0 
997.0 -855.0 
983.0 -844.0 
1001.0 -860.0 
1000.0 -859.0 
998.0 -856.0 
991.0 -852.0 
965.0 -831.0 
985.0 -848.0 
990.0 -851.0 
968.0 -835.0 
992.0 -853.0 
997.0 -855.0 
1000.0 -859.0 
983.0 -844.0 
998.0 -856.0 
1001.0 -860.0 
991.0 -852.0 
965.0 -831.0 
985.0 -848.0 
990.0 -851.0 
968.0 -835.0 
992.0 -853.0 
997.0 -855.0 
1000.0 -859.0 
998.0 -856.0 
983.0 -844.0 
1001.0 -860.0 
991.0 -852.0 
965.0 -831.0 
985.0 -848.0 
990.0 -851.0 
968.0 -835.0 
992.0 -853.0 
997.0 -855.0 
1000.0 -859.0 
983.0 -844.0 
998.0 -856.0 
1001.0 -860.0 
991.0 -852.0 
965.0 -831.0 
985.0 -848.0 
990.0 -851.0 
968.0 -835.0 
992.0 -853.0 
997.0 -855.0 
1000.0 -859.0 
998.0 -856.0 
983.0 -844.0 
1001.0 -860.0 
991.0 -852.0 
985.0 -848.0 
990.0 -851.0 
992.0 -853.0 
997.0 -855.0 
968.0 -835.0 
1000.0 -859.0 
983.0 -844.0 
998.0 -856.0 
1001.0 -860.0 
991.0 -852.0 
985.0 -848.0 
990.0 -851.0 
968.0 -835.0 
992.0 -853.0 
997.0 -855.0 
1000.0 -859.0 
983.0 -844.0 
998.0 -856.0 
1001.0 -860.0 
991.0 -852.0 
985.0 -848.0 
990.0 -851.0 
968.0 -835.0 
992.0 -853.0 
997.0 -855.0 
1000.0 -859.0 
983.0 -844.0 
998.0 -856.0 
1001.0 -860.0 
991.0 -852.0 
985.0 -848.0 
990.0 -851.0 
968.0 -835.0 
992.0 -853.0 
997.0 -855.0 
1000.0 -859.0 
998.0 -856.0 
983.0 -844.0 
1001.0 -860.0 
985.0 -848.0 
990.0 -851.0 
968.0 -835.0 
992.0 -853.0 
997.0 -855.0 
1000.0 -859.0 
983.0 -844.0 
998.0 -856.0 
1001.0 -860.0 
985.0 -848.0 
968.0 -835.0 
990.0 -851.0 
1000.0 -859.0 
998.0 -856.0 
983.0 -844.0 
992.0 -853.0 
997.0 -855.0 
968.0 -835.0 
990.0 -851.0 
1000.0 -859.0 
983.0 -844.0 
998.0 -856.0 
992.0 -853.0 
997.0 -855.0 
968.0 -835.0 
990.0 -851.0 
1000.0 -859.0 
983.0 -844.0 
998.0 -856.0 
992.0 -853.0 
997.0 -855.0 
968.0 -835.0 
990.0 -851.0 
1000.0 -859.0 
983.0 -844.0 
998.0 -856.0 
992.0 -853.0 
997.0 -855.0 
968.0 -835.0 
990.0 -851.0 
1000.0 -859.0 
983.0 -844.0 
998.0 -856.0 
997.0 -855.0 
968.0 -835.0 
990.0 -851.0 
1000.0 -859.0 
983.0 -844.0 
998.0 -856.0 
968.0 -835.0 
990.0 -851.0 
1000.0 -859.0 
983.0 -844.0 
998.0 -856.0 
968.0 -835.0 
990.0 -851.0 
1000.0 -859.0 
998.0 -856.0 
983.0 -844.0 
968.0 -835.0 
1000.0 -859.0 
990.0 -851.0 
983.0 -844.0 
998.0 -856.0 
968.0 -835.0 
1000.0 -859.0 
990.0 -851.0 
998.0 -856.0 
983.0 -844.0 
968.0 -835.0 
1000.0 -859.0 
990.0 -851.0 
983.0 -844.0 
998.0 -856.0 
968.0 -835.0 
1000.0 -859.0 
990.0 -851.0 
983.0 -844.0 
998.0 -856.0 
968.0 -835.0 
1000.0 -859.0 
990.0 -851.0 
998.0 -856.0 
983.0 -844.0 
968.0 -835.0 
1000.0 -859.0 
990.0 -851.0 
998.0 -856.0 
983.0 -844.0 
968.0 -835.0 
1000.0 -859.0 
990.0 -851.0 
998.0 -856.0 
983.0 -844.0 
968.0 -835.0 
990.0 -851.0 
998.0 -856.0 
983.0 -844.0 
968.0 -835.0 
990.0 -851.0 
983.0 -844.0 
998.0 -856.0 
968.0 -835.0 
990.0 -851.0 
998.0 -856.0 
983.0 -844.0 
968.0 -835.0 
990.0 -851.0 
998.0 -856.0 
983.0 -844.0 
968.0 -835.0 
990.0 -851.0 
983.0 -844.0 
998.0 -856.0 
968.0 -835.0 
990.0 -851.0 
