905.0 -780.0 -796.0
930.0 -807.0 -780.0
930.0 -807.0 -780.0
909.0 -797.0 -767.0
921.0 -805.0 -767.0
921.0 -805.0 -767.0
915.0 -803.0 -767.0
917.0 -804.0 -767.0
912.0 -800.0 -767.0
917.0 -804.0 -767.0
912.0 -800.0 -767.0
910.0 -798.0 -767.0
910.0 -798.0 -767.0
930.0 -807.0 -780.0
910.0 -798.0 -767.0
910.0 -798.0 -767.0
910.0 -798.0 -767.0
910.0 -798.0 -767.0
910.0 -798.0 -767.0
910.0 -798.0 -767.0
910.0 -798.0 -767.0
910.0 -798.0 -767.0
910.0 -798.0 -767.0
910.0 -798.0 -767.0
910.0 -798.0 -767.0
910.0 -798.0 -767.0
910.0 -798.0 -767.0
910.0 -798.0 -767.0
917.0 -804.0 -767.0
917.0 -804.0 -767.0
917.0 -804.0 -767.0
917.0 -804.0 -767.0
912.0 -800.0 -767.0
917.0 -804.0 -767.0
910.0 -798.0 -767.0
910.0 -798.0 -767.0
912.0 -800.0 -767.0
910.0 -798.0 -767.0
912.0 -800.0 -767.0
910.0 -798.0 -767.0
910.0 -798.0 -767.0
910.0 -798.0 -767.0
912.0 -800.0 -767.0
910.0 -798.0 -767.0
917.0 -804.0 -767.0
910.0 -798.0 -767.0
910.0 -798.0 -767.0
912.0 -800.0 -767.0
910.0 -798.0 -767.0
910.0 -798.0 -767.0
917.0 -804.0 -767.0
917.0 -804.0 -767.0
910.0 -798.0 -767.0
910.0 -798.0 -767.0
910.0 -798.0 -767.0
910.0 -798.0 -767.0
910.0 -798.0 -767.0
917.0 -804.0 -767.0
921.0 -805.0 -767.0
910.0 -798.0 -767.0
910.0 -798.0 -767.0
917.0 -804.0 -767.0
912.0 -800.0 -767.0
910.0 -798.0 -767.0
910.0 -798.0 -767.0
912.0 -800.0 -767.0
912.0 -800.0 -767.0
910.0 -798.0 -767.0
917.0 -804.0 -767.0
910.0 -798.0 -767.0
917.0 -804.0 -767.0
910.0 -798.0 -767.0
910.0 -798.0 -767.0
910.0 -798.0 -767.0
912.0 -800.0 -767.0
917.0 -804.0 -767.0
912.0 -800.0 -767.0
912.0 -800.0 -767.0
912.0 -800.0 -767.0
912.0 -800.0 -767.0
910.0 -798.0 -767.0
917.0 -804.0 -767.0
917.0 -804.0 -767.0
910.0 -798.0 -767.0
912.0 -800.0 -767.0
912.0 -800.0 -767.0
917.0 -804.0 -767.0
912.0 -800.0 -767.0
910.0 -798.0 -767.0
917.0 -804.0 -767.0
910.0 -798.0 -767.0
912.0 -800.0 -767.0
915.0 -803.0 -767.0
910.0 -798.0 -767.0
910.0 -798.0 -767.0
910.0 -798.0 -767.0
917.0 -804.0 -767.0
917.0 -804.0 -767.0
910.0 -798.0 -767.0
910.0 -798.0 -767.0
910.0 -798.0 -767.0
910.0 -798.0 -767.0
915.0 -803.0 -767.0
910.0 -798.0 -767.0
912.0 -800.0 -767.0
912.0 -800.0 -767.0
910.0 -798.0 -767.0
910.0 -798.0 -767.0
921.0 -805.0 -767.0
910.0 -798.0 -767.0
910.0 -798.0 -767.0
913.0 -801.0 -767.0
910.0 -798.0 -767.0
915.0 -803.0 -767.0
912.0 -800.0 -767.0
921.0 -805.0 -767.0
912.0 -800.0 -767.0
