817.0 -834.0 
855.0 -870.0 
817.0 -834.0 
847.0 -861.0 
833.0 -852.0 
840.0 -854.0 
852.0 -865.0 
848.0 -864.0 
842.0 -857.0 
829.0 -846.0 
842.0 -857.0 
818.0 -836.0 
828.0 -844.0 
830.0 -849.0 
822.0 -838.0 
840.0 -854.0 
852.0 -865.0 
831.0 -850.0 
823.0 -840.0 
827.0 -843.0 
820.0 -837.0 
831.0 -850.0 
820.0 -837.0 
825.0 -842.0 
830.0 -849.0 
823.0 -840.0 
825.0 -842.0 
824.0 -841.0 
822.0 -838.0 
824.0 -841.0 
827.0 -843.0 
817.0 -834.0 
842.0 -857.0 
840.0 -854.0 
852.0 -865.0 
820.0 -837.0 
830.0 -849.0 
823.0 -840.0 
825.0 -842.0 
822.0 -838.0 
824.0 -841.0 
827.0 -843.0 
817.0 -834.0 
842.0 -857.0 
840.0 -854.0 
852.0 -865.0 
820.0 -837.0 
830.0 -849.0 
823.0 -840.0 
825.0 -842.0 
822.0 -838.0 
827.0 -843.0 
824.0 -841.0 
817.0 -834.0 
840.0 -854.0 
852.0 -865.0 
820.0 -837.0 
830.0 -849.0 
823.0 -840.0 
825.0 -842.0 
822.0 -838.0 
827.0 -843.0 
824.0 -841.0 
817.0 -834.0 
830.0 -849.0 
840.0 -854.0 
852.0 -865.0 
820.0 -837.0 
823.0 -840.0 
825.0 -842.0 
822.0 -838.0 
824.0 -841.0 
827.0 -843.0 
817.0 -834.0 
830.0 -849.0 
840.0 -854.0 
852.0 -865.0 
820.0 -837.0 
827.0 -843.0 
823.0 -840.0 
822.0 -838.0 
824.0 -841.0 
817.0 -834.0 
830.0 -849.0 
840.0 -854.0 
852.0 -865.0 
820.0 -837.0 
827.0 -843.0 
823.0 -840.0 
822.0 -838.0 
824.0 -841.0 
817.0 -834.0 
830.0 -849.0 
840.0 -854.0 
852.0 -865.0 
820.0 -837.0 
827.0 -843.0 
823.0 -840.0 
822.0 -838.0 
824.0 -841.0 
817.0 -834.0 
830.0 -849.0 
840.0 -854.0 
852.0 -865.0 
820.0 -837.0 
827.0 -843.0 
823.0 -840.0 
822.0 -838.0 
824.0 -841.0 
817.0 -834.0 
830.0 -849.0 
840.0 -854.0 
852.0 -865.0 
820.0 -837.0 
827.0 -843.0 
823.0 -840.0 
824.0 -841.0 
822.0 -838.0 
817.0 -834.0 
840.0 -854.0 
852.0 -865.0 
827.0 -843.0 
823.0 -840.0 
824.0 -841.0 
822.0 -838.0 
817.0 -834.0 
840.0 -854.0 
852.0 -865.0 
827.0 -843.0 
823.0 -840.0 
824.0 -841.0 
822.0 -838.0 
817.0 -834.0 
840.0 -854.0 
852.0 -865.0 
827.0 -843.0 
823.0 -840.0 
824.0 -841.0 
822.0 -838.0 
817.0 -834.0 
840.0 -854.0 
852.0 -865.0 
827.0 -843.0 
823.0 -840.0 
824.0 -841.0 
822.0 -838.0 
817.0 -834.0 
840.0 -854.0 
852.0 -865.0 
827.0 -843.0 
823.0 -840.0 
824.0 -841.0 
822.0 -838.0 
817.0 -834.0 
840.0 -854.0 
852.0 -865.0 
827.0 -843.0 
823.0 -840.0 
824.0 -841.0 
822.0 -838.0 
817.0 -834.0 
840.0 -854.0 
852.0 -865.0 
827.0 -843.0 
823.0 -840.0 
824.0 -841.0 
822.0 -838.0 
817.0 -834.0 
840.0 -854.0 
852.0 -865.0 
827.0 -843.0 
823.0 -840.0 
824.0 -841.0 
822.0 -838.0 
817.0 -834.0 
840.0 -854.0 
852.0 -865.0 
827.0 -843.0 
823.0 -840.0 
824.0 -841.0 
822.0 -838.0 
817.0 -834.0 
840.0 -854.0 
852.0 -865.0 
827.0 -843.0 
823.0 -840.0 
824.0 -841.0 
822.0 -838.0 
817.0 -834.0 
840.0 -854.0 
852.0 -865.0 
827.0 -843.0 
823.0 -840.0 
824.0 -841.0 
822.0 -838.0 
817.0 -834.0 
840.0 -854.0 
852.0 -865.0 
827.0 -843.0 
823.0 -840.0 
824.0 -841.0 
822.0 -838.0 
817.0 -834.0 
840.0 -854.0 
852.0 -865.0 
827.0 -843.0 
823.0 -840.0 
824.0 -841.0 
822.0 -838.0 
817.0 -834.0 
840.0 -854.0 
852.0 -865.0 
827.0 -843.0 
823.0 -840.0 
824.0 -841.0 
822.0 -838.0 
817.0 -834.0 
840.0 -854.0 
852.0 -865.0 
827.0 -843.0 
823.0 -840.0 
824.0 -841.0 
822.0 -838.0 
817.0 -834.0 
840.0 -854.0 
852.0 -865.0 
827.0 -843.0 
823.0 -840.0 
824.0 -841.0 
822.0 -838.0 
817.0 -834.0 
840.0 -854.0 
852.0 -865.0 
827.0 -843.0 
823.0 -840.0 
824.0 -841.0 
817.0 -834.0 
840.0 -854.0 
852.0 -865.0 
827.0 -843.0 
823.0 -840.0 
824.0 -841.0 
817.0 -834.0 
840.0 -854.0 
852.0 -865.0 
827.0 -843.0 
823.0 -840.0 
824.0 -841.0 
817.0 -834.0 
840.0 -854.0 
852.0 -865.0 
827.0 -843.0 
823.0 -840.0 
824.0 -841.0 
817.0 -834.0 
840.0 -854.0 
852.0 -865.0 
827.0 -843.0 
823.0 -840.0 
824.0 -841.0 
817.0 -834.0 
840.0 -854.0 
852.0 -865.0 
827.0 -843.0 
823.0 -840.0 
824.0 -841.0 
817.0 -834.0 
840.0 -854.0 
852.0 -865.0 
827.0 -843.0 
823.0 -840.0 
824.0 -841.0 
817.0 -834.0 
840.0 -854.0 
852.0 -865.0 
827.0 -843.0 
823.0 -840.0 
824.0 -841.0 
817.0 -834.0 
840.0 -854.0 
852.0 -865.0 
827.0 -843.0 
824.0 -841.0 
823.0 -840.0 
817.0 -834.0 
840.0 -854.0 
852.0 -865.0 
827.0 -843.0 
823.0 -840.0 
817.0 -834.0 
840.0 -854.0 
852.0 -865.0 
827.0 -843.0 
823.0 -840.0 
817.0 -834.0 
852.0 -865.0 
823.0 -840.0 
827.0 -843.0 
817.0 -834.0 
852.0 -865.0 
