698 -1046.96 300
699 -1047.7166666666667 300
700 -1047.6766666666667 300
701 -1046.9366666666667 300
702 -1046.7933333333333 300
703 -1045.4233333333334 300
704 -1043.2966666666666 300
705 -1039.3833333333334 300
706 -1039.2833333333333 300
707 -1038.7066666666667 300
708 -1034.8533333333332 300
709 -1035.1533333333334 300
710 -1034.39 300
711 -1034.5733333333333 300
712 -1035.1066666666666 300
713 -1035.41 300
714 -1035.2666666666667 300
715 -1031.2566666666667 300
716 -1028.0033333333333 300
717 -1028.9733333333334 300
718 -1030.0566666666666 300
719 -1030.0033333333333 300
720 -1030.08 300
721 -1030.12 300
722 -1030.1166666666666 300
723 -1030.0 300
724 -1029.9066666666668 300
725 -1029.8366666666666 300
726 -1029.5233333333333 300
727 -1029.4266666666667 300
728 -1029.17 300
729 -1028.87 300
730 -1028.51 300
731 -1027.6366666666668 300
732 -1026.1966666666667 300
733 -1025.6333333333334 300
734 -1025.91 300
735 -1026.1 300
736 -1026.3133333333333 300
737 -1026.9766666666667 300
738 -1027.5933333333332 300
739 -1027.3133333333333 300
740 -1026.3833333333334 300
741 -1026.4033333333334 300
742 -1029.7733333333333 300
743 -1029.6733333333334 300
744 -1029.6 300
745 -1029.3566666666666 300
746 -1028.6433333333334 300
747 -1027.8166666666666 300
748 -1025.33 300
749 -1024.09 300
750 -1024.1 300
751 -1023.9033333333333 300
752 -1023.87 300
753 -1023.76 300
754 -1023.85 300
755 -1023.7933333333333 300
756 -1023.7633333333333 300
757 -1023.09 300
758 -1022.2166666666667 300
759 -1020.1833333333333 300
760 -1019.46 300
761 -1020.2133333333334 300
762 -1021.51 300
763 -1019.9766666666667 300
764 -1020.9833333333333 300
765 -1022.4866666666667 300
766 -1024.48 300
767 -1026.4 300
768 -1029.0533333333333 300
769 -1028.41 300
770 -1027.62 300
771 -1025.7666666666667 300
772 -1025.1266666666668 300
773 -1025.0766666666666 300
774 -1024.91 300
775 -1027.13 300
776 -1027.93 300
777 -1028.8366666666666 300
778 -1028.8566666666666 300
779 -1028.63 300
780 -1028.2266666666667 300
781 -1027.32 300
782 -1026.36 300
783 -1024.9033333333334 300
784 -1023.0966666666667 300
785 -1019.7733333333333 300
786 -1016.81 300
787 -1017.03 300
788 -1015.3233333333334 300
789 -1015.81 300
790 -1015.9933333333333 300
791 -1015.0366666666666 300
792 -1015.7066666666667 300
793 -1015.2066666666667 300
794 -1016.9233333333333 300
795 -1018.1433333333333 300
796 -1018.8733333333333 300
797 -1016.7233333333334 300
798 -1015.56 300
799 -1013.99 300
800 -1014.5833333333334 300
801 -1014.74 300
802 -1012.4666666666667 300
803 -1012.5666666666667 300
804 -1012.61 300
805 -1012.68 300
806 -1012.89 300
807 -1013.2033333333334 300
808 -1012.42 300
809 -1010.93 300
810 -1011.03 300
811 -1011.06 300
812 -1011.22 300
813 -1011.46 300
814 -1011.4933333333333 300
815 -1011.61 300
816 -1011.89 300
817 -1012.2233333333334 300
818 -1012.4433333333334 300
819 -1012.9666666666667 300
820 -1013.2733333333333 300
821 -1013.7866666666666 300
822 -1014.5466666666666 300
823 -1015.0333333333333 300
824 -1015.8733333333333 300
825 -1015.08 300
826 -1014.0566666666666 300
827 -1014.4866666666667 300
828 -1015.4366666666666 300
829 -1016.9466666666667 300
830 -1016.6066666666667 300
831 -1015.4633333333334 300
832 -1015.0333333333333 300
833 -1015.52 300
834 -1015.23 300
835 -1014.4666666666667 300
836 -1013.0566666666666 300
837 -1013.56 300
838 -1013.1133333333333 300
839 -1013.7866666666666 300
840 -1014.9833333333333 300
841 -1013.3533333333334 300
842 -1013.46 300
843 -1013.43 300
844 -1013.9066666666666 300
845 -1013.44 300
846 -1013.7466666666667 300
847 -1012.6633333333333 300
848 -1013.2433333333333 300
849 -1010.0033333333333 300
850 -1009.82 300
851 -1009.9133333333333 300
852 -1010.0033333333333 300
853 -1010.0366666666666 300
854 -1010.3333333333334 300
855 -1010.3633333333333 300
856 -1010.2933333333333 300
857 -1010.2633333333333 300
858 -1010.0466666666666 300
859 -1009.6 300
860 -1010.83 300
861 -1011.06 300
862 -1011.3 300
863 -1011.75 300
864 -1012.48 300
865 -1011.3166666666667 300
866 -1011.72 300
867 -1011.2666666666667 300
868 -1009.25 300
869 -1009.28 300
870 -1009.1633333333333 300
871 -1009.0433333333333 300
872 -1008.94 300
873 -1008.9233333333333 300
874 -1009.01 300
875 -1009.04 300
876 -1009.1033333333334 300
877 -1009.1866666666666 300
878 -1009.13 300
879 -1009.4366666666666 300
880 -1009.68 300
881 -1009.4866666666667 300
882 -1009.6666666666666 300
883 -1009.7533333333333 300
884 -1009.5066666666667 300
885 -1009.1833333333333 300
886 -1009.1366666666667 300
887 -1008.97 300
888 -1008.8466666666667 300
889 -1008.54 300
890 -1007.1766666666666 300
891 -1010.0966666666667 300
892 -1010.11 300
893 -1010.22 300
894 -1010.4833333333333 300
895 -1010.6433333333333 300
896 -1010.77 300
897 -1011.0033333333333 300
898 -1011.03 300
899 -1010.9733333333334 300
900 -1009.55 300
901 -1009.0333333333333 300
902 -1006.5433333333333 300
903 -1003.72 300
904 -1002.7133333333334 300
905 -1003.9666666666667 300
906 -1005.0133333333333 300
907 -1006.52 300
908 -1008.4066666666666 300
909 -1009.34 300
910 -1009.4433333333334 300
911 -1009.53 300
912 -1009.2566666666667 300
913 -1009.0366666666666 300
914 -1008.2633333333333 300
915 -1007.6566666666666 300
916 -1007.82 300
917 -1001.94 300
918 -1002.38 300
919 -1002.8266666666667 300
920 -1003.1266666666667 300
921 -1004.23 300
922 -1004.45 300
923 -1006.3133333333334 300
924 -1008.1233333333333 300
925 -1002.23 300
926 -995.3466666666667 300
927 -995.53 300
928 -995.6166666666667 300
929 -995.7133333333334 300
930 -995.2533333333333 300
931 -995.0066666666667 300
932 -995.05 300
933 -995.05 300
934 -995.1366666666667 300
935 -995.1833333333333 300
936 -995.2233333333334 300
937 -995.2666666666667 300
938 -995.2666666666667 300
939 -995.3066666666666 300
940 -995.3066666666666 300
941 -995.3933333333333 300
942 -994.14 300
943 -994.0866666666667 300
944 -994.0233333333333 300
945 -993.9166666666666 300
946 -993.7266666666667 300
947 -993.9466666666667 300
948 -993.6466666666666 300
949 -993.3366666666667 300
950 -997.8766666666667 300
951 -999.1566666666666 300
952 -1000.3366666666667 300
953 -999.46 300
954 -1005.4 300
955 -1005.14 300
956 -1005.0133333333333 300
957 -1004.7 300
958 -1003.5266666666666 300
959 -1003.11 300
960 -1005.3133333333334 300
961 -1005.65 300
962 -1006.29 300
963 -1006.1933333333334 300
964 -1005.99 300
965 -1005.3266666666667 300
966 -1004.1233333333333 300
967 -1002.0233333333333 300
968 -998.4033333333333 300
969 -995.5966666666667 300
970 -994.6533333333333 300
971 -995.41 300
972 -995.8566666666667 300
973 -995.9966666666667 300
974 -996.0866666666667 300
975 -996.3733333333333 300
976 -996.5933333333334 300
977 -996.9433333333334 300
978 -997.13 300
979 -997.3466666666667 300
980 -998.13 300
981 -998.8566666666667 300
982 -999.57 300
983 -1000.66 300
984 -1002.4033333333333 300
985 -1003.0933333333334 300
986 -1006.03 300
987 -1008.1133333333333 300
988 -1007.0133333333333 300
989 -1007.4366666666666 300
990 -1008.08 300
991 -1008.28 300
992 -1008.36 300
993 -1008.4066666666666 300
994 -1008.4966666666667 300
995 -1008.54 300
996 -1008.68 300
997 -1008.7433333333333 300
998 -1008.7133333333334 300
999 -1008.8 300
1000 -1008.8433333333334 300
1001 -1009.0833333333334 300
1002 -1009.0533333333333 300
1003 -1009.1533333333333 300
1004 -1009.2566666666667 300
1005 -1009.3633333333333 300
1006 -1009.2733333333333 300
1007 -1009.0266666666666 300
1008 -1009.14 300
1009 -1009.4466666666667 300
1010 -1006.27 300
1011 -1006.2266666666667 300
1012 -1006.09 300
1013 -1005.9866666666667 300
1014 -1005.55 300
1015 -1004.7766666666666 300
1016 -1003.31 300
1017 -1001.2733333333333 300
1018 -998.2433333333333 300
1019 -995.9766666666667 300
1020 -996.0933333333334 300
1021 -996.25 300
1022 -996.2766666666666 300
1023 -996.1433333333333 300
1024 -996.1733333333333 300
1025 -996.1733333333333 300
1026 -995.5166666666667 300
1027 -996.4133333333333 300
1028 -996.9466666666667 300
1029 -997.4233333333333 300
1030 -998.03 300
1031 -997.8433333333334 300
1032 -997.8066666666666 300
1033 -997.16 300
1034 -994.8233333333334 300
1035 -994.6866666666666 300
1036 -994.4733333333334 300
1037 -993.9166666666666 300
1038 -992.5 300
1039 -992.9533333333334 300
1040 -993.1966666666667 300
1041 -990.9366666666666 300
1042 -985.7833333333333 300
1043 -984.27 300
1044 -983.3333333333334 300
1045 -983.5 300
1046 -983.5333333333333 300
1047 -983.1433333333333 300
1048 -982.6533333333333 300
1049 -981.4833333333333 300
1050 -979.1366666666667 300
1051 -974.98 300
1052 -975.4566666666667 300
1053 -976.1933333333334 300
1054 -976.3266666666667 300
1055 -971.17 300
1056 -970.9133333333333 300
1057 -970.7833333333333 300
1058 -970.7833333333333 300
1059 -970.78 300
1060 -970.7766666666666 300
1061 -970.7833333333333 300
1062 -970.9466666666667 300
1063 -970.9466666666667 300
1064 -970.95 300
1065 -970.94 300
1066 -970.6 300
1067 -970.2733333333333 300
1068 -970.2733333333333 300
1069 -970.2733333333333 300
1070 -970.2733333333333 300
1071 -970.2733333333333 300
1072 -970.2733333333333 300
1073 -970.3166666666667 300
1074 -970.0966666666667 300
1075 -970.2633333333333 300
1076 -969.85 300
1077 -969.8533333333334 300
1078 -969.85 300
1079 -969.8933333333333 300
1080 -969.8433333333334 300
1081 -969.7966666666666 300
1082 -969.6566666666666 300
1083 -969.1433333333333 300
1084 -968.68 300
1085 -967.8866666666667 300
1086 -966.4433333333334 300
1087 -963.37 300
1088 -959.1666666666666 300
1089 -959.17 300
1090 -959.1733333333333 300
1091 -959.1333333333333 300
1092 -955.7433333333333 300
1093 -955.4433333333334 300
1094 -954.8033333333333 300
1095 -953.52 300
1096 -950.2266666666667 300
1097 -947.8966666666666 300
1098 -948.1166666666667 300
1099 -948.3366666666667 300
1100 -949.58 300
1101 -950.4666666666667 300
1102 -951.3 300
1103 -952.62 300
1104 -955.1266666666667 300
1105 -957.5133333333333 300
1106 -961.2066666666667 300
1107 -959.3833333333333 300
1108 -960.2866666666666 300
1109 -961.1 300
1110 -956.21 300
1111 -949.1966666666667 300
1112 -950.0633333333334 300
1113 -951.1833333333333 300
1114 -954.0866666666667 300
1115 -958.2 300
1116 -960.2366666666667 300
1117 -955.9033333333333 300
1118 -955.5566666666666 300
1119 -954.86 300
1120 -953.2133333333334 300
1121 -952.17 300
1122 -948.1766666666666 300
1123 -947.0733333333334 300
1124 -941.0766666666667 300
1125 -941.13 300
1126 -941.1733333333333 300
1127 -941.2166666666667 300
1128 -941.3466666666667 300
1129 -941.39 300
1130 -941.65 300
1131 -941.6933333333334 300
1132 -941.52 300
1133 -941.1366666666667 300
1134 -940.4 300
1135 -938.7566666666667 300
1136 -937.87 300
1137 -940.4233333333333 300
1138 -943.6233333333333 300
1139 -944.0933333333334 300
1140 -943.7766666666666 300
1141 -941.47 300
1142 -941.99 300
1143 -942.5866666666667 300
1144 -943.75 300
1145 -944.29 300
1146 -944.8533333333334 300
1147 -945.68 300
1148 -946.8966666666666 300
1149 -940.0933333333334 300
1150 -940.0933333333334 300
1151 -940.0933333333334 300
1152 -940.0933333333334 300
1153 -940.0933333333334 300
1154 -940.0933333333334 300
1155 -940.1366666666667 300
1156 -940.1366666666667 300
1157 -940.0933333333334 300
1158 -940.0933333333334 300
1159 -940.1566666666666 300
1160 -940.2 300
1161 -940.0533333333333 300
1162 -939.96 300
1163 -939.7633333333333 300
1164 -940.18 300
1165 -940.0466666666666 300
1166 -940.0033333333333 300
1167 -940.0 300
1168 -939.8633333333333 300
1169 -939.55 300
1170 -939.3133333333334 300
1171 -938.8 300
1172 -938.02 300
1173 -936.8066666666666 300
1174 -939.32 300
1175 -939.1766666666666 300
1176 -939.1333333333333 300
1177 -938.6133333333333 300
1178 -937.83 300
1179 -937.09 300
1180 -934.4833333333333 300
1181 -929.8333333333334 300
1182 -927.8166666666667 300
1183 -927.6666666666666 300
1184 -927.41 300
1185 -927.1833333333333 300
1186 -926.4866666666667 300
1187 -925.0666666666667 300
1188 -922.4933333333333 300
1189 -921.21 300
1190 -919.88 300
1191 -920.6133333333333 300
1192 -920.4833333333333 300
1193 -919.79 300
1194 -916.77 300
1195 -908.3633333333333 300
1196 -907.9966666666667 300
1197 -908.2333333333333 300
1198 -906.88 300
1199 -907.0733333333334 300
1200 -907.45 300
1201 -908.3133333333334 300
1202 -908.8433333333334 300
1203 -910.1433333333333 300
1204 -913.4766666666667 300
1205 -920.0 300
1206 -925.7466666666667 300
1207 -925.59 300
1208 -924.19 300
1209 -921.69 300
1210 -916.9 300
1211 -909.8866666666667 300
1212 -904.5566666666666 300
1213 -904.5066666666667 300
1214 -904.7366666666667 300
1215 -904.92 300
1216 -905.2733333333333 300
1217 -905.79 300
1218 -906.4466666666667 300
1219 -907.4133333333333 300
1220 -910.27 300
1221 -915.6566666666666 300
1222 -919.2633333333333 300
1223 -921.9733333333334 300
1224 -928.61 300
1225 -926.8133333333334 300
1226 -917.1633333333333 300
1227 -919.5866666666667 300
1228 -925.61 300
1229 -928.8533333333334 300
1230 -927.3133333333334 300
1231 -924.81 300
1232 -929.0766666666667 300
1233 -926.8933333333333 300
1234 -929.5433333333333 300
1235 -935.19 300
1236 -931.9066666666666 300
1237 -932.31 300
1238 -932.86 300
1239 -933.89 300
1240 -931.3033333333333 300
1241 -927.3633333333333 300
1242 -931.0033333333333 300
1243 -931.22 300
1244 -931.3466666666667 300
1245 -933.37 300
1246 -933.8533333333334 300
1247 -935.1733333333333 300
1248 -935.5166666666667 300
1249 -932.3766666666667 300
1250 -933.3766666666667 300
1251 -933.8366666666667 300
1252 -934.2933333333333 300
1253 -933.2766666666666 300
1254 -934.4333333333333 300
1255 -935.49 300
1256 -937.1733333333333 300
1257 -939.2633333333333 300
1258 -939.1066666666667 300
1259 -938.99 300
1260 -938.9133333333333 300
1261 -938.7566666666667 300
1262 -938.68 300
1263 -938.4033333333333 300
1264 -938.3666666666667 300
1265 -939.0666666666667 300
1266 -938.67 300
1267 -938.0833333333334 300
1268 -937.1466666666666 300
1269 -934.94 300
1270 -930.76 300
1271 -930.8766666666667 300
1272 -930.8433333333334 300
1273 -930.8833333333333 300
1274 -930.9633333333334 300
1275 -931.1666666666666 300
1276 -931.49 300
1277 -931.6866666666666 300
1278 -931.76 300
1279 -931.44 300
1280 -931.52 300
1281 -931.6433333333333 300
1282 -932.0433333333333 300
1283 -932.4033333333333 300
1284 -932.56 300
1285 -932.9166666666666 300
1286 -933.1933333333334 300
1287 -933.7433333333333 300
1288 -933.9133333333333 300
1289 -934.5233333333333 300
1290 -936.6833333333333 300
1291 -934.1233333333333 300
1292 -935.44 300
1293 -936.5166666666667 300
1294 -936.8766666666667 300
1295 -936.2733333333333 300
1296 -937.5066666666667 300
1297 -937.3866666666667 300
1298 -937.6666666666666 300
1299 -937.6233333333333 300
1300 -936.1366666666667 300
1301 -932.55 300
1302 -930.3733333333333 300
1303 -930.3733333333333 300
1304 -930.2733333333333 300
1305 -930.7333333333333 300
1306 -930.8166666666667 300
1307 -930.8566666666667 300
1308 -930.8566666666667 300
1309 -930.9333333333333 300
1310 -931.01 300
1311 -931.05 300
1312 -931.1266666666667 300
1313 -931.2033333333334 300
1314 -931.28 300
1315 -931.3566666666667 300
1316 -931.4333333333333 300
1317 -931.51 300
1318 -931.5866666666667 300
1319 -931.7033333333334 300
1320 -931.9733333333334 300
1321 -932.2333333333333 300
1322 -932.6966666666667 300
1323 -932.8533333333334 300
1324 -933.2333333333333 300
1325 -933.73 300
1326 -933.6866666666666 300
1327 -933.7633333333333 300
1328 -933.84 300
1329 -930.4266666666666 300
1330 -930.4266666666666 300
1331 -930.4633333333334 300
1332 -930.6166666666667 300
1333 -930.69 300
1334 -930.8 300
1335 -930.91 300
1336 -930.9366666666666 300
1337 -931.0533333333333 300
1338 -928.48 300
1339 -928.52 300
1340 -928.52 300
1341 -928.52 300
1342 -928.56 300
1343 -928.56 300
1344 -928.66 300
1345 -928.86 300
1346 -928.9033333333333 300
1347 -928.99 300
1348 -929.22 300
1349 -929.3933333333333 300
1350 -929.7966666666666 300
1351 -930.4433333333334 300
1352 -931.2166666666667 300
1353 -931.7833333333333 300
1354 -931.8233333333334 300
1355 -932.3933333333333 300
1356 -932.48 300
1357 -932.61 300
1358 -933.01 300
1359 -933.5666666666667 300
1360 -933.7133333333334 300
1361 -934.61 300
1362 -935.2666666666667 300
1363 -936.8466666666667 300
1364 -939.35 300
1365 -941.7966666666666 300
1366 -941.1833333333333 300
1367 -941.12 300
1368 -942.4966666666667 300
1369 -943.91 300
1370 -943.96 300
1371 -943.9733333333334 300
1372 -944.0233333333333 300
1373 -944.0266666666666 300
1374 -944.4166666666666 300
1375 -944.3933333333333 300
1376 -944.4333333333333 300
1377 -944.4866666666667 300
1378 -944.4833333333333 300
1379 -944.5366666666666 300
1380 -944.62 300
1381 -944.8333333333334 300
1382 -944.86 300
1383 -944.9166666666666 300
1384 -944.88 300
1385 -944.64 300
1386 -944.4633333333334 300
1387 -944.5633333333334 300
1388 -944.5833333333334 300
1389 -944.6066666666667 300
1390 -944.67 300
1391 -944.3233333333334 300
1392 -944.2433333333333 300
1393 -944.3166666666667 300
1394 -943.9133333333333 300
1395 -943.9366666666666 300
1396 -943.96 300
1397 -944.0233333333333 300
1398 -944.09 300
1399 -943.7666666666667 300
1400 -942.83 300
1401 -944.7233333333334 300
1402 -944.2966666666666 300
1403 -946.91 300
1404 -948.27 300
1405 -949.5766666666667 300
1406 -950.12 300
1407 -944.8033333333333 300
1408 -940.16 300
1409 -940.12 300
1410 -940.0033333333333 300
1411 -939.9733333333334 300
1412 -939.9366666666666 300
1413 -939.9 300
1414 -939.86 300
1415 -939.75 300
1416 -939.2 300
1417 -938.7 300
1418 -937.2466666666667 300
1419 -934.3866666666667 300
1420 -933.9866666666667 300
1421 -934.41 300
1422 -935.08 300
1423 -935.7566666666667 300
1424 -936.9433333333334 300
1425 -939.0933333333334 300
1426 -938.1133333333333 300
1427 -936.51 300
1428 -932.6733333333333 300
1429 -930.72 300
1430 -930.7166666666667 300
1431 -930.7266666666667 300
1432 -930.8666666666667 300
1433 -930.83 300
1434 -930.8666666666667 300
1435 -930.8666666666667 300
1436 -930.6133333333333 300
1437 -930.84 300
1438 -931.42 300
1439 -932.1033333333334 300
1440 -932.34 300
1441 -932.54 300
1442 -932.5466666666666 300
1443 -932.59 300
1444 -932.6766666666666 300
1445 -932.7633333333333 300
1446 -932.8533333333334 300
1447 -932.1766666666666 300
1448 -932.3466666666667 300
1449 -932.35 300
1450 -932.3966666666666 300
1451 -932.6966666666667 300
1452 -932.7833333333333 300
1453 -931.8866666666667 300
1454 -931.9133333333333 300
1455 -931.8933333333333 300
1456 -931.9266666666666 300
1457 -930.3433333333334 300
1458 -930.5666666666667 300
1459 -930.71 300
1460 -930.7266666666667 300
1461 -930.7133333333334 300
1462 -930.81 300
1463 -930.91 300
1464 -930.9366666666666 300
1465 -930.8566666666667 300
1466 -931.3733333333333 300
1467 -927.7766666666666 300
1468 -925.9533333333334 300
1469 -922.14 300
1470 -921.2233333333334 300
1471 -921.7133333333334 300
1472 -922.2433333333333 300
1473 -923.05 300
1474 -924.33 300
1475 -926.0833333333334 300
1476 -928.5633333333334 300
1477 -926.1766666666666 300
1478 -928.25 300
1479 -931.42 300
1480 -931.4866666666667 300
1481 -931.2633333333333 300
1482 -931.21 300
1483 -930.15 300
1484 -930.2033333333334 300
1485 -932.3466666666667 300
1486 -934.9866666666667 300
1487 -933.2966666666666 300
1488 -933.34 300
1489 -933.4266666666666 300
1490 -933.6333333333333 300
1491 -933.7166666666667 300
1492 -933.8 300
1493 -933.8033333333333 300
1494 -934.0533333333333 300
1495 -934.18 300
1496 -934.15 300
1497 -931.6366666666667 300
1498 -931.89 300
1499 -931.9766666666667 300
1500 -932.2 300
1501 -932.33 300
1502 -932.0566666666666 300
1503 -929.5866666666667 300
1504 -929.63 300
1505 -929.7166666666667 300
1506 -929.7166666666667 300
1507 -929.76 300
1508 -929.8033333333333 300
1509 -929.8033333333333 300
1510 -929.8033333333333 300
1511 -929.46 300
1512 -929.4633333333334 300
1513 -929.4666666666667 300
1514 -929.5 300
1515 -929.5 300
1516 -929.5866666666667 300
1517 -929.5866666666667 300
1518 -929.4966666666667 300
1519 -929.54 300
1520 -929.4533333333334 300
1521 -929.3233333333334 300
1522 -929.0633333333334 300
1523 -928.7166666666667 300
1524 -927.7766666666666 300
1525 -928.99 300
1526 -928.1666666666666 300
1527 -926.6933333333334 300
1528 -924.2666666666667 300
1529 -921.19 300
1530 -921.2766666666666 300
1531 -921.4933333333333 300
1532 -920.8866666666667 300
1533 -921.0166666666667 300
1534 -921.1033333333334 300
1535 -921.2766666666666 300
1536 -921.45 300
1537 -921.75 300
1538 -921.8366666666667 300
1539 -921.9666666666667 300
1540 -922.0966666666667 300
1541 -919.9733333333334 300
1542 -920.0166666666667 300
1543 -920.06 300
1544 -919.2966666666666 300
1545 -919.34 300
1546 -919.3833333333333 300
1547 -919.34 300
1548 -919.3833333333333 300
1549 -919.4266666666666 300
1550 -918.6066666666667 300
1551 -918.65 300
1552 -918.65 300
1553 -918.6066666666667 300
1554 -918.52 300
1555 -918.6466666666666 300
1556 -918.6466666666666 300
1557 -918.6033333333334 300
1558 -918.43 300
1559 -917.78 300
1560 -917.4766666666667 300
1561 -917.39 300
1562 -916.9133333333333 300
1563 -916.1766666666666 300
1564 -913.1433333333333 300
1565 -911.9733333333334 300
1566 -909.72 300
1567 -909.85 300
1568 -910.2833333333333 300
1569 -910.89 300
1570 -911.2366666666667 300
1571 -912.23 300
1572 -912.9233333333333 300
1573 -913.7033333333334 300
1574 -914.57 300
1575 -914.1366666666667 300
1576 -915.09 300
1577 -916.39 300
1578 -917.2133333333334 300
1579 -919.1666666666666 300
1580 -922.81 300
1581 -922.5533333333333 300
1582 -922.6833333333333 300
1583 -927.15 300
1584 -927.2233333333334 300
1585 -927.0066666666667 300
1586 -926.8333333333334 300
1587 -926.1866666666666 300
1588 -923.8966666666666 300
1589 -920.6066666666667 300
1590 -925.1566666666666 300
1591 -921.9966666666667 300
1592 -918.53 300
1593 -918.5333333333333 300
1594 -918.4933333333333 300
1595 -918.4933333333333 300
1596 -918.45 300
1597 -918.4966666666667 300
1598 -918.4566666666667 300
1599 -918.46 300
1600 -918.5066666666667 300
1601 -918.4666666666667 300
1602 -918.47 300
1603 -918.43 300
1604 -918.48 300
1605 -917.83 300
1606 -917.83 300
1607 -917.7866666666666 300
1608 -917.7433333333333 300
1609 -915.7033333333334 300
1610 -915.66 300
1611 -915.4466666666667 300
1612 -915.4033333333333 300
1613 -915.4033333333333 300
1614 -915.4066666666666 300
1615 -915.4933333333333 300
1616 -915.54 300
1617 -915.5833333333334 300
1618 -915.5866666666667 300
1619 -915.5433333333333 300
1620 -914.5933333333334 300
1621 -913.12 300
1622 -910.0866666666667 300
1623 -908.2233333333334 300
1624 -908.3366666666667 300
1625 -908.51 300
1626 -909.0833333333334 300
1627 -910.0466666666666 300
1628 -911.0566666666666 300
1629 -912.3 300
1630 -911.7133333333334 300
1631 -908.43 300
1632 -908.0866666666667 300
1633 -908.4766666666667 300
1634 -906.0666666666667 300
1635 -906.11 300
1636 -906.24 300
1637 -906.4566666666667 300
1638 -906.37 300
1639 -906.4533333333334 300
1640 -906.54 300
1641 -907.0133333333333 300
1642 -907.3966666666666 300
1643 -907.5633333333334 300
1644 -907.9666666666667 300
1645 -907.88 300
1646 -907.9966666666667 300
1647 -908.7333333333333 300
1648 -909.6566666666666 300
1649 -911.1033333333334 300
1650 -912.2966666666666 300
1651 -912.6166666666667 300
1652 -911.9733333333334 300
1653 -904.1733333333333 300
1654 -902.3366666666667 300
1655 -902.4233333333333 300
1656 -902.5533333333333 300
1657 -902.6833333333333 300
1658 -903.1166666666667 300
1659 -903.03 300
1660 -903.8966666666666 300
1661 -903.94 300
1662 -903.9 300
1663 -903.9 300
1664 -903.9866666666667 300
1665 -904.03 300
1666 -904.03 300
1667 -904.2066666666667 300
1668 -903.6866666666666 300
1669 -903.73 300
1670 -903.7333333333333 300
1671 -903.8633333333333 300
1672 -903.96 300
1673 -904.0566666666666 300
1674 -903.8833333333333 300
1675 -903.9266666666666 300
1676 -904.0233333333333 300
1677 -904.4533333333334 300
1678 -904.9366666666666 300
1679 -905.6566666666666 300
1680 -906.51 300
1681 -907.0733333333334 300
1682 -906.6666666666666 300
1683 -906.3966666666666 300
1684 -900.8266666666667 300
1685 -897.4266666666666 300
1686 -889.72 300
1687 -878.16 300
1688 -874.28 300
1689 -874.4066666666666 300
1690 -874.1733333333333 300
1691 -874.1733333333333 300
1692 -874.1466666666666 300
1693 -874.5733333333334 300
1694 -874.69 300
1695 -870.4 300
1696 -870.4 300
1697 -870.4 300
1698 -870.74 300
1699 -870.74 300
1700 -870.8533333333334 300
1701 -870.8533333333334 300
1702 -870.9666666666667 300
1703 -870.97 300
1704 -871.0166666666667 300
1705 -870.98 300
1706 -870.9866666666667 300
1707 -870.9933333333333 300
1708 -871.0 300
1709 -871.0033333333333 300
1710 -871.1166666666667 300
1711 -871.24 300
1712 -871.2433333333333 300
1713 -871.2866666666666 300
1714 -870.42 300
1715 -870.42 300
1716 -869.6766666666666 300
1717 -869.68 300
1718 -869.67 300
1719 -869.81 300
1720 -869.9333333333333 300
1721 -869.7566666666667 300
1722 -869.0433333333333 300
1723 -869.0433333333333 300
1724 -869.0466666666666 300
1725 -868.63 300
1726 -868.4566666666667 300
1727 -868.2 300
1728 -867.86 300
1729 -866.57 300
1730 -863.3266666666667 300
1731 -858.5966666666667 300
1732 -859.5166666666667 300
1733 -859.9733333333334 300
1734 -861.7933333333333 300
1735 -866.4266666666666 300
1736 -871.7866666666666 300
1737 -868.7033333333334 300
1738 -868.7033333333334 300
1739 -868.7033333333334 300
1740 -868.7033333333334 300
1741 -868.7033333333334 300
1742 -868.7466666666667 300
1743 -868.7466666666667 300
1744 -868.7933333333333 300
1745 -868.79 300
1746 -868.7866666666666 300
1747 -868.7866666666666 300
1748 -868.7866666666666 300
1749 -868.7866666666666 300
1750 -868.7866666666666 300
1751 -868.7866666666666 300
1752 -868.7866666666666 300
1753 -868.7833333333333 300
1754 -868.83 300
1755 -868.93 300
1756 -868.93 300
1757 -869.03 300
1758 -869.03 300
1759 -869.03 300
1760 -869.0733333333334 300
1761 -868.86 300
1762 -868.8133333333334 300
1763 -868.7 300
1764 -868.6566666666666 300
1765 -868.5466666666666 300
1766 -868.4333333333333 300
1767 -868.32 300
1768 -868.21 300
1769 -868.0966666666667 300
1770 -867.9833333333333 300
1771 -868.89 300
1772 -868.8466666666667 300
1773 -869.04 300
1774 -869.2866666666666 300
1775 -869.6666666666666 300
1776 -869.39 300
1777 -870.4533333333334 300
1778 -872.0966666666667 300
1779 -875.9266666666666 300
1780 -882.8966666666666 300
1781 -891.5433333333333 300
1782 -887.0633333333334 300
1783 -890.6933333333334 300
1784 -890.4066666666666 300
1785 -886.5433333333333 300
1786 -890.9666666666667 300
1787 -887.0766666666667 300
1788 -878.5766666666667 300
1789 -875.44 300
1790 -875.4466666666667 300
1791 -875.5466666666666 300
1792 -875.65 300
1793 -876.2433333333333 300
1794 -877.23 300
1795 -878.4133333333333 300
1796 -879.8933333333333 300
1797 -881.6766666666666 300
1798 -884.8333333333334 300
1799 -877.2366666666667 300
1800 -870.5333333333333 300
1801 -870.0533333333333 300
1802 -870.0566666666666 300
1803 -870.0566666666666 300
1804 -870.06 300
1805 -870.0633333333334 300
1806 -870.2066666666667 300
1807 -870.2666666666667 300
1808 -870.4333333333333 300
1809 -870.5266666666666 300
1810 -870.77 300
1811 -869.88 300
1812 -869.8866666666667 300
1813 -869.8866666666667 300
1814 -869.8866666666667 300
1815 -869.9333333333333 300
1816 -870.03 300
1817 -870.1666666666666 300
1818 -870.08 300
1819 -870.2166666666667 300
1820 -870.31 300
1821 -870.3 300
1822 -870.2866666666666 300
1823 -870.3733333333333 300
1824 -870.5366666666666 300
1825 -870.4966666666667 300
1826 -869.8433333333334 300
1827 -869.8433333333334 300
1828 -869.84 300
1829 -869.84 300
1830 -869.94 300
1831 -869.94 300
1832 -870.0333333333333 300
1833 -869.89 300
1834 -869.8833333333333 300
1835 -869.8933333333333 300
1836 -869.89 300
1837 -869.8833333333333 300
1838 -869.4533333333334 300
1839 -869.4466666666667 300
1840 -869.4333333333333 300
1841 -869.4266666666666 300
1842 -869.4133333333333 300
1843 -869.27 300
1844 -869.27 300
1845 -869.27 300
1846 -869.3033333333333 300
1847 -869.3033333333333 300
1848 -869.3133333333334 300
1849 -869.19 300
1850 -869.1933333333334 300
1851 -868.9733333333334 300
1852 -868.8633333333333 300
1853 -868.8733333333333 300
1854 -868.8866666666667 300
1855 -868.8966666666666 300
1856 -868.9133333333333 300
1857 -869.0366666666666 300
1858 -869.2566666666667 300
1859 -869.3733333333333 300
1860 -869.3733333333333 300
1861 -869.3666666666667 300
1862 -869.0933333333334 300
1863 -869.0933333333334 300
1864 -869.0933333333334 300
1865 -869.0933333333334 300
1866 -869.0933333333334 300
1867 -869.0933333333334 300
1868 -869.0933333333334 300
1869 -869.0933333333334 300
1870 -869.0933333333334 300
1871 -869.0933333333334 300
1872 -869.0933333333334 300
1873 -869.1366666666667 300
1874 -869.1366666666667 300
1875 -869.1366666666667 300
1876 -869.1366666666667 300
1877 -869.1366666666667 300
1878 -869.1366666666667 300
1879 -869.1366666666667 300
1880 -869.1366666666667 300
1881 -869.1366666666667 300
1882 -869.1366666666667 300
1883 -869.1366666666667 300
1884 -869.1366666666667 300
1885 -869.1366666666667 300
1886 -869.09 300
1887 -869.09 300
1888 -869.09 300
1889 -869.0866666666667 300
1890 -869.0833333333334 300
1891 -869.08 300
1892 -869.0766666666667 300
1893 -869.0733333333334 300
1894 -869.0666666666667 300
1895 -869.0666666666667 300
1896 -869.0633333333334 300
1897 -869.06 300
1898 -869.0566666666666 300
1899 -869.0533333333333 300
1900 -869.05 300
1901 -869.0466666666666 300
1902 -869.0433333333333 300
1903 -868.99 300
1904 -868.9866666666667 300
1905 -868.9833333333333 300
1906 -868.9766666666667 300
1907 -868.9733333333334 300
1908 -868.9666666666667 300
1909 -868.9633333333334 300
1910 -868.96 300
1911 -868.9533333333334 300
1912 -868.9466666666667 300
1913 -868.94 300
1914 -868.9333333333333 300
1915 -868.9266666666666 300
1916 -868.8866666666667 300
1917 -868.8933333333333 300
1918 -868.8466666666667 300
1919 -868.7433333333333 300
1920 -868.5433333333333 300
1921 -868.5066666666667 300
1922 -868.5133333333333 300
1923 -868.5166666666667 300
1924 -868.49 300
1925 -868.3366666666667 300
1926 -868.3033333333333 300
1927 -868.2633333333333 300
1928 -868.1833333333333 300
1929 -868.1533333333333 300
1930 -868.1266666666667 300
1931 -868.0933333333334 300
1932 -868.2466666666667 300
1933 -868.21 300
1934 -868.14 300
1935 -868.07 300
1936 -867.99 300
1937 -867.9133333333333 300
1938 -867.8366666666667 300
1939 -867.8033333333333 300
1940 -867.7366666666667 300
1941 -867.31 300
1942 -867.05 300
1943 -867.0066666666667 300
1944 -867.0066666666667 300
1945 -867.0066666666667 300
1946 -867.0066666666667 300
1947 -867.05 300
1948 -867.0066666666667 300
1949 -866.7466666666667 300
1950 -866.66 300
1951 -866.66 300
1952 -864.54 300
1953 -859.8166666666667 300
1954 -858.82 300
1955 -859.08 300
1956 -859.2966666666666 300
1957 -859.3833333333333 300
1958 -859.3733333333333 300
1959 -859.59 300
1960 -859.8066666666666 300
1961 -859.9166666666666 300
1962 -859.78 300
1963 -860.9 300
1964 -861.0733333333334 300
1965 -861.2466666666667 300
1966 -861.7233333333334 300
1967 -862.5466666666666 300
1968 -863.5866666666667 300
1969 -864.7566666666667 300
1970 -864.8433333333334 300
1971 -865.19 300
1972 -866.0166666666667 300
1973 -866.5466666666666 300
1974 -867.4666666666667 300
1975 -868.55 300
1976 -868.7666666666667 300
1977 -868.85 300
1978 -868.8066666666666 300
1979 -868.7633333333333 300
1980 -868.72 300
1981 -868.6766666666666 300
1982 -868.6333333333333 300
1983 -868.6833333333333 300
1984 -868.64 300
1985 -868.5966666666667 300
1986 -868.5533333333333 300
1987 -868.0366666666666 300
1988 -867.3433333333334 300
1989 -866.3466666666667 300
1990 -869.1 300
1991 -869.06 300
1992 -869.0666666666667 300
1993 -868.99 300
1994 -868.95 300
1995 -868.9066666666666 300
1996 -868.76 300
1997 -868.7133333333334 300
1998 -868.7066666666667 300
1999 -868.6566666666666 300
2000 -868.6066666666667 300
2001 -868.5566666666666 300
2002 -868.39 300
2003 -868.0633333333334 300
2004 -867.7966666666666 300
2005 -867.24 300
2006 -865.9533333333334 300
2007 -865.8633333333333 300
2008 -865.8633333333333 300
2009 -865.8266666666667 300
2010 -865.83 300
2011 -868.2233333333334 300
2012 -868.2666666666667 300
2013 -868.28 300
2014 -868.2833333333333 300
2015 -868.2466666666667 300
2016 -868.2966666666666 300
2017 -868.4066666666666 300
2018 -868.38 300
2019 -868.2633333333333 300
2020 -867.6133333333333 300
2021 -866.68 300
2022 -865.09 300
2023 -862.9666666666667 300
2024 -858.5266666666666 300
2025 -850.64 300
2026 -850.2266666666667 300
2027 -850.1233333333333 300
2028 -849.84 300
2029 -849.2033333333334 300
2030 -848.5133333333333 300
2031 -847.5433333333333 300
2032 -845.2666666666667 300
2033 -841.8233333333334 300
2034 -842.5133333333333 300
2035 -843.8833333333333 300
2036 -838.3366666666667 300
2037 -838.38 300
2038 -838.3066666666666 300
2039 -838.9833333333333 300
2040 -839.66 300
2041 -840.5633333333334 300
2042 -841.9766666666667 300
2043 -843.5033333333333 300
2044 -840.9133333333333 300
2045 -840.0133333333333 300
2046 -842.0133333333333 300
2047 -844.2366666666667 300
2048 -847.1533333333333 300
2049 -848.5466666666666 300
2050 -848.53 300
2051 -848.5133333333333 300
2052 -848.5033333333333 300
2053 -849.96 300
2054 -849.9933333333333 300
2055 -850.0266666666666 300
2056 -850.13 300
2057 -850.0066666666667 300
2058 -850.1366666666667 300
2059 -850.5366666666666 300
2060 -850.59 300
2061 -851.4266666666666 300
2062 -851.89 300
2063 -852.04 300
2064 -852.0666666666667 300
2065 -850.29 300
2066 -847.2533333333333 300
2067 -847.2533333333333 300
2068 -847.2533333333333 300
2069 -847.2533333333333 300
2070 -847.2533333333333 300
2071 -847.2533333333333 300
2072 -847.2533333333333 300
2073 -847.2533333333333 300
2074 -847.2533333333333 300
2075 -847.2533333333333 300
2076 -847.2533333333333 300
2077 -847.2533333333333 300
2078 -847.3 300
2079 -847.3 300
2080 -847.2133333333334 300
2081 -847.0833333333334 300
2082 -846.7366666666667 300
2083 -845.7833333333333 300
2084 -844.1033333333334 300
2085 -841.59 300
2086 -842.8666666666667 300
2087 -844.5066666666667 300
2088 -847.3166666666667 300
2089 -851.07 300
2090 -851.76 300
2091 -851.8033333333333 300
2092 -851.8466666666667 300
2093 -851.89 300
2094 -851.89 300
2095 -851.89 300
2096 -851.89 300
2097 -851.8466666666667 300
2098 -851.9333333333333 300
2099 -852.0433333333333 300
2100 -852.7766666666666 300
2101 -853.3666666666667 300
2102 -853.01 300
2103 -853.0066666666667 300
2104 -853.0066666666667 300
2105 -853.0033333333333 300
2106 -854.2466666666667 300
2107 -857.06 300
2108 -859.1333333333333 300
2109 -859.0466666666666 300
2110 -858.3266666666667 300
2111 -857.6866666666666 300
2112 -855.8933333333333 300
2113 -852.5666666666667 300
2114 -846.7066666666667 300
2115 -846.8133333333334 300
2116 -846.9033333333333 300
2117 -846.95 300
2118 -846.95 300
2119 -847.0066666666667 300
2120 -847.08 300
2121 -847.19 300
2122 -847.34 300
2123 -847.5633333333334 300
2124 -847.7533333333333 300
2125 -847.7533333333333 300
2126 -847.7566666666667 300
2127 -847.76 300
2128 -847.7633333333333 300
2129 -847.7633333333333 300
2130 -847.76 300
2131 -847.5133333333333 300
2132 -847.6633333333333 300
2133 -847.9 300
2134 -848.16 300
2135 -848.16 300
2136 -848.16 300
2137 -848.16 300
2138 -848.16 300
2139 -848.16 300
2140 -848.16 300
2141 -848.16 300
2142 -848.16 300
2143 -848.16 300
2144 -848.16 300
2145 -848.2566666666667 300
2146 -848.2566666666667 300
2147 -848.2566666666667 300
2148 -848.16 300
2149 -848.2033333333334 300
2150 -848.29 300
2151 -848.2966666666666 300
2152 -848.47 300
2153 -848.73 300
2154 -849.25 300
2155 -850.1166666666667 300
2156 -852.1533333333333 300
2157 -856.8366666666667 300
2158 -861.04 300
2159 -861.0366666666666 300
2160 -861.0433333333333 300
2161 -861.0433333333333 300
2162 -861.0433333333333 300
2163 -861.0433333333333 300
2164 -861.0433333333333 300
2165 -861.0433333333333 300
2166 -861.0 300
2167 -861.0 300
2168 -861.0 300
2169 -861.0 300
2170 -861.0 300
2171 -861.0 300
2172 -860.9966666666667 300
2173 -860.99 300
2174 -861.0 300
2175 -861.0 300
2176 -861.0 300
2177 -861.0 300
2178 -861.0 300
2179 -861.0033333333333 300
2180 -861.0033333333333 300
2181 -861.0033333333333 300
2182 -861.0033333333333 300
2183 -860.9633333333334 300
2184 -860.9233333333333 300
2185 -860.8833333333333 300
2186 -860.8633333333333 300
2187 -860.84 300
2188 -861.0833333333334 300
2189 -861.09 300
2190 -861.0933333333334 300
2191 -861.0933333333334 300
2192 -861.0966666666667 300
2193 -861.14 300
2194 -861.1466666666666 300
2195 -861.1533333333333 300
2196 -861.1066666666667 300
2197 -861.1066666666667 300
2198 -861.11 300
2199 -861.1166666666667 300
2200 -861.12 300
2201 -861.1266666666667 300
2202 -861.13 300
2203 -861.13 300
2204 -861.14 300
2205 -861.1433333333333 300
2206 -861.1466666666666 300
2207 -861.1966666666667 300
2208 -861.2533333333333 300
2209 -861.3033333333333 300
2210 -861.45 300
2211 -861.5533333333333 300
2212 -861.84 300
2213 -862.1833333333333 300
2214 -862.8766666666667 300
2215 -864.09 300
2216 -865.11 300
2217 -865.3133333333334 300
2218 -865.8066666666666 300
2219 -865.89 300
2220 -865.89 300
2221 -865.8966666666666 300
2222 -865.9 300
2223 -865.9066666666666 300
2224 -865.91 300
2225 -866.0033333333333 300
2226 -865.95 300
2227 -865.86 300
2228 -865.8166666666667 300
2229 -865.8666666666667 300
2230 -865.8666666666667 300
2231 -865.87 300
2232 -865.78 300
2233 -865.78 300
2234 -865.6866666666666 300
2235 -865.78 300
2236 -865.7233333333334 300
2237 -865.7133333333334 300
2238 -865.81 300
2239 -865.8 300
2240 -865.7933333333333 300
2241 -865.83 300
2242 -865.8733333333333 300
2243 -865.82 300
2244 -865.7666666666667 300
2245 -865.76 300
2246 -865.7966666666666 300
2247 -865.79 300
2248 -865.87 300
2249 -865.8566666666667 300
2250 -865.88 300
2251 -865.4 300
2252 -864.4366666666666 300
2253 -861.1533333333333 300
2254 -860.5666666666667 300
2255 -860.57 300
2256 -860.6166666666667 300
2257 -860.6166666666667 300
2258 -860.6266666666667 300
2259 -860.6366666666667 300
2260 -860.68 300
2261 -860.66 300
2262 -860.7066666666667 300
2263 -860.81 300
2264 -860.6666666666666 300
2265 -860.6666666666666 300
2266 -860.6666666666666 300
2267 -860.6666666666666 300
2268 -860.71 300
2269 -860.65 300
2270 -860.65 300
2271 -860.51 300
2272 -860.5533333333333 300
2273 -860.55 300
2274 -860.55 300
2275 -860.5933333333334 300
2276 -860.31 300
2277 -860.31 300
2278 -860.44 300
2279 -860.44 300
2280 -860.74 300
2281 -861.3466666666667 300
2282 -861.8533333333334 300
2283 -860.72 300
2284 -860.7933333333333 300
2285 -860.7733333333333 300
2286 -860.5566666666666 300
2287 -860.1333333333333 300
2288 -860.1333333333333 300
2289 -860.1333333333333 300
2290 -860.1333333333333 300
2291 -860.1333333333333 300
2292 -860.1333333333333 300
2293 -860.1766666666666 300
2294 -860.35 300
2295 -860.5233333333333 300
2296 -860.88 300
2297 -861.1833333333333 300
2298 -861.4433333333334 300
2299 -862.0933333333334 300
2300 -862.2133333333334 300
2301 -862.2133333333334 300
2302 -862.2133333333334 300
2303 -862.17 300
2304 -861.91 300
2305 -861.52 300
2306 -860.1333333333333 300
2307 -860.0466666666666 300
2308 -860.0466666666666 300
2309 -860.0466666666666 300
2310 -860.0466666666666 300
2311 -860.0466666666666 300
2312 -860.0466666666666 300
2313 -860.0466666666666 300
2314 -860.0 300
2315 -860.0 300
2316 -860.0 300
2317 -860.0 300
2318 -860.0 300
2319 -860.0 300
2320 -860.0 300
2321 -860.0 300
2322 -860.0033333333333 300
2323 -860.0033333333333 300
2324 -860.0033333333333 300
2325 -860.0033333333333 300
2326 -860.0 300
2327 -860.0 300
2328 -860.0 300
2329 -860.0 300
2330 -860.0 300
2331 -860.0 300
2332 -860.0 300
2333 -860.0 300
2334 -860.0 300
2335 -860.0 300
2336 -860.0 300
2337 -860.0 300
2338 -860.0 300
2339 -860.0 300
2340 -860.0 300
2341 -860.0966666666667 300
2342 -860.14 300
2343 -860.14 300
2344 -860.14 300
2345 -860.14 300
2346 -860.14 300
2347 -860.14 300
2348 -860.14 300
2349 -860.14 300
2350 -860.14 300
2351 -860.14 300
2352 -860.14 300
2353 -860.14 300
2354 -860.14 300
2355 -860.14 300
2356 -860.14 300
2357 -860.14 300
2358 -860.14 300
2359 -860.0 300
2360 -860.07 300
2361 -859.9133333333333 300
2362 -859.87 300
2363 -859.8266666666667 300
2364 -859.7833333333333 300
2365 -859.74 300
2366 -859.6966666666667 300
2367 -859.6533333333333 300
2368 -859.61 300
2369 -859.5666666666667 300
2370 -859.5233333333333 300
2371 -859.48 300
2372 -859.4366666666666 300
2373 -859.48 300
2374 -859.3933333333333 300
2375 -860.0433333333333 300
2376 -860.0433333333333 300
2377 -860.0433333333333 300
2378 -860.0433333333333 300
2379 -860.0433333333333 300
2380 -860.0433333333333 300
2381 -860.0433333333333 300
2382 -860.0433333333333 300
2383 -860.0433333333333 300
2384 -860.0433333333333 300
2385 -860.0433333333333 300
2386 -860.0433333333333 300
2387 -860.0433333333333 300
2388 -860.0433333333333 300
2389 -860.0433333333333 300
2390 -860.0433333333333 300
2391 -860.0433333333333 300
2392 -860.0433333333333 300
2393 -860.0433333333333 300
2394 -860.0433333333333 300
2395 -860.0433333333333 300
2396 -860.0433333333333 300
2397 -860.0433333333333 300
2398 -860.0433333333333 300
2399 -860.0433333333333 300
2400 -860.0433333333333 300
2401 -860.0433333333333 300
2402 -860.0433333333333 300
2403 -860.0866666666667 300
2404 -860.0866666666667 300
2405 -860.1833333333333 300
2406 -860.0866666666667 300
2407 -860.0866666666667 300
2408 -860.0866666666667 300
2409 -860.0866666666667 300
2410 -860.0866666666667 300
2411 -860.0866666666667 300
2412 -860.0866666666667 300
2413 -860.0866666666667 300
2414 -860.0866666666667 300
2415 -860.0866666666667 300
2416 -860.0866666666667 300
2417 -860.0866666666667 300
2418 -860.0866666666667 300
2419 -860.13 300
2420 -860.13 300
2421 -860.13 300
2422 -860.13 300
2423 -860.1733333333333 300
2424 -860.1733333333333 300
2425 -860.2166666666667 300
2426 -860.2166666666667 300
2427 -860.2166666666667 300
2428 -860.2166666666667 300
2429 -860.2166666666667 300
2430 -860.2166666666667 300
2431 -860.2166666666667 300
2432 -860.2166666666667 300
2433 -860.2166666666667 300
2434 -860.2166666666667 300
2435 -860.2166666666667 300
2436 -860.2166666666667 300
2437 -860.2166666666667 300
2438 -860.2166666666667 300
2439 -860.1733333333333 300
2440 -860.1733333333333 300
2441 -860.1733333333333 300
2442 -860.13 300
2443 -860.13 300
2444 -860.13 300
2445 -860.13 300
2446 -860.0866666666667 300
2447 -860.0433333333333 300
2448 -860.0 300
2449 -859.9566666666667 300
2450 -859.9133333333333 300
2451 -859.8266666666667 300
2452 -859.7833333333333 300
2453 -859.74 300
2454 -859.6966666666667 300
2455 -859.2633333333333 300
2456 -858.1366666666667 300
2457 -858.0933333333334 300
2458 -860.0 300
2459 -860.0 300
2460 -859.9566666666667 300
2461 -859.7833333333333 300
2462 -859.5233333333333 300
2463 -859.3933333333333 300
2464 -858.96 300
2465 -858.31 300
2466 -857.14 300
2467 -855.4933333333333 300
2468 -855.6233333333333 300
2469 -855.58 300
2470 -857.53 300
2471 -859.9566666666667 300
2472 -859.87 300
2473 -859.8266666666667 300
2474 -859.7833333333333 300
2475 -859.74 300
2476 -859.7666666666667 300
2477 -859.7233333333334 300
2478 -859.2633333333333 300
2479 -859.22 300
2480 -859.1766666666666 300
2481 -859.09 300
2482 -859.0033333333333 300
2483 -858.9166666666666 300
2484 -858.8733333333333 300
2485 -858.83 300
2486 -858.7866666666666 300
2487 -858.7 300
2488 -858.6133333333333 300
2489 -858.57 300
2490 -858.44 300
2491 -859.1333333333333 300
2492 -859.0466666666666 300
2493 -858.96 300
2494 -858.8733333333333 300
2495 -858.83 300
2496 -858.7866666666666 300
2497 -858.7 300
2498 -858.6133333333333 300
2499 -857.4866666666667 300
2500 -856.0566666666666 300
2501 -853.4133333333333 300
2502 -854.3133333333334 300
2503 -855.2466666666667 300
2504 -856.6633333333333 300
2505 -858.3966666666666 300
2506 -857.8766666666667 300
2507 -859.2633333333333 300
2508 -859.22 300
2509 -859.22 300
2510 -859.22 300
2511 -859.1766666666666 300
2512 -859.1766666666666 300
2513 -859.09 300
2514 -859.0466666666666 300
2515 -858.96 300
2516 -858.3966666666666 300
2517 -857.79 300
2518 -857.7033333333334 300
2519 -857.7033333333334 300
2520 -857.6166666666667 300
2521 -857.66 300
2522 -857.5733333333334 300
2523 -857.53 300
2524 -857.4866666666667 300
2525 -857.5733333333334 300
2526 -857.5733333333334 300
2527 -857.53 300
2528 -857.5733333333334 300
2529 -857.5733333333334 300
2530 -857.4866666666667 300
2531 -857.4 300
2532 -857.4433333333334 300
2533 -857.3566666666667 300
2534 -857.4433333333334 300
2535 -857.4 300
2536 -857.3133333333334 300
2537 -857.27 300
2538 -857.27 300
2539 -857.27 300
2540 -857.1833333333333 300
2541 -857.1833333333333 300
2542 -857.14 300
2543 -857.0966666666667 300
2544 -857.01 300
2545 -856.9233333333333 300
2546 -856.8366666666667 300
2547 -856.75 300
2548 -856.6633333333333 300
2549 -856.6633333333333 300
2550 -857.79 300
2551 -857.9633333333334 300
2552 -857.92 300
2553 -858.0066666666667 300
2554 -858.0933333333334 300
2555 -858.1366666666667 300
2556 -857.7466666666667 300
2557 -857.7466666666667 300
2558 -857.1933333333334 300
2559 -857.3233333333334 300
2560 -857.4633333333334 300
2561 -859.28 300
2562 -859.5433333333333 300
2563 -859.4566666666667 300
2564 -859.4133333333333 300
2565 -859.4133333333333 300
2566 -859.5 300
2567 -859.5 300
2568 -859.5 300
2569 -859.4133333333333 300
2570 -859.1533333333333 300
2571 -858.95 300
2572 -858.8633333333333 300
2573 -858.82 300
2574 -858.7333333333333 300
2575 -858.69 300
2576 -858.69 300
2577 -858.6466666666666 300
2578 -858.55 300
2579 -857.38 300
2580 -857.28 300
2581 -857.28 300
2582 -857.28 300
2583 -856.9333333333333 300
2584 -854.3833333333333 300
2585 -851.2266666666667 300
2586 -851.4433333333334 300
2587 -851.53 300
2588 -851.7033333333334 300
2589 -851.66 300
2590 -851.8333333333334 300
2591 -852.0066666666667 300
2592 -852.18 300
2593 -852.44 300
2594 -852.6133333333333 300
2595 -852.8233333333334 300
2596 -852.6066666666667 300
2597 -852.78 300
2598 -852.9533333333334 300
2599 -853.0833333333334 300
2600 -853.2566666666667 300
2601 -853.3433333333334 300
2602 -853.56 300
2603 -851.6966666666667 300
2604 -851.7 300
2605 -851.7433333333333 300
2606 -851.8733333333333 300
2607 -852.0466666666666 300
2608 -852.22 300
2609 -850.66 300
2610 -850.9133333333333 300
2611 -850.87 300
2612 -850.9566666666667 300
2613 -851.2866666666666 300
2614 -851.2866666666666 300
2615 -851.33 300
2616 -851.46 300
2617 -851.59 300
2618 -851.6766666666666 300
2619 -851.8066666666666 300
2620 -851.98 300
2621 -852.1966666666667 300
2622 -852.3 300
2623 -852.43 300
2624 -852.6466666666666 300
2625 -852.8166666666667 300
2626 -852.9466666666667 300
2627 -852.6833333333333 300
2628 -852.8966666666666 300
2629 -853.0266666666666 300
2630 -853.7166666666667 300
2631 -853.4533333333334 300
2632 -853.58 300
2633 -853.75 300
2634 -853.9666666666667 300
2635 -854.0066666666667 300
2636 -854.0933333333334 300
2637 -854.2633333333333 300
2638 -854.4333333333333 300
2639 -854.5633333333334 300
2640 -854.6466666666666 300
2641 -854.73 300
2642 -854.8566666666667 300
2643 -855.0266666666666 300
2644 -855.1966666666667 300
2645 -855.4566666666667 300
2646 -855.67 300
2647 -855.7533333333333 300
2648 -855.8366666666667 300
2649 -855.9666666666667 300
2650 -856.5633333333334 300
2651 -856.74 300
2652 -855.0366666666666 300
2653 -855.0766666666667 300
2654 -855.3766666666667 300
2655 -855.51 300
2656 -855.68 300
2657 -855.81 300
2658 -855.98 300
2659 -855.89 300
2660 -855.7133333333334 300
2661 -855.5366666666666 300
2662 -855.5333333333333 300
2663 -855.5733333333334 300
2664 -855.57 300
2665 -855.61 300
2666 -855.7 300
2667 -854.7966666666666 300
2668 -855.0566666666666 300
2669 -855.36 300
2670 -855.7066666666667 300
2671 -855.7933333333333 300
2672 -856.66 300
2673 -856.79 300
2674 -856.92 300
2675 -857.0066666666667 300
2676 -856.8333333333334 300
2677 -856.9233333333333 300
2678 -858.7033333333334 300
2679 -858.8366666666667 300
2680 -858.71 300
2681 -858.0266666666666 300
2682 -857.9 300
2683 -857.7733333333333 300
2684 -856.3566666666667 300
2685 -854.29 300
2686 -854.25 300
2687 -854.4133333333333 300
2688 -854.5866666666667 300
2689 -854.6333333333333 300
2690 -855.0666666666667 300
2691 -854.0733333333334 300
2692 -850.65 300
2693 -850.6066666666667 300
2694 -850.74 300
2695 -850.9166666666666 300
2696 -851.3933333333333 300
2697 -851.6133333333333 300
2698 -851.9633333333334 300
2699 -852.1366666666667 300
2700 -852.3133333333334 300
2701 -852.4433333333334 300
2702 -852.5766666666667 300
2703 -850.0266666666666 300
2704 -850.1133333333333 300
2705 -850.2033333333334 300
2706 -850.25 300
2707 -850.2533333333333 300
2708 -850.3033333333333 300
2709 -850.35 300
2710 -850.3966666666666 300
2711 -850.4866666666667 300
2712 -850.62 300
2713 -850.4933333333333 300
2714 -850.5366666666666 300
2715 -850.5833333333334 300
2716 -850.6733333333333 300
2717 -850.63 300
2718 -850.72 300
2719 -850.7666666666667 300
2720 -850.77 300
2721 -850.9433333333334 300
2722 -850.8166666666667 300
2723 -850.8666666666667 300
2724 -850.7433333333333 300
2725 -850.4433333333334 300
2726 -850.2733333333333 300
2727 -850.2233333333334 300
2728 -850.31 300
2729 -850.3066666666666 300
2730 -850.35 300
2731 -850.3933333333333 300
2732 -850.4366666666666 300
2733 -850.5666666666667 300
2734 -850.61 300
2735 -850.5733333333334 300
2736 -850.6166666666667 300
2737 -850.6633333333333 300
2738 -850.6166666666667 300
2739 -850.7066666666667 300
2740 -850.8833333333333 300
2741 -850.89 300
2742 -850.9333333333333 300
2743 -850.85 300
2744 -850.94 300
2745 -850.35 300
2746 -850.39 300
2747 -850.45 300
2748 -850.63 300
2749 -850.7633333333333 300
2750 -850.8966666666666 300
2751 -850.99 300
2752 -851.12 300
2753 -851.2533333333333 300
2754 -851.39 300
2755 -851.4333333333333 300
2756 -851.4366666666666 300
2757 -851.48 300
2758 -851.4833333333333 300
2759 -851.8066666666666 300
2760 -851.9366666666666 300
2761 -852.07 300
2762 -852.2466666666667 300
2763 -852.2833333333333 300
2764 -852.2866666666666 300
2765 -852.2866666666666 300
2766 -852.2866666666666 300
2767 -852.33 300
2768 -852.37 300
2769 -852.45 300
2770 -852.4933333333333 300
2771 -852.5733333333334 300
2772 -852.6133333333333 300
2773 -852.6533333333333 300
2774 -852.69 300
2775 -852.69 300
2776 -852.6433333333333 300
2777 -852.6433333333333 300
2778 -852.6433333333333 300
2779 -852.6366666666667 300
2780 -852.6366666666667 300
2781 -852.55 300
2782 -852.5066666666667 300
2783 -852.63 300
2784 -852.82 300
2785 -852.9466666666667 300
2786 -852.9466666666667 300
2787 -853.3566666666667 300
2788 -853.4466666666667 300
2789 -853.49 300
2790 -853.49 300
2791 -853.4466666666667 300
2792 -853.8366666666667 300
2793 -854.0066666666667 300
2794 -853.9633333333334 300
2795 -853.92 300
2796 -853.8766666666667 300
2797 -853.8333333333334 300
2798 -852.8966666666666 300
2799 -853.0266666666666 300
2800 -853.1966666666667 300
2801 -853.1566666666666 300
2802 -853.1533333333333 300
2803 -853.0666666666667 300
2804 -853.0233333333333 300
2805 -851.9933333333333 300
2806 -852.0833333333334 300
2807 -852.09 300
2808 -852.0466666666666 300
2809 -851.96 300
2810 -851.9633333333334 300
2811 -851.88 300
2812 -852.0266666666666 300
2813 -852.16 300
2814 -852.2066666666667 300
2815 -852.2033333333334 300
2816 -852.2066666666667 300
2817 -852.12 300
2818 -852.12 300
2819 -852.0766666666667 300
2820 -852.0366666666666 300
2821 -851.9966666666667 300
2822 -851.9533333333334 300
2823 -851.9133333333333 300
2824 -851.87 300
2825 -851.7866666666666 300
2826 -851.7866666666666 300
2827 -851.7033333333334 300
2828 -851.89 300
2829 -851.98 300
2830 -852.0666666666667 300
2831 -851.9833333333333 300
2832 -851.98 300
2833 -851.9333333333333 300
2834 -851.89 300
2835 -851.8833333333333 300
2836 -851.84 300
2837 -851.7966666666666 300
2838 -851.79 300
2839 -851.79 300
2840 -851.79 300
2841 -851.74 300
2842 -851.6533333333333 300
2843 -851.8866666666667 300
2844 -852.0233333333333 300
2845 -852.0233333333333 300
2846 -852.1133333333333 300
2847 -852.1066666666667 300
2848 -852.1 300
2849 -852.0566666666666 300
2850 -851.97 300
2851 -851.9666666666667 300
2852 -851.92 300
2853 -849.7766666666666 300
2854 -849.8233333333334 300
2855 -849.8266666666667 300
2856 -849.8333333333334 300
2857 -849.8666666666667 300
2858 -849.82 300
2859 -849.77 300
2860 -849.9166666666666 300
2861 -849.9566666666667 300
2862 -849.91 300
2863 -849.9033333333333 300
2864 -849.94 300
2865 -849.8966666666666 300
2866 -849.89 300
2867 -849.89 300
2868 -849.8833333333333 300
2869 -849.8833333333333 300
2870 -849.92 300
2871 -849.9166666666666 300
2872 -849.9133333333333 300
2873 -849.87 300
2874 -849.8666666666667 300
2875 -849.8666666666667 300
2876 -849.8633333333333 300
2877 -849.8633333333333 300
2878 -849.9066666666666 300
2879 -849.9066666666666 300
2880 -849.95 300
2881 -849.9933333333333 300
2882 -850.0966666666667 300
2883 -850.0966666666667 300
2884 -848.5466666666666 300
2885 -848.55 300
2886 -848.5566666666666 300
2887 -848.6066666666667 300
2888 -848.6566666666666 300
2889 -848.6566666666666 300
2890 -848.6966666666667 300
2891 -848.74 300
2892 -848.7433333333333 300
2893 -848.7933333333333 300
2894 -848.8 300
2895 -848.8466666666667 300
2896 -848.8466666666667 300
2897 -848.89 300
2898 -848.93 300
2899 -849.0133333333333 300
2900 -849.0766666666667 300
2901 -849.0833333333334 300
2902 -849.09 300
2903 -849.0966666666667 300
2904 -849.17 300
2905 -849.17 300
2906 -849.22 300
2907 -849.27 300
2908 -849.27 300
2909 -849.31 300
2910 -849.3533333333334 300
2911 -849.44 300
2912 -849.44 300
2913 -849.4766666666667 300
2914 -849.5133333333333 300
2915 -849.5533333333333 300
2916 -849.6066666666667 300
2917 -849.6566666666666 300
2918 -849.5333333333333 300
2919 -849.5333333333333 300
2920 -849.5833333333334 300
2921 -849.6766666666666 300
2922 -849.7166666666667 300
2923 -849.7133333333334 300
2924 -849.7133333333334 300
2925 -849.71 300
2926 -849.7966666666666 300
2927 -849.7933333333333 300
2928 -849.75 300
2929 -849.7066666666667 300
2930 -849.6666666666666 300
2931 -849.62 300
2932 -849.7633333333333 300
2933 -849.8133333333334 300
2934 -849.81 300
2935 -849.8166666666667 300
2936 -849.8133333333334 300
2937 -849.7766666666666 300
2938 -849.7333333333333 300
2939 -849.7366666666667 300
2940 -849.74 300
2941 -849.74 300
2942 -849.6966666666667 300
2943 -849.6533333333333 300
2944 -849.6533333333333 300
2945 -849.7066666666667 300
2946 -849.8 300
2947 -849.8066666666666 300
2948 -849.7633333333333 300
2949 -849.7233333333334 300
2950 -849.7233333333334 300
2951 -849.6833333333333 300
2952 -849.6833333333333 300
2953 -849.7466666666667 300
2954 -849.79 300
2955 -849.8366666666667 300
2956 -849.8366666666667 300
2957 -849.84 300
2958 -849.88 300
2959 -849.8866666666667 300
2960 -849.8833333333333 300
2961 -849.88 300
2962 -849.8766666666667 300
2963 -849.79 300
2964 -849.75 300
2965 -849.75 300
2966 -849.67 300
2967 -849.7166666666667 300
2968 -849.68 300
2969 -849.6733333333333 300
2970 -849.7833333333333 300
2971 -849.7866666666666 300
2972 -849.88 300
2973 -849.8866666666667 300
2974 -849.98 300
2975 -850.0233333333333 300
2976 -850.0233333333333 300
2977 -850.0666666666667 300
2978 -848.1266666666667 300
2979 -848.13 300
2980 -848.1333333333333 300
2981 -848.18 300
2982 -848.1866666666666 300
2983 -848.19 300
2984 -848.1966666666667 300
2985 -848.2 300
2986 -848.2466666666667 300
2987 -848.2466666666667 300
2988 -848.25 300
2989 -848.2533333333333 300
2990 -848.2966666666666 300
2991 -848.3 300
2992 -848.3566666666667 300
2993 -848.3666666666667 300
2994 -848.4566666666667 300
2995 -848.5033333333333 300
2996 -848.5566666666666 300
2997 -848.5666666666667 300
2998 -848.5766666666667 300
2999 -848.5866666666667 300
3000 -848.5966666666667 300
