2935 -1383.6066666666666 300
2936 -1382.33 300
2937 -1378.98 300
2938 -1373.34 300
2939 -1372.2033333333334 300
2940 -1369.4233333333334 300
2941 -1367.6433333333334 300
2942 -1367.42 300
2943 -1363.95 300
2944 -1359.5866666666666 300
2945 -1360.6466666666668 300
2946 -1360.0733333333333 300
2947 -1358.9833333333333 300
2948 -1356.47 300
2949 -1352.75 300
2950 -1351.2433333333333 300
2951 -1351.6233333333332 300
2952 -1349.18 300
2953 -1349.8566666666666 300
2954 -1350.4433333333334 300
2955 -1349.2066666666667 300
2956 -1349.35 300
2957 -1350.0466666666666 300
2958 -1350.1566666666668 300
2959 -1350.9766666666667 300
2960 -1352.4266666666667 300
2961 -1348.72 300
2962 -1347.1 300
2963 -1339.08 300
2964 -1335.17 300
2965 -1335.06 300
2966 -1335.0433333333333 300
2967 -1334.16 300
2968 -1332.33 300
2969 -1327.9566666666667 300
2970 -1326.9233333333334 300
2971 -1327.4533333333334 300
2972 -1328.2066666666667 300
2973 -1329.5766666666666 300
2974 -1332.25 300
2975 -1333.21 300
2976 -1329.2433333333333 300
2977 -1325.6966666666667 300
2978 -1324.3866666666668 300
2979 -1323.8 300
2980 -1324.3433333333332 300
2981 -1325.8133333333333 300
2982 -1328.2566666666667 300
2983 -1330.1466666666668 300
2984 -1329.92 300
2985 -1326.62 300
2986 -1326.37 300
2987 -1328.1166666666666 300
2988 -1328.1966666666667 300
2989 -1330.0933333333332 300
2990 -1327.9233333333334 300
2991 -1324.16 300
2992 -1327.13 300
2993 -1329.6466666666668 300
2994 -1326.4333333333334 300
2995 -1322.4733333333334 300
2996 -1324.26 300
2997 -1326.5466666666666 300
2998 -1323.7766666666666 300
2999 -1319.9966666666667 300
3000 -1318.0933333333332 300
3001 -1314.78 300
3002 -1311.7266666666667 300
3003 -1309.1733333333334 300
3004 -1309.1433333333334 300
3005 -1305.1166666666666 300
3006 -1304.8166666666666 300
3007 -1304.3633333333332 300
3008 -1303.6066666666666 300
3009 -1302.53 300
3010 -1304.5333333333333 300
3011 -1304.29 300
3012 -1303.65 300
3013 -1303.1 300
3014 -1302.0333333333333 300
3015 -1304.2766666666666 300
3016 -1303.8566666666666 300
3017 -1304.4133333333334 300
3018 -1305.3533333333332 300
3019 -1305.2066666666667 300
3020 -1304.7466666666667 300
3021 -1304.4766666666667 300
3022 -1303.4266666666667 300
3023 -1302.9533333333334 300
3024 -1304.9266666666667 300
3025 -1304.6366666666668 300
3026 -1303.8833333333334 300
3027 -1303.1766666666667 300
3028 -1301.3266666666666 300
3029 -1298.0166666666667 300
3030 -1293.39 300
3031 -1293.3933333333334 300
3032 -1293.2633333333333 300
3033 -1293.4 300
3034 -1293.49 300
3035 -1293.62 300
3036 -1293.75 300
3037 -1293.6666666666667 300
3038 -1292.1 300
3039 -1292.1 300
3040 -1292.0966666666666 300
3041 -1292.0366666666666 300
3042 -1292.0066666666667 300
3043 -1291.9566666666667 300
3044 -1291.6766666666667 300
3045 -1291.5866666666666 300
3046 -1291.34 300
3047 -1290.8966666666668 300
3048 -1289.8866666666668 300
3049 -1288.28 300
3050 -1286.3366666666666 300
3051 -1287.73 300
3052 -1284.1866666666667 300
3053 -1280.5133333333333 300
3054 -1280.7466666666667 300
3055 -1281.3033333333333 300
3056 -1282.23 300
3057 -1284.14 300
3058 -1287.0833333333333 300
3059 -1291.7033333333334 300
3060 -1292.85 300
3061 -1292.8033333333333 300
3062 -1292.5166666666667 300
3063 -1292.3166666666666 300
3064 -1292.1466666666668 300
3065 -1291.8366666666666 300
3066 -1291.3433333333332 300
3067 -1290.2533333333333 300
3068 -1289.6566666666668 300
3069 -1288.6733333333334 300
3070 -1287.7866666666666 300
3071 -1291.4933333333333 300
3072 -1290.9833333333333 300
3073 -1289.9633333333334 300
3074 -1288.2033333333334 300
3075 -1285.8433333333332 300
3076 -1280.9566666666667 300
3077 -1272.3966666666668 300
3078 -1274.0533333333333 300
3079 -1278.3666666666666 300
3080 -1281.24 300
3081 -1273.74 300
3082 -1276.7533333333333 300
3083 -1282.5866666666666 300
3084 -1290.3233333333333 300
3085 -1289.5866666666666 300
3086 -1289.1 300
3087 -1288.54 300
3088 -1285.9433333333334 300
3089 -1281.9333333333334 300
3090 -1276.0633333333333 300
3091 -1265.43 300
3092 -1265.9766666666667 300
3093 -1264.3433333333332 300
3094 -1265.3433333333332 300
3095 -1266.5733333333333 300
3096 -1268.6166666666666 300
3097 -1269.6166666666666 300
3098 -1273.3433333333332 300
3099 -1262.87 300
3100 -1252.7066666666667 300
3101 -1252.7033333333334 300
3102 -1251.6833333333334 300
3103 -1251.7233333333334 300
3104 -1251.81 300
3105 -1251.8 300
3106 -1251.7766666666666 300
3107 -1251.9133333333334 300
3108 -1251.8266666666666 300
3109 -1251.7666666666667 300
3110 -1251.4166666666667 300
3111 -1251.1566666666668 300
3112 -1250.9866666666667 300
3113 -1250.42 300
3114 -1249.29 300
3115 -1248.91 300
3116 -1247.0 300
3117 -1242.28 300
3118 -1245.3466666666666 300
3119 -1250.6833333333334 300
3120 -1249.6966666666667 300
3121 -1248.12 300
3122 -1246.3333333333333 300
3123 -1242.3433333333332 300
3124 -1235.8333333333333 300
3125 -1228.31 300
3126 -1222.93 300
3127 -1222.9266666666667 300
3128 -1222.9233333333334 300
3129 -1222.77 300
3130 -1222.5033333333333 300
3131 -1222.3166666666666 300
3132 -1222.1 300
3133 -1221.38 300
3134 -1220.3833333333334 300
3135 -1219.5666666666666 300
3136 -1219.4666666666667 300
3137 -1218.1566666666668 300
3138 -1214.77 300
3139 -1209.96 300
3140 -1207.8966666666668 300
3141 -1209.6433333333334 300
3142 -1210.79 300
3143 -1214.83 300
3144 -1216.3866666666668 300
3145 -1218.52 300
3146 -1220.2 300
3147 -1217.81 300
3148 -1214.45 300
3149 -1213.83 300
3150 -1206.34 300
3151 -1199.8733333333332 300
3152 -1198.77 300
3153 -1198.5766666666666 300
3154 -1197.51 300
3155 -1195.8533333333332 300
3156 -1196.03 300
3157 -1195.5966666666666 300
3158 -1195.6333333333334 300
3159 -1195.3133333333333 300
3160 -1195.6133333333332 300
3161 -1195.05 300
3162 -1194.9533333333334 300
3163 -1195.05 300
3164 -1195.0433333333333 300
3165 -1192.7633333333333 300
3166 -1192.7633333333333 300
3167 -1192.76 300
3168 -1192.7566666666667 300
3169 -1192.7533333333333 300
3170 -1192.7466666666667 300
3171 -1192.7833333333333 300
3172 -1192.71 300
3173 -1192.7 300
3174 -1192.85 300
3175 -1192.8466666666666 300
3176 -1193.0166666666667 300
3177 -1193.04 300
3178 -1193.1433333333334 300
3179 -1193.4166666666667 300
3180 -1193.5733333333333 300
3181 -1193.3166666666666 300
3182 -1193.2033333333334 300
3183 -1193.1733333333334 300
3184 -1192.03 300
3185 -1192.18 300
3186 -1192.3366666666666 300
3187 -1192.53 300
3188 -1192.6766666666667 300
3189 -1192.9033333333334 300
3190 -1192.9233333333334 300
3191 -1192.7333333333333 300
3192 -1192.7166666666667 300
3193 -1192.7266666666667 300
3194 -1192.7266666666667 300
3195 -1192.59 300
3196 -1192.59 300
3197 -1192.7266666666667 300
3198 -1192.73 300
3199 -1192.73 300
3200 -1192.73 300
3201 -1192.7766666666666 300
3202 -1192.6933333333334 300
3203 -1192.7066666666667 300
3204 -1192.7233333333334 300
3205 -1192.7 300
3206 -1192.6233333333332 300
3207 -1192.6933333333334 300
3208 -1192.4866666666667 300
3209 -1192.1 300
3210 -1191.5933333333332 300
3211 -1192.67 300
3212 -1192.6266666666668 300
3213 -1192.4666666666667 300
3214 -1192.3833333333334 300
3215 -1192.5566666666666 300
3216 -1192.6833333333334 300
3217 -1192.7633333333333 300
3218 -1192.72 300
3219 -1192.6766666666667 300
3220 -1192.6333333333334 300
3221 -1192.6333333333334 300
3222 -1192.8066666666666 300
3223 -1192.7633333333333 300
3224 -1192.72 300
3225 -1192.35 300
3226 -1191.6966666666667 300
3227 -1191.5666666666666 300
3228 -1191.3933333333334 300
3229 -1190.9166666666667 300
3230 -1190.4833333333333 300
3231 -1190.6566666666668 300
3232 -1190.7866666666666 300
3233 -1190.3533333333332 300
3234 -1188.92 300
3235 -1185.5833333333333 300
3236 -1179.6933333333334 300
3237 -1179.61 300
3238 -1179.5133333333333 300
3239 -1179.3733333333332 300
3240 -1179.2433333333333 300
3241 -1179.0666666666666 300
3242 -1178.3 300
3243 -1178.38 300
3244 -1177.7333333333333 300
3245 -1176.24 300
3246 -1177.5633333333333 300
3247 -1176.6933333333334 300
3248 -1175.33 300
3249 -1172.9433333333334 300
3250 -1167.0466666666666 300
3251 -1157.9266666666667 300
3252 -1158.99 300
3253 -1159.9533333333334 300
3254 -1160.8766666666668 300
3255 -1162.57 300
3256 -1164.98 300
3257 -1153.85 300
3258 -1150.3 300
3259 -1150.2366666666667 300
3260 -1150.2366666666667 300
3261 -1150.2366666666667 300
3262 -1150.28 300
3263 -1150.0866666666666 300
3264 -1150.0866666666666 300
3265 -1150.0866666666666 300
3266 -1150.0866666666666 300
3267 -1150.0866666666666 300
3268 -1150.0866666666666 300
3269 -1149.99 300
3270 -1150.0366666666666 300
3271 -1150.0366666666666 300
3272 -1150.1333333333334 300
3273 -1150.1333333333334 300
3274 -1150.1766666666667 300
3275 -1150.13 300
3276 -1150.17 300
3277 -1150.2033333333334 300
3278 -1150.28 300
3279 -1150.32 300
3280 -1150.17 300
3281 -1149.85 300
3282 -1149.3866666666668 300
3283 -1148.4266666666667 300
3284 -1150.39 300
3285 -1150.1166666666666 300
3286 -1149.4933333333333 300
3287 -1148.9533333333334 300
3288 -1147.5266666666666 300
3289 -1145.2233333333334 300
3290 -1144.82 300
3291 -1139.71 300
3292 -1139.1633333333334 300
3293 -1139.1566666666668 300
3294 -1138.6733333333334 300
3295 -1136.5033333333333 300
3296 -1136.4666666666667 300
3297 -1136.3966666666668 300
3298 -1136.03 300
3299 -1135.99 300
3300 -1135.9166666666667 300
3301 -1135.83 300
3302 -1135.4566666666667 300
3303 -1135.1933333333334 300
3304 -1135.1933333333334 300
3305 -1135.15 300
3306 -1135.2366666666667 300
3307 -1135.2333333333333 300
3308 -1135.1833333333334 300
3309 -1134.96 300
3310 -1134.4 300
3311 -1132.9933333333333 300
3312 -1129.8933333333334 300
3313 -1130.1233333333332 300
3314 -1130.0433333333333 300
3315 -1130.29 300
3316 -1126.6933333333334 300
3317 -1121.7866666666666 300
3318 -1119.89 300
3319 -1118.12 300
3320 -1119.03 300
3321 -1119.0666666666666 300
3322 -1120.5166666666667 300
3323 -1120.59 300
3324 -1124.39 300
3325 -1130.5866666666666 300
3326 -1130.7533333333333 300
3327 -1130.4933333333333 300
3328 -1130.59 300
3329 -1129.8533333333332 300
3330 -1131.1966666666667 300
3331 -1130.6766666666667 300
3332 -1130.2433333333333 300
3333 -1129.8 300
3334 -1128.6733333333334 300
3335 -1126.1933333333334 300
3336 -1126.28 300
3337 -1127.5033333333333 300
3338 -1130.45 300
3339 -1131.1866666666667 300
3340 -1131.8366666666666 300
3341 -1128.9766666666667 300
3342 -1128.5433333333333 300
3343 -1124.99 300
3344 -1125.1633333333334 300
3345 -1125.64 300
3346 -1125.9866666666667 300
3347 -1126.29 300
3348 -1127.2433333333333 300
3349 -1127.2433333333333 300
3350 -1124.2866666666666 300
3351 -1122.75 300
3352 -1122.7433333333333 300
3353 -1122.5533333333333 300
3354 -1122.3566666666666 300
3355 -1121.6666666666667 300
3356 -1121.0433333333333 300
3357 -1123.0833333333333 300
3358 -1123.7566666666667 300
3359 -1125.27 300
3360 -1126.3866666666668 300
3361 -1127.3833333333334 300
3362 -1129.1833333333334 300
3363 -1132.75 300
3364 -1135.2333333333333 300
3365 -1135.38 300
3366 -1134.68 300
3367 -1135.81 300
3368 -1135.7233333333334 300
3369 -1135.6266666666668 300
3370 -1135.5366666666666 300
3371 -1135.4933333333333 300
3372 -1135.64 300
3373 -1135.9866666666667 300
3374 -1135.9133333333334 300
3375 -1135.8533333333332 300
3376 -1135.6966666666667 300
3377 -1135.3766666666668 300
3378 -1134.93 300
3379 -1134.8433333333332 300
3380 -1134.7533333333333 300
3381 -1134.6 300
3382 -1134.1666666666667 300
3383 -1133.2833333333333 300
3384 -1132.1766666666667 300
3385 -1130.4166666666667 300
3386 -1126.8933333333334 300
3387 -1123.1666666666667 300
3388 -1122.8933333333334 300
3389 -1122.58 300
3390 -1121.8866666666668 300
3391 -1121.3066666666666 300
3392 -1121.3066666666666 300
3393 -1121.0033333333333 300
3394 -1121.0033333333333 300
3395 -1121.0033333333333 300
3396 -1121.0033333333333 300
3397 -1121.0033333333333 300
3398 -1121.0033333333333 300
3399 -1121.0033333333333 300
3400 -1120.96 300
3401 -1120.7833333333333 300
3402 -1120.5166666666667 300
3403 -1120.7433333333333 300
3404 -1121.0033333333333 300
3405 -1121.0 300
3406 -1121.0 300
3407 -1121.0033333333333 300
3408 -1121.0066666666667 300
3409 -1121.0066666666667 300
3410 -1121.0066666666667 300
3411 -1121.0066666666667 300
3412 -1121.01 300
3413 -1121.01 300
3414 -1121.0133333333333 300
3415 -1121.0066666666667 300
3416 -1121.0066666666667 300
3417 -1121.0066666666667 300
3418 -1120.9633333333334 300
3419 -1120.9633333333334 300
3420 -1120.8766666666668 300
3421 -1120.75 300
3422 -1120.5333333333333 300
3423 -1120.14 300
3424 -1119.0533333333333 300
3425 -1116.7133333333334 300
3426 -1113.42 300
3427 -1114.33 300
3428 -1114.5 300
3429 -1115.14 300
3430 -1116.8366666666666 300
3431 -1113.8466666666666 300
3432 -1107.73 300
3433 -1106.1366666666668 300
3434 -1104.6633333333334 300
3435 -1103.2333333333333 300
3436 -1098.1633333333334 300
3437 -1098.3366666666666 300
3438 -1098.6833333333334 300
3439 -1098.9866666666667 300
3440 -1099.6366666666668 300
3441 -1099.68 300
3442 -1100.2 300
3443 -1100.5866666666666 300
3444 -1100.02 300
3445 -1099.8533333333332 300
3446 -1099.94 300
3447 -1099.94 300
3448 -1097.3833333333334 300
3449 -1095.39 300
3450 -1095.0866666666666 300
3451 -1095.0433333333333 300
3452 -1095.0466666666666 300
3453 -1095.13 300
3454 -1095.1733333333334 300
3455 -1095.1733333333334 300
3456 -1095.1733333333334 300
3457 -1095.1733333333334 300
3458 -1095.09 300
3459 -1095.09 300
3460 -1095.0866666666666 300
3461 -1095.13 300
3462 -1095.13 300
3463 -1095.13 300
3464 -1095.1733333333334 300
3465 -1095.1733333333334 300
3466 -1095.13 300
3467 -1095.0433333333333 300
3468 -1095.0433333333333 300
3469 -1095.0433333333333 300
3470 -1095.0433333333333 300
3471 -1095.0433333333333 300
3472 -1095.0433333333333 300
3473 -1095.0433333333333 300
3474 -1095.0433333333333 300
3475 -1094.9333333333334 300
3476 -1094.9333333333334 300
3477 -1095.09 300
3478 -1095.0866666666666 300
3479 -1095.0866666666666 300
3480 -1095.0 300
3481 -1094.8866666666668 300
3482 -1094.8833333333334 300
3483 -1094.6333333333334 300
3484 -1094.4033333333334 300
3485 -1093.4966666666667 300
3486 -1091.79 300
3487 -1087.3833333333334 300
3488 -1084.2366666666667 300
3489 -1074.6033333333332 300
3490 -1064.6233333333332 300
3491 -1064.8433333333332 300
3492 -1064.95 300
3493 -1065.0433333333333 300
3494 -1065.02 300
3495 -1064.9633333333334 300
3496 -1065.13 300
3497 -1065.1766666666667 300
3498 -1064.3166666666666 300
3499 -1062.7266666666667 300
3500 -1062.8933333333334 300
3501 -1062.82 300
3502 -1062.84 300
3503 -1062.75 300
3504 -1062.7233333333334 300
3505 -1060.0566666666666 300
3506 -1060.0566666666666 300
3507 -1060.0566666666666 300
3508 -1060.0566666666666 300
3509 -1060.1466666666668 300
3510 -1060.1466666666668 300
3511 -1060.0966666666666 300
3512 -1060.14 300
3513 -1060.1833333333334 300
3514 -1060.2266666666667 300
3515 -1060.3566666666666 300
3516 -1060.4433333333334 300
3517 -1060.3133333333333 300
3518 -1060.1833333333334 300
3519 -1059.8333333333333 300
3520 -1059.48 300
3521 -1059.7866666666666 300
3522 -1060.2666666666667 300
3523 -1061.8266666666666 300
3524 -1065.73 300
3525 -1069.2033333333334 300
3526 -1065.65 300
3527 -1060.4966666666667 300
3528 -1059.74 300
3529 -1059.7066666666667 300
3530 -1059.3933333333334 300
3531 -1059.09 300
3532 -1058.5966666666666 300
3533 -1057.5133333333333 300
3534 -1055.3733333333332 300
3535 -1054.0733333333333 300
3536 -1052.41 300
3537 -1048.77 300
3538 -1047.5633333333333 300
3539 -1047.5633333333333 300
3540 -1047.6066666666666 300
3541 -1047.6033333333332 300
3542 -1047.6033333333332 300
3543 -1047.6 300
3544 -1047.5966666666666 300
3545 -1047.5933333333332 300
3546 -1047.6133333333332 300
3547 -1047.6633333333334 300
3548 -1047.6433333333334 300
3549 -1047.5366666666666 300
3550 -1047.3466666666666 300
3551 -1047.28 300
3552 -1047.2966666666666 300
3553 -1047.41 300
3554 -1047.66 300
3555 -1047.6333333333334 300
3556 -1047.8166666666666 300
3557 -1047.6933333333334 300
3558 -1047.69 300
3559 -1047.6966666666667 300
3560 -1047.91 300
3561 -1047.91 300
3562 -1047.9066666666668 300
3563 -1047.91 300
3564 -1047.9966666666667 300
3565 -1048.0866666666666 300
3566 -1048.0433333333333 300
3567 -1048.09 300
3568 -1048.27 300
3569 -1048.36 300
3570 -1048.54 300
3571 -1048.77 300
3572 -1049.3133333333333 300
3573 -1050.18 300
3574 -1050.91 300
3575 -1051.95 300
3576 -1052.8033333333333 300
3577 -1050.3033333333333 300
3578 -1050.4966666666667 300
3579 -1050.7733333333333 300
3580 -1051.14 300
3581 -1050.9133333333334 300
3582 -1048.0433333333333 300
3583 -1048.0433333333333 300
3584 -1048.0433333333333 300
3585 -1048.0866666666666 300
3586 -1048.0866666666666 300
3587 -1048.0866666666666 300
3588 -1048.1333333333334 300
3589 -1048.1333333333334 300
3590 -1048.1333333333334 300
3591 -1048.18 300
3592 -1048.18 300
3593 -1048.18 300
3594 -1048.18 300
3595 -1048.18 300
3596 -1048.18 300
3597 -1047.2666666666667 300
3598 -1047.2666666666667 300
3599 -1047.2666666666667 300
3600 -1047.2666666666667 300
3601 -1047.2666666666667 300
3602 -1047.2666666666667 300
3603 -1047.2666666666667 300
3604 -1047.31 300
3605 -1047.31 300
3606 -1047.31 300
3607 -1047.3133333333333 300
3608 -1047.4 300
3609 -1047.4433333333334 300
3610 -1047.35 300
3611 -1047.4366666666667 300
3612 -1047.6966666666667 300
3613 -1048.2066666666667 300
3614 -1048.64 300
3615 -1048.8133333333333 300
3616 -1047.6 300
3617 -1047.33 300
3618 -1047.1766666666667 300
3619 -1047.22 300
3620 -1047.1733333333334 300
3621 -1047.1733333333334 300
3622 -1047.1733333333334 300
3623 -1047.0 300
3624 -1047.0 300
3625 -1047.0 300
3626 -1047.0 300
3627 -1047.0 300
3628 -1047.0 300
3629 -1047.0 300
3630 -1047.0 300
3631 -1047.0 300
3632 -1047.0 300
3633 -1047.0 300
3634 -1047.0 300
3635 -1047.0 300
3636 -1047.0 300
3637 -1047.0 300
3638 -1047.0466666666666 300
3639 -1047.0466666666666 300
3640 -1047.0466666666666 300
3641 -1047.0933333333332 300
3642 -1047.1333333333334 300
3643 -1047.1333333333334 300
3644 -1047.1333333333334 300
3645 -1047.0866666666666 300
3646 -1046.9466666666667 300
3647 -1046.7633333333333 300
3648 -1046.6266666666668 300
3649 -1046.4866666666667 300
3650 -1046.3466666666666 300
3651 -1045.9266666666667 300
3652 -1045.4633333333334 300
3653 -1045.0433333333333 300
3654 -1043.9233333333334 300
3655 -1042.1033333333332 300
3656 -1038.0433333333333 300
3657 -1037.6233333333332 300
3658 -1035.2433333333333 300
3659 -1034.03 300
3660 -1035.2866666666666 300
3661 -1025.95 300
3662 -1028.89 300
3663 -1033.1333333333334 300
3664 -1039.6033333333332 300
3665 -1045.52 300
3666 -1045.2733333333333 300
3667 -1044.38 300
3668 -1044.2266666666667 300
3669 -1042.8166666666666 300
3670 -1040.9433333333334 300
3671 -1035.4633333333334 300
3672 -1025.2033333333334 300
3673 -1017.0233333333333 300
3674 -1019.34 300
3675 -1021.0366666666666 300
3676 -1022.26 300
3677 -1022.53 300
3678 -1022.6266666666667 300
3679 -1022.82 300
3680 -1022.9166666666666 300
3681 -1023.11 300
3682 -1023.3066666666666 300
3683 -1023.4033333333333 300
3684 -1023.4033333333333 300
3685 -1023.5 300
3686 -1023.5 300
3687 -1023.89 300
3688 -1024.2766666666666 300
3689 -1024.37 300
3690 -1024.66 300
3691 -1024.8566666666666 300
3692 -1025.1466666666668 300
3693 -1025.3533333333332 300
3694 -1025.4833333333333 300
3695 -1026.16 300
3696 -1026.3566666666666 300
3697 -1026.5466666666666 300
3698 -1027.3166666666666 300
3699 -1028.3866666666668 300
3700 -1029.2466666666667 300
3701 -1029.73 300
3702 -1030.5566666666666 300
3703 -1031.6166666666666 300
3704 -1032.6733333333334 300
3705 -1034.2133333333334 300
3706 -1037.4866666666667 300
3707 -1042.0166666666667 300
3708 -1043.49 300
3709 -1045.17 300
3710 -1044.5233333333333 300
3711 -1044.1166666666666 300
3712 -1043.2166666666667 300
3713 -1044.46 300
3714 -1043.1833333333334 300
3715 -1041.2066666666667 300
3716 -1040.5433333333333 300
3717 -1036.0666666666666 300
3718 -1038.89 300
3719 -1034.5933333333332 300
3720 -1025.4266666666667 300
3721 -1025.58 300
3722 -1024.66 300
3723 -1025.11 300
3724 -1025.4666666666667 300
3725 -1025.5466666666666 300
3726 -1025.4933333333333 300
3727 -1025.5966666666666 300
3728 -1026.2033333333334 300
3729 -1026.8266666666666 300
3730 -1019.44 300
3731 -1019.5133333333333 300
3732 -1019.5233333333333 300
3733 -1019.3433333333334 300
3734 -1018.22 300
3735 -1018.2366666666667 300
3736 -1018.3066666666666 300
3737 -1018.0866666666667 300
3738 -1017.59 300
3739 -1016.66 300
3740 -1014.6933333333334 300
3741 -1015.37 300
3742 -1017.63 300
3743 -1017.9133333333333 300
3744 -1017.74 300
3745 -1017.3933333333333 300
3746 -1016.96 300
3747 -1017.2633333333333 300
3748 -1017.7833333333333 300
3749 -1017.6966666666667 300
3750 -1017.61 300
3751 -1017.26 300
3752 -1016.96 300
3753 -1016.2233333333334 300
3754 -1014.75 300
3755 -1013.19 300
3756 -1012.8433333333334 300
3757 -1014.62 300
3758 -1017.61 300
3759 -1017.7833333333333 300
3760 -1017.7366666666667 300
3761 -1017.35 300
3762 -1017.09 300
3763 -1016.3966666666666 300
3764 -1016.8333333333334 300
3765 -1015.4866666666667 300
3766 -1017.5666666666667 300
3767 -1017.4366666666666 300
3768 -1017.3933333333333 300
3769 -1017.35 300
3770 -1016.6566666666666 300
3771 -1015.7033333333334 300
3772 -1013.7533333333333 300
3773 -1009.2466666666667 300
3774 -1007.9466666666667 300
3775 -1008.0333333333333 300
3776 -1008.0766666666667 300
3777 -1008.1633333333333 300
3778 -1008.2066666666667 300
3779 -1008.3366666666667 300
3780 -1008.4666666666667 300
3781 -1008.5533333333333 300
3782 -1008.64 300
3783 -1008.7266666666667 300
3784 -1008.8566666666667 300
3785 -1008.6833333333333 300
3786 -1008.77 300
3787 -1008.8133333333334 300
3788 -1008.8566666666667 300
3789 -1008.9433333333334 300
3790 -1009.03 300
3791 -1008.9866666666667 300
3792 -1008.9433333333334 300
3793 -1009.2033333333334 300
3794 -1009.4233333333333 300
3795 -1009.9866666666667 300
3796 -1010.2933333333333 300
3797 -1011.0333333333333 300
3798 -1011.9466666666667 300
3799 -1013.1566666666666 300
3800 -1013.7633333333333 300
3801 -1013.85 300
3802 -1013.9366666666666 300
3803 -1016.9266666666666 300
3804 -1017.6633333333333 300
3805 -1017.62 300
3806 -1017.53 300
3807 -1017.4866666666667 300
3808 -1017.4433333333334 300
3809 -1017.4033333333333 300
3810 -1017.27 300
3811 -1016.96 300
3812 -1016.2633333333333 300
3813 -1015.1066666666667 300
3814 -1015.02 300
3815 -1014.9333333333333 300
3816 -1014.89 300
3817 -1014.7066666666667 300
3818 -1014.7933333333333 300
3819 -1014.7066666666667 300
3820 -1014.6633333333333 300
3821 -1014.75 300
3822 -1016.9166666666666 300
3823 -1017.26 300
3824 -1017.1733333333333 300
3825 -1016.9966666666667 300
3826 -1016.9533333333334 300
3827 -1016.82 300
3828 -1016.13 300
3829 -1015.18 300
3830 -1012.9733333333334 300
3831 -1009.0233333333333 300
3832 -1008.7833333333333 300
3833 -1008.57 300
3834 -1007.6066666666667 300
3835 -1004.3266666666667 300
3836 -1003.07 300
3837 -1003.2066666666667 300
3838 -1003.5233333333333 300
3839 -1003.9766666666667 300
3840 -1004.25 300
3841 -1004.6066666666667 300
3842 -1005.01 300
3843 -998.4466666666667 300
3844 -998.7133333333334 300
3845 -999.17 300
3846 -999.4833333333333 300
3847 -1000.1666666666666 300
3848 -1001.3033333333333 300
3849 -1002.9833333333333 300
3850 -1004.9266666666666 300
3851 -1007.8733333333333 300
3852 -1008.4166666666666 300
3853 -1008.41 300
3854 -1008.45 300
3855 -1008.4 300
3856 -1008.53 300
3857 -1003.5266666666666 300
3858 -1006.2733333333333 300
3859 -1006.34 300
3860 -1006.21 300
3861 -1006.2566666666667 300
3862 -1006.3933333333333 300
3863 -1006.3766666666667 300
3864 -1006.34 300
3865 -1005.74 300
3866 -1004.0333333333333 300
3867 -1006.9033333333333 300
3868 -1006.98 300
3869 -1005.3 300
3870 -1006.1266666666667 300
3871 -1006.13 300
3872 -1006.13 300
3873 -1006.23 300
3874 -1006.2766666666666 300
3875 -1006.3266666666667 300
3876 -1006.3366666666667 300
3877 -1006.2566666666667 300
3878 -1006.1766666666666 300
3879 -1006.2633333333333 300
3880 -1006.0566666666666 300
3881 -1005.7233333333334 300
3882 -1006.5066666666667 300
3883 -1006.47 300
3884 -1006.3366666666667 300
3885 -1004.4866666666667 300
3886 -1004.12 300
3887 -1003.31 300
3888 -1004.4633333333334 300
3889 -1003.3 300
3890 -1003.4366666666666 300
3891 -1002.0633333333334 300
3892 -999.52 300
3893 -997.58 300
3894 -999.3233333333334 300
3895 -1000.8666666666667 300
3896 -998.14 300
3897 -995.4 300
3898 -995.5466666666666 300
3899 -995.61 300
3900 -995.5233333333333 300
3901 -997.3866666666667 300
3902 -1000.56 300
3903 -1000.56 300
3904 -1002.5466666666666 300
3905 -1001.9966666666667 300
3906 -1000.5766666666667 300
3907 -997.8133333333334 300
3908 -999.78 300
3909 -996.57 300
3910 -997.02 300
3911 -997.2333333333333 300
3912 -997.1833333333333 300
3913 -997.2933333333333 300
3914 -999.28 300
3915 -1002.11 300
3916 -1002.1033333333334 300
3917 -1002.1033333333334 300
3918 -1001.7333333333333 300
3919 -1001.5766666666667 300
3920 -1001.5266666666666 300
3921 -1001.4766666666667 300
3922 -1000.5233333333333 300
3923 -998.3466666666667 300
3924 -996.66 300
3925 -997.37 300
3926 -998.67 300
3927 -1000.03 300
3928 -1000.9533333333334 300
3929 -998.78 300
3930 -994.8433333333334 300
3931 -987.5433333333333 300
3932 -983.8866666666667 300
3933 -983.5166666666667 300
3934 -983.84 300
3935 -984.1033333333334 300
3936 -984.48 300
3937 -984.64 300
3938 -985.12 300
3939 -975.4133333333333 300
3940 -975.51 300
3941 -975.6066666666667 300
3942 -975.6933333333334 300
3943 -975.7366666666667 300
3944 -975.8233333333334 300
3945 -976.0266666666666 300
3946 -976.07 300
3947 -976.3166666666667 300
3948 -976.4133333333333 300
3949 -976.5533333333333 300
3950 -976.7366666666667 300
3951 -977.02 300
3952 -977.5666666666667 300
3953 -978.3833333333333 300
3954 -978.9566666666667 300
3955 -979.68 300
3956 -978.9833333333333 300
3957 -979.7166666666667 300
3958 -980.9566666666667 300
3959 -982.3066666666666 300
3960 -983.8866666666667 300
3961 -984.12 300
3962 -981.45 300
3963 -977.6833333333333 300
3964 -976.3933333333333 300
3965 -976.48 300
3966 -976.4566666666667 300
3967 -976.63 300
3968 -976.0866666666667 300
3969 -976.3 300
3970 -976.3433333333334 300
3971 -976.13 300
3972 -975.7566666666667 300
3973 -975.8166666666667 300
3974 -975.86 300
3975 -975.9033333333333 300
3976 -976.0766666666667 300
3977 -976.5933333333334 300
3978 -977.3933333333333 300
3979 -978.8233333333334 300
3980 -980.4033333333333 300
3981 -981.4 300
3982 -980.4033333333333 300
3983 -981.7433333333333 300
3984 -979.1633333333333 300
3985 -978.6333333333333 300
3986 -976.9733333333334 300
3987 -976.7133333333334 300
3988 -976.7566666666667 300
3989 -976.8966666666666 300
3990 -976.94 300
3991 -977.02 300
3992 -977.01 300
3993 -977.0466666666666 300
3994 -975.4266666666666 300
3995 -975.7966666666666 300
3996 -976.0733333333334 300
3997 -976.3 300
3998 -976.8733333333333 300
3999 -977.5933333333334 300
4000 -979.56 300
4001 -981.1 300
4002 -982.9766666666667 300
4003 -984.3466666666667 300
4004 -983.3166666666667 300
4005 -981.9866666666667 300
4006 -978.95 300
4007 -975.4766666666667 300
4008 -975.7066666666667 300
4009 -975.9333333333333 300
4010 -975.5566666666666 300
4011 -975.4666666666667 300
4012 -975.6933333333334 300
4013 -975.27 300
4014 -975.3766666666667 300
4015 -974.6 300
4016 -972.8833333333333 300
4017 -972.4966666666667 300
4018 -972.3166666666667 300
4019 -972.1666666666666 300
4020 -971.6833333333333 300
4021 -970.6166666666667 300
4022 -972.16 300
4023 -971.6733333333333 300
4024 -970.98 300
4025 -969.0733333333334 300
4026 -966.5733333333334 300
4027 -960.85 300
4028 -950.6433333333333 300
4029 -946.3833333333333 300
4030 -946.57 300
4031 -946.8 300
4032 -946.89 300
4033 -947.2533333333333 300
4034 -947.51 300
4035 -948.14 300
4036 -948.36 300
4037 -948.4466666666667 300
4038 -948.7133333333334 300
4039 -949.2666666666667 300
4040 -948.45 300
4041 -948.5333333333333 300
4042 -948.6266666666667 300
4043 -948.6266666666667 300
4044 -948.72 300
4045 -948.8133333333334 300
4046 -948.9066666666666 300
4047 -949.0 300
4048 -949.0933333333334 300
4049 -949.1866666666666 300
4050 -949.28 300
4051 -949.3733333333333 300
4052 -949.4666666666667 300
4053 -949.9333333333333 300
4054 -950.5866666666667 300
4055 -951.3333333333334 300
4056 -952.5466666666666 300
4057 -954.1333333333333 300
4058 -955.25 300
4059 -957.0933333333334 300
4060 -960.08 300
4061 -963.01 300
4062 -963.1966666666667 300
4063 -963.1966666666667 300
4064 -956.1966666666667 300
4065 -943.8833333333333 300
4066 -943.8833333333333 300
4067 -943.8833333333333 300
4068 -943.8833333333333 300
4069 -943.8833333333333 300
4070 -943.84 300
4071 -943.7966666666666 300
4072 -943.7133333333334 300
4073 -943.6766666666666 300
4074 -943.33 300
4075 -942.5933333333334 300
4076 -940.9466666666667 300
4077 -937.9133333333333 300
4078 -932.28 300
4079 -931.41 300
4080 -931.41 300
4081 -931.41 300
4082 -931.4133333333333 300
4083 -931.4133333333333 300
4084 -931.41 300
4085 -931.41 300
4086 -931.4133333333333 300
4087 -931.4133333333333 300
4088 -931.4133333333333 300
4089 -931.4133333333333 300
4090 -931.4133333333333 300
4091 -931.4066666666666 300
4092 -931.41 300
4093 -931.41 300
4094 -931.41 300
4095 -931.41 300
4096 -931.4533333333334 300
4097 -931.4533333333334 300
4098 -931.55 300
4099 -931.55 300
4100 -931.4533333333334 300
4101 -931.0666666666667 300
4102 -930.68 300
4103 -931.4933333333333 300
4104 -931.7866666666666 300
4105 -931.8833333333333 300
4106 -932.0833333333334 300
4107 -932.2433333333333 300
4108 -932.48 300
4109 -932.86 300
4110 -932.9566666666667 300
4111 -933.4866666666667 300
4112 -933.9833333333333 300
4113 -933.0033333333333 300
4114 -933.4533333333334 300
4115 -933.6566666666666 300
4116 -934.05 300
4117 -934.05 300
4118 -931.9033333333333 300
4119 -932.2766666666666 300
4120 -933.1933333333334 300
4121 -934.6733333333333 300
4122 -937.3533333333334 300
4123 -940.9766666666667 300
4124 -945.1466666666666 300
4125 -945.7766666666666 300
4126 -946.2533333333333 300
4127 -947.55 300
4128 -949.7033333333334 300
4129 -953.0933333333334 300
4130 -954.9 300
4131 -954.6566666666666 300
4132 -954.1833333333333 300
4133 -953.2233333333334 300
4134 -951.5 300
4135 -948.9233333333333 300
4136 -948.22 300
4137 -948.9166666666666 300
4138 -947.0466666666666 300
4139 -942.9 300
4140 -942.83 300
4141 -942.6066666666667 300
4142 -941.9366666666666 300
4143 -941.74 300
4144 -939.56 300
4145 -937.2766666666666 300
4146 -933.8433333333334 300
4147 -933.7333333333333 300
4148 -933.7766666666666 300
4149 -934.1666666666666 300
4150 -934.56 300
4151 -935.2533333333333 300
4152 -935.82 300
4153 -936.9466666666667 300
4154 -939.07 300
4155 -941.63 300
4156 -943.02 300
4157 -943.83 300
4158 -943.8266666666667 300
4159 -943.9266666666666 300
4160 -943.9266666666666 300
4161 -943.9266666666666 300
4162 -944.1033333333334 300
4163 -944.1533333333333 300
4164 -944.1533333333333 300
4165 -944.1533333333333 300
4166 -944.2066666666667 300
4167 -944.3033333333333 300
4168 -944.3066666666666 300
4169 -944.3533333333334 300
4170 -944.45 300
4171 -944.4066666666666 300
4172 -944.4533333333334 300
4173 -944.4966666666667 300
4174 -944.5433333333333 300
4175 -944.46 300
4176 -944.46 300
4177 -944.5566666666666 300
4178 -944.7533333333333 300
4179 -945.2366666666667 300
4180 -945.67 300
4181 -946.0566666666666 300
4182 -946.1533333333333 300
4183 -946.2733333333333 300
4184 -946.27 300
4185 -946.27 300
4186 -946.13 300
4187 -943.3733333333333 300
4188 -943.2333333333333 300
4189 -943.2333333333333 300
4190 -943.2333333333333 300
4191 -943.2333333333333 300
4192 -943.2333333333333 300
4193 -943.2333333333333 300
4194 -943.2333333333333 300
4195 -943.2333333333333 300
4196 -943.2333333333333 300
4197 -943.2766666666666 300
4198 -943.2766666666666 300
4199 -943.2766666666666 300
4200 -943.2766666666666 300
4201 -943.2766666666666 300
4202 -943.28 300
4203 -943.28 300
4204 -943.28 300
4205 -943.28 300
4206 -943.2766666666666 300
4207 -943.2766666666666 300
4208 -943.18 300
4209 -943.2733333333333 300
4210 -943.18 300
4211 -943.18 300
4212 -943.18 300
4213 -943.2233333333334 300
4214 -943.2333333333333 300
4215 -943.2766666666666 300
4216 -943.1366666666667 300
4217 -943.0933333333334 300
4218 -943.18 300
4219 -943.18 300
4220 -943.0966666666667 300
4221 -943.0966666666667 300
4222 -943.0966666666667 300
4223 -943.0966666666667 300
4224 -943.0966666666667 300
4225 -943.3333333333334 300
4226 -943.1366666666667 300
4227 -943.1366666666667 300
4228 -943.1366666666667 300
4229 -943.1366666666667 300
4230 -943.1366666666667 300
4231 -943.1366666666667 300
4232 -942.9966666666667 300
4233 -943.0033333333333 300
4234 -942.9166666666666 300
4235 -942.9166666666666 300
4236 -942.9166666666666 300
4237 -942.74 300
4238 -942.31 300
4239 -941.79 300
4240 -942.05 300
4241 -942.3533333333334 300
4242 -942.0166666666667 300
4243 -941.7333333333333 300
4244 -941.2433333333333 300
4245 -939.4966666666667 300
4246 -937.35 300
4247 -939.0366666666666 300
4248 -935.8066666666666 300
4249 -936.39 300
4250 -936.93 300
4251 -936.9366666666666 300
4252 -934.1833333333333 300
4253 -934.1833333333333 300
4254 -934.14 300
4255 -934.1433333333333 300
4256 -934.6066666666667 300
4257 -934.8 300
4258 -934.4733333333334 300
4259 -934.3866666666667 300
4260 -934.2566666666667 300
4261 -934.5166666666667 300
4262 -934.6566666666666 300
4263 -934.57 300
4264 -934.6233333333333 300
4265 -934.64 300
4266 -934.39 300
4267 -933.7933333333333 300
4268 -934.1033333333334 300
4269 -934.6 300
4270 -934.0466666666666 300
4271 -934.3266666666667 300
4272 -934.63 300
4273 -935.1166666666667 300
4274 -935.94 300
4275 -936.0266666666666 300
4276 -935.56 300
4277 -928.6766666666666 300
4278 -927.03 300
4279 -929.63 300
4280 -931.0966666666667 300
4281 -931.1333333333333 300
4282 -931.1766666666666 300
4283 -931.1766666666666 300
4284 -931.1766666666666 300
4285 -931.22 300
4286 -931.1766666666666 300
4287 -931.22 300
4288 -931.2633333333333 300
4289 -931.2633333333333 300
4290 -931.3066666666666 300
4291 -931.3066666666666 300
4292 -931.35 300
4293 -931.35 300
4294 -931.3933333333333 300
4295 -931.4366666666666 300
4296 -931.48 300
4297 -931.5233333333333 300
4298 -931.61 300
4299 -931.61 300
4300 -931.84 300
4301 -931.9266666666666 300
4302 -931.93 300
4303 -931.9433333333334 300
4304 -931.61 300
4305 -931.5666666666667 300
4306 -931.5666666666667 300
4307 -931.5233333333333 300
4308 -931.61 300
4309 -931.61 300
4310 -931.4366666666666 300
4311 -931.09 300
4312 -929.8333333333334 300
4313 -928.6633333333333 300
4314 -928.75 300
4315 -929.01 300
4316 -929.14 300
4317 -926.7133333333334 300
4318 -926.6633333333333 300
4319 -922.46 300
4320 -922.5466666666666 300
4321 -922.6766666666666 300
4322 -922.8066666666666 300
4323 -922.8066666666666 300
4324 -923.0233333333333 300
4325 -923.0666666666667 300
4326 -923.1966666666667 300
4327 -923.3266666666667 300
4328 -923.4133333333333 300
4329 -923.7633333333333 300
4330 -924.0266666666666 300
4331 -924.6966666666667 300
4332 -924.9333333333333 300
4333 -925.7433333333333 300
4334 -926.5866666666667 300
4335 -927.6666666666666 300
4336 -928.8333333333334 300
4337 -929.5133333333333 300
4338 -930.5466666666666 300
4339 -932.8933333333333 300
4340 -935.4633333333334 300
4341 -936.9533333333334 300
4342 -936.9566666666667 300
4343 -937.1366666666667 300
4344 -937.2266666666667 300
4345 -937.3166666666667 300
4346 -932.2566666666667 300
4347 -931.13 300
4348 -931.13 300
4349 -931.1766666666666 300
4350 -931.1766666666666 300
4351 -931.2233333333334 300
4352 -931.27 300
4353 -931.3166666666667 300
4354 -931.36 300
4355 -931.36 300
4356 -931.41 300
4357 -931.4133333333333 300
4358 -931.4233333333333 300
4359 -931.4266666666666 300
4360 -931.56 300
4361 -931.57 300
4362 -931.6233333333333 300
4363 -931.6733333333333 300
4364 -931.7266666666667 300
4365 -931.78 300
4366 -931.8833333333333 300
4367 -931.9033333333333 300
4368 -931.7966666666666 300
4369 -931.8433333333334 300
4370 -931.8433333333334 300
4371 -931.8866666666667 300
4372 -931.9766666666667 300
4373 -932.0633333333334 300
4374 -932.1533333333333 300
4375 -932.3333333333334 300
4376 -932.42 300
4377 -932.51 300
4378 -931.4 300
4379 -931.4 300
4380 -931.3466666666667 300
4381 -931.39 300
4382 -931.39 300
4383 -931.4333333333333 300
4384 -931.3833333333333 300
4385 -931.6633333333333 300
4386 -931.7066666666667 300
4387 -931.75 300
4388 -931.7966666666666 300
4389 -931.7966666666666 300
4390 -931.7966666666666 300
4391 -931.7533333333333 300
4392 -931.7966666666666 300
4393 -931.7566666666667 300
4394 -931.8 300
4395 -931.9833333333333 300
4396 -931.7366666666667 300
4397 -931.8766666666667 300
4398 -931.8333333333334 300
4399 -931.8766666666667 300
4400 -932.2666666666667 300
4401 -932.31 300
4402 -932.2666666666667 300
4403 -932.31 300
4404 -932.31 300
4405 -932.31 300
4406 -932.3966666666666 300
4407 -932.31 300
4408 -932.3533333333334 300
4409 -932.3966666666666 300
4410 -932.44 300
4411 -932.5266666666666 300
4412 -932.6133333333333 300
4413 -932.6566666666666 300
4414 -932.7 300
4415 -931.8766666666667 300
4416 -930.4033333333333 300
4417 -927.4133333333333 300
4418 -926.6766666666666 300
4419 -927.5433333333333 300
4420 -928.8 300
4421 -929.84 300
4422 -931.9633333333334 300
4423 -933.61 300
4424 -932.18 300
4425 -923.9033333333333 300
4426 -922.17 300
4427 -921.9533333333334 300
4428 -922.2133333333334 300
4429 -922.9933333333333 300
4430 -923.86 300
4431 -925.38 300
4432 -927.46 300
4433 -928.8366666666667 300
4434 -929.0533333333333 300
4435 -929.0533333333333 300
4436 -929.2266666666667 300
4437 -929.27 300
4438 -929.27 300
4439 -928.1466666666666 300
4440 -926.2 300
4441 -921.6966666666667 300
4442 -922.2666666666667 300
4443 -922.6966666666667 300
4444 -923.36 300
4445 -923.5866666666667 300
4446 -925.0233333333333 300
4447 -926.29 300
4448 -927.8666666666667 300
4449 -927.0266666666666 300
4450 -922.6066666666667 300
4451 -922.3766666666667 300
4452 -922.3333333333334 300
4453 -922.8533333333334 300
4454 -923.1566666666666 300
4455 -924.0666666666667 300
4456 -925.8466666666667 300
4457 -927.7066666666667 300
4458 -928.8366666666667 300
4459 -928.4466666666667 300
4460 -928.49 300
4461 -928.49 300
4462 -925.24 300
4463 -922.25 300
4464 -922.2933333333333 300
4465 -919.13 300
4466 -919.13 300
4467 -918.74 300
4468 -918.74 300
4469 -918.7833333333333 300
4470 -918.8266666666667 300
4471 -918.9133333333333 300
4472 -919.0433333333333 300
4473 -918.95 300
4474 -918.9933333333333 300
4475 -918.9933333333333 300
4476 -918.9933333333333 300
4477 -918.9933333333333 300
4478 -919.0366666666666 300
4479 -919.08 300
4480 -919.1233333333333 300
4481 -919.1666666666666 300
4482 -919.21 300
4483 -919.2533333333333 300
4484 -919.2966666666666 300
4485 -919.34 300
4486 -919.3833333333333 300
4487 -919.47 300
4488 -919.5566666666666 300
4489 -919.86 300
4490 -920.0766666666667 300
4491 -920.4666666666667 300
4492 -920.7266666666667 300
4493 -918.6033333333334 300
4494 -918.6466666666666 300
4495 -918.6033333333334 300
4496 -918.56 300
4497 -918.4733333333334 300
4498 -917.52 300
4499 -916.35 300
4500 -913.9666666666667 300
4501 -910.1733333333333 300
4502 -910.8766666666667 300
4503 -911.9766666666667 300
4504 -912.2033333333334 300
4505 -913.4566666666667 300
4506 -916.5033333333333 300
4507 -917.1766666666666 300
4508 -913.6966666666667 300
4509 -910.27 300
4510 -907.4266666666666 300
4511 -907.9766666666667 300
4512 -907.78 300
4513 -901.81 300
4514 -901.7133333333334 300
4515 -896.03 300
4516 -895.9266666666666 300
4517 -894.9 300
4518 -898.5933333333334 300
4519 -891.61 300
4520 -889.0466666666666 300
4521 -890.3733333333333 300
4522 -893.6 300
4523 -897.4666666666667 300
4524 -902.3466666666667 300
4525 -903.6133333333333 300
4526 -903.6966666666667 300
4527 -903.9433333333334 300
4528 -904.2266666666667 300
4529 -904.2566666666667 300
4530 -904.4633333333334 300
4531 -904.4033333333333 300
4532 -904.44 300
4533 -904.5766666666667 300
4534 -904.66 300
4535 -907.2033333333334 300
4536 -903.49 300
4537 -904.0466666666666 300
4538 -902.83 300
4539 -910.0966666666667 300
4540 -914.6933333333334 300
4541 -914.64 300
4542 -914.5933333333334 300
4543 -914.4733333333334 300
4544 -914.0566666666666 300
4545 -913.23 300
4546 -911.36 300
4547 -906.2633333333333 300
4548 -902.4933333333333 300
4549 -902.36 300
4550 -902.3033333333333 300
4551 -905.95 300
4552 -905.95 300
4553 -905.95 300
4554 -905.99 300
4555 -906.08 300
4556 -906.0733333333334 300
4557 -906.1133333333333 300
4558 -906.15 300
4559 -906.1433333333333 300
4560 -906.23 300
4561 -906.2733333333333 300
4562 -906.3133333333334 300
4563 -906.3333333333334 300
4564 -906.51 300
4565 -906.6 300
4566 -906.6433333333333 300
4567 -906.6866666666666 300
4568 -906.73 300
4569 -906.7733333333333 300
4570 -906.8166666666667 300
4571 -906.86 300
4572 -906.9033333333333 300
4573 -906.9466666666667 300
4574 -906.99 300
4575 -907.0333333333333 300
4576 -907.0766666666667 300
4577 -907.12 300
4578 -907.1633333333333 300
4579 -907.2066666666667 300
4580 -907.25 300
4581 -907.2933333333333 300
4582 -907.6 300
4583 -907.99 300
4584 -908.25 300
4585 -908.5966666666667 300
4586 -909.13 300
4587 -909.39 300
4588 -909.9533333333334 300
4589 -910.43 300
4590 -906.49 300
4591 -906.01 300
4592 -906.6533333333333 300
4593 -907.91 300
4594 -910.1666666666666 300
4595 -914.0866666666667 300
4596 -919.03 300
4597 -920.0733333333334 300
4598 -921.9333333333333 300
4599 -923.8133333333334 300
4600 -927.5933333333334 300
4601 -931.96 300
4602 -934.46 300
4603 -934.44 300
4604 -934.67 300
4605 -934.6 300
4606 -934.3566666666667 300
4607 -934.06 300
4608 -933.3533333333334 300
4609 -932.4566666666667 300
4610 -930.8333333333334 300
4611 -927.42 300
4612 -922.8666666666667 300
4613 -922.9733333333334 300
4614 -923.1733333333333 300
4615 -923.2266666666667 300
4616 -923.28 300
4617 -923.3866666666667 300
4618 -923.5466666666666 300
4619 -923.7066666666667 300
4620 -923.8133333333334 300
4621 -923.92 300
4622 -923.9733333333334 300
4623 -924.2833333333333 300
4624 -924.81 300
4625 -925.2766666666666 300
4626 -926.06 300
4627 -926.6566666666666 300
4628 -927.49 300
4629 -928.2366666666667 300
4630 -929.6166666666667 300
4631 -929.2466666666667 300
4632 -924.9466666666667 300
4633 -924.7466666666667 300
4634 -925.0066666666667 300
4635 -925.1666666666666 300
4636 -925.4466666666667 300
4637 -925.5933333333334 300
4638 -925.8 300
4639 -925.96 300
4640 -926.3133333333334 300
4641 -926.5633333333334 300
4642 -926.7233333333334 300
4643 -925.3733333333333 300
4644 -925.48 300
4645 -925.6333333333333 300
4646 -925.7866666666666 300
4647 -925.9933333333333 300
4648 -926.66 300
4649 -927.4666666666667 300
4650 -927.16 300
4651 -928.26 300
4652 -929.7066666666667 300
4653 -929.2333333333333 300
4654 -924.64 300
4655 -924.4333333333333 300
4656 -924.4866666666667 300
4657 -924.54 300
4658 -924.6466666666666 300
4659 -924.7533333333333 300
4660 -925.0033333333333 300
4661 -925.0566666666666 300
4662 -925.11 300
4663 -925.1633333333333 300
4664 -925.1633333333333 300
4665 -925.2166666666667 300
4666 -925.9966666666667 300
4667 -926.29 300
4668 -926.45 300
4669 -926.5566666666666 300
4670 -926.6633333333333 300
4671 -926.6633333333333 300
4672 -926.6633333333333 300
4673 -926.6633333333333 300
4674 -927.57 300
4675 -929.6366666666667 300
4676 -929.0566666666666 300
4677 -924.25 300
4678 -920.6166666666667 300
4679 -920.6166666666667 300
4680 -920.7666666666667 300
4681 -920.7766666666666 300
4682 -920.8733333333333 300
4683 -920.97 300
4684 -920.97 300
4685 -921.0666666666667 300
4686 -921.6466666666666 300
4687 -923.3033333333333 300
4688 -925.0 300
4689 -928.7366666666667 300
4690 -935.0733333333334 300
4691 -941.3 300
4692 -943.54 300
4693 -945.6333333333333 300
4694 -944.8966666666666 300
4695 -943.8333333333334 300
4696 -942.45 300
4697 -938.69 300
4698 -937.3266666666667 300
4699 -937.35 300
4700 -937.19 300
4701 -937.2133333333334 300
4702 -937.2566666666667 300
4703 -936.6633333333333 300
4704 -935.4 300
4705 -936.0133333333333 300
4706 -937.03 300
4707 -935.7633333333333 300
4708 -933.79 300
4709 -930.3633333333333 300
4710 -930.97 300
4711 -931.62 300
4712 -932.4433333333334 300
4713 -933.7866666666666 300
4714 -935.39 300
4715 -938.38 300
4716 -942.28 300
4717 -942.41 300
4718 -942.41 300
4719 -942.5833333333334 300
4720 -942.67 300
4721 -942.7133333333334 300
4722 -942.8433333333334 300
4723 -943.0166666666667 300
4724 -943.32 300
4725 -943.4933333333333 300
4726 -944.7933333333333 300
4727 -944.9233333333333 300
4728 -945.01 300
4729 -944.88 300
4730 -944.8366666666667 300
4731 -946.05 300
4732 -945.8766666666667 300
4733 -945.79 300
4734 -945.66 300
4735 -945.4866666666667 300
4736 -945.4433333333334 300
4737 -945.3133333333334 300
4738 -945.14 300
4739 -944.9666666666667 300
4740 -945.7 300
4741 -945.7866666666666 300
4742 -945.66 300
4743 -945.5733333333334 300
4744 -945.4433333333334 300
4745 -944.5766666666667 300
4746 -944.5333333333333 300
4747 -944.5333333333333 300
4748 -944.5333333333333 300
4749 -945.14 300
4750 -945.1833333333333 300
4751 -945.14 300
4752 -944.4033333333333 300
4753 -944.36 300
4754 -943.0166666666667 300
4755 -944.2766666666666 300
4756 -946.5733333333334 300
4757 -947.3033333333333 300
4758 -947.1466666666666 300
4759 -947.1866666666666 300
4760 -947.0833333333334 300
4761 -946.9233333333333 300
4762 -946.5033333333333 300
4763 -945.81 300
4764 -944.8566666666667 300
4765 -945.54 300
4766 -945.6266666666667 300
4767 -945.6733333333333 300
4768 -945.4566666666667 300
4769 -947.7566666666667 300
4770 -947.7166666666667 300
4771 -947.6766666666666 300
4772 -947.6366666666667 300
4773 -947.5966666666667 300
4774 -947.5166666666667 300
4775 -947.5166666666667 300
4776 -947.4766666666667 300
4777 -947.3933333333333 300
4778 -947.0733333333334 300
4779 -946.5466666666666 300
4780 -945.86 300
4781 -945.1333333333333 300
4782 -943.36 300
4783 -943.52 300
4784 -943.7533333333333 300
4785 -943.9933333333333 300
4786 -942.95 300
4787 -941.7566666666667 300
4788 -942.04 300
4789 -942.8766666666667 300
4790 -942.9633333333334 300
4791 -943.27 300
4792 -939.8633333333333 300
4793 -938.1833333333333 300
4794 -938.2333333333333 300
4795 -938.3066666666666 300
4796 -938.36 300
4797 -938.4433333333334 300
4798 -938.6766666666666 300
4799 -938.8333333333334 300
4800 -938.9833333333333 300
4801 -939.3666666666667 300
4802 -939.4966666666667 300
4803 -939.66 300
4804 -939.7533333333333 300
4805 -939.89 300
4806 -939.91 300
4807 -939.43 300
4808 -938.6333333333333 300
4809 -939.03 300
4810 -938.2733333333333 300
4811 -939.08 300
4812 -938.8466666666667 300
4813 -938.7266666666667 300
4814 -939.38 300
4815 -939.21 300
4816 -940.8466666666667 300
4817 -941.1366666666667 300
4818 -940.2466666666667 300
4819 -941.1866666666666 300
4820 -941.4466666666667 300
4821 -945.01 300
4822 -944.9266666666666 300
4823 -944.76 300
4824 -944.7166666666667 300
4825 -945.5833333333334 300
4826 -946.5333333333333 300
4827 -946.0633333333334 300
4828 -945.1633333333333 300
4829 -944.6466666666666 300
4830 -944.3533333333334 300
4831 -944.06 300
4832 -943.8033333333333 300
4833 -943.5533333333333 300
4834 -943.26 300
4835 -942.8733333333333 300
4836 -942.2966666666666 300
4837 -942.3366666666667 300
4838 -942.4233333333333 300
4839 -942.5433333333333 300
4840 -940.5266666666666 300
4841 -941.0 300
4842 -941.9833333333333 300
4843 -942.92 300
4844 -943.23 300
4845 -943.2 300
4846 -941.8966666666666 300
4847 -942.1166666666667 300
4848 -942.18 300
4849 -941.8933333333333 300
4850 -941.34 300
4851 -940.8333333333334 300
4852 -940.5133333333333 300
4853 -940.1833333333333 300
4854 -939.94 300
4855 -939.0166666666667 300
4856 -939.0566666666666 300
4857 -939.35 300
4858 -939.3466666666667 300
4859 -939.14 300
4860 -936.8266666666667 300
4861 -936.9466666666667 300
4862 -937.45 300
4863 -937.32 300
4864 -937.2 300
4865 -934.3933333333333 300
4866 -934.72 300
4867 -935.0566666666666 300
4868 -935.3466666666667 300
4869 -935.3466666666667 300
4870 -933.1333333333333 300
4871 -932.8966666666666 300
4872 -933.0333333333333 300
4873 -933.2 300
4874 -933.9766666666667 300
4875 -934.3066666666666 300
4876 -934.7666666666667 300
4877 -936.01 300
4878 -937.74 300
4879 -940.3166666666667 300
4880 -940.6233333333333 300
4881 -940.5933333333334 300
4882 -940.6533333333333 300
4883 -940.75 300
4884 -940.8966666666666 300
4885 -941.0933333333334 300
4886 -941.04 300
4887 -940.94 300
4888 -941.4433333333334 300
4889 -942.0333333333333 300
4890 -942.2933333333333 300
4891 -941.8033333333333 300
4892 -941.74 300
4893 -941.77 300
4894 -941.6433333333333 300
4895 -941.6966666666667 300
4896 -941.67 300
4897 -941.9533333333334 300
4898 -941.9366666666666 300
4899 -941.8966666666666 300
4900 -941.6466666666666 300
4901 -941.23 300
4902 -940.7766666666666 300
4903 -941.86 300
4904 -941.1566666666666 300
4905 -937.1166666666667 300
4906 -936.16 300
4907 -935.0966666666667 300
4908 -936.4533333333334 300
4909 -937.6733333333333 300
4910 -938.1733333333333 300
4911 -938.3866666666667 300
4912 -941.3733333333333 300
4913 -937.5233333333333 300
4914 -939.5433333333333 300
4915 -941.69 300
4916 -942.65 300
4917 -943.06 300
4918 -944.0166666666667 300
4919 -945.3733333333333 300
4920 -946.1533333333333 300
4921 -945.79 300
4922 -945.3333333333334 300
4923 -945.0333333333333 300
4924 -946.4233333333333 300
4925 -946.3033333333333 300
4926 -946.1833333333333 300
4927 -945.99 300
4928 -946.3833333333333 300
4929 -947.47 300
4930 -947.3966666666666 300
4931 -947.2766666666666 300
4932 -947.2166666666667 300
4933 -946.9333333333333 300
4934 -946.73 300
4935 -946.57 300
4936 -946.1833333333333 300
4937 -945.7166666666667 300
4938 -944.4133333333333 300
4939 -942.8033333333333 300
4940 -939.8166666666667 300
4941 -938.5833333333334 300
4942 -934.3733333333333 300
4943 -934.4566666666667 300
4944 -934.6733333333333 300
4945 -934.6366666666667 300
4946 -935.1533333333333 300
4947 -935.1566666666666 300
4948 -935.19 300
4949 -935.4966666666667 300
4950 -937.4966666666667 300
4951 -937.62 300
4952 -937.5766666666667 300
4953 -937.92 300
4954 -937.88 300
4955 -939.05 300
4956 -939.1833333333333 300
4957 -939.2966666666666 300
4958 -939.2 300
4959 -938.62 300
4960 -939.1 300
4961 -939.36 300
4962 -939.3866666666667 300
4963 -939.98 300
4964 -939.8633333333333 300
4965 -938.2466666666667 300
4966 -938.19 300
4967 -938.2066666666667 300
4968 -938.27 300
4969 -938.24 300
4970 -938.22 300
4971 -938.19 300
4972 -938.2633333333333 300
4973 -936.2366666666667 300
4974 -938.82 300
4975 -938.6033333333334 300
4976 -937.2733333333333 300
4977 -937.51 300
4978 -937.5466666666666 300
4979 -936.9433333333334 300
4980 -935.7666666666667 300
4981 -933.99 300
4982 -932.1266666666667 300
4983 -932.2666666666667 300
4984 -932.4066666666666 300
4985 -932.5466666666666 300
4986 -932.7333333333333 300
4987 -932.7733333333333 300
4988 -932.9566666666667 300
4989 -933.0333333333333 300
4990 -930.64 300
4991 -930.7266666666667 300
4992 -930.8133333333334 300
4993 -931.7466666666667 300
4994 -932.66 300
4995 -932.8 300
4996 -934.8633333333333 300
4997 -934.5566666666666 300
4998 -934.0633333333334 300
4999 -930.9133333333333 300
5000 -926.5333333333333 300
5001 -926.67 300
5002 -927.2566666666667 300
5003 -927.34 300
5004 -927.4233333333333 300
5005 -927.47 300
5006 -927.3266666666667 300
5007 -927.3633333333333 300
5008 -927.5566666666666 300
5009 -927.44 300
5010 -926.9966666666667 300
5011 -929.9033333333333 300
5012 -930.05 300
5013 -929.7366666666667 300
5014 -929.1333333333333 300
5015 -928.4333333333333 300
5016 -927.8066666666666 300
5017 -927.0866666666667 300
5018 -926.2866666666666 300
5019 -925.5266666666666 300
5020 -923.14 300
5021 -922.7266666666667 300
5022 -923.2266666666667 300
5023 -922.5033333333333 300
5024 -921.95 300
5025 -921.7733333333333 300
5026 -921.2933333333333 300
5027 -921.15 300
5028 -920.88 300
5029 -922.0266666666666 300
5030 -922.24 300
5031 -922.3733333333333 300
5032 -922.63 300
5033 -922.6866666666666 300
5034 -922.6666666666666 300
5035 -922.7733333333333 300
5036 -922.8733333333333 300
5037 -923.3466666666667 300
5038 -923.6333333333333 300
5039 -923.7266666666667 300
5040 -924.02 300
5041 -922.9066666666666 300
5042 -923.0966666666667 300
5043 -923.34 300
5044 -923.6366666666667 300
5045 -923.9166666666666 300
5046 -927.05 300
5047 -927.5833333333334 300
5048 -927.2033333333334 300
5049 -928.2933333333333 300
5050 -925.09 300
5051 -925.4333333333333 300
5052 -925.6333333333333 300
5053 -926.3533333333334 300
5054 -928.9 300
5055 -929.14 300
5056 -929.31 300
5057 -929.9266666666666 300
5058 -934.1366666666667 300
5059 -938.2966666666666 300
5060 -936.29 300
5061 -936.08 300
5062 -936.2466666666667 300
5063 -933.27 300
5064 -931.7866666666666 300
5065 -932.3633333333333 300
5066 -932.1633333333333 300
5067 -930.99 300
5068 -933.29 300
5069 -933.4566666666667 300
5070 -933.53 300
5071 -933.9066666666666 300
5072 -934.18 300
5073 -934.8966666666666 300
5074 -934.62 300
5075 -930.3866666666667 300
5076 -930.46 300
5077 -930.49 300
5078 -931.0266666666666 300
5079 -931.7833333333333 300
5080 -932.5433333333333 300
5081 -932.3766666666667 300
5082 -933.2066666666667 300
5083 -933.5866666666667 300
5084 -933.9066666666666 300
5085 -934.0533333333333 300
5086 -935.6366666666667 300
5087 -935.9466666666667 300
5088 -937.19 300
5089 -937.9833333333333 300
5090 -937.2633333333333 300
5091 -940.7433333333333 300
5092 -940.4533333333334 300
5093 -940.1133333333333 300
5094 -939.4433333333334 300
5095 -938.9533333333334 300
5096 -938.4533333333334 300
5097 -938.1133333333333 300
5098 -937.7233333333334 300
5099 -937.5066666666667 300
5100 -937.3933333333333 300
5101 -936.99 300
5102 -936.6666666666666 300
5103 -936.37 300
5104 -936.1333333333333 300
5105 -935.85 300
5106 -935.43 300
5107 -935.2166666666667 300
5108 -934.9833333333333 300
5109 -938.2933333333333 300
5110 -938.8933333333333 300
5111 -939.45 300
5112 -938.0266666666666 300
5113 -938.1366666666667 300
5114 -937.8666666666667 300
5115 -938.08 300
5116 -938.15 300
5117 -938.5233333333333 300
5118 -938.9166666666666 300
5119 -939.2633333333333 300
5120 -939.2733333333333 300
5121 -939.3366666666667 300
5122 -939.7466666666667 300
5123 -939.6966666666667 300
5124 -939.6033333333334 300
5125 -939.4033333333333 300
5126 -939.2833333333333 300
5127 -939.47 300
5128 -939.3666666666667 300
5129 -939.36 300
5130 -939.3266666666667 300
5131 -941.8833333333333 300
5132 -942.0066666666667 300
5133 -941.9833333333333 300
5134 -941.82 300
5135 -941.5366666666666 300
5136 -941.3066666666666 300
5137 -941.1833333333333 300
5138 -940.83 300
5139 -940.64 300
5140 -940.3166666666667 300
5141 -940.22 300
5142 -940.0833333333334 300
5143 -939.8333333333334 300
5144 -939.83 300
5145 -939.8033333333333 300
5146 -940.0766666666667 300
5147 -939.9766666666667 300
5148 -939.77 300
5149 -939.6966666666667 300
5150 -939.5 300
5151 -940.82 300
5152 -940.9833333333333 300
5153 -940.9833333333333 300
5154 -940.95 300
5155 -941.02 300
5156 -941.0433333333333 300
5157 -940.9766666666667 300
5158 -940.6466666666666 300
5159 -940.82 300
5160 -941.2566666666667 300
5161 -941.28 300
5162 -941.23 300
5163 -941.5066666666667 300
5164 -941.5566666666666 300
5165 -941.46 300
5166 -941.4766666666667 300
5167 -941.39 300
5168 -941.39 300
5169 -940.63 300
5170 -940.6233333333333 300
5171 -940.67 300
5172 -940.6433333333333 300
5173 -940.7433333333333 300
5174 -940.5033333333333 300
5175 -940.5633333333334 300
5176 -940.4833333333333 300
5177 -940.2533333333333 300
5178 -940.3466666666667 300
5179 -940.2366666666667 300
5180 -939.9466666666667 300
5181 -939.9033333333333 300
5182 -939.67 300
5183 -939.3966666666666 300
5184 -939.0633333333334 300
5185 -938.8566666666667 300
5186 -938.6166666666667 300
5187 -938.39 300
5188 -938.5533333333333 300
5189 -938.22 300
5190 -938.1166666666667 300
5191 -937.8166666666667 300
5192 -937.6133333333333 300
5193 -937.34 300
5194 -937.2366666666667 300
5195 -939.3233333333334 300
5196 -944.6733333333333 300
5197 -944.74 300
5198 -944.9066666666666 300
5199 -945.1 300
5200 -945.42 300
5201 -945.5733333333334 300
5202 -946.0433333333333 300
5203 -946.13 300
5204 -946.24 300
5205 -946.2933333333333 300
5206 -946.1733333333333 300
5207 -946.67 300
5208 -946.7133333333334 300
5209 -946.7533333333333 300
5210 -946.6433333333333 300
5211 -946.45 300
5212 -946.9733333333334 300
5213 -947.0633333333334 300
5214 -946.9366666666666 300
5215 -946.8566666666667 300
5216 -946.6466666666666 300
5217 -946.37 300
5218 -946.1266666666667 300
5219 -945.85 300
5220 -945.5733333333334 300
5221 -946.7033333333334 300
5222 -946.5533333333333 300
5223 -946.3133333333334 300
5224 -946.1166666666667 300
5225 -945.84 300
5226 -945.5633333333334 300
5227 -946.65 300
5228 -946.4333333333333 300
5229 -946.25 300
5230 -946.1066666666667 300
5231 -945.8933333333333 300
5232 -945.4133333333333 300
5233 -945.0033333333333 300
5234 -944.4966666666667 300
5235 -945.6133333333333 300
5236 -945.5466666666666 300
5237 -945.4533333333334 300
5238 -945.62 300
5239 -943.3233333333334 300
5240 -943.29 300
5241 -943.7266666666667 300
5242 -943.7766666666666 300
5243 -943.6166666666667 300
5244 -943.3466666666667 300
5245 -943.12 300
5246 -943.2 300
5247 -943.2433333333333 300
5248 -942.9733333333334 300
5249 -942.6566666666666 300
5250 -942.2966666666666 300
5251 -942.0266666666666 300
5252 -941.71 300
5253 -941.34 300
5254 -941.1333333333333 300
5255 -940.74 300
5256 -940.3466666666667 300
5257 -939.94 300
5258 -939.7566666666667 300
5259 -939.7366666666667 300
5260 -939.5333333333333 300
5261 -939.31 300
5262 -939.3466666666667 300
5263 -939.19 300
5264 -939.5066666666667 300
5265 -939.8833333333333 300
5266 -939.8833333333333 300
5267 -939.8033333333333 300
5268 -939.7366666666667 300
5269 -939.5766666666667 300
5270 -939.49 300
5271 -938.83 300
5272 -939.5633333333334 300
5273 -939.8833333333333 300
5274 -939.8166666666667 300
5275 -939.6866666666666 300
5276 -941.6833333333333 300
5277 -941.66 300
5278 -941.68 300
5279 -941.7233333333334 300
5280 -941.59 300
5281 -941.43 300
5282 -941.1666666666666 300
5283 -941.3966666666666 300
5284 -941.41 300
5285 -941.5033333333333 300
5286 -941.41 300
5287 -941.4133333333333 300
5288 -941.4333333333333 300
5289 -941.44 300
5290 -941.4433333333334 300
5291 -941.2033333333334 300
5292 -940.8966666666666 300
5293 -940.6533333333333 300
5294 -940.38 300
5295 -940.14 300
5296 -939.8833333333333 300
5297 -939.6066666666667 300
5298 -939.42 300
5299 -939.2666666666667 300
5300 -939.21 300
5301 -939.0133333333333 300
5302 -938.8966666666666 300
5303 -938.8233333333334 300
5304 -938.83 300
5305 -938.8366666666667 300
5306 -938.8533333333334 300
5307 -938.8933333333333 300
5308 -938.8666666666667 300
5309 -938.89 300
5310 -938.9766666666667 300
5311 -939.0 300
5312 -938.9633333333334 300
5313 -938.9266666666666 300
5314 -938.97 300
5315 -939.1133333333333 300
5316 -939.1133333333333 300
5317 -939.1666666666666 300
5318 -939.1333333333333 300
5319 -938.6366666666667 300
5320 -938.8333333333334 300
5321 -939.1033333333334 300
5322 -939.1066666666667 300
5323 -939.12 300
5324 -939.09 300
5325 -939.1966666666667 300
5326 -939.2433333333333 300
5327 -939.0066666666667 300
5328 -939.1666666666666 300
5329 -939.2833333333333 300
5330 -939.33 300
5331 -939.3433333333334 300
5332 -939.3233333333334 300
5333 -940.6966666666667 300
5334 -940.7533333333333 300
5335 -940.9466666666667 300
5336 -941.0133333333333 300
5337 -941.1133333333333 300
5338 -941.0466666666666 300
5339 -941.01 300
5340 -940.8966666666666 300
5341 -940.57 300
5342 -940.6266666666667 300
5343 -940.55 300
5344 -940.43 300
5345 -940.2266666666667 300
5346 -940.11 300
5347 -940.0633333333334 300
5348 -940.0766666666667 300
5349 -941.09 300
5350 -940.9066666666666 300
5351 -940.6966666666667 300
5352 -940.38 300
5353 -940.0933333333334 300
5354 -940.13 300
5355 -939.8433333333334 300
5356 -939.6133333333333 300
5357 -939.4266666666666 300
5358 -940.1233333333333 300
5359 -940.0833333333334 300
5360 -940.13 300
5361 -940.0066666666667 300
5362 -939.6166666666667 300
5363 -939.7 300
5364 -939.8966666666666 300
5365 -940.09 300
5366 -940.0533333333333 300
5367 -939.91 300
5368 -939.86 300
5369 -939.7833333333333 300
5370 -939.74 300
5371 -939.53 300
5372 -939.7133333333334 300
5373 -939.5133333333333 300
5374 -939.6633333333333 300
5375 -939.8733333333333 300
5376 -939.9466666666667 300
5377 -939.9933333333333 300
5378 -939.9 300
5379 -939.82 300
5380 -939.78 300
5381 -939.73 300
5382 -939.7533333333333 300
5383 -939.59 300
5384 -939.58 300
5385 -939.4966666666667 300
5386 -939.37 300
5387 -939.2833333333333 300
5388 -939.2 300
5389 -939.1066666666667 300
5390 -939.07 300
5391 -939.0866666666667 300
5392 -938.9133333333333 300
5393 -939.34 300
5394 -941.5333333333333 300
5395 -941.5633333333334 300
5396 -941.6833333333333 300
5397 -941.7866666666666 300
5398 -941.8933333333333 300
5399 -941.9933333333333 300
5400 -942.0633333333334 300
5401 -942.0933333333334 300
5402 -942.15 300
5403 -942.0933333333334 300
5404 -942.0633333333334 300
5405 -941.9533333333334 300
5406 -941.8566666666667 300
5407 -941.6933333333334 300
5408 -941.5566666666666 300
5409 -941.4466666666667 300
5410 -941.5133333333333 300
5411 -940.7266666666667 300
5412 -940.69 300
5413 -940.5266666666666 300
5414 -940.4233333333333 300
5415 -940.32 300
5416 -940.2833333333333 300
5417 -940.2066666666667 300
5418 -940.2133333333334 300
5419 -939.9366666666666 300
5420 -940.0266666666666 300
5421 -941.5333333333333 300
5422 -942.27 300
5423 -942.3466666666667 300
5424 -942.46 300
5425 -942.61 300
5426 -942.5533333333333 300
5427 -942.7233333333334 300
5428 -942.84 300
5429 -943.2066666666667 300
5430 -943.2433333333333 300
5431 -943.4133333333333 300
5432 -943.4133333333333 300
5433 -943.5233333333333 300
5434 -943.5966666666667 300
5435 -943.8533333333334 300
5436 -943.9633333333334 300
5437 -944.1566666666666 300
5438 -944.34 300
5439 -944.2633333333333 300
5440 -944.5466666666666 300
5441 -944.5833333333334 300
5442 -944.62 300
5443 -944.7666666666667 300
5444 -944.7666666666667 300
5445 -944.5466666666666 300
5446 -944.29 300
5447 -940.9533333333334 300
5448 -940.5866666666667 300
5449 -940.3633333333333 300
5450 -940.3633333333333 300
5451 -940.4433333333334 300
5452 -940.4866666666667 300
5453 -940.5666666666667 300
5454 -940.6033333333334 300
5455 -940.64 300
5456 -940.6833333333333 300
5457 -940.7633333333333 300
5458 -940.8066666666666 300
5459 -940.7833333333333 300
5460 -940.9533333333334 300
5461 -940.9533333333334 300
5462 -941.05 300
5463 -941.1666666666666 300
5464 -941.2033333333334 300
5465 -941.3433333333334 300
5466 -941.0766666666667 300
5467 -941.0766666666667 300
5468 -941.0066666666667 300
5469 -940.2033333333334 300
5470 -939.7866666666666 300
5471 -939.0666666666667 300
5472 -938.4533333333334 300
5473 -938.3166666666667 300
5474 -938.12 300
5475 -938.0766666666667 300
5476 -937.9233333333333 300
5477 -937.57 300
5478 -937.4133333333333 300
5479 -937.0533333333333 300
5480 -936.78 300
5481 -934.35 300
5482 -929.0933333333334 300
5483 -924.5433333333333 300
5484 -924.6066666666667 300
5485 -924.6933333333334 300
5486 -925.2066666666667 300
5487 -925.0433333333333 300
5488 -925.44 300
5489 -925.23 300
5490 -925.1833333333333 300
5491 -925.44 300
5492 -921.0266666666666 300
5493 -921.38 300
5494 -922.8033333333333 300
5495 -923.1666666666666 300
5496 -923.79 300
5497 -924.3966666666666 300
5498 -924.3033333333333 300
5499 -923.8933333333333 300
5500 -923.5433333333333 300
5501 -922.9566666666667 300
5502 -923.11 300
5503 -924.7066666666667 300
5504 -925.0 300
5505 -925.7766666666666 300
5506 -924.39 300
5507 -925.6766666666666 300
5508 -925.9333333333333 300
5509 -926.0666666666667 300
5510 -928.5333333333333 300
5511 -925.9866666666667 300
5512 -926.9466666666667 300
5513 -927.6166666666667 300
5514 -928.3566666666667 300
5515 -930.74 300
5516 -932.4833333333333 300
5517 -933.5 300
5518 -935.6233333333333 300
5519 -936.23 300
5520 -936.8033333333333 300
5521 -936.94 300
5522 -937.2366666666667 300
5523 -937.3666666666667 300
5524 -937.7566666666667 300
5525 -937.9566666666667 300
5526 -938.15 300
5527 -938.21 300
5528 -937.75 300
5529 -938.19 300
5530 -938.7233333333334 300
5531 -939.5333333333333 300
5532 -939.7766666666666 300
5533 -939.9766666666667 300
5534 -940.0266666666666 300
5535 -939.2566666666667 300
5536 -936.6633333333333 300
5537 -936.92 300
5538 -936.8566666666667 300
5539 -936.48 300
5540 -935.85 300
5541 -935.0633333333334 300
5542 -934.1733333333333 300
5543 -933.6366666666667 300
5544 -933.2366666666667 300
5545 -933.6266666666667 300
5546 -932.2466666666667 300
5547 -932.88 300
5548 -932.7 300
5549 -932.2666666666667 300
5550 -931.9466666666667 300
5551 -931.36 300
5552 -930.88 300
5553 -930.6933333333334 300
5554 -928.21 300
5555 -927.68 300
5556 -927.55 300
5557 -927.0533333333333 300
5558 -923.7166666666667 300
5559 -923.83 300
5560 -923.2033333333334 300
5561 -922.3866666666667 300
5562 -921.9066666666666 300
5563 -921.07 300
5564 -921.1166666666667 300
5565 -920.68 300
5566 -920.5366666666666 300
5567 -919.9066666666666 300
5568 -920.0633333333334 300
5569 -919.58 300
5570 -919.1433333333333 300
5571 -919.1933333333334 300
5572 -919.0966666666667 300
5573 -918.9533333333334 300
5574 -918.86 300
5575 -918.9133333333333 300
5576 -916.0433333333333 300
5577 -916.2833333333333 300
5578 -916.3333333333334 300
5579 -916.5233333333333 300
5580 -916.4233333333333 300
5581 -916.82 300
5582 -916.5866666666667 300
5583 -919.37 300
5584 -921.1466666666666 300
5585 -921.4 300
5586 -922.0433333333333 300
5587 -922.4333333333333 300
5588 -926.9033333333333 300
5589 -926.95 300
5590 -926.7566666666667 300
5591 -931.23 300
5592 -931.1833333333333 300
5593 -931.2566666666667 300
5594 -930.97 300
5595 -930.6833333333333 300
5596 -930.1133333333333 300
5597 -929.5333333333333 300
5598 -929.0633333333334 300
5599 -928.6466666666666 300
5600 -929.03 300
5601 -928.65 300
5602 -928.07 300
5603 -927.2966666666666 300
5604 -927.2033333333334 300
5605 -926.6366666666667 300
5606 -926.3 300
5607 -926.2033333333334 300
5608 -925.91 300
5609 -926.7233333333334 300
5610 -927.3 300
5611 -927.2533333333333 300
5612 -927.2966666666666 300
5613 -927.1966666666667 300
5614 -927.3966666666666 300
5615 -927.45 300
5616 -927.25 300
5617 -927.1466666666666 300
5618 -927.1033333333334 300
5619 -926.5933333333334 300
5620 -926.94 300
5621 -926.9366666666666 300
5622 -926.89 300
5623 -926.5333333333333 300
5624 -926.1733333333333 300
5625 -930.73 300
5626 -930.8166666666667 300
5627 -930.62 300
5628 -930.14 300
5629 -929.8933333333333 300
5630 -929.8133333333334 300
5631 -929.1633333333333 300
5632 -928.7133333333334 300
5633 -928.4766666666667 300
5634 -929.71 300
5635 -932.57 300
5636 -931.8433333333334 300
5637 -931.8133333333334 300
5638 -931.7 300
5639 -933.37 300
5640 -933.4333333333333 300
5641 -931.1266666666667 300
5642 -934.32 300
5643 -935.06 300
5644 -934.6 300
5645 -936.4766666666667 300
5646 -934.5133333333333 300
5647 -932.6466666666666 300
5648 -931.79 300
5649 -936.1166666666667 300
5650 -936.4233333333333 300
5651 -933.38 300
5652 -929.8066666666666 300
5653 -938.4433333333334 300
5654 -936.61 300
5655 -936.5466666666666 300
5656 -936.0066666666667 300
5657 -935.0966666666667 300
5658 -933.9933333333333 300
5659 -933.3133333333334 300
5660 -932.2466666666667 300
5661 -931.23 300
5662 -930.1566666666666 300
5663 -927.7133333333334 300
5664 -925.62 300
5665 -923.1333333333333 300
5666 -920.64 300
5667 -918.2466666666667 300
5668 -915.7533333333333 300
5669 -913.6133333333333 300
5670 -916.0433333333333 300
5671 -918.09 300
5672 -919.7166666666667 300
5673 -919.13 300
5674 -919.45 300
5675 -916.8533333333334 300
5676 -917.95 300
5677 -913.55 300
5678 -914.96 300
5679 -917.9333333333333 300
5680 -918.91 300
5681 -915.9533333333334 300
5682 -917.95 300
5683 -919.66 300
5684 -921.52 300
5685 -922.9366666666666 300
5686 -924.5033333333333 300
5687 -915.5233333333333 300
5688 -915.9333333333333 300
5689 -917.1566666666666 300
5690 -921.49 300
5691 -926.6 300
5692 -928.7033333333334 300
5693 -929.63 300
5694 -930.8566666666667 300
5695 -931.9666666666667 300
5696 -932.5533333333333 300
5697 -927.6266666666667 300
5698 -927.8966666666666 300
5699 -928.0233333333333 300
5700 -929.4233333333333 300
5701 -930.53 300
5702 -930.8833333333333 300
5703 -929.6666666666666 300
5704 -928.3366666666667 300
5705 -926.8266666666667 300
5706 -926.17 300
5707 -925.4066666666666 300
5708 -924.6133333333333 300
5709 -924.3066666666666 300
5710 -924.0 300
5711 -924.22 300
5712 -923.63 300
5713 -926.4466666666667 300
5714 -928.2966666666666 300
5715 -929.51 300
5716 -917.8333333333334 300
5717 -912.72 300
5718 -906.1533333333333 300
5719 -906.0466666666666 300
5720 -907.0066666666667 300
5721 -907.8233333333334 300
5722 -909.0566666666666 300
5723 -910.7466666666667 300
5724 -912.1666666666666 300
5725 -913.2566666666667 300
5726 -914.0166666666667 300
5727 -914.5833333333334 300
5728 -918.89 300
5729 -919.82 300
5730 -920.79 300
5731 -921.26 300
5732 -921.6533333333333 300
5733 -922.1566666666666 300
5734 -922.3066666666666 300
5735 -922.7633333333333 300
5736 -921.88 300
5737 -920.7066666666667 300
5738 -919.9733333333334 300
5739 -920.2033333333334 300
5740 -919.6366666666667 300
5741 -918.6433333333333 300
5742 -917.6333333333333 300
5743 -916.82 300
5744 -916.1 300
5745 -915.61 300
5746 -915.1866666666666 300
5747 -915.2166666666667 300
5748 -913.6466666666666 300
5749 -913.7433333333333 300
5750 -913.26 300
5751 -913.5133333333333 300
5752 -913.2 300
5753 -909.26 300
5754 -909.92 300
5755 -909.9566666666667 300
5756 -910.2133333333334 300
5757 -910.5333333333333 300
5758 -910.8933333333333 300
5759 -911.3666666666667 300
5760 -911.65 300
5761 -911.8766666666667 300
5762 -912.1033333333334 300
5763 -912.77 300
5764 -912.68 300
5765 -913.25 300
5766 -913.4766666666667 300
5767 -913.14 300
5768 -913.14 300
5769 -913.0533333333333 300
5770 -912.7366666666667 300
5771 -912.9366666666666 300
5772 -912.7166666666667 300
5773 -912.4466666666667 300
5774 -912.1033333333334 300
5775 -911.76 300
5776 -911.7366666666667 300
5777 -911.6066666666667 300
5778 -911.33 300
5779 -911.8133333333334 300
5780 -911.77 300
5781 -913.52 300
5782 -914.3033333333333 300
5783 -915.3033333333333 300
5784 -915.6433333333333 300
5785 -915.4633333333334 300
5786 -918.15 300
5787 -918.1733333333333 300
5788 -918.1633333333333 300
5789 -917.9833333333333 300
5790 -917.7833333333333 300
5791 -917.5433333333333 300
5792 -916.61 300
5793 -915.9533333333334 300
5794 -916.6433333333333 300
5795 -916.5033333333333 300
5796 -916.0133333333333 300
5797 -915.1466666666666 300
5798 -917.87 300
5799 -919.2833333333333 300
5800 -919.04 300
5801 -919.0666666666667 300
5802 -918.2066666666667 300
5803 -920.7266666666667 300
5804 -921.6533333333333 300
5805 -922.9633333333334 300
5806 -922.08 300
5807 -921.4666666666667 300
5808 -921.0666666666667 300
5809 -919.77 300
5810 -921.4033333333333 300
5811 -921.2533333333333 300
5812 -920.6566666666666 300
5813 -917.5066666666667 300
5814 -917.1766666666666 300
5815 -916.8333333333334 300
5816 -916.36 300
5817 -915.12 300
5818 -914.77 300
5819 -915.54 300
5820 -916.5633333333334 300
5821 -918.2066666666667 300
5822 -921.03 300
5823 -919.93 300
5824 -919.86 300
5825 -922.0666666666667 300
5826 -922.7066666666667 300
5827 -928.25 300
5828 -927.76 300
5829 -928.3933333333333 300
5830 -931.74 300
5831 -931.4033333333333 300
5832 -931.5166666666667 300
5833 -930.9566666666667 300
5834 -932.3866666666667 300
5835 -931.2933333333333 300
5836 -929.72 300
5837 -928.3333333333334 300
5838 -929.1333333333333 300
5839 -925.0333333333333 300
5840 -925.93 300
5841 -926.5533333333333 300
5842 -925.8366666666667 300
5843 -926.5166666666667 300
5844 -927.9966666666667 300
5845 -928.4833333333333 300
5846 -927.1966666666667 300
5847 -926.0466666666666 300
5848 -924.3466666666667 300
5849 -923.0766666666667 300
5850 -921.83 300
5851 -920.7933333333333 300
5852 -920.13 300
5853 -919.6866666666666 300
5854 -919.4166666666666 300
5855 -918.58 300
5856 -917.94 300
5857 -917.3333333333334 300
5858 -917.2 300
5859 -916.6966666666667 300
5860 -916.6566666666666 300
5861 -916.3033333333333 300
5862 -916.4 300
5863 -916.5966666666667 300
5864 -918.1933333333334 300
5865 -918.3866666666667 300
5866 -920.0833333333334 300
5867 -920.9033333333333 300
5868 -920.9666666666667 300
5869 -921.02 300
5870 -921.4433333333334 300
5871 -921.78 300
5872 -923.22 300
5873 -923.69 300
5874 -923.4633333333334 300
5875 -923.2933333333333 300
5876 -925.2766666666666 300
5877 -924.95 300
5878 -924.5233333333333 300
5879 -922.3433333333334 300
5880 -922.7733333333333 300
5881 -922.4033333333333 300
5882 -921.8166666666667 300
5883 -921.66 300
5884 -921.6233333333333 300
5885 -921.61 300
5886 -921.28 300
5887 -921.2833333333333 300
5888 -921.43 300
5889 -921.2333333333333 300
5890 -921.06 300
5891 -920.73 300
5892 -920.79 300
5893 -920.79 300
5894 -920.85 300
5895 -920.7533333333333 300
5896 -920.5766666666667 300
5897 -920.3033333333333 300
5898 -918.4466666666667 300
5899 -919.48 300
5900 -919.9533333333334 300
5901 -919.91 300
5902 -917.97 300
5903 -917.9766666666667 300
5904 -918.2133333333334 300
5905 -918.02 300
5906 -918.12 300
5907 -918.8566666666667 300
5908 -918.9 300
5909 -918.9866666666667 300
5910 -919.1266666666667 300
5911 -918.55 300
5912 -918.44 300
5913 -918.4866666666667 300
5914 -918.5166666666667 300
5915 -918.3133333333334 300
5916 -917.9733333333334 300
5917 -917.6133333333333 300
5918 -917.41 300
5919 -917.1133333333333 300
5920 -916.6766666666666 300
5921 -918.2333333333333 300
5922 -918.4533333333334 300
5923 -918.64 300
5924 -919.0033333333333 300
5925 -918.9533333333334 300
5926 -921.3566666666667 300
5927 -921.5266666666666 300
5928 -921.7066666666667 300
5929 -921.7933333333333 300
5930 -919.0466666666666 300
5931 -919.78 300
5932 -919.4733333333334 300
5933 -921.9433333333334 300
5934 -922.04 300
5935 -922.4766666666667 300
5936 -921.9833333333333 300
5937 -923.8833333333333 300
5938 -924.4233333333333 300
5939 -924.27 300
5940 -926.5266666666666 300
5941 -925.99 300
5942 -924.99 300
5943 -924.12 300
5944 -923.0233333333333 300
5945 -920.9566666666667 300
5946 -920.6666666666666 300
5947 -921.67 300
5948 -921.3733333333333 300
5949 -920.5633333333334 300
5950 -920.1833333333333 300
5951 -919.1566666666666 300
5952 -919.4 300
5953 -919.2633333333333 300
5954 -919.1666666666666 300
5955 -918.4833333333333 300
5956 -918.3066666666666 300
5957 -918.17 300
5958 -918.2666666666667 300
5959 -921.2433333333333 300
5960 -921.76 300
5961 -922.3133333333334 300
5962 -922.6966666666667 300
5963 -922.6 300
5964 -922.5 300
5965 -922.2566666666667 300
5966 -922.11 300
5967 -922.3 300
5968 -922.2466666666667 300
5969 -922.1866666666666 300
5970 -921.84 300
5971 -921.7866666666666 300
5972 -921.9266666666666 300
5973 -922.3066666666666 300
5974 -922.5733333333334 300
5975 -922.42 300
5976 -922.23 300
5977 -922.1766666666666 300
5978 -920.6333333333333 300
5979 -920.73 300
5980 -920.92 300
5981 -921.3066666666666 300
5982 -922.6066666666667 300
5983 -922.7033333333334 300
5984 -922.8933333333333 300
5985 -922.8933333333333 300
5986 -922.98 300
5987 -922.98 300
5988 -922.8833333333333 300
5989 -922.77 300
5990 -922.4766666666667 300
5991 -922.1966666666667 300
5992 -922.1533333333333 300
5993 -921.77 300
5994 -921.5133333333333 300
5995 -922.3933333333333 300
5996 -923.44 300
5997 -923.4933333333333 300
5998 -923.55 300
5999 -923.3166666666667 300
6000 -923.5833333333334 300
