978.0 -915.0 
942.0 -878.0 
978.0 -915.0 
942.0 -878.0 
969.0 -913.0 
950.0 -889.0 
945.0 -885.0 
960.0 -905.0 
951.0 -893.0 
944.0 -880.0 
958.0 -900.0 
947.0 -886.0 
947.0 -886.0 
968.0 -911.0 
955.0 -897.0 
950.0 -889.0 
960.0 -905.0 
953.0 -894.0 
962.0 -906.0 
965.0 -909.0 
957.0 -899.0 
958.0 -900.0 
966.0 -910.0 
963.0 -907.0 
955.0 -897.0 
963.0 -907.0 
954.0 -895.0 
965.0 -909.0 
957.0 -899.0 
945.0 -885.0 
951.0 -893.0 
966.0 -910.0 
943.0 -879.0 
962.0 -906.0 
953.0 -894.0 
968.0 -911.0 
944.0 -880.0 
943.0 -879.0 
954.0 -895.0 
978.0 -915.0 
942.0 -878.0 
947.0 -886.0 
950.0 -889.0 
960.0 -905.0 
958.0 -900.0 
955.0 -897.0 
963.0 -907.0 
957.0 -899.0 
965.0 -909.0 
945.0 -885.0 
951.0 -893.0 
966.0 -910.0 
944.0 -880.0 
962.0 -906.0 
953.0 -894.0 
943.0 -879.0 
954.0 -895.0 
968.0 -911.0 
978.0 -915.0 
942.0 -878.0 
947.0 -886.0 
950.0 -889.0 
960.0 -905.0 
958.0 -900.0 
955.0 -897.0 
963.0 -907.0 
965.0 -909.0 
957.0 -899.0 
945.0 -885.0 
966.0 -910.0 
944.0 -880.0 
953.0 -894.0 
954.0 -895.0 
968.0 -911.0 
943.0 -879.0 
978.0 -915.0 
942.0 -878.0 
950.0 -889.0 
960.0 -905.0 
958.0 -900.0 
955.0 -897.0 
963.0 -907.0 
965.0 -909.0 
957.0 -899.0 
945.0 -885.0 
966.0 -910.0 
968.0 -911.0 
943.0 -879.0 
953.0 -894.0 
954.0 -895.0 
978.0 -915.0 
942.0 -878.0 
950.0 -889.0 
960.0 -905.0 
958.0 -900.0 
955.0 -897.0 
963.0 -907.0 
965.0 -909.0 
957.0 -899.0 
945.0 -885.0 
966.0 -910.0 
943.0 -879.0 
953.0 -894.0 
968.0 -911.0 
954.0 -895.0 
978.0 -915.0 
942.0 -878.0 
950.0 -889.0 
960.0 -905.0 
958.0 -900.0 
955.0 -897.0 
963.0 -907.0 
965.0 -909.0 
957.0 -899.0 
945.0 -885.0 
966.0 -910.0 
953.0 -894.0 
943.0 -879.0 
954.0 -895.0 
968.0 -911.0 
942.0 -878.0 
950.0 -889.0 
945.0 -885.0 
960.0 -905.0 
943.0 -879.0 
958.0 -900.0 
955.0 -897.0 
963.0 -907.0 
957.0 -899.0 
965.0 -909.0 
966.0 -910.0 
953.0 -894.0 
954.0 -895.0 
968.0 -911.0 
942.0 -878.0 
950.0 -889.0 
945.0 -885.0 
960.0 -905.0 
943.0 -879.0 
958.0 -900.0 
955.0 -897.0 
965.0 -909.0 
957.0 -899.0 
966.0 -910.0 
968.0 -911.0 
954.0 -895.0 
942.0 -878.0 
950.0 -889.0 
945.0 -885.0 
960.0 -905.0 
958.0 -900.0 
943.0 -879.0 
955.0 -897.0 
957.0 -899.0 
965.0 -909.0 
966.0 -910.0 
968.0 -911.0 
954.0 -895.0 
942.0 -878.0 
950.0 -889.0 
960.0 -905.0 
943.0 -879.0 
958.0 -900.0 
955.0 -897.0 
965.0 -909.0 
957.0 -899.0 
966.0 -910.0 
968.0 -911.0 
954.0 -895.0 
942.0 -878.0 
950.0 -889.0 
960.0 -905.0 
943.0 -879.0 
958.0 -900.0 
955.0 -897.0 
965.0 -909.0 
957.0 -899.0 
954.0 -895.0 
966.0 -910.0 
968.0 -911.0 
942.0 -878.0 
950.0 -889.0 
960.0 -905.0 
943.0 -879.0 
958.0 -900.0 
955.0 -897.0 
965.0 -909.0 
957.0 -899.0 
954.0 -895.0 
968.0 -911.0 
942.0 -878.0 
950.0 -889.0 
960.0 -905.0 
943.0 -879.0 
958.0 -900.0 
955.0 -897.0 
954.0 -895.0 
965.0 -909.0 
957.0 -899.0 
968.0 -911.0 
942.0 -878.0 
950.0 -889.0 
960.0 -905.0 
943.0 -879.0 
958.0 -900.0 
955.0 -897.0 
965.0 -909.0 
957.0 -899.0 
954.0 -895.0 
968.0 -911.0 
942.0 -878.0 
950.0 -889.0 
960.0 -905.0 
943.0 -879.0 
958.0 -900.0 
955.0 -897.0 
965.0 -909.0 
957.0 -899.0 
954.0 -895.0 
968.0 -911.0 
942.0 -878.0 
950.0 -889.0 
943.0 -879.0 
960.0 -905.0 
958.0 -900.0 
955.0 -897.0 
957.0 -899.0 
965.0 -909.0 
954.0 -895.0 
968.0 -911.0 
942.0 -878.0 
950.0 -889.0 
943.0 -879.0 
960.0 -905.0 
958.0 -900.0 
955.0 -897.0 
965.0 -909.0 
957.0 -899.0 
954.0 -895.0 
968.0 -911.0 
950.0 -889.0 
943.0 -879.0 
960.0 -905.0 
958.0 -900.0 
955.0 -897.0 
965.0 -909.0 
957.0 -899.0 
954.0 -895.0 
968.0 -911.0 
950.0 -889.0 
960.0 -905.0 
958.0 -900.0 
955.0 -897.0 
965.0 -909.0 
954.0 -895.0 
957.0 -899.0 
968.0 -911.0 
950.0 -889.0 
960.0 -905.0 
965.0 -909.0 
958.0 -900.0 
955.0 -897.0 
957.0 -899.0 
954.0 -895.0 
968.0 -911.0 
950.0 -889.0 
960.0 -905.0 
965.0 -909.0 
958.0 -900.0 
955.0 -897.0 
957.0 -899.0 
954.0 -895.0 
968.0 -911.0 
950.0 -889.0 
960.0 -905.0 
965.0 -909.0 
958.0 -900.0 
955.0 -897.0 
957.0 -899.0 
954.0 -895.0 
968.0 -911.0 
950.0 -889.0 
960.0 -905.0 
965.0 -909.0 
958.0 -900.0 
955.0 -897.0 
957.0 -899.0 
954.0 -895.0 
968.0 -911.0 
950.0 -889.0 
960.0 -905.0 
965.0 -909.0 
958.0 -900.0 
955.0 -897.0 
957.0 -899.0 
954.0 -895.0 
968.0 -911.0 
950.0 -889.0 
960.0 -905.0 
965.0 -909.0 
