3095 -1177.6333333333334 300
3096 -1173.6733333333334 300
3097 -1164.6866666666667 300
3098 -1145.9733333333334 300
3099 -1124.32 300
3100 -1123.4833333333333 300
3101 -1122.0433333333333 300
3102 -1119.38 300
3103 -1113.48 300
3104 -1103.12 300
3105 -1097.38 300
3106 -1097.3733333333332 300
3107 -1097.5166666666667 300
3108 -1097.4766666666667 300
3109 -1097.6133333333332 300
3110 -1098.0233333333333 300
3111 -1098.3833333333334 300
3112 -1097.75 300
3113 -1097.98 300
3114 -1098.5833333333333 300
3115 -1099.0866666666666 300
3116 -1099.2533333333333 300
3117 -1099.6066666666666 300
3118 -1096.8533333333332 300
3119 -1097.3233333333333 300
3120 -1098.17 300
3121 -1098.6866666666667 300
3122 -1099.05 300
3123 -1097.2266666666667 300
3124 -1095.9966666666667 300
3125 -1095.9933333333333 300
3126 -1095.99 300
3127 -1095.9866666666667 300
3128 -1096.0266666666666 300
3129 -1096.0266666666666 300
3130 -1096.0233333333333 300
3131 -1096.02 300
3132 -1096.0166666666667 300
3133 -1096.0133333333333 300
3134 -1096.01 300
3135 -1095.9766666666667 300
3136 -1095.95 300
3137 -1096.0433333333333 300
3138 -1096.0433333333333 300
3139 -1095.95 300
3140 -1095.95 300
3141 -1095.8533333333332 300
3142 -1095.7633333333333 300
3143 -1095.2933333333333 300
3144 -1095.2033333333334 300
3145 -1094.4066666666668 300
3146 -1093.09 300
3147 -1091.29 300
3148 -1087.25 300
3149 -1077.79 300
3150 -1071.7066666666667 300
3151 -1071.8833333333334 300
3152 -1072.0233333333333 300
3153 -1072.2466666666667 300
3154 -1072.6466666666668 300
3155 -1072.8733333333332 300
3156 -1072.4633333333334 300
3157 -1070.05 300
3158 -1070.8633333333332 300
3159 -1072.1866666666667 300
3160 -1072.6933333333334 300
3161 -1069.2866666666666 300
3162 -1069.3633333333332 300
3163 -1069.09 300
3164 -1068.15 300
3165 -1066.7733333333333 300
3166 -1062.99 300
3167 -1059.8866666666668 300
3168 -1059.1066666666666 300
3169 -1057.4033333333334 300
3170 -1056.95 300
3171 -1055.1833333333334 300
3172 -1054.66 300
3173 -1054.0933333333332 300
3174 -1053.1366666666668 300
3175 -1050.1833333333334 300
3176 -1048.5666666666666 300
3177 -1048.9433333333334 300
3178 -1049.6033333333332 300
3179 -1050.3633333333332 300
3180 -1047.05 300
3181 -1042.4133333333334 300
3182 -1041.8966666666668 300
3183 -1041.89 300
3184 -1041.9266666666667 300
3185 -1040.6533333333334 300
3186 -1040.0933333333332 300
3187 -1040.0433333333333 300
3188 -1040.0433333333333 300
3189 -1040.0433333333333 300
3190 -1040.0433333333333 300
3191 -1039.9466666666667 300
3192 -1039.8933333333334 300
3193 -1039.7533333333333 300
3194 -1039.3233333333333 300
3195 -1038.84 300
3196 -1038.1633333333334 300
3197 -1036.7133333333334 300
3198 -1037.1966666666667 300
3199 -1039.42 300
3200 -1039.0333333333333 300
3201 -1038.55 300
3202 -1037.68 300
3203 -1035.9933333333333 300
3204 -1033.2 300
3205 -1028.4533333333334 300
3206 -1021.2033333333334 300
3207 -1020.6233333333333 300
3208 -1021.1466666666666 300
3209 -1021.5233333333333 300
3210 -1022.2866666666666 300
3211 -1023.2033333333334 300
3212 -1024.24 300
3213 -1025.7866666666666 300
3214 -1028.2066666666667 300
3215 -1031.25 300
3216 -1035.06 300
3217 -1032.33 300
3218 -1028.6333333333334 300
3219 -1023.12 300
3220 -1023.39 300
3221 -1020.66 300
3222 -1020.9533333333334 300
3223 -1021.77 300
3224 -1019.6766666666666 300
3225 -1012.5433333333333 300
3226 -1012.42 300
3227 -1012.24 300
3228 -1011.28 300
3229 -1009.54 300
3230 -1006.1466666666666 300
3231 -1005.27 300
3232 -1005.6433333333333 300
3233 -1007.3333333333334 300
3234 -1011.5366666666666 300
3235 -1011.4466666666667 300
3236 -1012.24 300
3237 -1012.6933333333334 300
3238 -1012.97 300
3239 -1013.62 300
3240 -1012.7066666666667 300
3241 -1013.53 300
3242 -1016.96 300
3243 -1014.8133333333334 300
3244 -1013.3233333333334 300
3245 -1013.2333333333333 300
3246 -1012.14 300
3247 -1011.8766666666667 300
3248 -1011.7666666666667 300
3249 -1011.9866666666667 300
3250 -1012.1166666666667 300
3251 -1012.1633333333333 300
3252 -1012.1133333333333 300
3253 -1012.2866666666666 300
3254 -1012.5333333333333 300
3255 -1012.25 300
3256 -1012.25 300
3257 -1012.4233333333333 300
3258 -1012.5666666666667 300
3259 -1012.7233333333334 300
3260 -1012.7433333333333 300
3261 -1012.5333333333333 300
3262 -1012.5433333333333 300
3263 -1012.5933333333334 300
3264 -1012.6633333333333 300
3265 -1012.8266666666667 300
3266 -1012.8966666666666 300
3267 -1012.89 300
3268 -1013.0766666666667 300
3269 -1013.3333333333334 300
3270 -1013.5333333333333 300
3271 -1012.78 300
3272 -1010.68 300
3273 -1010.34 300
3274 -1010.34 300
3275 -1010.34 300
3276 -1010.34 300
3277 -1010.34 300
3278 -1010.2966666666666 300
3279 -1010.1066666666667 300
3280 -1010.15 300
3281 -1010.1966666666667 300
3282 -1010.15 300
3283 -1010.15 300
3284 -1010.15 300
3285 -1010.15 300
3286 -1010.15 300
3287 -1010.15 300
3288 -1010.15 300
3289 -1010.15 300
3290 -1010.2466666666667 300
3291 -1010.15 300
3292 -1010.15 300
3293 -1010.0033333333333 300
3294 -1010.05 300
3295 -1010.05 300
3296 -1010.0533333333333 300
3297 -1010.0533333333333 300
3298 -1010.0933333333334 300
3299 -1010.0833333333334 300
3300 -1010.0766666666667 300
3301 -1010.04 300
3302 -1009.9866666666667 300
3303 -1010.01 300
3304 -1010.06 300
3305 -1010.2266666666667 300
3306 -1010.5966666666667 300
3307 -1011.1466666666666 300
3308 -1011.89 300
3309 -1012.9966666666667 300
3310 -1013.8966666666666 300
3311 -1009.6233333333333 300
3312 -1009.4433333333334 300
3313 -1009.02 300
3314 -1008.32 300
3315 -1008.1266666666667 300
3316 -1007.2633333333333 300
3317 -1011.1333333333333 300
3318 -1011.1666666666666 300
3319 -1011.0933333333334 300
3320 -1011.18 300
3321 -1011.13 300
3322 -1011.03 300
3323 -1011.2766666666666 300
3324 -1011.4733333333334 300
3325 -1012.2966666666666 300
3326 -1012.17 300
3327 -1011.7133333333334 300
3328 -1010.8166666666667 300
3329 -1009.7633333333333 300
3330 -1006.6266666666667 300
3331 -999.7966666666666 300
3332 -996.65 300
3333 -991.2533333333333 300
3334 -978.5566666666666 300
3335 -975.3133333333334 300
3336 -975.6566666666666 300
3337 -975.9166666666666 300
3338 -973.3533333333334 300
3339 -973.6866666666666 300
3340 -973.88 300
3341 -974.5033333333333 300
3342 -975.18 300
3343 -974.3866666666667 300
3344 -975.35 300
3345 -975.54 300
3346 -975.82 300
3347 -976.4633333333334 300
3348 -964.8366666666667 300
3349 -964.8933333333333 300
3350 -964.8466666666667 300
3351 -964.8533333333334 300
3352 -964.96 300
3353 -965.3866666666667 300
3354 -965.64 300
3355 -966.0933333333334 300
3356 -966.6233333333333 300
3357 -967.22 300
3358 -965.54 300
3359 -964.0633333333334 300
3360 -964.16 300
3361 -964.45 300
3362 -965.1266666666667 300
3363 -966.24 300
3364 -969.1333333333333 300
3365 -972.2666666666667 300
3366 -977.8166666666667 300
3367 -981.2633333333333 300
3368 -983.4766666666667 300
3369 -982.5633333333334 300
3370 -972.2633333333333 300
3371 -973.7266666666667 300
3372 -976.31 300
3373 -979.4666666666667 300
3374 -984.2133333333334 300
3375 -986.45 300
3376 -983.6666666666666 300
3377 -985.1566666666666 300
3378 -987.02 300
3379 -987.8233333333334 300
3380 -985.0766666666667 300
3381 -984.0733333333334 300
3382 -983.0433333333333 300
3383 -976.64 300
3384 -976.64 300
3385 -976.6366666666667 300
3386 -976.7266666666667 300
3387 -976.8133333333334 300
3388 -976.9233333333333 300
3389 -977.0233333333333 300
3390 -977.0333333333333 300
3391 -977.2 300
3392 -977.2833333333333 300
3393 -977.5566666666666 300
3394 -978.2866666666666 300
3395 -978.2933333333333 300
3396 -978.9666666666667 300
3397 -979.4066666666666 300
3398 -980.6766666666666 300
3399 -982.4 300
3400 -984.0566666666666 300
3401 -985.24 300
3402 -977.57 300
3403 -977.8666666666667 300
3404 -978.1966666666667 300
3405 -978.25 300
3406 -977.6066666666667 300
3407 -976.4833333333333 300
3408 -976.1633333333333 300
3409 -975.5933333333334 300
3410 -974.8433333333334 300
3411 -973.86 300
3412 -971.9866666666667 300
3413 -969.6633333333333 300
3414 -973.13 300
3415 -972.0666666666667 300
3416 -974.9666666666667 300
3417 -975.0 300
3418 -975.0433333333333 300
3419 -975.0 300
3420 -975.0433333333333 300
3421 -975.0433333333333 300
3422 -975.0433333333333 300
3423 -975.0466666666666 300
3424 -975.09 300
3425 -975.0466666666666 300
3426 -975.0433333333333 300
3427 -974.99 300
3428 -974.85 300
3429 -974.8033333333333 300
3430 -974.8066666666666 300
3431 -974.8066666666666 300
3432 -974.9533333333334 300
3433 -974.9533333333334 300
3434 -975.02 300
3435 -974.9266666666666 300
3436 -974.4733333333334 300
3437 -974.6233333333333 300
3438 -974.3966666666666 300
3439 -973.9133333333333 300
3440 -972.9933333333333 300
3441 -971.34 300
3442 -970.94 300
3443 -970.7166666666667 300
3444 -973.44 300
3445 -973.6466666666666 300
3446 -973.24 300
3447 -973.09 300
3448 -972.1866666666666 300
3449 -970.9633333333334 300
3450 -970.6233333333333 300
3451 -969.5833333333334 300
3452 -967.8433333333334 300
3453 -964.9 300
3454 -963.7466666666667 300
3455 -960.68 300
3456 -963.52 300
3457 -964.6033333333334 300
3458 -964.2266666666667 300
3459 -963.8833333333333 300
3460 -962.9933333333333 300
3461 -961.8233333333334 300
3462 -961.7233333333334 300
3463 -961.6266666666667 300
3464 -961.7166666666667 300
3465 -961.56 300
3466 -961.6766666666666 300
3467 -960.9933333333333 300
3468 -961.0566666666666 300
3469 -961.1 300
3470 -961.1066666666667 300
3471 -961.01 300
3472 -960.6566666666666 300
3473 -960.6233333333333 300
3474 -960.67 300
3475 -960.57 300
3476 -960.47 300
3477 -960.4233333333333 300
3478 -960.33 300
3479 -960.3733333333333 300
3480 -960.3733333333333 300
3481 -960.3733333333333 300
3482 -960.3733333333333 300
3483 -960.37 300
3484 -960.3233333333334 300
3485 -960.28 300
3486 -960.28 300
3487 -960.2333333333333 300
3488 -960.2333333333333 300
3489 -960.2333333333333 300
3490 -960.2333333333333 300
3491 -960.2333333333333 300
3492 -960.2333333333333 300
3493 -960.2333333333333 300
3494 -960.1933333333334 300
3495 -960.24 300
3496 -960.34 300
3497 -960.2933333333333 300
3498 -960.2 300
3499 -960.2033333333334 300
3500 -960.0033333333333 300
3501 -960.0033333333333 300
3502 -960.0066666666667 300
3503 -960.0066666666667 300
3504 -959.96 300
3505 -959.9166666666666 300
3506 -960.0 300
3507 -959.9566666666667 300
3508 -959.9566666666667 300
3509 -960.0533333333333 300
3510 -960.0533333333333 300
3511 -960.1 300
3512 -960.0966666666667 300
3513 -960.0966666666667 300
3514 -960.0966666666667 300
3515 -960.0966666666667 300
3516 -960.0966666666667 300
3517 -960.15 300
3518 -960.3433333333334 300
3519 -960.44 300
3520 -960.59 300
3521 -960.8766666666667 300
3522 -961.1233333333333 300
3523 -962.24 300
3524 -964.29 300
3525 -967.0066666666667 300
3526 -972.39 300
3527 -981.04 300
3528 -982.3966666666666 300
3529 -978.54 300
3530 -972.0333333333333 300
3531 -964.79 300
3532 -965.4733333333334 300
3533 -965.8566666666667 300
3534 -966.38 300
3535 -963.9866666666667 300
3536 -964.06 300
3537 -960.3 300
3538 -959.9266666666666 300
3539 -959.4966666666667 300
3540 -958.0566666666666 300
3541 -958.0166666666667 300
3542 -958.59 300
3543 -958.3533333333334 300
3544 -958.3166666666667 300
3545 -958.3066666666666 300
3546 -958.6066666666667 300
3547 -959.2 300
3548 -959.54 300
3549 -959.4433333333334 300
3550 -959.6166666666667 300
3551 -960.1933333333334 300
3552 -960.22 300
3553 -960.1333333333333 300
3554 -959.9933333333333 300
3555 -959.99 300
3556 -959.6233333333333 300
3557 -959.6333333333333 300
3558 -959.6733333333333 300
3559 -959.63 300
3560 -959.6733333333333 300
3561 -959.6333333333333 300
3562 -959.68 300
3563 -959.6733333333333 300
3564 -959.3933333333333 300
3565 -959.54 300
3566 -959.1466666666666 300
3567 -958.63 300
3568 -960.2733333333333 300
3569 -960.0533333333333 300
3570 -960.0533333333333 300
3571 -960.1 300
3572 -960.19 300
3573 -960.19 300
3574 -960.3233333333334 300
3575 -960.3233333333334 300
3576 -960.4133333333333 300
3577 -960.68 300
3578 -961.0266666666666 300
3579 -961.6333333333333 300
3580 -962.85 300
3581 -964.5 300
3582 -968.3166666666667 300
3583 -972.0 300
3584 -971.9133333333333 300
3585 -971.77 300
3586 -972.0233333333333 300
3587 -972.2633333333333 300
3588 -972.6733333333333 300
3589 -973.8733333333333 300
3590 -975.2566666666667 300
3591 -978.7033333333334 300
3592 -984.14 300
3593 -977.4733333333334 300
3594 -962.2933333333333 300
3595 -962.3366666666667 300
3596 -962.38 300
3597 -962.5633333333334 300
3598 -962.65 300
3599 -962.6933333333334 300
3600 -962.8333333333334 300
3601 -962.92 300
3602 -963.19 300
3603 -963.2766666666666 300
3604 -963.45 300
3605 -963.85 300
3606 -964.24 300
3607 -964.5466666666666 300
3608 -965.4666666666667 300
3609 -966.25 300
3610 -963.6633333333333 300
3611 -964.61 300
3612 -965.5633333333334 300
3613 -967.6433333333333 300
3614 -970.42 300
3615 -973.6066666666667 300
3616 -973.0 300
3617 -972.2633333333333 300
3618 -971.0066666666667 300
3619 -971.9166666666666 300
3620 -972.6533333333333 300
3621 -971.5666666666667 300
3622 -967.7966666666666 300
3623 -966.4966666666667 300
3624 -962.38 300
3625 -961.5566666666666 300
3626 -961.7733333333333 300
3627 -962.0466666666666 300
3628 -962.3166666666667 300
3629 -962.72 300
3630 -962.9433333333334 300
3631 -963.17 300
3632 -963.6166666666667 300
3633 -964.4433333333334 300
3634 -965.25 300
3635 -966.3433333333334 300
3636 -967.4466666666667 300
3637 -964.3833333333333 300
3638 -964.75 300
3639 -965.2433333333333 300
3640 -965.88 300
3641 -966.5733333333334 300
3642 -966.96 300
3643 -967.31 300
3644 -968.0533333333333 300
3645 -969.4533333333334 300
3646 -968.4933333333333 300
3647 -968.67 300
3648 -971.19 300
3649 -970.85 300
3650 -970.3466666666667 300
3651 -969.6466666666666 300
3652 -968.1466666666666 300
3653 -965.5666666666667 300
3654 -964.2666666666667 300
3655 -965.3466666666667 300
3656 -966.7266666666667 300
3657 -968.4033333333333 300
3658 -970.71 300
3659 -974.0566666666666 300
3660 -981.5933333333334 300
3661 -989.7533333333333 300
3662 -989.67 300
3663 -989.3866666666667 300
3664 -994.6333333333333 300
3665 -1001.9466666666667 300
3666 -1001.8533333333334 300
3667 -1001.9 300
3668 -1001.99 300
3669 -1001.8066666666666 300
3670 -1001.8566666666667 300
3671 -1002.1 300
3672 -1002.5433333333333 300
3673 -1002.12 300
3674 -1001.3766666666667 300
3675 -1000.2233333333334 300
3676 -997.9233333333333 300
3677 -992.9033333333333 300
3678 -979.7166666666667 300
3679 -974.3033333333333 300
3680 -974.3 300
3681 -974.2966666666666 300
3682 -974.4433333333334 300
3683 -974.4433333333334 300
3684 -974.4433333333334 300
3685 -974.64 300
3686 -974.64 300
3687 -974.64 300
3688 -974.64 300
3689 -974.8366666666667 300
3690 -975.28 300
3691 -975.92 300
3692 -976.3766666666667 300
3693 -976.9766666666667 300
3694 -977.3766666666667 300
3695 -977.9733333333334 300
3696 -978.4166666666666 300
3697 -980.0566666666666 300
3698 -982.0533333333333 300
3699 -984.5866666666667 300
3700 -984.8666666666667 300
3701 -981.53 300
3702 -980.6633333333333 300
3703 -981.25 300
3704 -981.48 300
3705 -979.7533333333333 300
3706 -981.1833333333333 300
3707 -977.78 300
3708 -976.8866666666667 300
3709 -977.2866666666666 300
3710 -977.5866666666667 300
3711 -977.73 300
3712 -978.1333333333333 300
3713 -978.5366666666666 300
3714 -979.1 300
3715 -979.3966666666666 300
3716 -979.6766666666666 300
3717 -980.4733333333334 300
3718 -979.4766666666667 300
3719 -978.3733333333333 300
3720 -978.43 300
3721 -978.4866666666667 300
3722 -978.8833333333333 300
3723 -979.0366666666666 300
3724 -979.19 300
3725 -979.3466666666667 300
3726 -979.5166666666667 300
3727 -980.0666666666667 300
3728 -980.4366666666666 300
3729 -980.3 300
3730 -980.4 300
3731 -980.4 300
3732 -980.5 300
3733 -980.8566666666667 300
3734 -980.8133333333334 300
3735 -981.67 300
3736 -982.1266666666667 300
3737 -983.6833333333333 300
3738 -985.44 300
3739 -973.2633333333333 300
3740 -972.47 300
3741 -973.2033333333334 300
3742 -973.2366666666667 300
3743 -973.2266666666667 300
3744 -973.0866666666667 300
3745 -973.0633333333334 300
3746 -972.63 300
3747 -972.4933333333333 300
3748 -972.11 300
3749 -971.2466666666667 300
3750 -969.54 300
3751 -967.8466666666667 300
3752 -963.89 300
3753 -963.4166666666666 300
3754 -963.51 300
3755 -963.8366666666667 300
3756 -963.9666666666667 300
3757 -964.24 300
3758 -960.2833333333333 300
3759 -959.41 300
3760 -958.7433333333333 300
3761 -957.0 300
3762 -954.04 300
3763 -948.46 300
3764 -947.4733333333334 300
3765 -947.4 300
3766 -947.2933333333333 300
3767 -947.0933333333334 300
3768 -946.49 300
3769 -945.48 300
3770 -943.8033333333333 300
3771 -940.8966666666666 300
3772 -936.13 300
3773 -936.2166666666667 300
3774 -936.3733333333333 300
3775 -936.5033333333333 300
3776 -936.5033333333333 300
3777 -933.73 300
3778 -933.2566666666667 300
3779 -932.0433333333333 300
3780 -929.36 300
3781 -922.4733333333334 300
3782 -922.0833333333334 300
3783 -922.22 300
3784 -922.1 300
3785 -921.7866666666666 300
3786 -921.44 300
3787 -920.9633333333334 300
3788 -919.9233333333333 300
3789 -915.96 300
3790 -910.5366666666666 300
3791 -910.8966666666666 300
3792 -911.2566666666667 300
3793 -912.18 300
3794 -912.6966666666667 300
3795 -913.8133333333334 300
3796 -914.86 300
3797 -916.5066666666667 300
3798 -919.16 300
3799 -924.47 300
3800 -930.72 300
3801 -931.12 300
3802 -929.1 300
3803 -923.51 300
3804 -921.7033333333334 300
3805 -921.8 300
3806 -922.0 300
3807 -922.0966666666667 300
3808 -922.1733333333333 300
3809 -922.56 300
3810 -923.05 300
3811 -923.9 300
3812 -924.9 300
3813 -925.0 300
3814 -926.15 300
3815 -927.5766666666667 300
3816 -930.4166666666666 300
3817 -933.5566666666666 300
3818 -935.9033333333333 300
3819 -935.6166666666667 300
3820 -928.3733333333333 300
3821 -921.47 300
3822 -921.47 300
3823 -921.57 300
3824 -921.7266666666667 300
3825 -922.07 300
3826 -922.7566666666667 300
3827 -924.0 300
3828 -926.43 300
3829 -932.4033333333333 300
3830 -942.99 300
3831 -949.6533333333333 300
3832 -949.48 300
3833 -949.48 300
3834 -949.09 300
3835 -948.1366666666667 300
3836 -946.9233333333333 300
3837 -944.4966666666667 300
3838 -940.2066666666667 300
3839 -940.4366666666666 300
3840 -937.9666666666667 300
3841 -937.66 300
3842 -937.66 300
3843 -937.66 300
3844 -937.3566666666667 300
3845 -937.5133333333333 300
3846 -937.5133333333333 300
3847 -937.5133333333333 300
3848 -937.5133333333333 300
3849 -937.5133333333333 300
3850 -937.5133333333333 300
3851 -937.5133333333333 300
3852 -937.5133333333333 300
3853 -937.47 300
3854 -937.47 300
3855 -937.47 300
3856 -937.47 300
3857 -937.3566666666667 300
3858 -937.3566666666667 300
3859 -937.3566666666667 300
3860 -937.4033333333333 300
3861 -937.3633333333333 300
3862 -937.3633333333333 300
3863 -937.36 300
3864 -937.35 300
3865 -937.3333333333334 300
3866 -937.2933333333333 300
3867 -937.1866666666666 300
3868 -936.9866666666667 300
3869 -937.2166666666667 300
3870 -937.4266666666666 300
3871 -937.45 300
3872 -937.45 300
3873 -937.59 300
3874 -937.59 300
3875 -937.59 300
3876 -937.6333333333333 300
3877 -937.6766666666666 300
3878 -937.72 300
3879 -937.72 300
3880 -937.72 300
3881 -937.8066666666666 300
3882 -937.8933333333333 300
3883 -937.8433333333334 300
3884 -937.7133333333334 300
3885 -937.7233333333334 300
3886 -937.9166666666666 300
3887 -938.11 300
3888 -938.4966666666667 300
3889 -938.5933333333334 300
3890 -938.9266666666666 300
3891 -937.29 300
3892 -937.29 300
3893 -937.29 300
3894 -937.29 300
3895 -937.29 300
3896 -937.29 300
3897 -937.2 300
3898 -937.2 300
3899 -937.2 300
3900 -937.1133333333333 300
3901 -937.1133333333333 300
3902 -937.1133333333333 300
3903 -937.1566666666666 300
3904 -937.1566666666666 300
3905 -937.1566666666666 300
3906 -937.1566666666666 300
3907 -937.1566666666666 300
3908 -937.1566666666666 300
3909 -937.16 300
3910 -937.1566666666666 300
3911 -937.27 300
3912 -937.3133333333334 300
3913 -937.3566666666667 300
3914 -937.3566666666667 300
3915 -937.3566666666667 300
3916 -937.3566666666667 300
3917 -937.4 300
3918 -937.3966666666666 300
3919 -937.4333333333333 300
3920 -937.3733333333333 300
3921 -937.2933333333333 300
3922 -937.3233333333334 300
3923 -937.3233333333334 300
3924 -937.2633333333333 300
3925 -937.2566666666667 300
3926 -937.31 300
3927 -937.2233333333334 300
3928 -937.2666666666667 300
3929 -937.27 300
3930 -937.27 300
3931 -937.27 300
3932 -937.27 300
3933 -937.27 300
3934 -937.27 300
3935 -937.27 300
3936 -937.27 300
3937 -937.27 300
3938 -937.2266666666667 300
3939 -937.2266666666667 300
3940 -937.1866666666666 300
3941 -937.1833333333333 300
3942 -937.1833333333333 300
3943 -937.27 300
3944 -937.3133333333334 300
3945 -937.3133333333334 300
3946 -937.3133333333334 300
3947 -937.2266666666667 300
3948 -937.2266666666667 300
3949 -937.23 300
3950 -937.2333333333333 300
3951 -937.32 300
3952 -937.2366666666667 300
3953 -937.2366666666667 300
3954 -937.2333333333333 300
3955 -937.2333333333333 300
3956 -937.2333333333333 300
3957 -937.2333333333333 300
3958 -937.23 300
3959 -937.23 300
3960 -937.23 300
3961 -937.23 300
3962 -937.23 300
3963 -937.23 300
3964 -937.23 300
3965 -937.23 300
3966 -937.3166666666667 300
3967 -937.36 300
3968 -937.36 300
3969 -937.36 300
3970 -937.3166666666667 300
3971 -937.3166666666667 300
3972 -937.27 300
3973 -937.27 300
3974 -937.27 300
3975 -937.27 300
3976 -937.3133333333334 300
3977 -937.3166666666667 300
3978 -937.3666666666667 300
3979 -937.37 300
3980 -937.42 300
3981 -937.4266666666666 300
3982 -937.4266666666666 300
3983 -937.4366666666666 300
3984 -937.3933333333333 300
3985 -937.42 300
3986 -937.3933333333333 300
3987 -937.34 300
3988 -937.4533333333334 300
3989 -937.56 300
3990 -937.38 300
3991 -937.3633333333333 300
3992 -937.2833333333333 300
3993 -937.3266666666667 300
3994 -937.3233333333334 300
3995 -937.3233333333334 300
3996 -937.2266666666667 300
3997 -937.13 300
3998 -936.7 300
3999 -936.6033333333334 300
4000 -936.7 300
4001 -936.8933333333333 300
4002 -937.0866666666667 300
4003 -937.09 300
4004 -937.09 300
4005 -937.09 300
4006 -937.0 300
4007 -937.0 300
4008 -937.0 300
4009 -937.0 300
4010 -937.0433333333333 300
4011 -937.0433333333333 300
4012 -937.0433333333333 300
4013 -937.0433333333333 300
4014 -937.0433333333333 300
4015 -937.0433333333333 300
4016 -937.0433333333333 300
4017 -937.0433333333333 300
4018 -937.1833333333333 300
4019 -937.1833333333333 300
4020 -937.1833333333333 300
4021 -937.1833333333333 300
4022 -937.1833333333333 300
4023 -937.1833333333333 300
4024 -937.1833333333333 300
4025 -937.0866666666667 300
4026 -937.0866666666667 300
4027 -937.0866666666667 300
4028 -937.0866666666667 300
4029 -937.0866666666667 300
4030 -937.0866666666667 300
4031 -937.0866666666667 300
4032 -937.0866666666667 300
4033 -937.0866666666667 300
4034 -937.0866666666667 300
4035 -937.0866666666667 300
4036 -937.0866666666667 300
4037 -937.0866666666667 300
4038 -937.0866666666667 300
4039 -937.0866666666667 300
4040 -937.0866666666667 300
4041 -937.0866666666667 300
4042 -937.0866666666667 300
4043 -937.0866666666667 300
4044 -937.1733333333333 300
4045 -937.17 300
4046 -937.1666666666666 300
4047 -937.16 300
4048 -937.14 300
4049 -937.2 300
4050 -937.0866666666667 300
4051 -936.8766666666667 300
4052 -936.49 300
4053 -936.54 300
4054 -936.5833333333334 300
4055 -936.7166666666667 300
4056 -936.44 300
4057 -936.44 300
4058 -936.4733333333334 300
4059 -936.4766666666667 300
4060 -936.55 300
4061 -936.71 300
4062 -936.94 300
4063 -936.8033333333333 300
4064 -936.6633333333333 300
4065 -936.2966666666666 300
4066 -936.2033333333334 300
4067 -936.2033333333334 300
4068 -936.2033333333334 300
4069 -936.2466666666667 300
4070 -936.2033333333334 300
4071 -936.19 300
4072 -936.19 300
4073 -936.1833333333333 300
4074 -936.1733333333333 300
4075 -936.1133333333333 300
4076 -936.12 300
4077 -936.0833333333334 300
4078 -936.0466666666666 300
4079 -935.9966666666667 300
4080 -935.87 300
4081 -935.7533333333333 300
4082 -935.62 300
4083 -935.4666666666667 300
4084 -935.5133333333333 300
4085 -935.5933333333334 300
4086 -935.2766666666666 300
4087 -935.3033333333333 300
4088 -935.2633333333333 300
4089 -935.2666666666667 300
4090 -935.2733333333333 300
4091 -935.3033333333333 300
4092 -935.3033333333333 300
4093 -935.3066666666666 300
4094 -935.2666666666667 300
4095 -935.2066666666667 300
4096 -935.21 300
4097 -935.2133333333334 300
4098 -935.2166666666667 300
4099 -935.07 300
4100 -934.9166666666666 300
4101 -934.1633333333333 300
4102 -932.8833333333333 300
4103 -930.9366666666666 300
4104 -928.7966666666666 300
4105 -935.0333333333333 300
4106 -934.7 300
4107 -934.4766666666667 300
4108 -933.94 300
4109 -933.2766666666666 300
4110 -933.3233333333334 300
4111 -933.2133333333334 300
4112 -933.11 300
4113 -932.8866666666667 300
4114 -932.6633333333333 300
4115 -932.5466666666666 300
4116 -932.3233333333334 300
4117 -932.2166666666667 300
4118 -932.22 300
4119 -932.2233333333334 300
4120 -932.0066666666667 300
4121 -930.5533333333333 300
4122 -930.33 300
4123 -924.87 300
4124 -915.9533333333334 300
4125 -915.49 300
4126 -915.49 300
4127 -915.6066666666667 300
4128 -903.34 300
4129 -903.34 300
4130 -903.34 300
4131 -903.34 300
4132 -903.34 300
4133 -903.34 300
4134 -903.34 300
4135 -903.34 300
4136 -903.18 300
4137 -903.18 300
4138 -903.18 300
4139 -903.18 300
4140 -903.0666666666667 300
4141 -902.9566666666667 300
4142 -902.9566666666667 300
4143 -902.9566666666667 300
4144 -902.9566666666667 300
4145 -902.9566666666667 300
4146 -902.2766666666666 300
4147 -901.71 300
4148 -901.71 300
4149 -901.71 300
4150 -901.7133333333334 300
4151 -901.71 300
4152 -901.7133333333334 300
4153 -901.4966666666667 300
4154 -901.54 300
4155 -901.54 300
4156 -901.4966666666667 300
4157 -901.4966666666667 300
4158 -901.4966666666667 300
4159 -901.4966666666667 300
4160 -901.4966666666667 300
4161 -901.4966666666667 300
4162 -901.4966666666667 300
4163 -901.54 300
4164 -901.4266666666666 300
4165 -901.3133333333334 300
4166 -901.4266666666666 300
4167 -901.3133333333334 300
4168 -901.3133333333334 300
4169 -901.2 300
4170 -901.0866666666667 300
4171 -901.0866666666667 300
4172 -900.9733333333334 300
4173 -900.86 300
4174 -899.64 300
4175 -899.2566666666667 300
4176 -899.1433333333333 300
4177 -898.8033333333333 300
4178 -898.69 300
4179 -898.4633333333334 300
4180 -896.7633333333333 300
4181 -896.5366666666666 300
4182 -896.8766666666667 300
4183 -896.4233333333333 300
4184 -896.5366666666666 300
4185 -896.31 300
4186 -896.4233333333333 300
4187 -891.4366666666666 300
4188 -879.7633333333333 300
4189 -870.6266666666667 300
4190 -870.74 300
4191 -870.74 300
4192 -870.74 300
4193 -870.74 300
4194 -870.1733333333333 300
4195 -870.1733333333333 300
4196 -870.2866666666666 300
4197 -870.2866666666666 300
4198 -870.5566666666666 300
4199 -870.67 300
4200 -870.7833333333333 300
4201 -871.1233333333333 300
4202 -871.1233333333333 300
4203 -870.9666666666667 300
4204 -871.08 300
4205 -871.08 300
4206 -871.1966666666667 300
4207 -871.3066666666666 300
4208 -871.3766666666667 300
4209 -871.2466666666667 300
4210 -871.03 300
4211 -870.8133333333334 300
4212 -870.45 300
4213 -869.68 300
4214 -871.1533333333333 300
4215 -871.0166666666667 300
4216 -870.09 300
4217 -868.3133333333334 300
4218 -864.5866666666667 300
4219 -861.4333333333333 300
4220 -861.6766666666666 300
4221 -861.7633333333333 300
4222 -861.7633333333333 300
4223 -861.4233333333333 300
4224 -861.4233333333333 300
4225 -861.7366666666667 300
4226 -861.8933333333333 300
4227 -862.14 300
4228 -862.14 300
4229 -862.6533333333333 300
4230 -862.9666666666667 300
4231 -862.9666666666667 300
4232 -860.7733333333333 300
4233 -861.06 300
4234 -861.06 300
4235 -861.06 300
4236 -861.2166666666667 300
4237 -861.6166666666667 300
4238 -862.4866666666667 300
4239 -862.53 300
4240 -862.86 300
4241 -863.1766666666666 300
4242 -863.8166666666667 300
4243 -864.3633333333333 300
4244 -861.69 300
4245 -861.96 300
4246 -861.3633333333333 300
4247 -861.39 300
4248 -861.53 300
4249 -860.9233333333333 300
4250 -859.6066666666667 300
4251 -855.56 300
4252 -848.92 300
4253 -849.12 300
4254 -849.1633333333333 300
4255 -849.2066666666667 300
4256 -849.1166666666667 300
4257 -849.2466666666667 300
4258 -849.42 300
4259 -849.75 300
4260 -850.1233333333333 300
4261 -850.4533333333334 300
4262 -850.63 300
4263 -849.4966666666667 300
4264 -849.5433333333333 300
4265 -849.7433333333333 300
4266 -849.8433333333334 300
4267 -850.0433333333333 300
4268 -850.0433333333333 300
4269 -850.2433333333333 300
4270 -850.4866666666667 300
4271 -850.7333333333333 300
4272 -851.0333333333333 300
4273 -851.48 300
4274 -851.77 300
4275 -851.8266666666667 300
4276 -852.6233333333333 300
4277 -851.58 300
4278 -852.0066666666667 300
4279 -852.3066666666666 300
4280 -852.5166666666667 300
4281 -852.77 300
4282 -853.0766666666667 300
4283 -853.75 300
4284 -854.5066666666667 300
4285 -854.71 300
4286 -855.2466666666667 300
4287 -855.02 300
4288 -854.7566666666667 300
4289 -855.6633333333333 300
4290 -853.5166666666667 300
4291 -841.05 300
4292 -841.18 300
4293 -839.5866666666667 300
4294 -841.4166666666666 300
4295 -843.34 300
4296 -844.4333333333333 300
4297 -844.4866666666667 300
4298 -844.4966666666667 300
4299 -844.55 300
4300 -844.5166666666667 300
4301 -844.5166666666667 300
4302 -844.3533333333334 300
4303 -843.66 300
4304 -842.4033333333333 300
4305 -840.3 300
4306 -840.06 300
4307 -836.77 300
4308 -837.8533333333334 300
4309 -831.1233333333333 300
4310 -830.23 300
4311 -830.23 300
4312 -830.23 300
4313 -830.1466666666666 300
4314 -830.32 300
4315 -830.1733333333333 300
4316 -830.3733333333333 300
4317 -830.7633333333333 300
4318 -830.85 300
4319 -830.85 300
4320 -831.0666666666667 300
4321 -831.1533333333333 300
4322 -831.24 300
4323 -831.37 300
4324 -831.4566666666667 300
4325 -831.5433333333333 300
4326 -831.35 300
4327 -831.4366666666666 300
4328 -831.5233333333333 300
4329 -831.0466666666666 300
4330 -831.2633333333333 300
4331 -831.26 300
4332 -831.3033333333333 300
4333 -829.0066666666667 300
4334 -829.0066666666667 300
4335 -829.05 300
4336 -829.0933333333334 300
4337 -829.18 300
4338 -829.2233333333334 300
4339 -829.2666666666667 300
4340 -829.31 300
4341 -829.31 300
4342 -829.31 300
4343 -829.31 300
4344 -829.0933333333334 300
4345 -829.0966666666667 300
4346 -829.0966666666667 300
4347 -828.7966666666666 300
4348 -828.4433333333334 300
4349 -828.4433333333334 300
4350 -828.4433333333334 300
4351 -828.4433333333334 300
4352 -828.4433333333334 300
4353 -828.4466666666667 300
4354 -828.4466666666667 300
4355 -828.4466666666667 300
4356 -828.36 300
4357 -828.2266666666667 300
4358 -828.2266666666667 300
4359 -828.2266666666667 300
4360 -828.2266666666667 300
4361 -828.2266666666667 300
4362 -828.1833333333333 300
4363 -828.1833333333333 300
4364 -828.0933333333334 300
4365 -827.92 300
4366 -827.7466666666667 300
4367 -827.27 300
4368 -826.36 300
4369 -825.1033333333334 300
4370 -822.72 300
4371 -817.09 300
4372 -817.1333333333333 300
4373 -817.1766666666666 300
4374 -815.8766666666667 300
4375 -815.8766666666667 300
4376 -815.8766666666667 300
4377 -815.92 300
4378 -815.8333333333334 300
4379 -815.8766666666667 300
4380 -815.79 300
4381 -815.79 300
4382 -815.79 300
4383 -815.6966666666667 300
4384 -815.6966666666667 300
4385 -815.6966666666667 300
4386 -815.6966666666667 300
4387 -815.6966666666667 300
4388 -815.6966666666667 300
4389 -815.6966666666667 300
4390 -815.7 300
4391 -815.6566666666666 300
4392 -815.5266666666666 300
4393 -815.3966666666666 300
4394 -815.0933333333334 300
4395 -815.0066666666667 300
4396 -814.92 300
4397 -814.79 300
4398 -814.66 300
4399 -814.53 300
4400 -814.4 300
4401 -814.27 300
4402 -813.9666666666667 300
4403 -813.8366666666667 300
4404 -813.6633333333333 300
4405 -811.9733333333334 300
4406 -808.3366666666667 300
4407 -804.13 300
4408 -802.6166666666667 300
4409 -802.7633333333333 300
4410 -802.6733333333333 300
4411 -802.5666666666667 300
4412 -802.5666666666667 300
4413 -802.5666666666667 300
4414 -802.5666666666667 300
4415 -802.5666666666667 300
4416 -802.5666666666667 300
4417 -802.5666666666667 300
4418 -802.5666666666667 300
4419 -802.5666666666667 300
4420 -802.5666666666667 300
4421 -802.5666666666667 300
4422 -802.5666666666667 300
4423 -802.5666666666667 300
4424 -802.5666666666667 300
4425 -802.5666666666667 300
4426 -802.5666666666667 300
4427 -802.5666666666667 300
4428 -802.61 300
4429 -802.3966666666666 300
4430 -802.3966666666666 300
4431 -802.31 300
4432 -802.22 300
4433 -802.22 300
4434 -802.1833333333333 300
4435 -802.1466666666666 300
4436 -802.0733333333334 300
4437 -802.0733333333334 300
4438 -801.7866666666666 300
4439 -802.1833333333333 300
4440 -802.2233333333334 300
4441 -802.2233333333334 300
4442 -802.2233333333334 300
4443 -802.2233333333334 300
4444 -802.2233333333334 300
4445 -802.2233333333334 300
4446 -802.2233333333334 300
4447 -802.2233333333334 300
4448 -802.2233333333334 300
4449 -802.2233333333334 300
4450 -802.18 300
4451 -802.05 300
4452 -801.92 300
4453 -801.7033333333334 300
4454 -802.0466666666666 300
4455 -802.0466666666666 300
4456 -802.0466666666666 300
4457 -802.0466666666666 300
4458 -802.0466666666666 300
4459 -802.0466666666666 300
4460 -802.0466666666666 300
4461 -802.0466666666666 300
4462 -802.0466666666666 300
4463 -802.0466666666666 300
4464 -802.0466666666666 300
4465 -802.0466666666666 300
4466 -802.0466666666666 300
4467 -802.0033333333333 300
4468 -802.0033333333333 300
4469 -802.1 300
4470 -802.1 300
4471 -802.1 300
4472 -802.0 300
4473 -802.0 300
4474 -802.0 300
4475 -802.0 300
4476 -801.9966666666667 300
4477 -801.9866666666667 300
4478 -802.0 300
4479 -802.0 300
4480 -802.0 300
4481 -802.0 300
4482 -802.0 300
4483 -802.0 300
4484 -802.0 300
4485 -802.0 300
4486 -802.0 300
4487 -802.0 300
4488 -802.0 300
4489 -802.0 300
4490 -802.0 300
4491 -802.0 300
4492 -802.0 300
4493 -802.0433333333333 300
4494 -802.0433333333333 300
4495 -802.0866666666667 300
4496 -802.0866666666667 300
4497 -802.0866666666667 300
4498 -802.09 300
4499 -802.09 300
4500 -802.09 300
4501 -802.09 300
4502 -802.09 300
4503 -802.0866666666667 300
4504 -802.1766666666666 300
4505 -802.1833333333333 300
4506 -802.1833333333333 300
4507 -802.1833333333333 300
4508 -802.14 300
4509 -802.14 300
4510 -802.0966666666667 300
4511 -802.0966666666667 300
4512 -802.0933333333334 300
4513 -802.0 300
4514 -801.9333333333333 300
4515 -801.7333333333333 300
4516 -801.3266666666667 300
4517 -801.1466666666666 300
4518 -800.3366666666667 300
4519 -798.8633333333333 300
4520 -796.68 300
4521 -791.68 300
4522 -789.69 300
4523 -789.6866666666666 300
4524 -789.68 300
4525 -789.6766666666666 300
4526 -789.5966666666667 300
4527 -789.5733333333334 300
4528 -789.56 300
4529 -789.4566666666667 300
4530 -789.55 300
4531 -789.3566666666667 300
4532 -789.3566666666667 300
4533 -789.3533333333334 300
4534 -789.3566666666667 300
4535 -789.3533333333334 300
4536 -789.3533333333334 300
4537 -789.3533333333334 300
4538 -789.3566666666667 300
4539 -789.3966666666666 300
4540 -789.4433333333334 300
4541 -789.4366666666666 300
4542 -789.6566666666666 300
4543 -789.6833333333333 300
4544 -789.7033333333334 300
4545 -789.7033333333334 300
4546 -789.7033333333334 300
4547 -789.7033333333334 300
4548 -789.7033333333334 300
4549 -789.7033333333334 300
4550 -789.7033333333334 300
4551 -789.7033333333334 300
4552 -789.7033333333334 300
4553 -789.7033333333334 300
4554 -789.7033333333334 300
4555 -789.7466666666667 300
4556 -789.7466666666667 300
4557 -789.14 300
4558 -789.14 300
4559 -789.14 300
4560 -789.14 300
4561 -789.14 300
4562 -789.14 300
4563 -789.14 300
4564 -789.14 300
4565 -789.14 300
4566 -789.0 300
4567 -789.0 300
4568 -789.0 300
4569 -789.0 300
4570 -789.0 300
4571 -789.0966666666667 300
4572 -789.0966666666667 300
4573 -789.0966666666667 300
4574 -789.1833333333333 300
4575 -789.14 300
4576 -789.14 300
4577 -789.01 300
4578 -788.9666666666667 300
4579 -788.9233333333333 300
4580 -788.88 300
4581 -788.8366666666667 300
4582 -788.62 300
4583 -787.8833333333333 300
4584 -787.4066666666666 300
4585 -785.8466666666667 300
4586 -788.6633333333333 300
4587 -788.7066666666667 300
4588 -788.49 300
4589 -788.1866666666666 300
4590 -788.1 300
4591 -788.0566666666666 300
4592 -788.1 300
4593 -788.1 300
4594 -788.1433333333333 300
4595 -788.1 300
4596 -788.1 300
4597 -788.0566666666666 300
4598 -788.0133333333333 300
4599 -787.97 300
4600 -787.9266666666666 300
4601 -787.9266666666666 300
4602 -787.8833333333333 300
4603 -787.8833333333333 300
4604 -787.84 300
4605 -787.7966666666666 300
4606 -787.7966666666666 300
4607 -787.7966666666666 300
4608 -787.7533333333333 300
4609 -787.71 300
4610 -787.71 300
4611 -787.71 300
4612 -787.7533333333333 300
4613 -787.71 300
4614 -787.71 300
4615 -787.6666666666666 300
4616 -787.6233333333333 300
4617 -787.6233333333333 300
4618 -787.58 300
4619 -786.15 300
4620 -788.9666666666667 300
4621 -789.14 300
4622 -789.14 300
4623 -789.14 300
4624 -789.14 300
4625 -789.14 300
4626 -789.14 300
4627 -789.14 300
4628 -789.0966666666667 300
4629 -789.0533333333333 300
4630 -789.01 300
4631 -788.9666666666667 300
4632 -788.9233333333333 300
4633 -788.88 300
4634 -788.8366666666667 300
4635 -788.6633333333333 300
4636 -788.4466666666667 300
4637 -788.0566666666666 300
4638 -787.4066666666666 300
4639 -787.0166666666667 300
4640 -787.0166666666667 300
4641 -787.0166666666667 300
4642 -787.1466666666666 300
4643 -786.0633333333334 300
4644 -786.15 300
4645 -787.3166666666667 300
4646 -789.2233333333334 300
4647 -789.4433333333334 300
4648 -789.4433333333334 300
4649 -789.4433333333334 300
4650 -789.49 300
4651 -789.49 300
4652 -789.49 300
4653 -789.5333333333333 300
4654 -789.5333333333333 300
4655 -789.5333333333333 300
4656 -789.1866666666666 300
4657 -789.1866666666666 300
4658 -789.1866666666666 300
4659 -789.1866666666666 300
4660 -789.1866666666666 300
4661 -789.1866666666666 300
4662 -789.1866666666666 300
4663 -789.1866666666666 300
4664 -789.1866666666666 300
4665 -789.1866666666666 300
4666 -789.1866666666666 300
4667 -789.1866666666666 300
4668 -789.1866666666666 300
4669 -789.1866666666666 300
4670 -789.0466666666666 300
4671 -789.0466666666666 300
4672 -789.0466666666666 300
4673 -789.0466666666666 300
4674 -789.0466666666666 300
4675 -789.0866666666667 300
4676 -789.0866666666667 300
4677 -789.0866666666667 300
4678 -789.0866666666667 300
4679 -789.0866666666667 300
4680 -789.0866666666667 300
4681 -789.0866666666667 300
4682 -789.0866666666667 300
4683 -789.0866666666667 300
4684 -789.0866666666667 300
4685 -789.0866666666667 300
4686 -789.0866666666667 300
4687 -789.0866666666667 300
4688 -789.0866666666667 300
4689 -789.0866666666667 300
4690 -789.0866666666667 300
4691 -789.0866666666667 300
4692 -789.0866666666667 300
4693 -789.0866666666667 300
4694 -789.09 300
4695 -789.09 300
4696 -789.0933333333334 300
4697 -789.0933333333334 300
4698 -789.0933333333334 300
4699 -789.05 300
4700 -789.05 300
4701 -789.05 300
4702 -789.05 300
4703 -789.05 300
4704 -789.05 300
4705 -789.05 300
4706 -789.05 300
4707 -789.05 300
4708 -789.05 300
4709 -789.05 300
4710 -789.05 300
4711 -789.05 300
4712 -789.05 300
4713 -789.05 300
4714 -789.05 300
4715 -789.05 300
4716 -789.05 300
4717 -789.05 300
4718 -789.05 300
4719 -789.05 300
4720 -789.0933333333334 300
4721 -789.0933333333334 300
4722 -789.05 300
4723 -789.05 300
4724 -789.05 300
4725 -789.05 300
4726 -789.05 300
4727 -789.05 300
4728 -789.05 300
4729 -789.05 300
4730 -789.05 300
4731 -789.05 300
4732 -789.05 300
4733 -789.05 300
4734 -789.05 300
4735 -789.05 300
4736 -789.05 300
4737 -789.05 300
4738 -789.05 300
4739 -789.05 300
4740 -789.05 300
4741 -789.05 300
4742 -789.0066666666667 300
4743 -789.0066666666667 300
4744 -789.0066666666667 300
4745 -789.0533333333333 300
4746 -789.0066666666667 300
4747 -789.0066666666667 300
4748 -789.0066666666667 300
4749 -789.0066666666667 300
4750 -789.0066666666667 300
4751 -789.0066666666667 300
4752 -789.0066666666667 300
4753 -789.0066666666667 300
4754 -789.0 300
4755 -789.0 300
4756 -789.0 300
4757 -789.0 300
4758 -789.0 300
4759 -789.0433333333333 300
4760 -789.0433333333333 300
4761 -789.1833333333333 300
4762 -789.1833333333333 300
4763 -789.1833333333333 300
4764 -789.1833333333333 300
4765 -789.1833333333333 300
4766 -789.1833333333333 300
4767 -789.1833333333333 300
4768 -789.1833333333333 300
4769 -789.1833333333333 300
4770 -789.1833333333333 300
4771 -789.1833333333333 300
4772 -789.1833333333333 300
4773 -789.1833333333333 300
4774 -789.1833333333333 300
4775 -789.1833333333333 300
4776 -789.1833333333333 300
4777 -789.2266666666667 300
4778 -789.14 300
4779 -789.14 300
4780 -789.14 300
4781 -789.14 300
4782 -789.14 300
4783 -789.14 300
4784 -789.14 300
4785 -789.14 300
4786 -789.14 300
4787 -789.14 300
4788 -789.14 300
4789 -789.14 300
4790 -789.14 300
4791 -789.14 300
4792 -789.1366666666667 300
4793 -789.1333333333333 300
4794 -789.13 300
4795 -789.1266666666667 300
4796 -789.1233333333333 300
4797 -789.12 300
4798 -789.1166666666667 300
4799 -789.1133333333333 300
4800 -789.0833333333334 300
4801 -789.0366666666666 300
4802 -788.9633333333334 300
4803 -789.13 300
4804 -789.1266666666667 300
4805 -789.09 300
4806 -789.09 300
4807 -789.08 300
4808 -789.0733333333334 300
4809 -789.09 300
4810 -789.0566666666666 300
4811 -789.01 300
4812 -788.97 300
4813 -788.8466666666667 300
4814 -789.0066666666667 300
4815 -789.1 300
4816 -789.0966666666667 300
4817 -789.0933333333334 300
4818 -789.0866666666667 300
4819 -789.0033333333333 300
4820 -788.77 300
4821 -788.91 300
4822 -788.8033333333333 300
4823 -788.9533333333334 300
4824 -788.9833333333333 300
4825 -789.0666666666667 300
4826 -789.0233333333333 300
4827 -789.0266666666666 300
4828 -789.0233333333333 300
4829 -789.2266666666667 300
4830 -789.2266666666667 300
4831 -789.2266666666667 300
4832 -789.2266666666667 300
4833 -789.2266666666667 300
4834 -789.2266666666667 300
4835 -789.2266666666667 300
4836 -789.2266666666667 300
4837 -789.2266666666667 300
4838 -789.27 300
4839 -789.27 300
4840 -789.27 300
4841 -789.27 300
4842 -789.27 300
4843 -789.27 300
4844 -789.27 300
4845 -789.27 300
4846 -789.1733333333333 300
4847 -789.1733333333333 300
4848 -789.13 300
4849 -789.13 300
4850 -789.13 300
4851 -789.13 300
4852 -789.13 300
4853 -789.13 300
4854 -789.13 300
4855 -789.13 300
4856 -789.13 300
4857 -789.13 300
4858 -789.13 300
4859 -789.13 300
4860 -789.13 300
4861 -789.13 300
4862 -789.13 300
4863 -789.13 300
4864 -789.13 300
4865 -789.13 300
4866 -789.13 300
4867 -789.13 300
4868 -789.1333333333333 300
4869 -789.1333333333333 300
4870 -789.1333333333333 300
4871 -789.1333333333333 300
4872 -789.09 300
4873 -789.1333333333333 300
4874 -789.1333333333333 300
4875 -789.1333333333333 300
4876 -789.13 300
4877 -789.1266666666667 300
4878 -789.1266666666667 300
4879 -789.1266666666667 300
4880 -789.1266666666667 300
4881 -789.1266666666667 300
4882 -789.1233333333333 300
4883 -789.12 300
4884 -789.12 300
4885 -789.12 300
4886 -789.12 300
4887 -789.16 300
4888 -789.1566666666666 300
4889 -789.1533333333333 300
4890 -789.15 300
4891 -789.1466666666666 300
4892 -789.1433333333333 300
4893 -789.14 300
4894 -789.1366666666667 300
4895 -789.1333333333333 300
4896 -789.13 300
4897 -789.1266666666667 300
4898 -789.1233333333333 300
4899 -789.12 300
4900 -789.1166666666667 300
4901 -789.1133333333333 300
4902 -789.11 300
4903 -789.11 300
4904 -789.1066666666667 300
4905 -789.03 300
4906 -789.02 300
4907 -789.0166666666667 300
4908 -789.0133333333333 300
4909 -789.0166666666667 300
4910 -789.0166666666667 300
4911 -789.0133333333333 300
4912 -789.0166666666667 300
4913 -789.02 300
4914 -789.0166666666667 300
4915 -789.01 300
4916 -789.0033333333333 300
4917 -788.9666666666667 300
4918 -788.97 300
4919 -788.9733333333334 300
4920 -788.9833333333333 300
4921 -788.9933333333333 300
4922 -788.9933333333333 300
4923 -788.99 300
4924 -788.99 300
4925 -788.99 300
4926 -788.9133333333333 300
4927 -788.9033333333333 300
4928 -788.9 300
4929 -788.9 300
4930 -788.9033333333333 300
4931 -788.9033333333333 300
4932 -788.8966666666666 300
4933 -788.9033333333333 300
4934 -788.9 300
4935 -788.9 300
4936 -788.9066666666666 300
4937 -788.9166666666666 300
4938 -788.9166666666666 300
4939 -788.9166666666666 300
4940 -788.9133333333333 300
4941 -788.9133333333333 300
4942 -788.9133333333333 300
4943 -788.88 300
4944 -788.8233333333334 300
4945 -788.83 300
4946 -788.8366666666667 300
4947 -788.8433333333334 300
4948 -788.7333333333333 300
4949 -788.7466666666667 300
4950 -788.7666666666667 300
4951 -788.7833333333333 300
4952 -788.7933333333333 300
4953 -788.7733333333333 300
4954 -788.7833333333333 300
4955 -788.8033333333333 300
4956 -788.8633333333333 300
4957 -788.9833333333333 300
4958 -789.21 300
4959 -789.2166666666667 300
4960 -789.2166666666667 300
4961 -789.2133333333334 300
4962 -789.21 300
4963 -789.2066666666667 300
4964 -789.2033333333334 300
4965 -789.2 300
4966 -789.1966666666667 300
4967 -789.1933333333334 300
4968 -789.19 300
4969 -789.1866666666666 300
4970 -789.1666666666666 300
4971 -789.1566666666666 300
4972 -789.1566666666666 300
4973 -789.1566666666666 300
4974 -789.1533333333333 300
4975 -789.15 300
4976 -789.1466666666666 300
4977 -789.1433333333333 300
4978 -789.1433333333333 300
4979 -789.1466666666666 300
4980 -789.1466666666666 300
4981 -789.0566666666666 300
4982 -788.9533333333334 300
4983 -788.8666666666667 300
4984 -788.8366666666667 300
4985 -788.8066666666666 300
4986 -788.81 300
4987 -788.78 300
4988 -788.75 300
4989 -788.7066666666667 300
4990 -788.6633333333333 300
4991 -788.6266666666667 300
4992 -788.5833333333334 300
4993 -788.55 300
4994 -788.5133333333333 300
4995 -788.4833333333333 300
4996 -788.4366666666666 300
4997 -788.3966666666666 300
4998 -788.3866666666667 300
4999 -788.22 300
5000 -788.22 300
5001 -787.61 300
5002 -786.74 300
5003 -786.7366666666667 300
5004 -786.65 300
5005 -788.86 300
5006 -788.7633333333333 300
5007 -788.4033333333333 300
5008 -788.3566666666667 300
5009 -787.8666666666667 300
5010 -787.7766666666666 300
5011 -787.7733333333333 300
5012 -787.64 300
5013 -788.4466666666667 300
5014 -788.3566666666667 300
5015 -788.3133333333334 300
5016 -788.22 300
5017 -788.1733333333333 300
5018 -788.1266666666667 300
5019 -788.0766666666667 300
5020 -787.9833333333333 300
5021 -788.2 300
5022 -788.19 300
5023 -788.1766666666666 300
5024 -787.6366666666667 300
5025 -786.2533333333333 300
5026 -786.1033333333334 300
5027 -788.8933333333333 300
5028 -788.9 300
5029 -788.8466666666667 300
5030 -788.7566666666667 300
5031 -788.5533333333333 300
5032 -788.3733333333333 300
5033 -788.0733333333334 300
5034 -787.7433333333333 300
5035 -787.9866666666667 300
5036 -787.9166666666666 300
5037 -787.81 300
5038 -787.75 300
5039 -787.3333333333334 300
5040 -786.9366666666666 300
5041 -786.0966666666667 300
5042 -784.9966666666667 300
5043 -785.0466666666666 300
5044 -785.1766666666666 300
5045 -785.3466666666667 300
5046 -786.6966666666667 300
5047 -786.7866666666666 300
5048 -786.88 300
5049 -786.9733333333334 300
5050 -788.4366666666666 300
5051 -788.4366666666666 300
5052 -788.3933333333333 300
5053 -788.3533333333334 300
5054 -788.2666666666667 300
5055 -788.0566666666666 300
5056 -787.7333333333333 300
5057 -787.65 300
5058 -787.5233333333333 300
5059 -787.32 300
5060 -787.0366666666666 300
5061 -786.9133333333333 300
5062 -786.0633333333334 300
5063 -784.5866666666667 300
5064 -783.4 300
5065 -781.1466666666666 300
5066 -781.32 300
5067 -781.4466666666667 300
5068 -781.61 300
5069 -781.69 300
5070 -781.86 300
5071 -782.0633333333334 300
5072 -782.2266666666667 300
5073 -782.3966666666666 300
5074 -782.5266666666666 300
5075 -782.6566666666666 300
5076 -783.4533333333334 300
5077 -783.45 300
5078 -783.61 300
5079 -783.61 300
5080 -783.77 300
5081 -782.2066666666667 300
5082 -782.3633333333333 300
5083 -782.52 300
5084 -782.18 300
5085 -782.3 300
5086 -782.3366666666667 300
5087 -781.6033333333334 300
5088 -781.6833333333333 300
5089 -781.8033333333333 300
5090 -781.88 300
5091 -781.8766666666667 300
5092 -781.9533333333334 300
5093 -780.9833333333333 300
5094 -781.0633333333334 300
5095 -781.06 300
5096 -781.1333333333333 300
5097 -781.0466666666666 300
5098 -776.8466666666667 300
5099 -776.88 300
5100 -776.8766666666667 300
5101 -776.8766666666667 300
5102 -776.9066666666666 300
5103 -776.94 300
5104 -776.9333333333333 300
5105 -776.9666666666667 300
5106 -776.9566666666667 300
5107 -776.38 300
5108 -776.37 300
5109 -776.36 300
5110 -776.3466666666667 300
5111 -776.3333333333334 300
5112 -776.3233333333334 300
5113 -776.31 300
5114 -776.3 300
5115 -776.2866666666666 300
5116 -776.2733333333333 300
5117 -776.26 300
5118 -776.2466666666667 300
5119 -776.2733333333333 300
5120 -776.3533333333334 300
5121 -776.3466666666667 300
5122 -776.3333333333334 300
5123 -776.3233333333334 300
5124 -776.3133333333334 300
5125 -776.2966666666666 300
5126 -776.1566666666666 300
5127 -776.1433333333333 300
5128 -776.13 300
5129 -776.1166666666667 300
5130 -776.1 300
5131 -776.0833333333334 300
5132 -776.0633333333334 300
5133 -776.0433333333333 300
5134 -776.0233333333333 300
5135 -776.0033333333333 300
5136 -776.0233333333333 300
5137 -776.0266666666666 300
5138 -776.02 300
5139 -776.02 300
5140 -775.6366666666667 300
5141 -775.6366666666667 300
5142 -775.6366666666667 300
5143 -775.6366666666667 300
5144 -775.68 300
5145 -775.7233333333334 300
5146 -775.7233333333334 300
5147 -775.7266666666667 300
5148 -775.7266666666667 300
5149 -775.7266666666667 300
5150 -775.7266666666667 300
5151 -775.7266666666667 300
5152 -775.7266666666667 300
5153 -775.7266666666667 300
5154 -775.7266666666667 300
5155 -775.7266666666667 300
5156 -775.7266666666667 300
5157 -775.7266666666667 300
5158 -775.7266666666667 300
5159 -775.7266666666667 300
5160 -775.77 300
5161 -775.77 300
5162 -775.77 300
5163 -775.77 300
5164 -775.77 300
5165 -775.77 300
5166 -775.77 300
5167 -775.77 300
5168 -775.8166666666667 300
5169 -775.8166666666667 300
5170 -775.8166666666667 300
5171 -775.8166666666667 300
5172 -775.8166666666667 300
5173 -775.86 300
5174 -775.9066666666666 300
5175 -775.9066666666666 300
5176 -775.95 300
5177 -775.95 300
5178 -775.95 300
5179 -775.9933333333333 300
5180 -775.9066666666666 300
5181 -775.9066666666666 300
5182 -775.9066666666666 300
5183 -775.9066666666666 300
5184 -775.95 300
5185 -775.95 300
5186 -775.95 300
5187 -775.95 300
5188 -775.95 300
5189 -775.9933333333333 300
5190 -775.9933333333333 300
5191 -776.08 300
5192 -776.1233333333333 300
5193 -776.17 300
5194 -776.2133333333334 300
5195 -776.2133333333334 300
5196 -776.3 300
5197 -776.2566666666667 300
5198 -776.2566666666667 300
5199 -776.2566666666667 300
5200 -776.2566666666667 300
5201 -776.2566666666667 300
5202 -776.3 300
5203 -776.3433333333334 300
5204 -776.3433333333334 300
5205 -776.3433333333334 300
5206 -776.3866666666667 300
5207 -776.3866666666667 300
5208 -776.4733333333334 300
5209 -776.52 300
5210 -776.52 300
5211 -776.5633333333334 300
5212 -776.65 300
5213 -776.0866666666667 300
5214 -776.13 300
5215 -776.1733333333333 300
5216 -776.1733333333333 300
5217 -776.1733333333333 300
5218 -776.1733333333333 300
5219 -776.1733333333333 300
5220 -776.1733333333333 300
5221 -776.1733333333333 300
5222 -776.1733333333333 300
5223 -776.2166666666667 300
5224 -776.2166666666667 300
5225 -776.26 300
5226 -776.3033333333333 300
5227 -776.3466666666667 300
5228 -776.39 300
5229 -775.74 300
5230 -775.74 300
5231 -775.7433333333333 300
5232 -775.7866666666666 300
5233 -775.7 300
5234 -775.7466666666667 300
5235 -775.7466666666667 300
5236 -775.7466666666667 300
5237 -775.7466666666667 300
5238 -775.7466666666667 300
5239 -775.7933333333333 300
5240 -775.84 300
5241 -775.7533333333333 300
5242 -775.7533333333333 300
5243 -775.7533333333333 300
5244 -775.7533333333333 300
5245 -775.7533333333333 300
5246 -775.7533333333333 300
5247 -775.7533333333333 300
5248 -775.7466666666667 300
5249 -775.7466666666667 300
5250 -775.7466666666667 300
5251 -775.7466666666667 300
5252 -775.7466666666667 300
5253 -775.7933333333333 300
5254 -775.7933333333333 300
5255 -775.84 300
5256 -775.8866666666667 300
5257 -775.89 300
5258 -775.89 300
5259 -775.89 300
5260 -775.89 300
5261 -775.89 300
5262 -775.89 300
5263 -775.89 300
5264 -775.9366666666666 300
5265 -775.9366666666666 300
5266 -775.9366666666666 300
5267 -775.9833333333333 300
5268 -775.9833333333333 300
5269 -775.9833333333333 300
5270 -775.9833333333333 300
5271 -776.03 300
5272 -776.03 300
5273 -776.03 300
5274 -776.03 300
5275 -776.08 300
5276 -776.08 300
5277 -776.1266666666667 300
5278 -776.1266666666667 300
5279 -776.1266666666667 300
5280 -775.5666666666667 300
5281 -775.61 300
5282 -775.61 300
5283 -775.61 300
5284 -775.61 300
5285 -775.7066666666667 300
5286 -775.7066666666667 300
5287 -775.7066666666667 300
5288 -775.7066666666667 300
5289 -775.6633333333333 300
5290 -775.6633333333333 300
5291 -775.7066666666667 300
5292 -775.7066666666667 300
5293 -775.7066666666667 300
5294 -775.7066666666667 300
5295 -775.6466666666666 300
5296 -775.6466666666666 300
5297 -775.6466666666666 300
5298 -775.6466666666666 300
5299 -775.6466666666666 300
5300 -775.69 300
5301 -775.69 300
5302 -775.69 300
5303 -775.7833333333333 300
5304 -775.7833333333333 300
5305 -775.83 300
5306 -775.8766666666667 300
5307 -776.0133333333333 300
5308 -776.1066666666667 300
5309 -776.3366666666667 300
5310 -776.57 300
5311 -776.71 300
5312 -776.8 300
5313 -776.8933333333333 300
5314 -776.9866666666667 300
5315 -776.7166666666667 300
5316 -776.6233333333333 300
5317 -776.6233333333333 300
5318 -776.7133333333334 300
5319 -776.7133333333334 300
5320 -776.8066666666666 300
5321 -776.9433333333334 300
5322 -776.9866666666667 300
5323 -777.08 300
5324 -777.1266666666667 300
5325 -777.17 300
5326 -777.31 300
5327 -777.4 300
5328 -777.4466666666667 300
5329 -777.4966666666667 300
5330 -777.5466666666666 300
5331 -777.6833333333333 300
5332 -777.8266666666667 300
5333 -777.8266666666667 300
5334 -777.8733333333333 300
5335 -777.8766666666667 300
5336 -777.8766666666667 300
5337 -777.8766666666667 300
5338 -777.97 300
5339 -778.08 300
5340 -778.4133333333333 300
5341 -778.6266666666667 300
5342 -778.6733333333333 300
5343 -778.9833333333333 300
5344 -779.38 300
5345 -779.4766666666667 300
5346 -779.7533333333333 300
5347 -779.9266666666666 300
5348 -780.4133333333333 300
5349 -780.8133333333334 300
5350 -780.8466666666667 300
5351 -779.39 300
5352 -779.5233333333333 300
5353 -779.6166666666667 300
5354 -779.3833333333333 300
5355 -779.7133333333334 300
5356 -780.1033333333334 300
5357 -780.7266666666667 300
5358 -777.7 300
5359 -777.7533333333333 300
5360 -777.8333333333334 300
5361 -777.95 300
5362 -778.0733333333334 300
5363 -778.0866666666667 300
5364 -777.81 300
5365 -777.9033333333333 300
5366 -777.9466666666667 300
5367 -777.99 300
5368 -778.0733333333334 300
5369 -778.2433333333333 300
5370 -778.3333333333334 300
5371 -778.3766666666667 300
5372 -778.5566666666666 300
5373 -778.78 300
5374 -778.9133333333333 300
5375 -779.0033333333333 300
5376 -779.0933333333334 300
5377 -779.18 300
5378 -779.3133333333334 300
5379 -779.4466666666667 300
5380 -779.62 300
5381 -779.75 300
5382 -779.93 300
5383 -780.0166666666667 300
5384 -780.33 300
5385 -780.6366666666667 300
5386 -781.1166666666667 300
5387 -781.8633333333333 300
5388 -782.9566666666667 300
5389 -784.4366666666666 300
5390 -785.6566666666666 300
5391 -788.3033333333333 300
5392 -788.3933333333333 300
5393 -788.4 300
5394 -788.4033333333333 300
5395 -788.4066666666666 300
5396 -788.4166666666666 300
5397 -788.42 300
5398 -788.4233333333333 300
5399 -788.4466666666667 300
5400 -788.46 300
5401 -788.48 300
5402 -788.6366666666667 300
5403 -788.5633333333334 300
5404 -788.5666666666667 300
5405 -788.5733333333334 300
5406 -788.6266666666667 300
5407 -788.6333333333333 300
5408 -788.64 300
5409 -788.65 300
5410 -788.66 300
5411 -788.6666666666666 300
5412 -788.68 300
5413 -788.6866666666666 300
5414 -788.6966666666667 300
5415 -788.7166666666667 300
5416 -788.7233333333334 300
5417 -788.7266666666667 300
5418 -788.7366666666667 300
5419 -788.7433333333333 300
5420 -788.75 300
5421 -788.72 300
5422 -788.4433333333334 300
5423 -788.4033333333333 300
5424 -788.3733333333333 300
5425 -788.3366666666667 300
5426 -788.2633333333333 300
5427 -788.0966666666667 300
5428 -787.7666666666667 300
5429 -787.1633333333333 300
5430 -786.0866666666667 300
5431 -783.7566666666667 300
5432 -785.49 300
5433 -787.88 300
5434 -787.5466666666666 300
5435 -787.1133333333333 300
5436 -786.3466666666667 300
5437 -785.4833333333333 300
5438 -787.6933333333334 300
5439 -787.4033333333333 300
5440 -786.8966666666666 300
5441 -786.8933333333333 300
5442 -786.8933333333333 300
5443 -786.65 300
5444 -786.6933333333334 300
5445 -786.7366666666667 300
5446 -786.74 300
5447 -786.8433333333334 300
5448 -786.8 300
5449 -786.8033333333333 300
5450 -786.8966666666666 300
5451 -786.91 300
5452 -786.9566666666667 300
5453 -786.9166666666666 300
5454 -786.9666666666667 300
5455 -786.97 300
5456 -787.02 300
5457 -787.2 300
5458 -787.2566666666667 300
5459 -787.3166666666667 300
5460 -787.4066666666666 300
5461 -787.46 300
5462 -787.1666666666666 300
5463 -787.13 300
5464 -787.1766666666666 300
5465 -787.22 300
5466 -787.3133333333334 300
5467 -787.3066666666666 300
5468 -787.3066666666666 300
5469 -787.35 300
5470 -787.4033333333333 300
5471 -787.19 300
5472 -787.2 300
5473 -787.2033333333334 300
5474 -787.2033333333334 300
5475 -787.2066666666667 300
5476 -787.2533333333333 300
5477 -787.26 300
5478 -787.3033333333333 300
5479 -787.26 300
5480 -787.2633333333333 300
5481 -786.8333333333334 300
5482 -787.0533333333333 300
5483 -787.14 300
5484 -787.14 300
5485 -787.1 300
5486 -787.1466666666666 300
5487 -787.15 300
5488 -787.1566666666666 300
5489 -787.16 300
5490 -786.56 300
5491 -786.7866666666666 300
5492 -786.88 300
5493 -786.89 300
5494 -786.9433333333334 300
5495 -786.95 300
5496 -787.0 300
5497 -787.01 300
5498 -787.0566666666666 300
5499 -787.11 300
5500 -787.15 300
5501 -787.2 300
5502 -787.1566666666666 300
5503 -787.2066666666667 300
5504 -787.25 300
5505 -787.3466666666667 300
5506 -787.3266666666667 300
5507 -787.33 300
5508 -787.73 300
5509 -787.7433333333333 300
5510 -787.7966666666666 300
5511 -787.8533333333334 300
5512 -787.86 300
5513 -787.8666666666667 300
5514 -787.9166666666666 300
5515 -787.9233333333333 300
5516 -787.9766666666667 300
5517 -787.9766666666667 300
5518 -787.7366666666667 300
5519 -787.74 300
5520 -787.79 300
5521 -787.8 300
5522 -787.4466666666667 300
5523 -787.4966666666667 300
5524 -787.55 300
5525 -787.6866666666666 300
5526 -787.7333333333333 300
5527 -787.5466666666666 300
5528 -787.54 300
5529 -787.5066666666667 300
5530 -787.17 300
5531 -787.2666666666667 300
5532 -787.4066666666666 300
5533 -787.5866666666667 300
5534 -787.64 300
5535 -787.6766666666666 300
5536 -787.6766666666666 300
5537 -787.7233333333334 300
5538 -787.72 300
5539 -787.8033333333333 300
5540 -787.89 300
5541 -789.1266666666667 300
5542 -789.1733333333333 300
5543 -789.2266666666667 300
5544 -789.2266666666667 300
5545 -789.2333333333333 300
5546 -789.2333333333333 300
5547 -789.24 300
5548 -789.2433333333333 300
5549 -789.3266666666667 300
5550 -789.3333333333334 300
5551 -789.33 300
5552 -789.3766666666667 300
5553 -789.3766666666667 300
5554 -789.31 300
5555 -789.3333333333334 300
5556 -789.3433333333334 300
5557 -789.3966666666666 300
5558 -789.4133333333333 300
5559 -789.4166666666666 300
5560 -789.43 300
5561 -789.48 300
5562 -789.5266666666666 300
5563 -789.53 300
5564 -788.84 300
5565 -788.8566666666667 300
5566 -788.8666666666667 300
5567 -788.8633333333333 300
5568 -788.9066666666666 300
5569 -788.9066666666666 300
5570 -788.91 300
5571 -788.9133333333333 300
5572 -788.92 300
5573 -788.9233333333333 300
5574 -788.93 300
5575 -788.9333333333333 300
5576 -788.9333333333333 300
5577 -788.94 300
5578 -788.9366666666666 300
5579 -788.9633333333334 300
5580 -788.97 300
5581 -788.9766666666667 300
5582 -788.9766666666667 300
5583 -788.98 300
5584 -788.9766666666667 300
5585 -788.9733333333334 300
5586 -788.9766666666667 300
5587 -788.9733333333334 300
5588 -788.98 300
5589 -788.98 300
5590 -789.0133333333333 300
5591 -789.03 300
5592 -788.9566666666667 300
5593 -788.8033333333333 300
5594 -788.82 300
5595 -788.83 300
5596 -788.8433333333334 300
5597 -788.8466666666667 300
5598 -788.8533333333334 300
5599 -788.86 300
5600 -788.8966666666666 300
5601 -788.9066666666666 300
5602 -788.9133333333333 300
5603 -788.9133333333333 300
5604 -788.9 300
5605 -788.8966666666666 300
5606 -788.8933333333333 300
5607 -788.94 300
5608 -788.96 300
5609 -788.8666666666667 300
5610 -788.8766666666667 300
5611 -788.89 300
5612 -788.91 300
5613 -788.99 300
5614 -788.9733333333334 300
5615 -788.9733333333334 300
5616 -788.9766666666667 300
5617 -788.98 300
5618 -788.9866666666667 300
5619 -788.9866666666667 300
5620 -788.9933333333333 300
5621 -788.9933333333333 300
5622 -789.0 300
5623 -789.01 300
5624 -789.0133333333333 300
5625 -789.04 300
5626 -789.03 300
5627 -788.9366666666666 300
5628 -788.9466666666667 300
5629 -788.95 300
5630 -788.9533333333334 300
5631 -789.0 300
5632 -789.0133333333333 300
5633 -789.0133333333333 300
5634 -789.02 300
5635 -789.0733333333334 300
5636 -789.0866666666667 300
5637 -789.09 300
5638 -788.98 300
5639 -788.9866666666667 300
5640 -789.0 300
5641 -789.01 300
5642 -788.8033333333333 300
5643 -788.5233333333333 300
5644 -788.5333333333333 300
5645 -788.5333333333333 300
5646 -788.5833333333334 300
5647 -788.59 300
5648 -788.4666666666667 300
5649 -788.42 300
5650 -788.4233333333333 300
5651 -788.43 300
5652 -788.3933333333333 300
5653 -788.2733333333333 300
5654 -787.9133333333333 300
5655 -787.3133333333334 300
5656 -788.6466666666666 300
5657 -788.8966666666666 300
5658 -789.11 300
5659 -789.1066666666667 300
5660 -789.33 300
5661 -789.4666666666667 300
5662 -789.4566666666667 300
5663 -789.4466666666667 300
5664 -789.4733333333334 300
5665 -789.4733333333334 300
5666 -789.4733333333334 300
5667 -789.5166666666667 300
5668 -789.5166666666667 300
5669 -789.38 300
5670 -789.42 300
5671 -789.42 300
5672 -789.42 300
5673 -789.42 300
5674 -789.42 300
5675 -789.5066666666667 300
5676 -789.5066666666667 300
5677 -789.5066666666667 300
5678 -789.5066666666667 300
5679 -789.5066666666667 300
5680 -789.51 300
5681 -789.34 300
5682 -789.34 300
5683 -789.3433333333334 300
5684 -789.25 300
5685 -789.1533333333333 300
5686 -789.0433333333333 300
5687 -788.6566666666666 300
5688 -787.4 300
5689 -785.66 300
5690 -784.6466666666666 300
5691 -784.4533333333334 300
5692 -784.4533333333334 300
5693 -784.3566666666667 300
5694 -784.26 300
5695 -784.26 300
5696 -784.3566666666667 300
5697 -784.26 300
5698 -784.0666666666667 300
5699 -783.97 300
5700 -783.97 300
5701 -783.97 300
5702 -783.7766666666666 300
5703 -783.3366666666667 300
5704 -783.2266666666667 300
5705 -783.13 300
5706 -778.63 300
5707 -771.96 300
5708 -769.2 300
5709 -768.3466666666667 300
5710 -768.54 300
5711 -768.6366666666667 300
5712 -768.9266666666666 300
5713 -769.1633333333333 300
5714 -769.4966666666667 300
5715 -769.7333333333333 300
5716 -769.97 300
5717 -770.6266666666667 300
5718 -772.08 300
5719 -773.5333333333333 300
5720 -775.52 300
5721 -778.3066666666666 300
5722 -781.0566666666666 300
5723 -780.64 300
5724 -780.6533333333333 300
5725 -781.7966666666666 300
5726 -783.8233333333334 300
5727 -781.6 300
5728 -774.7 300
5729 -765.7966666666666 300
5730 -765.84 300
5731 -764.24 300
5732 -764.3833333333333 300
5733 -764.6266666666667 300
5734 -764.63 300
5735 -764.78 300
5736 -764.8833333333333 300
5737 -764.9466666666667 300
5738 -765.1533333333333 300
5739 -765.39 300
5740 -765.53 300
5741 -765.97 300
5742 -766.1033333333334 300
5743 -766.24 300
5744 -766.2833333333333 300
5745 -766.47 300
5746 -766.6066666666667 300
5747 -766.9666666666667 300
5748 -767.2366666666667 300
5749 -767.3666666666667 300
5750 -768.15 300
5751 -768.4366666666666 300
5752 -768.9833333333333 300
5753 -767.96 300
5754 -768.3866666666667 300
5755 -768.5533333333333 300
5756 -768.81 300
5757 -768.8833333333333 300
5758 -769.2133333333334 300
5759 -769.55 300
5760 -769.6433333333333 300
5761 -769.9766666666667 300
5762 -770.2233333333334 300
5763 -770.5566666666666 300
5764 -771.0233333333333 300
5765 -771.3566666666667 300
5766 -773.05 300
5767 -775.6633333333333 300
5768 -775.0066666666667 300
5769 -775.15 300
5770 -775.3466666666667 300
5771 -775.4533333333334 300
5772 -775.6033333333334 300
5773 -775.8 300
5774 -775.8233333333334 300
5775 -776.0066666666667 300
5776 -776.0433333333333 300
5777 -776.1333333333333 300
5778 -776.3766666666667 300
5779 -776.4766666666667 300
5780 -776.6066666666667 300
5781 -776.6366666666667 300
5782 -776.2833333333333 300
5783 -775.5966666666667 300
5784 -774.95 300
5785 -774.2633333333333 300
5786 -773.48 300
5787 -772.9833333333333 300
5788 -772.83 300
5789 -773.0 300
5790 -773.0666666666667 300
5791 -773.07 300
5792 -773.3033333333333 300
5793 -774.3433333333334 300
5794 -772.2966666666666 300
5795 -770.6433333333333 300
5796 -770.93 300
5797 -771.17 300
5798 -771.4566666666667 300
5799 -772.9233333333333 300
5800 -774.8166666666667 300
5801 -777.4066666666666 300
5802 -777.25 300
5803 -776.77 300
5804 -777.0766666666667 300
5805 -777.2466666666667 300
5806 -776.8933333333333 300
5807 -774.7 300
5808 -773.36 300
5809 -774.83 300
5810 -776.35 300
5811 -777.3 300
5812 -779.6733333333333 300
5813 -775.5433333333333 300
5814 -774.0066666666667 300
5815 -774.2266666666667 300
5816 -774.5 300
5817 -776.7766666666666 300
5818 -780.1933333333334 300
5819 -782.67 300
5820 -784.2166666666667 300
5821 -783.8366666666667 300
5822 -785.1533333333333 300
5823 -784.9166666666666 300
5824 -784.6766666666666 300
5825 -785.41 300
5826 -785.2733333333333 300
5827 -785.0333333333333 300
5828 -782.4466666666667 300
5829 -778.6833333333333 300
5830 -772.0966666666667 300
5831 -768.0966666666667 300
5832 -766.3033333333333 300
5833 -766.5333333333333 300
5834 -766.96 300
5835 -767.7433333333333 300
5836 -768.8233333333334 300
5837 -769.33 300
5838 -767.71 300
5839 -769.1466666666666 300
5840 -772.1 300
5841 -770.61 300
5842 -773.5866666666667 300
5843 -773.25 300
5844 -772.9333333333333 300
5845 -771.83 300
5846 -770.7666666666667 300
5847 -772.5466666666666 300
5848 -771.1666666666666 300
5849 -771.1966666666667 300
5850 -771.8866666666667 300
5851 -772.44 300
5852 -773.1266666666667 300
5853 -773.6266666666667 300
5854 -773.3466666666667 300
5855 -773.9533333333334 300
5856 -773.82 300
5857 -773.7766666666666 300
5858 -773.6866666666666 300
5859 -773.6033333333334 300
5860 -773.56 300
5861 -773.5633333333334 300
5862 -773.52 300
5863 -774.5533333333333 300
5864 -774.55 300
5865 -774.6233333333333 300
5866 -774.6266666666667 300
5867 -774.63 300
5868 -774.6333333333333 300
5869 -774.6366666666667 300
5870 -774.6366666666667 300
5871 -774.6333333333333 300
5872 -774.63 300
5873 -774.6166666666667 300
5874 -774.6166666666667 300
5875 -774.61 300
5876 -774.71 300
5877 -774.7066666666667 300
5878 -774.6966666666667 300
5879 -774.6866666666666 300
5880 -774.7466666666667 300
5881 -774.8633333333333 300
5882 -774.6466666666666 300
5883 -774.36 300
5884 -774.37 300
5885 -774.3833333333333 300
5886 -774.1666666666666 300
5887 -774.1666666666666 300
5888 -774.1666666666666 300
5889 -774.1666666666666 300
5890 -774.1666666666666 300
5891 -774.1666666666666 300
5892 -774.1666666666666 300
5893 -774.0166666666667 300
5894 -774.0166666666667 300
5895 -774.0166666666667 300
5896 -774.0166666666667 300
5897 -774.0166666666667 300
5898 -774.0166666666667 300
5899 -774.0166666666667 300
5900 -774.0166666666667 300
5901 -774.0166666666667 300
5902 -774.0166666666667 300
5903 -774.0166666666667 300
5904 -774.0166666666667 300
5905 -774.0166666666667 300
5906 -774.0166666666667 300
5907 -774.0166666666667 300
5908 -774.0166666666667 300
5909 -774.0166666666667 300
5910 -774.0166666666667 300
5911 -774.0166666666667 300
5912 -774.0166666666667 300
5913 -774.0166666666667 300
5914 -774.0166666666667 300
5915 -774.0166666666667 300
5916 -774.0166666666667 300
5917 -774.0166666666667 300
5918 -774.0166666666667 300
5919 -774.0166666666667 300
5920 -774.0633333333334 300
5921 -774.0633333333334 300
5922 -774.0633333333334 300
5923 -774.0633333333334 300
5924 -774.0633333333334 300
5925 -774.0633333333334 300
5926 -774.0633333333334 300
5927 -774.0633333333334 300
5928 -774.0633333333334 300
5929 -774.02 300
5930 -774.02 300
5931 -774.02 300
5932 -774.02 300
5933 -774.02 300
5934 -774.0166666666667 300
5935 -774.06 300
5936 -774.06 300
5937 -774.06 300
5938 -774.0466666666666 300
5939 -774.0433333333333 300
5940 -774.04 300
5941 -774.0366666666666 300
5942 -774.0333333333333 300
5943 -774.03 300
5944 -774.02 300
5945 -774.0133333333333 300
5946 -774.0066666666667 300
5947 -773.9966666666667 300
5948 -774.0133333333333 300
5949 -773.96 300
5950 -773.8366666666667 300
5951 -773.8333333333334 300
5952 -773.8266666666667 300
5953 -773.8266666666667 300
5954 -773.8433333333334 300
5955 -773.84 300
5956 -773.84 300
5957 -773.83 300
5958 -774.0066666666667 300
5959 -774.0 300
5960 -773.99 300
5961 -773.98 300
5962 -773.9633333333334 300
5963 -773.9533333333334 300
5964 -773.9433333333334 300
5965 -773.9333333333333 300
5966 -773.9133333333333 300
5967 -773.8933333333333 300
5968 -773.8733333333333 300
5969 -773.8533333333334 300
5970 -773.9433333333334 300
5971 -773.9433333333334 300
5972 -773.9466666666667 300
5973 -773.9366666666666 300
5974 -773.9266666666666 300
5975 -773.9166666666666 300
5976 -773.9066666666666 300
5977 -773.8966666666666 300
5978 -773.8866666666667 300
5979 -773.8766666666667 300
5980 -773.8666666666667 300
5981 -773.8566666666667 300
5982 -773.8233333333334 300
5983 -773.8266666666667 300
5984 -773.8266666666667 300
5985 -773.8166666666667 300
5986 -773.8066666666666 300
5987 -773.7966666666666 300
5988 -773.7866666666666 300
5989 -773.7766666666666 300
5990 -773.77 300
5991 -773.7633333333333 300
5992 -773.76 300
5993 -773.7566666666667 300
5994 -773.76 300
5995 -773.7633333333333 300
5996 -773.77 300
5997 -773.7766666666666 300
5998 -773.78 300
5999 -773.7833333333333 300
6000 -773.8 300
