885.0 -847.0 
885.0 -847.0 
860.0 -822.0 
845.0 -811.0 
850.0 -820.0 
860.0 -822.0 
846.0 -815.0 
880.0 -845.0 
839.0 -805.0 
829.0 -792.0 
830.0 -796.0 
839.0 -805.0 
846.0 -815.0 
850.0 -820.0 
880.0 -845.0 
830.0 -796.0 
833.0 -799.0 
870.0 -836.0 
833.0 -799.0 
870.0 -836.0 
829.0 -792.0 
835.0 -801.0 
838.0 -804.0 
837.0 -803.0 
836.0 -802.0 
838.0 -804.0 
834.0 -800.0 
836.0 -802.0 
837.0 -803.0 
834.0 -800.0 
835.0 -801.0 
885.0 -847.0 
860.0 -822.0 
839.0 -805.0 
846.0 -815.0 
850.0 -820.0 
830.0 -796.0 
833.0 -799.0 
870.0 -836.0 
829.0 -792.0 
836.0 -802.0 
837.0 -803.0 
834.0 -800.0 
835.0 -801.0 
885.0 -847.0 
860.0 -822.0 
839.0 -805.0 
846.0 -815.0 
850.0 -820.0 
830.0 -796.0 
833.0 -799.0 
870.0 -836.0 
829.0 -792.0 
834.0 -800.0 
837.0 -803.0 
835.0 -801.0 
836.0 -802.0 
885.0 -847.0 
860.0 -822.0 
839.0 -805.0 
846.0 -815.0 
850.0 -820.0 
830.0 -796.0 
833.0 -799.0 
870.0 -836.0 
829.0 -792.0 
837.0 -803.0 
836.0 -802.0 
835.0 -801.0 
834.0 -800.0 
885.0 -847.0 
860.0 -822.0 
839.0 -805.0 
846.0 -815.0 
850.0 -820.0 
833.0 -799.0 
830.0 -796.0 
870.0 -836.0 
829.0 -792.0 
835.0 -801.0 
837.0 -803.0 
836.0 -802.0 
885.0 -847.0 
860.0 -822.0 
839.0 -805.0 
846.0 -815.0 
850.0 -820.0 
833.0 -799.0 
830.0 -796.0 
870.0 -836.0 
829.0 -792.0 
835.0 -801.0 
837.0 -803.0 
860.0 -822.0 
839.0 -805.0 
846.0 -815.0 
850.0 -820.0 
833.0 -799.0 
830.0 -796.0 
870.0 -836.0 
829.0 -792.0 
835.0 -801.0 
860.0 -822.0 
839.0 -805.0 
846.0 -815.0 
850.0 -820.0 
833.0 -799.0 
830.0 -796.0 
870.0 -836.0 
829.0 -792.0 
835.0 -801.0 
860.0 -822.0 
839.0 -805.0 
846.0 -815.0 
850.0 -820.0 
833.0 -799.0 
830.0 -796.0 
870.0 -836.0 
829.0 -792.0 
835.0 -801.0 
860.0 -822.0 
839.0 -805.0 
846.0 -815.0 
850.0 -820.0 
833.0 -799.0 
830.0 -796.0 
870.0 -836.0 
829.0 -792.0 
835.0 -801.0 
860.0 -822.0 
846.0 -815.0 
830.0 -796.0 
870.0 -836.0 
829.0 -792.0 
835.0 -801.0 
860.0 -822.0 
846.0 -815.0 
830.0 -796.0 
870.0 -836.0 
829.0 -792.0 
835.0 -801.0 
860.0 -822.0 
846.0 -815.0 
830.0 -796.0 
870.0 -836.0 
829.0 -792.0 
835.0 -801.0 
860.0 -822.0 
846.0 -815.0 
830.0 -796.0 
870.0 -836.0 
829.0 -792.0 
835.0 -801.0 
860.0 -822.0 
846.0 -815.0 
830.0 -796.0 
870.0 -836.0 
835.0 -801.0 
829.0 -792.0 
860.0 -822.0 
846.0 -815.0 
830.0 -796.0 
835.0 -801.0 
870.0 -836.0 
829.0 -792.0 
860.0 -822.0 
846.0 -815.0 
829.0 -792.0 
830.0 -796.0 
870.0 -836.0 
835.0 -801.0 
860.0 -822.0 
846.0 -815.0 
829.0 -792.0 
830.0 -796.0 
870.0 -836.0 
835.0 -801.0 
860.0 -822.0 
846.0 -815.0 
829.0 -792.0 
830.0 -796.0 
870.0 -836.0 
835.0 -801.0 
836.0 -802.0 
870.0 -836.0 
846.0 -815.0 
846.0 -815.0 
835.0 -801.0 
835.0 -801.0 
830.0 -796.0 
829.0 -792.0 
850.0 -820.0 
850.0 -820.0 
829.0 -792.0 
830.0 -796.0 
837.0 -803.0 
835.0 -801.0 
830.0 -796.0 
829.0 -792.0 
872.0 -843.0 
836.0 -802.0 
829.0 -792.0 
870.0 -836.0 
829.0 -792.0 
829.0 -792.0 
830.0 -796.0 
846.0 -815.0 
839.0 -805.0 
850.0 -820.0 
860.0 -822.0 
833.0 -799.0 
830.0 -796.0 
835.0 -801.0 
870.0 -836.0 
830.0 -796.0 
835.0 -801.0 
836.0 -802.0 
835.0 -801.0 
860.0 -822.0 
860.0 -822.0 
846.0 -815.0 
870.0 -836.0 
870.0 -836.0 
846.0 -815.0 
850.0 -820.0 
846.0 -815.0 
846.0 -815.0 
833.0 -799.0 
830.0 -796.0 
860.0 -822.0 
860.0 -822.0 
870.0 -836.0 
870.0 -836.0 
835.0 -801.0 
829.0 -792.0 
839.0 -805.0 
836.0 -802.0 
846.0 -815.0 
870.0 -836.0 
836.0 -802.0 
846.0 -815.0 
829.0 -792.0 
867.0 -831.0 
833.0 -799.0 
845.0 -811.0 
870.0 -836.0 
834.0 -800.0 
835.0 -801.0 
833.0 -799.0 
829.0 -792.0 
825.0 -790.0 
830.0 -796.0 
830.0 -796.0 
835.0 -801.0 
835.0 -801.0 
872.0 -843.0 
870.0 -836.0 
830.0 -796.0 
860.0 -822.0 
846.0 -815.0 
830.0 -796.0 
829.0 -792.0 
829.0 -792.0 
860.0 -822.0 
830.0 -796.0 
829.0 -792.0 
846.0 -815.0 
870.0 -836.0 
837.0 -803.0 
850.0 -820.0 
830.0 -796.0 
830.0 -796.0 
870.0 -836.0 
870.0 -836.0 
835.0 -801.0 
835.0 -801.0 
835.0 -801.0 
829.0 -792.0 
870.0 -836.0 
846.0 -815.0 
830.0 -796.0 
835.0 -801.0 
835.0 -801.0 
833.0 -799.0 
833.0 -799.0 
850.0 -820.0 
880.0 -845.0 
829.0 -792.0 
835.0 -801.0 
868.0 -834.0 
829.0 -792.0 
850.0 -820.0 
