832.0 -800.0 
897.0 -877.0 
832.0 -800.0 
897.0 -877.0 
856.0 -823.0 
857.0 -857.0 
896.0 -876.0 
877.0 -875.0 
846.0 -810.0 
850.0 -818.0 
842.0 -807.0 
863.0 -869.0 
869.0 -870.0 
855.0 -820.0 
862.0 -864.0 
837.0 -805.0 
850.0 -818.0 
872.0 -872.0 
857.0 -857.0 
858.0 -861.0 
872.0 -872.0 
875.0 -873.0 
845.0 -809.0 
869.0 -870.0 
837.0 -805.0 
834.0 -801.0 
835.0 -803.0 
856.0 -823.0 
861.0 -863.0 
859.0 -862.0 
835.0 -803.0 
845.0 -809.0 
855.0 -820.0 
877.0 -875.0 
863.0 -869.0 
858.0 -861.0 
859.0 -862.0 
876.0 -874.0 
896.0 -876.0 
876.0 -874.0 
834.0 -801.0 
875.0 -873.0 
861.0 -863.0 
832.0 -800.0 
897.0 -877.0 
857.0 -857.0 
872.0 -872.0 
869.0 -870.0 
837.0 -805.0 
856.0 -823.0 
861.0 -863.0 
835.0 -803.0 
855.0 -820.0 
877.0 -875.0 
858.0 -861.0 
859.0 -862.0 
834.0 -801.0 
876.0 -874.0 
875.0 -873.0 
832.0 -800.0 
897.0 -877.0 
857.0 -857.0 
872.0 -872.0 
869.0 -870.0 
837.0 -805.0 
856.0 -823.0 
861.0 -863.0 
835.0 -803.0 
855.0 -820.0 
877.0 -875.0 
858.0 -861.0 
859.0 -862.0 
834.0 -801.0 
875.0 -873.0 
876.0 -874.0 
832.0 -800.0 
897.0 -877.0 
857.0 -857.0 
872.0 -872.0 
869.0 -870.0 
856.0 -823.0 
837.0 -805.0 
861.0 -863.0 
835.0 -803.0 
855.0 -820.0 
877.0 -875.0 
858.0 -861.0 
859.0 -862.0 
876.0 -874.0 
834.0 -801.0 
875.0 -873.0 
832.0 -800.0 
897.0 -877.0 
857.0 -857.0 
869.0 -870.0 
856.0 -823.0 
837.0 -805.0 
861.0 -863.0 
835.0 -803.0 
855.0 -820.0 
877.0 -875.0 
858.0 -861.0 
859.0 -862.0 
834.0 -801.0 
876.0 -874.0 
875.0 -873.0 
832.0 -800.0 
897.0 -877.0 
857.0 -857.0 
869.0 -870.0 
856.0 -823.0 
837.0 -805.0 
861.0 -863.0 
835.0 -803.0 
855.0 -820.0 
877.0 -875.0 
858.0 -861.0 
859.0 -862.0 
876.0 -874.0 
834.0 -801.0 
875.0 -873.0 
897.0 -877.0 
832.0 -800.0 
857.0 -857.0 
869.0 -870.0 
856.0 -823.0 
837.0 -805.0 
861.0 -863.0 
835.0 -803.0 
855.0 -820.0 
877.0 -875.0 
858.0 -861.0 
859.0 -862.0 
876.0 -874.0 
834.0 -801.0 
875.0 -873.0 
897.0 -877.0 
832.0 -800.0 
857.0 -857.0 
869.0 -870.0 
856.0 -823.0 
837.0 -805.0 
861.0 -863.0 
877.0 -875.0 
835.0 -803.0 
855.0 -820.0 
859.0 -862.0 
858.0 -861.0 
834.0 -801.0 
875.0 -873.0 
897.0 -877.0 
832.0 -800.0 
869.0 -870.0 
857.0 -857.0 
856.0 -823.0 
875.0 -873.0 
837.0 -805.0 
861.0 -863.0 
877.0 -875.0 
835.0 -803.0 
855.0 -820.0 
858.0 -861.0 
834.0 -801.0 
897.0 -877.0 
832.0 -800.0 
869.0 -870.0 
857.0 -857.0 
856.0 -823.0 
875.0 -873.0 
837.0 -805.0 
861.0 -863.0 
877.0 -875.0 
835.0 -803.0 
855.0 -820.0 
858.0 -861.0 
834.0 -801.0 
832.0 -800.0 
897.0 -877.0 
869.0 -870.0 
875.0 -873.0 
857.0 -857.0 
877.0 -875.0 
856.0 -823.0 
837.0 -805.0 
861.0 -863.0 
835.0 -803.0 
855.0 -820.0 
858.0 -861.0 
834.0 -801.0 
897.0 -877.0 
832.0 -800.0 
869.0 -870.0 
875.0 -873.0 
857.0 -857.0 
877.0 -875.0 
856.0 -823.0 
837.0 -805.0 
861.0 -863.0 
835.0 -803.0 
855.0 -820.0 
858.0 -861.0 
834.0 -801.0 
832.0 -800.0 
897.0 -877.0 
869.0 -870.0 
875.0 -873.0 
857.0 -857.0 
877.0 -875.0 
856.0 -823.0 
837.0 -805.0 
861.0 -863.0 
835.0 -803.0 
855.0 -820.0 
858.0 -861.0 
834.0 -801.0 
897.0 -877.0 
832.0 -800.0 
869.0 -870.0 
875.0 -873.0 
857.0 -857.0 
877.0 -875.0 
856.0 -823.0 
837.0 -805.0 
861.0 -863.0 
835.0 -803.0 
855.0 -820.0 
834.0 -801.0 
897.0 -877.0 
832.0 -800.0 
869.0 -870.0 
875.0 -873.0 
857.0 -857.0 
877.0 -875.0 
856.0 -823.0 
837.0 -805.0 
861.0 -863.0 
835.0 -803.0 
855.0 -820.0 
834.0 -801.0 
897.0 -877.0 
832.0 -800.0 
869.0 -870.0 
875.0 -873.0 
856.0 -823.0 
837.0 -805.0 
835.0 -803.0 
861.0 -863.0 
855.0 -820.0 
857.0 -857.0 
834.0 -801.0 
897.0 -877.0 
832.0 -800.0 
869.0 -870.0 
875.0 -873.0 
856.0 -823.0 
837.0 -805.0 
835.0 -803.0 
861.0 -863.0 
855.0 -820.0 
857.0 -857.0 
834.0 -801.0 
832.0 -800.0 
897.0 -877.0 
869.0 -870.0 
875.0 -873.0 
856.0 -823.0 
837.0 -805.0 
835.0 -803.0 
861.0 -863.0 
855.0 -820.0 
857.0 -857.0 
832.0 -800.0 
897.0 -877.0 
875.0 -873.0 
869.0 -870.0 
856.0 -823.0 
837.0 -805.0 
835.0 -803.0 
861.0 -863.0 
855.0 -820.0 
857.0 -857.0 
897.0 -877.0 
832.0 -800.0 
875.0 -873.0 
856.0 -823.0 
837.0 -805.0 
835.0 -803.0 
861.0 -863.0 
855.0 -820.0 
857.0 -857.0 
832.0 -800.0 
897.0 -877.0 
875.0 -873.0 
837.0 -805.0 
835.0 -803.0 
861.0 -863.0 
855.0 -820.0 
857.0 -857.0 
897.0 -877.0 
832.0 -800.0 
