292 -974.39 300
293 -975.5166666666667 300
294 -977.72 300
295 -981.6633333333333 300
296 -984.0366666666666 300
297 -982.2266666666667 300
298 -982.4 300
299 -984.9266666666666 300
300 -985.54 300
301 -984.5066666666667 300
302 -984.4366666666666 300
303 -986.95 300
304 -987.21 300
305 -986.8966666666666 300
306 -986.55 300
307 -985.6766666666666 300
308 -984.93 300
309 -985.4366666666666 300
310 -986.17 300
311 -986.09 300
312 -984.67 300
313 -982.4433333333334 300
314 -978.1333333333333 300
315 -983.1766666666666 300
316 -979.7333333333333 300
317 -975.08 300
318 -968.07 300
319 -968.34 300
320 -963.18 300
321 -963.59 300
322 -963.6266666666667 300
323 -964.18 300
324 -964.1133333333333 300
325 -963.8933333333333 300
326 -961.2333333333333 300
327 -958.6366666666667 300
328 -957.0133333333333 300
329 -957.49 300
330 -957.1433333333333 300
331 -956.6133333333333 300
332 -957.48 300
333 -957.27 300
334 -956.8333333333334 300
335 -956.1766666666666 300
336 -954.35 300
337 -951.7633333333333 300
338 -947.5366666666666 300
339 -947.5733333333334 300
340 -947.6133333333333 300
341 -947.2733333333333 300
342 -946.6666666666666 300
343 -945.4033333333333 300
344 -941.2733333333333 300
345 -943.83 300
346 -944.91 300
347 -946.0866666666667 300
348 -946.5133333333333 300
349 -946.6 300
350 -946.72 300
351 -946.7733333333333 300
352 -946.74 300
353 -947.2766666666666 300
354 -947.3966666666666 300
355 -947.3933333333333 300
356 -947.7066666666667 300
357 -947.6633333333333 300
358 -947.7733333333333 300
359 -948.31 300
360 -948.7466666666667 300
361 -948.95 300
362 -948.6966666666667 300
363 -949.13 300
364 -949.07 300
365 -948.5566666666666 300
366 -950.2133333333334 300
367 -950.6533333333333 300
368 -948.8166666666667 300
369 -948.8 300
370 -948.6566666666666 300
371 -948.2466666666667 300
372 -947.7733333333333 300
373 -947.79 300
374 -946.6133333333333 300
375 -948.9766666666667 300
376 -949.6133333333333 300
377 -950.36 300
378 -950.6633333333333 300
379 -950.8 300
380 -951.3266666666667 300
381 -948.7266666666667 300
382 -948.92 300
383 -948.9266666666666 300
384 -948.79 300
385 -948.6733333333333 300
386 -948.5833333333334 300
387 -948.2033333333334 300
388 -947.1033333333334 300
389 -948.01 300
390 -948.2533333333333 300
391 -947.2633333333333 300
392 -947.9633333333334 300
393 -945.8866666666667 300
394 -946.24 300
395 -946.27 300
396 -946.1266666666667 300
397 -945.6433333333333 300
398 -946.2533333333333 300
399 -945.9333333333333 300
400 -942.5533333333333 300
401 -941.14 300
402 -937.9033333333333 300
403 -936.98 300
404 -937.7866666666666 300
405 -938.1033333333334 300
406 -938.9233333333333 300
407 -939.8466666666667 300
408 -938.1966666666667 300
409 -938.8466666666667 300
410 -939.75 300
411 -937.82 300
412 -936.8266666666667 300
413 -933.6033333333334 300
414 -924.09 300
415 -920.7466666666667 300
416 -920.6533333333333 300
417 -920.6433333333333 300
418 -920.62 300
419 -920.5966666666667 300
420 -920.2566666666667 300
421 -919.6433333333333 300
422 -918.7333333333333 300
423 -917.2933333333333 300
424 -915.16 300
425 -910.3333333333334 300
426 -901.6133333333333 300
427 -902.9533333333334 300
428 -897.7733333333333 300
429 -897.7233333333334 300
430 -898.3966666666666 300
431 -895.4433333333334 300
432 -896.0266666666666 300
433 -896.85 300
434 -898.3333333333334 300
435 -898.45 300
436 -900.5533333333333 300
437 -903.5066666666667 300
438 -903.53 300
439 -902.8033333333333 300
440 -901.12 300
441 -898.03 300
442 -893.3933333333333 300
443 -894.78 300
444 -895.2166666666667 300
445 -891.0233333333333 300
446 -890.2466666666667 300
447 -890.02 300
448 -892.96 300
449 -891.57 300
450 -888.9366666666666 300
451 -888.0566666666666 300
452 -886.38 300
453 -883.7733333333333 300
454 -883.28 300
455 -878.8633333333333 300
456 -878.8733333333333 300
457 -878.8533333333334 300
458 -878.8166666666667 300
459 -878.76 300
460 -877.4 300
461 -877.3833333333333 300
462 -876.63 300
463 -876.63 300
464 -876.5866666666667 300
465 -876.5866666666667 300
466 -876.1533333333333 300
467 -876.15 300
468 -876.15 300
469 -876.0933333333334 300
470 -876.09 300
471 -876.01 300
472 -876.0233333333333 300
473 -876.0833333333334 300
474 -876.1 300
475 -876.1433333333333 300
476 -876.1866666666666 300
477 -876.2966666666666 300
478 -876.6133333333333 300
479 -877.1966666666667 300
480 -877.7433333333333 300
481 -878.1233333333333 300
482 -878.8033333333333 300
483 -881.3 300
484 -884.7066666666667 300
485 -886.7766666666666 300
486 -884.4533333333334 300
487 -885.0133333333333 300
488 -886.1033333333334 300
489 -885.2833333333333 300
490 -889.46 300
491 -879.5066666666667 300
492 -882.5633333333334 300
493 -886.29 300
494 -889.22 300
495 -883.8333333333334 300
496 -882.29 300
497 -880.7933333333333 300
498 -876.1966666666667 300
499 -870.2933333333333 300
500 -862.9666666666667 300
501 -863.22 300
502 -863.6933333333334 300
503 -864.1233333333333 300
504 -864.79 300
505 -865.5333333333333 300
506 -866.9366666666666 300
507 -868.8966666666666 300
508 -870.48 300
509 -871.08 300
510 -872.98 300
511 -871.89 300
512 -871.8933333333333 300
513 -872.95 300
514 -871.9866666666667 300
515 -870.3066666666666 300
516 -867.55 300
517 -861.3566666666667 300
518 -864.3766666666667 300
519 -866.5033333333333 300
520 -870.5166666666667 300
521 -870.3266666666667 300
522 -867.99 300
523 -866.4166666666666 300
524 -861.6033333333334 300
525 -858.8466666666667 300
526 -857.1166666666667 300
527 -856.7 300
528 -856.63 300
529 -856.2333333333333 300
530 -859.1966666666667 300
531 -859.3033333333333 300
532 -856.0366666666666 300
533 -853.8233333333334 300
534 -851.84 300
535 -850.8 300
536 -849.0866666666667 300
537 -850.59 300
538 -851.6966666666667 300
539 -850.9333333333333 300
540 -849.49 300
541 -848.87 300
542 -843.79 300
543 -840.2166666666667 300
544 -834.33 300
545 -829.3466666666667 300
546 -824.77 300
547 -824.77 300
548 -824.8133333333334 300
549 -824.91 300
550 -825.0666666666667 300
551 -825.07 300
552 -825.0266666666666 300
553 -825.19 300
554 -825.1033333333334 300
555 -824.98 300
556 -825.0033333333333 300
557 -825.0933333333334 300
558 -825.1966666666667 300
559 -825.1266666666667 300
560 -825.4833333333333 300
561 -825.6333333333333 300
562 -825.9766666666667 300
563 -826.0466666666666 300
564 -825.8333333333334 300
565 -825.06 300
566 -824.0266666666666 300
567 -822.1966666666667 300
568 -824.3966666666666 300
569 -823.7066666666667 300
570 -823.6 300
571 -823.22 300
572 -822.9366666666666 300
573 -822.7633333333333 300
574 -822.1066666666667 300
575 -820.0766666666667 300
576 -816.9966666666667 300
577 -818.4733333333334 300
578 -819.7233333333334 300
579 -818.5033333333333 300
580 -814.7066666666667 300
581 -815.61 300
582 -815.0866666666667 300
583 -814.93 300
584 -814.7466666666667 300
585 -814.9266666666666 300
586 -815.7633333333333 300
587 -814.2166666666667 300
588 -811.7033333333334 300
589 -811.98 300
590 -812.11 300
591 -812.1133333333333 300
592 -812.2 300
593 -811.2566666666667 300
594 -811.01 300
595 -810.8366666666667 300
596 -810.84 300
597 -810.3766666666667 300
598 -810.46 300
599 -809.1866666666666 300
600 -809.13 300
601 -809.1433333333333 300
602 -809.11 300
603 -809.0633333333334 300
604 -808.94 300
605 -809.1966666666667 300
606 -809.2833333333333 300
607 -809.2333333333333 300
608 -809.1833333333333 300
609 -809.2133333333334 300
610 -809.06 300
611 -809.03 300
612 -808.8466666666667 300
613 -808.8533333333334 300
614 -808.85 300
615 -808.85 300
616 -808.85 300
617 -808.8466666666667 300
618 -808.8266666666667 300
619 -808.83 300
620 -808.83 300
621 -808.8333333333334 300
622 -808.8333333333334 300
623 -808.84 300
624 -808.8366666666667 300
625 -808.8366666666667 300
626 -808.77 300
627 -808.5033333333333 300
628 -808.2366666666667 300
629 -808.2433333333333 300
630 -808.2533333333333 300
631 -808.2666666666667 300
632 -808.27 300
633 -808.2766666666666 300
634 -808.0633333333334 300
635 -808.0633333333334 300
636 -808.03 300
637 -807.8633333333333 300
638 -808.04 300
639 -807.9966666666667 300
640 -808.0466666666666 300
641 -808.0033333333333 300
642 -807.95 300
643 -807.82 300
644 -807.7766666666666 300
645 -807.99 300
646 -807.9166666666666 300
647 -807.9533333333334 300
648 -807.9066666666666 300
649 -807.7766666666666 300
650 -807.5166666666667 300
651 -807.2566666666667 300
652 -806.52 300
653 -805.1666666666666 300
654 -803.44 300
655 -801.93 300
656 -803.57 300
657 -805.04 300
658 -802.77 300
659 -799.54 300
660 -799.2033333333334 300
661 -800.2466666666667 300
662 -801.4833333333333 300
663 -804.3766666666667 300
664 -804.5766666666667 300
665 -804.49 300
666 -804.4466666666667 300
667 -804.4033333333333 300
668 -804.36 300
669 -804.36 300
670 -803.4933333333333 300
671 -803.3633333333333 300
672 -803.32 300
673 -803.2333333333333 300
674 -803.1033333333334 300
675 -803.2766666666666 300
676 -803.1466666666666 300
677 -803.1466666666666 300
678 -802.93 300
679 -802.7133333333334 300
680 -803.0166666666667 300
681 -802.93 300
682 -804.1 300
683 -803.9266666666666 300
684 -803.7533333333333 300
685 -805.67 300
686 -806.8833333333333 300
687 -806.84 300
688 -806.71 300
689 -807.8266666666667 300
690 -807.6966666666667 300
691 -807.4866666666667 300
692 -807.0966666666667 300
693 -806.32 300
694 -804.9333333333333 300
695 -802.3333333333334 300
696 -798.4766666666667 300
697 -797.3466666666667 300
698 -794.48 300
699 -794.48 300
700 -794.3933333333333 300
701 -794.3066666666666 300
702 -794.22 300
703 -794.1333333333333 300
704 -793.5266666666666 300
705 -792.6166666666667 300
706 -793.7 300
707 -794.6966666666667 300
708 -794.5633333333334 300
709 -794.43 300
710 -794.3 300
711 -794.1733333333333 300
712 -793.9633333333334 300
713 -793.1833333333333 300
714 -792.1866666666666 300
715 -791.5366666666666 300
716 -793.6633333333333 300
717 -792.9233333333333 300
718 -791.32 300
719 -788.5033333333333 300
720 -789.1966666666667 300
721 -790.15 300
722 -791.5466666666666 300
723 -793.4966666666667 300
724 -795.0066666666667 300
725 -795.05 300
726 -795.1366666666667 300
727 -795.1366666666667 300
728 -795.1366666666667 300
729 -795.18 300
730 -795.18 300
731 -795.18 300
732 -795.18 300
733 -795.18 300
734 -795.22 300
735 -795.2233333333334 300
736 -795.0433333333333 300
737 -795.0866666666667 300
738 -795.13 300
739 -795.13 300
740 -795.0866666666667 300
741 -795.0866666666667 300
742 -795.13 300
743 -795.0866666666667 300
744 -795.0866666666667 300
745 -795.0066666666667 300
746 -795.0066666666667 300
747 -795.09 300
748 -795.09 300
749 -795.0866666666667 300
750 -795.0833333333334 300
751 -795.08 300
752 -795.07 300
753 -795.11 300
754 -795.0933333333334 300
755 -795.1 300
756 -795.0966666666667 300
757 -794.97 300
758 -794.8433333333334 300
759 -794.6766666666666 300
760 -794.2733333333333 300
761 -794.2766666666666 300
762 -794.2833333333333 300
763 -794.2866666666666 300
764 -794.2866666666666 300
765 -794.29 300
766 -794.2966666666666 300
767 -794.3 300
768 -794.2633333333333 300
769 -794.2666666666667 300
770 -794.27 300
771 -794.28 300
772 -794.28 300
773 -794.2933333333333 300
774 -794.32 300
775 -794.3533333333334 300
776 -794.3566666666667 300
777 -794.08 300
778 -794.0933333333334 300
779 -794.2466666666667 300
780 -794.8033333333333 300
781 -794.9833333333333 300
782 -795.2066666666667 300
783 -795.52 300
784 -795.3533333333334 300
785 -794.8566666666667 300
786 -794.62 300
787 -794.7766666666666 300
788 -794.5133333333333 300
789 -794.2233333333334 300
790 -794.4566666666667 300
791 -794.94 300
792 -795.4333333333333 300
793 -796.6 300
794 -797.6733333333333 300
795 -797.84 300
796 -798.86 300
797 -799.2933333333333 300
798 -799.7166666666667 300
799 -800.41 300
800 -800.62 300
801 -800.6233333333333 300
802 -801.3233333333334 300
803 -794.79 300
804 -794.79 300
805 -794.86 300
806 -794.9733333333334 300
807 -795.2966666666666 300
808 -795.44 300
809 -796.1866666666666 300
810 -796.7666666666667 300
811 -798.1933333333334 300
812 -798.38 300
813 -796.58 300
814 -796.63 300
815 -796.5766666666667 300
816 -796.6666666666666 300
817 -796.72 300
818 -797.0133333333333 300
819 -796.9733333333334 300
820 -797.05 300
821 -796.8333333333334 300
822 -797.0666666666667 300
823 -797.2333333333333 300
824 -797.2866666666666 300
825 -795.9333333333333 300
826 -795.9333333333333 300
827 -795.9766666666667 300
828 -796.0233333333333 300
829 -796.03 300
830 -796.1266666666667 300
831 -796.03 300
832 -795.72 300
833 -795.72 300
834 -795.6433333333333 300
835 -795.6033333333334 300
836 -795.6733333333333 300
837 -795.5666666666667 300
838 -795.1233333333333 300
839 -794.6933333333334 300
840 -794.7366666666667 300
841 -794.69 300
842 -794.5633333333334 300
843 -794.2433333333333 300
844 -793.7933333333333 300
845 -792.64 300
846 -790.68 300
847 -785.6033333333334 300
848 -785.1733333333333 300
849 -785.43 300
850 -784.21 300
851 -784.25 300
852 -784.3733333333333 300
853 -784.5033333333333 300
854 -784.6166666666667 300
855 -784.5633333333334 300
856 -784.7033333333334 300
857 -782.2433333333333 300
858 -782.24 300
859 -782.2833333333333 300
860 -782.33 300
861 -782.3333333333334 300
862 -782.2433333333333 300
863 -782.1066666666667 300
864 -782.0633333333334 300
865 -782.0633333333334 300
866 -782.2033333333334 300
867 -782.2033333333334 300
868 -782.3 300
869 -782.2333333333333 300
870 -782.23 300
871 -782.23 300
872 -782.1 300
873 -782.1 300
874 -782.1 300
875 -782.1 300
876 -782.0966666666667 300
877 -782.1366666666667 300
878 -782.0833333333334 300
879 -782.06 300
880 -782.06 300
881 -781.9733333333334 300
882 -782.1033333333334 300
883 -782.06 300
884 -781.9733333333334 300
885 -781.9133333333333 300
886 -781.87 300
887 -781.5666666666667 300
888 -781.3066666666666 300
889 -780.3533333333334 300
890 -778.7066666666667 300
891 -775.3366666666667 300
892 -774.1666666666666 300
893 -774.6 300
894 -775.21 300
895 -776.16 300
896 -776.77 300
897 -777.1966666666667 300
898 -775.7666666666667 300
899 -776.8 300
900 -774.5833333333334 300
901 -773.9333333333333 300
902 -774.7666666666667 300
903 -775.5366666666666 300
904 -776.0366666666666 300
905 -777.2266666666667 300
906 -777.9633333333334 300
907 -776.9966666666667 300
908 -774.3166666666667 300
909 -771.7333333333333 300
910 -771.1133333333333 300
911 -771.13 300
912 -769.8866666666667 300
913 -770.0 300
914 -770.1166666666667 300
915 -770.1833333333333 300
916 -770.1933333333334 300
917 -770.3133333333334 300
918 -770.06 300
919 -770.1133333333333 300
920 -769.9466666666667 300
921 -770.0166666666667 300
922 -769.8766666666667 300
923 -769.7933333333333 300
924 -768.3333333333334 300
925 -768.2533333333333 300
926 -768.0866666666667 300
927 -767.7566666666667 300
928 -767.4633333333334 300
929 -768.4666666666667 300
930 -768.5266666666666 300
931 -768.97 300
932 -769.1633333333333 300
933 -769.4633333333334 300
934 -769.92 300
935 -770.1166666666667 300
936 -770.3 300
937 -770.5233333333333 300
938 -770.5033333333333 300
939 -770.5133333333333 300
940 -770.34 300
941 -770.26 300
942 -770.18 300
943 -769.57 300
944 -768.2266666666667 300
945 -765.8966666666666 300
946 -765.5466666666666 300
947 -766.9666666666667 300
948 -769.51 300
949 -770.58 300
950 -770.5833333333334 300
951 -770.5866666666667 300
952 -770.4766666666667 300
953 -770.4766666666667 300
954 -770.5333333333333 300
955 -770.31 300
956 -770.28 300
957 -769.86 300
958 -769.4366666666666 300
959 -768.37 300
960 -766.11 300
961 -758.5733333333334 300
962 -758.69 300
963 -758.68 300
964 -758.7633333333333 300
965 -758.9133333333333 300
966 -758.8833333333333 300
967 -756.1633333333333 300
968 -756.1666666666666 300
969 -756.1666666666666 300
970 -756.2133333333334 300
971 -756.2133333333334 300
972 -756.26 300
973 -756.3033333333333 300
974 -756.4 300
975 -756.68 300
976 -756.9666666666667 300
977 -756.9 300
978 -755.52 300
979 -755.5166666666667 300
980 -755.5166666666667 300
981 -755.15 300
982 -755.1466666666666 300
983 -755.1433333333333 300
984 -755.14 300
985 -755.1366666666667 300
986 -755.1333333333333 300
987 -755.13 300
988 -755.1266666666667 300
989 -755.1233333333333 300
990 -755.12 300
991 -755.1166666666667 300
992 -755.0633333333334 300
993 -754.9133333333333 300
994 -754.7233333333334 300
995 -754.3466666666667 300
996 -754.3033333333333 300
997 -754.2633333333333 300
998 -754.2666666666667 300
999 -754.2233333333334 300
1000 -754.1866666666666 300
1001 -754.1466666666666 300
1002 -754.1066666666667 300
1003 -754.0666666666667 300
1004 -754.0266666666666 300
1005 -753.9866666666667 300
1006 -753.9466666666667 300
1007 -753.9033333333333 300
1008 -753.8633333333333 300
1009 -753.8233333333334 300
1010 -753.7866666666666 300
1011 -753.2833333333333 300
1012 -753.2433333333333 300
1013 -753.2 300
1014 -753.1166666666667 300
1015 -752.9466666666667 300
1016 -752.82 300
1017 -752.6933333333334 300
1018 -752.61 300
1019 -752.5266666666666 300
1020 -752.4 300
1021 -752.2733333333333 300
1022 -750.1766666666666 300
1023 -746.6866666666666 300
1024 -744.4433333333334 300
1025 -744.49 300
1026 -744.58 300
1027 -744.58 300
1028 -744.8266666666667 300
1029 -744.93 300
1030 -745.4433333333334 300
1031 -746.1366666666667 300
1032 -746.88 300
1033 -743.3 300
1034 -743.3 300
1035 -743.3 300
1036 -743.34 300
1037 -743.4266666666666 300
1038 -743.4266666666666 300
1039 -743.4666666666667 300
1040 -743.5133333333333 300
1041 -743.5933333333334 300
1042 -743.6366666666667 300
1043 -743.29 300
1044 -742.8066666666666 300
1045 -742.72 300
1046 -742.7633333333333 300
1047 -743.04 300
1048 -743.44 300
1049 -744.3766666666667 300
1050 -745.6466666666666 300
1051 -748.17 300
1052 -752.66 300
1053 -755.8666666666667 300
1054 -755.9133333333333 300
1055 -756.17 300
1056 -756.27 300
1057 -756.63 300
1058 -755.5566666666666 300
1059 -755.2033333333334 300
1060 -755.09 300
1061 -755.05 300
1062 -755.0066666666667 300
1063 -754.9233333333333 300
1064 -754.8866666666667 300
1065 -754.7433333333333 300
1066 -755.05 300
1067 -755.05 300
1068 -755.05 300
1069 -755.1433333333333 300
1070 -755.1433333333333 300
1071 -755.1433333333333 300
1072 -755.1433333333333 300
1073 -755.1366666666667 300
1074 -755.1366666666667 300
1075 -755.1366666666667 300
1076 -755.0933333333334 300
1077 -755.0933333333334 300
1078 -755.2133333333334 300
1079 -755.39 300
1080 -755.3366666666667 300
1081 -755.3366666666667 300
1082 -755.2933333333333 300
1083 -755.2933333333333 300
1084 -755.2933333333333 300
1085 -755.1366666666667 300
1086 -755.1366666666667 300
1087 -755.1366666666667 300
1088 -755.1366666666667 300
1089 -755.1366666666667 300
1090 -755.1366666666667 300
1091 -755.1366666666667 300
1092 -755.1366666666667 300
1093 -755.18 300
1094 -755.2233333333334 300
1095 -755.18 300
1096 -755.18 300
1097 -755.0933333333334 300
1098 -755.1366666666667 300
1099 -755.18 300
1100 -755.0866666666667 300
1101 -755.13 300
1102 -755.13 300
1103 -755.0866666666667 300
1104 -755.0 300
1105 -755.0866666666667 300
1106 -754.9133333333333 300
1107 -754.61 300
1108 -754.0466666666666 300
1109 -752.7466666666667 300
1110 -752.7466666666667 300
1111 -754.9133333333333 300
1112 -754.91 300
1113 -754.9066666666666 300
1114 -754.8166666666667 300
1115 -754.77 300
1116 -755.03 300
1117 -755.0766666666667 300
1118 -755.08 300
1119 -755.1233333333333 300
1120 -755.1233333333333 300
1121 -755.1233333333333 300
1122 -755.1233333333333 300
1123 -755.09 300
1124 -755.09 300
1125 -755.09 300
1126 -755.09 300
1127 -755.09 300
1128 -755.09 300
1129 -755.09 300
1130 -755.09 300
1131 -755.05 300
1132 -755.0066666666667 300
1133 -755.0933333333334 300
1134 -755.0966666666667 300
1135 -755.01 300
1136 -755.01 300
1137 -755.01 300
1138 -755.15 300
1139 -755.1933333333334 300
1140 -755.19 300
1141 -755.0933333333334 300
1142 -755.1366666666667 300
1143 -755.1366666666667 300
1144 -755.1366666666667 300
1145 -755.0066666666667 300
1146 -755.0066666666667 300
1147 -755.0066666666667 300
1148 -755.0066666666667 300
1149 -755.05 300
1150 -755.05 300
1151 -755.1466666666666 300
1152 -755.1466666666666 300
1153 -755.0933333333334 300
1154 -755.0933333333334 300
1155 -755.0933333333334 300
1156 -755.0933333333334 300
1157 -755.1366666666667 300
1158 -755.1366666666667 300
1159 -755.0966666666667 300
1160 -755.0966666666667 300
1161 -755.0966666666667 300
1162 -755.0533333333333 300
1163 -755.0966666666667 300
1164 -755.0966666666667 300
1165 -755.0966666666667 300
1166 -755.01 300
1167 -754.88 300
1168 -754.75 300
1169 -754.49 300
1170 -754.3166666666667 300
1171 -754.24 300
1172 -754.11 300
1173 -753.6366666666667 300
1174 -754.7133333333334 300
1175 -754.88 300
1176 -754.88 300
1177 -754.7933333333333 300
1178 -754.6533333333333 300
1179 -754.5666666666667 300
1180 -754.3933333333333 300
1181 -753.7866666666666 300
1182 -752.9633333333334 300
1183 -752.3133333333334 300
1184 -751.62 300
1185 -748.5866666666667 300
1186 -749.3233333333334 300
1187 -744.3833333333333 300
1188 -744.5133333333333 300
1189 -744.6 300
1190 -744.6433333333333 300
1191 -744.73 300
1192 -744.86 300
1193 -744.86 300
1194 -745.0766666666667 300
1195 -745.12 300
1196 -745.2066666666667 300
1197 -745.38 300
1198 -745.51 300
1199 -745.77 300
1200 -745.7266666666667 300
1201 -745.8566666666667 300
1202 -746.1166666666667 300
1203 -746.3333333333334 300
1204 -746.7233333333334 300
1205 -746.2466666666667 300
1206 -743.69 300
1207 -743.69 300
1208 -742.0 300
1209 -742.0 300
1210 -742.0 300
1211 -742.0 300
1212 -742.0 300
1213 -742.0 300
1214 -742.0 300
1215 -742.0 300
1216 -742.0433333333333 300
1217 -742.0 300
1218 -742.0 300
1219 -742.0 300
1220 -742.0 300
1221 -742.0 300
1222 -742.0433333333333 300
1223 -742.0866666666667 300
1224 -742.13 300
1225 -742.2166666666667 300
1226 -742.2633333333333 300
1227 -742.2633333333333 300
1228 -742.3166666666667 300
1229 -742.3166666666667 300
1230 -742.3166666666667 300
1231 -742.13 300
1232 -742.2266666666667 300
1233 -742.2266666666667 300
1234 -742.2266666666667 300
1235 -742.2266666666667 300
1236 -742.2266666666667 300
1237 -742.2266666666667 300
1238 -742.2266666666667 300
1239 -742.2266666666667 300
1240 -742.27 300
1241 -742.1733333333333 300
1242 -742.1733333333333 300
1243 -742.1733333333333 300
1244 -742.1733333333333 300
1245 -742.1733333333333 300
1246 -742.1733333333333 300
1247 -742.1733333333333 300
1248 -742.1733333333333 300
1249 -742.1733333333333 300
1250 -742.1733333333333 300
1251 -742.1733333333333 300
1252 -742.1733333333333 300
1253 -742.13 300
1254 -742.0 300
1255 -741.9566666666667 300
1256 -741.87 300
1257 -741.6966666666667 300
1258 -741.3933333333333 300
1259 -740.6566666666666 300
1260 -739.79 300
1261 -737.7966666666666 300
1262 -739.9233333333333 300
1263 -738.15 300
1264 -738.6733333333333 300
1265 -739.2 300
1266 -741.2466666666667 300
1267 -740.9133333333333 300
1268 -739.9866666666667 300
1269 -738.8633333333333 300
1270 -736.78 300
1271 -733.0233333333333 300
1272 -730.8233333333334 300
1273 -731.0166666666667 300
1274 -731.02 300
1275 -730.75 300
1276 -730.4766666666667 300
1277 -730.34 300
1278 -730.5933333333334 300
1279 -730.5166666666667 300
1280 -730.8466666666667 300
1281 -730.8933333333333 300
1282 -731.0166666666667 300
1283 -731.07 300
1284 -731.0333333333333 300
1285 -731.28 300
1286 -731.2866666666666 300
1287 -731.3266666666667 300
1288 -731.33 300
1289 -731.4066666666666 300
1290 -731.4 300
1291 -731.4766666666667 300
1292 -731.48 300
1293 -731.5133333333333 300
1294 -731.59 300
1295 -731.63 300
1296 -731.71 300
1297 -731.7866666666666 300
1298 -731.7833333333333 300
1299 -731.9033333333333 300
1300 -731.9366666666666 300
1301 -731.9766666666667 300
1302 -732.06 300
1303 -732.0966666666667 300
1304 -732.0666666666667 300
1305 -732.1833333333333 300
1306 -732.32 300
1307 -732.4966666666667 300
1308 -732.73 300
1309 -732.88 300
1310 -733.0733333333334 300
1311 -733.3 300
1312 -733.5966666666667 300
1313 -734.0 300
1314 -734.16 300
1315 -734.5333333333333 300
1316 -734.7366666666667 300
1317 -734.9333333333333 300
1318 -734.7566666666667 300
1319 -734.9166666666666 300
1320 -735.0733333333334 300
1321 -735.7066666666667 300
1322 -736.26 300
1323 -736.4533333333334 300
1324 -736.5333333333333 300
1325 -736.61 300
1326 -736.73 300
1327 -736.7666666666667 300
1328 -736.8433333333334 300
1329 -736.96 300
1330 -737.0366666666666 300
1331 -737.1133333333333 300
1332 -737.15 300
1333 -737.1866666666666 300
1334 -737.6566666666666 300
1335 -739.1633333333333 300
1336 -739.56 300
1337 -739.5233333333333 300
1338 -739.4433333333334 300
1339 -737.5733333333334 300
1340 -736.82 300
1341 -736.7833333333333 300
1342 -737.8766666666667 300
1343 -739.1166666666667 300
1344 -739.0366666666666 300
1345 -739.0333333333333 300
1346 -738.9133333333333 300
1347 -738.8333333333334 300
1348 -738.71 300
1349 -738.7866666666666 300
1350 -738.7066666666667 300
1351 -738.6633333333333 300
1352 -738.62 300
1353 -738.5766666666667 300
1354 -736.9633333333334 300
1355 -734.7533333333333 300
1356 -734.83 300
1357 -735.29 300
1358 -735.3766666666667 300
1359 -735.8 300
1360 -736.64 300
1361 -736.7466666666667 300
1362 -737.7966666666666 300
1363 -736.88 300
1364 -736.97 300
1365 -733.08 300
1366 -731.05 300
1367 -731.2333333333333 300
1368 -729.5933333333334 300
1369 -729.7833333333333 300
1370 -730.0633333333334 300
1371 -730.6266666666667 300
1372 -731.52 300
1373 -733.2533333333333 300
1374 -736.7266666666667 300
1375 -739.92 300
1376 -738.2266666666667 300
1377 -738.7766666666666 300
1378 -742.2766666666666 300
1379 -741.92 300
1380 -741.09 300
1381 -740.0266666666666 300
1382 -739.2233333333334 300
1383 -739.7466666666667 300
1384 -742.0433333333333 300
1385 -742.4333333333333 300
1386 -742.4266666666666 300
1387 -742.8133333333334 300
1388 -743.0066666666667 300
1389 -742.9933333333333 300
1390 -743.0833333333334 300
1391 -743.0733333333334 300
1392 -743.0633333333334 300
1393 -743.05 300
1394 -743.0366666666666 300
1395 -742.99 300
1396 -742.9066666666666 300
1397 -742.77 300
1398 -742.4833333333333 300
1399 -742.31 300
1400 -742.3133333333334 300
1401 -742.2766666666666 300
1402 -742.2833333333333 300
1403 -742.26 300
1404 -742.26 300
1405 -742.26 300
1406 -742.2633333333333 300
1407 -742.2666666666667 300
1408 -742.27 300
1409 -742.32 300
1410 -742.3233333333334 300
1411 -742.3766666666667 300
1412 -742.4233333333333 300
1413 -742.4766666666667 300
1414 -742.48 300
1415 -742.18 300
1416 -742.07 300
1417 -742.07 300
1418 -742.07 300
1419 -742.0266666666666 300
1420 -742.0266666666666 300
1421 -742.07 300
1422 -742.1566666666666 300
1423 -742.1566666666666 300
1424 -742.2866666666666 300
1425 -742.2866666666666 300
1426 -742.0733333333334 300
1427 -742.1133333333333 300
1428 -742.2033333333334 300
1429 -742.2033333333334 300
1430 -742.1166666666667 300
1431 -742.0166666666667 300
1432 -742.1166666666667 300
1433 -742.1166666666667 300
1434 -742.1166666666667 300
1435 -742.1166666666667 300
1436 -742.1166666666667 300
1437 -742.1166666666667 300
1438 -742.07 300
1439 -742.1833333333333 300
1440 -742.1833333333333 300
1441 -742.1833333333333 300
1442 -742.1833333333333 300
1443 -742.1833333333333 300
1444 -742.1833333333333 300
1445 -742.1133333333333 300
1446 -741.93 300
1447 -741.18 300
1448 -740.32 300
1449 -738.8166666666667 300
1450 -736.23 300
1451 -738.2666666666667 300
1452 -742.5733333333334 300
1453 -742.5733333333334 300
1454 -742.5733333333334 300
1455 -742.6166666666667 300
1456 -742.66 300
1457 -742.66 300
1458 -742.66 300
1459 -742.66 300
1460 -742.7033333333334 300
1461 -742.7066666666667 300
1462 -742.7066666666667 300
1463 -742.62 300
1464 -742.62 300
1465 -742.6633333333333 300
1466 -742.6633333333333 300
1467 -742.6633333333333 300
1468 -742.6633333333333 300
1469 -742.71 300
1470 -742.67 300
1471 -742.7133333333334 300
1472 -742.7133333333334 300
1473 -742.7566666666667 300
1474 -742.7566666666667 300
1475 -742.76 300
1476 -742.76 300
1477 -742.7666666666667 300
1478 -742.7666666666667 300
1479 -742.7666666666667 300
1480 -742.7666666666667 300
1481 -742.8133333333334 300
1482 -742.8566666666667 300
1483 -742.8566666666667 300
1484 -742.7433333333333 300
1485 -742.7433333333333 300
1486 -742.7433333333333 300
1487 -742.8566666666667 300
1488 -742.9 300
1489 -742.9 300
1490 -742.9 300
1491 -742.9033333333333 300
1492 -742.9033333333333 300
1493 -742.9033333333333 300
1494 -742.9033333333333 300
1495 -742.21 300
1496 -742.0533333333333 300
1497 -742.0533333333333 300
1498 -742.0533333333333 300
1499 -742.0533333333333 300
1500 -742.0533333333333 300
1501 -742.0533333333333 300
1502 -742.0533333333333 300
1503 -742.0533333333333 300
1504 -742.0533333333333 300
1505 -742.0533333333333 300
1506 -742.0533333333333 300
1507 -742.0466666666666 300
1508 -742.0466666666666 300
1509 -742.0466666666666 300
1510 -742.0466666666666 300
1511 -742.0466666666666 300
1512 -742.0466666666666 300
1513 -742.05 300
1514 -742.05 300
1515 -742.0966666666667 300
1516 -742.0966666666667 300
1517 -742.0966666666667 300
1518 -742.1 300
1519 -742.1 300
1520 -742.1 300
1521 -742.1 300
1522 -742.0566666666666 300
1523 -742.0566666666666 300
1524 -742.0566666666666 300
1525 -742.0566666666666 300
1526 -742.0566666666666 300
1527 -742.0566666666666 300
1528 -742.0566666666666 300
1529 -742.0566666666666 300
1530 -742.0566666666666 300
1531 -742.0566666666666 300
1532 -742.0566666666666 300
1533 -742.0566666666666 300
1534 -742.0566666666666 300
1535 -742.0566666666666 300
1536 -742.0566666666666 300
1537 -742.06 300
1538 -742.0633333333334 300
1539 -742.02 300
1540 -742.02 300
1541 -742.02 300
1542 -742.02 300
1543 -742.02 300
1544 -742.0233333333333 300
1545 -742.02 300
1546 -742.0233333333333 300
1547 -742.0233333333333 300
1548 -742.0233333333333 300
1549 -742.0266666666666 300
1550 -742.0266666666666 300
1551 -742.0266666666666 300
1552 -742.0266666666666 300
1553 -742.0266666666666 300
1554 -742.0266666666666 300
1555 -742.1233333333333 300
1556 -742.1233333333333 300
1557 -742.1233333333333 300
1558 -742.1233333333333 300
1559 -742.12 300
1560 -742.12 300
1561 -742.12 300
1562 -742.12 300
1563 -742.12 300
1564 -742.1633333333333 300
1565 -742.1633333333333 300
1566 -742.12 300
1567 -742.12 300
1568 -742.1233333333333 300
1569 -742.1633333333333 300
1570 -742.1633333333333 300
1571 -742.1633333333333 300
1572 -742.1633333333333 300
1573 -742.1633333333333 300
1574 -742.1633333333333 300
1575 -742.1633333333333 300
1576 -742.1633333333333 300
1577 -742.2066666666667 300
1578 -742.2066666666667 300
1579 -742.2066666666667 300
1580 -742.25 300
1581 -742.25 300
1582 -742.25 300
1583 -742.25 300
1584 -742.25 300
1585 -742.25 300
1586 -742.25 300
1587 -742.25 300
1588 -742.25 300
1589 -742.16 300
1590 -742.2033333333334 300
1591 -742.2466666666667 300
1592 -742.2033333333334 300
1593 -742.2033333333334 300
1594 -742.2466666666667 300
1595 -742.29 300
1596 -742.3333333333334 300
1597 -742.33 300
1598 -742.3766666666667 300
1599 -742.3766666666667 300
1600 -742.1633333333333 300
1601 -742.1633333333333 300
1602 -742.1633333333333 300
1603 -742.1633333333333 300
1604 -742.1633333333333 300
1605 -742.1633333333333 300
1606 -742.1633333333333 300
1607 -742.1633333333333 300
1608 -742.1633333333333 300
1609 -742.1633333333333 300
1610 -742.12 300
1611 -742.12 300
1612 -742.12 300
1613 -742.12 300
1614 -742.12 300
1615 -742.0066666666667 300
1616 -742.0066666666667 300
1617 -742.0066666666667 300
1618 -742.0066666666667 300
1619 -742.0066666666667 300
1620 -742.0066666666667 300
1621 -742.0066666666667 300
1622 -742.0066666666667 300
1623 -742.0066666666667 300
1624 -742.0066666666667 300
1625 -742.0066666666667 300
1626 -742.0066666666667 300
1627 -742.0066666666667 300
1628 -742.0066666666667 300
1629 -742.0066666666667 300
1630 -742.0066666666667 300
1631 -742.0066666666667 300
1632 -742.0066666666667 300
1633 -742.0066666666667 300
1634 -742.0033333333333 300
1635 -742.0033333333333 300
1636 -742.0033333333333 300
1637 -742.0033333333333 300
1638 -742.0033333333333 300
1639 -742.0466666666666 300
1640 -742.0466666666666 300
1641 -742.0466666666666 300
1642 -742.0466666666666 300
1643 -742.0466666666666 300
1644 -742.09 300
1645 -742.09 300
1646 -742.09 300
1647 -742.09 300
1648 -742.09 300
1649 -742.09 300
1650 -742.09 300
1651 -742.09 300
1652 -742.23 300
1653 -742.23 300
1654 -742.23 300
1655 -742.23 300
1656 -742.23 300
1657 -742.23 300
1658 -742.23 300
1659 -742.23 300
1660 -742.23 300
1661 -742.23 300
1662 -742.23 300
1663 -742.23 300
1664 -742.23 300
1665 -742.2733333333333 300
1666 -742.2733333333333 300
1667 -742.2733333333333 300
1668 -742.2733333333333 300
1669 -742.2733333333333 300
1670 -742.2733333333333 300
1671 -742.2733333333333 300
1672 -742.2733333333333 300
1673 -742.2733333333333 300
1674 -742.2733333333333 300
1675 -742.2733333333333 300
1676 -742.2733333333333 300
1677 -742.2733333333333 300
1678 -742.2733333333333 300
1679 -742.2733333333333 300
1680 -742.2733333333333 300
1681 -742.3166666666667 300
1682 -742.3166666666667 300
1683 -742.3166666666667 300
1684 -742.36 300
1685 -742.36 300
1686 -742.36 300
1687 -742.36 300
1688 -742.36 300
1689 -742.36 300
1690 -742.36 300
1691 -742.3566666666667 300
1692 -742.4 300
1693 -742.3033333333333 300
1694 -742.2966666666666 300
1695 -742.2966666666666 300
1696 -742.2933333333333 300
1697 -742.3333333333334 300
1698 -742.3266666666667 300
1699 -742.32 300
1700 -742.3133333333334 300
1701 -742.3066666666666 300
1702 -742.3 300
1703 -742.2866666666666 300
1704 -742.2333333333333 300
1705 -742.1833333333333 300
1706 -742.1333333333333 300
1707 -742.0933333333334 300
1708 -742.0833333333334 300
1709 -742.1166666666667 300
1710 -742.0066666666667 300
1711 -742.0133333333333 300
1712 -742.0066666666667 300
1713 -742.0133333333333 300
1714 -742.0166666666667 300
1715 -742.01 300
1716 -742.0033333333333 300
1717 -741.9933333333333 300
1718 -741.9866666666667 300
1719 -742.0066666666667 300
1720 -742.01 300
1721 -742.05 300
1722 -742.0133333333333 300
1723 -742.01 300
1724 -742.1533333333333 300
1725 -742.15 300
1726 -742.1433333333333 300
1727 -742.0933333333334 300
1728 -741.99 300
1729 -741.98 300
1730 -742.0666666666667 300
1731 -742.0633333333334 300
1732 -742.0566666666666 300
1733 -742.0866666666667 300
1734 -742.09 300
1735 -742.07 300
1736 -742.0666666666667 300
1737 -742.0666666666667 300
1738 -742.0666666666667 300
1739 -742.0133333333333 300
1740 -742.0166666666667 300
1741 -742.0133333333333 300
1742 -742.0666666666667 300
1743 -742.02 300
1744 -742.0133333333333 300
1745 -742.0466666666666 300
1746 -742.05 300
1747 -742.0466666666666 300
1748 -742.0433333333333 300
1749 -742.0333333333333 300
1750 -742.0266666666666 300
1751 -742.0166666666667 300
1752 -742.0133333333333 300
1753 -742.0033333333333 300
1754 -741.9933333333333 300
1755 -741.9833333333333 300
1756 -741.9733333333334 300
1757 -741.9633333333334 300
1758 -741.9533333333334 300
1759 -741.9433333333334 300
1760 -741.9333333333333 300
1761 -741.9233333333333 300
1762 -741.9133333333333 300
1763 -741.91 300
1764 -741.9066666666666 300
1765 -741.9033333333333 300
1766 -741.8966666666666 300
1767 -741.8966666666666 300
1768 -741.9 300
1769 -741.89 300
1770 -741.85 300
1771 -741.8566666666667 300
1772 -741.8433333333334 300
1773 -741.7433333333333 300
1774 -741.95 300
1775 -741.9533333333334 300
1776 -741.92 300
1777 -741.9333333333333 300
1778 -741.94 300
1779 -741.9433333333334 300
1780 -741.9466666666667 300
1781 -741.9533333333334 300
1782 -741.96 300
1783 -741.9633333333334 300
1784 -741.9633333333334 300
1785 -741.97 300
1786 -741.9733333333334 300
1787 -742.0166666666667 300
1788 -742.0233333333333 300
1789 -742.0233333333333 300
1790 -742.0266666666666 300
1791 -742.03 300
1792 -742.03 300
1793 -742.0333333333333 300
1794 -742.0333333333333 300
1795 -742.0333333333333 300
1796 -742.0366666666666 300
1797 -742.04 300
1798 -742.04 300
1799 -742.04 300
1800 -742.0433333333333 300
1801 -742.0 300
1802 -742.0 300
1803 -741.99 300
1804 -741.9933333333333 300
1805 -741.9966666666667 300
1806 -742.0633333333334 300
1807 -742.1133333333333 300
1808 -742.1166666666667 300
1809 -742.1166666666667 300
1810 -742.1166666666667 300
1811 -742.1133333333333 300
1812 -742.1033333333334 300
1813 -742.15 300
1814 -742.1533333333333 300
1815 -742.1533333333333 300
1816 -742.1433333333333 300
1817 -742.15 300
1818 -742.15 300
1819 -742.2466666666667 300
1820 -742.2466666666667 300
1821 -742.1466666666666 300
1822 -742.14 300
1823 -742.2033333333334 300
1824 -742.2033333333334 300
1825 -742.1933333333334 300
1826 -742.1833333333333 300
1827 -742.1766666666666 300
1828 -742.17 300
1829 -742.16 300
1830 -742.1266666666667 300
1831 -742.1333333333333 300
1832 -742.1266666666667 300
1833 -742.1166666666667 300
1834 -742.1133333333333 300
1835 -742.1066666666667 300
1836 -742.0966666666667 300
1837 -742.1 300
1838 -742.23 300
1839 -742.2366666666667 300
1840 -742.2433333333333 300
1841 -742.2 300
1842 -742.1933333333334 300
1843 -742.19 300
1844 -742.1966666666667 300
1845 -742.1933333333334 300
1846 -742.1966666666667 300
1847 -742.1966666666667 300
1848 -742.32 300
1849 -742.34 300
1850 -742.3533333333334 300
1851 -742.36 300
1852 -742.25 300
1853 -742.2133333333334 300
1854 -742.21 300
1855 -742.17 300
1856 -742.1833333333333 300
1857 -742.1933333333334 300
1858 -742.21 300
1859 -742.21 300
1860 -742.2066666666667 300
1861 -742.2133333333334 300
1862 -742.2166666666667 300
1863 -742.22 300
1864 -742.22 300
1865 -742.2266666666667 300
1866 -742.27 300
1867 -742.2733333333333 300
1868 -742.2733333333333 300
1869 -742.32 300
1870 -742.3233333333334 300
1871 -742.4366666666666 300
1872 -742.44 300
1873 -742.4566666666667 300
1874 -742.47 300
1875 -742.4733333333334 300
1876 -742.44 300
1877 -742.45 300
1878 -742.4533333333334 300
1879 -742.46 300
1880 -742.4633333333334 300
1881 -742.47 300
1882 -742.4766666666667 300
1883 -742.52 300
1884 -742.5233333333333 300
1885 -742.5266666666666 300
1886 -742.5166666666667 300
1887 -742.56 300
1888 -742.5566666666666 300
1889 -742.56 300
1890 -742.54 300
1891 -742.5533333333333 300
1892 -742.5566666666666 300
1893 -742.5166666666667 300
1894 -742.52 300
1895 -742.5066666666667 300
1896 -742.51 300
1897 -742.5533333333333 300
1898 -742.5566666666666 300
1899 -742.6 300
1900 -742.6433333333333 300
1901 -742.6466666666666 300
1902 -742.6466666666666 300
1903 -742.5566666666666 300
1904 -742.5566666666666 300
1905 -742.5433333333333 300
1906 -742.5466666666666 300
1907 -742.55 300
1908 -742.55 300
1909 -742.5466666666666 300
1910 -742.5433333333333 300
1911 -742.54 300
1912 -742.54 300
1913 -742.5466666666666 300
1914 -742.55 300
1915 -742.5633333333334 300
1916 -742.5433333333333 300
1917 -742.54 300
1918 -742.5433333333333 300
1919 -742.5433333333333 300
1920 -742.5433333333333 300
1921 -742.55 300
1922 -742.5466666666666 300
1923 -742.54 300
1924 -742.5 300
1925 -742.5566666666666 300
1926 -742.5466666666666 300
1927 -742.1766666666666 300
1928 -742.18 300
1929 -742.1833333333333 300
1930 -742.2366666666667 300
1931 -742.26 300
1932 -742.25 300
1933 -742.24 300
1934 -742.23 300
1935 -742.2233333333334 300
1936 -742.2233333333334 300
1937 -742.22 300
1938 -742.2166666666667 300
1939 -742.2066666666667 300
1940 -742.2066666666667 300
1941 -742.1666666666666 300
1942 -742.1633333333333 300
1943 -742.1233333333333 300
1944 -742.12 300
1945 -742.0766666666667 300
1946 -742.0766666666667 300
1947 -742.0733333333334 300
1948 -742.03 300
1949 -742.0266666666666 300
1950 -742.0366666666666 300
1951 -742.0333333333333 300
1952 -742.0333333333333 300
1953 -742.0333333333333 300
1954 -742.0333333333333 300
1955 -742.0166666666667 300
1956 -742.02 300
1957 -742.0166666666667 300
1958 -742.02 300
1959 -742.0233333333333 300
1960 -742.0266666666666 300
1961 -742.03 300
1962 -742.0333333333333 300
1963 -742.0366666666666 300
1964 -742.0366666666666 300
1965 -742.1733333333333 300
1966 -742.21 300
1967 -742.43 300
1968 -742.3866666666667 300
1969 -742.39 300
1970 -742.3933333333333 300
1971 -742.3966666666666 300
1972 -742.4 300
1973 -742.4 300
1974 -742.3966666666666 300
1975 -742.3966666666666 300
1976 -742.3933333333333 300
1977 -742.4 300
1978 -742.3966666666666 300
1979 -742.4 300
1980 -742.45 300
1981 -742.45 300
1982 -742.4566666666667 300
1983 -742.4566666666667 300
1984 -742.4533333333334 300
1985 -742.45 300
1986 -742.38 300
1987 -742.3833333333333 300
1988 -742.3833333333333 300
1989 -742.3833333333333 300
1990 -742.34 300
1991 -742.33 300
1992 -742.33 300
1993 -742.33 300
1994 -742.3333333333334 300
1995 -742.31 300
1996 -742.2966666666666 300
1997 -742.3 300
1998 -742.29 300
1999 -742.28 300
2000 -742.2866666666666 300
2001 -742.29 300
2002 -742.28 300
2003 -742.27 300
2004 -742.2666666666667 300
2005 -742.2633333333333 300
2006 -742.26 300
2007 -742.25 300
2008 -742.2466666666667 300
2009 -742.24 300
2010 -742.2366666666667 300
2011 -742.2333333333333 300
2012 -742.2266666666667 300
2013 -742.2233333333334 300
2014 -742.22 300
2015 -742.2133333333334 300
2016 -742.1866666666666 300
2017 -742.1866666666666 300
2018 -742.1766666666666 300
2019 -742.2333333333333 300
2020 -742.2366666666667 300
2021 -742.2333333333333 300
2022 -742.2333333333333 300
2023 -742.3733333333333 300
2024 -742.3733333333333 300
2025 -742.3666666666667 300
2026 -742.36 300
2027 -742.35 300
2028 -742.3133333333334 300
2029 -742.31 300
2030 -742.3066666666666 300
2031 -742.2233333333334 300
2032 -742.24 300
2033 -742.2366666666667 300
2034 -742.2366666666667 300
2035 -742.2366666666667 300
2036 -742.2066666666667 300
2037 -742.1933333333334 300
2038 -742.1933333333334 300
2039 -742.26 300
2040 -742.2533333333333 300
2041 -742.2466666666667 300
2042 -742.1733333333333 300
2043 -742.1666666666666 300
2044 -742.1633333333333 300
2045 -742.17 300
2046 -742.1433333333333 300
2047 -742.1366666666667 300
2048 -741.94 300
2049 -741.72 300
2050 -741.47 300
2051 -741.47 300
2052 -741.47 300
2053 -741.4666666666667 300
2054 -741.46 300
2055 -741.46 300
2056 -741.46 300
2057 -741.4533333333334 300
2058 -741.45 300
2059 -741.3833333333333 300
2060 -741.38 300
2061 -741.3766666666667 300
2062 -741.37 300
2063 -741.36 300
2064 -741.4233333333333 300
2065 -741.4366666666666 300
2066 -741.44 300
2067 -741.4433333333334 300
2068 -741.4533333333334 300
2069 -741.3633333333333 300
2070 -741.19 300
2071 -741.2033333333334 300
2072 -741.26 300
2073 -741.2666666666667 300
2074 -741.4533333333334 300
2075 -741.4 300
2076 -741.3866666666667 300
2077 -741.38 300
2078 -741.37 300
2079 -741.2666666666667 300
2080 -741.2266666666667 300
2081 -741.1266666666667 300
2082 -741.1233333333333 300
2083 -741.08 300
2084 -741.2 300
2085 -741.1966666666667 300
2086 -741.2333333333333 300
2087 -741.2333333333333 300
2088 -741.2333333333333 300
2089 -741.24 300
2090 -741.2333333333333 300
2091 -741.2366666666667 300
2092 -741.24 300
2093 -741.23 300
2094 -741.2266666666667 300
2095 -741.22 300
2096 -741.2433333333333 300
2097 -741.2633333333333 300
2098 -741.26 300
2099 -741.25 300
2100 -741.24 300
2101 -741.17 300
2102 -741.1566666666666 300
2103 -741.11 300
2104 -741.1366666666667 300
2105 -741.1766666666666 300
2106 -741.1666666666666 300
2107 -741.1133333333333 300
2108 -741.0666666666667 300
2109 -741.0333333333333 300
2110 -741.01 300
2111 -740.9733333333334 300
2112 -740.9933333333333 300
2113 -740.79 300
2114 -740.8633333333333 300
2115 -740.8766666666667 300
2116 -740.87 300
2117 -740.9033333333333 300
2118 -740.9133333333333 300
2119 -740.9233333333333 300
2120 -740.9533333333334 300
2121 -740.9666666666667 300
2122 -740.9766666666667 300
2123 -740.9866666666667 300
2124 -740.9866666666667 300
2125 -741.0733333333334 300
2126 -741.07 300
2127 -741.0533333333333 300
2128 -741.0366666666666 300
2129 -741.06 300
2130 -741.06 300
2131 -741.0666666666667 300
2132 -741.04 300
2133 -741.0133333333333 300
2134 -741.03 300
2135 -741.0366666666666 300
2136 -741.04 300
2137 -740.93 300
2138 -740.93 300
2139 -740.9733333333334 300
2140 -741.2466666666667 300
2141 -741.2466666666667 300
2142 -741.2666666666667 300
2143 -741.26 300
2144 -741.29 300
2145 -741.28 300
2146 -741.2966666666666 300
2147 -741.2933333333333 300
2148 -741.2766666666666 300
2149 -741.2566666666667 300
2150 -741.11 300
2151 -741.0966666666667 300
2152 -741.0833333333334 300
2153 -740.9733333333334 300
2154 -740.9733333333334 300
2155 -740.9733333333334 300
2156 -740.98 300
2157 -740.9666666666667 300
2158 -740.8166666666667 300
2159 -740.8366666666667 300
2160 -740.8666666666667 300
2161 -740.91 300
2162 -740.8966666666666 300
2163 -741.0433333333333 300
2164 -740.9966666666667 300
2165 -740.97 300
2166 -740.95 300
2167 -740.69 300
2168 -740.37 300
2169 -740.3633333333333 300
2170 -740.44 300
2171 -740.4333333333333 300
2172 -740.4533333333334 300
2173 -740.4533333333334 300
2174 -740.4666666666667 300
2175 -740.46 300
2176 -740.4533333333334 300
2177 -740.4866666666667 300
2178 -740.5633333333334 300
2179 -739.9766666666667 300
2180 -739.9466666666667 300
2181 -739.9733333333334 300
2182 -739.9933333333333 300
2183 -739.92 300
2184 -739.9333333333333 300
2185 -739.9533333333334 300
2186 -739.9666666666667 300
2187 -740.0233333333333 300
2188 -739.9633333333334 300
2189 -739.9833333333333 300
2190 -739.99 300
2191 -740.0366666666666 300
2192 -740.0566666666666 300
2193 -740.0766666666667 300
2194 -740.1133333333333 300
2195 -740.13 300
2196 -740.14 300
2197 -740.1733333333333 300
2198 -740.1966666666667 300
2199 -740.2333333333333 300
2200 -740.2633333333333 300
2201 -740.2866666666666 300
2202 -740.32 300
2203 -740.3533333333334 300
2204 -740.38 300
2205 -740.4133333333333 300
2206 -740.4533333333334 300
2207 -740.5166666666667 300
2208 -740.55 300
2209 -740.55 300
2210 -740.5933333333334 300
2211 -740.2966666666666 300
2212 -740.3333333333334 300
2213 -740.2966666666666 300
2214 -740.3333333333334 300
2215 -740.3966666666666 300
2216 -740.1233333333333 300
2217 -740.1033333333334 300
2218 -740.0733333333334 300
2219 -739.7233333333334 300
2220 -739.75 300
2221 -739.7566666666667 300
2222 -739.26 300
2223 -739.1933333333334 300
2224 -739.0233333333333 300
2225 -738.9633333333334 300
2226 -738.9066666666666 300
2227 -738.8133333333334 300
2228 -738.7566666666667 300
2229 -738.6666666666666 300
2230 -738.5733333333334 300
2231 -738.2966666666666 300
2232 -738.2366666666667 300
2233 -737.5566666666666 300
2234 -736.04 300
2235 -736.3266666666667 300
2236 -736.41 300
2237 -736.41 300
2238 -737.22 300
2239 -736.1266666666667 300
2240 -736.0466666666666 300
2241 -737.83 300
2242 -739.06 300
2243 -738.9333333333333 300
2244 -738.8466666666667 300
2245 -738.1966666666667 300
2246 -736.9866666666667 300
2247 -736.3066666666666 300
2248 -736.0066666666667 300
2249 -735.9633333333334 300
2250 -735.7066666666667 300
2251 -735.66 300
2252 -735.62 300
2253 -735.4533333333334 300
2254 -736.14 300
2255 -736.24 300
2256 -736.1633333333333 300
2257 -736.2733333333333 300
2258 -736.3566666666667 300
2259 -736.09 300
2260 -736.3533333333334 300
2261 -736.2666666666667 300
2262 -736.1833333333333 300
2263 -736.01 300
2264 -735.88 300
2265 -735.6233333333333 300
2266 -735.6233333333333 300
2267 -735.41 300
2268 -735.1933333333334 300
2269 -734.9333333333333 300
2270 -734.9366666666666 300
2271 -734.7633333333333 300
2272 -734.4633333333334 300
2273 -734.25 300
2274 -733.9066666666666 300
2275 -733.5666666666667 300
2276 -733.2233333333334 300
2277 -730.5466666666666 300
2278 -730.2466666666667 300
2279 -730.56 300
2280 -730.65 300
2281 -730.6933333333334 300
2282 -730.74 300
2283 -730.74 300
2284 -730.7866666666666 300
2285 -731.0933333333334 300
2286 -731.1833333333333 300
2287 -731.36 300
2288 -731.3633333333333 300
2289 -731.9566666666667 300
2290 -732.0033333333333 300
2291 -732.1833333333333 300
2292 -732.3933333333333 300
2293 -732.8666666666667 300
2294 -733.34 300
2295 -733.4633333333334 300
2296 -733.5466666666666 300
2297 -734.5933333333334 300
2298 -735.2666666666667 300
2299 -735.3866666666667 300
2300 -735.3833333333333 300
2301 -735.5433333333333 300
2302 -735.6233333333333 300
2303 -735.7033333333334 300
2304 -735.7433333333333 300
2305 -735.78 300
2306 -735.8566666666667 300
2307 -735.8966666666666 300
2308 -735.9733333333334 300
2309 -735.9666666666667 300
2310 -736.1633333333333 300
2311 -736.28 300
2312 -736.3133333333334 300
2313 -736.2666666666667 300
2314 -736.14 300
2315 -736.0133333333333 300
2316 -735.7666666666667 300
2317 -735.52 300
2318 -735.4333333333333 300
2319 -735.3466666666667 300
2320 -735.26 300
2321 -735.2166666666667 300
2322 -735.13 300
2323 -735.0033333333333 300
2324 -734.8733333333333 300
2325 -734.83 300
2326 -734.7433333333333 300
2327 -734.66 300
2328 -734.5766666666667 300
2329 -734.4933333333333 300
2330 -734.41 300
2331 -735.0366666666666 300
2332 -735.1666666666666 300
2333 -735.3 300
2334 -735.4233333333333 300
2335 -735.3366666666667 300
2336 -735.3366666666667 300
2337 -735.3333333333334 300
2338 -735.25 300
2339 -735.25 300
2340 -734.4633333333334 300
2341 -734.54 300
2342 -734.6733333333333 300
2343 -734.0366666666666 300
2344 -734.0833333333334 300
2345 -734.1333333333333 300
2346 -734.2666666666667 300
2347 -734.5666666666667 300
2348 -734.65 300
2349 -734.74 300
2350 -734.7 300
2351 -734.6133333333333 300
2352 -734.6166666666667 300
2353 -734.5733333333334 300
2354 -734.4866666666667 300
2355 -734.4 300
2356 -734.4433333333334 300
2357 -735.0033333333333 300
2358 -735.08 300
2359 -735.0366666666666 300
2360 -734.9933333333333 300
2361 -734.49 300
2362 -734.6433333333333 300
2363 -734.64 300
2364 -735.1966666666667 300
2365 -735.3066666666666 300
2366 -735.2966666666666 300
2367 -735.3266666666667 300
2368 -734.74 300
2369 -735.3166666666667 300
2370 -736.3666666666667 300
2371 -736.3866666666667 300
2372 -736.3466666666667 300
2373 -736.4333333333333 300
2374 -736.3533333333334 300
2375 -736.4033333333333 300
2376 -735.07 300
2377 -734.99 300
2378 -734.9066666666666 300
2379 -734.7833333333333 300
2380 -734.8366666666667 300
2381 -733.16 300
2382 -733.04 300
2383 -732.9566666666667 300
2384 -732.8766666666667 300
2385 -732.84 300
2386 -732.8133333333334 300
2387 -729.6733333333333 300
2388 -729.16 300
2389 -729.2066666666667 300
2390 -729.2533333333333 300
2391 -729.3 300
2392 -729.3533333333334 300
2393 -729.45 300
2394 -729.5033333333333 300
2395 -729.5566666666666 300
2396 -729.5633333333334 300
2397 -729.5766666666667 300
2398 -729.6266666666667 300
2399 -729.6366666666667 300
2400 -729.69 300
2401 -729.76 300
2402 -728.2866666666666 300
2403 -728.2966666666666 300
2404 -728.3066666666666 300
2405 -728.32 300
2406 -728.32 300
2407 -728.1433333333333 300
2408 -728.13 300
2409 -727.8433333333334 300
2410 -727.9 300
2411 -727.91 300
2412 -727.9166666666666 300
2413 -727.9333333333333 300
2414 -727.9433333333334 300
2415 -728.0533333333333 300
2416 -728.07 300
2417 -728.08 300
2418 -728.08 300
2419 -728.08 300
2420 -728.0733333333334 300
2421 -727.9066666666666 300
2422 -727.9133333333333 300
2423 -727.9033333333333 300
2424 -727.8733333333333 300
2425 -727.87 300
2426 -727.8633333333333 300
2427 -727.8633333333333 300
2428 -727.8566666666667 300
2429 -727.7466666666667 300
2430 -727.7366666666667 300
2431 -727.72 300
2432 -727.7533333333333 300
2433 -727.7366666666667 300
2434 -727.7533333333333 300
2435 -727.7466666666667 300
2436 -727.73 300
2437 -727.7133333333334 300
2438 -727.6933333333334 300
2439 -727.6766666666666 300
2440 -727.72 300
2441 -727.7266666666667 300
2442 -727.7333333333333 300
2443 -727.7166666666667 300
2444 -727.6233333333333 300
2445 -727.6333333333333 300
2446 -727.6433333333333 300
2447 -727.65 300
2448 -727.6566666666666 300
2449 -727.6533333333333 300
2450 -727.6433333333333 300
2451 -727.6433333333333 300
2452 -727.6333333333333 300
2453 -727.6266666666667 300
2454 -727.6933333333334 300
2455 -727.69 300
2456 -727.6633333333333 300
2457 -727.68 300
2458 -727.6933333333334 300
2459 -727.6533333333333 300
2460 -727.6666666666666 300
2461 -727.6733333333333 300
2462 -727.67 300
2463 -727.65 300
2464 -727.6466666666666 300
2465 -727.6766666666666 300
2466 -727.68 300
2467 -727.68 300
2468 -727.66 300
2469 -727.7266666666667 300
2470 -727.7333333333333 300
2471 -727.7333333333333 300
2472 -727.7133333333334 300
2473 -727.7 300
2474 -727.69 300
2475 -727.67 300
2476 -727.6766666666666 300
2477 -727.6833333333333 300
2478 -727.66 300
2479 -727.62 300
2480 -727.6033333333334 300
2481 -727.5766666666667 300
2482 -727.5533333333333 300
2483 -727.53 300
2484 -727.5433333333333 300
2485 -727.5566666666666 300
2486 -727.54 300
2487 -727.5566666666666 300
2488 -727.5666666666667 300
2489 -727.55 300
2490 -727.53 300
2491 -727.5166666666667 300
2492 -727.5033333333333 300
2493 -727.5166666666667 300
2494 -727.5266666666666 300
2495 -727.54 300
2496 -727.5766666666667 300
2497 -727.6033333333334 300
2498 -727.52 300
2499 -727.5066666666667 300
2500 -727.5266666666666 300
2501 -727.57 300
2502 -727.5633333333334 300
2503 -727.5633333333334 300
2504 -727.5866666666667 300
2505 -727.6566666666666 300
2506 -727.7133333333334 300
2507 -727.75 300
2508 -727.6866666666666 300
2509 -727.69 300
2510 -727.68 300
2511 -727.67 300
2512 -727.6666666666666 300
2513 -727.6666666666666 300
2514 -727.67 300
2515 -727.7266666666667 300
2516 -727.7666666666667 300
2517 -727.7666666666667 300
2518 -727.8233333333334 300
2519 -727.8233333333334 300
2520 -727.8133333333334 300
2521 -727.8 300
2522 -727.8133333333334 300
2523 -727.8233333333334 300
2524 -728.02 300
2525 -728.0166666666667 300
2526 -728.0166666666667 300
2527 -728.0 300
2528 -728.0033333333333 300
2529 -728.0 300
2530 -727.92 300
2531 -727.9133333333333 300
2532 -727.86 300
2533 -727.8666666666667 300
2534 -727.8533333333334 300
2535 -727.8433333333334 300
2536 -727.83 300
2537 -727.8166666666667 300
2538 -727.7933333333333 300
2539 -727.85 300
2540 -727.85 300
2541 -727.7566666666667 300
2542 -727.7433333333333 300
2543 -727.7233333333334 300
2544 -727.5166666666667 300
2545 -727.46 300
2546 -727.47 300
2547 -727.4766666666667 300
2548 -727.4833333333333 300
2549 -727.48 300
2550 -727.4866666666667 300
2551 -727.4866666666667 300
2552 -727.4933333333333 300
2553 -727.4966666666667 300
2554 -727.5066666666667 300
2555 -727.4933333333333 300
2556 -727.5 300
2557 -727.5133333333333 300
2558 -727.5233333333333 300
2559 -727.51 300
2560 -727.4933333333333 300
2561 -727.48 300
2562 -727.4733333333334 300
2563 -727.47 300
2564 -727.4666666666667 300
2565 -727.4666666666667 300
2566 -727.4666666666667 300
2567 -727.4666666666667 300
2568 -727.4933333333333 300
2569 -727.4933333333333 300
2570 -727.5033333333333 300
2571 -727.5166666666667 300
2572 -727.53 300
2573 -727.3333333333334 300
2574 -727.3 300
2575 -727.2733333333333 300
2576 -727.2433333333333 300
2577 -727.2066666666667 300
2578 -727.1233333333333 300
2579 -726.88 300
2580 -726.83 300
2581 -726.5866666666667 300
2582 -726.64 300
2583 -726.6066666666667 300
2584 -726.6666666666666 300
2585 -726.68 300
2586 -726.6933333333334 300
2587 -726.6633333333333 300
2588 -726.6333333333333 300
2589 -726.6066666666667 300
2590 -726.6233333333333 300
2591 -727.87 300
2592 -727.8833333333333 300
2593 -727.9066666666666 300
2594 -727.9166666666666 300
2595 -727.6566666666666 300
2596 -727.6666666666666 300
2597 -727.6833333333333 300
2598 -727.7033333333334 300
2599 -727.72 300
2600 -727.74 300
2601 -727.7866666666666 300
2602 -727.8966666666666 300
2603 -728.1533333333333 300
2604 -728.1533333333333 300
2605 -728.1533333333333 300
2606 -728.1533333333333 300
2607 -728.1533333333333 300
2608 -728.1066666666667 300
2609 -728.06 300
2610 -728.06 300
2611 -728.0133333333333 300
2612 -727.9666666666667 300
2613 -727.9666666666667 300
2614 -727.92 300
2615 -727.92 300
2616 -727.87 300
2617 -727.8233333333334 300
2618 -727.8233333333334 300
2619 -727.7766666666666 300
2620 -727.73 300
2621 -727.6833333333333 300
2622 -727.6366666666667 300
2623 -727.59 300
2624 -727.5433333333333 300
2625 -727.4966666666667 300
2626 -727.45 300
2627 -727.4033333333333 300
2628 -727.3566666666667 300
2629 -727.31 300
2630 -727.2633333333333 300
2631 -727.2166666666667 300
2632 -727.17 300
2633 -727.1233333333333 300
2634 -727.0766666666667 300
2635 -726.9366666666666 300
2636 -726.89 300
2637 -726.9366666666666 300
2638 -726.89 300
2639 -726.8433333333334 300
2640 -726.7966666666666 300
2641 -726.7966666666666 300
2642 -726.8433333333334 300
2643 -726.8433333333334 300
2644 -726.8433333333334 300
2645 -726.8433333333334 300
2646 -726.89 300
2647 -726.89 300
2648 -726.98 300
2649 -726.98 300
2650 -726.98 300
2651 -726.7433333333333 300
2652 -726.93 300
2653 -726.93 300
2654 -726.93 300
2655 -726.9733333333334 300
2656 -727.02 300
2657 -727.02 300
2658 -727.02 300
2659 -726.9733333333334 300
2660 -726.9266666666666 300
2661 -726.88 300
2662 -726.88 300
2663 -726.6466666666666 300
2664 -726.6466666666666 300
2665 -726.37 300
2666 -726.4166666666666 300
2667 -726.51 300
2668 -726.5566666666666 300
2669 -726.6033333333334 300
2670 -726.65 300
2671 -726.6966666666667 300
2672 -726.6966666666667 300
2673 -726.7433333333333 300
2674 -726.7433333333333 300
2675 -726.7433333333333 300
2676 -726.7433333333333 300
2677 -726.79 300
2678 -726.79 300
2679 -726.79 300
2680 -726.79 300
2681 -726.79 300
2682 -726.8366666666667 300
2683 -726.8366666666667 300
2684 -726.8366666666667 300
2685 -726.8366666666667 300
2686 -726.8366666666667 300
2687 -726.8833333333333 300
2688 -726.8833333333333 300
2689 -726.8833333333333 300
2690 -726.8833333333333 300
2691 -726.8833333333333 300
2692 -726.8833333333333 300
2693 -726.8833333333333 300
2694 -726.93 300
2695 -726.37 300
2696 -726.2766666666666 300
2697 -726.2766666666666 300
2698 -726.4166666666666 300
2699 -726.4633333333334 300
2700 -726.4633333333334 300
2701 -726.5566666666666 300
2702 -726.5566666666666 300
2703 -726.6033333333334 300
2704 -726.65 300
2705 -726.65 300
2706 -726.3733333333333 300
2707 -726.42 300
2708 -726.0 300
2709 -726.0466666666666 300
2710 -726.0 300
2711 -726.0933333333334 300
2712 -725.44 300
2713 -725.5333333333333 300
2714 -724.04 300
2715 -724.18 300
2716 -724.3666666666667 300
2717 -724.5066666666667 300
2718 -724.6466666666666 300
2719 -724.8733333333333 300
2720 -725.0133333333333 300
2721 -725.1533333333333 300
2722 -725.2533333333333 300
2723 -725.2533333333333 300
2724 -725.3 300
2725 -725.44 300
2726 -725.5333333333333 300
2727 -725.6266666666667 300
2728 -725.6733333333333 300
2729 -725.7666666666667 300
2730 -725.8133333333334 300
2731 -725.86 300
2732 -725.9066666666666 300
2733 -725.9533333333334 300
2734 -726.0466666666666 300
2735 -726.14 300
2736 -726.1866666666666 300
2737 -726.0433333333333 300
2738 -726.0433333333333 300
2739 -724.9733333333334 300
2740 -725.25 300
2741 -725.9033333333333 300
2742 -725.9966666666667 300
2743 -725.9366666666666 300
2744 -725.9366666666666 300
2745 -725.9366666666666 300
2746 -725.9366666666666 300
2747 -725.9833333333333 300
2748 -725.8433333333334 300
2749 -725.8433333333334 300
2750 -725.8433333333334 300
2751 -725.8433333333334 300
2752 -725.89 300
2753 -725.89 300
2754 -725.89 300
2755 -727.8966666666666 300
2756 -728.1766666666666 300
2757 -728.13 300
2758 -728.13 300
2759 -728.13 300
2760 -728.0833333333334 300
2761 -728.0366666666666 300
2762 -728.0366666666666 300
2763 -727.99 300
2764 -727.85 300
2765 -727.8033333333333 300
2766 -727.8033333333333 300
2767 -727.8033333333333 300
2768 -727.8033333333333 300
2769 -727.7133333333334 300
2770 -727.6666666666666 300
2771 -727.4333333333333 300
2772 -727.1533333333333 300
2773 -727.1066666666667 300
2774 -727.06 300
2775 -726.64 300
2776 -725.5233333333333 300
2777 -724.31 300
2778 -722.6266666666667 300
2779 -722.7666666666667 300
2780 -723.0466666666666 300
2781 -723.3266666666667 300
2782 -723.42 300
2783 -723.7933333333333 300
2784 -724.03 300
2785 -724.2166666666667 300
2786 -724.4033333333333 300
2787 -724.6366666666667 300
2788 -724.6366666666667 300
2789 -724.73 300
2790 -724.92 300
2791 -725.1066666666667 300
2792 -725.2 300
2793 -725.34 300
2794 -725.62 300
2795 -725.43 300
2796 -725.5266666666666 300
2797 -725.67 300
2798 -728.05 300
2799 -728.0066666666667 300
2800 -728.0066666666667 300
2801 -727.9633333333334 300
2802 -727.9633333333334 300
2803 -727.8733333333333 300
2804 -727.83 300
2805 -727.74 300
2806 -727.6966666666667 300
2807 -727.6966666666667 300
2808 -727.56 300
2809 -727.5166666666667 300
2810 -727.4266666666666 300
2811 -727.3366666666667 300
2812 -727.2466666666667 300
2813 -727.1566666666666 300
2814 -727.0666666666667 300
2815 -726.9766666666667 300
2816 -726.7966666666666 300
2817 -726.7966666666666 300
2818 -726.7066666666667 300
2819 -726.6166666666667 300
2820 -726.5266666666666 300
2821 -726.4366666666666 300
2822 -726.12 300
2823 -726.2566666666667 300
2824 -726.1666666666666 300
2825 -726.03 300
2826 -725.98 300
2827 -725.93 300
2828 -725.8833333333333 300
2829 -725.88 300
2830 -725.9233333333333 300
2831 -725.9233333333333 300
2832 -725.92 300
2833 -725.6966666666667 300
2834 -726.36 300
2835 -726.5933333333334 300
2836 -726.5 300
2837 -726.5 300
2838 -726.4533333333334 300
2839 -726.4066666666666 300
2840 -726.4066666666666 300
2841 -727.0566666666666 300
2842 -727.0566666666666 300
2843 -727.0566666666666 300
2844 -727.0566666666666 300
2845 -727.1033333333334 300
2846 -727.1 300
2847 -727.1 300
2848 -726.7233333333334 300
2849 -726.86 300
2850 -726.4833333333333 300
2851 -726.4333333333333 300
2852 -726.5733333333334 300
2853 -726.3866666666667 300
2854 -726.43 300
2855 -726.38 300
2856 -726.3333333333334 300
2857 -726.47 300
2858 -726.0433333333333 300
2859 -726.0866666666667 300
2860 -726.2266666666667 300
2861 -726.3166666666667 300
2862 -726.36 300
2863 -726.4033333333333 300
2864 -726.4 300
2865 -725.2633333333333 300
2866 -724.98 300
2867 -725.1666666666666 300
2868 -725.35 300
2869 -725.4433333333334 300
2870 -725.5333333333333 300
2871 -725.6733333333333 300
2872 -725.8166666666667 300
2873 -725.9066666666666 300
2874 -725.9033333333333 300
2875 -725.9466666666667 300
2876 -725.9433333333334 300
2877 -725.94 300
2878 -725.9366666666666 300
2879 -725.98 300
2880 -727.3366666666667 300
2881 -727.16 300
2882 -727.21 300
2883 -727.18 300
2884 -727.28 300
2885 -727.2966666666666 300
2886 -728.03 300
2887 -727.9366666666666 300
2888 -727.9333333333333 300
2889 -727.9 300
2890 -727.9033333333333 300
2891 -727.9066666666666 300
2892 -727.8966666666666 300
2893 -727.8966666666666 300
2894 -727.8966666666666 300
2895 -727.8933333333333 300
2896 -727.8933333333333 300
2897 -727.8933333333333 300
2898 -727.8433333333334 300
2899 -727.8166666666667 300
2900 -727.79 300
2901 -727.8 300
2902 -727.8 300
2903 -727.8 300
2904 -727.8066666666666 300
2905 -727.81 300
2906 -727.8233333333334 300
2907 -727.8266666666667 300
2908 -727.8233333333334 300
2909 -727.8166666666667 300
2910 -727.7633333333333 300
2911 -727.7566666666667 300
2912 -727.75 300
2913 -727.7433333333333 300
2914 -727.7366666666667 300
2915 -727.73 300
2916 -727.7233333333334 300
2917 -727.7166666666667 300
2918 -727.7466666666667 300
2919 -727.7466666666667 300
2920 -727.7433333333333 300
2921 -727.74 300
2922 -727.7333333333333 300
2923 -727.7333333333333 300
2924 -727.7333333333333 300
2925 -727.88 300
2926 -727.9033333333333 300
2927 -727.9166666666666 300
2928 -727.89 300
2929 -727.89 300
2930 -727.89 300
2931 -727.8866666666667 300
2932 -727.89 300
2933 -727.8933333333333 300
2934 -727.9 300
2935 -727.9033333333333 300
2936 -727.9033333333333 300
2937 -727.9066666666666 300
2938 -727.91 300
2939 -727.9133333333333 300
2940 -727.91 300
2941 -727.9133333333333 300
2942 -727.9166666666666 300
2943 -727.92 300
2944 -727.8866666666667 300
2945 -727.8933333333333 300
2946 -727.86 300
2947 -727.8733333333333 300
2948 -727.9233333333333 300
2949 -727.9266666666666 300
2950 -727.9366666666666 300
2951 -727.9366666666666 300
2952 -727.9466666666667 300
2953 -727.9466666666667 300
2954 -727.9566666666667 300
2955 -727.9233333333333 300
2956 -727.9366666666666 300
2957 -727.9366666666666 300
2958 -728.0533333333333 300
2959 -728.0633333333334 300
2960 -728.0833333333334 300
2961 -728.09 300
2962 -728.0933333333334 300
2963 -728.0933333333334 300
2964 -728.0933333333334 300
2965 -728.2366666666667 300
2966 -728.2366666666667 300
2967 -728.2366666666667 300
2968 -728.2366666666667 300
2969 -728.2366666666667 300
2970 -728.2366666666667 300
2971 -728.2366666666667 300
2972 -728.2366666666667 300
2973 -728.2366666666667 300
2974 -728.2333333333333 300
2975 -728.2333333333333 300
2976 -728.2766666666666 300
2977 -728.2766666666666 300
2978 -728.2766666666666 300
2979 -728.2766666666666 300
2980 -728.3233333333334 300
2981 -728.3233333333334 300
2982 -728.3233333333334 300
2983 -728.3233333333334 300
2984 -728.3233333333334 300
2985 -728.3233333333334 300
2986 -728.3233333333334 300
2987 -728.3233333333334 300
2988 -728.3233333333334 300
2989 -728.3233333333334 300
2990 -728.3233333333334 300
2991 -728.3233333333334 300
2992 -728.3233333333334 300
2993 -728.3233333333334 300
2994 -728.3233333333334 300
2995 -728.3233333333334 300
2996 -728.3233333333334 300
2997 -728.3233333333334 300
2998 -728.3233333333334 300
2999 -728.3233333333334 300
3000 -728.3233333333334 300
