850.0 -775.0 
927.0 -854.0 
850.0 -775.0 
927.0 -854.0 
865.0 -792.0 
855.0 -785.0 
883.0 -824.0 
867.0 -800.0 
854.0 -779.0 
883.0 -824.0 
860.0 -789.0 
889.0 -832.0 
915.0 -849.0 
860.0 -789.0 
877.0 -816.0 
867.0 -800.0 
870.0 -806.0 
889.0 -832.0 
911.0 -847.0 
905.0 -845.0 
923.0 -851.0 
880.0 -821.0 
900.0 -840.0 
876.0 -812.0 
879.0 -817.0 
903.0 -844.0 
919.0 -850.0 
898.0 -839.0 
923.0 -851.0 
919.0 -850.0 
894.0 -836.0 
894.0 -836.0 
865.0 -792.0 
898.0 -839.0 
855.0 -785.0 
854.0 -779.0 
870.0 -806.0 
903.0 -844.0 
900.0 -840.0 
905.0 -845.0 
911.0 -847.0 
892.0 -835.0 
880.0 -821.0 
874.0 -809.0 
876.0 -812.0 
892.0 -835.0 
872.0 -807.0 
913.0 -848.0 
913.0 -848.0 
890.0 -833.0 
874.0 -809.0 
890.0 -833.0 
873.0 -808.0 
873.0 -808.0 
872.0 -807.0 
879.0 -817.0 
850.0 -775.0 
927.0 -854.0 
883.0 -824.0 
860.0 -789.0 
867.0 -800.0 
889.0 -832.0 
919.0 -850.0 
923.0 -851.0 
894.0 -836.0 
865.0 -792.0 
898.0 -839.0 
855.0 -785.0 
854.0 -779.0 
870.0 -806.0 
903.0 -844.0 
900.0 -840.0 
905.0 -845.0 
911.0 -847.0 
880.0 -821.0 
876.0 -812.0 
892.0 -835.0 
874.0 -809.0 
913.0 -848.0 
890.0 -833.0 
873.0 -808.0 
879.0 -817.0 
872.0 -807.0 
850.0 -775.0 
927.0 -854.0 
883.0 -824.0 
860.0 -789.0 
867.0 -800.0 
889.0 -832.0 
919.0 -850.0 
923.0 -851.0 
894.0 -836.0 
865.0 -792.0 
898.0 -839.0 
855.0 -785.0 
854.0 -779.0 
870.0 -806.0 
903.0 -844.0 
900.0 -840.0 
905.0 -845.0 
911.0 -847.0 
880.0 -821.0 
876.0 -812.0 
892.0 -835.0 
874.0 -809.0 
913.0 -848.0 
890.0 -833.0 
873.0 -808.0 
879.0 -817.0 
872.0 -807.0 
850.0 -775.0 
927.0 -854.0 
883.0 -824.0 
860.0 -789.0 
867.0 -800.0 
889.0 -832.0 
919.0 -850.0 
923.0 -851.0 
894.0 -836.0 
865.0 -792.0 
898.0 -839.0 
855.0 -785.0 
854.0 -779.0 
870.0 -806.0 
903.0 -844.0 
900.0 -840.0 
905.0 -845.0 
911.0 -847.0 
880.0 -821.0 
876.0 -812.0 
892.0 -835.0 
913.0 -848.0 
874.0 -809.0 
890.0 -833.0 
879.0 -817.0 
872.0 -807.0 
873.0 -808.0 
927.0 -854.0 
850.0 -775.0 
883.0 -824.0 
860.0 -789.0 
867.0 -800.0 
889.0 -832.0 
919.0 -850.0 
923.0 -851.0 
894.0 -836.0 
865.0 -792.0 
898.0 -839.0 
855.0 -785.0 
854.0 -779.0 
870.0 -806.0 
903.0 -844.0 
900.0 -840.0 
905.0 -845.0 
911.0 -847.0 
880.0 -821.0 
876.0 -812.0 
892.0 -835.0 
874.0 -809.0 
913.0 -848.0 
890.0 -833.0 
872.0 -807.0 
879.0 -817.0 
873.0 -808.0 
927.0 -854.0 
850.0 -775.0 
883.0 -824.0 
860.0 -789.0 
867.0 -800.0 
889.0 -832.0 
919.0 -850.0 
923.0 -851.0 
894.0 -836.0 
865.0 -792.0 
898.0 -839.0 
855.0 -785.0 
854.0 -779.0 
870.0 -806.0 
903.0 -844.0 
900.0 -840.0 
905.0 -845.0 
911.0 -847.0 
880.0 -821.0 
876.0 -812.0 
892.0 -835.0 
874.0 -809.0 
913.0 -848.0 
890.0 -833.0 
873.0 -808.0 
879.0 -817.0 
872.0 -807.0 
850.0 -775.0 
927.0 -854.0 
883.0 -824.0 
860.0 -789.0 
867.0 -800.0 
889.0 -832.0 
919.0 -850.0 
923.0 -851.0 
894.0 -836.0 
898.0 -839.0 
865.0 -792.0 
855.0 -785.0 
854.0 -779.0 
870.0 -806.0 
903.0 -844.0 
900.0 -840.0 
905.0 -845.0 
911.0 -847.0 
880.0 -821.0 
876.0 -812.0 
892.0 -835.0 
874.0 -809.0 
913.0 -848.0 
890.0 -833.0 
873.0 -808.0 
879.0 -817.0 
872.0 -807.0 
927.0 -854.0 
850.0 -775.0 
883.0 -824.0 
860.0 -789.0 
867.0 -800.0 
889.0 -832.0 
923.0 -851.0 
919.0 -850.0 
894.0 -836.0 
865.0 -792.0 
898.0 -839.0 
855.0 -785.0 
854.0 -779.0 
870.0 -806.0 
903.0 -844.0 
900.0 -840.0 
905.0 -845.0 
911.0 -847.0 
880.0 -821.0 
876.0 -812.0 
892.0 -835.0 
874.0 -809.0 
913.0 -848.0 
890.0 -833.0 
872.0 -807.0 
879.0 -817.0 
850.0 -775.0 
927.0 -854.0 
883.0 -824.0 
860.0 -789.0 
867.0 -800.0 
889.0 -832.0 
923.0 -851.0 
894.0 -836.0 
865.0 -792.0 
898.0 -839.0 
855.0 -785.0 
854.0 -779.0 
870.0 -806.0 
903.0 -844.0 
900.0 -840.0 
905.0 -845.0 
911.0 -847.0 
880.0 -821.0 
876.0 -812.0 
892.0 -835.0 
874.0 -809.0 
913.0 -848.0 
890.0 -833.0 
872.0 -807.0 
879.0 -817.0 
850.0 -775.0 
927.0 -854.0 
883.0 -824.0 
860.0 -789.0 
867.0 -800.0 
889.0 -832.0 
923.0 -851.0 
894.0 -836.0 
865.0 -792.0 
898.0 -839.0 
855.0 -785.0 
854.0 -779.0 
870.0 -806.0 
903.0 -844.0 
900.0 -840.0 
905.0 -845.0 
911.0 -847.0 
880.0 -821.0 
876.0 -812.0 
913.0 -848.0 
874.0 -809.0 
890.0 -833.0 
879.0 -817.0 
872.0 -807.0 
850.0 -775.0 
927.0 -854.0 
883.0 -824.0 
860.0 -789.0 
867.0 -800.0 
889.0 -832.0 
923.0 -851.0 
