553.0 -806.0 
658.0 -901.0 
644.0 -896.0 
600.0 -895.0 
570.0 -828.0 
588.0 -889.0 
555.0 -810.0 
571.0 -843.0 
578.0 -870.0 
556.0 -823.0 
576.0 -855.0 
580.0 -879.0 
578.0 -870.0 
585.0 -883.0 
597.0 -892.0 
648.0 -900.0 
561.0 -826.0 
571.0 -843.0 
573.0 -850.0 
560.0 -825.0 
585.0 -883.0 
580.0 -879.0 
574.0 -852.0 
597.0 -892.0 
573.0 -850.0 
556.0 -823.0 
561.0 -826.0 
575.0 -854.0 
570.0 -828.0 
645.0 -898.0 
599.0 -894.0 
648.0 -900.0 
599.0 -894.0 
576.0 -855.0 
646.0 -899.0 
600.0 -895.0 
575.0 -854.0 
645.0 -898.0 
646.0 -899.0 
644.0 -896.0 
578.0 -870.0 
585.0 -883.0 
597.0 -892.0 
573.0 -850.0 
556.0 -823.0 
561.0 -826.0 
570.0 -828.0 
648.0 -900.0 
599.0 -894.0 
576.0 -855.0 
600.0 -895.0 
645.0 -898.0 
575.0 -854.0 
646.0 -899.0 
644.0 -896.0 
578.0 -870.0 
585.0 -883.0 
597.0 -892.0 
573.0 -850.0 
556.0 -823.0 
561.0 -826.0 
570.0 -828.0 
648.0 -900.0 
599.0 -894.0 
576.0 -855.0 
600.0 -895.0 
575.0 -854.0 
645.0 -898.0 
646.0 -899.0 
644.0 -896.0 
585.0 -883.0 
573.0 -850.0 
556.0 -823.0 
561.0 -826.0 
570.0 -828.0 
648.0 -900.0 
599.0 -894.0 
576.0 -855.0 
600.0 -895.0 
575.0 -854.0 
645.0 -898.0 
646.0 -899.0 
644.0 -896.0 
585.0 -883.0 
573.0 -850.0 
556.0 -823.0 
561.0 -826.0 
570.0 -828.0 
648.0 -900.0 
599.0 -894.0 
576.0 -855.0 
600.0 -895.0 
645.0 -898.0 
575.0 -854.0 
646.0 -899.0 
644.0 -896.0 
585.0 -883.0 
573.0 -850.0 
556.0 -823.0 
561.0 -826.0 
570.0 -828.0 
648.0 -900.0 
599.0 -894.0 
576.0 -855.0 
600.0 -895.0 
645.0 -898.0 
575.0 -854.0 
646.0 -899.0 
644.0 -896.0 
585.0 -883.0 
573.0 -850.0 
556.0 -823.0 
561.0 -826.0 
570.0 -828.0 
648.0 -900.0 
599.0 -894.0 
576.0 -855.0 
600.0 -895.0 
645.0 -898.0 
575.0 -854.0 
646.0 -899.0 
644.0 -896.0 
585.0 -883.0 
573.0 -850.0 
556.0 -823.0 
561.0 -826.0 
570.0 -828.0 
648.0 -900.0 
599.0 -894.0 
576.0 -855.0 
600.0 -895.0 
645.0 -898.0 
575.0 -854.0 
646.0 -899.0 
644.0 -896.0 
585.0 -883.0 
573.0 -850.0 
556.0 -823.0 
561.0 -826.0 
570.0 -828.0 
648.0 -900.0 
599.0 -894.0 
576.0 -855.0 
600.0 -895.0 
575.0 -854.0 
645.0 -898.0 
646.0 -899.0 
644.0 -896.0 
585.0 -883.0 
573.0 -850.0 
556.0 -823.0 
561.0 -826.0 
570.0 -828.0 
648.0 -900.0 
599.0 -894.0 
576.0 -855.0 
600.0 -895.0 
575.0 -854.0 
645.0 -898.0 
646.0 -899.0 
644.0 -896.0 
585.0 -883.0 
573.0 -850.0 
556.0 -823.0 
561.0 -826.0 
570.0 -828.0 
648.0 -900.0 
599.0 -894.0 
576.0 -855.0 
600.0 -895.0 
645.0 -898.0 
575.0 -854.0 
646.0 -899.0 
644.0 -896.0 
585.0 -883.0 
573.0 -850.0 
556.0 -823.0 
561.0 -826.0 
570.0 -828.0 
648.0 -900.0 
599.0 -894.0 
576.0 -855.0 
600.0 -895.0 
575.0 -854.0 
645.0 -898.0 
646.0 -899.0 
644.0 -896.0 
585.0 -883.0 
573.0 -850.0 
556.0 -823.0 
561.0 -826.0 
570.0 -828.0 
648.0 -900.0 
599.0 -894.0 
576.0 -855.0 
600.0 -895.0 
645.0 -898.0 
575.0 -854.0 
646.0 -899.0 
644.0 -896.0 
585.0 -883.0 
573.0 -850.0 
556.0 -823.0 
561.0 -826.0 
570.0 -828.0 
648.0 -900.0 
599.0 -894.0 
576.0 -855.0 
600.0 -895.0 
575.0 -854.0 
646.0 -899.0 
644.0 -896.0 
585.0 -883.0 
573.0 -850.0 
556.0 -823.0 
561.0 -826.0 
570.0 -828.0 
648.0 -900.0 
599.0 -894.0 
576.0 -855.0 
600.0 -895.0 
575.0 -854.0 
646.0 -899.0 
644.0 -896.0 
585.0 -883.0 
573.0 -850.0 
556.0 -823.0 
561.0 -826.0 
570.0 -828.0 
648.0 -900.0 
599.0 -894.0 
576.0 -855.0 
600.0 -895.0 
575.0 -854.0 
646.0 -899.0 
644.0 -896.0 
585.0 -883.0 
561.0 -826.0 
556.0 -823.0 
570.0 -828.0 
648.0 -900.0 
573.0 -850.0 
599.0 -894.0 
576.0 -855.0 
600.0 -895.0 
575.0 -854.0 
646.0 -899.0 
644.0 -896.0 
585.0 -883.0 
561.0 -826.0 
556.0 -823.0 
570.0 -828.0 
648.0 -900.0 
573.0 -850.0 
599.0 -894.0 
576.0 -855.0 
600.0 -895.0 
575.0 -854.0 
646.0 -899.0 
644.0 -896.0 
585.0 -883.0 
561.0 -826.0 
556.0 -823.0 
570.0 -828.0 
648.0 -900.0 
573.0 -850.0 
599.0 -894.0 
576.0 -855.0 
600.0 -895.0 
575.0 -854.0 
646.0 -899.0 
644.0 -896.0 
585.0 -883.0 
561.0 -826.0 
556.0 -823.0 
570.0 -828.0 
648.0 -900.0 
573.0 -850.0 
599.0 -894.0 
576.0 -855.0 
600.0 -895.0 
575.0 -854.0 
644.0 -896.0 
585.0 -883.0 
561.0 -826.0 
556.0 -823.0 
570.0 -828.0 
648.0 -900.0 
573.0 -850.0 
599.0 -894.0 
576.0 -855.0 
600.0 -895.0 
575.0 -854.0 
644.0 -896.0 
585.0 -883.0 
561.0 -826.0 
556.0 -823.0 
570.0 -828.0 
648.0 -900.0 
573.0 -850.0 
