2091 -1196.9166666666667 300
2092 -1196.79 300
2093 -1196.44 300
2094 -1195.22 300
2095 -1196.05 300
2096 -1196.2666666666667 300
2097 -1195.8333333333333 300
2098 -1194.7533333333333 300
2099 -1192.4533333333334 300
2100 -1187.6033333333332 300
2101 -1188.1666666666667 300
2102 -1188.9433333333334 300
2103 -1189.9866666666667 300
2104 -1186.6533333333334 300
2105 -1187.6966666666667 300
2106 -1188.7366666666667 300
2107 -1189.73 300
2108 -1189.7766666666666 300
2109 -1188.6033333333332 300
2110 -1187.8033333333333 300
2111 -1186.3133333333333 300
2112 -1183.83 300
2113 -1183.69 300
2114 -1184.09 300
2115 -1184.3333333333333 300
2116 -1183.24 300
2117 -1184.2466666666667 300
2118 -1183.7733333333333 300
2119 -1183.6733333333334 300
2120 -1183.5933333333332 300
2121 -1183.5 300
2122 -1183.4233333333334 300
2123 -1183.3933333333334 300
2124 -1183.2966666666666 300
2125 -1183.0933333333332 300
2126 -1183.2166666666667 300
2127 -1182.8266666666666 300
2128 -1182.4066666666668 300
2129 -1182.0833333333333 300
2130 -1180.5066666666667 300
2131 -1178.1233333333332 300
2132 -1175.91 300
2133 -1177.18 300
2134 -1178.6766666666667 300
2135 -1177.1333333333334 300
2136 -1178.31 300
2137 -1178.6366666666668 300
2138 -1176.5933333333332 300
2139 -1176.04 300
2140 -1175.5533333333333 300
2141 -1178.5166666666667 300
2142 -1177.3833333333334 300
2143 -1177.0866666666666 300
2144 -1178.81 300
2145 -1178.7466666666667 300
2146 -1175.9466666666667 300
2147 -1174.2866666666666 300
2148 -1174.5666666666666 300
2149 -1174.9466666666667 300
2150 -1175.2266666666667 300
2151 -1175.4766666666667 300
2152 -1176.0733333333333 300
2153 -1175.87 300
2154 -1169.09 300
2155 -1167.8133333333333 300
2156 -1166.2166666666667 300
2157 -1163.4466666666667 300
2158 -1158.59 300
2159 -1151.6666666666667 300
2160 -1147.2533333333333 300
2161 -1147.4333333333334 300
2162 -1147.8 300
2163 -1148.0433333333333 300
2164 -1148.3566666666666 300
2165 -1148.54 300
2166 -1148.6333333333334 300
2167 -1147.79 300
2168 -1143.19 300
2169 -1141.3733333333332 300
2170 -1141.6566666666668 300
2171 -1144.51 300
2172 -1143.2 300
2173 -1141.23 300
2174 -1141.68 300
2175 -1139.7366666666667 300
2176 -1138.4833333333333 300
2177 -1138.4266666666667 300
2178 -1136.4466666666667 300
2179 -1135.9333333333334 300
2180 -1130.0966666666666 300
2181 -1127.3233333333333 300
2182 -1130.6866666666667 300
2183 -1124.7266666666667 300
2184 -1112.89 300
2185 -1106.1533333333334 300
2186 -1106.82 300
2187 -1108.4033333333334 300
2188 -1109.7266666666667 300
2189 -1111.1166666666666 300
2190 -1113.82 300
2191 -1115.0766666666666 300
2192 -1109.3766666666668 300
2193 -1110.0066666666667 300
2194 -1106.4466666666667 300
2195 -1105.5033333333333 300
2196 -1106.0633333333333 300
2197 -1106.64 300
2198 -1108.1533333333334 300
2199 -1108.4933333333333 300
2200 -1099.4233333333334 300
2201 -1097.42 300
2202 -1097.4466666666667 300
2203 -1097.48 300
2204 -1097.51 300
2205 -1097.52 300
2206 -1097.5566666666666 300
2207 -1097.6066666666666 300
2208 -1097.2466666666667 300
2209 -1097.2533333333333 300
2210 -1097.2633333333333 300
2211 -1097.2966666666666 300
2212 -1097.2033333333334 300
2213 -1096.98 300
2214 -1096.58 300
2215 -1095.9666666666667 300
2216 -1095.9033333333334 300
2217 -1095.8466666666666 300
2218 -1095.7533333333333 300
2219 -1095.45 300
2220 -1094.6833333333334 300
2221 -1093.2466666666667 300
2222 -1091.5833333333333 300
2223 -1093.8633333333332 300
2224 -1091.8133333333333 300
2225 -1089.06 300
2226 -1082.4266666666667 300
2227 -1068.99 300
2228 -1066.0533333333333 300
2229 -1065.9233333333334 300
2230 -1065.75 300
2231 -1065.6166666666666 300
2232 -1065.0933333333332 300
2233 -1064.39 300
2234 -1062.8566666666666 300
2235 -1061.93 300
2236 -1064.8233333333333 300
2237 -1066.3 300
2238 -1065.6533333333334 300
2239 -1065.59 300
2240 -1065.2 300
2241 -1065.0233333333333 300
2242 -1064.6166666666666 300
2243 -1064.7733333333333 300
2244 -1064.4266666666667 300
2245 -1063.8 300
2246 -1063.2066666666667 300
2247 -1063.44 300
2248 -1063.58 300
2249 -1062.0333333333333 300
2250 -1058.6733333333334 300
2251 -1056.08 300
2252 -1055.8166666666666 300
2253 -1055.8866666666668 300
2254 -1054.6266666666668 300
2255 -1054.8133333333333 300
2256 -1055.1466666666668 300
2257 -1055.6733333333334 300
2258 -1053.69 300
2259 -1053.3466666666666 300
2260 -1053.0533333333333 300
2261 -1052.23 300
2262 -1050.89 300
2263 -1048.31 300
2264 -1042.7033333333334 300
2265 -1033.43 300
2266 -1034.3333333333333 300
2267 -1035.9 300
2268 -1037.9566666666667 300
2269 -1040.75 300
2270 -1045.71 300
2271 -1038.72 300
2272 -1041.22 300
2273 -1035.2666666666667 300
2274 -1036.6166666666666 300
2275 -1034.3533333333332 300
2276 -1030.3033333333333 300
2277 -1025.95 300
2278 -1029.26 300
2279 -1027.7566666666667 300
2280 -1022.76 300
2281 -1008.56 300
2282 -1004.2533333333333 300
2283 -1005.1266666666667 300
2284 -1005.3866666666667 300
2285 -1005.91 300
2286 -1007.0433333333333 300
2287 -1007.8066666666666 300
2288 -1008.0933333333334 300
2289 -1008.8266666666667 300
2290 -1008.7566666666667 300
2291 -1006.62 300
2292 -1004.7566666666667 300
2293 -999.97 300
2294 -999.1066666666667 300
2295 -999.43 300
2296 -993.8966666666666 300
2297 -993.0666666666667 300
2298 -991.9 300
2299 -993.8533333333334 300
2300 -997.0966666666667 300
2301 -998.9966666666667 300
2302 -998.4266666666666 300
2303 -997.0466666666666 300
2304 -994.87 300
2305 -992.35 300
2306 -991.01 300
2307 -992.24 300
2308 -993.9433333333334 300
2309 -996.68 300
2310 -997.6933333333334 300
2311 -996.1033333333334 300
2312 -993.8233333333334 300
2313 -995.0233333333333 300
2314 -997.2233333333334 300
2315 -996.56 300
2316 -995.0066666666667 300
2317 -992.3266666666667 300
2318 -991.75 300
2319 -991.5133333333333 300
2320 -992.9566666666667 300
2321 -990.7633333333333 300
2322 -991.3266666666667 300
2323 -988.1433333333333 300
2324 -988.76 300
2325 -989.53 300
2326 -990.4633333333334 300
2327 -991.2666666666667 300
2328 -992.8 300
2329 -995.4066666666666 300
2330 -994.5033333333333 300
2331 -992.68 300
2332 -989.9 300
2333 -988.59 300
2334 -987.6833333333333 300
2335 -985.5866666666667 300
2336 -980.47 300
2337 -980.6866666666666 300
2338 -980.95 300
2339 -981.2566666666667 300
2340 -981.4766666666667 300
2341 -981.6966666666667 300
2342 -981.92 300
2343 -982.2233333333334 300
2344 -981.0966666666667 300
2345 -981.4033333333333 300
2346 -982.9433333333334 300
2347 -985.0766666666667 300
2348 -987.24 300
2349 -987.3266666666667 300
2350 -987.3266666666667 300
2351 -986.7166666666667 300
2352 -984.64 300
2353 -978.61 300
2354 -979.6133333333333 300
2355 -981.85 300
2356 -979.5 300
2357 -974.24 300
2358 -964.1766666666666 300
2359 -960.5533333333333 300
2360 -960.1233333333333 300
2361 -960.0766666666667 300
2362 -959.8866666666667 300
2363 -959.7033333333334 300
2364 -959.5633333333334 300
2365 -960.0733333333334 300
2366 -960.02 300
2367 -959.9333333333333 300
2368 -959.9666666666667 300
2369 -960.1233333333333 300
2370 -959.3633333333333 300
2371 -958.4633333333334 300
2372 -958.54 300
2373 -958.94 300
2374 -959.1433333333333 300
2375 -959.2766666666666 300
2376 -959.35 300
2377 -958.1766666666666 300
2378 -958.1033333333334 300
2379 -958.2233333333334 300
2380 -958.2733333333333 300
2381 -958.16 300
2382 -958.0466666666666 300
2383 -958.0133333333333 300
2384 -958.0433333333333 300
2385 -956.7433333333333 300
2386 -956.7433333333333 300
2387 -956.7566666666667 300
2388 -956.7133333333334 300
2389 -956.12 300
2390 -956.1166666666667 300
2391 -955.9 300
2392 -955.77 300
2393 -955.2933333333333 300
2394 -954.3833333333333 300
2395 -952.7233333333334 300
2396 -949.3433333333334 300
2397 -950.4866666666667 300
2398 -945.59 300
2399 -945.8066666666666 300
2400 -946.0666666666667 300
2401 -946.11 300
2402 -946.2766666666666 300
2403 -946.62 300
2404 -946.8166666666667 300
2405 -947.0933333333334 300
2406 -947.5566666666666 300
2407 -948.8233333333334 300
2408 -949.5 300
2409 -950.2333333333333 300
2410 -951.06 300
2411 -947.5633333333334 300
2412 -947.6866666666666 300
2413 -947.5166666666667 300
2414 -947.6266666666667 300
2415 -947.9933333333333 300
2416 -948.15 300
2417 -947.41 300
2418 -944.8933333333333 300
2419 -945.13 300
2420 -945.3533333333334 300
2421 -945.5633333333334 300
2422 -945.52 300
2423 -945.4733333333334 300
2424 -945.8233333333334 300
2425 -946.0066666666667 300
2426 -946.0366666666666 300
2427 -945.8333333333334 300
2428 -945.59 300
2429 -945.5366666666666 300
2430 -945.7566666666667 300
2431 -946.0533333333333 300
2432 -946.42 300
2433 -946.3766666666667 300
2434 -946.37 300
2435 -946.4766666666667 300
2436 -946.5466666666666 300
2437 -946.7933333333333 300
2438 -946.6433333333333 300
2439 -946.72 300
2440 -946.71 300
2441 -946.5566666666666 300
2442 -946.51 300
2443 -946.5533333333333 300
2444 -943.91 300
2445 -943.9066666666666 300
2446 -943.9433333333334 300
2447 -943.93 300
2448 -943.9166666666666 300
2449 -943.95 300
2450 -943.6933333333334 300
2451 -942.9566666666667 300
2452 -942.9133333333333 300
2453 -942.9133333333333 300
2454 -942.8733333333333 300
2455 -942.9966666666667 300
2456 -943.0233333333333 300
2457 -942.9966666666667 300
2458 -943.02 300
2459 -943.0466666666666 300
2460 -943.0033333333333 300
2461 -943.0033333333333 300
2462 -943.0466666666666 300
2463 -942.96 300
2464 -943.01 300
2465 -943.0133333333333 300
2466 -943.0066666666667 300
2467 -943.0066666666667 300
2468 -943.01 300
2469 -943.0066666666667 300
2470 -943.0066666666667 300
2471 -943.0033333333333 300
2472 -943.1 300
2473 -943.1 300
2474 -943.0966666666667 300
2475 -943.0966666666667 300
2476 -943.1333333333333 300
2477 -943.1633333333333 300
2478 -943.2366666666667 300
2479 -943.39 300
2480 -943.81 300
2481 -944.29 300
2482 -944.6033333333334 300
2483 -944.3766666666667 300
2484 -944.33 300
2485 -944.2733333333333 300
2486 -944.2733333333333 300
2487 -944.3166666666667 300
2488 -944.33 300
2489 -944.5466666666666 300
2490 -944.5466666666666 300
2491 -944.5866666666667 300
2492 -944.6366666666667 300
2493 -944.7266666666667 300
2494 -944.7333333333333 300
2495 -944.7266666666667 300
2496 -944.6333333333333 300
2497 -944.59 300
2498 -944.34 300
2499 -943.96 300
2500 -942.5533333333333 300
2501 -940.22 300
2502 -933.6966666666667 300
2503 -938.2866666666666 300
2504 -938.51 300
2505 -938.3633333333333 300
2506 -942.9 300
2507 -941.9766666666667 300
2508 -939.55 300
2509 -936.1166666666667 300
2510 -928.0266666666666 300
2511 -925.7333333333333 300
2512 -927.1633333333333 300
2513 -926.7066666666667 300
2514 -927.6633333333333 300
2515 -928.8666666666667 300
2516 -930.7766666666666 300
2517 -933.03 300
2518 -934.8166666666667 300
2519 -933.3066666666666 300
2520 -935.7066666666667 300
2521 -939.8666666666667 300
2522 -941.77 300
2523 -944.7833333333333 300
2524 -942.7533333333333 300
2525 -935.9033333333333 300
2526 -940.9133333333333 300
2527 -940.6333333333333 300
2528 -943.45 300
2529 -944.07 300
2530 -945.9 300
2531 -945.16 300
2532 -944.21 300
2533 -945.48 300
2534 -944.1333333333333 300
2535 -945.68 300
2536 -944.7566666666667 300
2537 -942.28 300
2538 -936.3133333333334 300
2539 -928.09 300
2540 -920.49 300
2541 -920.9333333333333 300
2542 -921.4766666666667 300
2543 -922.2233333333334 300
2544 -921.75 300
2545 -920.1666666666666 300
2546 -916.5 300
2547 -915.33 300
2548 -914.6366666666667 300
2549 -914.7733333333333 300
2550 -914.91 300
2551 -915.54 300
2552 -915.7466666666667 300
2553 -915.84 300
2554 -916.36 300
2555 -917.3866666666667 300
2556 -919.0966666666667 300
2557 -919.4333333333333 300
2558 -920.12 300
2559 -921.18 300
2560 -922.8366666666667 300
2561 -924.25 300
2562 -926.7666666666667 300
2563 -927.6533333333333 300
2564 -927.6833333333333 300
2565 -927.5533333333333 300
2566 -927.7066666666667 300
2567 -927.7066666666667 300
2568 -927.7066666666667 300
2569 -927.6633333333333 300
2570 -927.6633333333333 300
2571 -927.58 300
2572 -927.37 300
2573 -926.9166666666666 300
2574 -926.01 300
2575 -924.8166666666667 300
2576 -922.28 300
2577 -916.9633333333334 300
2578 -917.1433333333333 300
2579 -915.4666666666667 300
2580 -915.7166666666667 300
2581 -915.9233333333333 300
2582 -916.2966666666666 300
2583 -916.2933333333333 300
2584 -915.9733333333334 300
2585 -915.9666666666667 300
2586 -915.95 300
2587 -915.8866666666667 300
2588 -915.8433333333334 300
2589 -915.6 300
2590 -915.3333333333334 300
2591 -915.6966666666667 300
2592 -915.5833333333334 300
2593 -915.51 300
2594 -915.2166666666667 300
2595 -914.87 300
2596 -914.61 300
2597 -913.8733333333333 300
2598 -914.49 300
2599 -913.8833333333333 300
2600 -914.13 300
2601 -912.87 300
2602 -910.61 300
2603 -905.14 300
2604 -904.1266666666667 300
2605 -904.08 300
2606 -902.56 300
2607 -899.44 300
2608 -897.3333333333334 300
2609 -897.6566666666666 300
2610 -894.95 300
2611 -893.21 300
2612 -893.6633333333333 300
2613 -894.1433333333333 300
2614 -895.0566666666666 300
2615 -896.57 300
2616 -893.96 300
2617 -893.9 300
2618 -894.4166666666666 300
2619 -895.0266666666666 300
2620 -892.4833333333333 300
2621 -893.2266666666667 300
2622 -887.6833333333333 300
2623 -887.66 300
2624 -887.3 300
2625 -886.1833333333333 300
2626 -884.75 300
2627 -883.4666666666667 300
2628 -883.5533333333333 300
2629 -886.8466666666667 300
2630 -886.34 300
2631 -884.2166666666667 300
2632 -881.8333333333334 300
2633 -882.3933333333333 300
2634 -883.9066666666666 300
2635 -879.4433333333334 300
2636 -874.4333333333333 300
2637 -874.4766666666667 300
2638 -874.6066666666667 300
2639 -874.9533333333334 300
2640 -875.5166666666667 300
2641 -877.0333333333333 300
2642 -880.32 300
2643 -884.9933333333333 300
2644 -886.64 300
2645 -886.5033333333333 300
2646 -886.1866666666666 300
2647 -885.0066666666667 300
2648 -882.87 300
2649 -879.1233333333333 300
2650 -872.0166666666667 300
2651 -854.3433333333334 300
2652 -846.59 300
2653 -846.59 300
2654 -846.18 300
2655 -846.18 300
2656 -846.1366666666667 300
2657 -846.04 300
2658 -846.01 300
2659 -845.6866666666666 300
2660 -845.1833333333333 300
2661 -844.1833333333333 300
2662 -842.4366666666666 300
2663 -842.4266666666666 300
2664 -844.33 300
2665 -845.37 300
2666 -845.1566666666666 300
2667 -844.68 300
2668 -843.5933333333334 300
2669 -841.7233333333334 300
2670 -838.6066666666667 300
2671 -838.4666666666667 300
2672 -842.15 300
2673 -838.3833333333333 300
2674 -834.2233333333334 300
2675 -834.2233333333334 300
2676 -834.2233333333334 300
2677 -834.22 300
2678 -834.35 300
2679 -834.43 300
2680 -834.0566666666666 300
2681 -833.71 300
2682 -833.58 300
2683 -833.5433333333333 300
2684 -833.5933333333334 300
2685 -833.7266666666667 300
2686 -833.5833333333334 300
2687 -833.67 300
2688 -833.6233333333333 300
2689 -833.3233333333334 300
2690 -835.0533333333333 300
2691 -834.8733333333333 300
2692 -836.26 300
2693 -837.6033333333334 300
2694 -838.3866666666667 300
2695 -838.99 300
2696 -836.8633333333333 300
2697 -834.9033333333333 300
2698 -833.5666666666667 300
2699 -833.5666666666667 300
2700 -833.5666666666667 300
2701 -833.5666666666667 300
2702 -833.57 300
2703 -833.57 300
2704 -833.5733333333334 300
2705 -833.53 300
2706 -833.53 300
2707 -833.5833333333334 300
2708 -833.4533333333334 300
2709 -833.1933333333334 300
2710 -832.5133333333333 300
2711 -830.9633333333334 300
2712 -829.9433333333334 300
2713 -829.8233333333334 300
2714 -824.3133333333334 300
2715 -822.7566666666667 300
2716 -822.93 300
2717 -822.98 300
2718 -822.7733333333333 300
2719 -821.5866666666667 300
2720 -819.2633333333333 300
2721 -816.6966666666667 300
2722 -818.6 300
2723 -820.58 300
2724 -822.13 300
2725 -819.6266666666667 300
2726 -822.31 300
2727 -823.25 300
2728 -819.3266666666667 300
2729 -814.85 300
2730 -805.9833333333333 300
2731 -792.39 300
2732 -789.7633333333333 300
2733 -787.8466666666667 300
2734 -789.0066666666667 300
2735 -790.96 300
2736 -778.2266666666667 300
2737 -778.3866666666667 300
2738 -778.5 300
2739 -778.6133333333333 300
2740 -778.84 300
2741 -778.9233333333333 300
2742 -778.75 300
2743 -778.28 300
2744 -778.0366666666666 300
2745 -778.93 300
2746 -776.8633333333333 300
2747 -771.7766666666666 300
2748 -771.8433333333334 300
2749 -772.09 300
2750 -772.5833333333334 300
2751 -773.4133333333333 300
2752 -774.78 300
2753 -775.7366666666667 300
2754 -776.8766666666667 300
2755 -779.7266666666667 300
2756 -780.73 300
2757 -774.0566666666666 300
2758 -774.3466666666667 300
2759 -775.7933333333333 300
2760 -775.9933333333333 300
2761 -776.9766666666667 300
2762 -778.0233333333333 300
2763 -779.2833333333333 300
2764 -780.9266666666666 300
2765 -782.5066666666667 300
2766 -782.3266666666667 300
2767 -784.3666666666667 300
2768 -773.4666666666667 300
2769 -775.4733333333334 300
2770 -776.69 300
2771 -775.3566666666667 300
2772 -777.09 300
2773 -779.07 300
2774 -781.3033333333333 300
2775 -783.8966666666666 300
2776 -787.1066666666667 300
2777 -789.3266666666667 300
2778 -787.9533333333334 300
2779 -789.8933333333333 300
2780 -786.72 300
2781 -773.9166666666666 300
2782 -772.2 300
2783 -772.2466666666667 300
2784 -772.4966666666667 300
2785 -772.89 300
2786 -771.8566666666667 300
2787 -770.5266666666666 300
2788 -770.7333333333333 300
2789 -770.9433333333334 300
2790 -762.49 300
2791 -762.87 300
2792 -763.26 300
2793 -764.0766666666667 300
2794 -765.05 300
2795 -766.3366666666667 300
2796 -769.2533333333333 300
2797 -770.1633333333333 300
2798 -769.2766666666666 300
2799 -756.4966666666667 300
2800 -751.2866666666666 300
2801 -751.4766666666667 300
2802 -751.6133333333333 300
2803 -751.76 300
2804 -751.81 300
2805 -752.1866666666666 300
2806 -751.73 300
2807 -751.7466666666667 300
2808 -751.8533333333334 300
2809 -751.87 300
2810 -752.9733333333334 300
2811 -753.78 300
2812 -753.6466666666666 300
2813 -754.7133333333334 300
2814 -755.6066666666667 300
2815 -756.6533333333333 300
2816 -758.6533333333333 300
2817 -759.8133333333334 300
2818 -759.3133333333334 300
2819 -756.39 300
2820 -756.1233333333333 300
2821 -755.6033333333334 300
2822 -756.3433333333334 300
2823 -757.7 300
2824 -759.1733333333333 300
2825 -760.2033333333334 300
2826 -758.8366666666667 300
2827 -761.2866666666666 300
2828 -760.84 300
2829 -760.09 300
2830 -758.8866666666667 300
2831 -756.9833333333333 300
2832 -754.0233333333333 300
2833 -749.1933333333334 300
2834 -751.0233333333333 300
2835 -753.31 300
2836 -756.21 300
2837 -754.5166666666667 300
2838 -751.8866666666667 300
2839 -752.9833333333333 300
2840 -750.6 300
2841 -751.2466666666667 300
2842 -750.7933333333333 300
2843 -751.2366666666667 300
2844 -751.2266666666667 300
2845 -751.2266666666667 300
2846 -751.2833333333333 300
2847 -750.4133333333333 300
2848 -750.1333333333333 300
2849 -750.54 300
2850 -751.0966666666667 300
2851 -751.8266666666667 300
2852 -753.46 300
2853 -755.29 300
2854 -758.4166666666666 300
2855 -758.9133333333333 300
2856 -743.2733333333333 300
2857 -740.64 300
2858 -731.5866666666667 300
2859 -724.5333333333333 300
2860 -724.35 300
2861 -724.7166666666667 300
2862 -725.3633333333333 300
2863 -725.76 300
2864 -725.9733333333334 300
2865 -727.15 300
2866 -728.1133333333333 300
2867 -728.8966666666666 300
2868 -730.0866666666667 300
2869 -732.7666666666667 300
2870 -735.65 300
2871 -736.4 300
2872 -732.2833333333333 300
2873 -732.74 300
2874 -735.7866666666666 300
2875 -740.8033333333333 300
2876 -745.06 300
2877 -748.4066666666666 300
2878 -759.4666666666667 300
2879 -763.48 300
2880 -767.53 300
2881 -776.5766666666667 300
2882 -774.1466666666666 300
2883 -768.07 300
2884 -761.8266666666667 300
2885 -766.7366666666667 300
2886 -764.5466666666666 300
2887 -759.8833333333333 300
2888 -763.01 300
2889 -768.78 300
2890 -769.33 300
2891 -767.5966666666667 300
2892 -764.3633333333333 300
2893 -762.2866666666666 300
2894 -760.3533333333334 300
2895 -760.45 300
2896 -760.6466666666666 300
2897 -760.8866666666667 300
2898 -761.2233333333334 300
2899 -759.23 300
2900 -758.5766666666667 300
2901 -758.5766666666667 300
2902 -758.5766666666667 300
2903 -758.8133333333334 300
2904 -758.9066666666666 300
2905 -759.0433333333333 300
2906 -759.14 300
2907 -759.1833333333333 300
2908 -759.51 300
2909 -759.52 300
2910 -759.52 300
2911 -757.8766666666667 300
2912 -757.8766666666667 300
2913 -757.8766666666667 300
2914 -757.8866666666667 300
2915 -757.9833333333333 300
2916 -758.0266666666666 300
2917 -758.0266666666666 300
2918 -758.0266666666666 300
2919 -758.07 300
2920 -758.1666666666666 300
2921 -758.31 300
2922 -758.3533333333334 300
2923 -758.44 300
2924 -758.7433333333333 300
2925 -759.2633333333333 300
2926 -759.5666666666667 300
2927 -760.39 300
2928 -761.0933333333334 300
2929 -761.97 300
2930 -763.2966666666666 300
2931 -764.8766666666667 300
2932 -766.7266666666667 300
2933 -770.1033333333334 300
2934 -770.4066666666666 300
2935 -770.6333333333333 300
2936 -770.57 300
2937 -770.57 300
2938 -770.6666666666666 300
2939 -770.6666666666666 300
2940 -770.6666666666666 300
2941 -770.86 300
2942 -770.9533333333334 300
2943 -770.9533333333334 300
2944 -771.1 300
2945 -771.24 300
2946 -771.4133333333333 300
2947 -771.5433333333333 300
2948 -771.5433333333333 300
2949 -771.77 300
2950 -772.2866666666666 300
2951 -772.74 300
2952 -773.3233333333334 300
2953 -773.8933333333333 300
2954 -774.7833333333333 300
2955 -775.6333333333333 300
2956 -776.7433333333333 300
2957 -778.31 300
2958 -780.6633333333333 300
2959 -783.92 300
2960 -785.4633333333334 300
2961 -784.6866666666666 300
2962 -784.65 300
2963 -784.73 300
2964 -784.23 300
2965 -784.2766666666666 300
2966 -784.4266666666666 300
2967 -784.4266666666666 300
2968 -784.47 300
2969 -784.6033333333334 300
2970 -784.94 300
2971 -783.2033333333334 300
2972 -783.73 300
2973 -784.4266666666666 300
2974 -786.1166666666667 300
2975 -788.2733333333333 300
2976 -789.58 300
2977 -785.09 300
2978 -783.0433333333333 300
2979 -783.07 300
2980 -783.07 300
2981 -783.07 300
2982 -783.1166666666667 300
2983 -783.1166666666667 300
2984 -783.1166666666667 300
2985 -783.16 300
2986 -783.4033333333333 300
2987 -783.4966666666667 300
2988 -783.28 300
2989 -783.2833333333333 300
2990 -783.3266666666667 300
2991 -783.5066666666667 300
2992 -783.5233333333333 300
2993 -783.6533333333333 300
2994 -783.8866666666667 300
2995 -784.17 300
2996 -784.1733333333333 300
2997 -783.7333333333333 300
2998 -782.8166666666667 300
2999 -782.65 300
3000 -782.5633333333334 300
3001 -782.0166666666667 300
3002 -781.3466666666667 300
3003 -779.88 300
3004 -778.1533333333333 300
3005 -779.0733333333334 300
3006 -776.69 300
3007 -777.75 300
3008 -777.7333333333333 300
3009 -778.4533333333334 300
3010 -777.59 300
3011 -773.5933333333334 300
3012 -774.7066666666667 300
3013 -774.7266666666667 300
3014 -773.5433333333333 300
3015 -765.2566666666667 300
3016 -765.53 300
3017 -766.2866666666666 300
3018 -767.08 300
3019 -760.07 300
3020 -760.3733333333333 300
3021 -760.5033333333333 300
3022 -759.59 300
3023 -759.72 300
3024 -759.9366666666666 300
3025 -760.2833333333333 300
3026 -760.4566666666667 300
3027 -760.9766666666667 300
3028 -760.2833333333333 300
3029 -760.46 300
3030 -758.4166666666666 300
3031 -758.5 300
3032 -758.5433333333333 300
3033 -758.5433333333333 300
3034 -758.5866666666667 300
3035 -758.63 300
3036 -758.7133333333334 300
3037 -758.7966666666666 300
3038 -758.88 300
3039 -758.96 300
3040 -759.04 300
3041 -759.0766666666667 300
3042 -759.1533333333333 300
3043 -759.2333333333333 300
3044 -759.2666666666667 300
3045 -759.3 300
3046 -759.4 300
3047 -759.72 300
3048 -759.8566666666667 300
3049 -760.33 300
3050 -758.1233333333333 300
3051 -758.1233333333333 300
3052 -758.0766666666667 300
3053 -758.1166666666667 300
3054 -758.13 300
3055 -757.1866666666666 300
3056 -757.3266666666667 300
3057 -757.35 300
3058 -757.4566666666667 300
3059 -757.4933333333333 300
3060 -757.63 300
3061 -757.66 300
3062 -757.7733333333333 300
3063 -757.9733333333334 300
3064 -756.71 300
3065 -755.3766666666667 300
3066 -755.3866666666667 300
3067 -755.4333333333333 300
3068 -755.44 300
3069 -755.49 300
3070 -755.49 300
3071 -755.4966666666667 300
3072 -755.4966666666667 300
3073 -755.4633333333334 300
3074 -755.5466666666666 300
3075 -755.4033333333333 300
3076 -755.39 300
3077 -755.3433333333334 300
3078 -755.2366666666667 300
3079 -754.9266666666666 300
3080 -754.62 300
3081 -754.16 300
3082 -754.0666666666667 300
3083 -753.9733333333334 300
3084 -753.88 300
3085 -753.7866666666666 300
3086 -753.69 300
3087 -753.5933333333334 300
3088 -753.4966666666667 300
3089 -753.3933333333333 300
3090 -753.27 300
3091 -753.1166666666667 300
3092 -752.9233333333333 300
3093 -752.6733333333333 300
3094 -754.3933333333333 300
3095 -754.4566666666667 300
3096 -754.61 300
3097 -754.7233333333334 300
3098 -755.0666666666667 300
3099 -755.19 300
3100 -755.1633333333333 300
3101 -755.19 300
3102 -755.21 300
3103 -754.9966666666667 300
3104 -754.41 300
3105 -754.4 300
3106 -754.4433333333334 300
3107 -754.55 300
3108 -754.7966666666666 300
3109 -755.0766666666667 300
3110 -754.67 300
3111 -754.7966666666666 300
3112 -754.8566666666667 300
3113 -754.8466666666667 300
3114 -754.6766666666666 300
3115 -754.71 300
3116 -754.79 300
3117 -754.99 300
3118 -755.2733333333333 300
3119 -755.4333333333333 300
3120 -755.61 300
3121 -755.8166666666667 300
3122 -755.47 300
3123 -754.69 300
3124 -754.92 300
3125 -754.6466666666666 300
3126 -754.4466666666667 300
3127 -754.48 300
3128 -754.4066666666666 300
3129 -754.4066666666666 300
3130 -754.45 300
3131 -754.58 300
3132 -754.6666666666666 300
3133 -755.1 300
3134 -755.6633333333333 300
3135 -756.0966666666667 300
3136 -755.1433333333333 300
3137 -754.5366666666666 300
3138 -754.5866666666667 300
3139 -754.6366666666667 300
3140 -754.68 300
3141 -754.68 300
3142 -754.6366666666667 300
3143 -754.68 300
3144 -754.68 300
3145 -754.73 300
3146 -754.74 300
3147 -754.7366666666667 300
3148 -754.66 300
3149 -754.5566666666666 300
3150 -754.5566666666666 300
3151 -754.6533333333333 300
3152 -754.6533333333333 300
3153 -754.6533333333333 300
3154 -754.6533333333333 300
3155 -754.5666666666667 300
3156 -754.5666666666667 300
3157 -754.5666666666667 300
3158 -754.75 300
3159 -754.75 300
3160 -754.75 300
3161 -754.75 300
3162 -754.7433333333333 300
3163 -754.7433333333333 300
3164 -754.7866666666666 300
3165 -754.7866666666666 300
3166 -754.7866666666666 300
3167 -754.7866666666666 300
3168 -754.6866666666666 300
3169 -754.6866666666666 300
3170 -754.6866666666666 300
3171 -754.5033333333333 300
3172 -754.5133333333333 300
3173 -754.47 300
3174 -754.47 300
3175 -754.47 300
3176 -754.47 300
3177 -754.47 300
3178 -754.47 300
3179 -754.47 300
3180 -754.47 300
3181 -754.47 300
3182 -754.47 300
3183 -754.47 300
3184 -754.47 300
3185 -754.47 300
3186 -754.47 300
3187 -754.47 300
3188 -754.47 300
3189 -754.47 300
3190 -754.47 300
3191 -754.47 300
3192 -754.47 300
3193 -754.47 300
3194 -754.47 300
3195 -754.47 300
3196 -754.47 300
3197 -754.47 300
3198 -754.47 300
3199 -754.47 300
3200 -754.47 300
3201 -754.47 300
3202 -754.3733333333333 300
3203 -754.3733333333333 300
3204 -754.3766666666667 300
3205 -754.3766666666667 300
3206 -754.3766666666667 300
3207 -754.3766666666667 300
3208 -754.3766666666667 300
3209 -754.3766666666667 300
3210 -754.3766666666667 300
3211 -754.3766666666667 300
3212 -754.3766666666667 300
3213 -754.3766666666667 300
3214 -754.3766666666667 300
3215 -754.3766666666667 300
3216 -754.3766666666667 300
3217 -754.3766666666667 300
3218 -754.3766666666667 300
3219 -754.3766666666667 300
3220 -754.46 300
3221 -754.46 300
3222 -754.4166666666666 300
3223 -754.4166666666666 300
3224 -754.4166666666666 300
3225 -754.46 300
3226 -754.46 300
3227 -754.46 300
3228 -754.4166666666666 300
3229 -754.4166666666666 300
3230 -754.4166666666666 300
3231 -754.47 300
3232 -754.47 300
3233 -754.47 300
3234 -754.47 300
3235 -754.47 300
3236 -754.47 300
3237 -754.47 300
3238 -754.47 300
3239 -754.47 300
3240 -754.47 300
3241 -754.47 300
3242 -754.47 300
3243 -754.47 300
3244 -754.47 300
3245 -754.47 300
3246 -754.47 300
3247 -754.47 300
3248 -754.47 300
3249 -754.47 300
3250 -754.4733333333334 300
3251 -754.4733333333334 300
3252 -754.4733333333334 300
3253 -754.4733333333334 300
3254 -754.4733333333334 300
3255 -754.4733333333334 300
3256 -754.0966666666667 300
3257 -754.0966666666667 300
3258 -754.0966666666667 300
3259 -754.0966666666667 300
3260 -754.0966666666667 300
3261 -754.0966666666667 300
3262 -754.0966666666667 300
3263 -754.14 300
3264 -753.9466666666667 300
3265 -754.0433333333333 300
3266 -754.0866666666667 300
3267 -754.0866666666667 300
3268 -754.0866666666667 300
3269 -754.0866666666667 300
3270 -754.0866666666667 300
3271 -754.0866666666667 300
3272 -754.0866666666667 300
3273 -754.0866666666667 300
3274 -754.13 300
3275 -754.13 300
3276 -754.0866666666667 300
3277 -754.0866666666667 300
3278 -754.0866666666667 300
3279 -754.0866666666667 300
3280 -754.0433333333333 300
3281 -754.0433333333333 300
3282 -754.0433333333333 300
3283 -754.0433333333333 300
3284 -754.0433333333333 300
3285 -754.0433333333333 300
3286 -754.0866666666667 300
3287 -754.1733333333333 300
3288 -754.3466666666667 300
3289 -754.4333333333333 300
3290 -754.4333333333333 300
3291 -754.4333333333333 300
3292 -754.4333333333333 300
3293 -754.4333333333333 300
3294 -754.4333333333333 300
3295 -754.4333333333333 300
3296 -754.4333333333333 300
3297 -754.4333333333333 300
3298 -754.4333333333333 300
3299 -754.4333333333333 300
3300 -754.4333333333333 300
3301 -754.4333333333333 300
3302 -754.4333333333333 300
3303 -754.4333333333333 300
3304 -754.4333333333333 300
3305 -754.4333333333333 300
3306 -754.4333333333333 300
3307 -754.4333333333333 300
3308 -754.4333333333333 300
3309 -754.4333333333333 300
3310 -754.4333333333333 300
3311 -754.4333333333333 300
3312 -754.39 300
3313 -754.39 300
3314 -754.39 300
3315 -754.39 300
3316 -754.39 300
3317 -754.39 300
3318 -754.0 300
3319 -754.0 300
3320 -754.0 300
3321 -754.0433333333333 300
3322 -754.0 300
3323 -754.0 300
3324 -754.0 300
3325 -754.0 300
3326 -754.0 300
3327 -754.0 300
3328 -754.0 300
3329 -754.0 300
3330 -754.0 300
3331 -754.0 300
3332 -754.0 300
3333 -754.0 300
3334 -754.0 300
3335 -754.0 300
3336 -754.0 300
3337 -754.0 300
3338 -754.0 300
3339 -754.0 300
3340 -754.0 300
3341 -754.0 300
3342 -754.0 300
3343 -754.0966666666667 300
3344 -754.0 300
3345 -754.0 300
3346 -754.0 300
3347 -754.0 300
3348 -754.0 300
3349 -754.0 300
3350 -754.0 300
3351 -754.0 300
3352 -754.0 300
3353 -754.0 300
3354 -754.0 300
3355 -754.0 300
3356 -754.0 300
3357 -754.0566666666666 300
3358 -753.9266666666666 300
3359 -753.9266666666666 300
3360 -753.97 300
3361 -753.9266666666666 300
3362 -753.8833333333333 300
3363 -753.84 300
3364 -753.7966666666666 300
3365 -753.7533333333333 300
3366 -753.7533333333333 300
3367 -753.71 300
3368 -753.6666666666666 300
3369 -753.3633333333333 300
3370 -752.8433333333334 300
3371 -752.9333333333333 300
3372 -753.0633333333334 300
3373 -753.15 300
3374 -753.2366666666667 300
3375 -753.3666666666667 300
3376 -753.3666666666667 300
3377 -753.3233333333334 300
3378 -753.28 300
3379 -753.2366666666667 300
3380 -753.1933333333334 300
3381 -752.9766666666667 300
3382 -753.02 300
3383 -752.9766666666667 300
3384 -752.89 300
3385 -752.89 300
3386 -753.8433333333334 300
3387 -753.8433333333334 300
3388 -753.8 300
3389 -753.8 300
3390 -753.7566666666667 300
3391 -753.4966666666667 300
3392 -753.4533333333334 300
3393 -753.41 300
3394 -753.4533333333334 300
3395 -753.4533333333334 300
3396 -753.2366666666667 300
3397 -753.6266666666667 300
3398 -753.5833333333334 300
3399 -753.9733333333334 300
3400 -753.9266666666666 300
3401 -753.84 300
3402 -753.84 300
3403 -753.84 300
3404 -753.8433333333334 300
3405 -753.8 300
3406 -753.7666666666667 300
3407 -753.55 300
3408 -753.2033333333334 300
3409 -753.4633333333334 300
3410 -753.4633333333334 300
3411 -753.2366666666667 300
3412 -753.2366666666667 300
3413 -753.15 300
3414 -753.0633333333334 300
3415 -753.02 300
3416 -752.8933333333333 300
3417 -752.8066666666666 300
3418 -752.1133333333333 300
3419 -751.4633333333334 300
3420 -749.99 300
3421 -747.8666666666667 300
3422 -748.04 300
3423 -748.0766666666667 300
3424 -748.7266666666667 300
3425 -750.1133333333333 300
3426 -750.1133333333333 300
3427 -746.82 300
3428 -747.4266666666666 300
3429 -748.21 300
3430 -748.9033333333333 300
3431 -749.3333333333334 300
3432 -749.42 300
3433 -749.5066666666667 300
3434 -749.68 300
3435 -746.5166666666667 300
3436 -745.4333333333333 300
3437 -745.65 300
3438 -745.6933333333334 300
3439 -745.78 300
3440 -746.08 300
3441 -746.5966666666667 300
3442 -747.08 300
3443 -746.95 300
3444 -747.6 300
3445 -748.0333333333333 300
3446 -749.16 300
3447 -750.07 300
3448 -749.7666666666667 300
3449 -751.11 300
3450 -753.5233333333333 300
3451 -753.3933333333333 300
3452 -753.1333333333333 300
3453 -752.7866666666666 300
3454 -752.1366666666667 300
3455 -751.7033333333334 300
3456 -752.18 300
3457 -752.05 300
3458 -751.92 300
3459 -751.27 300
3460 -751.3133333333334 300
3461 -751.53 300
3462 -751.4 300
3463 -752.05 300
3464 -753.2633333333333 300
3465 -753.1766666666666 300
3466 -753.1766666666666 300
3467 -753.1333333333333 300
3468 -753.09 300
3469 -753.0033333333333 300
3470 -752.96 300
3471 -752.8733333333333 300
3472 -752.6133333333333 300
3473 -752.1366666666667 300
3474 -751.7033333333334 300
3475 -753.0466666666666 300
3476 -752.8733333333333 300
3477 -752.7 300
3478 -752.6133333333333 300
3479 -752.1366666666667 300
3480 -752.3966666666666 300
3481 -752.3533333333334 300
3482 -752.2233333333334 300
3483 -752.1366666666667 300
3484 -751.7466666666667 300
3485 -751.5733333333334 300
3486 -751.53 300
3487 -751.4433333333334 300
3488 -751.8766666666667 300
3489 -751.7033333333334 300
3490 -751.53 300
3491 -751.4 300
3492 -751.2266666666667 300
3493 -751.11 300
3494 -750.9366666666666 300
3495 -750.3733333333333 300
3496 -750.33 300
3497 -750.2 300
3498 -749.9833333333333 300
3499 -748.0333333333333 300
3500 -749.1166666666667 300
3501 -748.4233333333333 300
3502 -746.3866666666667 300
3503 -746.3733333333333 300
3504 -746.5466666666666 300
3505 -746.6333333333333 300
3506 -746.8066666666666 300
3507 -746.8933333333333 300
3508 -747.2233333333334 300
3509 -747.3533333333334 300
3510 -747.7866666666666 300
3511 -746.5733333333334 300
3512 -746.92 300
3513 -747.7 300
3514 -748.5666666666667 300
3515 -749.13 300
3516 -750.47 300
3517 -749.58 300
3518 -749.45 300
3519 -749.5366666666666 300
3520 -749.8833333333333 300
3521 -747.6733333333333 300
3522 -747.8033333333333 300
3523 -747.9333333333333 300
3524 -748.15 300
3525 -748.3666666666667 300
3526 -748.6266666666667 300
3527 -748.8866666666667 300
3528 -749.1033333333334 300
3529 -749.2766666666666 300
3530 -749.45 300
3531 -749.58 300
3532 -749.2766666666666 300
3533 -749.4933333333333 300
3534 -750.1433333333333 300
3535 -750.4033333333333 300
3536 -750.62 300
3537 -752.2633333333333 300
3538 -751.83 300
3539 -751.7833333333333 300
3540 -751.0833333333334 300
3541 -750.82 300
3542 -750.7333333333333 300
3543 -750.6866666666666 300
3544 -752.18 300
3545 -752.0933333333334 300
3546 -752.0933333333334 300
3547 -751.92 300
3548 -751.7466666666667 300
3549 -751.5733333333334 300
3550 -751.3133333333334 300
3551 -750.5766666666667 300
3552 -750.49 300
3553 -750.49 300
3554 -751.3133333333334 300
3555 -751.1833333333333 300
3556 -751.14 300
3557 -750.9266666666666 300
3558 -751.4033333333333 300
3559 -751.23 300
3560 -751.0133333333333 300
3561 -750.6233333333333 300
3562 -749.8833333333333 300
3563 -749.7966666666666 300
3564 -749.7966666666666 300
3565 -749.6233333333333 300
3566 -749.32 300
3567 -749.19 300
3568 -748.8433333333334 300
3569 -749.4933333333333 300
3570 -747.54 300
3571 -747.41 300
3572 -747.2366666666667 300
3573 -747.28 300
3574 -747.3233333333334 300
3575 -747.41 300
3576 -747.67 300
3577 -744.5933333333334 300
3578 -744.5933333333334 300
3579 -744.6366666666667 300
3580 -743.9866666666667 300
3581 -744.29 300
3582 -744.5933333333334 300
3583 -744.8533333333334 300
3584 -748.06 300
3585 -747.9733333333334 300
3586 -747.8433333333334 300
3587 -749.36 300
3588 -749.2266666666667 300
3589 -749.2233333333334 300
3590 -749.0466666666666 300
3591 -748.7 300
3592 -748.3066666666666 300
3593 -749.9066666666666 300
3594 -749.8633333333333 300
3595 -747.9533333333334 300
3596 -748.6466666666666 300
3597 -747.8166666666667 300
3598 -750.5333333333333 300
3599 -752.7166666666667 300
3600 -753.1033333333334 300
3601 -753.1033333333334 300
3602 -752.7733333333333 300
3603 -752.3033333333333 300
3604 -752.2466666666667 300
3605 -752.2133333333334 300
3606 -752.1 300
3607 -751.9466666666667 300
3608 -751.8733333333333 300
3609 -751.7466666666667 300
3610 -751.5466666666666 300
3611 -750.8233333333334 300
3612 -750.3033333333333 300
3613 -750.3033333333333 300
3614 -749.3533333333334 300
3615 -749.44 300
3616 -749.5266666666666 300
3617 -749.4833333333333 300
3618 -750.0033333333333 300
3619 -749.96 300
3620 -750.09 300
3621 -750.2166666666667 300
3622 -748.1 300
3623 -747.7966666666666 300
3624 -747.9266666666666 300
3625 -748.0566666666666 300
3626 -748.1833333333333 300
3627 -748.27 300
3628 -748.3966666666666 300
3629 -748.3933333333333 300
3630 -748.3433333333334 300
3631 -748.4233333333333 300
3632 -748.51 300
3633 -748.7633333333333 300
3634 -748.76 300
3635 -748.7633333333333 300
3636 -748.9333333333333 300
3637 -748.97 300
3638 -748.9233333333333 300
3639 -748.7866666666666 300
3640 -749.2566666666667 300
3641 -749.34 300
3642 -749.51 300
3643 -749.72 300
3644 -749.9766666666667 300
3645 -749.9266666666666 300
3646 -749.7966666666666 300
3647 -749.7866666666666 300
3648 -749.78 300
3649 -749.7733333333333 300
3650 -749.63 300
3651 -749.58 300
3652 -749.5333333333333 300
3653 -751.2133333333334 300
3654 -752.7766666666666 300
3655 -752.6933333333334 300
3656 -752.5266666666666 300
3657 -752.4 300
3658 -752.2633333333333 300
3659 -752.14 300
3660 -752.0133333333333 300
3661 -751.9733333333334 300
3662 -751.2166666666667 300
3663 -750.8066666666666 300
3664 -750.5966666666667 300
3665 -750.5966666666667 300
3666 -751.88 300
3667 -751.8 300
3668 -751.7933333333333 300
3669 -751.7133333333334 300
3670 -751.6733333333333 300
3671 -751.6433333333333 300
3672 -751.6 300
3673 -751.4733333333334 300
3674 -751.2 300
3675 -751.1633333333333 300
3676 -751.0333333333333 300
3677 -750.9033333333333 300
3678 -750.7166666666667 300
3679 -750.2866666666666 300
3680 -750.9433333333334 300
3681 -750.9 300
3682 -750.9466666666667 300
3683 -750.9566666666667 300
3684 -750.96 300
3685 -751.6133333333333 300
3686 -751.6166666666667 300
3687 -752.72 300
3688 -752.6366666666667 300
3689 -752.5833333333334 300
3690 -752.4633333333334 300
3691 -752.38 300
3692 -752.0766666666667 300
3693 -751.8966666666666 300
3694 -751.85 300
3695 -751.7233333333334 300
3696 -751.59 300
3697 -751.4166666666666 300
3698 -751.2366666666667 300
3699 -751.2333333333333 300
3700 -751.1 300
3701 -750.9733333333334 300
3702 -750.85 300
3703 -750.72 300
3704 -750.4966666666667 300
3705 -750.3166666666667 300
3706 -750.0933333333334 300
3707 -749.8666666666667 300
3708 -747.6333333333333 300
3709 -746.1966666666667 300
3710 -746.1866666666666 300
3711 -746.1866666666666 300
3712 -746.2666666666667 300
3713 -746.2666666666667 300
3714 -746.3066666666666 300
3715 -742.49 300
3716 -742.49 300
3717 -742.53 300
3718 -742.53 300
3719 -742.53 300
3720 -742.53 300
3721 -742.53 300
3722 -742.53 300
3723 -742.5733333333334 300
3724 -742.6133333333333 300
3725 -742.6133333333333 300
3726 -742.6133333333333 300
3727 -742.6133333333333 300
3728 -742.6133333333333 300
3729 -742.6933333333334 300
3730 -742.6933333333334 300
3731 -742.78 300
3732 -742.78 300
3733 -742.78 300
3734 -742.8233333333334 300
3735 -742.8633333333333 300
3736 -742.9033333333333 300
3737 -743.0266666666666 300
3738 -743.1066666666667 300
3739 -743.1866666666666 300
3740 -743.2666666666667 300
3741 -743.2666666666667 300
3742 -743.2666666666667 300
3743 -743.3066666666666 300
3744 -743.3466666666667 300
3745 -743.39 300
3746 -743.4333333333333 300
3747 -743.3433333333334 300
3748 -743.3433333333334 300
3749 -743.3433333333334 300
3750 -743.3433333333334 300
3751 -743.3833333333333 300
3752 -743.3833333333333 300
3753 -743.4666666666667 300
3754 -743.3766666666667 300
3755 -743.3766666666667 300
3756 -743.4166666666666 300
3757 -743.5033333333333 300
3758 -743.5833333333334 300
3759 -743.6233333333333 300
3760 -743.6633333333333 300
3761 -743.6633333333333 300
3762 -743.6633333333333 300
3763 -743.7033333333334 300
3764 -743.8266666666667 300
3765 -743.95 300
3766 -743.95 300
3767 -743.99 300
3768 -744.1566666666666 300
3769 -744.2766666666666 300
3770 -744.32 300
3771 -744.48 300
3772 -744.52 300
3773 -744.56 300
3774 -744.7633333333333 300
3775 -744.8066666666666 300
3776 -745.01 300
3777 -745.05 300
3778 -745.1933333333334 300
3779 -745.4733333333334 300
3780 -745.7933333333333 300
3781 -746.0733333333334 300
3782 -746.41 300
3783 -747.05 300
3784 -747.77 300
3785 -748.37 300
3786 -748.4966666666667 300
3787 -748.5366666666666 300
3788 -748.58 300
3789 -748.46 300
3790 -748.46 300
3791 -748.4233333333333 300
3792 -748.7433333333333 300
3793 -748.74 300
3794 -748.7466666666667 300
3795 -748.7466666666667 300
3796 -748.91 300
3797 -748.8266666666667 300
3798 -748.8266666666667 300
3799 -748.87 300
3800 -748.79 300
3801 -748.7533333333333 300
3802 -750.6833333333333 300
3803 -750.96 300
3804 -750.8 300
3805 -751.64 300
3806 -751.48 300
3807 -750.8766666666667 300
3808 -751.64 300
3809 -751.52 300
3810 -750.8833333333333 300
3811 -751.8866666666667 300
3812 -750.8866666666667 300
3813 -749.1266666666667 300
3814 -746.0833333333334 300
3815 -743.08 300
3816 -743.1633333333333 300
3817 -743.1633333333333 300
3818 -743.2066666666667 300
3819 -743.2066666666667 300
3820 -743.1633333333333 300
3821 -743.12 300
3822 -743.0766666666667 300
3823 -742.99 300
3824 -742.9466666666667 300
3825 -742.9 300
3826 -742.8566666666667 300
3827 -742.8133333333334 300
3828 -743.1533333333333 300
3829 -743.1066666666667 300
3830 -743.1066666666667 300
3831 -742.6233333333333 300
3832 -741.8466666666667 300
3833 -739.5933333333334 300
3834 -739.1166666666667 300
3835 -741.11 300
3836 -743.6666666666666 300
3837 -743.7533333333333 300
3838 -743.92 300
3839 -744.09 300
3840 -744.1733333333333 300
3841 -744.3366666666667 300
3842 -744.5433333333333 300
3843 -744.5833333333334 300
3844 -743.6233333333333 300
3845 -743.6566666666666 300
3846 -743.6966666666667 300
3847 -743.7366666666667 300
3848 -743.86 300
3849 -743.9833333333333 300
3850 -743.9833333333333 300
3851 -744.0633333333334 300
3852 -744.23 300
3853 -744.35 300
3854 -744.4333333333333 300
3855 -744.5133333333333 300
3856 -744.71 300
3857 -744.7766666666666 300
3858 -744.8566666666667 300
3859 -744.9333333333333 300
3860 -745.0133333333333 300
3861 -744.7433333333333 300
3862 -744.84 300
3863 -744.96 300
3864 -745.09 300
3865 -745.21 300
3866 -745.2933333333333 300
3867 -745.3733333333333 300
3868 -745.4966666666667 300
3869 -745.5366666666666 300
3870 -745.6566666666666 300
3871 -745.7766666666666 300
3872 -745.8966666666666 300
3873 -746.0166666666667 300
3874 -746.0966666666667 300
3875 -746.18 300
3876 -746.26 300
3877 -746.38 300
3878 -743.98 300
3879 -743.46 300
3880 -743.5 300
3881 -743.4966666666667 300
3882 -743.5366666666666 300
3883 -743.5733333333334 300
3884 -743.65 300
3885 -743.6866666666666 300
3886 -743.6833333333333 300
3887 -743.75 300
3888 -743.77 300
3889 -743.7066666666667 300
3890 -743.7033333333334 300
3891 -743.7433333333333 300
3892 -743.8366666666667 300
3893 -743.9266666666666 300
3894 -743.8766666666667 300
3895 -743.9133333333333 300
3896 -743.95 300
3897 -743.95 300
3898 -744.04 300
3899 -744.08 300
3900 -744.1166666666667 300
3901 -744.1966666666667 300
3902 -744.1933333333334 300
3903 -744.28 300
3904 -744.3666666666667 300
3905 -744.4433333333334 300
3906 -744.4833333333333 300
3907 -744.5566666666666 300
3908 -744.31 300
3909 -743.9466666666667 300
3910 -743.82 300
3911 -743.5433333333333 300
3912 -743.6633333333333 300
3913 -743.6933333333334 300
3914 -743.7766666666666 300
3915 -743.7733333333333 300
3916 -743.6666666666666 300
3917 -743.4766666666667 300
3918 -743.2933333333333 300
3919 -743.24 300
3920 -743.0766666666667 300
3921 -742.92 300
3922 -742.71 300
3923 -742.6166666666667 300
3924 -742.3666666666667 300
3925 -742.0033333333333 300
3926 -741.5533333333333 300
3927 -740.7833333333333 300
3928 -739.7533333333333 300
3929 -739.4433333333334 300
3930 -739.6566666666666 300
3931 -739.9 300
3932 -739.57 300
3933 -739.1433333333333 300
3934 -738.7566666666667 300
3935 -738.4066666666666 300
3936 -738.0766666666667 300
3937 -737.5133333333333 300
3938 -737.63 300
3939 -737.73 300
3940 -737.4633333333334 300
3941 -737.6233333333333 300
3942 -737.5866666666667 300
3943 -737.6833333333333 300
3944 -738.0166666666667 300
3945 -738.8733333333333 300
3946 -739.1533333333333 300
3947 -738.75 300
3948 -738.94 300
3949 -738.64 300
3950 -738.7333333333333 300
3951 -737.8166666666667 300
3952 -737.9566666666667 300
3953 -737.8666666666667 300
3954 -737.96 300
3955 -739.6533333333333 300
3956 -739.85 300
3957 -739.8866666666667 300
3958 -739.73 300
3959 -739.48 300
3960 -739.17 300
3961 -739.0733333333334 300
3962 -739.0266666666666 300
3963 -738.79 300
3964 -737.6733333333333 300
3965 -737.8333333333334 300
3966 -737.8933333333333 300
3967 -739.2633333333333 300
3968 -739.1633333333333 300
3969 -739.1066666666667 300
3970 -739.0666666666667 300
3971 -738.9866666666667 300
3972 -739.0966666666667 300
3973 -739.1566666666666 300
3974 -739.0166666666667 300
3975 -738.94 300
3976 -737.84 300
3977 -738.38 300
3978 -737.89 300
3979 -738.04 300
3980 -737.2166666666667 300
3981 -737.3 300
3982 -734.7066666666667 300
3983 -734.9066666666666 300
3984 -735.1433333333333 300
3985 -735.2866666666666 300
3986 -735.4733333333334 300
3987 -735.41 300
3988 -735.75 300
3989 -735.91 300
3990 -733.55 300
3991 -732.42 300
3992 -733.0166666666667 300
3993 -733.5966666666667 300
3994 -733.84 300
3995 -734.38 300
3996 -734.8766666666667 300
3997 -735.4166666666666 300
3998 -733.4666666666667 300
3999 -733.8633333333333 300
4000 -734.3066666666666 300
4001 -733.4566666666667 300
4002 -734.0033333333333 300
4003 -734.6466666666666 300
4004 -735.18 300
4005 -735.6366666666667 300
4006 -736.2766666666666 300
4007 -736.7933333333333 300
4008 -740.11 300
4009 -742.4966666666667 300
4010 -742.66 300
4011 -742.87 300
4012 -742.8666666666667 300
4013 -742.8066666666666 300
4014 -742.8933333333333 300
4015 -743.1033333333334 300
4016 -743.1366666666667 300
4017 -743.1733333333333 300
4018 -743.0466666666666 300
4019 -742.6633333333333 300
4020 -742.4966666666667 300
4021 -742.33 300
4022 -742.1533333333333 300
4023 -742.0566666666666 300
4024 -741.96 300
4025 -741.8666666666667 300
4026 -741.8366666666667 300
4027 -741.7833333333333 300
4028 -741.7266666666667 300
4029 -741.66 300
4030 -741.6633333333333 300
4031 -741.61 300
4032 -741.55 300
4033 -741.4 300
4034 -741.21 300
4035 -741.1033333333334 300
4036 -740.9133333333333 300
4037 -742.4666666666667 300
4038 -742.07 300
4039 -742.1566666666666 300
4040 -742.37 300
4041 -742.59 300
4042 -742.6733333333333 300
4043 -741.4966666666667 300
4044 -741.71 300
4045 -741.71 300
4046 -740.9266666666666 300
4047 -740.9266666666666 300
4048 -741.14 300
4049 -741.3233333333334 300
4050 -741.3666666666667 300
4051 -740.8833333333333 300
4052 -741.14 300
4053 -741.1833333333333 300
4054 -741.3133333333334 300
4055 -741.57 300
4056 -741.6966666666667 300
4057 -741.74 300
4058 -741.7033333333334 300
4059 -741.7066666666667 300
4060 -741.7533333333333 300
4061 -741.7566666666667 300
4062 -741.76 300
4063 -741.7633333333333 300
4064 -741.7666666666667 300
4065 -741.84 300
4066 -741.8866666666667 300
4067 -741.8466666666667 300
4068 -741.85 300
4069 -741.8933333333333 300
4070 -741.8933333333333 300
4071 -741.8966666666666 300
4072 -742.9733333333334 300
4073 -742.97 300
4074 -742.9666666666667 300
4075 -742.9633333333334 300
4076 -743.0033333333333 300
4077 -743.0 300
4078 -742.9966666666667 300
4079 -742.9466666666667 300
4080 -741.6866666666666 300
4081 -741.6833333333333 300
4082 -741.6333333333333 300
4083 -741.5933333333334 300
4084 -741.55 300
4085 -741.42 300
4086 -741.03 300
4087 -740.7033333333334 300
4088 -740.2633333333333 300
4089 -740.2166666666667 300
4090 -740.17 300
4091 -740.1233333333333 300
4092 -740.0766666666667 300
4093 -740.0333333333333 300
4094 -740.03 300
4095 -739.1066666666667 300
4096 -737.05 300
4097 -733.5266666666666 300
4098 -731.4466666666667 300
4099 -731.53 300
4100 -731.6133333333333 300
4101 -731.6533333333333 300
4102 -731.52 300
4103 -731.52 300
4104 -731.52 300
4105 -731.6033333333334 300
4106 -731.6866666666666 300
4107 -731.86 300
4108 -731.9033333333333 300
4109 -732.0366666666666 300
4110 -732.12 300
4111 -732.2033333333334 300
4112 -732.2866666666666 300
4113 -732.3266666666667 300
4114 -732.41 300
4115 -732.4933333333333 300
4116 -732.5766666666667 300
4117 -732.6633333333333 300
4118 -732.7933333333333 300
4119 -732.8766666666667 300
4120 -733.0033333333333 300
4121 -733.0866666666667 300
4122 -733.17 300
4123 -733.2533333333333 300
4124 -733.3366666666667 300
4125 -733.42 300
4126 -733.51 300
4127 -733.68 300
4128 -733.81 300
4129 -733.8933333333333 300
4130 -734.2733333333333 300
4131 -734.9266666666666 300
4132 -735.6033333333334 300
4133 -736.3433333333334 300
4134 -737.4 300
4135 -739.0633333333334 300
4136 -740.39 300
4137 -740.3533333333334 300
4138 -740.2733333333333 300
4139 -740.2366666666667 300
4140 -740.24 300
4141 -739.95 300
4142 -739.5066666666667 300
4143 -737.79 300
4144 -735.83 300
4145 -731.31 300
4146 -730.74 300
4147 -730.7833333333333 300
4148 -730.8766666666667 300
4149 -730.9633333333334 300
4150 -730.9666666666667 300
4151 -731.0133333333333 300
4152 -731.1 300
4153 -731.1033333333334 300
4154 -731.2266666666667 300
4155 -731.3133333333334 300
4156 -731.4466666666667 300
4157 -731.5333333333333 300
4158 -731.58 300
4159 -731.8833333333333 300
4160 -731.4866666666667 300
4161 -731.61 300
4162 -731.6533333333333 300
4163 -731.74 300
4164 -731.96 300
4165 -732.22 300
4166 -732.7466666666667 300
4167 -733.3533333333334 300
4168 -734.8733333333333 300
4169 -736.56 300
4170 -736.07 300
4171 -736.0666666666667 300
4172 -736.2 300
4173 -736.2 300
4174 -736.33 300
4175 -736.37 300
4176 -738.06 300
4177 -739.6466666666666 300
4178 -741.54 300
4179 -741.48 300
4180 -741.4466666666667 300
4181 -741.5533333333333 300
4182 -741.5766666666667 300
4183 -741.4566666666667 300
4184 -741.5033333333333 300
4185 -741.51 300
4186 -741.51 300
4187 -741.51 300
4188 -741.51 300
4189 -741.5133333333333 300
4190 -740.6233333333333 300
4191 -740.6233333333333 300
4192 -740.6266666666667 300
4193 -740.6266666666667 300
4194 -740.6266666666667 300
4195 -740.6266666666667 300
4196 -740.6333333333333 300
4197 -740.6366666666667 300
4198 -740.6366666666667 300
4199 -740.6366666666667 300
4200 -740.6366666666667 300
4201 -740.6433333333333 300
4202 -740.6433333333333 300
4203 -740.6466666666666 300
4204 -740.6566666666666 300
4205 -740.6633333333333 300
4206 -740.6633333333333 300
4207 -740.5333333333333 300
4208 -740.4933333333333 300
4209 -740.4966666666667 300
4210 -740.51 300
4211 -740.43 300
4212 -740.4266666666666 300
4213 -740.4166666666666 300
4214 -740.51 300
4215 -740.5133333333333 300
4216 -740.5166666666667 300
4217 -740.5266666666666 300
4218 -740.5266666666666 300
4219 -740.53 300
4220 -740.5266666666666 300
4221 -740.5266666666666 300
4222 -740.5266666666666 300
4223 -740.5266666666666 300
4224 -740.5333333333333 300
4225 -740.5333333333333 300
4226 -740.5266666666666 300
4227 -740.4133333333333 300
4228 -740.4833333333333 300
4229 -740.45 300
4230 -740.4533333333334 300
4231 -740.4633333333334 300
4232 -740.5866666666667 300
4233 -740.6433333333333 300
4234 -740.7833333333333 300
4235 -740.77 300
4236 -740.7833333333333 300
4237 -740.8066666666666 300
4238 -740.86 300
4239 -740.87 300
4240 -741.0666666666667 300
4241 -741.1933333333334 300
4242 -741.19 300
4243 -741.1933333333334 300
4244 -741.19 300
4245 -741.06 300
4246 -741.12 300
4247 -741.11 300
4248 -741.0966666666667 300
4249 -741.08 300
4250 -741.0633333333334 300
4251 -741.05 300
4252 -741.0966666666667 300
4253 -741.0533333333333 300
4254 -741.01 300
4255 -740.99 300
4256 -740.98 300
4257 -740.9966666666667 300
4258 -740.99 300
4259 -741.0666666666667 300
4260 -741.0633333333334 300
4261 -741.0533333333333 300
4262 -741.1133333333333 300
4263 -741.1033333333334 300
4264 -741.12 300
4265 -741.2066666666667 300
4266 -741.18 300
4267 -741.1766666666666 300
4268 -741.1733333333333 300
4269 -741.2066666666667 300
4270 -741.21 300
4271 -741.2066666666667 300
4272 -741.2033333333334 300
4273 -741.2033333333334 300
4274 -741.2066666666667 300
4275 -741.2 300
4276 -740.84 300
4277 -740.4766666666667 300
4278 -740.4866666666667 300
4279 -740.3966666666666 300
4280 -740.35 300
4281 -740.2566666666667 300
4282 -740.0233333333333 300
4283 -740.0366666666666 300
4284 -739.8566666666667 300
4285 -739.07 300
4286 -738.5566666666666 300
4287 -738.05 300
4288 -737.4 300
4289 -736.3666666666667 300
4290 -736.4633333333334 300
4291 -736.5133333333333 300
4292 -736.5166666666667 300
4293 -736.52 300
4294 -736.62 300
4295 -736.7133333333334 300
4296 -736.7133333333334 300
4297 -735.3133333333334 300
4298 -740.6333333333333 300
4299 -740.64 300
4300 -740.6433333333333 300
4301 -740.6433333333333 300
4302 -740.6966666666667 300
4303 -740.7 300
4304 -740.7 300
4305 -740.71 300
4306 -740.7133333333334 300
4307 -740.72 300
4308 -740.72 300
4309 -740.63 300
4310 -740.64 300
4311 -740.7466666666667 300
4312 -740.77 300
4313 -740.77 300
4314 -740.77 300
4315 -740.56 300
4316 -740.4666666666667 300
4317 -740.4666666666667 300
4318 -740.4666666666667 300
4319 -740.42 300
4320 -740.3266666666667 300
4321 -740.24 300
4322 -740.1466666666666 300
4323 -740.1166666666667 300
4324 -740.0233333333333 300
4325 -739.8433333333334 300
4326 -739.57 300
4327 -739.29 300
4328 -738.5433333333333 300
4329 -736.9633333333334 300
4330 -735.0033333333333 300
4331 -732.3033333333333 300
4332 -728.0633333333334 300
4333 -728.35 300
4334 -728.73 300
4335 -728.8233333333334 300
4336 -729.15 300
4337 -729.2 300
4338 -729.3433333333334 300
4339 -729.68 300
4340 -729.97 300
4341 -730.4066666666666 300
4342 -730.3633333333333 300
4343 -730.9366666666666 300
4344 -731.1733333333333 300
4345 -730.9433333333334 300
4346 -731.0 300
4347 -731.0566666666666 300
4348 -733.1733333333333 300
4349 -738.08 300
4350 -736.1266666666667 300
4351 -734.5933333333334 300
4352 -734.7866666666666 300
4353 -734.8933333333333 300
4354 -735.0833333333334 300
4355 -739.66 300
4356 -738.9266666666666 300
4357 -739.2166666666667 300
4358 -739.23 300
4359 -739.0733333333334 300
4360 -738.79 300
4361 -738.4466666666667 300
4362 -737.0966666666667 300
4363 -735.8333333333334 300
4364 -732.7666666666667 300
4365 -732.7 300
4366 -732.7633333333333 300
4367 -732.8266666666667 300
4368 -733.2633333333333 300
4369 -733.4133333333333 300
4370 -733.8 300
4371 -733.9633333333334 300
4372 -734.2133333333334 300
4373 -734.2233333333334 300
4374 -734.5733333333334 300
4375 -734.6433333333333 300
4376 -734.8 300
4377 -734.6766666666666 300
4378 -734.64 300
4379 -734.9833333333333 300
4380 -735.2266666666667 300
4381 -739.5433333333333 300
4382 -739.3266666666667 300
4383 -739.1466666666666 300
4384 -739.06 300
4385 -739.11 300
4386 -738.93 300
4387 -738.72 300
4388 -738.08 300
4389 -737.6866666666666 300
4390 -737.66 300
4391 -737.6366666666667 300
4392 -737.6366666666667 300
4393 -737.6866666666666 300
4394 -737.5966666666667 300
4395 -737.3966666666666 300
4396 -738.8633333333333 300
4397 -738.8366666666667 300
4398 -738.71 300
4399 -738.49 300
4400 -738.2766666666666 300
4401 -738.0466666666666 300
4402 -737.9466666666667 300
4403 -737.89 300
4404 -737.79 300
4405 -737.6466666666666 300
4406 -737.5466666666666 300
4407 -737.4466666666667 300
4408 -737.3466666666667 300
4409 -737.0533333333333 300
4410 -736.8533333333334 300
4411 -736.6233333333333 300
4412 -736.5633333333334 300
4413 -736.57 300
4414 -736.4333333333333 300
4415 -736.4333333333333 300
4416 -736.27 300
4417 -736.1733333333333 300
4418 -735.99 300
4419 -735.8933333333333 300
4420 -735.6066666666667 300
4421 -735.42 300
4422 -735.42 300
4423 -733.7233333333334 300
4424 -734.2566666666667 300
4425 -734.24 300
4426 -734.0566666666666 300
4427 -733.9666666666667 300
4428 -733.5966666666667 300
4429 -733.7066666666667 300
4430 -733.43 300
4431 -734.49 300
4432 -736.2 300
4433 -736.4233333333333 300
4434 -735.93 300
4435 -735.7133333333334 300
4436 -735.6166666666667 300
4437 -735.2933333333333 300
4438 -735.0633333333334 300
4439 -734.0366666666666 300
4440 -734.2933333333333 300
4441 -734.1933333333334 300
4442 -733.92 300
4443 -733.6266666666667 300
4444 -733.3366666666667 300
4445 -733.06 300
4446 -732.7266666666667 300
4447 -732.3833333333333 300
4448 -732.09 300
4449 -731.6733333333333 300
4450 -731.34 300
4451 -731.0966666666667 300
4452 -731.1933333333334 300
4453 -732.5033333333333 300
4454 -733.09 300
4455 -734.4233333333333 300
4456 -734.55 300
4457 -733.73 300
4458 -733.8666666666667 300
4459 -733.8633333333333 300
4460 -734.0366666666666 300
4461 -733.9833333333333 300
4462 -733.6633333333333 300
4463 -733.57 300
4464 -735.41 300
4465 -735.77 300
4466 -735.71 300
4467 -735.5866666666667 300
4468 -735.4866666666667 300
4469 -733.9233333333333 300
4470 -732.4366666666666 300
4471 -732.7366666666667 300
4472 -732.7766666666666 300
4473 -732.6233333333333 300
4474 -736.3 300
4475 -737.8433333333334 300
4476 -737.86 300
4477 -736.35 300
4478 -734.8533333333334 300
4479 -734.6233333333333 300
4480 -734.5 300
4481 -734.5066666666667 300
4482 -734.5066666666667 300
4483 -734.3766666666667 300
4484 -734.19 300
4485 -733.9033333333333 300
4486 -733.3366666666667 300
4487 -733.2833333333333 300
4488 -733.3866666666667 300
4489 -733.4233333333333 300
4490 -730.04 300
4491 -729.7633333333333 300
4492 -730.0933333333334 300
4493 -730.0066666666667 300
4494 -729.9433333333334 300
4495 -729.97 300
4496 -729.9666666666667 300
4497 -729.8366666666667 300
4498 -729.7733333333333 300
4499 -729.59 300
4500 -731.0433333333333 300
4501 -731.9 300
4502 -732.05 300
4503 -731.97 300
4504 -734.4466666666667 300
4505 -735.7 300
4506 -737.4466666666667 300
4507 -737.35 300
4508 -737.0733333333334 300
4509 -736.74 300
4510 -736.6633333333333 300
4511 -736.53 300
4512 -738.13 300
4513 -738.31 300
4514 -738.15 300
4515 -737.9566666666667 300
4516 -737.9466666666667 300
4517 -739.44 300
4518 -740.0866666666667 300
4519 -739.9933333333333 300
4520 -739.8666666666667 300
4521 -738.7333333333333 300
4522 -738.0133333333333 300
4523 -736.8866666666667 300
4524 -734.8633333333333 300
4525 -731.5566666666666 300
4526 -733.83 300
4527 -729.4033333333333 300
4528 -731.3533333333334 300
4529 -734.0666666666667 300
4530 -736.0666666666667 300
4531 -736.1 300
4532 -736.22 300
4533 -736.1266666666667 300
4534 -735.74 300
4535 -735.6166666666667 300
4536 -735.5866666666667 300
4537 -735.7233333333334 300
4538 -735.8 300
4539 -735.7333333333333 300
4540 -735.6533333333333 300
4541 -733.93 300
4542 -730.3866666666667 300
4543 -729.0666666666667 300
4544 -729.28 300
4545 -729.23 300
4546 -729.18 300
4547 -729.25 300
4548 -728.5733333333334 300
4549 -728.6033333333334 300
4550 -728.7866666666666 300
4551 -728.7366666666667 300
4552 -728.8933333333333 300
4553 -728.81 300
4554 -728.8033333333333 300
4555 -725.67 300
4556 -726.9266666666666 300
4557 -724.1566666666666 300
4558 -724.2333333333333 300
4559 -724.5933333333334 300
4560 -725.5833333333334 300
4561 -726.3033333333333 300
4562 -727.07 300
4563 -728.3766666666667 300
4564 -729.7333333333333 300
4565 -733.1166666666667 300
4566 -739.0933333333334 300
4567 -738.5133333333333 300
4568 -737.93 300
4569 -737.5833333333334 300
4570 -737.2233333333334 300
4571 -736.08 300
4572 -734.3333333333334 300
4573 -731.5666666666667 300
4574 -727.0 300
4575 -720.7233333333334 300
4576 -719.1333333333333 300
4577 -718.4133333333333 300
4578 -719.95 300
4579 -721.8233333333334 300
4580 -725.1066666666667 300
4581 -725.5 300
4582 -725.6033333333334 300
4583 -726.0066666666667 300
4584 -726.74 300
4585 -727.61 300
4586 -728.8533333333334 300
4587 -731.4333333333333 300
4588 -735.9133333333333 300
4589 -736.74 300
4590 -736.3 300
4591 -735.82 300
4592 -735.6533333333333 300
4593 -735.3466666666667 300
4594 -734.8666666666667 300
4595 -734.3866666666667 300
4596 -733.9033333333333 300
4597 -733.42 300
4598 -733.24 300
4599 -732.8766666666667 300
4600 -732.56 300
4601 -732.2133333333334 300
4602 -731.7733333333333 300
4603 -730.4833333333333 300
4604 -732.3166666666667 300
4605 -732.0 300
4606 -731.6266666666667 300
4607 -731.0966666666667 300
4608 -730.9033333333333 300
4609 -730.24 300
4610 -731.0766666666667 300
4611 -730.9266666666666 300
4612 -730.6266666666667 300
4613 -731.25 300
4614 -731.04 300
4615 -730.7366666666667 300
4616 -730.2566666666667 300
4617 -729.81 300
4618 -729.33 300
4619 -728.76 300
4620 -730.89 300
4621 -733.3233333333334 300
4622 -733.13 300
4623 -732.8733333333333 300
4624 -732.56 300
4625 -732.19 300
4626 -732.4333333333333 300
4627 -732.2533333333333 300
4628 -731.8166666666667 300
4629 -731.4366666666666 300
4630 -731.0 300
4631 -730.5633333333334 300
4632 -729.9933333333333 300
4633 -726.7933333333333 300
4634 -727.0266666666666 300
4635 -727.06 300
4636 -727.2366666666667 300
4637 -727.1366666666667 300
4638 -727.0233333333333 300
4639 -726.71 300
4640 -726.2733333333333 300
4641 -728.0433333333333 300
4642 -729.0033333333333 300
4643 -730.0633333333334 300
4644 -730.1666666666666 300
4645 -730.03 300
4646 -729.8733333333333 300
4647 -729.9766666666667 300
4648 -729.9 300
4649 -729.6566666666666 300
4650 -727.1833333333333 300
4651 -725.9266666666666 300
4652 -725.75 300
4653 -725.84 300
4654 -726.0133333333333 300
4655 -726.1466666666666 300
4656 -726.28 300
4657 -726.19 300
4658 -726.3233333333334 300
4659 -727.69 300
4660 -727.91 300
4661 -727.8166666666667 300
4662 -727.6033333333334 300
4663 -727.2433333333333 300
4664 -727.1033333333334 300
4665 -727.01 300
4666 -729.29 300
4667 -726.4933333333333 300
4668 -726.22 300
4669 -726.26 300
4670 -726.0433333333333 300
4671 -725.8633333333333 300
4672 -725.7833333333333 300
4673 -725.5533333333333 300
4674 -725.4666666666667 300
4675 -725.07 300
4676 -725.1233333333333 300
4677 -725.12 300
4678 -725.2066666666667 300
4679 -725.17 300
4680 -724.9533333333334 300
4681 -724.2433333333333 300
4682 -723.6666666666666 300
4683 -723.1233333333333 300
4684 -722.43 300
4685 -722.6066666666667 300
4686 -722.6266666666667 300
4687 -722.8766666666667 300
4688 -722.99 300
4689 -723.05 300
4690 -723.34 300
4691 -723.4933333333333 300
4692 -723.2766666666666 300
4693 -722.6566666666666 300
4694 -721.89 300
4695 -721.0466666666666 300
4696 -720.1533333333333 300
4697 -719.31 300
4698 -718.4666666666667 300
4699 -717.6233333333333 300
4700 -717.06 300
4701 -718.0933333333334 300
4702 -718.4066666666666 300
4703 -718.8166666666667 300
4704 -718.9433333333334 300
4705 -718.7533333333333 300
4706 -718.4166666666666 300
4707 -718.1333333333333 300
4708 -718.0133333333333 300
4709 -719.32 300
4710 -719.5533333333333 300
4711 -719.75 300
4712 -719.8066666666666 300
4713 -719.74 300
4714 -719.4066666666666 300
4715 -719.2566666666667 300
4716 -718.99 300
4717 -718.7566666666667 300
4718 -719.77 300
4719 -721.3666666666667 300
4720 -721.4733333333334 300
4721 -721.5633333333334 300
4722 -721.94 300
4723 -722.4566666666667 300
4724 -722.38 300
4725 -722.0933333333334 300
4726 -722.0366666666666 300
4727 -722.1266666666667 300
4728 -722.34 300
4729 -722.3633333333333 300
4730 -722.6933333333334 300
4731 -722.5266666666666 300
4732 -722.52 300
4733 -722.35 300
4734 -722.2833333333333 300
4735 -723.2533333333333 300
4736 -723.25 300
4737 -722.9566666666667 300
4738 -722.6666666666666 300
4739 -722.3666666666667 300
4740 -723.4266666666666 300
4741 -716.6366666666667 300
4742 -716.4733333333334 300
4743 -716.3033333333333 300
4744 -716.4633333333334 300
4745 -718.96 300
4746 -718.94 300
4747 -719.1266666666667 300
4748 -719.0366666666666 300
4749 -719.16 300
4750 -719.1866666666666 300
4751 -719.31 300
4752 -719.3566666666667 300
4753 -719.1733333333333 300
4754 -719.06 300
4755 -718.79 300
4756 -718.5533333333333 300
4757 -718.3333333333334 300
4758 -718.11 300
4759 -717.8366666666667 300
4760 -717.52 300
4761 -717.4366666666666 300
4762 -717.3633333333333 300
4763 -717.33 300
4764 -717.3033333333333 300
4765 -717.3166666666667 300
4766 -717.05 300
4767 -717.3033333333333 300
4768 -717.39 300
4769 -717.4133333333333 300
4770 -717.3433333333334 300
4771 -717.37 300
4772 -717.2266666666667 300
4773 -717.3233333333334 300
4774 -717.46 300
4775 -717.6133333333333 300
4776 -716.62 300
4777 -716.66 300
4778 -716.7566666666667 300
4779 -716.1 300
4780 -717.4033333333333 300
4781 -717.4566666666667 300
4782 -717.6266666666667 300
4783 -717.8633333333333 300
4784 -720.6033333333334 300
4785 -720.9633333333334 300
4786 -721.22 300
4787 -719.3133333333334 300
4788 -719.5333333333333 300
4789 -719.66 300
4790 -719.7766666666666 300
4791 -719.99 300
4792 -717.9966666666667 300
4793 -718.12 300
4794 -718.1833333333333 300
4795 -718.31 300
4796 -718.4266666666666 300
4797 -718.5466666666666 300
4798 -718.6666666666666 300
4799 -718.6733333333333 300
4800 -718.6533333333333 300
4801 -718.7133333333334 300
4802 -718.8833333333333 300
4803 -719.0366666666666 300
4804 -719.5533333333333 300
4805 -720.1466666666666 300
4806 -720.5866666666667 300
4807 -720.6533333333333 300
4808 -721.1033333333334 300
4809 -721.3566666666667 300
4810 -717.95 300
4811 -718.1 300
4812 -718.25 300
4813 -718.61 300
4814 -718.6866666666666 300
4815 -718.77 300
4816 -719.0166666666667 300
4817 -719.63 300
4818 -720.1966666666667 300
4819 -721.2733333333333 300
4820 -720.3866666666667 300
4821 -720.8966666666666 300
4822 -721.89 300
4823 -721.8766666666667 300
4824 -721.9633333333334 300
4825 -722.0666666666667 300
4826 -722.2133333333334 300
4827 -722.4033333333333 300
4828 -722.5933333333334 300
4829 -722.7833333333333 300
4830 -722.8866666666667 300
4831 -722.95 300
4832 -722.9633333333334 300
4833 -722.99 300
4834 -723.1233333333333 300
4835 -723.05 300
4836 -723.1566666666666 300
4837 -723.14 300
4838 -723.3933333333333 300
4839 -723.5866666666667 300
4840 -723.72 300
4841 -723.75 300
4842 -723.8566666666667 300
4843 -722.7033333333334 300
4844 -722.6633333333333 300
4845 -722.7166666666667 300
4846 -722.7 300
4847 -723.8 300
4848 -724.09 300
4849 -724.2933333333333 300
4850 -724.3566666666667 300
4851 -724.4566666666667 300
4852 -724.3133333333334 300
4853 -724.3166666666667 300
4854 -725.26 300
4855 -725.29 300
4856 -726.02 300
4857 -726.0333333333333 300
4858 -726.12 300
4859 -727.65 300
4860 -727.5933333333334 300
4861 -727.5933333333334 300
4862 -727.5833333333334 300
4863 -727.48 300
4864 -727.18 300
4865 -727.03 300
4866 -726.87 300
4867 -726.68 300
4868 -726.56 300
4869 -726.3766666666667 300
4870 -726.2333333333333 300
4871 -726.22 300
4872 -726.0333333333333 300
4873 -725.7933333333333 300
4874 -725.5666666666667 300
4875 -725.3266666666667 300
4876 -725.0866666666667 300
4877 -724.8466666666667 300
4878 -724.6066666666667 300
4879 -724.35 300
4880 -724.18 300
4881 -724.0366666666666 300
4882 -723.88 300
4883 -723.68 300
4884 -723.4766666666667 300
4885 -723.3166666666667 300
4886 -723.16 300
4887 -723.2966666666666 300
4888 -722.79 300
4889 -722.47 300
4890 -722.4866666666667 300
4891 -723.77 300
4892 -725.6933333333334 300
4893 -726.2666666666667 300
4894 -726.2233333333334 300
4895 -726.1966666666667 300
4896 -726.1766666666666 300
4897 -726.1933333333334 300
4898 -726.17 300
4899 -726.0266666666666 300
4900 -726.0066666666667 300
4901 -725.9133333333333 300
4902 -725.9666666666667 300
4903 -725.9133333333333 300
4904 -726.4266666666666 300
4905 -726.39 300
4906 -725.5566666666666 300
4907 -725.0133333333333 300
4908 -725.0366666666666 300
4909 -725.14 300
4910 -726.47 300
4911 -726.4033333333333 300
4912 -726.8233333333334 300
4913 -726.8 300
4914 -726.8033333333333 300
4915 -726.7433333333333 300
4916 -726.9866666666667 300
4917 -725.89 300
4918 -727.6633333333333 300
4919 -728.0266666666666 300
4920 -728.09 300
4921 -728.03 300
4922 -727.84 300
4923 -727.8733333333333 300
4924 -727.87 300
4925 -727.8233333333334 300
4926 -727.7466666666667 300
4927 -727.6266666666667 300
4928 -727.5333333333333 300
4929 -727.4966666666667 300
4930 -727.36 300
4931 -727.6033333333334 300
4932 -727.5333333333333 300
4933 -727.4933333333333 300
4934 -727.3866666666667 300
4935 -727.3066666666666 300
4936 -727.28 300
4937 -727.1266666666667 300
4938 -727.03 300
4939 -726.8466666666667 300
4940 -726.59 300
4941 -726.4033333333333 300
4942 -726.2066666666667 300
4943 -728.6233333333333 300
4944 -728.6966666666667 300
4945 -728.7166666666667 300
4946 -728.8 300
4947 -728.9566666666667 300
4948 -728.9733333333334 300
4949 -728.9866666666667 300
4950 -728.99 300
4951 -728.9566666666667 300
4952 -728.9766666666667 300
4953 -729.05 300
4954 -729.1 300
4955 -729.1133333333333 300
4956 -729.21 300
4957 -729.2333333333333 300
4958 -729.2466666666667 300
4959 -729.2666666666667 300
4960 -729.3266666666667 300
4961 -729.3833333333333 300
4962 -729.4466666666667 300
4963 -729.4633333333334 300
4964 -729.4166666666666 300
4965 -729.6533333333333 300
4966 -729.6566666666666 300
4967 -729.6666666666666 300
4968 -729.6466666666666 300
4969 -729.6566666666666 300
4970 -729.7133333333334 300
4971 -729.66 300
4972 -729.6366666666667 300
4973 -729.5433333333333 300
4974 -729.53 300
4975 -729.5866666666667 300
4976 -727.38 300
4977 -727.3833333333333 300
4978 -727.4033333333333 300
4979 -727.4233333333333 300
4980 -727.45 300
4981 -727.5733333333334 300
4982 -727.69 300
4983 -727.7966666666666 300
4984 -727.8066666666666 300
4985 -727.8133333333334 300
4986 -727.87 300
4987 -727.8766666666667 300
4988 -727.93 300
4989 -727.9433333333334 300
4990 -727.9766666666667 300
4991 -728.0266666666666 300
4992 -728.0233333333333 300
4993 -727.94 300
4994 -727.7566666666667 300
4995 -727.9966666666667 300
4996 -728.1966666666667 300
4997 -728.3933333333333 300
4998 -728.59 300
4999 -728.57 300
5000 -728.55 300
5001 -728.5633333333334 300
5002 -728.56 300
5003 -728.57 300
5004 -728.63 300
5005 -728.6366666666667 300
5006 -728.6833333333333 300
5007 -728.6766666666666 300
5008 -728.67 300
5009 -728.7333333333333 300
5010 -728.87 300
5011 -729.0366666666666 300
5012 -728.9733333333334 300
5013 -728.9466666666667 300
5014 -729.02 300
5015 -728.99 300
5016 -728.99 300
5017 -729.01 300
5018 -728.1166666666667 300
5019 -726.5666666666667 300
5020 -726.57 300
5021 -726.57 300
5022 -726.57 300
5023 -726.57 300
5024 -726.6166666666667 300
5025 -726.6166666666667 300
5026 -726.67 300
5027 -726.6733333333333 300
5028 -726.6733333333333 300
5029 -726.6733333333333 300
5030 -726.7333333333333 300
5031 -726.78 300
5032 -726.78 300
5033 -726.7833333333333 300
5034 -726.83 300
5035 -726.88 300
5036 -726.9333333333333 300
5037 -726.9333333333333 300
5038 -726.8966666666666 300
5039 -726.8166666666667 300
5040 -726.7733333333333 300
5041 -726.7766666666666 300
5042 -726.7366666666667 300
5043 -726.74 300
5044 -726.7466666666667 300
5045 -726.9666666666667 300
5046 -725.7566666666667 300
5047 -725.76 300
5048 -725.7166666666667 300
5049 -725.6733333333333 300
5050 -725.6333333333333 300
5051 -724.99 300
5052 -724.2233333333334 300
5053 -724.3133333333334 300
5054 -724.4166666666666 300
5055 -724.2866666666666 300
5056 -724.42 300
5057 -724.4766666666667 300
5058 -722.1566666666666 300
5059 -717.5666666666667 300
5060 -718.0 300
5061 -718.6666666666666 300
5062 -718.41 300
5063 -719.33 300
5064 -719.8633333333333 300
5065 -717.37 300
5066 -717.7666666666667 300
5067 -718.12 300
5068 -718.7333333333333 300
5069 -720.1 300
5070 -719.6766666666666 300
5071 -718.37 300
5072 -717.38 300
5073 -716.8866666666667 300
5074 -719.1166666666667 300
5075 -718.07 300
5076 -717.43 300
5077 -714.1066666666667 300
5078 -714.1533333333333 300
5079 -714.55 300
5080 -713.9033333333333 300
5081 -713.95 300
5082 -714.0966666666667 300
5083 -714.29 300
5084 -714.4166666666666 300
5085 -714.6366666666667 300
5086 -714.8133333333334 300
5087 -711.2933333333333 300
5088 -711.4233333333333 300
5089 -715.1866666666666 300
5090 -715.23 300
5091 -715.4033333333333 300
5092 -715.62 300
5093 -715.1866666666666 300
5094 -715.23 300
5095 -715.2733333333333 300
5096 -715.2733333333333 300
5097 -715.4033333333333 300
5098 -715.49 300
5099 -715.5766666666667 300
5100 -715.7066666666667 300
5101 -715.75 300
5102 -714.2866666666666 300
5103 -714.2 300
5104 -714.45 300
5105 -714.1033333333334 300
5106 -714.06 300
5107 -714.2333333333333 300
5108 -714.2333333333333 300
5109 -714.19 300
5110 -714.2333333333333 300
5111 -714.2366666666667 300
5112 -714.2366666666667 300
5113 -714.24 300
5114 -714.1966666666667 300
5115 -714.1533333333333 300
5116 -714.11 300
5117 -714.0666666666667 300
5118 -714.11 300
5119 -713.85 300
5120 -712.8533333333334 300
5121 -711.38 300
5122 -714.24 300
5123 -714.37 300
5124 -714.47 300
5125 -714.47 300
5126 -714.86 300
5127 -715.0533333333333 300
5128 -715.14 300
5129 -715.1833333333333 300
5130 -714.59 300
5131 -714.6466666666666 300
5132 -714.6033333333334 300
5133 -714.56 300
5134 -714.43 300
5135 -714.17 300
5136 -714.27 300
5137 -714.27 300
5138 -714.3266666666667 300
5139 -714.2833333333333 300
5140 -714.2833333333333 300
5141 -714.24 300
5142 -714.2966666666666 300
5143 -714.2966666666666 300
5144 -714.2533333333333 300
5145 -714.31 300
5146 -714.3566666666667 300
5147 -714.4566666666667 300
5148 -714.4566666666667 300
5149 -714.4566666666667 300
5150 -714.4133333333333 300
5151 -714.5133333333333 300
5152 -714.6133333333333 300
5153 -714.6566666666666 300
5154 -714.8 300
5155 -714.8 300
5156 -714.9 300
5157 -714.9 300
5158 -714.7533333333333 300
5159 -713.8866666666667 300
5160 -713.89 300
5161 -713.8466666666667 300
5162 -714.08 300
5163 -713.8666666666667 300
5164 -713.9666666666667 300
5165 -714.01 300
5166 -714.0133333333333 300
5167 -713.9266666666666 300
5168 -713.93 300
5169 -713.0766666666667 300
5170 -711.7033333333334 300
5171 -711.9333333333333 300
5172 -711.9333333333333 300
5173 -712.2533333333333 300
5174 -712.2533333333333 300
5175 -712.3833333333333 300
5176 -712.57 300
5177 -712.62 300
5178 -712.6633333333333 300
5179 -713.1166666666667 300
5180 -713.16 300
5181 -713.3466666666667 300
5182 -713.6233333333333 300
5183 -713.6666666666666 300
5184 -713.9033333333333 300
5185 -713.9533333333334 300
5186 -713.91 300
5187 -712.9966666666667 300
5188 -713.14 300
5189 -713.36 300
5190 -713.6733333333333 300
5191 -713.9933333333333 300
5192 -714.1466666666666 300
5193 -714.11 300
5194 -714.26 300
5195 -714.4433333333334 300
5196 -714.67 300
5197 -714.8533333333334 300
5198 -714.6066666666667 300
5199 -714.7 300
5200 -714.83 300
5201 -714.8133333333334 300
5202 -714.94 300
5203 -714.6733333333333 300
5204 -714.9866666666667 300
5205 -715.32 300
5206 -715.26 300
5207 -715.3466666666667 300
5208 -715.43 300
5209 -715.56 300
5210 -715.7 300
5211 -715.7866666666666 300
5212 -714.56 300
5213 -714.7933333333333 300
5214 -713.4 300
5215 -713.7566666666667 300
5216 -714.08 300
5217 -714.3933333333333 300
5218 -714.62 300
5219 -715.6266666666667 300
5220 -717.24 300
5221 -718.32 300
5222 -718.4666666666667 300
5223 -718.66 300
5224 -718.9066666666666 300
5225 -719.0533333333333 300
5226 -719.16 300
5227 -719.3133333333334 300
5228 -719.46 300
5229 -719.6066666666667 300
5230 -719.8033333333333 300
5231 -719.95 300
5232 -719.9966666666667 300
5233 -720.0866666666667 300
5234 -720.13 300
5235 -720.13 300
5236 -720.2266666666667 300
5237 -720.4166666666666 300
5238 -720.5666666666667 300
5239 -720.41 300
5240 -720.4566666666667 300
5241 -720.6033333333334 300
5242 -720.65 300
5243 -720.7433333333333 300
5244 -720.85 300
5245 -720.8566666666667 300
5246 -720.87 300
5247 -720.8833333333333 300
5248 -721.1633333333333 300
5249 -721.5433333333333 300
5250 -722.1633333333333 300
5251 -722.43 300
5252 -722.6233333333333 300
5253 -722.9166666666666 300
5254 -723.0233333333333 300
5255 -723.0366666666666 300
5256 -723.2866666666666 300
5257 -724.0133333333333 300
5258 -724.2633333333333 300
5259 -724.4233333333333 300
5260 -721.76 300
5261 -722.01 300
5262 -722.4966666666667 300
5263 -722.98 300
5264 -723.3166666666667 300
5265 -724.12 300
5266 -724.9733333333334 300
5267 -726.2833333333333 300
5268 -727.3633333333333 300
5269 -729.1333333333333 300
5270 -730.79 300
5271 -730.75 300
5272 -730.77 300
5273 -730.8333333333334 300
5274 -730.79 300
5275 -730.8466666666667 300
5276 -731.0466666666666 300
5277 -730.77 300
5278 -726.07 300
5279 -723.8333333333334 300
5280 -722.1066666666667 300
5281 -723.79 300
5282 -723.96 300
5283 -723.9766666666667 300
5284 -723.95 300
5285 -724.01 300
5286 -725.0133333333333 300
5287 -725.03 300
5288 -724.9866666666667 300
5289 -725.1433333333333 300
5290 -725.19 300
5291 -725.0666666666667 300
5292 -724.94 300
5293 -724.87 300
5294 -724.86 300
5295 -724.94 300
5296 -724.8766666666667 300
5297 -724.8566666666667 300
5298 -724.71 300
5299 -724.58 300
5300 -724.4566666666667 300
5301 -722.4433333333334 300
5302 -722.71 300
5303 -723.9033333333333 300
5304 -723.95 300
5305 -723.9233333333333 300
5306 -722.1333333333333 300
5307 -719.9466666666667 300
5308 -720.1433333333333 300
5309 -720.7833333333333 300
5310 -721.2966666666666 300
5311 -722.1566666666666 300
5312 -721.9933333333333 300
5313 -718.5833333333334 300
5314 -718.8133333333334 300
5315 -718.8133333333334 300
5316 -719.1166666666667 300
5317 -719.7533333333333 300
5318 -720.06 300
5319 -720.4466666666667 300
5320 -720.9166666666666 300
5321 -721.96 300
5322 -722.9233333333333 300
5323 -724.39 300
5324 -725.9366666666666 300
5325 -727.5266666666666 300
5326 -728.22 300
5327 -728.2133333333334 300
5328 -728.12 300
5329 -728.06 300
5330 -728.0166666666667 300
5331 -727.98 300
5332 -727.8866666666667 300
5333 -727.7966666666666 300
5334 -727.74 300
5335 -727.5933333333334 300
5336 -727.5 300
5337 -727.4466666666667 300
5338 -727.3166666666667 300
5339 -727.2033333333334 300
5340 -727.0466666666666 300
5341 -726.9466666666667 300
5342 -726.8833333333333 300
5343 -726.7633333333333 300
5344 -726.5633333333334 300
5345 -726.3166666666667 300
5346 -726.8866666666667 300
5347 -726.84 300
5348 -726.7833333333333 300
5349 -726.84 300
5350 -726.7766666666666 300
5351 -726.7266666666667 300
5352 -726.57 300
5353 -728.28 300
5354 -728.2233333333334 300
5355 -728.3566666666667 300
5356 -728.2933333333333 300
5357 -727.9333333333333 300
5358 -727.69 300
5359 -727.76 300
5360 -726.84 300
5361 -724.9066666666666 300
5362 -723.7166666666667 300
5363 -724.0866666666667 300
5364 -724.33 300
5365 -724.5966666666667 300
5366 -725.05 300
5367 -725.1366666666667 300
5368 -725.4733333333334 300
5369 -724.03 300
5370 -725.72 300
5371 -726.2166666666667 300
5372 -726.31 300
5373 -726.5433333333333 300
5374 -726.47 300
5375 -727.3966666666666 300
5376 -727.38 300
5377 -727.3566666666667 300
5378 -727.2866666666666 300
5379 -727.2266666666667 300
5380 -727.0966666666667 300
5381 -727.1233333333333 300
5382 -726.8733333333333 300
5383 -725.9266666666666 300
5384 -725.0 300
5385 -724.3066666666666 300
5386 -723.9733333333334 300
5387 -723.6833333333333 300
5388 -723.36 300
5389 -723.2233333333334 300
5390 -722.9933333333333 300
5391 -723.8666666666667 300
5392 -723.96 300
5393 -724.6233333333333 300
5394 -724.15 300
5395 -724.1533333333333 300
5396 -724.3 300
5397 -724.4333333333333 300
5398 -724.3966666666666 300
5399 -724.4 300
5400 -724.4133333333333 300
5401 -724.38 300
5402 -725.13 300
5403 -724.6633333333333 300
5404 -724.8466666666667 300
5405 -725.6933333333334 300
5406 -725.6033333333334 300
5407 -725.6533333333333 300
5408 -725.4266666666666 300
5409 -725.2033333333334 300
5410 -725.0766666666667 300
5411 -724.7866666666666 300
5412 -724.6933333333334 300
5413 -724.46 300
5414 -724.0766666666667 300
5415 -724.17 300
5416 -725.23 300
5417 -725.41 300
5418 -725.5033333333333 300
5419 -725.4033333333333 300
5420 -725.2533333333333 300
5421 -725.2066666666667 300
5422 -725.1066666666667 300
5423 -724.9133333333333 300
5424 -724.9533333333334 300
5425 -724.9066666666666 300
5426 -725.0 300
5427 -725.0 300
5428 -725.0466666666666 300
5429 -724.9166666666666 300
5430 -724.96 300
5431 -724.8733333333333 300
5432 -724.7766666666666 300
5433 -724.7333333333333 300
5434 -724.69 300
5435 -724.6433333333333 300
5436 -724.6 300
5437 -724.5566666666666 300
5438 -725.05 300
5439 -725.11 300
5440 -725.0133333333333 300
5441 -725.0166666666667 300
5442 -725.07 300
5443 -725.0266666666666 300
5444 -724.9866666666667 300
5445 -724.9433333333334 300
5446 -724.98 300
5447 -724.89 300
5448 -724.8466666666667 300
5449 -724.8033333333333 300
5450 -724.7133333333334 300
5451 -724.58 300
5452 -724.54 300
5453 -724.3966666666666 300
5454 -724.3966666666666 300
5455 -724.3566666666667 300
5456 -724.2666666666667 300
5457 -724.2266666666667 300
5458 -724.18 300
5459 -723.8133333333334 300
5460 -723.8666666666667 300
5461 -723.91 300
5462 -722.2666666666667 300
5463 -722.4433333333334 300
5464 -722.49 300
5465 -722.45 300
5466 -722.0733333333334 300
5467 -722.2233333333334 300
5468 -722.3166666666667 300
5469 -722.3066666666666 300
5470 -720.7533333333333 300
5471 -720.8433333333334 300
5472 -720.94 300
5473 -721.0 300
5474 -720.5333333333333 300
5475 -721.29 300
5476 -721.4766666666667 300
5477 -721.5333333333333 300
5478 -721.6233333333333 300
5479 -721.66 300
5480 -721.66 300
5481 -721.46 300
5482 -721.59 300
5483 -721.5833333333334 300
5484 -721.6633333333333 300
5485 -721.6166666666667 300
5486 -722.0866666666667 300
5487 -722.04 300
5488 -722.0366666666666 300
5489 -721.9733333333334 300
5490 -721.84 300
5491 -721.8833333333333 300
5492 -721.4566666666667 300
5493 -721.3166666666667 300
5494 -721.3233333333334 300
5495 -721.28 300
5496 -721.2266666666667 300
5497 -721.2333333333333 300
5498 -721.1966666666667 300
5499 -721.1633333333333 300
5500 -721.2066666666667 300
5501 -721.11 300
5502 -721.5633333333334 300
5503 -721.7466666666667 300
5504 -721.8366666666667 300
5505 -721.54 300
5506 -721.9866666666667 300
5507 -722.22 300
5508 -722.1833333333333 300
5509 -722.1933333333334 300
5510 -722.0233333333333 300
5511 -721.9466666666667 300
5512 -721.91 300
5513 -721.8266666666667 300
5514 -721.6566666666666 300
5515 -721.6166666666667 300
5516 -721.54 300
5517 -722.0633333333334 300
5518 -722.15 300
5519 -722.1133333333333 300
5520 -722.03 300
5521 -721.9433333333334 300
5522 -721.9033333333333 300
5523 -721.86 300
5524 -722.55 300
5525 -722.7133333333334 300
5526 -723.5833333333334 300
5527 -723.7466666666667 300
5528 -724.28 300
5529 -725.65 300
5530 -726.16 300
5531 -726.3 300
5532 -726.3 300
5533 -726.4033333333333 300
5534 -726.27 300
5535 -726.37 300
5536 -726.5933333333334 300
5537 -726.6433333333333 300
5538 -726.82 300
5539 -726.92 300
5540 -726.7433333333333 300
5541 -726.71 300
5542 -726.6166666666667 300
5543 -726.4833333333333 300
5544 -726.31 300
5545 -726.22 300
5546 -723.0966666666667 300
5547 -723.3333333333334 300
5548 -723.4633333333334 300
5549 -723.4733333333334 300
5550 -723.2966666666666 300
5551 -723.2566666666667 300
5552 -723.2166666666667 300
5553 -723.1333333333333 300
5554 -723.09 300
5555 -723.05 300
5556 -722.88 300
5557 -722.8366666666667 300
5558 -722.71 300
5559 -723.3133333333334 300
5560 -723.44 300
5561 -723.4533333333334 300
5562 -723.37 300
5563 -723.37 300
5564 -723.2833333333333 300
5565 -723.2866666666666 300
5566 -724.0466666666666 300
5567 -724.0033333333333 300
5568 -723.8733333333333 300
5569 -723.9166666666666 300
5570 -723.9733333333334 300
5571 -723.81 300
5572 -723.8633333333333 300
5573 -724.5133333333333 300
5574 -724.86 300
5575 -724.27 300
5576 -724.6166666666667 300
5577 -724.01 300
5578 -724.2833333333333 300
5579 -724.6433333333333 300
5580 -726.16 300
5581 -726.16 300
5582 -726.2466666666667 300
5583 -726.29 300
5584 -726.4633333333334 300
5585 -726.55 300
5586 -726.7666666666667 300
5587 -726.81 300
5588 -726.7666666666667 300
5589 -726.64 300
5590 -726.74 300
5591 -726.7966666666666 300
5592 -726.71 300
5593 -726.7966666666666 300
5594 -726.7533333333333 300
5595 -726.7666666666667 300
5596 -726.7666666666667 300
5597 -726.78 300
5598 -726.7933333333333 300
5599 -726.75 300
5600 -726.8233333333334 300
5601 -726.8666666666667 300
5602 -726.8233333333334 300
5603 -726.7666666666667 300
5604 -726.81 300
5605 -726.71 300
5606 -726.68 300
5607 -726.8533333333334 300
5608 -727.07 300
5609 -727.2433333333333 300
5610 -726.1633333333333 300
5611 -725.9866666666667 300
5612 -726.29 300
5613 -726.6366666666667 300
5614 -726.78 300
5615 -728.3533333333334 300
5616 -728.67 300
5617 -726.9066666666666 300
5618 -727.08 300
5619 -727.4266666666666 300
5620 -727.7566666666667 300
5621 -727.06 300
5622 -727.65 300
5623 -726.1033333333334 300
5624 -723.3866666666667 300
5625 -724.5833333333334 300
5626 -726.1466666666666 300
5627 -728.23 300
5628 -730.39 300
5629 -730.23 300
5630 -730.6333333333333 300
5631 -730.8066666666666 300
5632 -726.2566666666667 300
5633 -725.65 300
5634 -725.7933333333333 300
5635 -724.1566666666666 300
5636 -724.2433333333333 300
5637 -725.9766666666667 300
5638 -727.71 300
5639 -727.7966666666666 300
5640 -727.7533333333333 300
5641 -727.7233333333334 300
5642 -727.7633333333333 300
5643 -727.6933333333334 300
5644 -727.8366666666667 300
5645 -727.7933333333333 300
5646 -727.7933333333333 300
5647 -727.75 300
5648 -727.75 300
5649 -727.6633333333333 300
5650 -727.85 300
5651 -727.2 300
5652 -727.2 300
5653 -727.3 300
5654 -727.2566666666667 300
5655 -727.3566666666667 300
5656 -727.54 300
5657 -727.5366666666666 300
5658 -727.59 300
5659 -727.5833333333334 300
5660 -727.5433333333333 300
5661 -727.54 300
5662 -727.5366666666666 300
5663 -727.6333333333333 300
5664 -727.0633333333334 300
5665 -726.7466666666667 300
5666 -726.4566666666667 300
5667 -726.3833333333333 300
5668 -726.39 300
5669 -728.9666666666667 300
5670 -729.34 300
5671 -729.4366666666666 300
5672 -729.3866666666667 300
5673 -729.5166666666667 300
5674 -729.5166666666667 300
5675 -729.61 300
5676 -729.6466666666666 300
5677 -729.73 300
5678 -729.35 300
5679 -728.9333333333333 300
5680 -728.9433333333334 300
5681 -728.9866666666667 300
5682 -729.0266666666666 300
5683 -729.0833333333334 300
5684 -729.1833333333333 300
5685 -729.3266666666667 300
5686 -729.4566666666667 300
5687 -729.6433333333333 300
5688 -729.6833333333333 300
5689 -729.8666666666667 300
5690 -730.05 300
5691 -730.1766666666666 300
5692 -730.2166666666667 300
5693 -730.1866666666666 300
5694 -730.0566666666666 300
5695 -729.81 300
5696 -729.5633333333334 300
5697 -729.46 300
5698 -729.3133333333334 300
5699 -729.1233333333333 300
5700 -729.0633333333334 300
5701 -729.0033333333333 300
5702 -729.0566666666666 300
5703 -729.33 300
5704 -729.4166666666666 300
5705 -729.46 300
5706 -729.46 300
5707 -729.5166666666667 300
5708 -729.3433333333334 300
5709 -729.5166666666667 300
5710 -728.6933333333334 300
5711 -729.04 300
5712 -728.9533333333334 300
5713 -728.91 300
5714 -728.8966666666666 300
5715 -728.81 300
5716 -728.7666666666667 300
5717 -728.6666666666666 300
5718 -728.61 300
5719 -728.51 300
5720 -728.25 300
5721 -728.6833333333333 300
5722 -725.0433333333333 300
5723 -725.26 300
5724 -722.9633333333334 300
5725 -721.4466666666667 300
5726 -721.72 300
5727 -721.85 300
5728 -722.11 300
5729 -722.3266666666667 300
5730 -722.6 300
5731 -723.2933333333333 300
5732 -724.1733333333333 300
5733 -724.23 300
5734 -724.36 300
5735 -724.49 300
5736 -724.4033333333333 300
5737 -724.6766666666666 300
5738 -724.7633333333333 300
5739 -724.9366666666666 300
5740 -724.72 300
5741 -724.29 300
5742 -723.7933333333333 300
5743 -723.7933333333333 300
5744 -722.9266666666666 300
5745 -722.6666666666666 300
5746 -719.6766666666666 300
5747 -717.7266666666667 300
5748 -712.5733333333334 300
5749 -712.53 300
5750 -712.6733333333333 300
5751 -712.76 300
5752 -713.02 300
5753 -713.3366666666667 300
5754 -713.5966666666667 300
5755 -713.9433333333334 300
5756 -714.3033333333333 300
5757 -714.39 300
5758 -714.49 300
5759 -714.7633333333333 300
5760 -714.95 300
5761 -714.69 300
5762 -714.69 300
5763 -714.7766666666666 300
5764 -714.9066666666666 300
5765 -714.9066666666666 300
5766 -715.9033333333333 300
5767 -715.7733333333333 300
5768 -715.8166666666667 300
5769 -708.4066666666666 300
5770 -709.2733333333333 300
5771 -709.5333333333333 300
5772 -709.85 300
5773 -710.11 300
5774 -710.1533333333333 300
5775 -710.37 300
5776 -710.5866666666667 300
5777 -710.7166666666667 300
5778 -710.8466666666667 300
5779 -711.02 300
5780 -711.51 300
5781 -711.77 300
5782 -712.1733333333333 300
5783 -712.65 300
5784 -713.4866666666667 300
5785 -713.79 300
5786 -714.05 300
5787 -714.3666666666667 300
5788 -714.8566666666667 300
5789 -715.3766666666667 300
5790 -716.33 300
5791 -716.6033333333334 300
5792 -716.6466666666666 300
5793 -717.1366666666667 300
5794 -717.4533333333334 300
5795 -718.1033333333334 300
5796 -718.2333333333333 300
5797 -717.7166666666667 300
5798 -716.71 300
5799 -715.69 300
5800 -714.74 300
5801 -713.8333333333334 300
5802 -713.1566666666666 300
5803 -712.7833333333333 300
5804 -713.4766666666667 300
5805 -713.8266666666667 300
5806 -714.6533333333333 300
5807 -715.06 300
5808 -715.3233333333334 300
5809 -715.8566666666667 300
5810 -715.73 300
5811 -715.6866666666666 300
5812 -715.46 300
5813 -715.23 300
5814 -715.0466666666666 300
5815 -714.9933333333333 300
5816 -715.6033333333334 300
5817 -716.2166666666667 300
5818 -716.5233333333333 300
5819 -716.6133333333333 300
5820 -716.36 300
5821 -716.0466666666666 300
5822 -715.65 300
5823 -715.5266666666666 300
5824 -716.5033333333333 300
5825 -717.1566666666666 300
5826 -717.16 300
5827 -717.35 300
5828 -718.5066666666667 300
5829 -718.8 300
5830 -720.62 300
5831 -722.1266666666667 300
5832 -722.3866666666667 300
5833 -722.5166666666667 300
5834 -722.04 300
5835 -723.34 300
5836 -721.4333333333333 300
5837 -718.9633333333334 300
5838 -721.1833333333333 300
5839 -723.74 300
5840 -724.77 300
5841 -724.7366666666667 300
5842 -724.8666666666667 300
5843 -721.38 300
5844 -721.6066666666667 300
5845 -722.05 300
5846 -717.8133333333334 300
5847 -718.16 300
5848 -718.0566666666666 300
5849 -718.59 300
5850 -720.2266666666667 300
5851 -720.4433333333334 300
5852 -723.3166666666667 300
5853 -727.91 300
5854 -724.9766666666667 300
5855 -724.7166666666667 300
5856 -724.63 300
5857 -725.25 300
5858 -725.1633333333333 300
5859 -724.99 300
5860 -726.03 300
5861 -725.9466666666667 300
5862 -725.83 300
5863 -725.8733333333333 300
5864 -725.8433333333334 300
5865 -725.67 300
5866 -725.63 300
5867 -726.41 300
5868 -726.38 300
5869 -726.35 300
5870 -726.35 300
5871 -726.41 300
5872 -726.2366666666667 300
5873 -726.15 300
5874 -726.1633333333333 300
5875 -725.6 300
5876 -725.2766666666666 300
5877 -725.32 300
5878 -724.2966666666666 300
5879 -723.1833333333333 300
5880 -720.0633333333334 300
5881 -715.5133333333333 300
5882 -708.98 300
5883 -709.26 300
5884 -709.66 300
5885 -710.0433333333333 300
5886 -710.7566666666667 300
5887 -711.3766666666667 300
5888 -711.6933333333334 300
5889 -712.3433333333334 300
5890 -713.9933333333333 300
5891 -715.8733333333333 300
5892 -718.45 300
5893 -718.7 300
5894 -718.8466666666667 300
5895 -719.0866666666667 300
5896 -719.1766666666666 300
5897 -719.3533333333334 300
5898 -719.54 300
5899 -719.7766666666666 300
5900 -719.82 300
5901 -720.01 300
5902 -720.2866666666666 300
5903 -720.6033333333334 300
5904 -721.1933333333334 300
5905 -721.5566666666666 300
5906 -722.0533333333333 300
5907 -722.24 300
5908 -723.3233333333334 300
5909 -723.5966666666667 300
5910 -723.8266666666667 300
5911 -723.9633333333334 300
5912 -724.3366666666667 300
5913 -724.3033333333333 300
5914 -724.4466666666667 300
5915 -723.7866666666666 300
5916 -722.8933333333333 300
5917 -722.4933333333333 300
5918 -722.94 300
5919 -722.8066666666666 300
5920 -722.5833333333334 300
5921 -722.3766666666667 300
5922 -722.2833333333333 300
5923 -721.9966666666667 300
5924 -722.1366666666667 300
5925 -722.41 300
5926 -722.8166666666667 300
5927 -723.0866666666667 300
5928 -723.0 300
5929 -721.6933333333334 300
5930 -722.01 300
5931 -722.3666666666667 300
5932 -722.77 300
5933 -722.99 300
5934 -723.0366666666666 300
5935 -723.01 300
5936 -722.93 300
5937 -723.0766666666667 300
5938 -723.0433333333333 300
5939 -723.0733333333334 300
5940 -723.1266666666667 300
5941 -723.1666666666666 300
5942 -723.1666666666666 300
5943 -722.6133333333333 300
5944 -722.5833333333334 300
5945 -722.7466666666667 300
5946 -722.8533333333334 300
5947 -723.0233333333333 300
5948 -722.9466666666667 300
5949 -723.1166666666667 300
5950 -725.2866666666666 300
5951 -725.2466666666667 300
5952 -725.2466666666667 300
5953 -725.2033333333334 300
5954 -725.33 300
5955 -725.2533333333333 300
5956 -725.25 300
5957 -725.1633333333333 300
5958 -725.12 300
5959 -725.0866666666667 300
5960 -725.09 300
5961 -725.09 300
5962 -724.57 300
5963 -724.7966666666666 300
5964 -724.7533333333333 300
5965 -724.6666666666666 300
5966 -724.6766666666666 300
5967 -726.8533333333334 300
5968 -726.83 300
5969 -726.8066666666666 300
5970 -726.6866666666666 300
5971 -726.6 300
5972 -726.5766666666667 300
5973 -726.5766666666667 300
5974 -726.4033333333333 300
5975 -726.1966666666667 300
5976 -725.99 300
5977 -725.8033333333333 300
5978 -725.5533333333333 300
5979 -725.39 300
5980 -725.15 300
5981 -724.92 300
5982 -724.7333333333333 300
5983 -724.5266666666666 300
5984 -724.46 300
5985 -724.34 300
5986 -724.35 300
5987 -724.2833333333333 300
5988 -724.1966666666667 300
5989 -724.0866666666667 300
5990 -723.99 300
5991 -723.9566666666667 300
5992 -720.9966666666667 300
5993 -721.0933333333334 300
5994 -721.2766666666666 300
5995 -721.45 300
5996 -721.45 300
5997 -721.46 300
5998 -721.46 300
5999 -721.47 300
6000 -721.47 300
