510.0 -640.0
508.3333333333333 -638.3333333333334
507.5 -637.5
507.5 -637.5
514.1666666666667 -647.5
519.1666666666667 -650.0
525.8333333333334 -650.8333333333333
510.0 -640.0
510.0 -640.0
508.3333333333333 -638.3333333333334
525.8333333333334 -650.8333333333333
510.0 -640.0
510.0 -640.0
510.0 -640.0
526.6666666666667 -654.1666666666667
519.1666666666667 -650.0
507.5 -637.5
510.8333333333333 -644.1666666666666
507.5 -637.5
508.3333333333333 -638.3333333333334
510.0 -640.0
517.5 -649.1666666666666
