507.5 -638.3333333333333
510.0 -645.0
511.6666666666667 -648.3333333333334
508.3333333333333 -642.5000000000001
515.0 -651.6666666666666
514.1666666666667 -650.0
508.3333333333333 -642.5000000000001
510.8333333333333 -646.6666666666666
520.0 -654.1666666666667
511.6666666666667 -648.3333333333334
523.3333333333334 -655.0
524.1666666666667 -659.1666666666667
507.5 -638.3333333333333
523.3333333333334 -655.0
523.3333333333334 -655.0
510.8333333333333 -646.6666666666666
519.1666666666667 -651.6666666666667
