520.8333333333334 -656.6666666666667
515.0 -653.3333333333334
523.3333333333334 -660.0000000000001
520.0 -655.8333333333334
517.5 -654.1666666666667
510.8333333333333 -650.0
520.8333333333334 -656.6666666666667
508.3333333333333 -645.8333333333334
514.1666666666667 -651.6666666666666
520.0 -655.8333333333334
507.5 -643.3333333333333
511.6666666666667 -650.8333333333334
508.3333333333333 -645.8333333333334
510.8333333333333 -650.0
523.3333333333333 -657.5000000000001
515.0 -653.3333333333334
525.8333333333333 -661.6666666666667
509.1666666666667 -646.6666666666666
515.0 -653.3333333333334
523.3333333333333 -657.5000000000001
