511.66666666666663 -661.6666666666666
511.66666666666663 -661.6666666666666
511.66666666666663 -661.6666666666666
511.66666666666663 -661.6666666666666
511.66666666666663 -661.6666666666666
511.66666666666663 -661.6666666666666
511.66666666666663 -661.6666666666666
511.66666666666663 -661.6666666666666
508.3333333333333 -650.8333333333334
511.66666666666663 -661.6666666666666
511.66666666666663 -661.6666666666666
511.66666666666663 -661.6666666666666
510.8333333333333 -660.8333333333334
525.0 -671.6666666666666
516.6666666666666 -667.4999999999999
511.66666666666663 -661.6666666666666
511.66666666666663 -661.6666666666666
511.66666666666663 -661.6666666666666
509.16666666666663 -651.6666666666667
511.66666666666663 -661.6666666666666
520.8333333333333 -670.0
511.66666666666663 -661.6666666666666
511.66666666666663 -661.6666666666666
511.66666666666663 -661.6666666666666
511.66666666666663 -661.6666666666666
510.0 -660.0
510.8333333333333 -660.8333333333334
508.3333333333333 -650.8333333333334
511.66666666666663 -661.6666666666666
511.66666666666663 -661.6666666666666
511.66666666666663 -661.6666666666666
511.66666666666663 -661.6666666666666
511.66666666666663 -661.6666666666666
511.66666666666663 -661.6666666666666
508.3333333333333 -650.8333333333334
511.66666666666663 -661.6666666666666
511.66666666666663 -661.6666666666666
512.5 -662.5
510.0 -660.0
511.66666666666663 -661.6666666666666
511.66666666666663 -661.6666666666666
525.0 -671.6666666666666
511.66666666666663 -661.6666666666666
511.66666666666663 -661.6666666666666
509.16666666666663 -651.6666666666667
511.66666666666663 -661.6666666666666
508.3333333333333 -650.8333333333334
511.66666666666663 -661.6666666666666
511.66666666666663 -661.6666666666666
525.0 -671.6666666666666
512.5 -662.5
511.66666666666663 -661.6666666666666
511.66666666666663 -661.6666666666666
520.0 -669.1666666666666
510.0 -660.0
515.8333333333333 -666.6666666666666
511.66666666666663 -661.6666666666666
511.66666666666663 -661.6666666666666
525.0 -671.6666666666666
517.5 -667.5
507.5 -649.1666666666666
511.66666666666663 -661.6666666666666
511.66666666666663 -661.6666666666666
512.5 -662.5
513.3333333333333 -665.8333333333334
520.8333333333333 -670.0
511.66666666666663 -661.6666666666666
516.6666666666666 -667.4999999999999
511.66666666666663 -661.6666666666666
511.66666666666663 -661.6666666666666
511.66666666666663 -661.6666666666666
511.66666666666663 -661.6666666666666
522.5 -670.8333333333334
520.8333333333333 -670.0
