507.5 -649.1666666666666
507.5 -649.1666666666666
508.3333333333333 -660.8333333333333
510.8333333333333 -664.1666666666666
524.1666666666666 -673.3333333333333
508.3333333333333 -660.8333333333333
520.8333333333333 -672.5
514.1666666666666 -667.4999999999999
510.8333333333333 -664.1666666666666
516.6666666666666 -670.0
509.16666666666663 -662.4999999999999
508.3333333333333 -660.8333333333333
513.3333333333333 -666.6666666666666
515.8333333333333 -669.9999999999999
513.3333333333333 -666.6666666666666
518.3333333333333 -671.6666666666666
514.1666666666666 -667.4999999999999
