515.8333333333333 -676.6666666666666
510.0 -671.6666666666665
513.3333333333333 -674.1666666666666
513.3333333333333 -674.1666666666666
514.1666666666666 -674.9999999999999
514.1666666666666 -674.9999999999999
514.1666666666666 -674.9999999999999
514.1666666666666 -674.9999999999999
514.1666666666666 -674.9999999999999
513.3333333333333 -674.1666666666666
515.8333333333333 -676.6666666666666
509.16666666666663 -670.8333333333331
507.5 -664.9999999999999
509.1666666666667 -670.8333333333333
514.1666666666666 -674.9999999999999
513.3333333333333 -674.1666666666666
508.3333333333333 -669.9999999999998
513.3333333333333 -674.1666666666666
509.1666666666667 -670.8333333333333
507.5 -664.9999999999999
508.3333333333333 -669.9999999999998
509.16666666666663 -670.8333333333331
510.0 -671.6666666666665
515.8333333333333 -676.6666666666666
508.3333333333333 -669.9999999999998
508.3333333333333 -669.9999999999998
509.16666666666663 -670.8333333333331
509.1666666666667 -670.8333333333333
509.16666666666663 -670.8333333333331
508.3333333333333 -669.9999999999998
508.3333333333333 -669.9999999999998
508.3333333333333 -669.9999999999998
510.0 -671.6666666666665
514.1666666666666 -674.9999999999999
509.16666666666663 -670.8333333333331
509.1666666666667 -670.8333333333333
509.1666666666667 -670.8333333333333
509.16666666666663 -670.8333333333331
509.16666666666663 -670.8333333333331
509.1666666666667 -670.8333333333333
509.16666666666663 -670.8333333333331
509.1666666666667 -670.8333333333333
