508.3333333333333 -688.3333333333333
507.5 -684.9999999999999
512.5 -689.9999999999999
507.5 -684.9999999999999
507.5 -684.9999999999999
507.5 -684.9999999999999
512.5 -689.9999999999999
512.5 -689.9999999999999
507.5 -684.9999999999999
512.5 -689.9999999999999
507.5 -684.9999999999999
507.5 -684.9999999999999
507.5 -684.9999999999999
507.5 -684.9999999999999
507.5 -684.9999999999999
512.5 -689.9999999999999
512.5 -689.9999999999999
512.5 -689.9999999999999
512.5 -689.9999999999999
514.1666666666666 -694.1666666666665
507.5 -684.9999999999999
512.5 -689.9999999999999
512.5 -689.9999999999999
513.3333333333333 -693.3333333333333
