507.5 -689.1666666666665
509.16666666666663 -691.6666666666665
507.5 -689.1666666666665
507.5 -689.1666666666665
507.5 -689.1666666666665
507.5 -689.1666666666665
507.5 -689.1666666666665
512.5 -694.1666666666665
508.3333333333333 -689.9999999999999
512.5 -694.1666666666665
507.5 -689.1666666666665
512.5 -694.1666666666665
508.3333333333333 -689.9999999999999
507.5 -689.1666666666665
512.5 -694.1666666666665
513.3333333333333 -697.4999999999998
507.5 -689.1666666666665
509.16666666666663 -691.6666666666665
514.1666666666666 -697.4999999999999
509.16666666666663 -691.6666666666665
507.5 -689.1666666666665
507.5 -689.1666666666665
507.5 -689.1666666666665
512.5 -694.1666666666665
507.5 -689.1666666666665
512.5 -694.1666666666665
515.0 -698.3333333333331
509.16666666666663 -691.6666666666665
509.99999999999994 -693.3333333333333
507.5 -689.1666666666665
508.3333333333333 -689.9999999999999
512.5 -694.1666666666665
