513.3333333333333 -719.1666666666666
513.3333333333333 -719.1666666666666
509.1666666666667 -715.0
509.1666666666667 -715.0
513.3333333333333 -719.1666666666666
513.3333333333333 -719.1666666666666
513.3333333333333 -719.1666666666666
513.3333333333333 -719.1666666666666
513.3333333333333 -719.1666666666666
509.1666666666667 -715.0
513.3333333333333 -719.1666666666666
506.6666666666667 -714.1666666666666
509.1666666666667 -715.0
513.3333333333333 -719.1666666666666
513.3333333333333 -719.1666666666666
509.1666666666667 -715.0
513.3333333333333 -719.1666666666666
510.8333333333333 -716.6666666666666
506.6666666666667 -714.1666666666666
