506.6666666666667 -720.0
522.4999999999999 -736.6666666666666
513.3333333333333 -730.8333333333334
513.3333333333333 -730.8333333333334
522.4999999999999 -736.6666666666666
515.0 -732.5000000000001
523.3333333333333 -737.5
508.3333333333333 -725.8333333333334
508.3333333333333 -725.8333333333334
512.5 -730.0000000000001
512.5 -730.0000000000001
507.5 -725.0000000000001
513.3333333333333 -730.8333333333334
510.8333333333333 -728.3333333333334
510.8333333333333 -728.3333333333334
515.8333333333333 -733.3333333333334
523.3333333333333 -737.5
513.3333333333333 -730.8333333333334
508.3333333333333 -725.8333333333334
522.4999999999999 -736.6666666666666
523.3333333333333 -737.5
510.8333333333333 -728.3333333333334
523.3333333333333 -737.5
512.5 -730.0000000000001
510.0 -727.5000000000001
510.0 -727.5000000000001
512.5 -730.0000000000001
515.8333333333333 -733.3333333333334
515.8333333333333 -733.3333333333334
515.8333333333333 -733.3333333333334
518.3333333333333 -735.8333333333334
511.66666666666663 -729.1666666666667
508.3333333333333 -725.8333333333334
513.3333333333333 -730.8333333333334
522.4999999999999 -736.6666666666666
