506.6666666666667 -720.0
513.3333333333333 -730.8333333333334
513.3333333333333 -730.8333333333334
515.0 -732.5000000000001
508.3333333333333 -725.8333333333334
508.3333333333333 -725.8333333333334
512.5 -730.0000000000001
512.5 -730.0000000000001
507.5 -725.0000000000001
513.3333333333333 -730.8333333333334
510.8333333333333 -728.3333333333334
510.8333333333333 -728.3333333333334
515.8333333333333 -733.3333333333334
513.3333333333333 -730.8333333333334
508.3333333333333 -725.8333333333334
510.8333333333333 -728.3333333333334
512.5 -730.0000000000001
510.0 -727.5000000000001
510.0 -727.5000000000001
512.5 -730.0000000000001
515.8333333333333 -733.3333333333334
515.8333333333333 -733.3333333333334
515.8333333333333 -733.3333333333334
518.3333333333333 -735.8333333333334
511.66666666666663 -729.1666666666667
508.3333333333333 -725.8333333333334
513.3333333333333 -730.8333333333334
506.6666666666667 -720.0
508.3333333333333 -725.8333333333334
513.3333333333333 -730.8333333333334
515.8333333333333 -733.3333333333334
511.66666666666663 -729.1666666666667
512.5 -730.0000000000001
516.6666666666666 -734.1666666666667
506.6666666666667 -720.0
515.0 -732.5000000000001
508.3333333333333 -725.8333333333334
513.3333333333333 -730.8333333333334
510.0 -727.5000000000001
516.6666666666666 -734.1666666666667
513.3333333333333 -730.8333333333334
516.6666666666666 -734.1666666666667
506.6666666666667 -720.0
507.5 -725.0000000000001
516.6666666666666 -734.1666666666667
517.5 -735.0000000000001
508.3333333333333 -725.8333333333334
510.0 -727.5000000000001
515.0 -732.5000000000001
512.5 -730.0000000000001
513.3333333333333 -730.8333333333334
508.3333333333333 -725.8333333333334
508.3333333333333 -725.8333333333334
513.3333333333333 -730.8333333333334
513.3333333333333 -730.8333333333334
513.3333333333333 -730.8333333333334
515.8333333333333 -733.3333333333334
508.3333333333333 -725.8333333333334
515.8333333333333 -733.3333333333334
512.5 -730.0000000000001
516.6666666666666 -734.1666666666667
527.4999999999999 -739.1666666666666
510.8333333333333 -728.3333333333334
516.6666666666666 -734.1666666666667
518.3333333333333 -735.8333333333334
515.8333333333333 -733.3333333333334
515.8333333333333 -733.3333333333334
516.6666666666666 -734.1666666666667
508.3333333333333 -725.8333333333334
516.6666666666666 -734.1666666666667
513.3333333333333 -730.8333333333334
515.8333333333333 -733.3333333333334
510.8333333333333 -728.3333333333334
507.5 -725.0000000000001
515.0 -732.5000000000001
508.3333333333333 -725.8333333333334
506.6666666666667 -720.0
506.6666666666667 -720.0
513.3333333333333 -730.8333333333334
514.1666666666666 -731.6666666666667
506.6666666666667 -720.0
513.3333333333333 -730.8333333333334
507.5 -725.0000000000001
508.3333333333333 -725.8333333333334
515.0 -732.5000000000001
508.3333333333333 -725.8333333333334
515.8333333333333 -733.3333333333334
508.3333333333333 -725.8333333333334
508.3333333333333 -725.8333333333334
508.3333333333333 -725.8333333333334
508.3333333333333 -725.8333333333334
514.1666666666666 -731.6666666666667
518.3333333333333 -735.8333333333334
508.3333333333333 -725.8333333333334
506.6666666666667 -720.0
507.5 -725.0000000000001
506.6666666666667 -720.0
512.5 -730.0000000000001
513.3333333333333 -730.8333333333334
516.6666666666666 -734.1666666666667
506.6666666666667 -720.0
508.3333333333333 -725.8333333333334
513.3333333333333 -730.8333333333334
510.8333333333333 -728.3333333333334
514.1666666666666 -731.6666666666667
506.6666666666667 -720.0
510.8333333333333 -728.3333333333334
514.1666666666666 -731.6666666666667
513.3333333333333 -730.8333333333334
515.0 -732.5000000000001
516.6666666666666 -734.1666666666667
516.6666666666666 -734.1666666666667
506.6666666666667 -720.0
506.6666666666667 -720.0
507.5 -725.0000000000001
515.0 -732.5000000000001
507.5 -725.0000000000001
522.4999999999999 -738.3333333333333
513.3333333333333 -730.8333333333334
515.8333333333333 -733.3333333333334
516.6666666666666 -734.1666666666667
510.8333333333333 -728.3333333333334
508.3333333333333 -725.8333333333334
