505.0 -717.5
524.9999999999999 -740.8333333333333
524.9999999999999 -740.8333333333333
505.0 -717.5
506.66666666666663 -723.3333333333334
517.4999999999999 -735.8333333333334
515.0 -735.0000000000001
521.6666666666666 -740.0
505.8333333333333 -718.3333333333334
512.5 -730.8333333333334
510.0 -730.0
514.1666666666667 -732.5000000000001
513.3333333333333 -731.6666666666669
519.1666666666666 -737.5000000000001
519.1666666666666 -737.5000000000001
509.99999999999994 -727.5
520.8333333333333 -739.1666666666667
507.5 -725.0000000000001
520.8333333333333 -739.1666666666667
508.3333333333333 -725.8333333333334
505.8333333333333 -718.3333333333334
509.16666666666663 -726.6666666666667
507.5 -725.0000000000001
509.16666666666663 -726.6666666666667
508.3333333333333 -725.8333333333334
510.0 -730.0
509.99999999999994 -727.5
505.0 -717.5
505.8333333333333 -718.3333333333334
507.5 -725.0000000000001
509.16666666666663 -726.6666666666667
508.3333333333333 -725.8333333333334
509.99999999999994 -727.5
505.0 -717.5
507.5 -725.0000000000001
509.16666666666663 -726.6666666666667
508.3333333333333 -725.8333333333334
505.0 -717.5
507.5 -725.0000000000001
509.16666666666663 -726.6666666666667
508.3333333333333 -725.8333333333334
507.5 -725.0000000000001
509.16666666666663 -726.6666666666667
508.3333333333333 -725.8333333333334
507.5 -725.0000000000001
509.16666666666663 -726.6666666666667
508.3333333333333 -725.8333333333334
507.5 -725.0000000000001
509.16666666666663 -726.6666666666667
508.3333333333333 -725.8333333333334
507.5 -725.0000000000001
509.16666666666663 -726.6666666666667
508.3333333333333 -725.8333333333334
507.5 -725.0000000000001
509.16666666666663 -726.6666666666667
508.3333333333333 -725.8333333333334
507.5 -725.0000000000001
509.16666666666663 -726.6666666666667
508.3333333333333 -725.8333333333334
509.16666666666663 -726.6666666666667
507.5 -725.0000000000001
508.3333333333333 -725.8333333333334
509.16666666666663 -726.6666666666667
507.5 -725.0000000000001
508.3333333333333 -725.8333333333334
509.16666666666663 -726.6666666666667
507.5 -725.0000000000001
508.3333333333333 -725.8333333333334
509.16666666666663 -726.6666666666667
507.5 -725.0000000000001
508.3333333333333 -725.8333333333334
509.16666666666663 -726.6666666666667
507.5 -725.0000000000001
508.3333333333333 -725.8333333333334
509.16666666666663 -726.6666666666667
508.3333333333333 -725.8333333333334
519.1666666666666 -737.5000000000001
508.3333333333333 -725.8333333333334
507.5 -725.0000000000001
509.16666666666663 -726.6666666666667
508.3333333333333 -725.8333333333334
507.5 -725.0000000000001
508.3333333333333 -725.8333333333334
509.16666666666663 -726.6666666666667
508.3333333333333 -725.8333333333334
507.5 -725.0000000000001
509.16666666666663 -726.6666666666667
505.0 -717.5
508.3333333333333 -725.8333333333334
507.5 -725.0000000000001
508.3333333333333 -725.8333333333334
509.16666666666663 -726.6666666666667
509.16666666666663 -726.6666666666667
507.5 -725.0000000000001
507.5 -725.0000000000001
507.5 -725.0000000000001
507.5 -725.0000000000001
508.3333333333333 -725.8333333333334
509.16666666666663 -726.6666666666667
508.3333333333333 -725.8333333333334
509.16666666666663 -726.6666666666667
507.5 -725.0000000000001
507.5 -725.0000000000001
508.3333333333333 -725.8333333333334
508.3333333333333 -725.8333333333334
507.5 -725.0000000000001
507.5 -725.0000000000001
508.3333333333333 -725.8333333333334
507.5 -725.0000000000001
509.16666666666663 -726.6666666666667
508.3333333333333 -725.8333333333334
508.3333333333333 -725.8333333333334
507.5 -725.0000000000001
508.3333333333333 -725.8333333333334
507.5 -725.0000000000001
507.5 -725.0000000000001
508.3333333333333 -725.8333333333334
507.5 -725.0000000000001
507.5 -725.0000000000001
508.3333333333333 -725.8333333333334
508.3333333333333 -725.8333333333334
507.5 -725.0000000000001
507.5 -725.0000000000001
507.5 -725.0000000000001
507.5 -725.0000000000001
509.16666666666663 -726.6666666666667
509.16666666666663 -726.6666666666667
509.16666666666663 -726.6666666666667
509.16666666666663 -726.6666666666667
507.5 -725.0000000000001
507.5 -725.0000000000001
507.5 -725.0000000000001
508.3333333333333 -725.8333333333334
507.5 -725.0000000000001
508.3333333333333 -725.8333333333334
508.3333333333333 -725.8333333333334
509.16666666666663 -726.6666666666667
507.5 -725.0000000000001
507.5 -725.0000000000001
508.3333333333333 -725.8333333333334
509.16666666666663 -726.6666666666667
508.3333333333333 -725.8333333333334
508.3333333333333 -725.8333333333334
508.3333333333333 -725.8333333333334
507.5 -725.0000000000001
519.1666666666666 -737.5000000000001
508.3333333333333 -725.8333333333334
508.3333333333333 -725.8333333333334
507.5 -725.0000000000001
509.16666666666663 -726.6666666666667
507.5 -725.0000000000001
508.3333333333333 -725.8333333333334
507.5 -725.0000000000001
508.3333333333333 -725.8333333333334
509.16666666666663 -726.6666666666667
507.5 -725.0000000000001
509.16666666666663 -726.6666666666667
507.5 -725.0000000000001
507.5 -725.0000000000001
509.16666666666663 -726.6666666666667
507.5 -725.0000000000001
508.3333333333333 -725.8333333333334
508.3333333333333 -725.8333333333334
507.5 -725.0000000000001
507.5 -725.0000000000001
507.5 -725.0000000000001
509.16666666666663 -726.6666666666667
507.5 -725.0000000000001
519.1666666666666 -737.5000000000001
509.16666666666663 -726.6666666666667
508.3333333333333 -725.8333333333334
508.3333333333333 -725.8333333333334
507.5 -725.0000000000001
508.3333333333333 -725.8333333333334
507.5 -725.0000000000001
507.5 -725.0000000000001
505.8333333333333 -718.3333333333334
509.16666666666663 -726.6666666666667
507.5 -725.0000000000001
508.3333333333333 -725.8333333333334
507.5 -725.0000000000001
508.3333333333333 -725.8333333333334
507.5 -725.0000000000001
507.5 -725.0000000000001
508.3333333333333 -725.8333333333334
508.3333333333333 -725.8333333333334
507.5 -725.0000000000001
508.3333333333333 -725.8333333333334
508.3333333333333 -725.8333333333334
508.3333333333333 -725.8333333333334
519.1666666666666 -737.5000000000001
508.3333333333333 -725.8333333333334
509.16666666666663 -726.6666666666667
507.5 -725.0000000000001
508.3333333333333 -725.8333333333334
507.5 -725.0000000000001
507.5 -725.0000000000001
508.3333333333333 -725.8333333333334
507.5 -725.0000000000001
508.3333333333333 -725.8333333333334
