521.6666666666666 -745.8333333333335
503.3333333333333 -714.1666666666666
503.3333333333333 -714.1666666666666
521.6666666666666 -745.8333333333335
515.8333333333333 -741.6666666666667
517.5 -743.3333333333335
505.8333333333333 -723.3333333333334
506.66666666666663 -728.3333333333334
504.16666666666663 -718.3333333333333
519.1666666666666 -745.0000000000001
508.3333333333333 -733.3333333333335
505.8333333333333 -723.3333333333334
514.1666666666666 -740.0000000000001
512.5 -738.3333333333335
510.8333333333333 -736.6666666666667
507.5 -730.0000000000001
505.0 -720.0
510.8333333333333 -736.6666666666667
514.1666666666666 -740.0000000000001
512.5 -738.3333333333335
519.1666666666666 -745.0000000000001
506.66666666666663 -728.3333333333334
504.16666666666663 -718.3333333333333
509.16666666666663 -734.1666666666667
504.99999999999994 -719.1666666666666
507.5 -730.0000000000001
507.49999999999994 -729.1666666666667
505.0 -720.0
510.0 -735.8333333333335
509.1666666666667 -735.0000000000001
513.3333333333333 -739.1666666666667
518.3333333333333 -744.1666666666667
518.3333333333333 -744.1666666666667
513.3333333333333 -739.1666666666667
508.3333333333333 -733.3333333333335
510.0 -735.8333333333335
509.1666666666667 -735.0000000000001
507.49999999999994 -729.1666666666667
504.99999999999994 -719.1666666666666
509.16666666666663 -734.1666666666667
521.6666666666666 -745.8333333333335
505.8333333333333 -723.3333333333334
506.66666666666663 -728.3333333333334
510.8333333333333 -736.6666666666667
507.5 -730.0000000000001
512.5 -738.3333333333335
504.16666666666663 -718.3333333333333
505.0 -720.0
513.3333333333333 -739.1666666666667
518.3333333333333 -744.1666666666667
508.3333333333333 -733.3333333333335
510.0 -735.8333333333335
509.1666666666667 -735.0000000000001
504.99999999999994 -719.1666666666666
521.6666666666666 -745.8333333333335
505.8333333333333 -723.3333333333334
506.66666666666663 -728.3333333333334
510.8333333333333 -736.6666666666667
507.5 -730.0000000000001
512.5 -738.3333333333335
504.16666666666663 -718.3333333333333
505.0 -720.0
518.3333333333333 -744.1666666666667
513.3333333333333 -739.1666666666667
508.3333333333333 -733.3333333333335
510.0 -735.8333333333335
509.1666666666667 -735.0000000000001
504.99999999999994 -719.1666666666666
505.8333333333333 -723.3333333333334
506.66666666666663 -728.3333333333334
510.8333333333333 -736.6666666666667
507.5 -730.0000000000001
512.5 -738.3333333333335
504.16666666666663 -718.3333333333333
505.0 -720.0
508.3333333333333 -733.3333333333335
510.0 -735.8333333333335
509.1666666666667 -735.0000000000001
504.99999999999994 -719.1666666666666
505.8333333333333 -723.3333333333334
506.66666666666663 -728.3333333333334
510.8333333333333 -736.6666666666667
507.5 -730.0000000000001
508.3333333333333 -733.3333333333335
509.1666666666667 -735.0000000000001
504.16666666666663 -718.3333333333333
505.0 -720.0
510.0 -735.8333333333335
504.99999999999994 -719.1666666666666
505.8333333333333 -723.3333333333334
506.66666666666663 -728.3333333333334
510.8333333333333 -736.6666666666667
507.5 -730.0000000000001
508.3333333333333 -733.3333333333335
509.1666666666667 -735.0000000000001
504.16666666666663 -718.3333333333333
505.0 -720.0
510.0 -735.8333333333335
504.99999999999994 -719.1666666666666
505.8333333333333 -723.3333333333334
506.66666666666663 -728.3333333333334
507.5 -730.0000000000001
508.3333333333333 -733.3333333333335
509.1666666666667 -735.0000000000001
504.16666666666663 -718.3333333333333
505.0 -720.0
510.0 -735.8333333333335
505.8333333333333 -723.3333333333334
506.66666666666663 -728.3333333333334
507.5 -730.0000000000001
508.3333333333333 -733.3333333333335
509.1666666666667 -735.0000000000001
504.16666666666663 -718.3333333333333
505.0 -720.0
510.0 -735.8333333333335
505.8333333333333 -723.3333333333334
506.66666666666663 -728.3333333333334
507.5 -730.0000000000001
508.3333333333333 -733.3333333333335
509.1666666666667 -735.0000000000001
504.16666666666663 -718.3333333333333
505.0 -720.0
510.0 -735.8333333333335
504.16666666666663 -718.3333333333333
505.8333333333333 -723.3333333333334
506.66666666666663 -728.3333333333334
507.5 -730.0000000000001
505.0 -720.0
508.3333333333333 -733.3333333333335
504.16666666666663 -718.3333333333333
505.8333333333333 -723.3333333333334
506.66666666666663 -728.3333333333334
507.5 -730.0000000000001
505.0 -720.0
504.16666666666663 -718.3333333333333
505.8333333333333 -723.3333333333334
506.66666666666663 -728.3333333333334
507.5 -730.0000000000001
505.0 -720.0
504.16666666666663 -718.3333333333333
505.8333333333333 -723.3333333333334
506.66666666666663 -728.3333333333334
507.5 -730.0000000000001
505.0 -720.0
504.16666666666663 -718.3333333333333
506.66666666666663 -728.3333333333334
505.0 -720.0
507.5 -730.0000000000001
504.16666666666663 -718.3333333333333
506.66666666666663 -728.3333333333334
505.0 -720.0
507.5 -730.0000000000001
504.16666666666663 -718.3333333333333
506.66666666666663 -728.3333333333334
505.0 -720.0
507.5 -730.0000000000001
504.16666666666663 -718.3333333333333
506.66666666666663 -728.3333333333334
505.0 -720.0
507.5 -730.0000000000001
504.16666666666663 -718.3333333333333
506.66666666666663 -728.3333333333334
505.0 -720.0
507.5 -730.0000000000001
504.16666666666663 -718.3333333333333
506.66666666666663 -728.3333333333334
505.0 -720.0
507.5 -730.0000000000001
504.16666666666663 -718.3333333333333
506.66666666666663 -728.3333333333334
505.0 -720.0
507.5 -730.0000000000001
504.16666666666663 -718.3333333333333
506.66666666666663 -728.3333333333334
505.0 -720.0
507.5 -730.0000000000001
504.16666666666663 -718.3333333333333
506.66666666666663 -728.3333333333334
505.0 -720.0
507.5 -730.0000000000001
504.16666666666663 -718.3333333333333
506.66666666666663 -728.3333333333334
505.0 -720.0
507.5 -730.0000000000001
504.16666666666663 -718.3333333333333
506.66666666666663 -728.3333333333334
505.0 -720.0
507.5 -730.0000000000001
504.16666666666663 -718.3333333333333
506.66666666666663 -728.3333333333334
505.0 -720.0
507.5 -730.0000000000001
504.16666666666663 -718.3333333333333
506.66666666666663 -728.3333333333334
505.0 -720.0
507.5 -730.0000000000001
506.66666666666663 -728.3333333333334
507.5 -730.0000000000001
506.66666666666663 -728.3333333333334
504.16666666666663 -718.3333333333333
