503.3333333333333 -714.9999999999999
520.8333333333333 -748.3333333333334
520.8333333333333 -748.3333333333334
503.3333333333333 -714.9999999999999
510.0 -740.0000000000001
505.8333333333333 -725.0
509.1666666666667 -739.1666666666667
512.5 -740.0000000000002
505.0 -720.0
505.8333333333333 -725.0
507.5 -734.1666666666669
504.16666666666663 -718.3333333333333
509.16666666666663 -735.8333333333335
506.66666666666663 -728.3333333333334
506.6666666666667 -730.8333333333335
506.6666666666667 -730.8333333333335
506.66666666666663 -728.3333333333334
504.16666666666663 -718.3333333333333
519.1666666666666 -746.6666666666667
519.9999999999999 -747.5000000000001
507.5 -734.1666666666669
508.3333333333333 -735.0000000000002
518.3333333333333 -745.8333333333335
517.5 -745.0000000000002
508.3333333333333 -735.0000000000002
504.99999999999994 -719.1666666666667
505.0 -720.0
519.9999999999999 -747.5000000000001
518.3333333333333 -745.8333333333335
517.5 -745.0000000000002
519.1666666666666 -746.6666666666667
512.5 -740.0000000000002
504.99999999999994 -719.1666666666667
509.16666666666663 -735.8333333333335
520.8333333333333 -748.3333333333334
503.3333333333333 -714.9999999999999
505.8333333333333 -725.0
506.6666666666667 -730.8333333333335
506.66666666666663 -728.3333333333334
504.16666666666663 -718.3333333333333
507.5 -734.1666666666669
512.5 -740.0000000000002
508.3333333333333 -735.0000000000002
505.0 -720.0
519.9999999999999 -747.5000000000001
518.3333333333333 -745.8333333333335
517.5 -745.0000000000002
519.1666666666666 -746.6666666666667
504.99999999999994 -719.1666666666667
509.16666666666663 -735.8333333333335
520.8333333333333 -748.3333333333334
503.3333333333333 -714.9999999999999
505.8333333333333 -725.0
506.6666666666667 -730.8333333333335
506.66666666666663 -728.3333333333334
504.16666666666663 -718.3333333333333
507.5 -734.1666666666669
508.3333333333333 -735.0000000000002
505.0 -720.0
519.9999999999999 -747.5000000000001
518.3333333333333 -745.8333333333335
519.1666666666666 -746.6666666666667
504.99999999999994 -719.1666666666667
509.16666666666663 -735.8333333333335
520.8333333333333 -748.3333333333334
503.3333333333333 -714.9999999999999
505.8333333333333 -725.0
506.6666666666667 -730.8333333333335
506.66666666666663 -728.3333333333334
504.16666666666663 -718.3333333333333
507.5 -734.1666666666669
508.3333333333333 -735.0000000000002
505.0 -720.0
519.9999999999999 -747.5000000000001
518.3333333333333 -745.8333333333335
519.1666666666666 -746.6666666666667
504.99999999999994 -719.1666666666667
509.16666666666663 -735.8333333333335
520.8333333333333 -748.3333333333334
503.3333333333333 -714.9999999999999
505.8333333333333 -725.0
506.6666666666667 -730.8333333333335
506.66666666666663 -728.3333333333334
504.16666666666663 -718.3333333333333
507.5 -734.1666666666669
508.3333333333333 -735.0000000000002
505.0 -720.0
519.9999999999999 -747.5000000000001
518.3333333333333 -745.8333333333335
519.1666666666666 -746.6666666666667
504.99999999999994 -719.1666666666667
509.16666666666663 -735.8333333333335
520.8333333333333 -748.3333333333334
503.3333333333333 -714.9999999999999
505.8333333333333 -725.0
506.6666666666667 -730.8333333333335
506.66666666666663 -728.3333333333334
504.16666666666663 -718.3333333333333
507.5 -734.1666666666669
508.3333333333333 -735.0000000000002
505.0 -720.0
519.9999999999999 -747.5000000000001
518.3333333333333 -745.8333333333335
519.1666666666666 -746.6666666666667
504.99999999999994 -719.1666666666667
509.16666666666663 -735.8333333333335
503.3333333333333 -714.9999999999999
505.8333333333333 -725.0
506.6666666666667 -730.8333333333335
506.66666666666663 -728.3333333333334
504.16666666666663 -718.3333333333333
507.5 -734.1666666666669
508.3333333333333 -735.0000000000002
505.0 -720.0
519.9999999999999 -747.5000000000001
518.3333333333333 -745.8333333333335
519.1666666666666 -746.6666666666667
504.99999999999994 -719.1666666666667
509.16666666666663 -735.8333333333335
503.3333333333333 -714.9999999999999
505.8333333333333 -725.0
506.6666666666667 -730.8333333333335
506.66666666666663 -728.3333333333334
504.16666666666663 -718.3333333333333
507.5 -734.1666666666669
508.3333333333333 -735.0000000000002
505.0 -720.0
519.9999999999999 -747.5000000000001
518.3333333333333 -745.8333333333335
519.1666666666666 -746.6666666666667
504.99999999999994 -719.1666666666667
509.16666666666663 -735.8333333333335
503.3333333333333 -714.9999999999999
505.8333333333333 -725.0
506.6666666666667 -730.8333333333335
506.66666666666663 -728.3333333333334
504.16666666666663 -718.3333333333333
507.5 -734.1666666666669
505.0 -720.0
519.9999999999999 -747.5000000000001
518.3333333333333 -745.8333333333335
519.1666666666666 -746.6666666666667
504.99999999999994 -719.1666666666667
509.16666666666663 -735.8333333333335
503.3333333333333 -714.9999999999999
505.8333333333333 -725.0
506.66666666666663 -728.3333333333334
504.16666666666663 -718.3333333333333
507.5 -734.1666666666669
505.0 -720.0
519.9999999999999 -747.5000000000001
518.3333333333333 -745.8333333333335
519.1666666666666 -746.6666666666667
504.99999999999994 -719.1666666666667
505.8333333333333 -725.0
508.3333333333333 -735.0000000000002
508.33333333333337 -735.8333333333334
504.16666666666663 -718.3333333333333
519.9999999999999 -747.5000000000001
504.16666666666663 -718.3333333333333
506.66666666666663 -728.3333333333334
519.1666666666666 -746.6666666666667
519.9999999999999 -747.5000000000001
504.99999999999994 -719.1666666666667
504.16666666666663 -718.3333333333333
504.99999999999994 -719.1666666666667
504.16666666666663 -718.3333333333333
507.5 -734.1666666666669
521.6666666666666 -753.3333333333334
519.1666666666666 -746.6666666666667
510.0 -740.0000000000001
504.16666666666663 -718.3333333333333
506.66666666666663 -728.3333333333334
504.16666666666663 -718.3333333333333
505.0 -720.0
519.1666666666666 -746.6666666666667
519.1666666666666 -746.6666666666667
506.66666666666663 -728.3333333333334
513.3333333333333 -745.0
519.1666666666666 -746.6666666666667
518.3333333333333 -745.8333333333335
508.33333333333337 -735.8333333333334
504.99999999999994 -719.1666666666667
519.9999999999999 -747.5000000000001
519.1666666666666 -746.6666666666667
519.9999999999999 -747.5000000000001
509.16666666666663 -735.8333333333335
519.1666666666666 -746.6666666666667
519.1666666666666 -746.6666666666667
506.66666666666663 -728.3333333333334
506.6666666666667 -730.8333333333335
504.16666666666663 -718.3333333333333
506.66666666666663 -728.3333333333334
506.66666666666663 -728.3333333333334
