503.3333333333333 -714.9999999999999
521.6666666666666 -753.3333333333334
503.3333333333333 -714.9999999999999
517.5 -745.0000000000002
518.3333333333333 -750.0000000000002
513.3333333333333 -745.0
519.9999999999999 -751.6666666666667
520.8333333333333 -752.5000000000001
509.1666666666667 -739.1666666666669
504.16666666666663 -718.3333333333333
507.5 -734.1666666666669
509.16666666666663 -735.8333333333335
511.6666666666667 -741.6666666666667
506.6666666666667 -730.8333333333335
512.5 -744.1666666666667
506.6666666666667 -730.8333333333335
504.16666666666663 -718.3333333333333
510.8333333333333 -740.8333333333335
507.5 -734.1666666666669
510.0 -740.0000000000002
512.5 -744.1666666666667
510.8333333333333 -740.8333333333335
510.0 -740.0000000000002
504.99999999999994 -719.1666666666667
511.6666666666667 -741.6666666666667
508.3333333333333 -735.0000000000002
508.33333333333337 -735.8333333333334
517.5 -745.0000000000002
504.99999999999994 -719.1666666666667
509.1666666666667 -739.1666666666669
508.3333333333333 -735.0000000000002
508.33333333333337 -735.8333333333334
509.16666666666663 -735.8333333333335
503.3333333333333 -714.9999999999999
506.6666666666667 -730.8333333333335
504.16666666666663 -718.3333333333333
507.5 -734.1666666666669
512.5 -744.1666666666667
510.8333333333333 -740.8333333333335
510.0 -740.0000000000002
511.6666666666667 -741.6666666666667
517.5 -745.0000000000002
504.99999999999994 -719.1666666666667
509.1666666666667 -739.1666666666669
508.3333333333333 -735.0000000000002
508.33333333333337 -735.8333333333334
509.16666666666663 -735.8333333333335
503.3333333333333 -714.9999999999999
506.6666666666667 -730.8333333333335
504.16666666666663 -718.3333333333333
507.5 -734.1666666666669
512.5 -744.1666666666667
510.8333333333333 -740.8333333333335
511.6666666666667 -741.6666666666667
517.5 -745.0000000000002
504.99999999999994 -719.1666666666667
508.3333333333333 -735.0000000000002
508.33333333333337 -735.8333333333334
509.16666666666663 -735.8333333333335
503.3333333333333 -714.9999999999999
506.6666666666667 -730.8333333333335
504.16666666666663 -718.3333333333333
507.5 -734.1666666666669
510.8333333333333 -740.8333333333335
517.5 -745.0000000000002
504.99999999999994 -719.1666666666667
508.3333333333333 -735.0000000000002
509.16666666666663 -735.8333333333335
503.3333333333333 -714.9999999999999
506.6666666666667 -730.8333333333335
504.16666666666663 -718.3333333333333
507.5 -734.1666666666669
517.5 -745.0000000000002
504.99999999999994 -719.1666666666667
508.3333333333333 -735.0000000000002
509.16666666666663 -735.8333333333335
503.3333333333333 -714.9999999999999
506.6666666666667 -730.8333333333335
504.16666666666663 -718.3333333333333
507.5 -734.1666666666669
504.99999999999994 -719.1666666666667
508.3333333333333 -735.0000000000002
509.16666666666663 -735.8333333333335
503.3333333333333 -714.9999999999999
506.6666666666667 -730.8333333333335
504.16666666666663 -718.3333333333333
507.5 -734.1666666666669
504.99999999999994 -719.1666666666667
508.3333333333333 -735.0000000000002
509.16666666666663 -735.8333333333335
503.3333333333333 -714.9999999999999
506.6666666666667 -730.8333333333335
504.16666666666663 -718.3333333333333
507.5 -734.1666666666669
504.99999999999994 -719.1666666666667
508.3333333333333 -735.0000000000002
509.16666666666663 -735.8333333333335
503.3333333333333 -714.9999999999999
506.6666666666667 -730.8333333333335
504.16666666666663 -718.3333333333333
507.5 -734.1666666666669
504.99999999999994 -719.1666666666667
508.3333333333333 -735.0000000000002
509.16666666666663 -735.8333333333335
503.3333333333333 -714.9999999999999
506.6666666666667 -730.8333333333335
504.16666666666663 -718.3333333333333
507.5 -734.1666666666669
508.3333333333333 -735.0000000000002
504.99999999999994 -719.1666666666667
509.16666666666663 -735.8333333333335
503.3333333333333 -714.9999999999999
506.6666666666667 -730.8333333333335
504.16666666666663 -718.3333333333333
507.5 -734.1666666666669
508.3333333333333 -735.0000000000002
504.99999999999994 -719.1666666666667
509.16666666666663 -735.8333333333335
503.3333333333333 -714.9999999999999
506.6666666666667 -730.8333333333335
504.16666666666663 -718.3333333333333
507.5 -734.1666666666669
508.3333333333333 -735.0000000000002
504.99999999999994 -719.1666666666667
509.16666666666663 -735.8333333333335
503.3333333333333 -714.9999999999999
506.6666666666667 -730.8333333333335
504.16666666666663 -718.3333333333333
507.5 -734.1666666666669
508.3333333333333 -735.0000000000002
504.99999999999994 -719.1666666666667
509.16666666666663 -735.8333333333335
503.3333333333333 -714.9999999999999
506.6666666666667 -730.8333333333335
504.16666666666663 -718.3333333333333
507.5 -734.1666666666669
508.3333333333333 -735.0000000000002
504.99999999999994 -719.1666666666667
509.16666666666663 -735.8333333333335
503.3333333333333 -714.9999999999999
506.6666666666667 -730.8333333333335
504.16666666666663 -718.3333333333333
507.5 -734.1666666666669
508.3333333333333 -735.0000000000002
504.99999999999994 -719.1666666666667
509.16666666666663 -735.8333333333335
503.3333333333333 -714.9999999999999
506.6666666666667 -730.8333333333335
504.16666666666663 -718.3333333333333
507.5 -734.1666666666669
504.16666666666663 -718.3333333333333
503.3333333333333 -714.9999999999999
507.5 -734.1666666666669
509.16666666666663 -735.8333333333335
504.16666666666663 -718.3333333333333
507.5 -734.1666666666669
504.99999999999994 -719.1666666666667
503.3333333333333 -714.9999999999999
507.5 -734.1666666666669
504.99999999999994 -719.1666666666667
507.5 -734.1666666666669
503.3333333333333 -714.9999999999999
504.16666666666663 -718.3333333333333
505.0 -720.0000000000001
508.3333333333333 -735.0000000000002
508.33333333333337 -735.8333333333334
508.3333333333333 -735.0000000000002
510.0 -740.0000000000002
505.8333333333333 -729.1666666666667
509.1666666666667 -739.1666666666669
510.8333333333333 -740.8333333333335
510.8333333333333 -740.8333333333335
503.3333333333333 -714.9999999999999
503.3333333333333 -714.9999999999999
509.16666666666663 -735.8333333333335
504.16666666666663 -718.3333333333333
