521.6666666666666 -753.3333333333334
503.3333333333333 -715.0
521.6666666666666 -753.3333333333334
505.8333333333333 -729.1666666666667
513.3333333333333 -745.0000000000002
515.0 -746.6666666666669
517.5 -749.1666666666667
505.8333333333333 -729.1666666666667
506.66666666666663 -732.5000000000002
509.16666666666663 -738.3333333333335
510.0 -741.6666666666669
518.3333333333333 -750.0000000000002
520.8333333333333 -752.5000000000001
516.6666666666666 -748.3333333333335
511.66666666666663 -743.3333333333336
520.8333333333333 -752.5000000000001
516.6666666666666 -748.3333333333335
519.1666666666666 -750.8333333333335
515.8333333333333 -747.5000000000001
519.9999999999999 -751.6666666666667
510.0 -741.6666666666669
510.8333333333333 -742.5000000000002
507.49999999999994 -733.3333333333335
507.5 -734.1666666666669
509.1666666666667 -739.1666666666669
510.8333333333333 -742.5000000000002
506.66666666666663 -732.5000000000002
515.8333333333333 -747.5000000000001
519.9999999999999 -751.6666666666667
511.66666666666663 -743.3333333333336
518.3333333333333 -750.0000000000002
519.1666666666666 -750.8333333333335
509.1666666666667 -739.1666666666669
507.5 -734.1666666666669
507.49999999999994 -733.3333333333335
521.6666666666666 -753.3333333333334
505.8333333333333 -729.1666666666667
516.6666666666666 -748.3333333333335
510.0 -741.6666666666669
510.8333333333333 -742.5000000000002
506.66666666666663 -732.5000000000002
519.9999999999999 -751.6666666666667
511.66666666666663 -743.3333333333336
518.3333333333333 -750.0000000000002
519.1666666666666 -750.8333333333335
509.1666666666667 -739.1666666666669
507.5 -734.1666666666669
507.49999999999994 -733.3333333333335
505.8333333333333 -729.1666666666667
509.1666666666667 -739.1666666666669
510.0 -741.6666666666669
510.8333333333333 -742.5000000000002
506.66666666666663 -732.5000000000002
519.9999999999999 -751.6666666666667
511.66666666666663 -743.3333333333336
518.3333333333333 -750.0000000000002
519.1666666666666 -750.8333333333335
507.5 -734.1666666666669
507.49999999999994 -733.3333333333335
505.8333333333333 -729.1666666666667
509.1666666666667 -739.1666666666669
510.0 -741.6666666666669
510.8333333333333 -742.5000000000002
519.9999999999999 -751.6666666666667
511.66666666666663 -743.3333333333336
518.3333333333333 -750.0000000000002
519.1666666666666 -750.8333333333335
507.5 -734.1666666666669
507.49999999999994 -733.3333333333335
505.8333333333333 -729.1666666666667
509.1666666666667 -739.1666666666669
510.0 -741.6666666666669
510.8333333333333 -742.5000000000002
519.9999999999999 -751.6666666666667
511.66666666666663 -743.3333333333336
518.3333333333333 -750.0000000000002
519.1666666666666 -750.8333333333335
507.5 -734.1666666666669
507.49999999999994 -733.3333333333335
505.8333333333333 -729.1666666666667
518.3333333333333 -750.0000000000002
510.0 -741.6666666666669
510.8333333333333 -742.5000000000002
511.66666666666663 -743.3333333333336
509.1666666666667 -739.1666666666669
507.5 -734.1666666666669
507.49999999999994 -733.3333333333335
505.8333333333333 -729.1666666666667
518.3333333333333 -750.0000000000002
507.5 -734.1666666666669
510.0 -741.6666666666669
510.8333333333333 -742.5000000000002
509.1666666666667 -739.1666666666669
518.3333333333333 -750.0000000000002
505.8333333333333 -729.1666666666667
507.5 -734.1666666666669
510.0 -741.6666666666669
510.8333333333333 -742.5000000000002
509.1666666666667 -739.1666666666669
505.8333333333333 -729.1666666666667
507.5 -734.1666666666669
510.0 -741.6666666666669
510.8333333333333 -742.5000000000002
509.1666666666667 -739.1666666666669
507.5 -734.1666666666669
510.0 -741.6666666666669
510.8333333333333 -742.5000000000002
509.1666666666667 -739.1666666666669
507.5 -734.1666666666669
510.0 -741.6666666666669
509.1666666666667 -739.1666666666669
507.5 -734.1666666666669
509.1666666666667 -739.1666666666669
507.5 -734.1666666666669
509.1666666666667 -739.1666666666669
507.5 -734.1666666666669
509.1666666666667 -739.1666666666669
507.5 -734.1666666666669
509.1666666666667 -739.1666666666669
509.1666666666667 -739.1666666666669
507.5 -734.1666666666669
509.1666666666667 -739.1666666666669
507.5 -734.1666666666669
507.5 -734.1666666666669
509.1666666666667 -739.1666666666669
509.1666666666667 -739.1666666666669
505.8333333333333 -729.1666666666667
509.1666666666667 -739.1666666666669
507.5 -734.1666666666669
507.5 -734.1666666666669
509.16666666666663 -738.3333333333335
507.5 -734.1666666666669
508.3333333333333 -737.5000000000002
510.0 -741.6666666666669
506.66666666666663 -732.5000000000002
515.0 -746.6666666666669
509.1666666666667 -739.1666666666669
506.66666666666663 -732.5000000000002
504.16666666666663 -725.0000000000001
507.5 -734.1666666666669
510.0 -741.6666666666669
509.1666666666667 -739.1666666666669
507.5 -734.1666666666669
507.49999999999994 -733.3333333333335
510.0 -741.6666666666669
509.1666666666667 -739.1666666666669
507.5 -734.1666666666669
510.0 -741.6666666666669
510.8333333333333 -742.5000000000002
507.49999999999994 -733.3333333333335
510.8333333333333 -742.5000000000002
509.1666666666667 -739.1666666666669
509.1666666666667 -739.1666666666669
510.0 -741.6666666666669
508.3333333333333 -737.5000000000002
511.66666666666663 -743.3333333333336
510.8333333333333 -742.5000000000002
519.1666666666666 -750.8333333333335
507.5 -734.1666666666669
512.5 -744.1666666666669
510.0 -741.6666666666669
507.49999999999994 -733.3333333333335
506.66666666666663 -732.5000000000002
507.5 -734.1666666666669
509.1666666666667 -739.1666666666669
517.5 -749.1666666666667
507.5 -734.1666666666669
510.8333333333333 -742.5000000000002
510.0 -741.6666666666669
509.1666666666667 -739.1666666666669
506.66666666666663 -732.5000000000002
510.8333333333333 -742.5000000000002
510.8333333333333 -742.5000000000002
507.5 -734.1666666666669
510.0 -741.6666666666669
510.8333333333333 -742.5000000000002
510.0 -741.6666666666669
515.0 -746.6666666666669
515.0 -746.6666666666669
509.1666666666667 -739.1666666666669
507.5 -734.1666666666669
509.1666666666667 -739.1666666666669
510.8333333333333 -742.5000000000002
513.3333333333333 -745.0000000000002
509.1666666666667 -739.1666666666669
