503.3333333333333 -720.8333333333334
522.4999999999999 -754.1666666666669
522.4999999999999 -754.1666666666669
508.3333333333333 -739.1666666666669
504.16666666666663 -725.0000000000001
510.83333333333337 -744.166666666667
510.0 -743.3333333333335
505.0 -726.6666666666669
505.8333333333333 -730.0000000000001
515.0 -747.5000000000002
505.8333333333333 -730.0000000000001
506.66666666666663 -732.5000000000002
516.6666666666666 -748.3333333333336
504.16666666666663 -725.0000000000001
505.0 -726.6666666666669
514.1666666666666 -745.8333333333336
510.8333333333333 -744.1666666666669
515.0 -747.5000000000002
517.5 -749.1666666666669
520.8333333333333 -752.5000000000002
514.1666666666666 -745.8333333333336
520.8333333333333 -752.5000000000002
516.6666666666666 -748.3333333333336
518.3333333333333 -750.0000000000002
521.6666666666666 -753.3333333333336
519.1666666666666 -750.8333333333336
519.9999999999999 -751.6666666666669
518.3333333333333 -750.0000000000002
519.9999999999999 -751.6666666666669
519.1666666666666 -750.8333333333336
521.6666666666666 -753.3333333333336
506.66666666666663 -732.5000000000002
517.5 -749.1666666666669
522.4999999999999 -754.1666666666669
505.8333333333333 -730.0000000000001
504.16666666666663 -725.0000000000001
505.0 -726.6666666666669
514.1666666666666 -745.8333333333336
520.8333333333333 -752.5000000000002
516.6666666666666 -748.3333333333336
518.3333333333333 -750.0000000000002
519.9999999999999 -751.6666666666669
521.6666666666666 -753.3333333333336
519.1666666666666 -750.8333333333336
506.66666666666663 -732.5000000000002
517.5 -749.1666666666669
522.4999999999999 -754.1666666666669
504.16666666666663 -725.0000000000001
505.0 -726.6666666666669
520.8333333333333 -752.5000000000002
514.1666666666666 -745.8333333333336
516.6666666666666 -748.3333333333336
518.3333333333333 -750.0000000000002
519.9999999999999 -751.6666666666669
521.6666666666666 -753.3333333333336
519.1666666666666 -750.8333333333336
506.66666666666663 -732.5000000000002
517.5 -749.1666666666669
522.4999999999999 -754.1666666666669
504.16666666666663 -725.0000000000001
520.8333333333333 -752.5000000000002
514.1666666666666 -745.8333333333336
516.6666666666666 -748.3333333333336
518.3333333333333 -750.0000000000002
519.9999999999999 -751.6666666666669
521.6666666666666 -753.3333333333336
519.1666666666666 -750.8333333333336
506.66666666666663 -732.5000000000002
517.5 -749.1666666666669
504.16666666666663 -725.0000000000001
514.1666666666666 -745.8333333333336
520.8333333333333 -752.5000000000002
516.6666666666666 -748.3333333333336
518.3333333333333 -750.0000000000002
519.9999999999999 -751.6666666666669
519.1666666666666 -750.8333333333336
506.66666666666663 -732.5000000000002
517.5 -749.1666666666669
504.16666666666663 -725.0000000000001
514.1666666666666 -745.8333333333336
520.8333333333333 -752.5000000000002
516.6666666666666 -748.3333333333336
518.3333333333333 -750.0000000000002
519.9999999999999 -751.6666666666669
506.66666666666663 -732.5000000000002
517.5 -749.1666666666669
520.8333333333333 -752.5000000000002
516.6666666666666 -748.3333333333336
514.1666666666666 -745.8333333333336
518.3333333333333 -750.0000000000002
519.9999999999999 -751.6666666666669
506.66666666666663 -732.5000000000002
517.5 -749.1666666666669
520.8333333333333 -752.5000000000002
514.1666666666666 -745.8333333333336
516.6666666666666 -748.3333333333336
518.3333333333333 -750.0000000000002
519.9999999999999 -751.6666666666669
506.66666666666663 -732.5000000000002
517.5 -749.1666666666669
520.8333333333333 -752.5000000000002
514.1666666666666 -745.8333333333336
516.6666666666666 -748.3333333333336
518.3333333333333 -750.0000000000002
519.9999999999999 -751.6666666666669
506.66666666666663 -732.5000000000002
517.5 -749.1666666666669
520.8333333333333 -752.5000000000002
516.6666666666666 -748.3333333333336
514.1666666666666 -745.8333333333336
518.3333333333333 -750.0000000000002
519.9999999999999 -751.6666666666669
506.66666666666663 -732.5000000000002
517.5 -749.1666666666669
514.1666666666666 -745.8333333333336
516.6666666666666 -748.3333333333336
520.8333333333333 -752.5000000000002
518.3333333333333 -750.0000000000002
519.9999999999999 -751.6666666666669
506.66666666666663 -732.5000000000002
517.5 -749.1666666666669
514.1666666666666 -745.8333333333336
520.8333333333333 -752.5000000000002
516.6666666666666 -748.3333333333336
519.9999999999999 -751.6666666666669
518.3333333333333 -750.0000000000002
506.66666666666663 -732.5000000000002
517.5 -749.1666666666669
516.6666666666666 -748.3333333333336
520.8333333333333 -752.5000000000002
514.1666666666666 -745.8333333333336
519.9999999999999 -751.6666666666669
519.1666666666666 -750.8333333333336
519.9999999999999 -751.6666666666669
520.8333333333333 -752.5000000000002
521.6666666666666 -753.3333333333336
516.6666666666666 -748.3333333333336
511.66666666666663 -745.0000000000002
514.1666666666666 -745.8333333333336
520.8333333333333 -752.5000000000002
511.66666666666663 -745.0000000000002
509.16666666666663 -741.6666666666669
520.8333333333333 -752.5000000000002
520.8333333333333 -752.5000000000002
518.3333333333333 -750.0000000000002
519.9999999999999 -751.6666666666669
506.66666666666663 -732.5000000000002
506.66666666666663 -732.5000000000002
516.6666666666666 -748.3333333333336
517.5 -749.1666666666669
516.6666666666666 -748.3333333333336
514.1666666666666 -745.8333333333336
517.5 -749.1666666666669
507.49999999999994 -735.0000000000001
521.6666666666666 -753.3333333333336
516.6666666666666 -748.3333333333336
516.6666666666666 -748.3333333333336
520.8333333333333 -752.5000000000002
519.9999999999999 -751.6666666666669
522.4999999999999 -754.1666666666669
516.6666666666666 -748.3333333333336
506.66666666666663 -732.5000000000002
520.8333333333333 -752.5000000000002
517.5 -749.1666666666669
520.8333333333333 -752.5000000000002
520.8333333333333 -752.5000000000002
519.9999999999999 -751.6666666666669
505.8333333333333 -730.0000000000001
506.66666666666663 -732.5000000000002
506.66666666666663 -732.5000000000002
520.8333333333333 -752.5000000000002
516.6666666666666 -748.3333333333336
520.8333333333333 -752.5000000000002
514.1666666666666 -745.8333333333336
519.1666666666666 -750.8333333333336
518.3333333333333 -750.0000000000002
518.3333333333333 -750.0000000000002
518.3333333333333 -750.0000000000002
516.6666666666666 -748.3333333333336
519.1666666666666 -750.8333333333336
520.8333333333333 -752.5000000000002
519.9999999999999 -751.6666666666669
516.6666666666666 -748.3333333333336
516.6666666666666 -748.3333333333336
519.1666666666666 -750.8333333333336
510.8333333333333 -744.1666666666669
518.3333333333333 -750.0000000000002
519.9999999999999 -751.6666666666669
521.6666666666666 -753.3333333333336
518.3333333333333 -750.0000000000002
519.9999999999999 -751.6666666666669
518.3333333333333 -750.0000000000002
521.6666666666666 -753.3333333333336
519.9999999999999 -751.6666666666669
519.9999999999999 -751.6666666666669
519.9999999999999 -751.6666666666669
514.1666666666666 -745.8333333333336
518.3333333333333 -750.0000000000002
519.9999999999999 -751.6666666666669
518.3333333333333 -750.0000000000002
