503.3333333333333 -720.8333333333334
503.3333333333333 -720.8333333333334
522.5 -755.0000000000001
513.3333333333333 -747.5000000000002
505.8333333333333 -731.6666666666667
504.16666666666663 -726.6666666666667
507.49999999999994 -735.0000000000001
516.6666666666666 -750.0000000000002
508.3333333333333 -739.1666666666669
521.6666666666666 -754.1666666666669
506.66666666666663 -734.1666666666669
508.3333333333333 -739.1666666666669
516.6666666666666 -750.0000000000002
509.16666666666663 -741.6666666666669
518.3333333333333 -751.6666666666669
512.5 -745.8333333333335
517.5 -750.8333333333335
509.16666666666663 -741.6666666666669
511.66666666666663 -745.0000000000002
506.66666666666663 -734.1666666666669
509.99999999999994 -742.5000000000002
510.0 -743.3333333333335
518.3333333333333 -751.6666666666669
511.66666666666663 -745.0000000000002
517.5 -750.8333333333335
512.5 -745.8333333333335
510.8333333333333 -744.1666666666669
510.83333333333337 -744.166666666667
510.0 -743.3333333333335
509.99999999999994 -742.5000000000002
510.8333333333333 -744.1666666666669
510.83333333333337 -744.166666666667
508.3333333333333 -739.1666666666669
509.16666666666663 -741.6666666666669
506.66666666666663 -734.1666666666669
511.66666666666663 -745.0000000000002
512.5 -745.8333333333335
510.0 -743.3333333333335
510.8333333333333 -744.1666666666669
508.3333333333333 -739.1666666666669
509.16666666666663 -741.6666666666669
506.66666666666663 -734.1666666666669
511.66666666666663 -745.0000000000002
512.5 -745.8333333333335
510.0 -743.3333333333335
510.8333333333333 -744.1666666666669
508.3333333333333 -739.1666666666669
509.16666666666663 -741.6666666666669
511.66666666666663 -745.0000000000002
512.5 -745.8333333333335
510.0 -743.3333333333335
510.8333333333333 -744.1666666666669
508.3333333333333 -739.1666666666669
509.16666666666663 -741.6666666666669
510.0 -743.3333333333335
511.66666666666663 -745.0000000000002
512.5 -745.8333333333335
510.8333333333333 -744.1666666666669
508.3333333333333 -739.1666666666669
510.0 -743.3333333333335
511.66666666666663 -745.0000000000002
512.5 -745.8333333333335
510.8333333333333 -744.1666666666669
511.66666666666663 -745.0000000000002
511.66666666666663 -745.0000000000002
508.3333333333333 -739.1666666666669
511.66666666666663 -745.0000000000002
512.5 -745.8333333333335
511.66666666666663 -745.0000000000002
508.3333333333333 -739.1666666666669
512.5 -745.8333333333335
511.66666666666663 -745.0000000000002
512.5 -745.8333333333335
511.66666666666663 -745.0000000000002
511.66666666666663 -745.0000000000002
511.66666666666663 -745.0000000000002
510.0 -743.3333333333335
512.5 -745.8333333333335
511.66666666666663 -745.0000000000002
511.66666666666663 -745.0000000000002
512.5 -745.8333333333335
511.66666666666663 -745.0000000000002
512.5 -745.8333333333335
508.3333333333333 -739.1666666666669
511.66666666666663 -745.0000000000002
511.66666666666663 -745.0000000000002
512.5 -745.8333333333335
512.5 -745.8333333333335
512.5 -745.8333333333335
512.5 -745.8333333333335
508.3333333333333 -739.1666666666669
510.0 -743.3333333333335
512.5 -745.8333333333335
511.66666666666663 -745.0000000000002
512.5 -745.8333333333335
512.5 -745.8333333333335
512.5 -745.8333333333335
511.66666666666663 -745.0000000000002
506.66666666666663 -734.1666666666669
511.66666666666663 -745.0000000000002
512.5 -745.8333333333335
510.8333333333333 -744.1666666666669
509.99999999999994 -742.5000000000002
517.5 -750.8333333333335
509.16666666666663 -741.6666666666669
511.66666666666663 -745.0000000000002
517.5 -750.8333333333335
512.5 -745.8333333333335
512.5 -745.8333333333335
509.16666666666663 -741.6666666666669
512.5 -745.8333333333335
512.5 -745.8333333333335
508.3333333333333 -739.1666666666669
510.0 -743.3333333333335
517.5 -750.8333333333335
520.8333333333333 -753.3333333333336
504.16666666666663 -726.6666666666667
521.6666666666666 -754.1666666666669
510.8333333333333 -744.1666666666669
512.5 -745.8333333333335
512.5 -745.8333333333335
510.0 -743.3333333333335
511.66666666666663 -745.0000000000002
520.8333333333333 -753.3333333333336
512.5 -745.8333333333335
516.6666666666666 -750.0000000000002
517.5 -750.8333333333335
508.3333333333333 -739.1666666666669
511.66666666666663 -745.0000000000002
508.3333333333333 -739.1666666666669
511.66666666666663 -745.0000000000002
512.5 -745.8333333333335
512.5 -745.8333333333335
512.5 -745.8333333333335
505.0 -728.3333333333335
512.5 -745.8333333333335
509.99999999999994 -742.5000000000002
508.3333333333333 -739.1666666666669
512.5 -745.8333333333335
519.9999999999999 -752.5000000000002
508.3333333333333 -739.1666666666669
509.16666666666663 -741.6666666666669
510.8333333333333 -744.1666666666669
517.5 -750.8333333333335
510.0 -743.3333333333335
516.6666666666666 -750.0000000000002
517.5 -750.8333333333335
505.8333333333333 -731.6666666666667
520.8333333333333 -753.3333333333336
520.8333333333333 -753.3333333333336
517.5 -750.8333333333335
512.5 -745.8333333333335
511.66666666666663 -745.0000000000002
504.16666666666663 -726.6666666666667
509.99999999999994 -742.5000000000002
512.5 -745.8333333333335
515.0 -748.3333333333335
512.5 -745.8333333333335
508.3333333333333 -739.1666666666669
511.66666666666663 -745.0000000000002
511.66666666666663 -745.0000000000002
509.99999999999994 -742.5000000000002
511.66666666666663 -745.0000000000002
510.0 -743.3333333333335
516.6666666666666 -750.0000000000002
512.5 -745.8333333333335
508.3333333333333 -739.1666666666669
508.3333333333333 -739.1666666666669
511.66666666666663 -745.0000000000002
519.9999999999999 -752.5000000000002
506.66666666666663 -734.1666666666669
512.5 -745.8333333333335
509.16666666666663 -741.6666666666669
512.5 -745.8333333333335
516.6666666666666 -750.0000000000002
512.5 -745.8333333333335
517.5 -750.8333333333335
511.66666666666663 -745.0000000000002
510.8333333333333 -744.1666666666669
