513.3333333333333 -747.5000000000002
505.8333333333333 -731.6666666666667
504.16666666666663 -726.6666666666667
507.49999999999994 -735.0000000000001
506.66666666666663 -734.1666666666669
506.66666666666663 -734.1666666666669
506.66666666666663 -734.1666666666669
506.66666666666663 -734.1666666666669
506.66666666666663 -734.1666666666669
520.8333333333333 -753.3333333333336
504.16666666666663 -726.6666666666667
520.8333333333333 -753.3333333333336
505.0 -728.3333333333335
505.8333333333333 -731.6666666666667
520.8333333333333 -753.3333333333336
520.8333333333333 -753.3333333333336
504.16666666666663 -726.6666666666667
506.66666666666663 -734.1666666666669
506.66666666666663 -734.1666666666669
511.66666666666663 -745.8333333333335
503.3333333333333 -722.5
513.3333333333333 -747.5000000000002
505.8333333333333 -731.6666666666667
513.3333333333333 -747.5000000000002
507.5 -735.8333333333335
506.66666666666663 -734.1666666666669
512.5 -746.666666666667
506.66666666666663 -734.1666666666669
505.8333333333333 -731.6666666666667
513.3333333333333 -747.5000000000002
512.5 -746.666666666667
508.3333333333333 -740.0000000000001
506.66666666666663 -734.1666666666669
522.4999999999999 -755.0000000000002
508.3333333333333 -740.0000000000001
520.8333333333333 -753.3333333333336
511.66666666666663 -745.8333333333335
508.3333333333333 -740.0000000000001
512.5 -746.666666666667
508.3333333333333 -740.0000000000001
506.66666666666663 -734.1666666666669
511.66666666666663 -745.8333333333335
516.6666666666666 -750.8333333333335
508.3333333333333 -740.0000000000001
511.66666666666663 -745.8333333333335
520.8333333333333 -753.3333333333336
508.3333333333333 -740.0000000000001
512.5 -746.666666666667
516.6666666666666 -750.8333333333335
515.8333333333333 -750.0000000000002
511.66666666666663 -745.8333333333335
516.6666666666666 -750.8333333333335
520.8333333333333 -753.3333333333336
511.66666666666663 -745.8333333333335
520.8333333333333 -753.3333333333336
520.8333333333333 -753.3333333333336
512.5 -746.666666666667
516.6666666666666 -750.8333333333335
520.8333333333333 -753.3333333333336
518.3333333333333 -752.5000000000002
511.66666666666663 -745.8333333333335
512.5 -746.666666666667
513.3333333333333 -747.5000000000002
516.6666666666666 -750.8333333333335
512.5 -746.666666666667
508.3333333333333 -740.0000000000001
505.8333333333333 -731.6666666666667
512.5 -746.666666666667
516.6666666666666 -750.8333333333335
512.5 -746.666666666667
520.8333333333333 -753.3333333333336
506.66666666666663 -734.1666666666669
505.8333333333333 -731.6666666666667
512.5 -746.666666666667
509.16666666666663 -743.3333333333335
512.5 -746.666666666667
515.0 -749.1666666666669
511.66666666666663 -745.8333333333335
512.5 -746.666666666667
511.66666666666663 -745.8333333333335
515.0 -749.1666666666669
508.3333333333333 -740.0000000000001
512.5 -746.666666666667
512.5 -746.666666666667
518.3333333333333 -752.5000000000002
513.3333333333333 -747.5000000000002
520.8333333333333 -753.3333333333336
516.6666666666666 -750.8333333333335
512.5 -746.666666666667
511.66666666666663 -745.8333333333335
512.5 -746.666666666667
515.0 -749.1666666666669
508.3333333333333 -740.0000000000001
512.5 -746.666666666667
512.5 -746.666666666667
516.6666666666666 -750.8333333333335
515.0 -749.1666666666669
516.6666666666666 -750.8333333333335
511.66666666666663 -745.8333333333335
508.3333333333333 -740.0000000000001
520.8333333333333 -753.3333333333336
516.6666666666666 -750.8333333333335
516.6666666666666 -750.8333333333335
522.5 -755.8333333333335
515.0 -749.1666666666669
511.66666666666663 -745.8333333333335
513.3333333333333 -747.5000000000002
516.6666666666666 -750.8333333333335
512.5 -746.666666666667
508.3333333333333 -740.0000000000001
508.3333333333333 -740.0000000000001
514.1666666666666 -748.3333333333335
511.66666666666663 -745.8333333333335
519.1666666666667 -753.3333333333335
512.5 -746.666666666667
511.66666666666663 -745.8333333333335
506.66666666666663 -734.1666666666669
515.0 -749.1666666666669
512.5 -746.666666666667
508.3333333333333 -740.0000000000001
508.3333333333333 -740.0000000000001
512.5 -746.666666666667
511.66666666666663 -745.8333333333335
520.8333333333334 -754.1666666666669
506.66666666666663 -734.1666666666669
511.66666666666663 -745.8333333333335
511.66666666666663 -745.8333333333335
513.3333333333333 -747.5000000000002
515.0 -749.1666666666669
511.66666666666663 -745.8333333333335
516.6666666666666 -750.8333333333335
508.3333333333333 -740.0000000000001
520.8333333333333 -753.3333333333336
515.8333333333333 -750.0000000000002
508.3333333333333 -740.0000000000001
512.5 -746.666666666667
508.3333333333333 -740.0000000000001
508.3333333333333 -740.0000000000001
512.5 -746.666666666667
512.5 -746.666666666667
512.5 -746.666666666667
511.66666666666663 -745.8333333333335
518.3333333333333 -752.5000000000002
515.0 -749.1666666666669
511.66666666666663 -745.8333333333335
512.5 -746.666666666667
515.0 -749.1666666666669
516.6666666666666 -750.8333333333335
506.66666666666663 -734.1666666666669
515.0 -749.1666666666669
513.3333333333333 -747.5000000000002
508.3333333333333 -740.0000000000001
518.3333333333333 -752.5000000000002
512.5 -746.666666666667
506.66666666666663 -734.1666666666669
510.0 -745.0000000000002
512.5 -746.666666666667
516.6666666666666 -750.8333333333335
512.5 -746.666666666667
512.5 -746.666666666667
515.0 -749.1666666666669
508.3333333333333 -740.0000000000001
511.66666666666663 -745.8333333333335
521.6666666666666 -755.0000000000001
516.6666666666667 -751.6666666666669
512.5 -746.666666666667
516.6666666666666 -750.8333333333335
512.5 -746.666666666667
516.6666666666666 -750.8333333333335
518.3333333333333 -752.5000000000002
516.6666666666666 -750.8333333333335
