503.3333333333333 -722.5
520.0 -756.666666666667
503.3333333333333 -722.5
504.16666666666663 -726.6666666666667
505.83333333333326 -730.8333333333335
505.8333333333333 -735.0000000000001
504.16666666666663 -726.6666666666667
504.99999999999994 -730.0000000000001
505.8333333333333 -735.0000000000001
507.49999999999994 -742.5000000000002
507.5 -744.1666666666669
507.49999999999994 -742.5000000000002
509.99999999999994 -747.5000000000003
510.8333333333333 -748.3333333333337
504.99999999999994 -730.0000000000001
509.99999999999994 -747.5000000000003
510.8333333333333 -748.3333333333337
505.83333333333326 -730.8333333333335
507.5 -744.1666666666669
503.3333333333333 -722.5
504.16666666666663 -726.6666666666667
507.49999999999994 -742.5000000000002
504.99999999999994 -730.0000000000001
509.99999999999994 -747.5000000000003
510.8333333333333 -748.3333333333337
505.83333333333326 -730.8333333333335
504.16666666666663 -726.6666666666667
507.49999999999994 -742.5000000000002
504.99999999999994 -730.0000000000001
510.8333333333333 -748.3333333333337
505.83333333333326 -730.8333333333335
504.16666666666663 -726.6666666666667
507.49999999999994 -742.5000000000002
504.99999999999994 -730.0000000000001
510.8333333333333 -748.3333333333337
504.16666666666663 -726.6666666666667
507.49999999999994 -742.5000000000002
504.99999999999994 -730.0000000000001
510.8333333333333 -748.3333333333337
504.16666666666663 -726.6666666666667
507.49999999999994 -742.5000000000002
504.99999999999994 -730.0000000000001
510.8333333333333 -748.3333333333337
504.16666666666663 -726.6666666666667
507.49999999999994 -742.5000000000002
504.99999999999994 -730.0000000000001
510.8333333333333 -748.3333333333337
504.16666666666663 -726.6666666666667
507.49999999999994 -742.5000000000002
504.99999999999994 -730.0000000000001
510.8333333333333 -748.3333333333337
504.16666666666663 -726.6666666666667
507.49999999999994 -742.5000000000002
504.99999999999994 -730.0000000000001
510.8333333333333 -748.3333333333337
504.16666666666663 -726.6666666666667
507.49999999999994 -742.5000000000002
504.99999999999994 -730.0000000000001
510.8333333333333 -748.3333333333337
504.16666666666663 -726.6666666666667
504.99999999999994 -730.0000000000001
507.49999999999994 -742.5000000000002
510.8333333333333 -748.3333333333337
504.16666666666663 -726.6666666666667
504.99999999999994 -730.0000000000001
507.49999999999994 -742.5000000000002
510.8333333333333 -748.3333333333337
504.16666666666663 -726.6666666666667
504.99999999999994 -730.0000000000001
507.49999999999994 -742.5000000000002
510.8333333333333 -748.3333333333337
507.5 -744.1666666666669
504.99999999999994 -730.0000000000001
507.49999999999994 -742.5000000000002
511.66666666666663 -750.0000000000003
504.99999999999994 -730.0000000000001
513.3333333333333 -752.5000000000002
504.99999999999994 -730.0000000000001
504.99999999999994 -730.0000000000001
510.8333333333333 -748.3333333333337
505.83333333333326 -730.8333333333335
507.5 -744.1666666666669
515.0 -752.5000000000003
503.3333333333333 -722.5
504.99999999999994 -730.0000000000001
510.8333333333333 -748.3333333333337
515.8333333333333 -755.8333333333336
504.16666666666663 -726.6666666666667
504.16666666666663 -726.6666666666667
510.8333333333333 -748.3333333333337
504.16666666666663 -726.6666666666667
504.99999999999994 -730.0000000000001
510.8333333333333 -748.3333333333337
507.49999999999994 -742.5000000000002
507.49999999999994 -742.5000000000002
512.5 -750.8333333333336
504.99999999999994 -730.0000000000001
507.5 -744.1666666666669
510.8333333333333 -748.3333333333337
504.16666666666663 -726.6666666666667
504.16666666666663 -726.6666666666667
504.99999999999994 -730.0000000000001
505.8333333333333 -735.0000000000001
515.8333333333333 -755.8333333333336
510.8333333333333 -748.3333333333337
510.8333333333333 -748.3333333333337
507.49999999999994 -742.5000000000002
510.8333333333333 -748.3333333333337
513.3333333333333 -752.5000000000002
510.8333333333333 -748.3333333333337
510.8333333333333 -748.3333333333337
510.8333333333333 -748.3333333333337
510.8333333333333 -748.3333333333337
505.83333333333326 -730.8333333333335
510.8333333333333 -748.3333333333337
504.99999999999994 -730.0000000000001
508.3333333333333 -747.5000000000002
510.8333333333333 -748.3333333333337
503.3333333333333 -722.5
510.8333333333333 -748.3333333333337
510.8333333333333 -748.3333333333337
506.66666666666663 -740.8333333333336
510.8333333333333 -748.3333333333337
510.8333333333333 -748.3333333333337
504.99999999999994 -730.0000000000001
504.99999999999994 -730.0000000000001
510.8333333333333 -748.3333333333337
510.8333333333333 -748.3333333333337
505.8333333333333 -735.0000000000001
510.8333333333333 -748.3333333333337
510.8333333333333 -748.3333333333337
510.8333333333333 -748.3333333333337
