504.99999999999994 -732.5000000000001
503.3333333333333 -725.8333333333334
504.99999999999994 -732.5000000000001
504.99999999999994 -732.5000000000001
517.5 -759.166666666667
504.99999999999994 -732.5000000000001
504.16666666666663 -729.1666666666669
508.33333333333326 -752.5000000000002
504.99999999999994 -732.5000000000001
518.3333333333333 -760.8333333333336
518.3333333333333 -760.8333333333336
504.16666666666663 -729.1666666666669
508.33333333333326 -752.5000000000002
505.83333333333326 -747.5000000000002
503.3333333333333 -725.8333333333334
508.33333333333326 -752.5000000000002
505.83333333333326 -747.5000000000002
503.3333333333333 -725.8333333333334
508.33333333333326 -752.5000000000002
504.16666666666663 -729.1666666666669
504.16666666666663 -729.1666666666669
504.16666666666663 -729.1666666666669
508.33333333333326 -752.5000000000002
508.33333333333326 -752.5000000000002
509.16666666666663 -754.1666666666669
511.66666666666663 -756.666666666667
513.3333333333333 -757.5000000000002
516.6666666666666 -758.3333333333336
