503.3333333333333 -734.1666666666667
503.3333333333333 -734.1666666666667
504.16666666666663 -740.8333333333336
504.99999999999994 -749.1666666666669
504.16666666666663 -740.8333333333336
504.99999999999994 -749.1666666666669
510.83333333333326 -764.166666666667
510.83333333333326 -764.166666666667
503.3333333333333 -734.1666666666667
504.16666666666663 -740.8333333333336
504.99999999999994 -749.1666666666669
503.3333333333333 -734.1666666666667
504.16666666666663 -740.8333333333336
504.99999999999994 -749.1666666666669
503.3333333333333 -734.1666666666667
504.99999999999994 -749.1666666666669
503.3333333333333 -734.1666666666667
504.99999999999994 -749.1666666666669
503.3333333333333 -734.1666666666667
504.99999999999994 -749.1666666666669
503.3333333333333 -734.1666666666667
504.99999999999994 -749.1666666666669
503.3333333333333 -734.1666666666667
504.99999999999994 -749.1666666666669
504.99999999999994 -749.1666666666669
504.99999999999994 -749.1666666666669
504.99999999999994 -749.1666666666669
504.99999999999994 -749.1666666666669
507.49999999999994 -759.1666666666669
507.49999999999994 -759.1666666666669
504.99999999999994 -749.1666666666669
505.83333333333326 -756.6666666666669
510.83333333333326 -764.166666666667
507.49999999999994 -759.1666666666669
509.16666666666663 -764.1666666666669
504.99999999999994 -749.1666666666669
504.16666666666663 -740.8333333333336
504.99999999999994 -749.1666666666669
503.3333333333333 -734.1666666666667
505.83333333333326 -756.6666666666669
504.99999999999994 -749.1666666666669
514.1666666666666 -768.3333333333336
504.99999999999994 -749.1666666666669
515.0 -769.166666666667
506.66666666666663 -758.3333333333336
508.33333333333326 -761.666666666667
516.6666666666666 -770.8333333333337
509.16666666666663 -764.1666666666669
510.83333333333326 -764.166666666667
506.66666666666663 -758.3333333333336
504.99999999999994 -749.1666666666669
509.16666666666663 -764.1666666666669
511.66666666666663 -766.6666666666669
507.49999999999994 -759.1666666666669
514.1666666666666 -768.3333333333336
504.99999999999994 -749.1666666666669
