504.16666666666663 -740.8333333333336
504.16666666666663 -740.8333333333336
504.16666666666663 -740.8333333333336
504.16666666666663 -740.8333333333336
509.16666666666663 -764.1666666666669
504.16666666666663 -740.8333333333336
515.0 -769.166666666667
509.16666666666663 -764.1666666666669
509.16666666666663 -764.1666666666669
516.6666666666666 -771.666666666667
514.1666666666666 -769.1666666666669
504.16666666666663 -740.8333333333336
504.16666666666663 -740.8333333333336
513.3333333333333 -767.5000000000002
514.1666666666666 -769.1666666666669
507.5 -764.1666666666667
509.16666666666663 -764.1666666666669
504.16666666666663 -740.8333333333336
509.16666666666663 -764.1666666666669
514.1666666666666 -769.1666666666669
515.8333333333333 -770.8333333333337
510.83333333333326 -765.8333333333336
504.16666666666663 -740.8333333333336
504.99999999999994 -750.0000000000001
504.16666666666663 -740.8333333333336
504.16666666666663 -740.8333333333336
511.6666666666666 -765.8333333333337
505.83333333333326 -757.5000000000002
509.99999999999994 -765.0000000000002
511.66666666666663 -766.666666666667
509.16666666666663 -764.1666666666669
505.83333333333326 -757.5000000000002
509.16666666666663 -764.1666666666669
503.3333333333333 -739.1666666666667
510.83333333333326 -765.8333333333336
506.66666666666663 -763.3333333333335
505.83333333333326 -757.5000000000002
509.16666666666663 -764.1666666666669
