504.16666666666663 -743.3333333333336
504.16666666666663 -743.3333333333336
504.16666666666663 -743.3333333333336
504.16666666666663 -743.3333333333336
504.16666666666663 -743.3333333333336
504.16666666666663 -743.3333333333336
504.16666666666663 -743.3333333333336
504.16666666666663 -743.3333333333336
504.16666666666663 -743.3333333333336
506.66666666666663 -765.8333333333335
504.16666666666663 -743.3333333333336
504.99999999999994 -760.8333333333335
506.6666666666666 -765.0000000000002
503.3333333333333 -741.6666666666669
504.16666666666663 -743.3333333333336
515.0 -778.3333333333335
506.66666666666663 -765.8333333333335
504.99999999999994 -760.8333333333335
504.16666666666663 -743.3333333333336
504.16666666666663 -743.3333333333336
503.3333333333333 -741.6666666666669
506.66666666666663 -765.8333333333335
505.83333333333326 -764.1666666666669
506.66666666666663 -765.8333333333335
505.83333333333326 -764.1666666666669
505.83333333333326 -764.1666666666669
506.6666666666666 -765.0000000000002
505.83333333333326 -764.1666666666669
505.83333333333326 -764.1666666666669
504.99999999999994 -760.8333333333335
504.16666666666663 -743.3333333333336
503.3333333333333 -741.6666666666669
505.83333333333326 -764.1666666666669
506.66666666666663 -765.8333333333335
503.3333333333333 -741.6666666666669
506.6666666666666 -765.0000000000002
513.3333333333333 -774.1666666666667
505.83333333333326 -764.1666666666669
504.16666666666663 -743.3333333333336
504.16666666666663 -743.3333333333336
510.83333333333326 -771.6666666666669
505.83333333333326 -764.1666666666669
514.1666666666666 -775.0000000000001
507.49999999999994 -768.3333333333335
504.16666666666663 -743.3333333333336
505.83333333333326 -764.1666666666669
506.6666666666666 -765.0000000000002
506.66666666666663 -765.8333333333335
506.66666666666663 -765.8333333333335
509.99999999999994 -770.8333333333335
504.99999999999994 -760.8333333333335
506.66666666666663 -765.8333333333335
506.66666666666663 -765.8333333333335
509.99999999999994 -770.8333333333335
509.1666666666666 -770.0000000000002
514.1666666666666 -775.0000000000001
