504.16666666666663 -743.3333333333336
504.16666666666663 -743.3333333333336
504.16666666666663 -743.3333333333336
504.16666666666663 -743.3333333333336
504.16666666666663 -743.3333333333336
504.16666666666663 -743.3333333333336
504.16666666666663 -743.3333333333336
504.16666666666663 -743.3333333333336
504.16666666666663 -743.3333333333336
504.16666666666663 -743.3333333333336
503.3333333333333 -741.6666666666669
504.16666666666663 -743.3333333333336
515.0 -778.3333333333335
504.16666666666663 -743.3333333333336
504.16666666666663 -743.3333333333336
503.3333333333333 -741.6666666666669
504.16666666666663 -743.3333333333336
503.3333333333333 -741.6666666666669
503.3333333333333 -741.6666666666669
504.16666666666663 -743.3333333333336
504.16666666666663 -743.3333333333336
504.16666666666663 -743.3333333333336
515.8333333333333 -779.1666666666669
504.99999999999994 -762.5000000000001
504.16666666666663 -743.3333333333336
511.66666666666663 -775.0000000000001
513.3333333333333 -776.666666666667
505.83333333333326 -765.8333333333335
504.99999999999994 -762.5000000000001
513.3333333333333 -776.666666666667
510.83333333333326 -773.3333333333335
505.83333333333326 -765.8333333333335
510.83333333333326 -773.3333333333335
504.16666666666663 -743.3333333333336
504.16666666666663 -743.3333333333336
505.83333333333326 -765.8333333333335
505.83333333333326 -765.8333333333335
511.66666666666663 -775.0000000000001
504.99999999999994 -762.5000000000001
515.0 -778.3333333333335
503.3333333333333 -741.6666666666669
512.5 -775.8333333333336
513.3333333333333 -776.666666666667
511.66666666666663 -775.0000000000001
513.3333333333333 -776.666666666667
511.66666666666663 -775.0000000000001
505.83333333333326 -765.8333333333335
504.16666666666663 -743.3333333333336
505.83333333333326 -765.8333333333335
505.83333333333326 -765.8333333333335
504.16666666666663 -743.3333333333336
505.83333333333326 -765.8333333333335
511.66666666666663 -775.0000000000001
504.99999999999994 -762.5000000000001
510.83333333333326 -773.3333333333335
505.83333333333326 -765.8333333333335
505.83333333333326 -765.8333333333335
515.0 -778.3333333333335
505.83333333333326 -765.8333333333335
513.3333333333333 -776.666666666667
503.3333333333333 -741.6666666666669
508.33333333333326 -771.666666666667
511.66666666666663 -775.0000000000001
505.83333333333326 -765.8333333333335
504.99999999999994 -762.5000000000001
503.3333333333333 -741.6666666666669
515.8333333333333 -779.1666666666669
504.16666666666663 -743.3333333333336
503.3333333333333 -741.6666666666669
504.16666666666663 -743.3333333333336
510.83333333333326 -773.3333333333335
511.66666666666663 -775.0000000000001
504.99999999999994 -762.5000000000001
505.83333333333326 -765.8333333333335
503.3333333333333 -741.6666666666669
504.16666666666663 -743.3333333333336
504.16666666666663 -743.3333333333336
503.3333333333333 -741.6666666666669
505.83333333333326 -765.8333333333335
506.6666666666666 -769.166666666667
505.83333333333326 -765.8333333333335
504.16666666666663 -743.3333333333336
508.33333333333326 -771.666666666667
505.83333333333326 -765.8333333333335
505.83333333333326 -765.8333333333335
513.3333333333333 -776.666666666667
505.83333333333326 -765.8333333333335
514.1666666666665 -777.5000000000002
505.83333333333326 -765.8333333333335
515.0 -778.3333333333335
505.83333333333326 -765.8333333333335
504.99999999999994 -762.5000000000001
504.16666666666663 -743.3333333333336
512.5 -775.8333333333336
511.6666666666666 -774.166666666667
510.83333333333326 -773.3333333333335
