503.3333333333333 -745.0000000000002
520.8333333333333 -783.3333333333335
520.8333333333333 -783.3333333333335
503.3333333333333 -745.0000000000002
504.16666666666663 -746.666666666667
504.99999999999994 -767.5
516.6666666666666 -781.6666666666669
520.0 -782.5000000000002
508.33333333333326 -775.8333333333335
512.4999999999999 -779.1666666666667
504.99999999999994 -767.5
505.83333333333326 -771.6666666666667
509.1666666666666 -776.6666666666667
509.99999999999994 -777.5
510.8333333333333 -777.5000000000001
507.49999999999994 -774.1666666666667
504.16666666666663 -746.666666666667
511.6666666666666 -777.5000000000002
516.6666666666666 -781.6666666666669
515.8333333333333 -780.8333333333335
513.3333333333333 -780.0
515.8333333333333 -780.8333333333335
506.6666666666666 -772.5
506.66666666666663 -773.3333333333334
507.49999999999994 -774.1666666666667
505.83333333333326 -771.6666666666667
520.0 -782.5000000000002
514.9999999999999 -780.0000000000002
513.3333333333333 -780.0
514.1666666666666 -780.0000000000001
514.9999999999999 -780.0000000000002
511.6666666666666 -777.5000000000002
514.1666666666666 -780.0000000000001
506.66666666666663 -773.3333333333334
506.6666666666666 -772.5
503.3333333333333 -745.0000000000002
520.8333333333333 -783.3333333333335
504.99999999999994 -767.5
504.16666666666663 -746.666666666667
516.6666666666666 -781.6666666666669
515.8333333333333 -780.8333333333335
507.49999999999994 -774.1666666666667
505.83333333333326 -771.6666666666667
520.0 -782.5000000000002
514.9999999999999 -780.0000000000002
511.6666666666666 -777.5000000000002
514.1666666666666 -780.0000000000001
506.6666666666666 -772.5
503.3333333333333 -745.0000000000002
520.8333333333333 -783.3333333333335
504.99999999999994 -767.5
504.16666666666663 -746.666666666667
516.6666666666666 -781.6666666666669
515.8333333333333 -780.8333333333335
507.49999999999994 -774.1666666666667
505.83333333333326 -771.6666666666667
520.0 -782.5000000000002
514.9999999999999 -780.0000000000002
511.6666666666666 -777.5000000000002
514.1666666666666 -780.0000000000001
506.6666666666666 -772.5
503.3333333333333 -745.0000000000002
504.99999999999994 -767.5
516.6666666666666 -781.6666666666669
515.8333333333333 -780.8333333333335
505.83333333333326 -771.6666666666667
507.49999999999994 -774.1666666666667
520.0 -782.5000000000002
514.9999999999999 -780.0000000000002
511.6666666666666 -777.5000000000002
506.6666666666666 -772.5
514.1666666666666 -780.0000000000001
503.3333333333333 -745.0000000000002
504.99999999999994 -767.5
516.6666666666666 -781.6666666666669
515.8333333333333 -780.8333333333335
505.83333333333326 -771.6666666666667
507.49999999999994 -774.1666666666667
520.0 -782.5000000000002
514.9999999999999 -780.0000000000002
511.6666666666666 -777.5000000000002
506.6666666666666 -772.5
514.1666666666666 -780.0000000000001
503.3333333333333 -745.0000000000002
511.6666666666666 -777.5000000000002
514.9999999999999 -780.0000000000002
504.99999999999994 -767.5
514.9999999999999 -780.0000000000002
511.6666666666666 -777.5000000000002
511.6666666666666 -777.5000000000002
511.6666666666666 -777.5000000000002
514.9999999999999 -780.0000000000002
514.9999999999999 -780.0000000000002
511.6666666666666 -777.5000000000002
514.9999999999999 -780.0000000000002
514.9999999999999 -780.0000000000002
515.8333333333333 -780.8333333333335
514.9999999999999 -780.0000000000002
505.83333333333326 -771.6666666666667
511.6666666666666 -777.5000000000002
511.6666666666666 -777.5000000000002
515.8333333333333 -780.8333333333335
505.83333333333326 -771.6666666666667
514.9999999999999 -780.0000000000002
511.6666666666666 -777.5000000000002
504.99999999999994 -767.5
504.99999999999994 -767.5
511.6666666666666 -777.5000000000002
505.83333333333326 -771.6666666666667
514.9999999999999 -780.0000000000002
515.8333333333333 -780.8333333333335
505.83333333333326 -771.6666666666667
505.83333333333326 -771.6666666666667
511.6666666666666 -777.5000000000002
511.6666666666666 -777.5000000000002
511.6666666666666 -777.5000000000002
506.6666666666666 -772.5
505.83333333333326 -771.6666666666667
511.6666666666666 -777.5000000000002
516.6666666666666 -781.6666666666669
511.6666666666666 -777.5000000000002
506.6666666666666 -772.5
507.49999999999994 -774.1666666666667
520.0 -782.5000000000002
511.6666666666666 -777.5000000000002
511.6666666666666 -777.5000000000002
506.6666666666666 -772.5
511.6666666666666 -777.5000000000002
505.83333333333326 -771.6666666666667
511.6666666666666 -777.5000000000002
520.0 -782.5000000000002
516.6666666666666 -781.6666666666669
505.83333333333326 -771.6666666666667
514.9999999999999 -780.0000000000002
511.6666666666666 -777.5000000000002
506.6666666666666 -772.5
505.83333333333326 -771.6666666666667
511.6666666666666 -777.5000000000002
505.83333333333326 -771.6666666666667
506.6666666666666 -772.5
507.49999999999994 -774.1666666666667
515.8333333333333 -780.8333333333335
511.6666666666666 -777.5000000000002
506.6666666666666 -772.5
506.6666666666666 -772.5
514.9999999999999 -780.0000000000002
505.83333333333326 -771.6666666666667
511.6666666666666 -777.5000000000002
515.8333333333333 -780.8333333333335
511.6666666666666 -777.5000000000002
507.49999999999994 -774.1666666666667
507.49999999999994 -774.1666666666667
514.1666666666666 -780.0000000000001
520.0 -782.5000000000002
506.6666666666666 -772.5
515.8333333333333 -780.8333333333335
507.49999999999994 -774.1666666666667
505.83333333333326 -771.6666666666667
520.8333333333333 -783.3333333333335
511.6666666666666 -777.5000000000002
514.9999999999999 -780.0000000000002
505.83333333333326 -771.6666666666667
511.6666666666666 -777.5000000000002
511.6666666666666 -777.5000000000002
514.1666666666666 -780.0000000000001
507.49999999999994 -774.1666666666667
515.8333333333333 -780.8333333333335
507.49999999999994 -774.1666666666667
514.9999999999999 -780.0000000000002
515.8333333333333 -780.8333333333335
516.6666666666666 -781.6666666666669
505.83333333333326 -771.6666666666667
505.83333333333326 -771.6666666666667
505.83333333333326 -771.6666666666667
505.83333333333326 -771.6666666666667
515.8333333333333 -780.8333333333335
506.6666666666666 -772.5
511.6666666666666 -777.5000000000002
520.0 -782.5000000000002
506.6666666666666 -772.5
514.1666666666666 -780.0000000000001
511.6666666666666 -777.5000000000002
506.6666666666666 -772.5
511.6666666666666 -777.5000000000002
503.3333333333333 -745.0000000000002
511.6666666666666 -777.5000000000002
511.6666666666666 -777.5000000000002
511.6666666666666 -777.5000000000002
511.6666666666666 -777.5000000000002
515.8333333333333 -780.8333333333335
515.8333333333333 -780.8333333333335
520.0 -782.5000000000002
511.6666666666666 -777.5000000000002
515.8333333333333 -780.8333333333335
504.99999999999994 -767.5
504.99999999999994 -767.5
506.6666666666666 -772.5
516.6666666666666 -781.6666666666669
511.6666666666666 -777.5000000000002
515.8333333333333 -780.8333333333335
