503.3333333333333 -745.0000000000002
503.3333333333333 -745.0000000000002
523.3333333333333 -785.8333333333335
504.16666666666663 -746.666666666667
504.99999999999994 -770.8333333333333
516.6666666666666 -782.5000000000001
520.0 -782.5000000000002
521.6666666666665 -784.1666666666669
511.6666666666666 -779.1666666666667
513.3333333333333 -780.0
510.8333333333333 -777.5000000000001
507.49999999999994 -774.1666666666667
504.16666666666663 -746.666666666667
508.33333333333326 -775.8333333333335
514.1666666666666 -780.8333333333334
504.99999999999994 -770.8333333333333
505.83333333333326 -771.6666666666667
509.1666666666666 -776.6666666666667
515.0 -780.8333333333335
515.8333333333333 -781.6666666666667
509.99999999999994 -777.5
513.3333333333333 -780.0
505.83333333333326 -771.6666666666667
507.49999999999994 -774.1666666666667
508.33333333333326 -775.8333333333335
509.1666666666666 -776.6666666666667
506.6666666666666 -772.5000000000001
506.66666666666663 -773.3333333333334
520.8333333333333 -783.3333333333335
515.8333333333333 -781.6666666666667
520.8333333333333 -783.3333333333335
509.99999999999994 -777.5
514.1666666666666 -780.8333333333334
520.0 -782.5000000000002
515.0 -780.8333333333335
510.8333333333333 -777.5000000000001
506.66666666666663 -773.3333333333334
506.6666666666666 -772.5000000000001
520.8333333333333 -783.3333333333335
503.3333333333333 -745.0000000000002
504.16666666666663 -746.666666666667
507.49999999999994 -774.1666666666667
505.83333333333326 -771.6666666666667
520.0 -782.5000000000002
513.3333333333333 -780.0
506.66666666666663 -773.3333333333334
503.3333333333333 -745.0000000000002
520.8333333333333 -783.3333333333335
504.16666666666663 -746.666666666667
507.49999999999994 -774.1666666666667
505.83333333333326 -771.6666666666667
520.0 -782.5000000000002
503.3333333333333 -745.0000000000002
520.8333333333333 -783.3333333333335
504.16666666666663 -746.666666666667
507.49999999999994 -774.1666666666667
505.83333333333326 -771.6666666666667
520.0 -782.5000000000002
503.3333333333333 -745.0000000000002
505.83333333333326 -771.6666666666667
507.49999999999994 -774.1666666666667
520.0 -782.5000000000002
503.3333333333333 -745.0000000000002
505.83333333333326 -771.6666666666667
507.49999999999994 -774.1666666666667
520.0 -782.5000000000002
503.3333333333333 -745.0000000000002
505.83333333333326 -771.6666666666667
505.83333333333326 -771.6666666666667
505.83333333333326 -771.6666666666667
505.83333333333326 -771.6666666666667
505.83333333333326 -771.6666666666667
505.83333333333326 -771.6666666666667
507.49999999999994 -774.1666666666667
520.0 -782.5000000000002
505.83333333333326 -771.6666666666667
520.0 -782.5000000000002
505.83333333333326 -771.6666666666667
505.83333333333326 -771.6666666666667
505.83333333333326 -771.6666666666667
507.49999999999994 -774.1666666666667
505.83333333333326 -771.6666666666667
507.49999999999994 -774.1666666666667
507.49999999999994 -774.1666666666667
520.0 -782.5000000000002
507.49999999999994 -774.1666666666667
505.83333333333326 -771.6666666666667
520.8333333333333 -783.3333333333335
505.83333333333326 -771.6666666666667
507.49999999999994 -774.1666666666667
507.49999999999994 -774.1666666666667
505.83333333333326 -771.6666666666667
505.83333333333326 -771.6666666666667
505.83333333333326 -771.6666666666667
505.83333333333326 -771.6666666666667
520.0 -782.5000000000002
503.3333333333333 -745.0000000000002
520.0 -782.5000000000002
507.49999999999994 -774.1666666666667
505.83333333333326 -771.6666666666667
520.0 -782.5000000000002
513.3333333333333 -780.0
505.83333333333326 -771.6666666666667
520.0 -782.5000000000002
505.83333333333326 -771.6666666666667
507.49999999999994 -774.1666666666667
505.83333333333326 -771.6666666666667
520.0 -782.5000000000002
507.49999999999994 -774.1666666666667
520.8333333333333 -783.3333333333335
507.49999999999994 -774.1666666666667
505.83333333333326 -771.6666666666667
506.66666666666663 -773.3333333333334
505.83333333333326 -771.6666666666667
520.0 -782.5000000000002
520.0 -782.5000000000002
514.1666666666666 -780.8333333333334
507.49999999999994 -774.1666666666667
520.8333333333333 -783.3333333333335
507.49999999999994 -774.1666666666667
507.49999999999994 -774.1666666666667
508.33333333333326 -775.8333333333335
520.0 -782.5000000000002
505.83333333333326 -771.6666666666667
505.83333333333326 -771.6666666666667
520.0 -782.5000000000002
507.49999999999994 -774.1666666666667
505.83333333333326 -771.6666666666667
510.8333333333333 -777.5000000000001
505.83333333333326 -771.6666666666667
507.49999999999994 -774.1666666666667
505.83333333333326 -771.6666666666667
507.49999999999994 -774.1666666666667
520.0 -782.5000000000002
505.83333333333326 -771.6666666666667
520.8333333333333 -783.3333333333335
506.6666666666666 -772.5000000000001
507.49999999999994 -774.1666666666667
507.49999999999994 -774.1666666666667
513.3333333333333 -780.0
507.49999999999994 -774.1666666666667
520.0 -782.5000000000002
506.6666666666666 -772.5000000000001
505.83333333333326 -771.6666666666667
506.6666666666666 -772.5000000000001
506.66666666666663 -773.3333333333334
505.83333333333326 -771.6666666666667
506.66666666666663 -773.3333333333334
505.83333333333326 -771.6666666666667
505.83333333333326 -771.6666666666667
505.83333333333326 -771.6666666666667
506.66666666666663 -773.3333333333334
514.1666666666666 -780.8333333333334
520.0 -782.5000000000002
505.83333333333326 -771.6666666666667
506.6666666666666 -772.5000000000001
505.83333333333326 -771.6666666666667
506.66666666666663 -773.3333333333334
505.83333333333326 -771.6666666666667
505.83333333333326 -771.6666666666667
507.49999999999994 -774.1666666666667
505.83333333333326 -771.6666666666667
504.99999999999994 -770.8333333333333
510.8333333333333 -777.5000000000001
520.8333333333333 -783.3333333333335
507.49999999999994 -774.1666666666667
505.83333333333326 -771.6666666666667
505.83333333333326 -771.6666666666667
514.1666666666666 -780.8333333333334
505.83333333333326 -771.6666666666667
507.49999999999994 -774.1666666666667
520.0 -782.5000000000002
520.0 -782.5000000000002
505.83333333333326 -771.6666666666667
505.83333333333326 -771.6666666666667
505.83333333333326 -771.6666666666667
505.83333333333326 -771.6666666666667
507.49999999999994 -774.1666666666667
505.83333333333326 -771.6666666666667
507.49999999999994 -774.1666666666667
505.83333333333326 -771.6666666666667
505.83333333333326 -771.6666666666667
510.8333333333333 -777.5000000000001
513.3333333333333 -780.0
513.3333333333333 -780.0
507.49999999999994 -774.1666666666667
506.6666666666666 -772.5000000000001
505.83333333333326 -771.6666666666667
505.83333333333326 -771.6666666666667
507.49999999999994 -774.1666666666667
506.6666666666666 -772.5000000000001
505.83333333333326 -771.6666666666667
507.49999999999994 -774.1666666666667
505.83333333333326 -771.6666666666667
507.49999999999994 -774.1666666666667
505.83333333333326 -771.6666666666667
515.0 -780.8333333333335
506.6666666666666 -772.5000000000001
507.49999999999994 -774.1666666666667
510.8333333333333 -777.5000000000001
