502.5 -748.3333333333336
522.5 -790.0000000000002
522.5 -790.0000000000002
504.16666666666663 -774.1666666666669
517.5 -785.8333333333335
515.0 -785.0000000000002
514.1666666666666 -784.1666666666669
521.6666666666666 -789.1666666666669
504.16666666666663 -774.1666666666669
520.0 -788.3333333333335
512.5 -783.3333333333335
518.3333333333333 -786.6666666666669
507.49999999999994 -778.3333333333335
514.1666666666666 -784.1666666666669
521.6666666666666 -789.1666666666669
510.83333333333326 -781.6666666666669
515.0 -785.0000000000002
508.3333333333333 -779.1666666666669
507.49999999999994 -778.3333333333335
504.99999999999994 -775.0000000000001
506.66666666666663 -777.5000000000001
509.16666666666663 -780.0000000000001
509.99999999999994 -780.8333333333335
508.3333333333333 -779.1666666666669
505.0 -775.8333333333335
505.8333333333333 -776.6666666666669
509.99999999999994 -780.8333333333335
510.83333333333326 -781.6666666666669
505.8333333333333 -776.6666666666669
506.66666666666663 -777.5000000000001
509.16666666666663 -780.0000000000001
518.3333333333333 -786.6666666666669
512.4999999999999 -782.5000000000002
519.9999999999999 -787.5000000000002
519.1666666666666 -787.5000000000001
511.66666666666663 -782.5000000000001
517.5 -785.8333333333335
511.66666666666663 -782.5000000000001
519.1666666666666 -787.5000000000001
520.0 -788.3333333333335
512.5 -783.3333333333335
505.0 -775.8333333333335
504.99999999999994 -775.0000000000001
519.9999999999999 -787.5000000000002
512.4999999999999 -782.5000000000002
522.5 -790.0000000000002
504.16666666666663 -774.1666666666669
514.1666666666666 -784.1666666666669
521.6666666666666 -789.1666666666669
515.0 -785.0000000000002
507.49999999999994 -778.3333333333335
508.3333333333333 -779.1666666666669
509.99999999999994 -780.8333333333335
510.83333333333326 -781.6666666666669
505.8333333333333 -776.6666666666669
509.16666666666663 -780.0000000000001
506.66666666666663 -777.5000000000001
518.3333333333333 -786.6666666666669
517.5 -785.8333333333335
519.1666666666666 -787.5000000000001
511.66666666666663 -782.5000000000001
520.0 -788.3333333333335
512.5 -783.3333333333335
504.99999999999994 -775.0000000000001
519.9999999999999 -787.5000000000002
512.4999999999999 -782.5000000000002
522.5 -790.0000000000002
504.16666666666663 -774.1666666666669
521.6666666666666 -789.1666666666669
514.1666666666666 -784.1666666666669
515.0 -785.0000000000002
507.49999999999994 -778.3333333333335
508.3333333333333 -779.1666666666669
509.99999999999994 -780.8333333333335
510.83333333333326 -781.6666666666669
505.8333333333333 -776.6666666666669
509.16666666666663 -780.0000000000001
506.66666666666663 -777.5000000000001
518.3333333333333 -786.6666666666669
517.5 -785.8333333333335
511.66666666666663 -782.5000000000001
519.1666666666666 -787.5000000000001
512.5 -783.3333333333335
520.0 -788.3333333333335
504.99999999999994 -775.0000000000001
519.9999999999999 -787.5000000000002
522.5 -790.0000000000002
504.16666666666663 -774.1666666666669
512.5 -783.3333333333335
521.6666666666666 -789.1666666666669
514.1666666666666 -784.1666666666669
515.0 -785.0000000000002
511.66666666666663 -782.5000000000001
507.49999999999994 -778.3333333333335
509.99999999999994 -780.8333333333335
508.3333333333333 -779.1666666666669
510.83333333333326 -781.6666666666669
506.66666666666663 -777.5000000000001
509.16666666666663 -780.0000000000001
518.3333333333333 -786.6666666666669
517.5 -785.8333333333335
519.1666666666666 -787.5000000000001
520.0 -788.3333333333335
504.99999999999994 -775.0000000000001
519.9999999999999 -787.5000000000002
522.5 -790.0000000000002
504.16666666666663 -774.1666666666669
512.5 -783.3333333333335
514.1666666666666 -784.1666666666669
521.6666666666666 -789.1666666666669
515.0 -785.0000000000002
511.66666666666663 -782.5000000000001
507.49999999999994 -778.3333333333335
509.99999999999994 -780.8333333333335
508.3333333333333 -779.1666666666669
510.83333333333326 -781.6666666666669
509.16666666666663 -780.0000000000001
506.66666666666663 -777.5000000000001
518.3333333333333 -786.6666666666669
517.5 -785.8333333333335
519.1666666666666 -787.5000000000001
520.0 -788.3333333333335
504.99999999999994 -775.0000000000001
522.5 -790.0000000000002
504.16666666666663 -774.1666666666669
512.5 -783.3333333333335
514.1666666666666 -784.1666666666669
521.6666666666666 -789.1666666666669
515.0 -785.0000000000002
504.99999999999994 -775.0000000000001
511.66666666666663 -782.5000000000001
507.49999999999994 -778.3333333333335
509.99999999999994 -780.8333333333335
508.3333333333333 -779.1666666666669
510.83333333333326 -781.6666666666669
509.16666666666663 -780.0000000000001
506.66666666666663 -777.5000000000001
518.3333333333333 -786.6666666666669
517.5 -785.8333333333335
519.1666666666666 -787.5000000000001
520.0 -788.3333333333335
522.5 -790.0000000000002
504.16666666666663 -774.1666666666669
512.5 -783.3333333333335
514.1666666666666 -784.1666666666669
521.6666666666666 -789.1666666666669
515.0 -785.0000000000002
504.99999999999994 -775.0000000000001
511.66666666666663 -782.5000000000001
507.49999999999994 -778.3333333333335
509.99999999999994 -780.8333333333335
508.3333333333333 -779.1666666666669
510.83333333333326 -781.6666666666669
509.16666666666663 -780.0000000000001
506.66666666666663 -777.5000000000001
518.3333333333333 -786.6666666666669
517.5 -785.8333333333335
519.1666666666666 -787.5000000000001
520.0 -788.3333333333335
522.5 -790.0000000000002
504.16666666666663 -774.1666666666669
512.5 -783.3333333333335
514.1666666666666 -784.1666666666669
521.6666666666666 -789.1666666666669
515.0 -785.0000000000002
511.66666666666663 -782.5000000000001
504.99999999999994 -775.0000000000001
507.49999999999994 -778.3333333333335
509.99999999999994 -780.8333333333335
508.3333333333333 -779.1666666666669
510.83333333333326 -781.6666666666669
506.66666666666663 -777.5000000000001
509.16666666666663 -780.0000000000001
518.3333333333333 -786.6666666666669
517.5 -785.8333333333335
519.1666666666666 -787.5000000000001
520.0 -788.3333333333335
522.5 -790.0000000000002
504.16666666666663 -774.1666666666669
512.5 -783.3333333333335
520.0 -788.3333333333335
514.1666666666666 -784.1666666666669
521.6666666666666 -789.1666666666669
515.0 -785.0000000000002
504.99999999999994 -775.0000000000001
519.1666666666666 -787.5000000000001
511.66666666666663 -782.5000000000001
507.49999999999994 -778.3333333333335
509.99999999999994 -780.8333333333335
508.3333333333333 -779.1666666666669
510.83333333333326 -781.6666666666669
506.66666666666663 -777.5000000000001
509.16666666666663 -780.0000000000001
518.3333333333333 -786.6666666666669
517.5 -785.8333333333335
522.5 -790.0000000000002
504.16666666666663 -774.1666666666669
520.0 -788.3333333333335
512.5 -783.3333333333335
514.1666666666666 -784.1666666666669
