502.5 -748.3333333333336
520.8333333333333 -790.8333333333335
520.8333333333333 -790.8333333333335
504.16666666666663 -774.1666666666669
518.3333333333333 -789.1666666666669
514.1666666666665 -786.6666666666669
509.99999999999994 -782.5000000000002
512.5 -784.1666666666669
513.3333333333333 -785.8333333333335
504.16666666666663 -774.1666666666669
509.16666666666663 -780.0000000000001
512.5 -784.1666666666669
508.33333333333326 -779.1666666666669
507.49999999999994 -778.3333333333335
504.99999999999994 -775.0000000000001
506.66666666666663 -777.5000000000001
505.8333333333333 -776.6666666666669
505.0 -775.8333333333335
507.49999999999994 -778.3333333333335
508.33333333333326 -779.1666666666669
505.8333333333333 -776.6666666666669
506.66666666666663 -777.5000000000001
509.16666666666663 -780.0000000000001
505.0 -775.8333333333335
504.99999999999994 -775.0000000000001
504.16666666666663 -774.1666666666669
507.49999999999994 -778.3333333333335
505.8333333333333 -776.6666666666669
509.16666666666663 -780.0000000000001
506.66666666666663 -777.5000000000001
505.0 -775.8333333333335
504.99999999999994 -775.0000000000001
504.16666666666663 -774.1666666666669
507.49999999999994 -778.3333333333335
505.8333333333333 -776.6666666666669
509.16666666666663 -780.0000000000001
506.66666666666663 -777.5000000000001
505.0 -775.8333333333335
504.99999999999994 -775.0000000000001
504.16666666666663 -774.1666666666669
507.49999999999994 -778.3333333333335
505.8333333333333 -776.6666666666669
509.16666666666663 -780.0000000000001
506.66666666666663 -777.5000000000001
505.0 -775.8333333333335
504.99999999999994 -775.0000000000001
504.16666666666663 -774.1666666666669
507.49999999999994 -778.3333333333335
505.8333333333333 -776.6666666666669
509.16666666666663 -780.0000000000001
506.66666666666663 -777.5000000000001
505.0 -775.8333333333335
504.99999999999994 -775.0000000000001
504.16666666666663 -774.1666666666669
507.49999999999994 -778.3333333333335
505.8333333333333 -776.6666666666669
509.16666666666663 -780.0000000000001
506.66666666666663 -777.5000000000001
505.0 -775.8333333333335
504.99999999999994 -775.0000000000001
504.16666666666663 -774.1666666666669
507.49999999999994 -778.3333333333335
505.8333333333333 -776.6666666666669
509.16666666666663 -780.0000000000001
506.66666666666663 -777.5000000000001
505.0 -775.8333333333335
504.99999999999994 -775.0000000000001
504.16666666666663 -774.1666666666669
507.49999999999994 -778.3333333333335
505.8333333333333 -776.6666666666669
509.16666666666663 -780.0000000000001
506.66666666666663 -777.5000000000001
505.0 -775.8333333333335
504.99999999999994 -775.0000000000001
504.16666666666663 -774.1666666666669
507.49999999999994 -778.3333333333335
505.8333333333333 -776.6666666666669
506.66666666666663 -777.5000000000001
509.16666666666663 -780.0000000000001
504.99999999999994 -775.0000000000001
504.16666666666663 -774.1666666666669
507.49999999999994 -778.3333333333335
505.8333333333333 -776.6666666666669
509.16666666666663 -780.0000000000001
506.66666666666663 -777.5000000000001
504.99999999999994 -775.0000000000001
504.16666666666663 -774.1666666666669
507.49999999999994 -778.3333333333335
505.8333333333333 -776.6666666666669
509.16666666666663 -780.0000000000001
506.66666666666663 -777.5000000000001
504.99999999999994 -775.0000000000001
504.16666666666663 -774.1666666666669
507.49999999999994 -778.3333333333335
505.8333333333333 -776.6666666666669
506.66666666666663 -777.5000000000001
509.16666666666663 -780.0000000000001
504.99999999999994 -775.0000000000001
504.16666666666663 -774.1666666666669
507.49999999999994 -778.3333333333335
509.16666666666663 -780.0000000000001
506.66666666666663 -777.5000000000001
504.99999999999994 -775.0000000000001
504.16666666666663 -774.1666666666669
507.49999999999994 -778.3333333333335
506.66666666666663 -777.5000000000001
504.99999999999994 -775.0000000000001
504.16666666666663 -774.1666666666669
507.49999999999994 -778.3333333333335
504.99999999999994 -775.0000000000001
507.49999999999994 -778.3333333333335
504.99999999999994 -775.0000000000001
507.49999999999994 -778.3333333333335
506.66666666666663 -777.5000000000001
504.16666666666663 -774.1666666666669
506.66666666666663 -777.5000000000001
506.66666666666663 -777.5000000000001
504.16666666666663 -774.1666666666669
507.49999999999994 -778.3333333333335
507.49999999999994 -778.3333333333335
504.99999999999994 -775.0000000000001
507.49999999999994 -778.3333333333335
506.66666666666663 -777.5000000000001
506.66666666666663 -777.5000000000001
506.66666666666663 -777.5000000000001
506.66666666666663 -777.5000000000001
507.49999999999994 -778.3333333333335
507.49999999999994 -778.3333333333335
507.49999999999994 -778.3333333333335
506.66666666666663 -777.5000000000001
507.49999999999994 -778.3333333333335
507.49999999999994 -778.3333333333335
506.66666666666663 -777.5000000000001
506.66666666666663 -777.5000000000001
507.49999999999994 -778.3333333333335
507.49999999999994 -778.3333333333335
509.16666666666663 -780.0000000000001
507.49999999999994 -778.3333333333335
507.49999999999994 -778.3333333333335
504.99999999999994 -775.0000000000001
505.8333333333333 -776.6666666666669
506.66666666666663 -777.5000000000001
506.66666666666663 -777.5000000000001
509.16666666666663 -780.0000000000001
506.66666666666663 -777.5000000000001
507.49999999999994 -778.3333333333335
507.49999999999994 -778.3333333333335
504.16666666666663 -774.1666666666669
504.99999999999994 -775.0000000000001
504.99999999999994 -775.0000000000001
507.49999999999994 -778.3333333333335
505.0 -775.8333333333335
504.16666666666663 -774.1666666666669
507.49999999999994 -778.3333333333335
506.66666666666663 -777.5000000000001
506.66666666666663 -777.5000000000001
505.0 -775.8333333333335
509.16666666666663 -780.0000000000001
509.16666666666663 -780.0000000000001
504.99999999999994 -775.0000000000001
505.0 -775.8333333333335
505.0 -775.8333333333335
506.66666666666663 -777.5000000000001
505.8333333333333 -776.6666666666669
505.0 -775.8333333333335
504.99999999999994 -775.0000000000001
506.66666666666663 -777.5000000000001
507.49999999999994 -778.3333333333335
504.99999999999994 -775.0000000000001
506.66666666666663 -777.5000000000001
507.49999999999994 -778.3333333333335
504.16666666666663 -774.1666666666669
504.99999999999994 -775.0000000000001
507.49999999999994 -778.3333333333335
507.49999999999994 -778.3333333333335
504.99999999999994 -775.0000000000001
507.49999999999994 -778.3333333333335
504.99999999999994 -775.0000000000001
504.16666666666663 -774.1666666666669
504.99999999999994 -775.0000000000001
506.66666666666663 -777.5000000000001
504.16666666666663 -774.1666666666669
509.16666666666663 -780.0000000000001
504.99999999999994 -775.0000000000001
507.49999999999994 -778.3333333333335
506.66666666666663 -777.5000000000001
506.66666666666663 -777.5000000000001
506.66666666666663 -777.5000000000001
507.49999999999994 -778.3333333333335
507.49999999999994 -778.3333333333335
509.16666666666663 -780.0000000000001
509.16666666666663 -780.0000000000001
506.66666666666663 -777.5000000000001
507.49999999999994 -778.3333333333335
507.49999999999994 -778.3333333333335
507.49999999999994 -778.3333333333335
504.99999999999994 -775.0000000000001
506.66666666666663 -777.5000000000001
507.49999999999994 -778.3333333333335
506.66666666666663 -777.5000000000001
