502.5 -748.3333333333336
520.8333333333333 -790.8333333333335
520.8333333333333 -790.8333333333335
518.3333333333333 -789.1666666666669
514.1666666666665 -786.6666666666669
509.99999999999994 -782.5000000000002
513.3333333333333 -785.8333333333335
504.99999999999994 -775.8333333333336
509.99999999999994 -782.5000000000002
507.49999999999994 -780.8333333333335
507.49999999999994 -780.8333333333335
507.49999999999994 -780.8333333333335
509.16666666666663 -780.8333333333336
507.49999999999994 -780.8333333333335
513.3333333333333 -785.8333333333335
507.49999999999994 -780.8333333333335
506.66666666666663 -778.3333333333336
507.49999999999994 -780.8333333333335
506.66666666666663 -778.3333333333336
507.49999999999994 -780.8333333333335
509.99999999999994 -782.5000000000002
506.66666666666663 -778.3333333333336
514.1666666666665 -786.6666666666669
507.49999999999994 -780.8333333333335
507.49999999999994 -780.8333333333335
509.99999999999994 -782.5000000000002
513.3333333333333 -785.8333333333335
504.99999999999994 -775.8333333333336
506.66666666666663 -778.3333333333336
506.66666666666663 -778.3333333333336
505.8333333333333 -777.5000000000002
510.83333333333326 -785.0000000000001
506.66666666666663 -778.3333333333336
514.1666666666665 -786.6666666666669
506.66666666666663 -778.3333333333336
504.16666666666663 -775.0000000000002
509.99999999999994 -782.5000000000002
504.99999999999994 -775.8333333333336
504.16666666666663 -775.0000000000002
