502.5 -748.3333333333336
520.8333333333333 -790.8333333333335
520.8333333333333 -790.8333333333335
518.3333333333333 -789.1666666666669
514.1666666666665 -786.6666666666669
509.99999999999994 -782.5000000000002
513.3333333333333 -785.8333333333335
504.99999999999994 -775.8333333333336
509.99999999999994 -782.5000000000002
513.3333333333333 -785.8333333333335
509.99999999999994 -782.5000000000002
514.1666666666665 -786.6666666666669
509.99999999999994 -782.5000000000002
513.3333333333333 -785.8333333333335
504.99999999999994 -775.8333333333336
505.8333333333333 -777.5000000000002
510.83333333333326 -785.0000000000001
514.1666666666665 -786.6666666666669
504.16666666666663 -775.0000000000002
509.99999999999994 -782.5000000000002
504.99999999999994 -775.8333333333336
504.16666666666663 -775.0000000000002
512.5 -785.0000000000002
504.16666666666663 -775.0000000000002
507.49999999999994 -781.6666666666669
510.83333333333326 -785.0000000000001
504.16666666666663 -775.0000000000002
506.66666666666663 -780.0000000000001
505.8333333333333 -777.5000000000002
504.99999999999994 -775.8333333333336
505.0 -776.6666666666669
504.99999999999994 -775.8333333333336
505.0 -776.6666666666669
503.3333333333333 -749.166666666667
504.16666666666663 -775.0000000000002
504.16666666666663 -775.0000000000002
504.16666666666663 -775.0000000000002
505.0 -776.6666666666669
504.16666666666663 -775.0000000000002
504.99999999999994 -775.8333333333336
504.16666666666663 -775.0000000000002
504.16666666666663 -775.0000000000002
505.8333333333333 -777.5000000000002
504.99999999999994 -775.8333333333336
507.49999999999994 -781.6666666666669
504.16666666666663 -775.0000000000002
505.0 -776.6666666666669
504.16666666666663 -775.0000000000002
504.16666666666663 -775.0000000000002
510.83333333333326 -785.0000000000001
504.16666666666663 -775.0000000000002
504.16666666666663 -775.0000000000002
504.16666666666663 -775.0000000000002
504.16666666666663 -775.0000000000002
505.0 -776.6666666666669
504.99999999999994 -775.8333333333336
506.66666666666663 -780.0000000000001
504.99999999999994 -775.8333333333336
504.16666666666663 -775.0000000000002
