502.5 -748.3333333333336
521.6666666666665 -791.6666666666669
503.3333333333333 -749.166666666667
504.16666666666663 -777.5000000000002
509.99999999999994 -787.5000000000002
516.6666666666666 -788.3333333333336
520.0 -790.8333333333336
509.16666666666663 -783.3333333333336
518.3333333333333 -790.0000000000001
507.49999999999994 -781.6666666666669
507.49999999999994 -781.6666666666669
509.16666666666663 -783.3333333333336
504.99999999999994 -778.3333333333336
505.8333333333333 -780.0000000000002
505.8333333333333 -780.0000000000002
504.99999999999994 -778.3333333333336
516.6666666666666 -788.3333333333336
517.5 -789.1666666666669
504.16666666666663 -777.5000000000002
503.3333333333333 -749.166666666667
506.66666666666663 -780.8333333333336
518.3333333333333 -790.0000000000001
506.66666666666663 -780.8333333333336
517.5 -789.1666666666669
507.49999999999994 -781.6666666666669
509.16666666666663 -783.3333333333336
505.8333333333333 -780.0000000000002
504.99999999999994 -778.3333333333336
504.16666666666663 -777.5000000000002
503.3333333333333 -749.166666666667
518.3333333333333 -790.0000000000001
506.66666666666663 -780.8333333333336
517.5 -789.1666666666669
507.49999999999994 -781.6666666666669
509.16666666666663 -783.3333333333336
505.8333333333333 -780.0000000000002
504.99999999999994 -778.3333333333336
504.16666666666663 -777.5000000000002
503.3333333333333 -749.166666666667
518.3333333333333 -790.0000000000001
506.66666666666663 -780.8333333333336
517.5 -789.1666666666669
507.49999999999994 -781.6666666666669
509.16666666666663 -783.3333333333336
517.5 -789.1666666666669
505.8333333333333 -780.0000000000002
504.99999999999994 -778.3333333333336
504.16666666666663 -777.5000000000002
503.3333333333333 -749.166666666667
506.66666666666663 -780.8333333333336
518.3333333333333 -790.0000000000001
507.49999999999994 -781.6666666666669
507.49999999999994 -781.6666666666669
507.49999999999994 -781.6666666666669
507.49999999999994 -781.6666666666669
507.49999999999994 -781.6666666666669
507.49999999999994 -781.6666666666669
506.66666666666663 -780.8333333333336
507.49999999999994 -781.6666666666669
507.49999999999994 -781.6666666666669
507.49999999999994 -781.6666666666669
507.49999999999994 -781.6666666666669
507.49999999999994 -781.6666666666669
506.66666666666663 -780.8333333333336
506.66666666666663 -780.8333333333336
507.49999999999994 -781.6666666666669
507.49999999999994 -781.6666666666669
507.49999999999994 -781.6666666666669
506.66666666666663 -780.8333333333336
507.49999999999994 -781.6666666666669
506.66666666666663 -780.8333333333336
507.49999999999994 -781.6666666666669
506.66666666666663 -780.8333333333336
506.66666666666663 -780.8333333333336
506.66666666666663 -780.8333333333336
503.3333333333333 -749.166666666667
506.66666666666663 -780.8333333333336
507.49999999999994 -781.6666666666669
507.49999999999994 -781.6666666666669
507.49999999999994 -781.6666666666669
506.66666666666663 -780.8333333333336
506.66666666666663 -780.8333333333336
505.8333333333333 -780.0000000000002
506.66666666666663 -780.8333333333336
507.49999999999994 -781.6666666666669
507.49999999999994 -781.6666666666669
507.49999999999994 -781.6666666666669
506.66666666666663 -780.8333333333336
506.66666666666663 -780.8333333333336
506.66666666666663 -780.8333333333336
507.49999999999994 -781.6666666666669
506.66666666666663 -780.8333333333336
506.66666666666663 -780.8333333333336
507.49999999999994 -781.6666666666669
507.49999999999994 -781.6666666666669
506.66666666666663 -780.8333333333336
507.49999999999994 -781.6666666666669
504.16666666666663 -777.5000000000002
504.99999999999994 -778.3333333333336
506.66666666666663 -780.8333333333336
506.66666666666663 -780.8333333333336
507.49999999999994 -781.6666666666669
507.49999999999994 -781.6666666666669
506.66666666666663 -780.8333333333336
507.49999999999994 -781.6666666666669
507.49999999999994 -781.6666666666669
507.49999999999994 -781.6666666666669
503.3333333333333 -749.166666666667
506.66666666666663 -780.8333333333336
505.8333333333333 -780.0000000000002
507.49999999999994 -781.6666666666669
504.16666666666663 -777.5000000000002
507.49999999999994 -781.6666666666669
506.66666666666663 -780.8333333333336
507.49999999999994 -781.6666666666669
506.66666666666663 -780.8333333333336
507.49999999999994 -781.6666666666669
503.3333333333333 -749.166666666667
505.8333333333333 -780.0000000000002
506.66666666666663 -780.8333333333336
506.66666666666663 -780.8333333333336
504.16666666666663 -777.5000000000002
503.3333333333333 -749.166666666667
506.66666666666663 -780.8333333333336
505.8333333333333 -780.0000000000002
506.66666666666663 -780.8333333333336
506.66666666666663 -780.8333333333336
506.66666666666663 -780.8333333333336
506.66666666666663 -780.8333333333336
507.49999999999994 -781.6666666666669
506.66666666666663 -780.8333333333336
507.49999999999994 -781.6666666666669
506.66666666666663 -780.8333333333336
504.16666666666663 -777.5000000000002
518.3333333333333 -790.0000000000001
507.49999999999994 -781.6666666666669
506.66666666666663 -780.8333333333336
507.49999999999994 -781.6666666666669
506.66666666666663 -780.8333333333336
506.66666666666663 -780.8333333333336
507.49999999999994 -781.6666666666669
504.16666666666663 -777.5000000000002
507.49999999999994 -781.6666666666669
506.66666666666663 -780.8333333333336
506.66666666666663 -780.8333333333336
507.49999999999994 -781.6666666666669
507.49999999999994 -781.6666666666669
507.49999999999994 -781.6666666666669
506.66666666666663 -780.8333333333336
506.66666666666663 -780.8333333333336
507.49999999999994 -781.6666666666669
506.66666666666663 -780.8333333333336
507.49999999999994 -781.6666666666669
506.66666666666663 -780.8333333333336
505.8333333333333 -780.0000000000002
506.66666666666663 -780.8333333333336
517.5 -789.1666666666669
504.16666666666663 -777.5000000000002
506.66666666666663 -780.8333333333336
506.66666666666663 -780.8333333333336
506.66666666666663 -780.8333333333336
509.16666666666663 -783.3333333333336
506.66666666666663 -780.8333333333336
506.66666666666663 -780.8333333333336
509.16666666666663 -783.3333333333336
507.49999999999994 -781.6666666666669
507.49999999999994 -781.6666666666669
506.66666666666663 -780.8333333333336
505.8333333333333 -780.0000000000002
517.5 -789.1666666666669
505.8333333333333 -780.0000000000002
505.8333333333333 -780.0000000000002
504.16666666666663 -777.5000000000002
506.66666666666663 -780.8333333333336
507.49999999999994 -781.6666666666669
504.16666666666663 -777.5000000000002
504.16666666666663 -777.5000000000002
506.66666666666663 -780.8333333333336
504.16666666666663 -777.5000000000002
507.49999999999994 -781.6666666666669
506.66666666666663 -780.8333333333336
506.66666666666663 -780.8333333333336
517.5 -789.1666666666669
507.49999999999994 -781.6666666666669
506.66666666666663 -780.8333333333336
504.16666666666663 -777.5000000000002
518.3333333333333 -790.0000000000001
505.8333333333333 -780.0000000000002
507.49999999999994 -781.6666666666669
506.66666666666663 -780.8333333333336
506.66666666666663 -780.8333333333336
505.8333333333333 -780.0000000000002
506.66666666666663 -780.8333333333336
507.49999999999994 -781.6666666666669
507.49999999999994 -781.6666666666669
506.66666666666663 -780.8333333333336
507.49999999999994 -781.6666666666669
505.8333333333333 -780.0000000000002
507.49999999999994 -781.6666666666669
506.66666666666663 -780.8333333333336
