505.8333333333333 -785.0000000000002
506.66666666666663 -785.8333333333336
503.3333333333333 -781.6666666666669
515.8333333333333 -791.6666666666669
505.8333333333333 -785.0000000000002
504.16666666666663 -782.5000000000002
515.8333333333333 -791.6666666666669
504.16666666666663 -782.5000000000002
506.66666666666663 -785.8333333333336
506.66666666666663 -785.8333333333336
504.16666666666663 -782.5000000000002
505.8333333333333 -785.0000000000002
504.16666666666663 -782.5000000000002
506.66666666666663 -785.8333333333336
506.66666666666663 -785.8333333333336
506.66666666666663 -785.8333333333336
503.3333333333333 -781.6666666666669
503.3333333333333 -781.6666666666669
505.8333333333333 -785.0000000000002
506.66666666666663 -785.8333333333336
504.16666666666663 -782.5000000000002
506.66666666666663 -785.8333333333336
505.8333333333333 -785.0000000000002
504.16666666666663 -782.5000000000002
505.8333333333333 -785.0000000000002
506.66666666666663 -785.8333333333336
506.66666666666663 -785.8333333333336
506.66666666666663 -785.8333333333336
505.8333333333333 -785.0000000000002
505.8333333333333 -785.0000000000002
505.8333333333333 -785.0000000000002
505.8333333333333 -785.0000000000002
505.8333333333333 -785.0000000000002
503.3333333333333 -781.6666666666669
506.66666666666663 -785.8333333333336
504.16666666666663 -782.5000000000002
506.66666666666663 -785.8333333333336
506.66666666666663 -785.8333333333336
506.66666666666663 -785.8333333333336
506.66666666666663 -785.8333333333336
510.8333333333333 -789.1666666666669
505.8333333333333 -785.0000000000002
506.66666666666663 -785.8333333333336
505.8333333333333 -785.0000000000002
504.16666666666663 -782.5000000000002
503.3333333333333 -781.6666666666669
505.8333333333333 -785.0000000000002
505.8333333333333 -785.0000000000002
506.66666666666663 -785.8333333333336
505.8333333333333 -785.0000000000002
517.5 -794.1666666666669
503.3333333333333 -781.6666666666669
506.66666666666663 -785.8333333333336
506.66666666666663 -785.8333333333336
505.8333333333333 -785.0000000000002
505.8333333333333 -785.0000000000002
517.5 -794.1666666666669
511.66666666666663 -790.0000000000003
505.8333333333333 -785.0000000000002
505.8333333333333 -785.0000000000002
505.8333333333333 -785.0000000000002
505.8333333333333 -785.0000000000002
506.66666666666663 -785.8333333333336
514.1666666666666 -790.8333333333336
506.66666666666663 -785.8333333333336
506.66666666666663 -785.8333333333336
516.6666666666666 -793.3333333333336
506.66666666666663 -785.8333333333336
517.5 -794.1666666666669
504.16666666666663 -782.5000000000002
506.66666666666663 -785.8333333333336
506.66666666666663 -785.8333333333336
504.16666666666663 -782.5000000000002
505.0 -784.1666666666669
501.66666666666663 -776.666666666667
505.8333333333333 -785.0000000000002
506.66666666666663 -785.8333333333336
505.0 -784.1666666666669
516.6666666666666 -793.3333333333336
506.66666666666663 -785.8333333333336
506.66666666666663 -785.8333333333336
506.66666666666663 -785.8333333333336
506.66666666666663 -785.8333333333336
516.6666666666666 -793.3333333333336
506.66666666666663 -785.8333333333336
504.16666666666663 -782.5000000000002
503.3333333333333 -781.6666666666669
506.66666666666663 -785.8333333333336
519.1666666666665 -794.166666666667
517.5 -794.1666666666669
517.5 -794.1666666666669
505.8333333333333 -785.0000000000002
506.66666666666663 -785.8333333333336
504.16666666666663 -782.5000000000002
503.3333333333333 -781.6666666666669
506.66666666666663 -785.8333333333336
506.66666666666663 -785.8333333333336
509.16666666666663 -788.3333333333336
505.8333333333333 -785.0000000000002
517.5 -794.1666666666669
506.66666666666663 -785.8333333333336
504.16666666666663 -782.5000000000002
507.49999999999994 -786.666666666667
505.8333333333333 -785.0000000000002
516.6666666666666 -793.3333333333336
506.66666666666663 -785.8333333333336
505.8333333333333 -785.0000000000002
506.66666666666663 -785.8333333333336
505.8333333333333 -785.0000000000002
505.8333333333333 -785.0000000000002
504.16666666666663 -782.5000000000002
516.6666666666666 -793.3333333333336
505.8333333333333 -785.0000000000002
510.8333333333333 -789.1666666666669
506.66666666666663 -785.8333333333336
505.8333333333333 -785.0000000000002
505.0 -784.1666666666669
505.8333333333333 -785.0000000000002
506.66666666666663 -785.8333333333336
506.66666666666663 -785.8333333333336
516.6666666666666 -793.3333333333336
517.5 -794.1666666666669
506.66666666666663 -785.8333333333336
505.8333333333333 -785.0000000000002
511.66666666666663 -790.0000000000003
516.6666666666666 -793.3333333333336
506.66666666666663 -785.8333333333336
503.3333333333333 -781.6666666666669
517.5 -794.1666666666669
510.8333333333333 -789.1666666666669
520.8333333333333 -795.8333333333336
506.66666666666663 -785.8333333333336
516.6666666666666 -793.3333333333336
501.66666666666663 -776.666666666667
511.6666666666666 -789.166666666667
516.6666666666666 -793.3333333333336
506.66666666666663 -785.8333333333336
506.66666666666663 -785.8333333333336
506.66666666666663 -785.8333333333336
505.8333333333333 -785.0000000000002
506.66666666666663 -785.8333333333336
506.66666666666663 -785.8333333333336
516.6666666666666 -793.3333333333336
503.3333333333333 -781.6666666666669
503.3333333333333 -781.6666666666669
510.8333333333333 -789.1666666666669
503.3333333333333 -781.6666666666669
505.8333333333333 -785.0000000000002
505.8333333333333 -785.0000000000002
505.8333333333333 -785.0000000000002
506.66666666666663 -785.8333333333336
506.66666666666663 -785.8333333333336
506.66666666666663 -785.8333333333336
511.6666666666666 -789.166666666667
506.66666666666663 -785.8333333333336
517.5 -794.1666666666669
516.6666666666666 -793.3333333333336
506.66666666666663 -785.8333333333336
506.66666666666663 -785.8333333333336
516.6666666666666 -793.3333333333336
503.3333333333333 -781.6666666666669
506.66666666666663 -785.8333333333336
517.5 -794.1666666666669
506.66666666666663 -785.8333333333336
505.8333333333333 -785.0000000000002
