501.66666666666663 -780.0000000000002
520.8333333333333 -799.166666666667
501.66666666666663 -780.0000000000002
508.3333333333333 -791.666666666667
510.0 -793.3333333333337
502.49999999999994 -780.8333333333336
503.3333333333333 -785.0000000000002
512.5 -795.0000000000003
515.8333333333333 -796.6666666666669
515.8333333333333 -796.6666666666669
518.3333333333333 -796.666666666667
512.5 -795.0000000000003
510.8333333333333 -794.166666666667
504.16666666666663 -785.8333333333336
505.0 -787.5000000000002
503.3333333333333 -785.0000000000002
505.0 -787.5000000000002
520.0 -798.3333333333336
502.49999999999994 -780.8333333333336
504.16666666666663 -785.8333333333336
519.1666666666666 -797.5000000000003
510.8333333333333 -794.166666666667
507.49999999999994 -789.166666666667
507.5 -790.0000000000003
505.8333333333333 -788.3333333333336
507.5 -790.0000000000003
519.1666666666666 -797.5000000000003
505.8333333333333 -788.3333333333336
506.66666666666663 -789.1666666666669
520.0 -798.3333333333336
518.3333333333333 -796.666666666667
506.66666666666663 -789.1666666666669
507.49999999999994 -789.166666666667
501.66666666666663 -780.0000000000002
503.3333333333333 -785.0000000000002
505.0 -787.5000000000002
502.49999999999994 -780.8333333333336
504.16666666666663 -785.8333333333336
519.1666666666666 -797.5000000000003
505.8333333333333 -788.3333333333336
507.5 -790.0000000000003
520.0 -798.3333333333336
518.3333333333333 -796.666666666667
506.66666666666663 -789.1666666666669
507.49999999999994 -789.166666666667
501.66666666666663 -780.0000000000002
503.3333333333333 -785.0000000000002
505.0 -787.5000000000002
504.16666666666663 -785.8333333333336
519.1666666666666 -797.5000000000003
505.8333333333333 -788.3333333333336
507.5 -790.0000000000003
520.0 -798.3333333333336
518.3333333333333 -796.666666666667
506.66666666666663 -789.1666666666669
507.49999999999994 -789.166666666667
501.66666666666663 -780.0000000000002
503.3333333333333 -785.0000000000002
505.0 -787.5000000000002
504.16666666666663 -785.8333333333336
519.1666666666666 -797.5000000000003
505.8333333333333 -788.3333333333336
507.5 -790.0000000000003
520.0 -798.3333333333336
518.3333333333333 -796.666666666667
506.66666666666663 -789.1666666666669
507.49999999999994 -789.166666666667
501.66666666666663 -780.0000000000002
503.3333333333333 -785.0000000000002
505.0 -787.5000000000002
504.16666666666663 -785.8333333333336
519.1666666666666 -797.5000000000003
505.8333333333333 -788.3333333333336
507.5 -790.0000000000003
520.0 -798.3333333333336
518.3333333333333 -796.666666666667
506.66666666666663 -789.1666666666669
507.49999999999994 -789.166666666667
503.3333333333333 -785.0000000000002
505.0 -787.5000000000002
504.16666666666663 -785.8333333333336
519.1666666666666 -797.5000000000003
505.8333333333333 -788.3333333333336
507.5 -790.0000000000003
520.0 -798.3333333333336
518.3333333333333 -796.666666666667
506.66666666666663 -789.1666666666669
507.49999999999994 -789.166666666667
503.3333333333333 -785.0000000000002
505.0 -787.5000000000002
504.16666666666663 -785.8333333333336
519.1666666666666 -797.5000000000003
505.8333333333333 -788.3333333333336
507.5 -790.0000000000003
520.0 -798.3333333333336
518.3333333333333 -796.666666666667
506.66666666666663 -789.1666666666669
507.49999999999994 -789.166666666667
503.3333333333333 -785.0000000000002
505.0 -787.5000000000002
504.16666666666663 -785.8333333333336
519.1666666666666 -797.5000000000003
505.8333333333333 -788.3333333333336
507.5 -790.0000000000003
520.0 -798.3333333333336
518.3333333333333 -796.666666666667
506.66666666666663 -789.1666666666669
507.49999999999994 -789.166666666667
503.3333333333333 -785.0000000000002
505.0 -787.5000000000002
504.16666666666663 -785.8333333333336
519.1666666666666 -797.5000000000003
505.8333333333333 -788.3333333333336
507.5 -790.0000000000003
520.0 -798.3333333333336
518.3333333333333 -796.666666666667
506.66666666666663 -789.1666666666669
507.49999999999994 -789.166666666667
503.3333333333333 -785.0000000000002
505.0 -787.5000000000002
504.16666666666663 -785.8333333333336
519.1666666666666 -797.5000000000003
505.8333333333333 -788.3333333333336
507.5 -790.0000000000003
520.0 -798.3333333333336
518.3333333333333 -796.666666666667
506.66666666666663 -789.1666666666669
507.49999999999994 -789.166666666667
503.3333333333333 -785.0000000000002
505.0 -787.5000000000002
504.16666666666663 -785.8333333333336
519.1666666666666 -797.5000000000003
505.8333333333333 -788.3333333333336
507.5 -790.0000000000003
520.0 -798.3333333333336
506.66666666666663 -789.1666666666669
507.49999999999994 -789.166666666667
503.3333333333333 -785.0000000000002
505.0 -787.5000000000002
504.16666666666663 -785.8333333333336
505.8333333333333 -788.3333333333336
507.5 -790.0000000000003
506.66666666666663 -789.1666666666669
507.49999999999994 -789.166666666667
503.3333333333333 -785.0000000000002
505.0 -787.5000000000002
504.16666666666663 -785.8333333333336
505.8333333333333 -788.3333333333336
507.5 -790.0000000000003
506.66666666666663 -789.1666666666669
507.49999999999994 -789.166666666667
503.3333333333333 -785.0000000000002
505.0 -787.5000000000002
504.16666666666663 -785.8333333333336
505.8333333333333 -788.3333333333336
507.5 -790.0000000000003
506.66666666666663 -789.1666666666669
507.49999999999994 -789.166666666667
503.3333333333333 -785.0000000000002
505.0 -787.5000000000002
504.16666666666663 -785.8333333333336
507.5 -790.0000000000003
506.66666666666663 -789.1666666666669
505.8333333333333 -788.3333333333336
519.1666666666666 -797.5000000000003
502.49999999999994 -780.8333333333336
507.49999999999994 -789.166666666667
505.8333333333333 -788.3333333333336
505.0 -787.5000000000002
505.8333333333333 -788.3333333333336
507.5 -790.0000000000003
505.8333333333333 -788.3333333333336
506.66666666666663 -789.1666666666669
504.16666666666663 -785.8333333333336
519.1666666666666 -797.5000000000003
507.5 -790.0000000000003
505.8333333333333 -788.3333333333336
507.5 -790.0000000000003
520.0 -798.3333333333336
507.49999999999994 -789.166666666667
504.16666666666663 -785.8333333333336
504.16666666666663 -785.8333333333336
507.5 -790.0000000000003
505.0 -787.5000000000002
503.3333333333333 -785.0000000000002
504.16666666666663 -785.8333333333336
504.16666666666663 -785.8333333333336
505.8333333333333 -788.3333333333336
507.5 -790.0000000000003
503.3333333333333 -785.0000000000002
505.0 -787.5000000000002
505.8333333333333 -788.3333333333336
519.1666666666666 -797.5000000000003
507.5 -790.0000000000003
503.3333333333333 -785.0000000000002
505.8333333333333 -788.3333333333336
505.8333333333333 -788.3333333333336
520.0 -798.3333333333336
507.5 -790.0000000000003
506.66666666666663 -789.1666666666669
