501.6666666666666 -780.8333333333336
501.6666666666666 -780.8333333333336
519.9999999999999 -801.666666666667
519.9999999999999 -801.666666666667
503.3333333333332 -782.5000000000003
503.33333333333326 -785.8333333333336
512.4999999999999 -796.666666666667
509.9999999999999 -794.166666666667
507.4999999999999 -790.8333333333336
504.1666666666666 -786.6666666666669
508.33333333333326 -792.5000000000002
511.6666666666666 -795.8333333333336
502.4999999999999 -781.666666666667
502.4999999999999 -781.666666666667
510.83333333333326 -795.0000000000003
510.83333333333326 -795.0000000000003
518.3333333333333 -799.166666666667
518.3333333333333 -799.166666666667
504.9999999999999 -786.666666666667
511.6666666666666 -795.8333333333336
505.8333333333332 -787.5000000000003
504.99999999999994 -787.5000000000002
506.66666666666663 -790.0000000000002
512.4999999999999 -796.666666666667
506.66666666666663 -790.0000000000002
504.99999999999994 -787.5000000000002
505.8333333333332 -787.5000000000003
504.9999999999999 -786.666666666667
519.9999999999999 -801.666666666667
502.4999999999999 -781.666666666667
518.3333333333333 -799.166666666667
511.6666666666666 -795.8333333333336
512.4999999999999 -796.666666666667
506.66666666666663 -790.0000000000002
504.99999999999994 -787.5000000000002
505.8333333333332 -787.5000000000003
504.9999999999999 -786.666666666667
511.6666666666666 -795.8333333333336
502.4999999999999 -781.666666666667
518.3333333333333 -799.166666666667
512.4999999999999 -796.666666666667
506.66666666666663 -790.0000000000002
504.99999999999994 -787.5000000000002
505.8333333333332 -787.5000000000003
504.9999999999999 -786.666666666667
502.4999999999999 -781.666666666667
518.3333333333333 -799.166666666667
504.9999999999999 -786.666666666667
504.99999999999994 -787.5000000000002
506.66666666666663 -790.0000000000002
505.8333333333332 -787.5000000000003
502.4999999999999 -781.666666666667
518.3333333333333 -799.166666666667
504.9999999999999 -786.666666666667
506.66666666666663 -790.0000000000002
504.99999999999994 -787.5000000000002
505.8333333333332 -787.5000000000003
502.4999999999999 -781.666666666667
504.9999999999999 -786.666666666667
506.66666666666663 -790.0000000000002
504.99999999999994 -787.5000000000002
502.4999999999999 -781.666666666667
504.9999999999999 -786.666666666667
504.99999999999994 -787.5000000000002
506.66666666666663 -790.0000000000002
502.4999999999999 -781.666666666667
504.9999999999999 -786.666666666667
504.99999999999994 -787.5000000000002
506.66666666666663 -790.0000000000002
502.4999999999999 -781.666666666667
504.9999999999999 -786.666666666667
506.66666666666663 -790.0000000000002
504.99999999999994 -787.5000000000002
502.4999999999999 -781.666666666667
504.9999999999999 -786.666666666667
506.66666666666663 -790.0000000000002
504.99999999999994 -787.5000000000002
504.9999999999999 -786.666666666667
504.99999999999994 -787.5000000000002
506.66666666666663 -790.0000000000002
504.99999999999994 -787.5000000000002
504.9999999999999 -786.666666666667
506.66666666666663 -790.0000000000002
504.99999999999994 -787.5000000000002
506.66666666666663 -790.0000000000002
504.9999999999999 -786.666666666667
504.99999999999994 -787.5000000000002
506.66666666666663 -790.0000000000002
504.99999999999994 -787.5000000000002
506.66666666666663 -790.0000000000002
506.66666666666663 -790.0000000000002
504.99999999999994 -787.5000000000002
504.9999999999999 -786.666666666667
509.1666666666666 -793.3333333333336
504.9999999999999 -786.666666666667
502.4999999999999 -781.666666666667
513.3333333333333 -797.5000000000003
504.99999999999994 -787.5000000000002
519.1666666666665 -800.8333333333336
504.99999999999994 -787.5000000000002
518.3333333333333 -799.166666666667
512.4999999999999 -796.666666666667
508.3333333333332 -791.666666666667
504.99999999999994 -787.5000000000002
504.99999999999994 -787.5000000000002
504.9999999999999 -786.666666666667
504.99999999999994 -787.5000000000002
506.66666666666663 -790.0000000000002
501.6666666666666 -780.8333333333336
504.99999999999994 -787.5000000000002
505.8333333333332 -787.5000000000003
506.66666666666663 -790.0000000000002
507.4999999999999 -790.8333333333336
504.99999999999994 -787.5000000000002
519.1666666666665 -800.8333333333336
511.6666666666666 -795.8333333333336
519.1666666666665 -800.8333333333336
506.66666666666663 -790.0000000000002
504.9999999999999 -786.666666666667
504.99999999999994 -787.5000000000002
512.4999999999999 -796.666666666667
516.6666666666665 -798.3333333333336
505.83333333333326 -789.166666666667
507.4999999999999 -790.8333333333336
504.99999999999994 -787.5000000000002
506.66666666666663 -790.0000000000002
504.9999999999999 -786.666666666667
505.8333333333332 -787.5000000000003
504.9999999999999 -786.666666666667
516.6666666666665 -798.3333333333336
512.4999999999999 -796.666666666667
504.99999999999994 -787.5000000000002
504.9999999999999 -786.666666666667
501.6666666666666 -780.8333333333336
504.9999999999999 -786.666666666667
516.6666666666665 -798.3333333333336
