501.6666666666666 -780.8333333333336
501.6666666666666 -780.8333333333336
519.9999999999999 -801.666666666667
519.9999999999999 -801.666666666667
503.3333333333332 -782.5000000000003
503.33333333333326 -785.8333333333336
512.4999999999999 -796.666666666667
509.9999999999999 -794.166666666667
511.6666666666666 -795.8333333333336
510.83333333333326 -795.0000000000003
510.83333333333326 -795.0000000000003
511.6666666666666 -795.8333333333336
512.4999999999999 -796.666666666667
519.9999999999999 -801.666666666667
511.6666666666666 -795.8333333333336
512.4999999999999 -796.666666666667
511.6666666666666 -795.8333333333336
512.4999999999999 -796.666666666667
513.3333333333333 -797.5000000000003
519.1666666666665 -800.8333333333336
512.4999999999999 -796.666666666667
501.6666666666666 -780.8333333333336
519.1666666666665 -800.8333333333336
511.6666666666666 -795.8333333333336
519.1666666666665 -800.8333333333336
512.4999999999999 -796.666666666667
505.83333333333326 -789.166666666667
512.4999999999999 -796.666666666667
501.6666666666666 -780.8333333333336
513.3333333333333 -797.5000000000003
511.6666666666666 -795.8333333333336
519.1666666666665 -800.8333333333336
519.1666666666665 -800.8333333333336
519.9999999999999 -801.666666666667
519.9999999999999 -801.666666666667
512.4999999999999 -796.666666666667
503.3333333333332 -782.5000000000003
503.3333333333332 -782.5000000000003
512.4999999999999 -796.666666666667
510.83333333333326 -795.0000000000003
519.9999999999999 -801.666666666667
511.6666666666666 -795.8333333333336
511.6666666666666 -795.8333333333336
510.83333333333326 -795.0000000000003
511.6666666666666 -795.8333333333336
504.99999999999994 -788.3333333333336
511.6666666666666 -795.8333333333336
507.49999999999994 -791.666666666667
510.83333333333326 -795.0000000000003
512.4999999999999 -796.666666666667
505.83333333333326 -789.166666666667
519.9999999999999 -801.666666666667
507.49999999999994 -791.666666666667
519.9999999999999 -801.666666666667
513.3333333333333 -797.5000000000003
504.9999999999999 -787.5000000000002
518.3333333333333 -800.0000000000002
504.9999999999999 -787.5000000000002
517.4999999999999 -799.166666666667
511.6666666666666 -795.8333333333336
504.9999999999999 -787.5000000000002
508.33333333333326 -792.5000000000003
511.6666666666666 -795.8333333333336
512.4999999999999 -796.666666666667
501.6666666666666 -780.8333333333336
510.83333333333326 -795.0000000000003
519.1666666666665 -800.8333333333336
517.4999999999999 -799.166666666667
510.83333333333326 -795.0000000000003
504.9999999999999 -787.5000000000002
518.3333333333333 -800.0000000000002
511.6666666666666 -795.8333333333336
511.6666666666666 -795.8333333333336
509.9999999999999 -794.166666666667
513.3333333333333 -797.5000000000003
503.3333333333332 -782.5000000000003
512.4999999999999 -796.666666666667
507.49999999999994 -791.666666666667
512.4999999999999 -796.666666666667
513.3333333333333 -797.5000000000003
502.4999999999999 -782.5000000000002
519.1666666666665 -800.8333333333336
513.3333333333333 -797.5000000000003
511.6666666666666 -795.8333333333336
519.9999999999999 -801.666666666667
514.9999999999999 -798.3333333333336
509.9999999999999 -794.166666666667
519.1666666666665 -800.8333333333336
511.6666666666666 -795.8333333333336
519.1666666666665 -800.8333333333336
512.4999999999999 -796.666666666667
511.6666666666666 -795.8333333333336
519.9999999999999 -801.666666666667
511.6666666666666 -795.8333333333336
509.1666666666666 -793.3333333333337
509.9999999999999 -794.166666666667
518.3333333333333 -800.0000000000002
505.83333333333326 -789.166666666667
505.83333333333326 -789.166666666667
519.9999999999999 -801.666666666667
504.9999999999999 -787.5000000000002
519.9999999999999 -801.666666666667
510.83333333333326 -795.0000000000003
519.1666666666665 -800.8333333333336
509.9999999999999 -794.166666666667
504.99999999999994 -788.3333333333336
510.83333333333326 -795.0000000000003
519.1666666666665 -800.8333333333336
510.83333333333326 -795.0000000000003
510.83333333333326 -795.0000000000003
510.83333333333326 -795.0000000000003
512.4999999999999 -796.666666666667
511.6666666666666 -795.8333333333336
511.6666666666666 -795.8333333333336
510.83333333333326 -795.0000000000003
504.99999999999994 -788.3333333333336
519.9999999999999 -801.666666666667
513.3333333333333 -797.5000000000003
517.4999999999999 -799.166666666667
519.1666666666665 -800.8333333333336
504.1666666666666 -786.666666666667
511.6666666666666 -795.8333333333336
503.3333333333332 -782.5000000000003
501.6666666666666 -780.8333333333336
510.83333333333326 -795.0000000000003
509.9999999999999 -794.166666666667
510.83333333333326 -795.0000000000003
507.4999999999999 -790.8333333333337
511.6666666666666 -795.8333333333336
519.1666666666665 -800.8333333333336
505.83333333333326 -789.166666666667
506.6666666666666 -790.0000000000003
511.6666666666666 -795.8333333333336
504.9999999999999 -787.5000000000002
519.1666666666665 -800.8333333333336
505.83333333333326 -789.166666666667
505.83333333333326 -789.166666666667
519.1666666666665 -800.8333333333336
518.3333333333333 -800.0000000000002
508.33333333333326 -792.5000000000003
505.83333333333326 -789.166666666667
519.9999999999999 -801.666666666667
511.6666666666666 -795.8333333333336
504.99999999999994 -788.3333333333336
513.3333333333333 -797.5000000000003
518.3333333333333 -800.0000000000002
509.9999999999999 -794.166666666667
518.3333333333333 -800.0000000000002
511.6666666666666 -795.8333333333336
513.3333333333333 -797.5000000000003
512.4999999999999 -796.666666666667
504.9999999999999 -787.5000000000002
511.6666666666666 -795.8333333333336
