501.6666666666666 -784.166666666667
501.6666666666666 -784.166666666667
501.6666666666666 -784.166666666667
501.6666666666666 -784.166666666667
501.6666666666666 -784.166666666667
501.6666666666666 -784.166666666667
501.6666666666666 -784.166666666667
501.6666666666666 -784.166666666667
501.6666666666666 -784.166666666667
501.6666666666666 -784.166666666667
504.1666666666666 -791.6666666666669
504.1666666666666 -791.6666666666669
504.1666666666666 -791.6666666666669
504.1666666666666 -791.6666666666669
504.1666666666666 -791.6666666666669
504.1666666666666 -791.6666666666669
504.9999999999999 -793.3333333333336
508.3333333333332 -797.5000000000003
505.8333333333332 -794.166666666667
508.3333333333332 -797.5000000000003
502.4999999999999 -788.3333333333337
509.9999999999999 -800.0000000000003
514.1666666666665 -804.166666666667
520.8333333333333 -809.166666666667
513.3333333333333 -803.3333333333336
509.9999999999999 -800.0000000000003
503.3333333333332 -790.8333333333336
519.9999999999999 -808.3333333333335
514.9999999999999 -805.0000000000002
519.9999999999999 -808.3333333333335
504.1666666666666 -791.6666666666669
518.3333333333333 -806.666666666667
520.0 -808.3333333333336
510.8333333333332 -802.5000000000003
504.1666666666666 -791.6666666666669
509.9999999999999 -800.0000000000003
504.9999999999999 -793.3333333333336
502.4999999999999 -788.3333333333337
508.3333333333332 -797.5000000000003
504.1666666666666 -791.6666666666669
513.3333333333333 -803.3333333333336
518.3333333333333 -806.666666666667
509.1666666666665 -800.0000000000002
504.9999999999999 -793.3333333333336
517.4999999999999 -805.8333333333336
508.3333333333332 -797.5000000000003
506.6666666666665 -795.0000000000002
518.3333333333333 -806.666666666667
513.3333333333333 -803.3333333333336
506.6666666666666 -797.5000000000002
504.9999999999999 -793.3333333333336
