501.6666666666666 -784.166666666667
501.6666666666666 -784.166666666667
501.6666666666666 -784.166666666667
501.6666666666666 -784.166666666667
501.6666666666666 -784.166666666667
501.6666666666666 -784.166666666667
501.6666666666666 -784.166666666667
501.6666666666666 -784.166666666667
501.6666666666666 -784.166666666667
501.6666666666666 -784.166666666667
504.1666666666666 -791.6666666666669
504.1666666666666 -791.6666666666669
504.1666666666666 -791.6666666666669
504.1666666666666 -791.6666666666669
504.1666666666666 -791.6666666666669
504.1666666666666 -791.6666666666669
502.4999999999999 -788.3333333333337
503.3333333333332 -790.8333333333336
504.1666666666666 -791.6666666666669
510.8333333333332 -802.5000000000003
504.1666666666666 -791.6666666666669
502.4999999999999 -788.3333333333337
504.1666666666666 -791.6666666666669
509.1666666666665 -800.0000000000002
506.6666666666666 -797.5000000000002
504.1666666666666 -791.6666666666669
519.1666666666665 -809.166666666667
501.6666666666666 -784.166666666667
510.8333333333332 -802.5000000000003
507.4999999999999 -798.3333333333336
519.1666666666665 -809.166666666667
505.8333333333332 -795.8333333333336
508.3333333333332 -799.166666666667
508.3333333333332 -799.166666666667
504.1666666666666 -791.6666666666669
507.4999999999999 -798.3333333333336
512.4999999999999 -804.1666666666669
514.1666666666665 -805.8333333333336
514.1666666666665 -805.8333333333336
511.6666666666665 -803.3333333333336
502.4999999999999 -788.3333333333337
507.4999999999999 -798.3333333333336
509.1666666666665 -800.0000000000002
513.3333333333333 -805.0000000000003
509.9999999999999 -801.666666666667
509.1666666666666 -800.8333333333336
508.3333333333332 -799.166666666667
504.1666666666666 -791.6666666666669
504.9999999999999 -795.0000000000002
509.9999999999999 -801.666666666667
507.4999999999999 -798.3333333333336
507.4999999999999 -798.3333333333336
507.4999999999999 -798.3333333333336
521.6666666666665 -811.666666666667
510.8333333333332 -802.5000000000003
510.8333333333332 -802.5000000000003
504.9999999999999 -795.0000000000002
505.8333333333332 -795.8333333333336
506.6666666666666 -797.5000000000002
507.4999999999999 -798.3333333333336
509.1666666666665 -800.0000000000002
508.3333333333332 -799.166666666667
518.3333333333333 -808.3333333333335
505.8333333333332 -795.8333333333336
505.8333333333332 -795.8333333333336
509.1666666666665 -800.0000000000002
509.9999999999999 -801.666666666667
504.9999999999999 -795.0000000000002
507.4999999999999 -798.3333333333336
504.1666666666666 -791.6666666666669
507.4999999999999 -798.3333333333336
519.1666666666665 -809.166666666667
514.1666666666665 -805.8333333333336
508.3333333333332 -799.166666666667
