501.6666666666666 -786.666666666667
521.6666666666665 -814.166666666667
501.6666666666666 -786.666666666667
517.4999999999999 -810.0000000000002
514.1666666666665 -808.3333333333337
512.4999999999999 -806.6666666666671
502.4999999999999 -790.8333333333337
520.8333333333333 -813.3333333333337
519.1666666666665 -811.666666666667
504.1666666666665 -792.5000000000003
504.1666666666666 -795.0000000000002
508.3333333333332 -801.6666666666671
505.83333333333326 -798.3333333333336
509.1666666666666 -803.3333333333337
519.9999999999999 -812.5000000000002
513.3333333333333 -807.5000000000003
508.3333333333332 -801.6666666666671
518.3333333333333 -810.8333333333337
502.4999999999999 -790.8333333333337
503.3333333333332 -791.6666666666671
518.3333333333333 -810.8333333333337
509.1666666666666 -803.3333333333337
519.9999999999999 -812.5000000000002
503.3333333333332 -791.6666666666671
513.3333333333333 -807.5000000000003
504.1666666666666 -795.0000000000002
505.83333333333326 -798.3333333333336
504.1666666666665 -792.5000000000003
504.1666666666665 -792.5000000000003
504.1666666666665 -792.5000000000003
504.1666666666665 -792.5000000000003
504.1666666666665 -792.5000000000003
504.1666666666665 -792.5000000000003
504.1666666666665 -792.5000000000003
502.4999999999999 -790.8333333333337
504.1666666666665 -792.5000000000003
503.3333333333332 -791.6666666666671
502.4999999999999 -790.8333333333337
502.4999999999999 -790.8333333333337
504.1666666666666 -795.0000000000002
504.1666666666666 -795.0000000000002
503.3333333333332 -791.6666666666671
502.4999999999999 -790.8333333333337
504.1666666666665 -792.5000000000003
504.1666666666666 -795.0000000000002
504.1666666666665 -792.5000000000003
504.1666666666665 -792.5000000000003
502.4999999999999 -790.8333333333337
503.3333333333332 -791.6666666666671
504.1666666666665 -792.5000000000003
504.1666666666665 -792.5000000000003
504.1666666666666 -795.0000000000002
503.3333333333332 -791.6666666666671
504.1666666666666 -795.0000000000002
504.1666666666665 -792.5000000000003
503.3333333333332 -791.6666666666671
502.4999999999999 -790.8333333333337
504.1666666666666 -795.0000000000002
504.1666666666665 -792.5000000000003
504.1666666666666 -795.0000000000002
503.3333333333332 -791.6666666666671
504.1666666666665 -792.5000000000003
504.1666666666665 -792.5000000000003
502.4999999999999 -790.8333333333337
504.1666666666665 -792.5000000000003
504.1666666666665 -792.5000000000003
502.4999999999999 -790.8333333333337
503.3333333333332 -791.6666666666671
504.1666666666665 -792.5000000000003
502.4999999999999 -790.8333333333337
504.1666666666666 -795.0000000000002
504.1666666666665 -792.5000000000003
504.1666666666665 -792.5000000000003
518.3333333333333 -810.8333333333337
504.1666666666666 -795.0000000000002
504.1666666666666 -795.0000000000002
503.3333333333332 -791.6666666666671
503.3333333333332 -791.6666666666671
502.4999999999999 -790.8333333333337
503.3333333333332 -791.6666666666671
504.1666666666665 -792.5000000000003
502.4999999999999 -790.8333333333337
504.1666666666665 -792.5000000000003
502.4999999999999 -790.8333333333337
502.4999999999999 -790.8333333333337
504.1666666666665 -792.5000000000003
502.4999999999999 -790.8333333333337
503.3333333333332 -791.6666666666671
504.1666666666665 -792.5000000000003
503.3333333333332 -791.6666666666671
509.1666666666666 -803.3333333333337
502.4999999999999 -790.8333333333337
504.1666666666665 -792.5000000000003
504.1666666666666 -795.0000000000002
503.3333333333332 -791.6666666666671
502.4999999999999 -790.8333333333337
504.1666666666665 -792.5000000000003
503.3333333333332 -791.6666666666671
504.1666666666666 -795.0000000000002
504.1666666666666 -795.0000000000002
512.4999999999999 -806.6666666666671
504.9999999999999 -797.5000000000003
502.4999999999999 -790.8333333333337
503.3333333333332 -791.6666666666671
503.3333333333332 -791.6666666666671
505.83333333333326 -798.3333333333336
504.1666666666665 -792.5000000000003
503.3333333333332 -791.6666666666671
503.3333333333332 -791.6666666666671
504.1666666666665 -792.5000000000003
503.3333333333332 -791.6666666666671
509.9999999999999 -805.0000000000003
504.1666666666665 -792.5000000000003
502.4999999999999 -790.8333333333337
503.3333333333332 -791.6666666666671
504.1666666666665 -792.5000000000003
502.4999999999999 -790.8333333333337
503.3333333333332 -791.6666666666671
503.3333333333332 -791.6666666666671
504.1666666666665 -792.5000000000003
513.3333333333333 -807.5000000000003
503.3333333333332 -791.6666666666671
504.1666666666666 -795.0000000000002
519.9999999999999 -812.5000000000002
517.4999999999999 -810.0000000000002
504.1666666666666 -795.0000000000002
503.3333333333332 -791.6666666666671
503.3333333333332 -791.6666666666671
504.1666666666665 -792.5000000000003
508.3333333333332 -801.6666666666671
503.3333333333332 -791.6666666666671
504.1666666666665 -792.5000000000003
502.4999999999999 -790.8333333333337
503.3333333333332 -791.6666666666671
504.1666666666666 -795.0000000000002
504.1666666666665 -792.5000000000003
518.3333333333333 -810.8333333333337
520.8333333333333 -813.3333333333337
509.1666666666666 -803.3333333333337
519.1666666666665 -811.666666666667
517.4999999999999 -810.0000000000002
521.6666666666665 -814.166666666667
503.3333333333332 -791.6666666666671
503.3333333333332 -791.6666666666671
519.9999999999999 -812.5000000000002
502.4999999999999 -790.8333333333337
504.1666666666666 -795.0000000000002
509.1666666666666 -803.3333333333337
517.4999999999999 -810.0000000000002
505.83333333333326 -798.3333333333336
504.1666666666665 -792.5000000000003
502.4999999999999 -790.8333333333337
520.8333333333333 -813.3333333333337
503.3333333333332 -791.6666666666671
504.1666666666666 -795.0000000000002
504.1666666666665 -792.5000000000003
503.3333333333332 -791.6666666666671
509.1666666666666 -803.3333333333337
504.1666666666666 -795.0000000000002
504.1666666666666 -795.0000000000002
517.4999999999999 -810.0000000000002
503.3333333333332 -791.6666666666671
503.3333333333332 -791.6666666666671
517.4999999999999 -810.0000000000002
504.1666666666665 -792.5000000000003
504.1666666666665 -792.5000000000003
503.3333333333332 -791.6666666666671
504.1666666666665 -792.5000000000003
503.3333333333332 -791.6666666666671
508.3333333333332 -801.6666666666671
519.1666666666665 -811.666666666667
506.6666666666666 -800.8333333333337
509.1666666666666 -803.3333333333337
519.1666666666665 -811.666666666667
509.9999999999999 -805.0000000000003
517.4999999999999 -810.0000000000002
508.3333333333332 -801.6666666666671
505.83333333333326 -798.3333333333336
518.3333333333333 -810.8333333333337
511.6666666666665 -805.8333333333337
509.1666666666666 -803.3333333333337
520.8333333333333 -813.3333333333337
504.1666666666665 -792.5000000000003
504.1666666666665 -792.5000000000003
520.8333333333333 -813.3333333333337
520.8333333333333 -813.3333333333337
505.83333333333326 -798.3333333333336
