507.5 -583.3333333333336
507.5 -583.3333333333336
509.1666666666667 -622.4999999999999
507.5 -583.3333333333336
509.1666666666667 -622.4999999999999
509.1666666666667 -622.4999999999999
507.5 -583.3333333333336
509.1666666666667 -622.4999999999999
519.1666666666667 -635.0
519.1666666666667 -635.0
510.8333333333333 -628.3333333333333
517.5 -632.5
515.8333333333333 -631.6666666666666
510.0 -627.5
519.1666666666667 -635.0
510.0 -627.5
510.0 -627.5
515.0 -630.8333333333334
520.8333333333333 -636.6666666666666
510.0 -627.5
510.0 -627.5
510.0 -627.5
510.0 -627.5
515.0 -630.8333333333334
515.0 -630.8333333333334
512.5 -630.0
519.1666666666667 -635.0
510.0 -627.5
510.0 -627.5
510.0 -627.5
519.1666666666667 -635.0
510.0 -627.5
510.0 -627.5
515.0 -630.8333333333334
519.1666666666667 -635.0
510.0 -627.5
510.0 -627.5
515.0 -630.8333333333334
510.0 -627.5
519.1666666666667 -635.0
510.0 -627.5
517.5 -632.5
510.0 -627.5
510.0 -627.5
510.0 -627.5
510.0 -627.5
510.0 -627.5
510.0 -627.5
510.0 -627.5
