507.5 -583.3333333333336
507.5 -583.3333333333336
507.5 -583.3333333333336
507.5 -583.3333333333336
519.1666666666667 -635.0
519.1666666666667 -635.0
510.8333333333333 -628.3333333333333
510.0 -627.5
519.1666666666667 -635.0
510.0 -627.5
510.0 -627.5
520.8333333333333 -636.6666666666666
510.0 -627.5
510.0 -627.5
510.0 -627.5
510.0 -627.5
512.5 -630.0
519.1666666666667 -635.0
510.0 -627.5
510.0 -627.5
510.0 -627.5
519.1666666666667 -635.0
510.0 -627.5
510.0 -627.5
519.1666666666667 -635.0
510.0 -627.5
510.0 -627.5
510.0 -627.5
519.1666666666667 -635.0
510.0 -627.5
510.0 -627.5
510.0 -627.5
510.0 -627.5
510.0 -627.5
510.0 -627.5
510.0 -627.5
510.0 -627.5
510.0 -627.5
510.0 -627.5
510.0 -627.5
513.3333333333333 -630.8333333333334
510.0 -627.5
510.0 -627.5
514.1666666666667 -632.5
510.0 -627.5
512.5 -630.0
510.0 -627.5
510.0 -627.5
510.0 -627.5
509.1666666666667 -623.3333333333333
510.0 -627.5
510.8333333333333 -628.3333333333333
510.0 -627.5
512.5 -630.0
510.0 -627.5
510.0 -627.5
512.5 -630.0
510.0 -627.5
510.0 -627.5
510.0 -627.5
