507.5 -583.3333333333336
507.5 -583.3333333333336
507.5 -583.3333333333336
507.5 -583.3333333333336
519.1666666666667 -635.0
519.1666666666667 -635.0
519.1666666666667 -635.0
519.1666666666667 -635.0
519.1666666666667 -635.0
519.1666666666667 -635.0
519.1666666666667 -635.0
519.1666666666667 -635.0
519.1666666666667 -635.0
519.1666666666667 -635.0
519.1666666666667 -635.0
519.1666666666667 -635.0
519.1666666666667 -635.0
519.1666666666667 -635.0
519.1666666666667 -635.0
519.1666666666667 -635.0
519.1666666666667 -635.0
522.5 -640.8333333333334
512.5 -632.5
512.5 -632.5
508.3333333333333 -630.0
512.5 -632.5
515.0 -633.3333333333333
520.0 -638.3333333333333
519.1666666666667 -635.0
512.5 -632.5
