502.5 -599.1666666666665
502.5 -599.1666666666665
510.83333333333337 -695.8333333333334
510.83333333333337 -695.8333333333334
510.83333333333337 -695.8333333333334
510.83333333333337 -695.8333333333334
510.0 -693.3333333333334
507.5 -690.8333333333334
505.83333333333337 -690.8333333333333
514.1666666666666 -702.5
508.3333333333333 -691.6666666666666
512.5 -700.0
512.5 -700.0
514.1666666666666 -702.5
510.83333333333337 -695.8333333333334
514.1666666666666 -702.5
519.1666666666667 -705.8333333333334
513.3333333333333 -701.6666666666667
508.3333333333333 -691.6666666666666
511.6666666666667 -699.1666666666666
510.83333333333337 -695.8333333333334
518.3333333333333 -705.0000000000001
