502.5 -599.1666666666665
502.5 -599.1666666666665
510.83333333333337 -695.8333333333334
510.83333333333337 -695.8333333333334
510.83333333333337 -695.8333333333334
510.83333333333337 -695.8333333333334
505.83333333333337 -690.8333333333333
514.1666666666666 -702.5
508.3333333333333 -691.6666666666666
514.1666666666666 -702.5
510.83333333333337 -695.8333333333334
514.1666666666666 -702.5
519.1666666666667 -705.8333333333334
508.3333333333333 -691.6666666666666
510.83333333333337 -695.8333333333334
508.3333333333333 -691.6666666666666
510.83333333333337 -695.8333333333334
514.1666666666666 -702.5
510.83333333333337 -695.8333333333334
514.1666666666666 -702.5
506.6666666666667 -690.8333333333334
514.1666666666666 -702.5
514.1666666666666 -702.5
505.83333333333337 -690.8333333333333
508.3333333333333 -691.6666666666666
510.83333333333337 -695.8333333333334
510.83333333333337 -695.8333333333334
514.1666666666666 -702.5
506.6666666666667 -690.8333333333334
510.8333333333333 -694.1666666666666
510.8333333333333 -694.1666666666666
506.6666666666667 -690.8333333333334
506.6666666666667 -690.8333333333334
510.83333333333337 -695.8333333333334
510.8333333333333 -694.1666666666666
515.0 -703.3333333333334
514.1666666666666 -702.5
510.83333333333337 -695.8333333333334
511.6666666666667 -701.6666666666666
514.1666666666666 -702.5
514.1666666666666 -702.5
515.0 -703.3333333333334
508.3333333333333 -691.6666666666666
509.1666666666667 -693.3333333333334
512.5 -701.6666666666667
514.1666666666666 -702.5
514.1666666666666 -702.5
508.3333333333333 -691.6666666666666
510.83333333333337 -695.8333333333334
514.1666666666666 -702.5
516.6666666666666 -705.0000000000001
510.83333333333337 -695.8333333333334
510.83333333333337 -695.8333333333334
