502.5 -599.1666666666665
502.5 -599.1666666666665
519.1666666666667 -705.8333333333334
511.6666666666667 -701.6666666666666
506.6666666666667 -691.6666666666667
514.1666666666667 -704.1666666666667
510.83333333333337 -700.0
512.5 -702.5000000000001
511.6666666666667 -701.6666666666666
506.6666666666667 -691.6666666666667
511.6666666666667 -701.6666666666666
506.6666666666667 -691.6666666666667
511.6666666666667 -701.6666666666666
506.6666666666667 -691.6666666666667
511.6666666666667 -701.6666666666666
515.0 -705.0000000000001
512.5 -702.5000000000001
505.83333333333337 -691.6666666666666
509.1666666666667 -695.0
511.6666666666667 -701.6666666666666
511.6666666666667 -701.6666666666666
506.6666666666667 -691.6666666666667
511.6666666666667 -701.6666666666666
514.1666666666667 -704.1666666666667
505.00000000000006 -689.1666666666666
506.6666666666667 -691.6666666666667
506.6666666666667 -691.6666666666667
508.3333333333333 -692.5
514.1666666666667 -704.1666666666667
510.83333333333337 -700.0
511.6666666666667 -701.6666666666666
509.1666666666667 -695.0
506.6666666666667 -691.6666666666667
511.6666666666667 -701.6666666666666
512.5 -702.5000000000001
511.6666666666667 -701.6666666666666
512.5 -702.5000000000001
512.5 -702.5000000000001
514.1666666666667 -704.1666666666667
505.00000000000006 -689.1666666666666
511.6666666666667 -701.6666666666666
512.5 -702.5000000000001
512.5 -702.5000000000001
508.33333333333337 -694.1666666666666
515.0 -705.0000000000001
505.00000000000006 -689.1666666666666
512.5 -702.5000000000001
505.83333333333337 -691.6666666666666
511.6666666666667 -701.6666666666666
512.5 -702.5000000000001
512.5 -702.5000000000001
511.6666666666667 -701.6666666666666
515.0 -705.0000000000001
510.83333333333337 -700.0
512.5 -702.5000000000001
