502.5 -599.1666666666665
502.5 -599.1666666666665
507.5 -694.1666666666667
510.0 -701.6666666666667
513.3333333333333 -704.1666666666667
517.5 -707.5000000000001
503.33333333333337 -690.8333333333333
510.0 -701.6666666666667
517.5 -707.5000000000001
504.1666666666667 -691.6666666666667
517.5 -707.5000000000001
504.1666666666667 -691.6666666666667
517.5 -707.5000000000001
517.5 -707.5000000000001
514.1666666666667 -705.0
505.83333333333337 -693.3333333333333
517.5 -707.5000000000001
510.0 -701.6666666666667
503.33333333333337 -690.8333333333333
515.0 -706.6666666666669
509.1666666666667 -695.8333333333334
511.6666666666667 -703.3333333333334
509.1666666666667 -695.8333333333334
504.1666666666667 -691.6666666666667
