502.5 -599.1666666666665
502.5 -599.1666666666665
509.1666666666667 -700.8333333333334
509.1666666666667 -700.8333333333334
511.6666666666667 -704.1666666666667
509.1666666666667 -700.8333333333334
509.1666666666667 -700.8333333333334
509.1666666666667 -700.8333333333334
509.1666666666667 -700.8333333333334
509.1666666666667 -700.8333333333334
509.1666666666667 -700.8333333333334
509.1666666666667 -700.8333333333334
504.1666666666667 -692.5
504.1666666666667 -692.5
512.5 -705.0000000000001
512.5 -705.0000000000001
509.1666666666667 -700.8333333333334
509.1666666666667 -700.8333333333334
503.33333333333337 -691.6666666666667
510.0 -702.5000000000001
509.1666666666667 -700.8333333333334
504.1666666666667 -692.5
517.5 -708.3333333333336
509.1666666666667 -700.8333333333334
517.5 -708.3333333333336
508.33333333333337 -695.8333333333333
509.1666666666667 -700.8333333333334
509.1666666666667 -700.8333333333334
510.0 -702.5000000000001
512.5 -705.0000000000001
511.6666666666667 -704.1666666666667
506.6666666666667 -695.0
506.6666666666667 -695.0
512.5 -705.0000000000001
504.1666666666667 -692.5
512.5 -705.0000000000001
512.5 -705.0000000000001
510.0 -702.5000000000001
504.1666666666667 -692.5
510.0 -702.5000000000001
509.1666666666667 -700.8333333333334
515.0 -707.5000000000001
504.1666666666667 -692.5
515.0 -707.5000000000001
509.1666666666667 -700.8333333333334
509.1666666666667 -700.8333333333334
512.5 -705.0000000000001
512.5 -705.0000000000001
515.0 -707.5000000000001
505.83333333333337 -694.1666666666667
512.5 -705.0000000000001
506.6666666666667 -695.0
509.1666666666667 -700.8333333333334
503.33333333333337 -691.6666666666667
509.1666666666667 -700.8333333333334
512.5 -705.0000000000001
511.6666666666667 -704.1666666666667
509.1666666666667 -700.8333333333334
503.33333333333337 -691.6666666666667
512.5 -705.0000000000001
504.1666666666667 -692.5
509.1666666666667 -700.8333333333334
515.0 -707.5000000000001
509.1666666666667 -700.8333333333334
509.1666666666667 -700.8333333333334
517.5 -708.3333333333336
509.1666666666667 -700.8333333333334
506.6666666666667 -695.0
510.0 -702.5000000000001
510.0 -702.5000000000001
511.6666666666667 -704.1666666666667
514.1666666666667 -706.6666666666667
510.0 -702.5000000000001
509.1666666666667 -700.8333333333334
515.0 -707.5000000000001
510.0 -702.5000000000001
512.5 -705.0000000000001
509.1666666666667 -700.8333333333334
509.1666666666667 -700.8333333333334
509.1666666666667 -700.8333333333334
503.33333333333337 -691.6666666666667
512.5 -705.0000000000001
512.5 -705.0000000000001
509.1666666666667 -700.8333333333334
515.0 -707.5000000000001
512.5 -705.0000000000001
512.5 -705.0000000000001
503.33333333333337 -691.6666666666667
509.1666666666667 -700.8333333333334
504.1666666666667 -692.5
510.0 -702.5000000000001
509.1666666666667 -700.8333333333334
509.1666666666667 -700.8333333333334
506.6666666666667 -695.0
509.1666666666667 -700.8333333333334
504.1666666666667 -692.5
511.6666666666667 -704.1666666666667
