502.5 -599.1666666666665
502.5 -599.1666666666665
505.00000000000006 -697.5
513.3333333333333 -709.1666666666669
514.1666666666667 -710.0000000000001
505.00000000000006 -697.5
508.33333333333337 -700.8333333333335
505.00000000000006 -697.5
505.00000000000006 -697.5
505.00000000000006 -697.5
513.3333333333333 -709.1666666666669
505.83333333333337 -700.0000000000001
503.33333333333337 -697.4999999999999
510.0 -708.3333333333335
505.00000000000006 -697.5
509.1666666666667 -707.5000000000001
508.33333333333337 -700.8333333333335
505.00000000000006 -697.5
508.33333333333337 -700.8333333333335
505.00000000000006 -697.5
505.00000000000006 -697.5
509.1666666666667 -707.5000000000001
505.00000000000006 -697.5
508.33333333333337 -700.8333333333335
510.0 -708.3333333333335
