502.5 -599.1666666666665
502.5 -599.1666666666665
505.00000000000006 -704.1666666666667
514.1666666666667 -713.3333333333335
505.00000000000006 -704.1666666666667
515.0 -713.3333333333336
515.0 -713.3333333333336
514.1666666666667 -713.3333333333335
505.00000000000006 -704.1666666666667
505.00000000000006 -704.1666666666667
511.6666666666667 -711.6666666666667
505.00000000000006 -704.1666666666667
504.1666666666667 -700.8333333333334
509.1666666666667 -710.8333333333335
504.1666666666667 -700.8333333333334
505.00000000000006 -704.1666666666667
503.33333333333337 -700.0
505.00000000000006 -704.1666666666667
505.83333333333337 -705.0000000000001
505.00000000000006 -704.1666666666667
508.33333333333337 -707.5000000000002
