502.5 -599.1666666666665
502.5 -599.1666666666665
509.1666666666667 -712.5000000000001
509.1666666666667 -712.5000000000001
515.8333333333334 -719.1666666666669
509.1666666666667 -712.5000000000001
510.0 -713.3333333333336
510.0 -713.3333333333336
509.1666666666667 -712.5000000000001
506.6666666666667 -710.8333333333335
511.6666666666667 -717.5000000000002
507.5 -711.6666666666669
509.1666666666667 -712.5000000000001
506.6666666666667 -710.8333333333335
510.0 -713.3333333333336
511.6666666666667 -717.5000000000002
509.1666666666667 -712.5000000000001
510.0 -713.3333333333336
511.6666666666667 -717.5000000000002
509.1666666666667 -712.5000000000001
509.1666666666667 -712.5000000000001
509.1666666666667 -712.5000000000001
507.5 -711.6666666666669
507.5 -711.6666666666669
509.1666666666667 -712.5000000000001
510.8333333333333 -716.6666666666669
509.1666666666667 -712.5000000000001
509.1666666666667 -712.5000000000001
507.5 -711.6666666666669
506.6666666666667 -710.8333333333335
509.1666666666667 -712.5000000000001
509.1666666666667 -712.5000000000001
510.0 -713.3333333333336
509.1666666666667 -712.5000000000001
506.6666666666667 -710.8333333333335
509.1666666666667 -712.5000000000001
506.6666666666667 -710.8333333333335
507.5 -711.6666666666669
509.1666666666667 -712.5000000000001
511.6666666666667 -717.5000000000002
509.1666666666667 -712.5000000000001
507.5 -711.6666666666669
509.1666666666667 -712.5000000000001
509.1666666666667 -712.5000000000001
511.6666666666667 -717.5000000000002
507.5 -711.6666666666669
511.6666666666667 -717.5000000000002
509.1666666666667 -712.5000000000001
509.1666666666667 -712.5000000000001
509.1666666666667 -712.5000000000001
509.1666666666667 -712.5000000000001
509.1666666666667 -712.5000000000001
506.6666666666667 -710.8333333333335
506.6666666666667 -710.8333333333335
506.6666666666667 -710.8333333333335
509.1666666666667 -712.5000000000001
506.6666666666667 -710.8333333333335
509.1666666666667 -712.5000000000001
509.1666666666667 -712.5000000000001
503.33333333333337 -704.1666666666667
507.5 -711.6666666666669
509.1666666666667 -712.5000000000001
507.5 -711.6666666666669
506.6666666666667 -710.8333333333335
506.6666666666667 -710.8333333333335
507.5 -711.6666666666669
510.0 -713.3333333333336
503.33333333333337 -704.1666666666667
509.1666666666667 -712.5000000000001
506.6666666666667 -710.8333333333335
506.6666666666667 -710.8333333333335
510.0 -713.3333333333336
509.1666666666667 -712.5000000000001
510.0 -713.3333333333336
509.1666666666667 -712.5000000000001
509.1666666666667 -712.5000000000001
509.1666666666667 -712.5000000000001
504.1666666666667 -705.0000000000002
509.1666666666667 -712.5000000000001
504.1666666666667 -705.0000000000002
510.8333333333333 -716.6666666666669
506.6666666666667 -710.8333333333335
507.5 -711.6666666666669
511.6666666666667 -717.5000000000002
510.0 -713.3333333333336
507.5 -711.6666666666669
509.1666666666667 -712.5000000000001
503.33333333333337 -704.1666666666667
515.8333333333334 -719.1666666666669
509.1666666666667 -712.5000000000001
511.6666666666667 -717.5000000000002
506.6666666666667 -710.8333333333335
507.5 -711.6666666666669
509.1666666666667 -712.5000000000001
506.6666666666667 -710.8333333333335
506.6666666666667 -710.8333333333335
507.5 -711.6666666666669
509.1666666666667 -712.5000000000001
511.6666666666667 -717.5000000000002
511.6666666666667 -717.5000000000002
509.1666666666667 -712.5000000000001
509.1666666666667 -712.5000000000001
509.1666666666667 -712.5000000000001
506.6666666666667 -710.8333333333335
507.5 -711.6666666666669
510.0 -713.3333333333336
503.33333333333337 -704.1666666666667
503.33333333333337 -704.1666666666667
503.33333333333337 -704.1666666666667
509.1666666666667 -712.5000000000001
509.1666666666667 -712.5000000000001
509.1666666666667 -712.5000000000001
509.1666666666667 -712.5000000000001
507.5 -711.6666666666669
506.6666666666667 -710.8333333333335
510.0 -713.3333333333336
507.5 -711.6666666666669
509.1666666666667 -712.5000000000001
505.0 -708.3333333333335
509.1666666666667 -712.5000000000001
516.6666666666667 -720.0000000000001
507.5 -711.6666666666669
509.1666666666667 -712.5000000000001
506.6666666666667 -710.8333333333335
507.5 -711.6666666666669
510.0 -713.3333333333336
509.1666666666667 -712.5000000000001
507.5 -711.6666666666669
509.1666666666667 -712.5000000000001
511.6666666666667 -717.5000000000002
