502.5 -599.1666666666665
502.5 -599.1666666666665
515.8333333333334 -719.1666666666669
511.6666666666667 -717.5000000000002
511.6666666666667 -717.5000000000002
511.6666666666667 -717.5000000000002
510.8333333333333 -716.6666666666669
511.6666666666667 -717.5000000000002
511.6666666666667 -717.5000000000002
511.6666666666667 -717.5000000000002
503.33333333333337 -704.1666666666667
503.33333333333337 -704.1666666666667
504.1666666666667 -705.0000000000002
504.1666666666667 -705.0000000000002
510.8333333333333 -716.6666666666669
511.6666666666667 -717.5000000000002
503.33333333333337 -704.1666666666667
515.8333333333334 -719.1666666666669
511.6666666666667 -717.5000000000002
511.6666666666667 -717.5000000000002
511.6666666666667 -717.5000000000002
503.33333333333337 -704.1666666666667
503.33333333333337 -704.1666666666667
503.33333333333337 -704.1666666666667
505.0 -708.3333333333335
516.6666666666667 -720.0000000000001
511.6666666666667 -717.5000000000002
511.6666666666667 -717.5000000000002
511.6666666666667 -717.5000000000002
510.00000000000006 -714.1666666666669
503.33333333333337 -704.1666666666667
510.8333333333333 -716.6666666666669
510.8333333333333 -716.6666666666669
505.0 -708.3333333333335
504.1666666666667 -705.0000000000002
511.6666666666667 -717.5000000000002
503.33333333333337 -704.1666666666667
511.6666666666667 -717.5000000000002
511.6666666666667 -717.5000000000002
509.1666666666667 -713.3333333333336
511.6666666666667 -717.5000000000002
511.6666666666667 -717.5000000000002
511.66666666666663 -717.5000000000001
504.1666666666667 -705.0000000000002
503.33333333333337 -704.1666666666667
505.0 -708.3333333333335
505.0 -708.3333333333335
503.33333333333337 -704.1666666666667
503.33333333333337 -704.1666666666667
503.33333333333337 -704.1666666666667
504.1666666666667 -705.0000000000002
506.6666666666667 -711.6666666666669
505.0 -708.3333333333335
511.6666666666667 -717.5000000000002
513.3333333333334 -718.3333333333335
503.33333333333337 -704.1666666666667
505.8333333333333 -709.1666666666669
510.8333333333333 -716.6666666666669
511.6666666666667 -717.5000000000002
