502.5 -599.1666666666665
502.5 -599.1666666666665
505.0 -709.166666666667
507.50000000000006 -713.3333333333336
505.0 -709.166666666667
503.33333333333337 -705.0000000000002
505.83333333333337 -710.0000000000002
503.33333333333337 -705.0000000000002
510.00000000000006 -715.8333333333336
504.16666666666674 -706.6666666666669
510.83333333333337 -718.3333333333336
507.50000000000006 -713.3333333333336
506.6666666666667 -712.5000000000002
510.8333333333333 -717.5000000000002
509.1666666666667 -715.0000000000002
510.8333333333333 -717.5000000000002
511.6666666666667 -719.1666666666669
506.6666666666667 -712.5000000000002
505.0 -709.166666666667
510.8333333333333 -717.5000000000002
503.33333333333337 -705.0000000000002
505.0 -709.166666666667
515.8333333333334 -720.0000000000002
505.0 -709.166666666667
515.8333333333334 -720.0000000000002
507.50000000000006 -713.3333333333336
511.6666666666667 -719.1666666666669
