502.5 -710.8333333333335
507.5 -718.3333333333336
506.6666666666667 -717.5000000000002
506.6666666666667 -717.5000000000002
502.5 -710.8333333333335
506.6666666666667 -717.5000000000002
504.1666666666667 -715.0000000000002
506.6666666666667 -717.5000000000002
506.6666666666667 -717.5000000000002
510.0 -724.1666666666669
513.3333333333333 -728.3333333333335
506.6666666666667 -717.5000000000002
504.1666666666667 -715.0000000000002
506.6666666666667 -717.5000000000002
507.50000000000006 -719.1666666666669
503.33333333333337 -712.5000000000002
513.3333333333333 -728.3333333333335
502.5 -710.8333333333335
504.1666666666667 -715.0000000000002
506.6666666666667 -717.5000000000002
500.83333333333337 -706.6666666666669
502.5 -710.8333333333335
505.0 -715.8333333333335
504.1666666666667 -715.0000000000002
502.5 -710.8333333333335
506.6666666666667 -717.5000000000002
502.5 -710.8333333333335
507.5 -718.3333333333336
506.6666666666667 -717.5000000000002
514.1666666666667 -729.1666666666669
514.1666666666667 -729.1666666666669
502.5 -710.8333333333335
502.5 -710.8333333333335
509.1666666666667 -723.3333333333335
508.3333333333333 -720.8333333333336
510.83333333333337 -725.8333333333336
500.83333333333337 -706.6666666666669
502.5 -710.8333333333335
