505.0 -718.3333333333336
510.0 -726.6666666666669
505.8333333333333 -721.6666666666669
507.50000000000006 -722.5000000000002
510.0 -726.6666666666669
510.0 -726.6666666666669
510.8333333333333 -727.5000000000002
515.0 -731.6666666666669
518.3333333333334 -732.5000000000001
509.1666666666667 -725.0000000000001
501.66666666666663 -711.6666666666669
501.66666666666663 -711.6666666666669
502.5 -713.3333333333335
505.8333333333333 -721.6666666666669
500.83333333333337 -707.5000000000002
500.83333333333337 -707.5000000000002
500.83333333333337 -707.5000000000002
510.83333333333337 -728.3333333333335
501.66666666666663 -711.6666666666669
510.0 -726.6666666666669
510.83333333333337 -728.3333333333335
512.5 -730.0000000000002
513.3333333333334 -730.8333333333335
503.3333333333333 -716.6666666666669
513.3333333333334 -730.8333333333335
508.3333333333333 -724.1666666666669
501.66666666666663 -711.6666666666669
501.66666666666663 -711.6666666666669
505.8333333333333 -721.6666666666669
512.5 -730.0000000000002
510.0 -726.6666666666669
507.50000000000006 -722.5000000000002
504.99999999999994 -717.5000000000002
500.83333333333337 -707.5000000000002
503.3333333333333 -716.6666666666669
502.5 -713.3333333333335
501.66666666666663 -711.6666666666669
510.83333333333337 -728.3333333333335
500.83333333333337 -707.5000000000002
