497.5 -710.0
497.5 -710.0
501.66666666666663 -725.0
498.33333333333337 -711.6666666666666
499.16666666666663 -714.1666666666666
499.16666666666663 -714.1666666666666
508.3333333333333 -735.0
510.83333333333337 -739.1666666666667
513.3333333333334 -741.6666666666667
510.0 -737.5
508.3333333333333 -735.0
510.0 -737.5
501.66666666666663 -725.0
513.3333333333334 -741.6666666666667
510.83333333333337 -739.1666666666667
511.66666666666674 -739.9999999999999
511.66666666666674 -739.9999999999999
497.5 -710.0
499.16666666666663 -714.1666666666666
510.0 -737.5
513.3333333333334 -741.6666666666667
510.83333333333337 -739.1666666666667
511.66666666666674 -739.9999999999999
499.16666666666663 -714.1666666666666
510.0 -737.5
513.3333333333334 -741.6666666666667
510.83333333333337 -739.1666666666667
511.66666666666674 -739.9999999999999
499.16666666666663 -714.1666666666666
510.0 -737.5
510.83333333333337 -739.1666666666667
513.3333333333334 -741.6666666666667
511.66666666666674 -739.9999999999999
499.16666666666663 -714.1666666666666
510.0 -737.5
510.83333333333337 -739.1666666666667
511.66666666666674 -739.9999999999999
499.16666666666663 -714.1666666666666
510.0 -737.5
510.83333333333337 -739.1666666666667
511.66666666666674 -739.9999999999999
499.16666666666663 -714.1666666666666
510.0 -737.5
511.66666666666674 -739.9999999999999
499.16666666666663 -714.1666666666666
510.0 -737.5
511.66666666666674 -739.9999999999999
510.0 -737.5
511.66666666666674 -739.9999999999999
510.0 -737.5
511.66666666666674 -739.9999999999999
510.0 -737.5
511.66666666666674 -739.9999999999999
510.0 -737.5
511.66666666666674 -739.9999999999999
511.66666666666674 -739.9999999999999
511.66666666666674 -739.9999999999999
511.66666666666674 -739.9999999999999
511.66666666666674 -739.9999999999999
510.0 -737.5
510.0 -737.5
510.0 -737.5
510.0 -737.5
511.66666666666674 -739.9999999999999
497.5 -710.0
508.3333333333333 -735.0
510.0 -737.5
510.0 -737.5
499.16666666666663 -714.1666666666666
510.0 -737.5
510.0 -737.5
503.3333333333333 -729.1666666666667
510.0 -737.5
497.5 -710.0
510.0 -737.5
510.0 -737.5
512.5 -741.6666666666666
510.0 -737.5
510.0 -737.5
505.8333333333333 -734.1666666666666
509.1666666666667 -736.6666666666666
510.0 -737.5
511.66666666666674 -739.9999999999999
510.0 -737.5
514.1666666666667 -742.5
510.0 -737.5
511.66666666666674 -739.9999999999999
500.0 -720.8333333333334
