497.5 -717.5000000000001
515.8333333333333 -747.5
497.5 -717.5000000000001
505.8333333333333 -738.3333333333334
504.1666666666667 -735.8333333333333
514.1666666666667 -746.6666666666667
499.16666666666663 -721.6666666666667
499.16666666666663 -721.6666666666667
503.3333333333333 -732.5
510.8333333333333 -742.5
507.5 -740.0
507.5 -740.0
509.1666666666667 -741.6666666666666
502.5 -730.0
501.66666666666663 -728.3333333333334
503.3333333333333 -732.5
500.8333333333333 -725.8333333333334
511.6666666666667 -745.8333333333334
500.0 -724.1666666666667
509.1666666666667 -741.6666666666666
512.5 -746.6666666666666
500.0 -724.1666666666667
501.66666666666663 -728.3333333333334
505.0 -736.6666666666667
500.8333333333333 -725.8333333333334
502.5 -730.0
510.83333333333337 -743.3333333333334
505.0 -736.6666666666667
510.83333333333337 -743.3333333333334
511.6666666666667 -745.8333333333334
512.5 -746.6666666666666
503.3333333333333 -732.5
507.5 -740.0
501.66666666666663 -728.3333333333334
502.5 -730.0
507.5 -740.0
507.5 -740.0
507.5 -740.0
503.3333333333333 -732.5
503.3333333333333 -732.5
503.3333333333333 -732.5
507.5 -740.0
502.5 -730.0
507.5 -740.0
500.0 -724.1666666666667
503.3333333333333 -732.5
502.5 -730.0
503.3333333333333 -732.5
503.3333333333333 -732.5
503.3333333333333 -732.5
503.3333333333333 -732.5
503.3333333333333 -732.5
500.0 -724.1666666666667
503.3333333333333 -732.5
503.3333333333333 -732.5
503.3333333333333 -732.5
502.5 -730.0
503.3333333333333 -732.5
503.3333333333333 -732.5
502.5 -730.0
503.3333333333333 -732.5
502.5 -730.0
503.3333333333333 -732.5
503.3333333333333 -732.5
503.3333333333333 -732.5
500.0 -724.1666666666667
503.3333333333333 -732.5
507.5 -740.0
507.5 -740.0
500.0 -724.1666666666667
503.3333333333333 -732.5
500.0 -724.1666666666667
500.8333333333333 -725.8333333333334
507.5 -740.0
503.3333333333333 -732.5
507.5 -740.0
507.5 -740.0
501.66666666666663 -728.3333333333334
500.0 -724.1666666666667
503.3333333333333 -732.5
503.3333333333333 -732.5
500.0 -724.1666666666667
500.0 -724.1666666666667
507.5 -740.0
503.3333333333333 -732.5
501.66666666666663 -728.3333333333334
507.5 -740.0
500.0 -724.1666666666667
501.66666666666663 -728.3333333333334
501.66666666666663 -728.3333333333334
503.3333333333333 -732.5
500.0 -724.1666666666667
503.3333333333333 -732.5
503.3333333333333 -732.5
503.3333333333333 -732.5
503.3333333333333 -732.5
501.66666666666663 -728.3333333333334
503.3333333333333 -732.5
501.66666666666663 -728.3333333333334
500.0 -724.1666666666667
503.3333333333333 -732.5
502.5 -730.0
503.3333333333333 -732.5
510.83333333333337 -743.3333333333334
502.5 -730.0
511.6666666666667 -745.8333333333334
500.0 -724.1666666666667
507.5 -740.0
500.0 -724.1666666666667
500.0 -724.1666666666667
503.3333333333333 -732.5
511.6666666666667 -745.8333333333334
503.3333333333333 -732.5
503.3333333333333 -732.5
500.0 -724.1666666666667
505.0 -736.6666666666667
503.3333333333333 -732.5
502.5 -730.0
500.0 -724.1666666666667
507.5 -740.0
501.66666666666663 -728.3333333333334
512.5 -746.6666666666666
501.66666666666663 -728.3333333333334
500.0 -724.1666666666667
507.5 -740.0
509.1666666666667 -741.6666666666666
503.3333333333333 -732.5
503.3333333333333 -732.5
500.8333333333333 -725.8333333333334
501.66666666666663 -728.3333333333334
509.1666666666667 -741.6666666666666
501.66666666666663 -728.3333333333334
503.3333333333333 -732.5
503.3333333333333 -732.5
500.8333333333333 -725.8333333333334
503.3333333333333 -732.5
505.0 -736.6666666666667
507.5 -740.0
503.3333333333333 -732.5
507.5 -740.0
509.1666666666667 -741.6666666666666
500.0 -724.1666666666667
505.0 -736.6666666666667
511.6666666666667 -745.8333333333334
503.3333333333333 -732.5
512.5 -746.6666666666666
509.1666666666667 -741.6666666666666
505.0 -736.6666666666667
511.6666666666667 -745.8333333333334
507.5 -740.0
511.6666666666667 -745.8333333333334
503.3333333333333 -732.5
503.3333333333333 -732.5
503.3333333333333 -732.5
507.5 -740.0
503.3333333333333 -732.5
501.66666666666663 -728.3333333333334
500.0 -724.1666666666667
503.3333333333333 -732.5
501.66666666666663 -728.3333333333334
503.3333333333333 -732.5
503.3333333333333 -732.5
503.3333333333333 -732.5
503.3333333333333 -732.5
503.3333333333333 -732.5
501.66666666666663 -728.3333333333334
503.3333333333333 -732.5
501.66666666666663 -728.3333333333334
503.3333333333333 -732.5
501.66666666666663 -728.3333333333334
500.0 -724.1666666666667
501.66666666666663 -728.3333333333334
503.3333333333333 -732.5
501.66666666666663 -728.3333333333334
505.0 -736.6666666666667
507.5 -740.0
503.3333333333333 -732.5
500.0 -724.1666666666667
500.0 -724.1666666666667
507.5 -740.0
503.3333333333333 -732.5
503.3333333333333 -732.5
503.3333333333333 -732.5
501.66666666666663 -728.3333333333334
503.3333333333333 -732.5
503.3333333333333 -732.5
507.5 -740.0
505.0 -736.6666666666667
503.3333333333333 -732.5
500.0 -724.1666666666667
505.0 -736.6666666666667
503.3333333333333 -732.5
501.66666666666663 -728.3333333333334
505.0 -736.6666666666667
503.3333333333333 -732.5
503.3333333333333 -732.5
503.3333333333333 -732.5
501.66666666666663 -728.3333333333334
503.3333333333333 -732.5
500.0 -724.1666666666667
