497.5 -717.5000000000001
516.6666666666667 -748.3333333333333
497.5 -717.5000000000001
511.6666666666667 -746.6666666666667
515.8333333333333 -747.5
505.8333333333333 -738.3333333333334
499.16666666666663 -721.6666666666667
499.16666666666663 -721.6666666666667
503.3333333333333 -732.5
504.1666666666667 -735.8333333333333
508.3333333333333 -741.6666666666666
507.5 -740.0
502.5 -730.0
501.66666666666663 -728.3333333333334
503.3333333333333 -732.5
500.8333333333333 -725.8333333333334
500.0 -724.1666666666667
510.83333333333337 -743.3333333333334
500.0 -724.1666666666667
501.66666666666663 -728.3333333333334
505.0 -736.6666666666667
500.8333333333333 -725.8333333333334
507.5 -740.0
502.5 -730.0
510.00000000000006 -742.4999999999999
504.1666666666667 -735.8333333333333
510.8333333333333 -742.5
505.0 -736.6666666666667
510.83333333333337 -743.3333333333334
508.3333333333333 -741.6666666666666
510.00000000000006 -742.4999999999999
497.5 -717.5000000000001
499.16666666666663 -721.6666666666667
503.3333333333333 -732.5
500.0 -724.1666666666667
501.66666666666663 -728.3333333333334
502.5 -730.0
507.5 -740.0
500.8333333333333 -725.8333333333334
505.0 -736.6666666666667
510.83333333333337 -743.3333333333334
510.00000000000006 -742.4999999999999
499.16666666666663 -721.6666666666667
503.3333333333333 -732.5
500.0 -724.1666666666667
501.66666666666663 -728.3333333333334
500.8333333333333 -725.8333333333334
507.5 -740.0
502.5 -730.0
505.0 -736.6666666666667
510.83333333333337 -743.3333333333334
499.16666666666663 -721.6666666666667
503.3333333333333 -732.5
500.0 -724.1666666666667
501.66666666666663 -728.3333333333334
502.5 -730.0
500.8333333333333 -725.8333333333334
507.5 -740.0
505.0 -736.6666666666667
510.83333333333337 -743.3333333333334
507.5 -740.0
503.3333333333333 -732.5
500.0 -724.1666666666667
501.66666666666663 -728.3333333333334
500.8333333333333 -725.8333333333334
502.5 -730.0
505.0 -736.6666666666667
503.3333333333333 -732.5
507.5 -740.0
501.66666666666663 -728.3333333333334
502.5 -730.0
507.5 -740.0
507.5 -740.0
507.5 -740.0
503.3333333333333 -732.5
503.3333333333333 -732.5
503.3333333333333 -732.5
507.5 -740.0
502.5 -730.0
507.5 -740.0
500.0 -724.1666666666667
503.3333333333333 -732.5
502.5 -730.0
503.3333333333333 -732.5
503.3333333333333 -732.5
503.3333333333333 -732.5
503.3333333333333 -732.5
503.3333333333333 -732.5
500.0 -724.1666666666667
503.3333333333333 -732.5
503.3333333333333 -732.5
503.3333333333333 -732.5
502.5 -730.0
503.3333333333333 -732.5
503.3333333333333 -732.5
502.5 -730.0
503.3333333333333 -732.5
502.5 -730.0
503.3333333333333 -732.5
503.3333333333333 -732.5
503.3333333333333 -732.5
500.0 -724.1666666666667
503.3333333333333 -732.5
507.5 -740.0
507.5 -740.0
500.0 -724.1666666666667
503.3333333333333 -732.5
500.0 -724.1666666666667
500.8333333333333 -725.8333333333334
507.5 -740.0
503.3333333333333 -732.5
507.5 -740.0
507.5 -740.0
501.66666666666663 -728.3333333333334
500.0 -724.1666666666667
503.3333333333333 -732.5
503.3333333333333 -732.5
500.0 -724.1666666666667
500.0 -724.1666666666667
507.5 -740.0
503.3333333333333 -732.5
501.66666666666663 -728.3333333333334
507.5 -740.0
500.0 -724.1666666666667
501.66666666666663 -728.3333333333334
501.66666666666663 -728.3333333333334
503.3333333333333 -732.5
500.0 -724.1666666666667
503.3333333333333 -732.5
503.3333333333333 -732.5
503.3333333333333 -732.5
503.3333333333333 -732.5
501.66666666666663 -728.3333333333334
503.3333333333333 -732.5
501.66666666666663 -728.3333333333334
500.0 -724.1666666666667
503.3333333333333 -732.5
502.5 -730.0
503.3333333333333 -732.5
502.5 -730.0
500.0 -724.1666666666667
507.5 -740.0
500.0 -724.1666666666667
500.0 -724.1666666666667
503.3333333333333 -732.5
503.3333333333333 -732.5
503.3333333333333 -732.5
500.0 -724.1666666666667
505.0 -736.6666666666667
503.3333333333333 -732.5
502.5 -730.0
500.0 -724.1666666666667
507.5 -740.0
501.66666666666663 -728.3333333333334
501.66666666666663 -728.3333333333334
500.0 -724.1666666666667
507.5 -740.0
503.3333333333333 -732.5
503.3333333333333 -732.5
500.8333333333333 -725.8333333333334
501.66666666666663 -728.3333333333334
501.66666666666663 -728.3333333333334
503.3333333333333 -732.5
503.3333333333333 -732.5
503.3333333333333 -732.5
505.0 -736.6666666666667
507.5 -740.0
503.3333333333333 -732.5
507.5 -740.0
500.0 -724.1666666666667
505.0 -736.6666666666667
503.3333333333333 -732.5
505.0 -736.6666666666667
507.5 -740.0
503.3333333333333 -732.5
503.3333333333333 -732.5
503.3333333333333 -732.5
507.5 -740.0
503.3333333333333 -732.5
501.66666666666663 -728.3333333333334
500.0 -724.1666666666667
503.3333333333333 -732.5
501.66666666666663 -728.3333333333334
503.3333333333333 -732.5
503.3333333333333 -732.5
503.3333333333333 -732.5
503.3333333333333 -732.5
503.3333333333333 -732.5
501.66666666666663 -728.3333333333334
503.3333333333333 -732.5
501.66666666666663 -728.3333333333334
503.3333333333333 -732.5
507.5 -740.0
505.0 -736.6666666666667
507.5 -740.0
505.0 -736.6666666666667
501.66666666666663 -728.3333333333334
500.0 -724.1666666666667
505.0 -736.6666666666667
503.3333333333333 -732.5
