497.5 -717.5000000000001
516.6666666666667 -748.3333333333333
497.5 -717.5000000000001
511.6666666666667 -746.6666666666667
510.00000000000006 -743.3333333333334
515.8333333333333 -747.5
501.66666666666663 -729.1666666666667
499.16666666666663 -721.6666666666667
499.16666666666663 -721.6666666666667
500.8333333333333 -725.8333333333334
503.3333333333333 -732.5
504.1666666666667 -735.8333333333333
508.3333333333333 -741.6666666666666
507.5 -740.0
505.8333333333333 -738.3333333333334
502.5 -730.0
503.3333333333333 -732.5
500.0 -724.1666666666667
508.3333333333333 -741.6666666666666
500.0 -724.1666666666667
505.8333333333333 -738.3333333333334
505.0 -736.6666666666667
507.5 -740.0
500.8333333333333 -725.8333333333334
504.1666666666667 -735.8333333333333
505.0 -736.6666666666667
502.5 -730.0
497.5 -717.5000000000001
499.16666666666663 -721.6666666666667
503.3333333333333 -732.5
500.0 -724.1666666666667
500.8333333333333 -725.8333333333334
507.5 -740.0
502.5 -730.0
505.0 -736.6666666666667
497.5 -717.5000000000001
499.16666666666663 -721.6666666666667
503.3333333333333 -732.5
500.0 -724.1666666666667
502.5 -730.0
507.5 -740.0
500.8333333333333 -725.8333333333334
505.0 -736.6666666666667
499.16666666666663 -721.6666666666667
503.3333333333333 -732.5
500.0 -724.1666666666667
500.8333333333333 -725.8333333333334
507.5 -740.0
502.5 -730.0
505.0 -736.6666666666667
503.3333333333333 -732.5
500.0 -724.1666666666667
502.5 -730.0
500.8333333333333 -725.8333333333334
507.5 -740.0
505.0 -736.6666666666667
507.5 -740.0
503.3333333333333 -732.5
500.0 -724.1666666666667
500.8333333333333 -725.8333333333334
502.5 -730.0
505.0 -736.6666666666667
503.3333333333333 -732.5
507.5 -740.0
502.5 -730.0
507.5 -740.0
507.5 -740.0
507.5 -740.0
503.3333333333333 -732.5
503.3333333333333 -732.5
503.3333333333333 -732.5
507.5 -740.0
502.5 -730.0
507.5 -740.0
500.0 -724.1666666666667
503.3333333333333 -732.5
502.5 -730.0
503.3333333333333 -732.5
503.3333333333333 -732.5
503.3333333333333 -732.5
503.3333333333333 -732.5
503.3333333333333 -732.5
500.0 -724.1666666666667
503.3333333333333 -732.5
503.3333333333333 -732.5
503.3333333333333 -732.5
502.5 -730.0
503.3333333333333 -732.5
503.3333333333333 -732.5
502.5 -730.0
503.3333333333333 -732.5
502.5 -730.0
503.3333333333333 -732.5
503.3333333333333 -732.5
503.3333333333333 -732.5
500.0 -724.1666666666667
503.3333333333333 -732.5
507.5 -740.0
507.5 -740.0
500.0 -724.1666666666667
503.3333333333333 -732.5
500.0 -724.1666666666667
500.8333333333333 -725.8333333333334
507.5 -740.0
503.3333333333333 -732.5
507.5 -740.0
507.5 -740.0
500.0 -724.1666666666667
503.3333333333333 -732.5
503.3333333333333 -732.5
500.0 -724.1666666666667
500.0 -724.1666666666667
507.5 -740.0
503.3333333333333 -732.5
507.5 -740.0
500.0 -724.1666666666667
503.3333333333333 -732.5
500.0 -724.1666666666667
503.3333333333333 -732.5
503.3333333333333 -732.5
503.3333333333333 -732.5
503.3333333333333 -732.5
503.3333333333333 -732.5
500.0 -724.1666666666667
503.3333333333333 -732.5
502.5 -730.0
503.3333333333333 -732.5
502.5 -730.0
500.0 -724.1666666666667
507.5 -740.0
500.0 -724.1666666666667
500.0 -724.1666666666667
503.3333333333333 -732.5
503.3333333333333 -732.5
503.3333333333333 -732.5
500.0 -724.1666666666667
505.0 -736.6666666666667
503.3333333333333 -732.5
502.5 -730.0
500.0 -724.1666666666667
507.5 -740.0
500.0 -724.1666666666667
507.5 -740.0
503.3333333333333 -732.5
503.3333333333333 -732.5
500.8333333333333 -725.8333333333334
503.3333333333333 -732.5
503.3333333333333 -732.5
503.3333333333333 -732.5
505.0 -736.6666666666667
507.5 -740.0
503.3333333333333 -732.5
507.5 -740.0
500.0 -724.1666666666667
505.0 -736.6666666666667
503.3333333333333 -732.5
505.0 -736.6666666666667
507.5 -740.0
503.3333333333333 -732.5
503.3333333333333 -732.5
503.3333333333333 -732.5
507.5 -740.0
503.3333333333333 -732.5
500.0 -724.1666666666667
503.3333333333333 -732.5
503.3333333333333 -732.5
503.3333333333333 -732.5
503.3333333333333 -732.5
503.3333333333333 -732.5
503.3333333333333 -732.5
503.3333333333333 -732.5
503.3333333333333 -732.5
507.5 -740.0
505.0 -736.6666666666667
507.5 -740.0
505.0 -736.6666666666667
500.0 -724.1666666666667
505.0 -736.6666666666667
503.3333333333333 -732.5
503.3333333333333 -732.5
503.3333333333333 -732.5
505.0 -736.6666666666667
503.3333333333333 -732.5
497.5 -717.5000000000001
507.5 -740.0
503.3333333333333 -732.5
505.0 -736.6666666666667
503.3333333333333 -732.5
500.0 -724.1666666666667
502.5 -730.0
505.0 -736.6666666666667
503.3333333333333 -732.5
503.3333333333333 -732.5
500.0 -724.1666666666667
503.3333333333333 -732.5
503.3333333333333 -732.5
505.0 -736.6666666666667
503.3333333333333 -732.5
503.3333333333333 -732.5
503.3333333333333 -732.5
