497.5 -717.5000000000001
516.6666666666667 -748.3333333333333
497.5 -717.5000000000001
511.6666666666667 -746.6666666666667
510.00000000000006 -743.3333333333334
501.66666666666663 -729.1666666666667
500.8333333333333 -725.8333333333334
504.1666666666667 -735.8333333333333
500.8333333333333 -725.8333333333334
504.1666666666667 -735.8333333333333
497.5 -717.5000000000001
500.8333333333333 -725.8333333333334
497.5 -717.5000000000001
500.8333333333333 -725.8333333333334
500.8333333333333 -725.8333333333334
500.8333333333333 -725.8333333333334
500.8333333333333 -725.8333333333334
500.8333333333333 -725.8333333333334
500.8333333333333 -725.8333333333334
497.5 -717.5000000000001
507.5 -741.6666666666666
502.5 -731.6666666666666
509.16666666666663 -741.6666666666667
503.3333333333333 -733.3333333333334
501.66666666666663 -729.1666666666667
497.5 -717.5000000000001
500.8333333333333 -725.8333333333334
501.66666666666663 -729.1666666666667
500.8333333333333 -725.8333333333334
497.5 -717.5000000000001
500.8333333333333 -725.8333333333334
500.8333333333333 -725.8333333333334
497.5 -717.5000000000001
497.5 -717.5000000000001
498.33333333333337 -719.1666666666667
503.3333333333333 -733.3333333333334
497.5 -717.5000000000001
497.5 -717.5000000000001
500.0 -725.0
500.8333333333333 -725.8333333333334
501.66666666666663 -729.1666666666667
497.5 -717.5000000000001
500.8333333333333 -725.8333333333334
497.5 -717.5000000000001
505.0 -738.3333333333334
497.5 -717.5000000000001
500.0 -725.0
501.66666666666663 -729.1666666666667
500.0 -725.0
500.8333333333333 -725.8333333333334
501.66666666666663 -729.1666666666667
500.8333333333333 -725.8333333333334
500.8333333333333 -725.8333333333334
500.8333333333333 -725.8333333333334
500.8333333333333 -725.8333333333334
501.66666666666663 -729.1666666666667
497.5 -717.5000000000001
504.1666666666667 -735.8333333333333
497.5 -717.5000000000001
499.16666666666663 -722.5
500.8333333333333 -725.8333333333334
501.66666666666663 -729.1666666666667
500.0 -725.0
507.5 -741.6666666666666
502.5 -731.6666666666666
499.16666666666663 -722.5
514.1666666666667 -747.5
505.0 -738.3333333333334
498.33333333333337 -719.1666666666667
501.66666666666663 -729.1666666666667
500.8333333333333 -725.8333333333334
497.5 -717.5000000000001
501.66666666666663 -729.1666666666667
504.1666666666667 -735.8333333333333
500.0 -725.0
501.66666666666663 -729.1666666666667
500.8333333333333 -725.8333333333334
497.5 -717.5000000000001
500.8333333333333 -725.8333333333334
