516.6666666666667 -748.3333333333333
511.6666666666667 -746.6666666666667
510.00000000000006 -743.3333333333334
501.66666666666663 -729.1666666666667
504.1666666666667 -735.8333333333333
504.1666666666667 -735.8333333333333
507.5 -741.6666666666666
502.5 -731.6666666666666
509.16666666666663 -741.6666666666667
501.66666666666663 -729.1666666666667
501.66666666666663 -729.1666666666667
498.33333333333337 -719.1666666666667
501.66666666666663 -729.1666666666667
505.0 -738.3333333333334
501.66666666666663 -729.1666666666667
501.66666666666663 -729.1666666666667
501.66666666666663 -729.1666666666667
504.1666666666667 -735.8333333333333
499.16666666666663 -722.5
501.66666666666663 -729.1666666666667
507.5 -741.6666666666666
502.5 -731.6666666666666
499.16666666666663 -722.5
514.1666666666667 -747.5
505.0 -738.3333333333334
498.33333333333337 -719.1666666666667
501.66666666666663 -729.1666666666667
501.66666666666663 -729.1666666666667
504.1666666666667 -735.8333333333333
501.66666666666663 -729.1666666666667
498.33333333333337 -719.1666666666667
502.5 -731.6666666666666
499.16666666666663 -722.5
499.16666666666663 -722.5
502.5 -731.6666666666666
505.0 -738.3333333333334
503.3333333333333 -735.0
499.16666666666663 -722.5
510.00000000000006 -743.3333333333334
504.1666666666667 -735.8333333333333
501.66666666666663 -729.1666666666667
497.5 -718.3333333333334
505.0 -738.3333333333334
501.66666666666663 -729.1666666666667
501.66666666666663 -729.1666666666667
497.5 -718.3333333333334
501.66666666666663 -729.1666666666667
501.66666666666663 -729.1666666666667
510.8333333333334 -744.1666666666666
501.66666666666663 -729.1666666666667
500.0 -726.6666666666667
509.16666666666663 -741.6666666666667
501.66666666666663 -729.1666666666667
