498.33333333333337 -719.1666666666667
499.16666666666663 -722.5
499.16666666666663 -722.5
498.33333333333337 -719.1666666666667
498.33333333333337 -719.1666666666667
499.16666666666663 -722.5
499.16666666666663 -722.5
499.16666666666663 -722.5
497.5 -718.3333333333334
497.5 -718.3333333333334
499.16666666666663 -722.5
499.16666666666663 -722.5
505.0 -739.1666666666667
499.16666666666663 -722.5
499.16666666666663 -722.5
499.16666666666663 -722.5
497.5 -718.3333333333334
497.5 -718.3333333333334
498.33333333333337 -719.1666666666667
499.16666666666663 -722.5
499.16666666666663 -722.5
499.16666666666663 -722.5
498.33333333333337 -719.1666666666667
497.5 -718.3333333333334
499.16666666666663 -722.5
499.16666666666663 -722.5
499.16666666666663 -722.5
505.0 -739.1666666666667
497.5 -718.3333333333334
497.5 -718.3333333333334
499.16666666666663 -722.5
499.16666666666663 -722.5
497.5 -718.3333333333334
497.5 -718.3333333333334
499.16666666666663 -722.5
499.16666666666663 -722.5
499.16666666666663 -722.5
501.66666666666663 -732.4999999999999
501.66666666666663 -732.4999999999999
497.5 -718.3333333333334
499.16666666666663 -722.5
499.16666666666663 -722.5
497.5 -718.3333333333334
499.16666666666663 -722.5
497.5 -718.3333333333334
499.16666666666663 -722.5
497.5 -718.3333333333334
497.5 -718.3333333333334
512.5 -748.3333333333333
509.16666666666663 -742.5000000000001
504.1666666666667 -738.3333333333333
500.0 -728.3333333333334
499.16666666666663 -722.5
498.33333333333337 -719.1666666666667
499.16666666666663 -722.5
497.5 -718.3333333333334
499.16666666666663 -722.5
497.5 -718.3333333333334
505.0 -739.1666666666667
497.5 -718.3333333333334
500.0 -728.3333333333334
499.16666666666663 -722.5
497.5 -718.3333333333334
499.16666666666663 -722.5
497.5 -718.3333333333334
501.6666666666667 -732.5
507.5 -742.5
498.33333333333337 -719.1666666666667
498.33333333333337 -719.1666666666667
499.16666666666663 -722.5
499.16666666666663 -722.5
499.16666666666663 -722.5
505.0 -739.1666666666667
505.0 -739.1666666666667
498.33333333333337 -719.1666666666667
499.16666666666663 -722.5
505.0 -739.1666666666667
498.33333333333337 -719.1666666666667
497.5 -718.3333333333334
499.16666666666663 -722.5
498.33333333333337 -719.1666666666667
505.0 -739.1666666666667
505.0 -739.1666666666667
499.16666666666663 -722.5
499.16666666666663 -722.5
497.5 -718.3333333333334
507.5 -742.5
500.0 -728.3333333333334
498.33333333333337 -719.1666666666667
499.16666666666663 -722.5
499.16666666666663 -722.5
505.0 -739.1666666666667
497.5 -718.3333333333334
503.3333333333333 -736.6666666666666
497.5 -718.3333333333334
499.16666666666663 -722.5
511.6666666666667 -747.5000000000001
505.0 -739.1666666666667
509.16666666666663 -742.5000000000001
511.6666666666667 -747.5000000000001
497.5 -718.3333333333334
499.16666666666663 -722.5
514.1666666666667 -749.1666666666667
499.1666666666667 -724.1666666666666
498.33333333333337 -719.1666666666667
499.16666666666663 -722.5
498.33333333333337 -719.1666666666667
509.1666666666667 -744.1666666666667
499.16666666666663 -722.5
515.0 -750.0000000000001
507.5 -742.5
505.0 -739.1666666666667
505.0 -739.1666666666667
499.16666666666663 -722.5
497.5 -718.3333333333334
507.5 -742.5
499.16666666666663 -722.5
497.5 -718.3333333333334
502.5 -734.1666666666665
497.5 -718.3333333333334
498.33333333333337 -719.1666666666667
499.1666666666667 -724.1666666666666
497.5 -718.3333333333334
497.5 -718.3333333333334
499.16666666666663 -722.5
499.16666666666663 -722.5
499.16666666666663 -722.5
497.5 -718.3333333333334
499.16666666666663 -722.5
505.0 -739.1666666666667
499.16666666666663 -722.5
