497.5 -720.0000000000001
497.5 -720.0000000000001
515.0 -751.6666666666666
515.0 -751.6666666666666
500.83333333333337 -730.0000000000001
498.33333333333337 -720.8333333333334
501.66666666666663 -734.1666666666666
514.1666666666666 -750.8333333333334
500.0 -729.1666666666667
499.16666666666663 -724.1666666666667
507.5 -742.5
507.5 -742.5
505.0 -739.1666666666667
510.0 -745.0
499.16666666666663 -724.1666666666667
503.3333333333333 -737.5
511.66666666666663 -748.3333333333334
501.66666666666663 -734.1666666666666
505.0 -739.1666666666667
503.3333333333333 -737.5
511.66666666666663 -748.3333333333334
509.16666666666663 -744.1666666666667
510.0 -745.0
512.5 -749.1666666666666
512.5 -749.1666666666666
509.16666666666663 -744.1666666666667
504.1666666666667 -738.3333333333333
500.0 -729.1666666666667
504.1666666666667 -738.3333333333333
515.0 -751.6666666666666
507.5 -742.5
501.66666666666663 -734.1666666666666
505.0 -739.1666666666667
503.3333333333333 -737.5
511.66666666666663 -748.3333333333334
510.0 -745.0
512.5 -749.1666666666666
509.16666666666663 -744.1666666666667
500.0 -729.1666666666667
515.0 -751.6666666666666
507.5 -742.5
501.66666666666663 -734.1666666666666
505.0 -739.1666666666667
503.3333333333333 -737.5
511.66666666666663 -748.3333333333334
510.0 -745.0
512.5 -749.1666666666666
509.16666666666663 -744.1666666666667
500.0 -729.1666666666667
515.0 -751.6666666666666
507.5 -742.5
501.66666666666663 -734.1666666666666
505.0 -739.1666666666667
503.3333333333333 -737.5
511.66666666666663 -748.3333333333334
510.0 -745.0
512.5 -749.1666666666666
509.16666666666663 -744.1666666666667
500.0 -729.1666666666667
515.0 -751.6666666666666
507.5 -742.5
501.66666666666663 -734.1666666666666
505.0 -739.1666666666667
503.3333333333333 -737.5
511.66666666666663 -748.3333333333334
510.0 -745.0
509.16666666666663 -744.1666666666667
512.5 -749.1666666666666
500.0 -729.1666666666667
515.0 -751.6666666666666
507.5 -742.5
505.0 -739.1666666666667
511.66666666666663 -748.3333333333334
510.0 -745.0
509.16666666666663 -744.1666666666667
512.5 -749.1666666666666
500.0 -729.1666666666667
515.0 -751.6666666666666
507.5 -742.5
505.0 -739.1666666666667
511.66666666666663 -748.3333333333334
510.0 -745.0
509.16666666666663 -744.1666666666667
512.5 -749.1666666666666
500.0 -729.1666666666667
515.0 -751.6666666666666
507.5 -742.5
505.0 -739.1666666666667
511.66666666666663 -748.3333333333334
510.0 -745.0
509.16666666666663 -744.1666666666667
512.5 -749.1666666666666
500.0 -729.1666666666667
515.0 -751.6666666666666
507.5 -742.5
505.0 -739.1666666666667
511.66666666666663 -748.3333333333334
510.0 -745.0
509.16666666666663 -744.1666666666667
512.5 -749.1666666666666
500.0 -729.1666666666667
515.0 -751.6666666666666
507.5 -742.5
505.0 -739.1666666666667
511.66666666666663 -748.3333333333334
510.0 -745.0
512.5 -749.1666666666666
500.0 -729.1666666666667
515.0 -751.6666666666666
507.5 -742.5
505.0 -739.1666666666667
510.0 -745.0
512.5 -749.1666666666666
500.0 -729.1666666666667
507.5 -742.5
505.0 -739.1666666666667
510.0 -745.0
512.5 -749.1666666666666
507.5 -742.5
505.0 -739.1666666666667
510.0 -745.0
512.5 -749.1666666666666
507.5 -742.5
505.0 -739.1666666666667
510.0 -745.0
512.5 -749.1666666666666
507.5 -742.5
505.0 -739.1666666666667
510.0 -745.0
512.5 -749.1666666666666
507.5 -742.5
505.0 -739.1666666666667
510.0 -745.0
512.5 -749.1666666666666
507.5 -742.5
505.0 -739.1666666666667
510.0 -745.0
512.5 -749.1666666666666
507.5 -742.5
505.0 -739.1666666666667
510.0 -745.0
512.5 -749.1666666666666
505.0 -739.1666666666667
507.5 -742.5
510.0 -745.0
512.5 -749.1666666666666
505.0 -739.1666666666667
507.5 -742.5
512.5 -749.1666666666666
505.0 -739.1666666666667
507.5 -742.5
505.0 -739.1666666666667
507.5 -742.5
505.0 -739.1666666666667
507.5 -742.5
505.0 -739.1666666666667
507.5 -742.5
505.0 -739.1666666666667
507.5 -742.5
505.0 -739.1666666666667
507.5 -742.5
505.0 -739.1666666666667
507.5 -742.5
505.0 -739.1666666666667
507.5 -742.5
505.0 -739.1666666666667
507.5 -742.5
505.0 -739.1666666666667
505.0 -739.1666666666667
505.0 -739.1666666666667
505.0 -739.1666666666667
505.0 -739.1666666666667
505.0 -739.1666666666667
505.0 -739.1666666666667
505.0 -739.1666666666667
505.0 -739.1666666666667
505.0 -739.1666666666667
507.5 -742.5
505.0 -739.1666666666667
507.5 -742.5
505.0 -739.1666666666667
512.5 -749.1666666666666
505.0 -739.1666666666667
505.0 -739.1666666666667
507.5 -742.5
505.0 -739.1666666666667
505.0 -739.1666666666667
505.0 -739.1666666666667
507.5 -742.5
507.5 -742.5
507.5 -742.5
507.5 -742.5
505.0 -739.1666666666667
507.5 -742.5
505.0 -739.1666666666667
507.5 -742.5
507.5 -742.5
505.0 -739.1666666666667
505.0 -739.1666666666667
512.5 -749.1666666666666
