497.5 -720.0000000000001
515.8333333333335 -755.0
497.5 -720.0000000000001
515.8333333333335 -755.0
498.33333333333337 -720.8333333333334
500.0 -730.0
499.16666666666663 -725.0
499.16666666666663 -725.0
507.5 -745.0
505.0 -740.8333333333334
502.5 -735.0
503.3333333333333 -738.3333333333334
500.83333333333337 -730.8333333333334
501.66666666666663 -734.1666666666666
510.8333333333333 -748.3333333333334
511.6666666666667 -750.8333333333334
506.6666666666667 -743.3333333333335
513.3333333333335 -752.5
512.5 -751.6666666666667
515.0 -754.1666666666667
505.8333333333333 -741.6666666666666
505.83333333333337 -742.5000000000001
500.0 -730.0
511.6666666666667 -750.8333333333334
508.33333333333337 -745.8333333333334
504.16666666666663 -739.1666666666666
506.6666666666667 -743.3333333333335
510.0 -747.5000000000001
509.1666666666667 -746.6666666666667
502.5 -735.0
508.33333333333337 -745.8333333333334
509.1666666666667 -746.6666666666667
510.8333333333333 -748.3333333333334
501.66666666666663 -734.1666666666666
514.1666666666667 -753.3333333333334
514.1666666666667 -753.3333333333334
500.83333333333337 -730.8333333333334
503.3333333333333 -738.3333333333334
510.0 -747.5000000000001
512.5 -751.6666666666667
515.0 -754.1666666666667
513.3333333333335 -752.5
504.1666666666667 -739.1666666666667
504.1666666666667 -739.1666666666667
505.83333333333337 -742.5000000000001
505.8333333333333 -741.6666666666666
497.5 -720.0000000000001
499.16666666666663 -725.0
508.33333333333337 -745.8333333333334
510.0 -747.5000000000001
500.0 -730.0
511.6666666666667 -750.8333333333334
502.5 -735.0
510.8333333333333 -748.3333333333334
501.66666666666663 -734.1666666666666
500.83333333333337 -730.8333333333334
514.1666666666667 -753.3333333333334
503.3333333333333 -738.3333333333334
512.5 -751.6666666666667
515.0 -754.1666666666667
513.3333333333335 -752.5
505.8333333333333 -741.6666666666666
505.83333333333337 -742.5000000000001
504.1666666666667 -739.1666666666667
497.5 -720.0000000000001
499.16666666666663 -725.0
510.0 -747.5000000000001
500.0 -730.0
511.6666666666667 -750.8333333333334
502.5 -735.0
510.8333333333333 -748.3333333333334
501.66666666666663 -734.1666666666666
514.1666666666667 -753.3333333333334
500.83333333333337 -730.8333333333334
503.3333333333333 -738.3333333333334
512.5 -751.6666666666667
515.0 -754.1666666666667
513.3333333333335 -752.5
508.33333333333337 -745.8333333333334
505.8333333333333 -741.6666666666666
505.83333333333337 -742.5000000000001
504.1666666666667 -739.1666666666667
497.5 -720.0000000000001
499.16666666666663 -725.0
510.0 -747.5000000000001
500.0 -730.0
502.5 -735.0
510.8333333333333 -748.3333333333334
501.66666666666663 -734.1666666666666
500.83333333333337 -730.8333333333334
503.3333333333333 -738.3333333333334
512.5 -751.6666666666667
515.0 -754.1666666666667
513.3333333333335 -752.5
508.33333333333337 -745.8333333333334
505.8333333333333 -741.6666666666666
505.83333333333337 -742.5000000000001
504.1666666666667 -739.1666666666667
497.5 -720.0000000000001
510.0 -747.5000000000001
500.0 -730.0
502.5 -735.0
510.8333333333333 -748.3333333333334
501.66666666666663 -734.1666666666666
500.83333333333337 -730.8333333333334
512.5 -751.6666666666667
503.3333333333333 -738.3333333333334
515.0 -754.1666666666667
513.3333333333335 -752.5
508.33333333333337 -745.8333333333334
505.8333333333333 -741.6666666666666
505.83333333333337 -742.5000000000001
504.1666666666667 -739.1666666666667
497.5 -720.0000000000001
510.0 -747.5000000000001
500.0 -730.0
502.5 -735.0
501.66666666666663 -734.1666666666666
500.83333333333337 -730.8333333333334
503.3333333333333 -738.3333333333334
510.8333333333333 -748.3333333333334
515.0 -754.1666666666667
513.3333333333335 -752.5
508.33333333333337 -745.8333333333334
505.8333333333333 -741.6666666666666
505.83333333333337 -742.5000000000001
504.1666666666667 -739.1666666666667
497.5 -720.0000000000001
510.0 -747.5000000000001
500.0 -730.0
502.5 -735.0
501.66666666666663 -734.1666666666666
500.83333333333337 -730.8333333333334
503.3333333333333 -738.3333333333334
510.8333333333333 -748.3333333333334
515.0 -754.1666666666667
505.8333333333333 -741.6666666666666
505.83333333333337 -742.5000000000001
504.1666666666667 -739.1666666666667
497.5 -720.0000000000001
515.0 -754.1666666666667
510.0 -747.5000000000001
500.0 -730.0
502.5 -735.0
501.66666666666663 -734.1666666666666
500.83333333333337 -730.8333333333334
503.3333333333333 -738.3333333333334
510.8333333333333 -748.3333333333334
505.8333333333333 -741.6666666666666
505.83333333333337 -742.5000000000001
504.1666666666667 -739.1666666666667
497.5 -720.0000000000001
500.0 -730.0
502.5 -735.0
501.66666666666663 -734.1666666666666
503.3333333333333 -738.3333333333334
510.8333333333333 -748.3333333333334
505.8333333333333 -741.6666666666666
504.1666666666667 -739.1666666666667
505.83333333333337 -742.5000000000001
504.1666666666667 -739.1666666666667
505.8333333333333 -741.6666666666666
500.0 -730.0
502.5 -735.0
501.66666666666663 -734.1666666666666
503.3333333333333 -738.3333333333334
510.8333333333333 -748.3333333333334
505.83333333333337 -742.5000000000001
504.1666666666667 -739.1666666666667
505.8333333333333 -741.6666666666666
502.5 -735.0
501.66666666666663 -734.1666666666666
503.3333333333333 -738.3333333333334
510.8333333333333 -748.3333333333334
505.83333333333337 -742.5000000000001
504.1666666666667 -739.1666666666667
505.8333333333333 -741.6666666666666
502.5 -735.0
501.66666666666663 -734.1666666666666
503.3333333333333 -738.3333333333334
510.8333333333333 -748.3333333333334
505.83333333333337 -742.5000000000001
504.1666666666667 -739.1666666666667
505.8333333333333 -741.6666666666666
502.5 -735.0
501.66666666666663 -734.1666666666666
503.3333333333333 -738.3333333333334
510.8333333333333 -748.3333333333334
504.1666666666667 -739.1666666666667
505.8333333333333 -741.6666666666666
502.5 -735.0
501.66666666666663 -734.1666666666666
503.3333333333333 -738.3333333333334
510.8333333333333 -748.3333333333334
504.1666666666667 -739.1666666666667
505.8333333333333 -741.6666666666666
502.5 -735.0
501.66666666666663 -734.1666666666666
503.3333333333333 -738.3333333333334
510.8333333333333 -748.3333333333334
