497.5 -720.8333333333334
515.8333333333333 -755.0
497.5 -720.8333333333334
515.8333333333333 -755.0
499.16666666666663 -725.0
502.49999999999994 -736.6666666666666
509.1666666666667 -747.5000000000001
514.1666666666667 -754.1666666666667
500.0 -730.0
499.16666666666663 -725.0
510.8333333333333 -748.3333333333335
500.8333333333333 -730.8333333333334
501.66666666666663 -734.1666666666666
501.66666666666663 -734.1666666666666
511.6666666666667 -750.8333333333334
508.3333333333333 -745.8333333333334
503.3333333333333 -738.3333333333334
513.3333333333333 -752.5
505.0 -740.8333333333334
506.6666666666667 -743.3333333333335
507.5 -745.0
513.3333333333333 -752.5
500.0 -730.0
511.6666666666667 -750.8333333333334
508.3333333333333 -745.8333333333334
510.8333333333333 -748.3333333333335
505.0 -740.8333333333334
507.5 -745.0
505.8333333333333 -741.6666666666667
500.8333333333333 -730.8333333333334
505.83333333333337 -742.5000000000001
506.6666666666667 -743.3333333333335
503.3333333333333 -738.3333333333334
512.5 -751.6666666666667
512.5 -751.6666666666667
504.1666666666667 -739.1666666666667
504.16666666666663 -739.1666666666666
504.1666666666667 -739.1666666666667
505.83333333333337 -742.5000000000001
505.8333333333333 -741.6666666666667
504.16666666666663 -739.1666666666666
497.5 -720.8333333333334
515.8333333333333 -755.0
499.16666666666663 -725.0
513.3333333333333 -752.5
500.0 -730.0
511.6666666666667 -750.8333333333334
510.8333333333333 -748.3333333333335
505.0 -740.8333333333334
507.5 -745.0
508.3333333333333 -745.8333333333334
506.6666666666667 -743.3333333333335
503.3333333333333 -738.3333333333334
501.66666666666663 -734.1666666666666
512.5 -751.6666666666667
504.1666666666667 -739.1666666666667
505.83333333333337 -742.5000000000001
505.8333333333333 -741.6666666666667
504.16666666666663 -739.1666666666666
515.8333333333333 -755.0
497.5 -720.8333333333334
499.16666666666663 -725.0
513.3333333333333 -752.5
500.0 -730.0
511.6666666666667 -750.8333333333334
510.8333333333333 -748.3333333333335
505.0 -740.8333333333334
507.5 -745.0
508.3333333333333 -745.8333333333334
506.6666666666667 -743.3333333333335
503.3333333333333 -738.3333333333334
501.66666666666663 -734.1666666666666
512.5 -751.6666666666667
504.1666666666667 -739.1666666666667
505.83333333333337 -742.5000000000001
505.8333333333333 -741.6666666666667
504.16666666666663 -739.1666666666666
515.8333333333333 -755.0
499.16666666666663 -725.0
513.3333333333333 -752.5
500.0 -730.0
511.6666666666667 -750.8333333333334
510.8333333333333 -748.3333333333335
505.0 -740.8333333333334
507.5 -745.0
508.3333333333333 -745.8333333333334
506.6666666666667 -743.3333333333335
503.3333333333333 -738.3333333333334
501.66666666666663 -734.1666666666666
512.5 -751.6666666666667
504.1666666666667 -739.1666666666667
505.83333333333337 -742.5000000000001
505.8333333333333 -741.6666666666667
499.16666666666663 -725.0
513.3333333333333 -752.5
500.0 -730.0
511.6666666666667 -750.8333333333334
510.8333333333333 -748.3333333333335
505.0 -740.8333333333334
507.5 -745.0
506.6666666666667 -743.3333333333335
503.3333333333333 -738.3333333333334
512.5 -751.6666666666667
501.66666666666663 -734.1666666666666
504.1666666666667 -739.1666666666667
505.83333333333337 -742.5000000000001
505.8333333333333 -741.6666666666667
499.16666666666663 -725.0
513.3333333333333 -752.5
500.0 -730.0
511.6666666666667 -750.8333333333334
510.8333333333333 -748.3333333333335
505.0 -740.8333333333334
507.5 -745.0
506.6666666666667 -743.3333333333335
503.3333333333333 -738.3333333333334
512.5 -751.6666666666667
501.66666666666663 -734.1666666666666
504.1666666666667 -739.1666666666667
505.83333333333337 -742.5000000000001
505.8333333333333 -741.6666666666667
499.16666666666663 -725.0
513.3333333333333 -752.5
500.0 -730.0
511.6666666666667 -750.8333333333334
510.8333333333333 -748.3333333333335
505.0 -740.8333333333334
507.5 -745.0
506.6666666666667 -743.3333333333335
501.66666666666663 -734.1666666666666
503.3333333333333 -738.3333333333334
512.5 -751.6666666666667
504.1666666666667 -739.1666666666667
505.83333333333337 -742.5000000000001
505.8333333333333 -741.6666666666667
499.16666666666663 -725.0
513.3333333333333 -752.5
500.0 -730.0
511.6666666666667 -750.8333333333334
510.8333333333333 -748.3333333333335
505.0 -740.8333333333334
507.5 -745.0
506.6666666666667 -743.3333333333335
501.66666666666663 -734.1666666666666
503.3333333333333 -738.3333333333334
512.5 -751.6666666666667
504.1666666666667 -739.1666666666667
505.83333333333337 -742.5000000000001
505.8333333333333 -741.6666666666667
500.0 -730.0
511.6666666666667 -750.8333333333334
510.8333333333333 -748.3333333333335
505.0 -740.8333333333334
507.5 -745.0
506.6666666666667 -743.3333333333335
501.66666666666663 -734.1666666666666
503.3333333333333 -738.3333333333334
512.5 -751.6666666666667
504.1666666666667 -739.1666666666667
505.83333333333337 -742.5000000000001
505.8333333333333 -741.6666666666667
500.0 -730.0
511.6666666666667 -750.8333333333334
510.8333333333333 -748.3333333333335
505.0 -740.8333333333334
507.5 -745.0
506.6666666666667 -743.3333333333335
501.66666666666663 -734.1666666666666
503.3333333333333 -738.3333333333334
512.5 -751.6666666666667
504.1666666666667 -739.1666666666667
505.83333333333337 -742.5000000000001
505.8333333333333 -741.6666666666667
500.0 -730.0
511.6666666666667 -750.8333333333334
510.8333333333333 -748.3333333333335
505.0 -740.8333333333334
507.5 -745.0
506.6666666666667 -743.3333333333335
501.66666666666663 -734.1666666666666
503.3333333333333 -738.3333333333334
512.5 -751.6666666666667
510.8333333333333 -748.3333333333335
513.3333333333333 -752.5
511.6666666666667 -750.8333333333334
501.66666666666663 -734.1666666666666
505.0 -740.8333333333334
510.8333333333333 -748.3333333333335
505.83333333333337 -742.5000000000001
510.8333333333333 -748.3333333333335
505.83333333333337 -742.5000000000001
511.6666666666667 -750.8333333333334
510.8333333333333 -748.3333333333335
507.5 -745.0
505.83333333333337 -742.5000000000001
505.83333333333337 -742.5000000000001
506.6666666666667 -743.3333333333335
504.1666666666667 -739.1666666666667
512.5 -751.6666666666667
513.3333333333333 -752.5
