497.5 -720.8333333333335
516.6666666666666 -758.3333333333335
516.6666666666666 -758.3333333333335
513.3333333333333 -754.1666666666667
505.0 -742.5
510.0 -749.1666666666669
506.6666666666667 -745.0000000000001
502.49999999999994 -737.5
499.99999999999994 -727.5
501.66666666666663 -734.9999999999999
500.0 -730.0000000000001
505.83333333333337 -744.1666666666667
498.3333333333333 -723.3333333333334
504.16666666666663 -740.0
499.16666666666663 -725.8333333333334
515.0 -756.6666666666667
500.8333333333333 -732.5
498.3333333333333 -723.3333333333334
501.66666666666663 -734.9999999999999
500.8333333333333 -732.5
515.0 -756.6666666666667
508.33333333333337 -747.5
502.49999999999994 -737.5
499.16666666666663 -725.8333333333334
512.5 -752.5000000000001
505.8333333333333 -742.5000000000001
503.3333333333333 -739.1666666666666
510.8333333333333 -750.8333333333334
500.0 -730.0000000000001
509.1666666666667 -748.3333333333334
503.3333333333333 -739.1666666666666
515.8333333333333 -757.5000000000001
504.16666666666663 -740.0
511.6666666666667 -752.5
510.8333333333333 -750.8333333333334
507.5 -745.8333333333334
509.1666666666667 -748.3333333333334
515.8333333333333 -757.5000000000001
511.66666666666663 -751.6666666666667
508.3333333333333 -746.6666666666667
507.5 -745.8333333333334
499.99999999999994 -727.5
512.5 -752.5000000000001
511.66666666666663 -751.6666666666667
508.3333333333333 -746.6666666666667
505.8333333333333 -742.5000000000001
516.6666666666666 -758.3333333333335
501.66666666666663 -734.9999999999999
500.8333333333333 -732.5
498.3333333333333 -723.3333333333334
515.0 -756.6666666666667
499.16666666666663 -725.8333333333334
500.0 -730.0000000000001
503.3333333333333 -739.1666666666666
504.16666666666663 -740.0
510.8333333333333 -750.8333333333334
511.66666666666663 -751.6666666666667
509.1666666666667 -748.3333333333334
515.8333333333333 -757.5000000000001
512.5 -752.5000000000001
507.5 -745.8333333333334
499.99999999999994 -727.5
505.8333333333333 -742.5000000000001
508.3333333333333 -746.6666666666667
501.66666666666663 -734.9999999999999
498.3333333333333 -723.3333333333334
500.8333333333333 -732.5
499.16666666666663 -725.8333333333334
500.0 -730.0000000000001
515.0 -756.6666666666667
503.3333333333333 -739.1666666666666
504.16666666666663 -740.0
510.8333333333333 -750.8333333333334
511.66666666666663 -751.6666666666667
509.1666666666667 -748.3333333333334
515.8333333333333 -757.5000000000001
512.5 -752.5000000000001
507.5 -745.8333333333334
499.99999999999994 -727.5
508.3333333333333 -746.6666666666667
505.8333333333333 -742.5000000000001
515.8333333333333 -757.5000000000001
501.66666666666663 -734.9999999999999
500.8333333333333 -732.5
498.3333333333333 -723.3333333333334
515.0 -756.6666666666667
503.3333333333333 -739.1666666666666
504.16666666666663 -740.0
510.8333333333333 -750.8333333333334
511.66666666666663 -751.6666666666667
509.1666666666667 -748.3333333333334
500.0 -730.0000000000001
512.5 -752.5000000000001
507.5 -745.8333333333334
499.99999999999994 -727.5
505.8333333333333 -742.5000000000001
508.3333333333333 -746.6666666666667
515.8333333333333 -757.5000000000001
501.66666666666663 -734.9999999999999
500.8333333333333 -732.5
498.3333333333333 -723.3333333333334
503.3333333333333 -739.1666666666666
504.16666666666663 -740.0
510.8333333333333 -750.8333333333334
507.5 -745.8333333333334
511.66666666666663 -751.6666666666667
509.1666666666667 -748.3333333333334
500.0 -730.0000000000001
512.5 -752.5000000000001
499.99999999999994 -727.5
505.8333333333333 -742.5000000000001
508.3333333333333 -746.6666666666667
501.66666666666663 -734.9999999999999
498.3333333333333 -723.3333333333334
500.8333333333333 -732.5
503.3333333333333 -739.1666666666666
504.16666666666663 -740.0
510.8333333333333 -750.8333333333334
507.5 -745.8333333333334
511.66666666666663 -751.6666666666667
512.5 -752.5000000000001
509.1666666666667 -748.3333333333334
499.99999999999994 -727.5
505.8333333333333 -742.5000000000001
508.3333333333333 -746.6666666666667
500.8333333333333 -732.5
498.3333333333333 -723.3333333333334
504.16666666666663 -740.0
510.8333333333333 -750.8333333333334
507.5 -745.8333333333334
511.66666666666663 -751.6666666666667
508.3333333333333 -746.6666666666667
512.5 -752.5000000000001
499.99999999999994 -727.5
503.3333333333333 -739.1666666666666
505.8333333333333 -742.5000000000001
498.3333333333333 -723.3333333333334
500.8333333333333 -732.5
504.16666666666663 -740.0
510.8333333333333 -750.8333333333334
507.5 -745.8333333333334
511.66666666666663 -751.6666666666667
508.3333333333333 -746.6666666666667
499.99999999999994 -727.5
503.3333333333333 -739.1666666666666
505.8333333333333 -742.5000000000001
498.3333333333333 -723.3333333333334
500.8333333333333 -732.5
504.16666666666663 -740.0
507.5 -745.8333333333334
508.3333333333333 -746.6666666666667
499.99999999999994 -727.5
503.3333333333333 -739.1666666666666
505.8333333333333 -742.5000000000001
498.3333333333333 -723.3333333333334
500.8333333333333 -732.5
504.16666666666663 -740.0
507.5 -745.8333333333334
499.99999999999994 -727.5
505.8333333333333 -742.5000000000001
500.8333333333333 -732.5
507.5 -745.8333333333334
505.8333333333333 -742.5000000000001
500.8333333333333 -732.5
507.5 -745.8333333333334
505.8333333333333 -742.5000000000001
500.8333333333333 -732.5
507.5 -745.8333333333334
505.8333333333333 -742.5000000000001
500.8333333333333 -732.5
507.5 -745.8333333333334
505.8333333333333 -742.5000000000001
500.8333333333333 -732.5
507.5 -745.8333333333334
505.8333333333333 -742.5000000000001
500.8333333333333 -732.5
507.5 -745.8333333333334
505.8333333333333 -742.5000000000001
500.8333333333333 -732.5
507.5 -745.8333333333334
505.8333333333333 -742.5000000000001
500.8333333333333 -732.5
500.8333333333333 -732.5
500.8333333333333 -732.5
500.8333333333333 -732.5
500.8333333333333 -732.5
512.5 -752.5000000000001
512.5 -752.5000000000001
509.1666666666667 -748.3333333333334
507.5 -745.8333333333334
500.8333333333333 -732.5
500.8333333333333 -732.5
511.66666666666663 -751.6666666666667
508.3333333333333 -746.6666666666667
508.3333333333333 -746.6666666666667
512.5 -752.5000000000001
512.5 -752.5000000000001
510.8333333333333 -750.8333333333334
507.5 -745.8333333333334
505.8333333333333 -742.5000000000001
