497.5 -721.6666666666669
497.5 -721.6666666666669
514.1666666666666 -759.1666666666669
512.5 -759.1666666666667
509.1666666666667 -754.1666666666667
498.3333333333333 -724.1666666666666
499.16666666666663 -726.6666666666666
499.16666666666663 -726.6666666666666
498.3333333333333 -724.1666666666666
514.1666666666666 -759.1666666666669
505.83333333333337 -749.1666666666669
505.8333333333333 -749.1666666666667
508.3333333333333 -753.3333333333334
508.3333333333333 -753.3333333333334
510.0 -755.0000000000001
510.0 -755.0000000000001
505.83333333333337 -749.1666666666669
512.5 -759.1666666666667
499.16666666666663 -726.6666666666666
498.3333333333333 -724.1666666666666
505.83333333333337 -749.1666666666669
512.5 -759.1666666666667
499.16666666666663 -726.6666666666666
498.3333333333333 -724.1666666666666
512.5 -759.1666666666667
499.16666666666663 -726.6666666666666
512.5 -759.1666666666667
499.16666666666663 -726.6666666666666
512.5 -759.1666666666667
499.16666666666663 -726.6666666666666
512.5 -759.1666666666667
499.16666666666663 -726.6666666666666
512.5 -759.1666666666667
499.16666666666663 -726.6666666666666
499.16666666666663 -726.6666666666666
499.16666666666663 -726.6666666666666
499.16666666666663 -726.6666666666666
499.16666666666663 -726.6666666666666
499.16666666666663 -726.6666666666666
499.16666666666663 -726.6666666666666
509.1666666666667 -754.1666666666667
505.83333333333337 -749.1666666666669
505.0 -748.3333333333334
506.6666666666667 -750.0000000000001
511.6666666666667 -758.3333333333335
498.3333333333333 -724.1666666666666
501.66666666666663 -740.8333333333333
498.3333333333333 -724.1666666666666
499.16666666666663 -726.6666666666666
512.5 -759.1666666666667
509.1666666666667 -754.1666666666667
499.16666666666663 -726.6666666666666
514.1666666666666 -759.1666666666669
502.49999999999994 -743.3333333333333
512.5 -759.1666666666667
503.3333333333333 -745.0
498.3333333333333 -724.1666666666666
515.8333333333333 -763.3333333333335
499.16666666666663 -726.6666666666666
505.0 -748.3333333333334
509.1666666666667 -754.1666666666667
499.16666666666663 -726.6666666666666
499.16666666666663 -726.6666666666666
512.5 -759.1666666666667
510.0 -755.0000000000001
505.0 -748.3333333333334
506.6666666666667 -750.0000000000001
506.6666666666667 -750.0000000000001
510.0 -755.0000000000001
511.6666666666667 -758.3333333333335
499.16666666666663 -726.6666666666666
515.0 -762.5000000000001
505.8333333333333 -749.1666666666667
499.16666666666663 -726.6666666666666
498.3333333333333 -724.1666666666666
508.3333333333333 -753.3333333333334
498.3333333333333 -724.1666666666666
499.16666666666663 -726.6666666666666
514.1666666666666 -759.1666666666669
511.6666666666667 -758.3333333333335
505.83333333333337 -749.1666666666669
498.3333333333333 -724.1666666666666
500.0 -735.8333333333334
501.66666666666663 -740.8333333333333
499.16666666666663 -726.6666666666666
501.66666666666663 -740.8333333333333
512.5 -759.1666666666667
510.0 -755.0000000000001
508.3333333333333 -753.3333333333334
511.6666666666667 -758.3333333333335
510.0 -755.0000000000001
512.5 -759.1666666666667
501.66666666666663 -740.8333333333333
511.6666666666667 -758.3333333333335
510.0 -755.0000000000001
512.5 -759.1666666666667
515.0 -762.5000000000001
510.0 -755.0000000000001
509.16666666666663 -753.3333333333335
509.1666666666667 -754.1666666666667
512.5 -759.1666666666667
515.0 -762.5000000000001
499.99999999999994 -729.1666666666667
501.66666666666663 -740.8333333333333
497.5 -721.6666666666669
509.1666666666667 -754.1666666666667
505.83333333333337 -749.1666666666669
505.0 -748.3333333333334
498.3333333333333 -724.1666666666666
512.5 -759.1666666666667
497.5 -721.6666666666669
508.3333333333333 -753.3333333333334
512.5 -759.1666666666667
515.8333333333333 -763.3333333333335
508.3333333333333 -753.3333333333334
502.49999999999994 -743.3333333333333
499.16666666666663 -726.6666666666666
502.49999999999994 -743.3333333333333
505.83333333333337 -749.1666666666669
509.1666666666667 -754.1666666666667
512.5 -759.1666666666667
509.1666666666667 -754.1666666666667
510.0 -755.0000000000001
511.6666666666667 -758.3333333333335
511.6666666666667 -758.3333333333335
511.6666666666667 -758.3333333333335
499.16666666666663 -726.6666666666666
515.0 -762.5000000000001
511.6666666666667 -758.3333333333335
511.66666666666663 -757.5000000000001
497.5 -721.6666666666669
505.8333333333333 -749.1666666666667
512.5 -759.1666666666667
511.6666666666667 -758.3333333333335
512.5 -759.1666666666667
510.0 -755.0000000000001
507.5 -752.5000000000001
499.16666666666663 -726.6666666666666
518.3333333333333 -765.8333333333335
510.8333333333333 -756.6666666666667
509.1666666666667 -754.1666666666667
510.0 -755.0000000000001
512.5 -759.1666666666667
502.49999999999994 -743.3333333333333
515.8333333333333 -763.3333333333335
507.5 -752.5000000000001
512.5 -759.1666666666667
508.3333333333333 -753.3333333333334
510.0 -755.0000000000001
512.5 -759.1666666666667
510.8333333333333 -756.6666666666667
503.33333333333326 -744.1666666666666
499.16666666666663 -726.6666666666666
509.1666666666667 -754.1666666666667
498.3333333333333 -724.1666666666666
