518.3333333333333 -770.0000000000001
497.5 -725.0000000000001
518.3333333333333 -770.0000000000001
500.8333333333333 -744.1666666666666
500.0 -735.8333333333334
498.3333333333333 -730.0
498.3333333333333 -730.0
500.0 -735.8333333333334
502.50000000000006 -745.8333333333334
516.6666666666666 -768.3333333333335
513.3333333333333 -765.8333333333334
509.16666666666663 -760.0
504.1666666666667 -750.0
505.0 -753.3333333333335
503.33333333333337 -749.1666666666667
506.6666666666667 -755.8333333333335
502.50000000000006 -745.8333333333334
507.5 -757.5000000000001
508.3333333333333 -758.3333333333335
512.5 -764.1666666666669
514.1666666666667 -765.8333333333335
517.5 -769.1666666666667
515.8333333333333 -767.5000000000001
505.0 -753.3333333333335
507.5 -757.5000000000001
508.3333333333333 -758.3333333333335
511.6666666666667 -763.3333333333335
510.0 -760.0000000000002
503.33333333333337 -749.1666666666667
505.8333333333333 -754.1666666666669
504.1666666666667 -750.0
515.8333333333333 -767.5000000000001
511.66666666666663 -762.5000000000001
515.0 -766.6666666666669
512.5 -764.1666666666669
515.0 -766.6666666666669
505.83333333333337 -755.0000000000001
517.5 -769.1666666666667
510.0 -760.0000000000002
510.8333333333333 -760.8333333333334
506.66666666666663 -755.8333333333334
510.83333333333337 -760.8333333333335
514.1666666666667 -765.8333333333335
510.83333333333337 -760.8333333333335
511.66666666666663 -762.5000000000001
511.6666666666667 -763.3333333333335
505.8333333333333 -754.1666666666669
505.83333333333337 -755.0000000000001
506.66666666666663 -755.8333333333334
510.8333333333333 -760.8333333333334
518.3333333333333 -770.0000000000001
498.3333333333333 -730.0
500.0 -735.8333333333334
502.50000000000006 -745.8333333333334
505.0 -753.3333333333335
507.5 -757.5000000000001
508.3333333333333 -758.3333333333335
503.33333333333337 -749.1666666666667
515.8333333333333 -767.5000000000001
512.5 -764.1666666666669
515.0 -766.6666666666669
517.5 -769.1666666666667
510.0 -760.0000000000002
514.1666666666667 -765.8333333333335
511.6666666666667 -763.3333333333335
505.8333333333333 -754.1666666666669
506.66666666666663 -755.8333333333334
510.8333333333333 -760.8333333333334
500.0 -735.8333333333334
502.50000000000006 -745.8333333333334
505.0 -753.3333333333335
507.5 -757.5000000000001
508.3333333333333 -758.3333333333335
503.33333333333337 -749.1666666666667
515.8333333333333 -767.5000000000001
512.5 -764.1666666666669
515.0 -766.6666666666669
517.5 -769.1666666666667
510.0 -760.0000000000002
514.1666666666667 -765.8333333333335
511.6666666666667 -763.3333333333335
505.8333333333333 -754.1666666666669
510.8333333333333 -760.8333333333334
500.0 -735.8333333333334
505.0 -753.3333333333335
507.5 -757.5000000000001
508.3333333333333 -758.3333333333335
503.33333333333337 -749.1666666666667
515.8333333333333 -767.5000000000001
512.5 -764.1666666666669
517.5 -769.1666666666667
510.0 -760.0000000000002
514.1666666666667 -765.8333333333335
511.6666666666667 -763.3333333333335
505.8333333333333 -754.1666666666669
510.8333333333333 -760.8333333333334
500.0 -735.8333333333334
505.0 -753.3333333333335
507.5 -757.5000000000001
515.8333333333333 -767.5000000000001
512.5 -764.1666666666669
517.5 -769.1666666666667
510.0 -760.0000000000002
514.1666666666667 -765.8333333333335
511.6666666666667 -763.3333333333335
505.8333333333333 -754.1666666666669
510.8333333333333 -760.8333333333334
500.0 -735.8333333333334
507.5 -757.5000000000001
505.0 -753.3333333333335
515.8333333333333 -767.5000000000001
512.5 -764.1666666666669
517.5 -769.1666666666667
510.0 -760.0000000000002
514.1666666666667 -765.8333333333335
511.6666666666667 -763.3333333333335
505.8333333333333 -754.1666666666669
510.8333333333333 -760.8333333333334
500.0 -735.8333333333334
507.5 -757.5000000000001
515.8333333333333 -767.5000000000001
512.5 -764.1666666666669
505.0 -753.3333333333335
517.5 -769.1666666666667
514.1666666666667 -765.8333333333335
511.6666666666667 -763.3333333333335
510.0 -760.0000000000002
510.8333333333333 -760.8333333333334
500.0 -735.8333333333334
514.1666666666667 -765.8333333333335
512.5 -764.1666666666669
505.0 -753.3333333333335
517.5 -769.1666666666667
511.6666666666667 -763.3333333333335
507.5 -757.5000000000001
510.8333333333333 -760.8333333333334
500.0 -735.8333333333334
505.0 -753.3333333333335
512.5 -764.1666666666669
517.5 -769.1666666666667
511.6666666666667 -763.3333333333335
507.5 -757.5000000000001
510.8333333333333 -760.8333333333334
500.0 -735.8333333333334
505.0 -753.3333333333335
511.6666666666667 -763.3333333333335
510.8333333333333 -760.8333333333334
507.5 -757.5000000000001
500.0 -735.8333333333334
511.6666666666667 -763.3333333333335
500.0 -735.8333333333334
511.6666666666667 -763.3333333333335
500.0 -735.8333333333334
500.0 -735.8333333333334
500.0 -735.8333333333334
500.0 -735.8333333333334
500.0 -735.8333333333334
500.0 -735.8333333333334
500.0 -735.8333333333334
500.0 -735.8333333333334
500.0 -735.8333333333334
500.0 -735.8333333333334
507.5 -757.5000000000001
500.0 -735.8333333333334
500.0 -735.8333333333334
507.5 -757.5000000000001
510.8333333333333 -760.8333333333334
510.8333333333333 -760.8333333333334
511.6666666666667 -763.3333333333335
507.5 -757.5000000000001
507.5 -757.5000000000001
511.6666666666667 -763.3333333333335
505.0 -753.3333333333335
500.0 -735.8333333333334
510.8333333333333 -760.8333333333334
510.8333333333333 -760.8333333333334
511.6666666666667 -763.3333333333335
500.0 -735.8333333333334
512.5 -764.1666666666669
505.0 -753.3333333333335
511.6666666666667 -763.3333333333335
507.5 -757.5000000000001
511.6666666666667 -763.3333333333335
505.0 -753.3333333333335
507.5 -757.5000000000001
511.6666666666667 -763.3333333333335
505.0 -753.3333333333335
510.8333333333333 -760.8333333333334
510.8333333333333 -760.8333333333334
510.8333333333333 -760.8333333333334
511.6666666666667 -763.3333333333335
510.8333333333333 -760.8333333333334
505.0 -753.3333333333335
510.8333333333333 -760.8333333333334
510.8333333333333 -760.8333333333334
505.0 -753.3333333333335
505.0 -753.3333333333335
507.5 -757.5000000000001
505.0 -753.3333333333335
505.0 -753.3333333333335
