518.3333333333333 -770.0000000000001
497.5 -725.0000000000001
518.3333333333333 -770.0000000000001
500.8333333333333 -744.1666666666666
500.0 -735.8333333333334
498.3333333333333 -730.0
498.3333333333333 -730.0
500.0 -735.8333333333334
516.6666666666666 -769.1666666666669
502.50000000000006 -746.6666666666666
504.16666666666674 -751.6666666666669
503.33333333333337 -750.0
506.6666666666667 -756.6666666666667
500.8333333333333 -744.1666666666666
502.50000000000006 -746.6666666666666
505.0 -754.1666666666667
511.66666666666663 -762.5000000000001
511.6666666666667 -764.1666666666667
507.5 -758.3333333333334
514.1666666666666 -766.6666666666667
514.1666666666666 -766.6666666666667
504.1666666666667 -750.8333333333334
515.0 -767.5000000000001
515.8333333333333 -768.3333333333334
513.3333333333333 -765.8333333333334
503.33333333333337 -750.0
507.5 -758.3333333333334
510.8333333333333 -761.6666666666667
506.66666666666663 -755.8333333333334
505.8333333333333 -755.0000000000001
508.3333333333333 -759.1666666666667
515.8333333333333 -768.3333333333334
505.8333333333333 -755.0000000000001
508.3333333333333 -759.1666666666667
512.5 -765.0000000000001
510.8333333333333 -761.6666666666667
505.0 -754.1666666666667
513.3333333333333 -765.8333333333334
515.0 -767.5000000000001
512.5 -765.0000000000001
509.16666666666663 -760.0
510.0 -760.8333333333335
509.99999999999994 -760.8333333333334
509.1666666666667 -760.0000000000001
511.6666666666667 -764.1666666666667
504.1666666666667 -750.8333333333334
511.66666666666663 -762.5000000000001
510.0 -760.8333333333335
509.1666666666667 -760.0000000000001
506.66666666666663 -755.8333333333334
509.99999999999994 -760.8333333333334
509.16666666666663 -760.0
518.3333333333333 -770.0000000000001
498.3333333333333 -730.0
500.0 -735.8333333333334
502.50000000000006 -746.6666666666666
514.1666666666666 -766.6666666666667
505.8333333333333 -755.0000000000001
508.3333333333333 -759.1666666666667
510.8333333333333 -761.6666666666667
505.0 -754.1666666666667
515.8333333333333 -768.3333333333334
513.3333333333333 -765.8333333333334
515.0 -767.5000000000001
512.5 -765.0000000000001
511.6666666666667 -764.1666666666667
507.5 -758.3333333333334
511.66666666666663 -762.5000000000001
510.0 -760.8333333333335
509.1666666666667 -760.0000000000001
506.66666666666663 -755.8333333333334
509.99999999999994 -760.8333333333334
509.16666666666663 -760.0
518.3333333333333 -770.0000000000001
498.3333333333333 -730.0
500.0 -735.8333333333334
502.50000000000006 -746.6666666666666
514.1666666666666 -766.6666666666667
505.8333333333333 -755.0000000000001
508.3333333333333 -759.1666666666667
510.8333333333333 -761.6666666666667
505.0 -754.1666666666667
513.3333333333333 -765.8333333333334
515.8333333333333 -768.3333333333334
515.0 -767.5000000000001
512.5 -765.0000000000001
511.6666666666667 -764.1666666666667
507.5 -758.3333333333334
511.66666666666663 -762.5000000000001
510.0 -760.8333333333335
509.1666666666667 -760.0000000000001
509.99999999999994 -760.8333333333334
506.66666666666663 -755.8333333333334
509.16666666666663 -760.0
518.3333333333333 -770.0000000000001
498.3333333333333 -730.0
500.0 -735.8333333333334
502.50000000000006 -746.6666666666666
514.1666666666666 -766.6666666666667
508.3333333333333 -759.1666666666667
505.8333333333333 -755.0000000000001
510.8333333333333 -761.6666666666667
505.0 -754.1666666666667
513.3333333333333 -765.8333333333334
515.8333333333333 -768.3333333333334
515.0 -767.5000000000001
512.5 -765.0000000000001
507.5 -758.3333333333334
511.6666666666667 -764.1666666666667
511.66666666666663 -762.5000000000001
510.0 -760.8333333333335
509.1666666666667 -760.0000000000001
509.16666666666663 -760.0
506.66666666666663 -755.8333333333334
509.99999999999994 -760.8333333333334
518.3333333333333 -770.0000000000001
500.0 -735.8333333333334
502.50000000000006 -746.6666666666666
514.1666666666666 -766.6666666666667
508.3333333333333 -759.1666666666667
505.8333333333333 -755.0000000000001
510.8333333333333 -761.6666666666667
505.0 -754.1666666666667
515.8333333333333 -768.3333333333334
513.3333333333333 -765.8333333333334
515.0 -767.5000000000001
512.5 -765.0000000000001
507.5 -758.3333333333334
511.6666666666667 -764.1666666666667
511.66666666666663 -762.5000000000001
510.0 -760.8333333333335
509.1666666666667 -760.0000000000001
506.66666666666663 -755.8333333333334
509.16666666666663 -760.0
509.99999999999994 -760.8333333333334
500.0 -735.8333333333334
514.1666666666666 -766.6666666666667
508.3333333333333 -759.1666666666667
505.8333333333333 -755.0000000000001
510.8333333333333 -761.6666666666667
505.0 -754.1666666666667
515.8333333333333 -768.3333333333334
513.3333333333333 -765.8333333333334
515.0 -767.5000000000001
512.5 -765.0000000000001
507.5 -758.3333333333334
511.6666666666667 -764.1666666666667
511.66666666666663 -762.5000000000001
510.0 -760.8333333333335
509.1666666666667 -760.0000000000001
509.99999999999994 -760.8333333333334
506.66666666666663 -755.8333333333334
509.16666666666663 -760.0
500.0 -735.8333333333334
514.1666666666666 -766.6666666666667
508.3333333333333 -759.1666666666667
505.8333333333333 -755.0000000000001
510.8333333333333 -761.6666666666667
505.0 -754.1666666666667
515.8333333333333 -768.3333333333334
513.3333333333333 -765.8333333333334
512.5 -765.0000000000001
515.0 -767.5000000000001
507.5 -758.3333333333334
511.6666666666667 -764.1666666666667
511.66666666666663 -762.5000000000001
510.0 -760.8333333333335
509.1666666666667 -760.0000000000001
506.66666666666663 -755.8333333333334
509.99999999999994 -760.8333333333334
509.16666666666663 -760.0
500.0 -735.8333333333334
514.1666666666666 -766.6666666666667
505.8333333333333 -755.0000000000001
508.3333333333333 -759.1666666666667
510.8333333333333 -761.6666666666667
505.0 -754.1666666666667
515.8333333333333 -768.3333333333334
513.3333333333333 -765.8333333333334
512.5 -765.0000000000001
511.6666666666667 -764.1666666666667
511.66666666666663 -762.5000000000001
510.0 -760.8333333333335
509.1666666666667 -760.0000000000001
509.16666666666663 -760.0
509.99999999999994 -760.8333333333334
514.1666666666666 -766.6666666666667
505.8333333333333 -755.0000000000001
510.8333333333333 -761.6666666666667
515.8333333333333 -768.3333333333334
513.3333333333333 -765.8333333333334
512.5 -765.0000000000001
511.6666666666667 -764.1666666666667
515.0 -767.5000000000001
512.5 -765.0000000000001
509.1666666666667 -760.0000000000001
511.66666666666663 -762.5000000000001
508.3333333333333 -759.1666666666667
515.0 -767.5000000000001
513.3333333333333 -765.8333333333334
