497.5 -725.0000000000001
520.8333333333333 -774.1666666666669
497.5 -725.0000000000001
520.8333333333333 -774.1666666666669
503.33333333333337 -752.4999999999999
500.8333333333333 -744.1666666666666
500.0 -735.8333333333334
498.3333333333333 -730.0
519.1666666666667 -772.5000000000001
502.50000000000006 -748.3333333333334
507.49999999999994 -759.1666666666666
498.3333333333333 -730.0
500.0 -735.8333333333334
500.8333333333333 -744.1666666666666
502.50000000000006 -748.3333333333334
509.16666666666663 -762.4999999999999
505.0 -755.8333333333334
505.0 -755.8333333333334
515.8333333333333 -770.0
505.8333333333333 -756.6666666666667
514.1666666666666 -768.3333333333334
505.8333333333333 -756.6666666666667
513.3333333333333 -767.5
514.1666666666666 -768.3333333333334
515.8333333333333 -770.0
512.5 -765.8333333333333
507.5 -760.8333333333333
512.5 -765.8333333333333
518.3333333333333 -771.6666666666669
510.0 -763.3333333333333
517.5 -770.8333333333335
516.6666666666666 -770.8333333333334
510.8333333333333 -764.1666666666666
510.0 -763.3333333333333
508.3333333333333 -761.6666666666666
508.3333333333333 -761.6666666666666
513.3333333333333 -767.5
518.3333333333333 -771.6666666666669
516.6666666666666 -770.8333333333334
510.8333333333333 -764.1666666666666
517.5 -770.8333333333335
507.5 -760.8333333333333
497.5 -725.0000000000001
520.8333333333333 -774.1666666666669
498.3333333333333 -730.0
500.0 -735.8333333333334
500.8333333333333 -744.1666666666666
507.5 -760.8333333333333
505.8333333333333 -756.6666666666667
505.0 -755.8333333333334
514.1666666666666 -768.3333333333334
515.8333333333333 -770.0
512.5 -765.8333333333333
510.0 -763.3333333333333
508.3333333333333 -761.6666666666666
513.3333333333333 -767.5
518.3333333333333 -771.6666666666669
510.8333333333333 -764.1666666666666
517.5 -770.8333333333335
497.5 -725.0000000000001
518.3333333333333 -771.6666666666669
498.3333333333333 -730.0
500.0 -735.8333333333334
507.5 -760.8333333333333
505.8333333333333 -756.6666666666667
505.0 -755.8333333333334
515.8333333333333 -770.0
514.1666666666666 -768.3333333333334
510.0 -763.3333333333333
508.3333333333333 -761.6666666666666
517.5 -770.8333333333335
510.8333333333333 -764.1666666666666
518.3333333333333 -771.6666666666669
498.3333333333333 -730.0
500.0 -735.8333333333334
505.0 -755.8333333333334
507.5 -760.8333333333333
517.5 -770.8333333333335
510.0 -763.3333333333333
518.3333333333333 -771.6666666666669
498.3333333333333 -730.0
500.0 -735.8333333333334
517.5 -770.8333333333335
518.3333333333333 -771.6666666666669
500.0 -735.8333333333334
517.5 -770.8333333333335
518.3333333333333 -771.6666666666669
500.0 -735.8333333333334
517.5 -770.8333333333335
518.3333333333333 -771.6666666666669
500.0 -735.8333333333334
517.5 -770.8333333333335
518.3333333333333 -771.6666666666669
500.0 -735.8333333333334
517.5 -770.8333333333335
518.3333333333333 -771.6666666666669
500.0 -735.8333333333334
517.5 -770.8333333333335
518.3333333333333 -771.6666666666669
500.0 -735.8333333333334
517.5 -770.8333333333335
518.3333333333333 -771.6666666666669
517.5 -770.8333333333335
518.3333333333333 -771.6666666666669
517.5 -770.8333333333335
518.3333333333333 -771.6666666666669
517.5 -770.8333333333335
518.3333333333333 -771.6666666666669
517.5 -770.8333333333335
518.3333333333333 -771.6666666666669
517.5 -770.8333333333335
518.3333333333333 -771.6666666666669
517.5 -770.8333333333335
518.3333333333333 -771.6666666666669
517.5 -770.8333333333335
518.3333333333333 -771.6666666666669
517.5 -770.8333333333335
518.3333333333333 -771.6666666666669
517.5 -770.8333333333335
517.5 -770.8333333333335
517.5 -770.8333333333335
517.5 -770.8333333333335
517.5 -770.8333333333335
518.3333333333333 -771.6666666666669
518.3333333333333 -771.6666666666669
517.5 -770.8333333333335
518.3333333333333 -771.6666666666669
505.0 -755.8333333333334
517.5 -770.8333333333335
517.5 -770.8333333333335
518.3333333333333 -771.6666666666669
517.5 -770.8333333333335
518.3333333333333 -771.6666666666669
517.5 -770.8333333333335
518.3333333333333 -771.6666666666669
518.3333333333333 -771.6666666666669
517.5 -770.8333333333335
517.5 -770.8333333333335
507.5 -760.8333333333333
518.3333333333333 -771.6666666666669
517.5 -770.8333333333335
517.5 -770.8333333333335
518.3333333333333 -771.6666666666669
518.3333333333333 -771.6666666666669
518.3333333333333 -771.6666666666669
510.0 -763.3333333333333
517.5 -770.8333333333335
517.5 -770.8333333333335
517.5 -770.8333333333335
517.5 -770.8333333333335
507.5 -760.8333333333333
507.5 -760.8333333333333
510.8333333333333 -764.1666666666666
518.3333333333333 -771.6666666666669
518.3333333333333 -771.6666666666669
510.0 -763.3333333333333
518.3333333333333 -771.6666666666669
518.3333333333333 -771.6666666666669
510.0 -763.3333333333333
517.5 -770.8333333333335
513.3333333333333 -767.5
507.5 -760.8333333333333
518.3333333333333 -771.6666666666669
510.0 -763.3333333333333
518.3333333333333 -771.6666666666669
510.0 -763.3333333333333
507.5 -760.8333333333333
510.0 -763.3333333333333
517.5 -770.8333333333335
517.5 -770.8333333333335
517.5 -770.8333333333335
512.5 -765.8333333333333
517.5 -770.8333333333335
514.1666666666666 -768.3333333333334
508.3333333333333 -761.6666666666666
518.3333333333333 -771.6666666666669
512.5 -765.8333333333333
505.8333333333333 -756.6666666666667
505.0 -755.8333333333334
517.5 -770.8333333333335
510.0 -763.3333333333333
511.6666666666667 -764.9999999999999
507.5 -760.8333333333333
517.5 -770.8333333333335
517.5 -770.8333333333335
513.3333333333333 -767.5
513.3333333333333 -767.5
510.0 -763.3333333333333
517.5 -770.8333333333335
518.3333333333333 -771.6666666666669
507.5 -760.8333333333333
517.5 -770.8333333333335
