497.5 -725.8333333333335
522.4999999999999 -776.6666666666669
522.4999999999999 -776.6666666666669
518.3333333333333 -775.0000000000001
500.8333333333333 -744.9999999999999
500.0 -736.6666666666666
498.3333333333333 -733.3333333333333
514.1666666666666 -771.6666666666666
503.33333333333337 -754.1666666666666
505.0 -759.1666666666666
503.33333333333337 -754.1666666666666
513.3333333333333 -770.8333333333334
512.5 -770.0
514.1666666666666 -771.6666666666666
498.3333333333333 -733.3333333333333
505.0 -759.1666666666666
510.0 -766.6666666666666
507.5 -762.4999999999999
511.6666666666667 -769.1666666666666
511.66666666666663 -768.3333333333334
507.49999999999994 -760.8333333333333
510.8333333333333 -767.5
510.8333333333333 -767.5
507.49999999999994 -760.8333333333333
503.33333333333337 -754.1666666666666
498.3333333333333 -733.3333333333333
503.33333333333337 -754.1666666666666
503.33333333333337 -754.1666666666666
503.33333333333337 -754.1666666666666
503.33333333333337 -754.1666666666666
503.33333333333337 -754.1666666666666
503.33333333333337 -754.1666666666666
503.33333333333337 -754.1666666666666
503.33333333333337 -754.1666666666666
503.33333333333337 -754.1666666666666
503.33333333333337 -754.1666666666666
503.33333333333337 -754.1666666666666
503.33333333333337 -754.1666666666666
503.33333333333337 -754.1666666666666
503.33333333333337 -754.1666666666666
503.33333333333337 -754.1666666666666
503.33333333333337 -754.1666666666666
503.33333333333337 -754.1666666666666
503.33333333333337 -754.1666666666666
503.33333333333337 -754.1666666666666
522.4999999999999 -776.6666666666669
503.33333333333337 -754.1666666666666
503.33333333333337 -754.1666666666666
503.33333333333337 -754.1666666666666
503.33333333333337 -754.1666666666666
503.33333333333337 -754.1666666666666
503.33333333333337 -754.1666666666666
503.33333333333337 -754.1666666666666
522.4999999999999 -776.6666666666669
503.33333333333337 -754.1666666666666
503.33333333333337 -754.1666666666666
505.0 -759.1666666666666
514.1666666666666 -771.6666666666666
503.33333333333337 -754.1666666666666
503.33333333333337 -754.1666666666666
503.33333333333337 -754.1666666666666
503.33333333333337 -754.1666666666666
503.33333333333337 -754.1666666666666
503.33333333333337 -754.1666666666666
522.4999999999999 -776.6666666666669
503.33333333333337 -754.1666666666666
503.33333333333337 -754.1666666666666
503.33333333333337 -754.1666666666666
522.4999999999999 -776.6666666666669
503.33333333333337 -754.1666666666666
503.33333333333337 -754.1666666666666
503.33333333333337 -754.1666666666666
503.33333333333337 -754.1666666666666
503.33333333333337 -754.1666666666666
503.33333333333337 -754.1666666666666
503.33333333333337 -754.1666666666666
503.33333333333337 -754.1666666666666
510.8333333333333 -767.5
503.33333333333337 -754.1666666666666
503.33333333333337 -754.1666666666666
503.33333333333337 -754.1666666666666
503.33333333333337 -754.1666666666666
503.33333333333337 -754.1666666666666
503.33333333333337 -754.1666666666666
503.33333333333337 -754.1666666666666
503.33333333333337 -754.1666666666666
503.33333333333337 -754.1666666666666
503.33333333333337 -754.1666666666666
503.33333333333337 -754.1666666666666
503.33333333333337 -754.1666666666666
505.0 -759.1666666666666
503.33333333333337 -754.1666666666666
505.0 -759.1666666666666
503.33333333333337 -754.1666666666666
505.0 -759.1666666666666
503.33333333333337 -754.1666666666666
503.33333333333337 -754.1666666666666
503.33333333333337 -754.1666666666666
503.33333333333337 -754.1666666666666
503.33333333333337 -754.1666666666666
503.33333333333337 -754.1666666666666
503.33333333333337 -754.1666666666666
503.33333333333337 -754.1666666666666
503.33333333333337 -754.1666666666666
503.33333333333337 -754.1666666666666
503.33333333333337 -754.1666666666666
503.33333333333337 -754.1666666666666
503.33333333333337 -754.1666666666666
503.33333333333337 -754.1666666666666
503.33333333333337 -754.1666666666666
503.33333333333337 -754.1666666666666
503.33333333333337 -754.1666666666666
503.33333333333337 -754.1666666666666
503.33333333333337 -754.1666666666666
503.33333333333337 -754.1666666666666
503.33333333333337 -754.1666666666666
503.33333333333337 -754.1666666666666
503.33333333333337 -754.1666666666666
503.33333333333337 -754.1666666666666
503.33333333333337 -754.1666666666666
503.33333333333337 -754.1666666666666
503.33333333333337 -754.1666666666666
503.33333333333337 -754.1666666666666
503.33333333333337 -754.1666666666666
502.50000000000006 -750.8333333333333
503.33333333333337 -754.1666666666666
503.33333333333337 -754.1666666666666
513.3333333333333 -770.8333333333334
510.8333333333333 -767.5
503.33333333333337 -754.1666666666666
503.33333333333337 -754.1666666666666
508.3333333333333 -765.0
503.33333333333337 -754.1666666666666
503.33333333333337 -754.1666666666666
503.33333333333337 -754.1666666666666
507.49999999999994 -760.8333333333333
503.33333333333337 -754.1666666666666
503.33333333333337 -754.1666666666666
503.33333333333337 -754.1666666666666
505.0 -759.1666666666666
503.33333333333337 -754.1666666666666
503.33333333333337 -754.1666666666666
503.33333333333337 -754.1666666666666
503.33333333333337 -754.1666666666666
503.33333333333337 -754.1666666666666
503.33333333333337 -754.1666666666666
505.0 -759.1666666666666
508.3333333333333 -765.0
503.33333333333337 -754.1666666666666
503.33333333333337 -754.1666666666666
502.50000000000006 -750.8333333333333
503.33333333333337 -754.1666666666666
503.33333333333337 -754.1666666666666
503.33333333333337 -754.1666666666666
503.33333333333337 -754.1666666666666
503.33333333333337 -754.1666666666666
512.5 -770.0
503.33333333333337 -754.1666666666666
503.33333333333337 -754.1666666666666
503.33333333333337 -754.1666666666666
505.0 -759.1666666666666
503.33333333333337 -754.1666666666666
503.33333333333337 -754.1666666666666
503.33333333333337 -754.1666666666666
503.33333333333337 -754.1666666666666
503.33333333333337 -754.1666666666666
513.3333333333333 -770.8333333333334
503.33333333333337 -754.1666666666666
507.49999999999994 -760.8333333333333
503.33333333333337 -754.1666666666666
503.33333333333337 -754.1666666666666
503.33333333333337 -754.1666666666666
505.0 -759.1666666666666
503.33333333333337 -754.1666666666666
503.33333333333337 -754.1666666666666
507.49999999999994 -760.8333333333333
503.33333333333337 -754.1666666666666
503.33333333333337 -754.1666666666666
503.33333333333337 -754.1666666666666
503.33333333333337 -754.1666666666666
503.33333333333337 -754.1666666666666
503.33333333333337 -754.1666666666666
503.33333333333337 -754.1666666666666
503.33333333333337 -754.1666666666666
503.33333333333337 -754.1666666666666
503.33333333333337 -754.1666666666666
503.33333333333337 -754.1666666666666
506.6666666666667 -760.0
