497.5 -725.8333333333335
522.4999999999999 -776.6666666666669
522.4999999999999 -776.6666666666669
517.5 -775.0000000000001
500.8333333333333 -744.9999999999999
500.0 -736.6666666666666
513.3333333333333 -771.6666666666666
498.3333333333333 -733.3333333333333
502.50000000000006 -750.8333333333333
502.50000000000006 -750.8333333333333
506.66666666666674 -760.8333333333333
507.5 -765.8333333333333
503.33333333333337 -755.0
509.16666666666663 -767.4999999999999
512.5 -770.8333333333334
498.3333333333333 -733.3333333333333
504.1666666666667 -755.8333333333333
505.0 -759.1666666666666
509.99999999999994 -768.3333333333333
511.66666666666663 -769.9999999999999
509.99999999999994 -768.3333333333333
505.8333333333333 -760.0
511.6666666666667 -770.0
505.0 -759.1666666666666
508.3333333333333 -766.6666666666666
503.33333333333337 -755.0
505.8333333333333 -760.0
508.3333333333333 -766.6666666666666
504.1666666666667 -755.8333333333333
507.5 -765.8333333333333
506.66666666666674 -760.8333333333333
511.66666666666663 -769.9999999999999
522.4999999999999 -776.6666666666669
502.50000000000006 -750.8333333333333
498.3333333333333 -733.3333333333333
509.99999999999994 -768.3333333333333
505.0 -759.1666666666666
503.33333333333337 -755.0
505.8333333333333 -760.0
508.3333333333333 -766.6666666666666
507.5 -765.8333333333333
506.66666666666674 -760.8333333333333
522.4999999999999 -776.6666666666669
502.50000000000006 -750.8333333333333
498.3333333333333 -733.3333333333333
509.99999999999994 -768.3333333333333
505.0 -759.1666666666666
503.33333333333337 -755.0
508.3333333333333 -766.6666666666666
507.5 -765.8333333333333
506.66666666666674 -760.8333333333333
522.4999999999999 -776.6666666666669
502.50000000000006 -750.8333333333333
503.33333333333337 -755.0
505.0 -759.1666666666666
509.99999999999994 -768.3333333333333
508.3333333333333 -766.6666666666666
507.5 -765.8333333333333
506.66666666666674 -760.8333333333333
522.4999999999999 -776.6666666666669
502.50000000000006 -750.8333333333333
503.33333333333337 -755.0
505.0 -759.1666666666666
508.3333333333333 -766.6666666666666
522.4999999999999 -776.6666666666669
502.50000000000006 -750.8333333333333
505.0 -759.1666666666666
522.4999999999999 -776.6666666666669
505.0 -759.1666666666666
505.0 -759.1666666666666
505.0 -759.1666666666666
505.0 -759.1666666666666
505.0 -759.1666666666666
505.0 -759.1666666666666
505.0 -759.1666666666666
505.0 -759.1666666666666
505.0 -759.1666666666666
502.50000000000006 -750.8333333333333
503.33333333333337 -755.0
505.0 -759.1666666666666
505.0 -759.1666666666666
503.33333333333337 -755.0
505.0 -759.1666666666666
502.50000000000006 -750.8333333333333
505.0 -759.1666666666666
503.33333333333337 -755.0
502.50000000000006 -750.8333333333333
505.0 -759.1666666666666
505.0 -759.1666666666666
502.50000000000006 -750.8333333333333
503.33333333333337 -755.0
503.33333333333337 -755.0
502.50000000000006 -750.8333333333333
505.0 -759.1666666666666
503.33333333333337 -755.0
503.33333333333337 -755.0
503.33333333333337 -755.0
502.50000000000006 -750.8333333333333
505.0 -759.1666666666666
505.0 -759.1666666666666
505.0 -759.1666666666666
503.33333333333337 -755.0
503.33333333333337 -755.0
505.0 -759.1666666666666
505.0 -759.1666666666666
505.0 -759.1666666666666
505.0 -759.1666666666666
505.0 -759.1666666666666
505.0 -759.1666666666666
503.33333333333337 -755.0
505.0 -759.1666666666666
505.0 -759.1666666666666
505.0 -759.1666666666666
505.0 -759.1666666666666
508.3333333333333 -766.6666666666666
505.0 -759.1666666666666
505.0 -759.1666666666666
503.33333333333337 -755.0
503.33333333333337 -755.0
505.0 -759.1666666666666
502.50000000000006 -750.8333333333333
505.0 -759.1666666666666
505.0 -759.1666666666666
505.0 -759.1666666666666
505.0 -759.1666666666666
503.33333333333337 -755.0
503.33333333333337 -755.0
505.0 -759.1666666666666
503.33333333333337 -755.0
502.50000000000006 -750.8333333333333
502.50000000000006 -750.8333333333333
508.3333333333333 -766.6666666666666
503.33333333333337 -755.0
505.0 -759.1666666666666
503.33333333333337 -755.0
505.0 -759.1666666666666
505.0 -759.1666666666666
503.33333333333337 -755.0
505.0 -759.1666666666666
505.0 -759.1666666666666
502.50000000000006 -750.8333333333333
503.33333333333337 -755.0
503.33333333333337 -755.0
505.0 -759.1666666666666
505.0 -759.1666666666666
503.33333333333337 -755.0
503.33333333333337 -755.0
505.0 -759.1666666666666
502.50000000000006 -750.8333333333333
502.50000000000006 -750.8333333333333
503.33333333333337 -755.0
503.33333333333337 -755.0
505.0 -759.1666666666666
505.0 -759.1666666666666
503.33333333333337 -755.0
503.33333333333337 -755.0
503.33333333333337 -755.0
505.0 -759.1666666666666
502.50000000000006 -750.8333333333333
502.50000000000006 -750.8333333333333
502.50000000000006 -750.8333333333333
505.0 -759.1666666666666
505.0 -759.1666666666666
503.33333333333337 -755.0
505.0 -759.1666666666666
505.0 -759.1666666666666
505.0 -759.1666666666666
505.0 -759.1666666666666
505.0 -759.1666666666666
505.0 -759.1666666666666
505.0 -759.1666666666666
502.50000000000006 -750.8333333333333
505.0 -759.1666666666666
505.0 -759.1666666666666
505.0 -759.1666666666666
505.0 -759.1666666666666
505.0 -759.1666666666666
503.33333333333337 -755.0
505.0 -759.1666666666666
505.0 -759.1666666666666
505.0 -759.1666666666666
505.0 -759.1666666666666
505.0 -759.1666666666666
503.33333333333337 -755.0
505.0 -759.1666666666666
502.50000000000006 -750.8333333333333
503.33333333333337 -755.0
505.0 -759.1666666666666
502.50000000000006 -750.8333333333333
505.0 -759.1666666666666
508.3333333333333 -766.6666666666666
508.3333333333333 -766.6666666666666
503.33333333333337 -755.0
502.50000000000006 -750.8333333333333
505.0 -759.1666666666666
505.0 -759.1666666666666
502.50000000000006 -750.8333333333333
505.0 -759.1666666666666
502.50000000000006 -750.8333333333333
505.0 -759.1666666666666
