497.5 -725.8333333333335
519.9999999999999 -777.5000000000001
500.8333333333333 -744.9999999999999
510.8333333333333 -772.5
515.8333333333333 -775.8333333333334
502.50000000000006 -750.8333333333333
515.8333333333333 -775.8333333333334
500.0 -736.6666666666666
498.3333333333333 -733.3333333333333
503.33333333333337 -760.0
505.83333333333337 -766.6666666666669
502.50000000000006 -750.8333333333333
508.33333333333337 -767.5
504.1666666666667 -760.8333333333333
505.0 -764.1666666666667
498.3333333333333 -733.3333333333333
500.0 -736.6666666666666
510.0 -770.8333333333334
505.8333333333333 -765.0
510.0 -770.8333333333334
503.33333333333337 -760.0
505.0 -764.1666666666667
504.1666666666667 -760.8333333333333
508.33333333333337 -767.5
509.1666666666667 -768.3333333333334
509.1666666666667 -768.3333333333334
509.16666666666663 -768.3333333333333
509.16666666666663 -768.3333333333333
505.8333333333333 -765.0
502.50000000000006 -750.8333333333333
498.3333333333333 -733.3333333333333
500.0 -736.6666666666666
510.0 -770.8333333333334
505.8333333333333 -765.0
503.33333333333337 -760.0
504.1666666666667 -760.8333333333333
508.33333333333337 -767.5
509.1666666666667 -768.3333333333334
509.16666666666663 -768.3333333333333
502.50000000000006 -750.8333333333333
498.3333333333333 -733.3333333333333
505.8333333333333 -765.0
503.33333333333337 -760.0
504.1666666666667 -760.8333333333333
508.33333333333337 -767.5
509.1666666666667 -768.3333333333334
509.16666666666663 -768.3333333333333
502.50000000000006 -750.8333333333333
498.3333333333333 -733.3333333333333
503.33333333333337 -760.0
504.1666666666667 -760.8333333333333
508.33333333333337 -767.5
509.1666666666667 -768.3333333333334
509.16666666666663 -768.3333333333333
502.50000000000006 -750.8333333333333
503.33333333333337 -760.0
504.1666666666667 -760.8333333333333
508.33333333333337 -767.5
509.1666666666667 -768.3333333333334
509.16666666666663 -768.3333333333333
502.50000000000006 -750.8333333333333
503.33333333333337 -760.0
504.1666666666667 -760.8333333333333
508.33333333333337 -767.5
509.1666666666667 -768.3333333333334
509.16666666666663 -768.3333333333333
502.50000000000006 -750.8333333333333
503.33333333333337 -760.0
504.1666666666667 -760.8333333333333
508.33333333333337 -767.5
509.1666666666667 -768.3333333333334
509.16666666666663 -768.3333333333333
502.50000000000006 -750.8333333333333
503.33333333333337 -760.0
504.1666666666667 -760.8333333333333
508.33333333333337 -767.5
509.1666666666667 -768.3333333333334
509.16666666666663 -768.3333333333333
502.50000000000006 -750.8333333333333
503.33333333333337 -760.0
504.1666666666667 -760.8333333333333
508.33333333333337 -767.5
509.1666666666667 -768.3333333333334
509.16666666666663 -768.3333333333333
502.50000000000006 -750.8333333333333
503.33333333333337 -760.0
504.1666666666667 -760.8333333333333
509.16666666666663 -768.3333333333333
502.50000000000006 -750.8333333333333
503.33333333333337 -760.0
509.16666666666663 -768.3333333333333
502.50000000000006 -750.8333333333333
503.33333333333337 -760.0
509.16666666666663 -768.3333333333333
502.50000000000006 -750.8333333333333
503.33333333333337 -760.0
509.16666666666663 -768.3333333333333
502.50000000000006 -750.8333333333333
503.33333333333337 -760.0
509.16666666666663 -768.3333333333333
502.50000000000006 -750.8333333333333
503.33333333333337 -760.0
509.16666666666663 -768.3333333333333
502.50000000000006 -750.8333333333333
502.50000000000006 -750.8333333333333
502.50000000000006 -750.8333333333333
502.50000000000006 -750.8333333333333
502.50000000000006 -750.8333333333333
502.50000000000006 -750.8333333333333
502.50000000000006 -750.8333333333333
502.50000000000006 -750.8333333333333
502.50000000000006 -750.8333333333333
502.50000000000006 -750.8333333333333
502.50000000000006 -750.8333333333333
502.50000000000006 -750.8333333333333
502.50000000000006 -750.8333333333333
502.50000000000006 -750.8333333333333
502.50000000000006 -750.8333333333333
502.50000000000006 -750.8333333333333
502.50000000000006 -750.8333333333333
502.50000000000006 -750.8333333333333
502.50000000000006 -750.8333333333333
502.50000000000006 -750.8333333333333
502.50000000000006 -750.8333333333333
502.50000000000006 -750.8333333333333
502.50000000000006 -750.8333333333333
502.50000000000006 -750.8333333333333
502.50000000000006 -750.8333333333333
502.50000000000006 -750.8333333333333
502.50000000000006 -750.8333333333333
502.50000000000006 -750.8333333333333
502.50000000000006 -750.8333333333333
502.50000000000006 -750.8333333333333
502.50000000000006 -750.8333333333333
502.50000000000006 -750.8333333333333
502.50000000000006 -750.8333333333333
502.50000000000006 -750.8333333333333
502.50000000000006 -750.8333333333333
502.50000000000006 -750.8333333333333
502.50000000000006 -750.8333333333333
502.50000000000006 -750.8333333333333
502.50000000000006 -750.8333333333333
502.50000000000006 -750.8333333333333
502.50000000000006 -750.8333333333333
502.50000000000006 -750.8333333333333
502.50000000000006 -750.8333333333333
502.50000000000006 -750.8333333333333
502.50000000000006 -750.8333333333333
502.50000000000006 -750.8333333333333
502.50000000000006 -750.8333333333333
502.50000000000006 -750.8333333333333
502.50000000000006 -750.8333333333333
502.50000000000006 -750.8333333333333
502.50000000000006 -750.8333333333333
502.50000000000006 -750.8333333333333
502.50000000000006 -750.8333333333333
502.50000000000006 -750.8333333333333
502.50000000000006 -750.8333333333333
502.50000000000006 -750.8333333333333
502.50000000000006 -750.8333333333333
502.50000000000006 -750.8333333333333
502.50000000000006 -750.8333333333333
502.50000000000006 -750.8333333333333
502.50000000000006 -750.8333333333333
502.50000000000006 -750.8333333333333
502.50000000000006 -750.8333333333333
502.50000000000006 -750.8333333333333
502.50000000000006 -750.8333333333333
502.50000000000006 -750.8333333333333
502.50000000000006 -750.8333333333333
502.50000000000006 -750.8333333333333
502.50000000000006 -750.8333333333333
502.50000000000006 -750.8333333333333
502.50000000000006 -750.8333333333333
502.50000000000006 -750.8333333333333
502.50000000000006 -750.8333333333333
502.50000000000006 -750.8333333333333
502.50000000000006 -750.8333333333333
502.50000000000006 -750.8333333333333
502.50000000000006 -750.8333333333333
502.50000000000006 -750.8333333333333
502.50000000000006 -750.8333333333333
502.50000000000006 -750.8333333333333
502.50000000000006 -750.8333333333333
502.50000000000006 -750.8333333333333
502.50000000000006 -750.8333333333333
502.50000000000006 -750.8333333333333
502.50000000000006 -750.8333333333333
502.50000000000006 -750.8333333333333
502.50000000000006 -750.8333333333333
502.50000000000006 -750.8333333333333
503.33333333333337 -760.0
502.50000000000006 -750.8333333333333
502.50000000000006 -750.8333333333333
502.50000000000006 -750.8333333333333
502.50000000000006 -750.8333333333333
502.50000000000006 -750.8333333333333
502.50000000000006 -750.8333333333333
502.50000000000006 -750.8333333333333
502.50000000000006 -750.8333333333333
