497.5 -725.8333333333335
519.9999999999999 -777.5000000000001
500.8333333333333 -744.9999999999999
510.8333333333333 -772.5
508.3333333333333 -770.0
515.8333333333333 -775.8333333333334
515.8333333333333 -775.8333333333334
500.0 -736.6666666666666
498.3333333333333 -733.3333333333333
498.3333333333333 -733.3333333333333
500.0 -736.6666666666666
498.3333333333333 -733.3333333333333
500.0 -736.6666666666666
498.3333333333333 -733.3333333333333
498.3333333333333 -733.3333333333333
498.3333333333333 -733.3333333333333
502.50000000000006 -752.4999999999998
510.8333333333333 -772.5
510.0 -771.6666666666666
498.3333333333333 -733.3333333333333
497.5 -725.8333333333335
510.8333333333333 -772.5
510.8333333333333 -772.5
502.50000000000006 -752.4999999999998
511.6666666666667 -775.0000000000001
510.83333333333337 -774.1666666666667
510.0 -771.6666666666666
505.0 -767.5000000000001
503.33333333333337 -763.3333333333334
515.8333333333333 -775.8333333333334
506.6666666666667 -768.3333333333334
509.16666666666663 -770.0000000000001
510.8333333333333 -772.5
507.5 -769.1666666666666
510.0 -771.6666666666666
