497.5 -725.8333333333335
497.5 -725.8333333333335
520.0 -785.0000000000002
500.8333333333333 -744.9999999999999
513.3333333333333 -780.0
502.50000000000006 -752.4999999999998
500.0 -736.6666666666666
516.6666666666667 -780.0000000000002
498.3333333333333 -733.3333333333333
505.8333333333333 -770.8333333333334
502.50000000000006 -752.4999999999998
498.3333333333333 -733.3333333333333
500.0 -736.6666666666666
505.0 -767.5000000000001
518.3333333333333 -782.5000000000002
507.5 -772.5
508.3333333333333 -773.3333333333334
504.1666666666667 -766.6666666666666
518.3333333333333 -782.5000000000002
508.3333333333333 -773.3333333333334
507.5 -772.5
517.5 -781.6666666666667
505.0 -767.5000000000001
504.1666666666667 -766.6666666666666
517.5 -781.6666666666667
502.50000000000006 -752.4999999999998
498.3333333333333 -733.3333333333333
500.0 -736.6666666666666
508.3333333333333 -773.3333333333334
507.5 -772.5
505.0 -767.5000000000001
502.50000000000006 -752.4999999999998
498.3333333333333 -733.3333333333333
500.0 -736.6666666666666
508.3333333333333 -773.3333333333334
507.5 -772.5
505.0 -767.5000000000001
498.3333333333333 -733.3333333333333
508.3333333333333 -773.3333333333334
507.5 -772.5
505.0 -767.5000000000001
498.3333333333333 -733.3333333333333
508.3333333333333 -773.3333333333334
507.5 -772.5
505.0 -767.5000000000001
498.3333333333333 -733.3333333333333
508.3333333333333 -773.3333333333334
507.5 -772.5
505.0 -767.5000000000001
507.5 -772.5
505.0 -767.5000000000001
507.5 -772.5
505.0 -767.5000000000001
507.5 -772.5
505.0 -767.5000000000001
505.0 -767.5000000000001
505.0 -767.5000000000001
505.0 -767.5000000000001
505.0 -767.5000000000001
505.0 -767.5000000000001
505.0 -767.5000000000001
505.0 -767.5000000000001
505.0 -767.5000000000001
505.0 -767.5000000000001
505.0 -767.5000000000001
505.0 -767.5000000000001
505.0 -767.5000000000001
505.0 -767.5000000000001
505.0 -767.5000000000001
505.0 -767.5000000000001
505.0 -767.5000000000001
505.0 -767.5000000000001
505.0 -767.5000000000001
505.0 -767.5000000000001
505.0 -767.5000000000001
505.0 -767.5000000000001
505.0 -767.5000000000001
505.0 -767.5000000000001
507.5 -772.5
507.5 -772.5
505.0 -767.5000000000001
505.0 -767.5000000000001
503.33333333333337 -765.8333333333334
505.0 -767.5000000000001
505.0 -767.5000000000001
505.0 -767.5000000000001
508.3333333333333 -773.3333333333334
505.0 -767.5000000000001
505.0 -767.5000000000001
518.3333333333333 -782.5000000000002
505.0 -767.5000000000001
502.50000000000006 -752.4999999999998
505.0 -767.5000000000001
505.0 -767.5000000000001
502.50000000000006 -752.4999999999998
505.0 -767.5000000000001
505.0 -767.5000000000001
507.5 -772.5
505.0 -767.5000000000001
505.0 -767.5000000000001
505.0 -767.5000000000001
508.3333333333333 -773.3333333333334
505.0 -767.5000000000001
505.0 -767.5000000000001
507.5 -772.5
507.5 -772.5
505.0 -767.5000000000001
505.0 -767.5000000000001
505.0 -767.5000000000001
507.5 -772.5
507.5 -772.5
508.3333333333333 -773.3333333333334
505.0 -767.5000000000001
505.8333333333333 -770.8333333333334
505.0 -767.5000000000001
505.0 -767.5000000000001
505.0 -767.5000000000001
505.0 -767.5000000000001
504.1666666666667 -766.6666666666666
505.0 -767.5000000000001
505.0 -767.5000000000001
505.0 -767.5000000000001
505.0 -767.5000000000001
505.0 -767.5000000000001
510.8333333333333 -778.3333333333334
505.0 -767.5000000000001
505.0 -767.5000000000001
505.0 -767.5000000000001
505.0 -767.5000000000001
505.0 -767.5000000000001
505.0 -767.5000000000001
505.0 -767.5000000000001
510.0 -777.5
505.0 -767.5000000000001
505.0 -767.5000000000001
510.8333333333333 -778.3333333333334
505.0 -767.5000000000001
505.0 -767.5000000000001
505.0 -767.5000000000001
505.0 -767.5000000000001
505.0 -767.5000000000001
506.6666666666667 -771.6666666666667
505.0 -767.5000000000001
505.0 -767.5000000000001
508.3333333333333 -773.3333333333334
505.0 -767.5000000000001
507.5 -772.5
505.0 -767.5000000000001
505.0 -767.5000000000001
505.0 -767.5000000000001
505.0 -767.5000000000001
507.5 -772.5
