497.5 -725.8333333333335
523.3333333333334 -790.0000000000002
523.3333333333334 -790.0000000000002
497.5 -725.8333333333335
498.3333333333333 -734.1666666666666
503.33333333333337 -765.8333333333334
500.8333333333333 -744.9999999999999
502.50000000000006 -752.4999999999998
500.0 -736.6666666666666
502.5 -745.8333333333334
518.3333333333334 -785.0000000000001
502.50000000000006 -752.4999999999998
515.8333333333333 -785.0
504.1666666666667 -766.6666666666666
505.0 -770.0000000000001
506.6666666666667 -772.5
507.5 -775.8333333333334
515.0 -784.1666666666666
513.3333333333333 -782.5
520.8333333333334 -787.5000000000001
519.1666666666667 -785.8333333333335
500.0 -736.6666666666666
519.1666666666667 -785.8333333333335
521.6666666666667 -788.3333333333335
522.5 -790.0000000000001
520.8333333333334 -787.5000000000001
513.3333333333333 -782.5
515.0 -784.1666666666666
509.1666666666667 -777.5
508.3333333333333 -776.6666666666667
507.5 -775.8333333333334
511.66666666666663 -780.0
512.5 -781.6666666666666
510.0 -778.3333333333334
505.8333333333333 -770.8333333333334
511.6666666666667 -780.8333333333334
510.0 -778.3333333333334
505.83333333333337 -771.6666666666667
510.8333333333333 -779.1666666666667
503.33333333333337 -765.8333333333334
505.0 -770.0000000000001
508.3333333333333 -776.6666666666667
510.8333333333333 -779.1666666666667
506.6666666666667 -772.5
509.1666666666667 -777.5
504.1666666666667 -766.6666666666666
521.6666666666667 -788.3333333333335
512.5 -781.6666666666666
515.8333333333333 -785.0
522.5 -790.0000000000001
502.5 -745.8333333333334
511.6666666666667 -780.8333333333334
505.83333333333337 -771.6666666666667
505.8333333333333 -770.8333333333334
511.66666666666663 -780.0
523.3333333333334 -790.0000000000002
497.5 -725.8333333333335
502.50000000000006 -752.4999999999998
500.0 -736.6666666666666
519.1666666666667 -785.8333333333335
520.8333333333334 -787.5000000000001
513.3333333333333 -782.5
515.0 -784.1666666666666
507.5 -775.8333333333334
510.0 -778.3333333333334
503.33333333333337 -765.8333333333334
505.0 -770.0000000000001
508.3333333333333 -776.6666666666667
510.8333333333333 -779.1666666666667
504.1666666666667 -766.6666666666666
509.1666666666667 -777.5
506.6666666666667 -772.5
521.6666666666667 -788.3333333333335
512.5 -781.6666666666666
515.8333333333333 -785.0
522.5 -790.0000000000001
502.5 -745.8333333333334
505.83333333333337 -771.6666666666667
505.8333333333333 -770.8333333333334
511.66666666666663 -780.0
497.5 -725.8333333333335
502.50000000000006 -752.4999999999998
500.0 -736.6666666666666
519.1666666666667 -785.8333333333335
520.8333333333334 -787.5000000000001
513.3333333333333 -782.5
515.0 -784.1666666666666
507.5 -775.8333333333334
510.0 -778.3333333333334
503.33333333333337 -765.8333333333334
505.0 -770.0000000000001
508.3333333333333 -776.6666666666667
510.8333333333333 -779.1666666666667
504.1666666666667 -766.6666666666666
506.6666666666667 -772.5
509.1666666666667 -777.5
521.6666666666667 -788.3333333333335
512.5 -781.6666666666666
505.83333333333337 -771.6666666666667
511.66666666666663 -780.0
505.8333333333333 -770.8333333333334
497.5 -725.8333333333335
502.50000000000006 -752.4999999999998
500.0 -736.6666666666666
519.1666666666667 -785.8333333333335
520.8333333333334 -787.5000000000001
513.3333333333333 -782.5
515.0 -784.1666666666666
507.5 -775.8333333333334
510.0 -778.3333333333334
503.33333333333337 -765.8333333333334
505.0 -770.0000000000001
508.3333333333333 -776.6666666666667
510.8333333333333 -779.1666666666667
504.1666666666667 -766.6666666666666
509.1666666666667 -777.5
506.6666666666667 -772.5
521.6666666666667 -788.3333333333335
512.5 -781.6666666666666
505.83333333333337 -771.6666666666667
505.8333333333333 -770.8333333333334
511.66666666666663 -780.0
497.5 -725.8333333333335
502.50000000000006 -752.4999999999998
500.0 -736.6666666666666
519.1666666666667 -785.8333333333335
520.8333333333334 -787.5000000000001
513.3333333333333 -782.5
515.0 -784.1666666666666
507.5 -775.8333333333334
510.0 -778.3333333333334
503.33333333333337 -765.8333333333334
505.0 -770.0000000000001
508.3333333333333 -776.6666666666667
510.8333333333333 -779.1666666666667
509.1666666666667 -777.5
504.1666666666667 -766.6666666666666
506.6666666666667 -772.5
521.6666666666667 -788.3333333333335
512.5 -781.6666666666666
505.83333333333337 -771.6666666666667
511.66666666666663 -780.0
505.8333333333333 -770.8333333333334
497.5 -725.8333333333335
502.50000000000006 -752.4999999999998
500.0 -736.6666666666666
519.1666666666667 -785.8333333333335
520.8333333333334 -787.5000000000001
513.3333333333333 -782.5
515.0 -784.1666666666666
507.5 -775.8333333333334
510.0 -778.3333333333334
503.33333333333337 -765.8333333333334
505.0 -770.0000000000001
508.3333333333333 -776.6666666666667
510.8333333333333 -779.1666666666667
504.1666666666667 -766.6666666666666
509.1666666666667 -777.5
506.6666666666667 -772.5
521.6666666666667 -788.3333333333335
512.5 -781.6666666666666
505.83333333333337 -771.6666666666667
505.8333333333333 -770.8333333333334
511.66666666666663 -780.0
497.5 -725.8333333333335
502.50000000000006 -752.4999999999998
500.0 -736.6666666666666
519.1666666666667 -785.8333333333335
520.8333333333334 -787.5000000000001
513.3333333333333 -782.5
515.0 -784.1666666666666
507.5 -775.8333333333334
510.0 -778.3333333333334
503.33333333333337 -765.8333333333334
505.0 -770.0000000000001
508.3333333333333 -776.6666666666667
510.8333333333333 -779.1666666666667
504.1666666666667 -766.6666666666666
509.1666666666667 -777.5
506.6666666666667 -772.5
521.6666666666667 -788.3333333333335
512.5 -781.6666666666666
505.83333333333337 -771.6666666666667
505.8333333333333 -770.8333333333334
511.66666666666663 -780.0
497.5 -725.8333333333335
502.50000000000006 -752.4999999999998
500.0 -736.6666666666666
519.1666666666667 -785.8333333333335
520.8333333333334 -787.5000000000001
513.3333333333333 -782.5
515.0 -784.1666666666666
512.5 -781.6666666666666
511.66666666666663 -780.0
507.5 -775.8333333333334
510.0 -778.3333333333334
503.33333333333337 -765.8333333333334
505.0 -770.0000000000001
508.3333333333333 -776.6666666666667
510.8333333333333 -779.1666666666667
