497.5 -725.8333333333335
524.1666666666667 -791.6666666666669
497.5 -725.8333333333335
524.1666666666667 -791.6666666666669
507.5 -777.5
503.33333333333337 -765.8333333333334
500.8333333333333 -744.9999999999999
502.50000000000006 -752.4999999999998
500.0 -736.6666666666666
498.3333333333333 -734.1666666666666
502.5 -745.8333333333334
511.6666666666667 -782.5
502.50000000000006 -752.4999999999998
506.6666666666667 -772.5
510.0 -780.0
517.5 -786.6666666666667
520.0 -787.5000000000001
504.1666666666667 -766.6666666666666
505.0 -770.0000000000001
516.6666666666666 -785.8333333333334
515.0 -785.8333333333333
513.3333333333333 -784.1666666666666
498.3333333333333 -734.1666666666666
500.0 -736.6666666666666
510.0 -780.0
513.3333333333333 -784.1666666666666
510.8333333333333 -780.8333333333334
520.8333333333334 -788.3333333333334
517.5 -786.6666666666667
523.3333333333334 -790.8333333333335
523.3333333333334 -790.8333333333335
520.0 -787.5000000000001
510.8333333333333 -780.8333333333334
514.1666666666666 -785.0
522.5 -790.0000000000001
514.1666666666666 -785.0
505.8333333333333 -770.8333333333334
505.83333333333337 -771.6666666666667
503.33333333333337 -765.8333333333334
505.0 -770.0000000000001
506.6666666666667 -772.5
504.1666666666667 -766.6666666666666
522.5 -790.0000000000001
521.6666666666667 -789.1666666666667
521.6666666666667 -789.1666666666667
515.0 -785.8333333333333
516.6666666666666 -785.8333333333334
520.8333333333335 -788.3333333333335
502.5 -745.8333333333334
520.8333333333335 -788.3333333333335
505.83333333333337 -771.6666666666667
505.8333333333333 -770.8333333333334
497.5 -725.8333333333335
524.1666666666667 -791.6666666666669
502.50000000000006 -752.4999999999998
513.3333333333333 -784.1666666666666
498.3333333333333 -734.1666666666666
500.0 -736.6666666666666
510.0 -780.0
517.5 -786.6666666666667
523.3333333333334 -790.8333333333335
520.0 -787.5000000000001
514.1666666666666 -785.0
503.33333333333337 -765.8333333333334
505.0 -770.0000000000001
510.8333333333333 -780.8333333333334
504.1666666666667 -766.6666666666666
506.6666666666667 -772.5
522.5 -790.0000000000001
521.6666666666667 -789.1666666666667
515.0 -785.8333333333333
516.6666666666666 -785.8333333333334
502.5 -745.8333333333334
520.8333333333335 -788.3333333333335
505.83333333333337 -771.6666666666667
505.8333333333333 -770.8333333333334
524.1666666666667 -791.6666666666669
497.5 -725.8333333333335
502.50000000000006 -752.4999999999998
513.3333333333333 -784.1666666666666
500.0 -736.6666666666666
517.5 -786.6666666666667
523.3333333333334 -790.8333333333335
520.0 -787.5000000000001
514.1666666666666 -785.0
510.0 -780.0
503.33333333333337 -765.8333333333334
505.0 -770.0000000000001
510.8333333333333 -780.8333333333334
506.6666666666667 -772.5
504.1666666666667 -766.6666666666666
522.5 -790.0000000000001
521.6666666666667 -789.1666666666667
515.0 -785.8333333333333
516.6666666666666 -785.8333333333334
502.5 -745.8333333333334
520.8333333333335 -788.3333333333335
505.83333333333337 -771.6666666666667
505.8333333333333 -770.8333333333334
497.5 -725.8333333333335
524.1666666666667 -791.6666666666669
502.50000000000006 -752.4999999999998
513.3333333333333 -784.1666666666666
500.0 -736.6666666666666
517.5 -786.6666666666667
523.3333333333334 -790.8333333333335
520.0 -787.5000000000001
514.1666666666666 -785.0
510.0 -780.0
503.33333333333337 -765.8333333333334
505.0 -770.0000000000001
510.8333333333333 -780.8333333333334
506.6666666666667 -772.5
504.1666666666667 -766.6666666666666
522.5 -790.0000000000001
521.6666666666667 -789.1666666666667
516.6666666666666 -785.8333333333334
502.5 -745.8333333333334
520.8333333333335 -788.3333333333335
505.83333333333337 -771.6666666666667
505.8333333333333 -770.8333333333334
497.5 -725.8333333333335
524.1666666666667 -791.6666666666669
502.50000000000006 -752.4999999999998
513.3333333333333 -784.1666666666666
500.0 -736.6666666666666
517.5 -786.6666666666667
520.0 -787.5000000000001
510.0 -780.0
503.33333333333337 -765.8333333333334
505.0 -770.0000000000001
510.8333333333333 -780.8333333333334
504.1666666666667 -766.6666666666666
506.6666666666667 -772.5
522.5 -790.0000000000001
521.6666666666667 -789.1666666666667
516.6666666666666 -785.8333333333334
502.5 -745.8333333333334
520.8333333333335 -788.3333333333335
505.83333333333337 -771.6666666666667
505.8333333333333 -770.8333333333334
497.5 -725.8333333333335
524.1666666666667 -791.6666666666669
502.50000000000006 -752.4999999999998
513.3333333333333 -784.1666666666666
500.0 -736.6666666666666
517.5 -786.6666666666667
520.0 -787.5000000000001
503.33333333333337 -765.8333333333334
505.0 -770.0000000000001
510.8333333333333 -780.8333333333334
506.6666666666667 -772.5
504.1666666666667 -766.6666666666666
522.5 -790.0000000000001
521.6666666666667 -789.1666666666667
516.6666666666666 -785.8333333333334
520.8333333333335 -788.3333333333335
505.83333333333337 -771.6666666666667
505.8333333333333 -770.8333333333334
524.1666666666667 -791.6666666666669
497.5 -725.8333333333335
502.50000000000006 -752.4999999999998
513.3333333333333 -784.1666666666666
500.0 -736.6666666666666
520.0 -787.5000000000001
517.5 -786.6666666666667
503.33333333333337 -765.8333333333334
505.0 -770.0000000000001
510.8333333333333 -780.8333333333334
504.1666666666667 -766.6666666666666
506.6666666666667 -772.5
522.5 -790.0000000000001
520.8333333333335 -788.3333333333335
521.6666666666667 -789.1666666666667
516.6666666666666 -785.8333333333334
505.83333333333337 -771.6666666666667
505.8333333333333 -770.8333333333334
497.5 -725.8333333333335
524.1666666666667 -791.6666666666669
502.50000000000006 -752.4999999999998
513.3333333333333 -784.1666666666666
500.0 -736.6666666666666
520.0 -787.5000000000001
517.5 -786.6666666666667
503.33333333333337 -765.8333333333334
505.0 -770.0000000000001
510.8333333333333 -780.8333333333334
506.6666666666667 -772.5
504.1666666666667 -766.6666666666666
522.5 -790.0000000000001
520.8333333333335 -788.3333333333335
521.6666666666667 -789.1666666666667
516.6666666666666 -785.8333333333334
505.83333333333337 -771.6666666666667
505.8333333333333 -770.8333333333334
524.1666666666667 -791.6666666666669
502.50000000000006 -752.4999999999998
520.0 -787.5000000000001
517.5 -786.6666666666667
516.6666666666666 -785.8333333333334
