502.5 -597.4999999999999
502.5 -597.4999999999999
516.6666666666667 -647.4999999999998
516.6666666666667 -647.4999999999998
515.8333333333334 -646.6666666666665
515.8333333333334 -646.6666666666665
502.5 -597.4999999999999
515.8333333333334 -646.6666666666665
516.6666666666667 -647.4999999999998
515.8333333333334 -646.6666666666665
516.6666666666667 -647.4999999999998
516.6666666666667 -647.4999999999998
515.8333333333334 -646.6666666666665
512.5 -634.9999999999998
514.1666666666667 -643.3333333333331
515.8333333333334 -646.6666666666665
516.6666666666667 -647.4999999999998
523.3333333333334 -647.4999999999999
514.1666666666667 -643.3333333333331
516.6666666666667 -647.4999999999998
515.8333333333334 -646.6666666666665
516.6666666666667 -647.4999999999998
515.8333333333334 -646.6666666666665
516.6666666666667 -647.4999999999998
515.8333333333334 -646.6666666666665
513.3333333333333 -635.8333333333331
515.8333333333334 -646.6666666666665
515.8333333333333 -644.1666666666665
515.8333333333334 -646.6666666666665
516.6666666666667 -647.4999999999998
516.6666666666667 -647.4999999999998
516.6666666666667 -647.4999999999998
515.8333333333334 -646.6666666666665
515.8333333333334 -646.6666666666665
516.6666666666667 -647.4999999999998
514.1666666666667 -643.3333333333331
516.6666666666667 -647.4999999999998
514.1666666666666 -636.6666666666665
516.6666666666667 -647.4999999999998
511.6666666666667 -630.8333333333331
514.1666666666667 -643.3333333333331
515.8333333333334 -646.6666666666665
515.8333333333334 -646.6666666666665
