502.5 -597.4999999999999
502.5 -597.4999999999999
516.6666666666667 -647.4999999999998
516.6666666666667 -647.4999999999998
515.8333333333334 -646.6666666666665
515.8333333333334 -646.6666666666665
502.5 -597.4999999999999
515.8333333333334 -646.6666666666665
516.6666666666667 -647.4999999999998
515.8333333333334 -646.6666666666665
516.6666666666667 -647.4999999999998
516.6666666666667 -647.4999999999998
515.8333333333334 -646.6666666666665
514.1666666666667 -643.3333333333331
515.8333333333334 -646.6666666666665
516.6666666666667 -647.4999999999998
514.1666666666667 -643.3333333333331
516.6666666666667 -647.4999999999998
515.8333333333334 -646.6666666666665
516.6666666666667 -647.4999999999998
515.8333333333334 -646.6666666666665
516.6666666666667 -647.4999999999998
515.8333333333334 -646.6666666666665
515.8333333333334 -646.6666666666665
515.8333333333333 -644.1666666666665
515.8333333333334 -646.6666666666665
516.6666666666667 -647.4999999999998
516.6666666666667 -647.4999999999998
516.6666666666667 -647.4999999999998
515.8333333333334 -646.6666666666665
515.8333333333334 -646.6666666666665
516.6666666666667 -647.4999999999998
514.1666666666667 -643.3333333333331
516.6666666666667 -647.4999999999998
516.6666666666667 -647.4999999999998
514.1666666666667 -643.3333333333331
515.8333333333334 -646.6666666666665
515.8333333333334 -646.6666666666665
511.6666666666667 -634.9999999999998
515.8333333333334 -646.6666666666665
516.6666666666667 -647.4999999999998
516.6666666666667 -647.4999999999998
516.6666666666667 -647.4999999999998
517.5 -648.333333333333
515.8333333333333 -644.1666666666665
516.6666666666667 -647.4999999999998
516.6666666666667 -647.4999999999998
515.8333333333334 -646.6666666666665
515.8333333333334 -646.6666666666665
516.6666666666667 -647.4999999999998
515.8333333333334 -646.6666666666665
515.8333333333334 -646.6666666666665
515.8333333333334 -646.6666666666665
516.6666666666667 -647.4999999999998
516.6666666666667 -647.4999999999998
515.8333333333334 -646.6666666666665
516.6666666666667 -647.4999999999998
515.8333333333334 -646.6666666666665
516.6666666666667 -647.4999999999998
514.1666666666667 -643.3333333333331
515.8333333333334 -646.6666666666665
516.6666666666667 -647.4999999999998
516.6666666666667 -647.4999999999998
515.8333333333334 -646.6666666666665
514.1666666666667 -643.3333333333331
515.8333333333334 -646.6666666666665
515.8333333333334 -646.6666666666665
516.6666666666667 -647.4999999999998
514.1666666666667 -643.3333333333331
515.0 -644.1666666666664
514.1666666666667 -643.3333333333331
515.8333333333333 -644.1666666666665
515.8333333333334 -646.6666666666665
517.5 -648.333333333333
515.8333333333334 -646.6666666666665
524.1666666666667 -648.3333333333331
515.8333333333334 -646.6666666666665
515.8333333333334 -646.6666666666665
516.6666666666667 -647.4999999999998
515.8333333333334 -646.6666666666665
514.1666666666667 -643.3333333333331
515.8333333333334 -646.6666666666665
515.8333333333334 -646.6666666666665
516.6666666666667 -647.4999999999998
515.8333333333333 -644.1666666666665
515.8333333333334 -646.6666666666665
515.8333333333334 -646.6666666666665
514.1666666666667 -643.3333333333331
515.8333333333333 -644.1666666666665
514.1666666666667 -643.3333333333331
514.1666666666667 -643.3333333333331
515.8333333333334 -646.6666666666665
515.8333333333334 -646.6666666666665
515.8333333333334 -646.6666666666665
516.6666666666667 -647.4999999999998
515.8333333333334 -646.6666666666665
514.1666666666667 -643.3333333333331
514.1666666666667 -643.3333333333331
516.6666666666667 -647.4999999999998
515.8333333333334 -646.6666666666665
516.6666666666667 -647.4999999999998
516.6666666666667 -647.4999999999998
515.8333333333334 -646.6666666666665
516.6666666666667 -647.4999999999998
516.6666666666667 -647.4999999999998
516.6666666666667 -647.4999999999998
516.6666666666667 -647.4999999999998
514.1666666666667 -643.3333333333331
514.1666666666667 -643.3333333333331
516.6666666666667 -647.4999999999998
513.3333333333334 -638.3333333333331
514.1666666666667 -643.3333333333331
516.6666666666667 -647.4999999999998
515.8333333333334 -646.6666666666665
516.6666666666667 -647.4999999999998
516.6666666666667 -647.4999999999998
515.8333333333334 -646.6666666666665
515.8333333333334 -646.6666666666665
514.1666666666667 -643.3333333333331
515.8333333333334 -646.6666666666665
516.6666666666667 -647.4999999999998
512.5 -635.8333333333331
514.1666666666667 -643.3333333333331
515.0 -644.1666666666664
515.8333333333334 -646.6666666666665
515.8333333333334 -646.6666666666665
515.8333333333334 -646.6666666666665
516.6666666666667 -647.4999999999998
515.8333333333334 -646.6666666666665
516.6666666666667 -647.4999999999998
514.1666666666667 -643.3333333333331
511.6666666666667 -634.9999999999998
514.1666666666667 -643.3333333333331
516.6666666666667 -647.4999999999998
517.5 -648.333333333333
516.6666666666667 -647.4999999999998
513.3333333333334 -638.3333333333331
515.8333333333334 -646.6666666666665
515.8333333333334 -646.6666666666665
515.8333333333334 -646.6666666666665
515.8333333333334 -646.6666666666665
516.6666666666667 -647.4999999999998
514.1666666666667 -643.3333333333331
515.8333333333334 -646.6666666666665
