502.5 -597.4999999999999
502.5 -597.4999999999999
516.6666666666667 -647.4999999999998
516.6666666666667 -647.4999999999998
502.5 -597.4999999999999
516.6666666666667 -647.4999999999998
516.6666666666667 -647.4999999999998
516.6666666666667 -647.4999999999998
514.1666666666667 -643.3333333333331
516.6666666666667 -647.4999999999998
514.1666666666667 -643.3333333333331
516.6666666666667 -647.4999999999998
516.6666666666667 -647.4999999999998
516.6666666666667 -647.4999999999998
516.6666666666667 -647.4999999999998
516.6666666666667 -647.4999999999998
516.6666666666667 -647.4999999999998
516.6666666666667 -647.4999999999998
514.1666666666667 -643.3333333333331
516.6666666666667 -647.4999999999998
516.6666666666667 -647.4999999999998
514.1666666666667 -643.3333333333331
511.6666666666667 -634.9999999999998
516.6666666666667 -647.4999999999998
516.6666666666667 -647.4999999999998
516.6666666666667 -647.4999999999998
517.5 -648.333333333333
516.6666666666667 -647.4999999999998
516.6666666666667 -647.4999999999998
516.6666666666667 -647.4999999999998
516.6666666666667 -647.4999999999998
516.6666666666667 -647.4999999999998
516.6666666666667 -647.4999999999998
516.6666666666667 -647.4999999999998
514.1666666666667 -643.3333333333331
516.6666666666667 -647.4999999999998
516.6666666666667 -647.4999999999998
514.1666666666667 -643.3333333333331
516.6666666666667 -647.4999999999998
514.1666666666667 -643.3333333333331
514.1666666666667 -643.3333333333331
517.5 -648.333333333333
524.1666666666667 -648.3333333333331
516.6666666666667 -647.4999999999998
514.1666666666667 -643.3333333333331
516.6666666666667 -647.4999999999998
514.1666666666667 -643.3333333333331
514.1666666666667 -643.3333333333331
514.1666666666667 -643.3333333333331
516.6666666666667 -647.4999999999998
514.1666666666667 -643.3333333333331
514.1666666666667 -643.3333333333331
516.6666666666667 -647.4999999999998
516.6666666666667 -647.4999999999998
516.6666666666667 -647.4999999999998
516.6666666666667 -647.4999999999998
516.6666666666667 -647.4999999999998
516.6666666666667 -647.4999999999998
516.6666666666667 -647.4999999999998
514.1666666666667 -643.3333333333331
514.1666666666667 -643.3333333333331
516.6666666666667 -647.4999999999998
513.3333333333334 -638.3333333333331
514.1666666666667 -643.3333333333331
516.6666666666667 -647.4999999999998
516.6666666666667 -647.4999999999998
516.6666666666667 -647.4999999999998
514.1666666666667 -643.3333333333331
516.6666666666667 -647.4999999999998
512.5 -635.8333333333331
514.1666666666667 -643.3333333333331
516.6666666666667 -647.4999999999998
516.6666666666667 -647.4999999999998
514.1666666666667 -643.3333333333331
511.6666666666667 -634.9999999999998
514.1666666666667 -643.3333333333331
516.6666666666667 -647.4999999999998
517.5 -648.333333333333
516.6666666666667 -647.4999999999998
513.3333333333334 -638.3333333333331
516.6666666666667 -647.4999999999998
514.1666666666667 -643.3333333333331
516.6666666666667 -647.4999999999998
516.6666666666667 -647.4999999999998
514.1666666666667 -643.3333333333331
516.6666666666667 -647.4999999999998
516.6666666666667 -647.4999999999998
516.6666666666667 -647.4999999999998
516.6666666666667 -647.4999999999998
514.1666666666667 -643.3333333333331
516.6666666666667 -647.4999999999998
516.6666666666667 -647.4999999999998
516.6666666666667 -647.4999999999998
516.6666666666667 -647.4999999999998
514.1666666666667 -643.3333333333331
514.1666666666667 -643.3333333333331
524.1666666666667 -648.3333333333331
512.5 -635.8333333333331
516.6666666666667 -647.4999999999998
516.6666666666667 -647.4999999999998
516.6666666666667 -647.4999999999998
516.6666666666667 -647.4999999999998
514.1666666666667 -643.3333333333331
516.6666666666667 -647.4999999999998
516.6666666666667 -647.4999999999998
514.1666666666667 -643.3333333333331
513.3333333333334 -638.3333333333331
516.6666666666667 -647.4999999999998
516.6666666666667 -647.4999999999998
516.6666666666667 -647.4999999999998
514.1666666666667 -643.3333333333331
516.6666666666667 -647.4999999999998
514.1666666666667 -643.3333333333331
516.6666666666667 -647.4999999999998
516.6666666666667 -647.4999999999998
516.6666666666667 -647.4999999999998
516.6666666666667 -647.4999999999998
514.1666666666667 -643.3333333333331
516.6666666666667 -647.4999999999998
514.1666666666667 -643.3333333333331
512.5 -635.8333333333331
515.0 -646.6666666666665
511.6666666666667 -634.9999999999998
516.6666666666667 -647.4999999999998
516.6666666666667 -647.4999999999998
514.1666666666667 -643.3333333333331
516.6666666666667 -647.4999999999998
514.1666666666667 -643.3333333333331
514.1666666666667 -643.3333333333331
514.1666666666667 -643.3333333333331
