502.5 -597.4999999999999
502.5 -597.4999999999999
502.5 -597.4999999999999
514.1666666666667 -643.3333333333331
514.1666666666667 -643.3333333333331
514.1666666666667 -643.3333333333331
514.1666666666667 -643.3333333333331
511.6666666666667 -634.9999999999998
514.1666666666667 -643.3333333333331
514.1666666666667 -643.3333333333331
514.1666666666667 -643.3333333333331
514.1666666666667 -643.3333333333331
514.1666666666667 -643.3333333333331
514.1666666666667 -643.3333333333331
514.1666666666667 -643.3333333333331
514.1666666666667 -643.3333333333331
514.1666666666667 -643.3333333333331
514.1666666666667 -643.3333333333331
514.1666666666667 -643.3333333333331
514.1666666666667 -643.3333333333331
513.3333333333334 -638.3333333333331
514.1666666666667 -643.3333333333331
514.1666666666667 -643.3333333333331
512.5 -635.8333333333331
514.1666666666667 -643.3333333333331
514.1666666666667 -643.3333333333331
511.6666666666667 -634.9999999999998
514.1666666666667 -643.3333333333331
513.3333333333334 -638.3333333333331
514.1666666666667 -643.3333333333331
514.1666666666667 -643.3333333333331
514.1666666666667 -643.3333333333331
514.1666666666667 -643.3333333333331
514.1666666666667 -643.3333333333331
512.5 -635.8333333333331
514.1666666666667 -643.3333333333331
514.1666666666667 -643.3333333333331
513.3333333333334 -638.3333333333331
514.1666666666667 -643.3333333333331
514.1666666666667 -643.3333333333331
514.1666666666667 -643.3333333333331
514.1666666666667 -643.3333333333331
512.5 -635.8333333333331
515.0 -646.6666666666665
511.6666666666667 -634.9999999999998
514.1666666666667 -643.3333333333331
514.1666666666667 -643.3333333333331
514.1666666666667 -643.3333333333331
514.1666666666667 -643.3333333333331
514.1666666666667 -643.3333333333331
514.1666666666667 -643.3333333333331
514.1666666666667 -643.3333333333331
514.1666666666667 -643.3333333333331
515.0 -646.6666666666665
514.1666666666667 -643.3333333333331
514.1666666666667 -643.3333333333331
514.1666666666667 -643.3333333333331
515.0 -646.6666666666665
514.1666666666667 -643.3333333333331
514.1666666666667 -643.3333333333331
514.1666666666667 -643.3333333333331
514.1666666666667 -643.3333333333331
515.0 -646.6666666666665
514.1666666666667 -643.3333333333331
514.1666666666667 -643.3333333333331
511.6666666666667 -634.9999999999998
514.1666666666667 -643.3333333333331
514.1666666666667 -643.3333333333331
511.6666666666667 -634.9999999999998
514.1666666666667 -643.3333333333331
514.1666666666667 -643.3333333333331
514.1666666666667 -643.3333333333331
517.5 -649.9999999999998
514.1666666666667 -643.3333333333331
514.1666666666667 -643.3333333333331
512.5 -635.8333333333331
514.1666666666667 -643.3333333333331
514.1666666666667 -643.3333333333331
514.1666666666667 -643.3333333333331
514.1666666666667 -643.3333333333331
514.1666666666667 -643.3333333333331
513.3333333333334 -638.3333333333331
515.0 -646.6666666666665
514.1666666666667 -643.3333333333331
511.6666666666667 -634.9999999999998
514.1666666666667 -643.3333333333331
514.1666666666667 -643.3333333333331
514.1666666666667 -643.3333333333331
514.1666666666667 -643.3333333333331
514.1666666666667 -643.3333333333331
515.0 -646.6666666666665
511.6666666666667 -634.9999999999998
518.3333333333334 -651.6666666666665
514.1666666666667 -643.3333333333331
511.6666666666667 -634.9999999999998
515.0 -646.6666666666665
514.1666666666667 -643.3333333333331
514.1666666666667 -643.3333333333331
514.1666666666667 -643.3333333333331
515.8333333333334 -648.333333333333
514.1666666666667 -643.3333333333331
514.1666666666667 -643.3333333333331
514.1666666666667 -643.3333333333331
514.1666666666667 -643.3333333333331
514.1666666666667 -643.3333333333331
514.1666666666667 -643.3333333333331
513.3333333333334 -638.3333333333331
514.1666666666667 -643.3333333333331
514.1666666666667 -643.3333333333331
511.6666666666667 -634.9999999999998
514.1666666666667 -643.3333333333331
