502.5 -597.4999999999999
502.5 -597.4999999999999
502.5 -597.4999999999999
518.3333333333334 -651.6666666666665
512.5 -638.3333333333331
512.5 -638.3333333333331
514.1666666666667 -645.8333333333333
512.5 -638.3333333333331
518.3333333333334 -651.6666666666665
512.5 -638.3333333333331
514.1666666666667 -645.8333333333333
518.3333333333334 -651.6666666666665
514.1666666666667 -645.8333333333333
512.5 -638.3333333333331
514.1666666666667 -645.8333333333333
512.5 -638.3333333333331
521.6666666666667 -652.4999999999999
515.0 -647.4999999999998
512.5 -638.3333333333331
519.1666666666667 -651.6666666666666
517.5 -650.8333333333333
514.1666666666667 -645.8333333333333
518.3333333333334 -651.6666666666665
512.5 -638.3333333333331
517.5 -650.8333333333333
514.1666666666667 -645.8333333333333
515.8333333333333 -648.3333333333331
515.0 -647.4999999999998
512.5 -638.3333333333331
513.3333333333334 -639.1666666666665
512.5 -638.3333333333331
511.6666666666667 -637.4999999999999
512.5 -638.3333333333331
514.1666666666667 -645.8333333333333
518.3333333333334 -651.6666666666665
514.1666666666667 -645.8333333333333
518.3333333333334 -651.6666666666665
517.5 -650.8333333333333
514.1666666666667 -645.8333333333333
517.5 -650.8333333333333
514.1666666666667 -645.8333333333333
512.5 -638.3333333333331
518.3333333333334 -651.6666666666665
514.1666666666667 -645.8333333333333
518.3333333333334 -651.6666666666665
513.3333333333334 -639.1666666666665
517.5 -650.8333333333333
518.3333333333334 -651.6666666666665
512.5 -638.3333333333331
514.1666666666667 -645.8333333333333
515.0 -647.4999999999998
517.5 -650.8333333333333
512.5 -638.3333333333331
513.3333333333334 -639.1666666666665
516.6666666666667 -650.0
517.5 -650.8333333333333
517.5 -650.8333333333333
511.6666666666667 -637.4999999999999
516.6666666666667 -650.0
517.5 -650.8333333333333
511.6666666666667 -637.4999999999999
514.1666666666667 -645.8333333333333
511.6666666666667 -637.4999999999999
512.5 -638.3333333333331
512.5 -638.3333333333331
512.5 -638.3333333333331
512.5 -638.3333333333331
516.6666666666667 -650.0
512.5 -638.3333333333331
517.5 -650.8333333333333
