502.5 -597.4999999999999
502.5 -597.4999999999999
502.5 -597.4999999999999
515.0 -647.4999999999998
515.8333333333333 -648.3333333333331
515.0 -647.4999999999998
511.6666666666667 -637.4999999999999
515.0 -647.4999999999998
516.6666666666667 -650.0
511.6666666666667 -637.4999999999999
516.6666666666667 -650.0
511.6666666666667 -637.4999999999999
511.6666666666667 -637.4999999999999
516.6666666666667 -650.0
515.0 -647.4999999999998
515.8333333333333 -648.3333333333331
515.8333333333333 -648.3333333333331
511.6666666666667 -637.4999999999999
511.6666666666667 -637.4999999999999
516.6666666666667 -650.0
518.3333333333333 -652.4999999999999
516.6666666666667 -650.0
517.5 -651.6666666666665
515.0 -647.4999999999998
516.6666666666667 -650.0
511.6666666666667 -637.4999999999999
511.6666666666667 -637.4999999999999
515.0 -647.4999999999998
515.0 -647.4999999999998
511.6666666666667 -637.4999999999999
511.6666666666667 -637.4999999999999
514.1666666666667 -646.6666666666665
513.3333333333334 -639.9999999999998
516.6666666666667 -650.0
512.5 -639.1666666666664
512.5 -639.1666666666664
516.6666666666667 -650.0
516.6666666666667 -650.0
511.6666666666667 -637.4999999999999
