502.5 -597.4999999999999
502.5 -597.4999999999999
502.5 -597.4999999999999
515.0 -647.4999999999998
515.8333333333333 -648.3333333333331
515.0 -647.4999999999998
515.0 -647.4999999999998
515.0 -647.4999999999998
515.8333333333333 -648.3333333333331
515.8333333333333 -648.3333333333331
518.3333333333333 -652.4999999999999
517.5 -651.6666666666665
515.0 -647.4999999999998
515.0 -647.4999999999998
515.0 -647.4999999999998
514.1666666666667 -646.6666666666665
513.3333333333334 -639.9999999999998
512.5 -639.1666666666664
512.5 -639.1666666666664
517.5 -651.6666666666665
515.0 -647.4999999999998
512.5 -639.1666666666664
511.6666666666667 -638.3333333333331
515.0 -647.4999999999998
516.6666666666666 -649.9999999999999
515.0 -647.4999999999998
515.0 -647.4999999999998
515.8333333333333 -648.3333333333331
516.6666666666667 -650.8333333333333
519.1666666666667 -653.3333333333331
511.6666666666667 -638.3333333333331
