502.5 -599.1666666666665
519.1666666666666 -653.3333333333333
511.6666666666667 -638.3333333333331
511.6666666666667 -638.3333333333331
513.3333333333334 -639.9999999999998
515.8333333333333 -649.9999999999999
518.3333333333333 -652.4999999999999
516.6666666666667 -650.8333333333333
512.5 -639.1666666666665
513.3333333333334 -639.9999999999998
512.5 -639.1666666666665
516.6666666666667 -650.8333333333333
517.5 -651.6666666666666
517.5 -651.6666666666666
511.6666666666667 -638.3333333333331
513.3333333333334 -639.9999999999998
516.6666666666667 -650.8333333333333
511.6666666666667 -638.3333333333331
513.3333333333334 -639.9999999999998
516.6666666666667 -650.8333333333333
511.6666666666667 -638.3333333333331
513.3333333333334 -639.9999999999998
513.3333333333334 -639.9999999999998
516.6666666666667 -650.8333333333333
511.6666666666667 -638.3333333333331
516.6666666666667 -650.8333333333333
511.6666666666667 -638.3333333333331
513.3333333333334 -639.9999999999998
516.6666666666667 -650.8333333333333
513.3333333333334 -639.9999999999998
511.6666666666667 -638.3333333333331
516.6666666666667 -650.8333333333333
516.6666666666667 -650.8333333333333
511.6666666666667 -638.3333333333331
516.6666666666667 -650.8333333333333
511.6666666666667 -638.3333333333331
511.6666666666667 -638.3333333333331
516.6666666666667 -650.8333333333333
511.6666666666667 -638.3333333333331
516.6666666666667 -650.8333333333333
516.6666666666667 -650.8333333333333
516.6666666666667 -650.8333333333333
513.3333333333334 -639.9999999999998
511.6666666666667 -638.3333333333331
511.6666666666667 -638.3333333333331
516.6666666666667 -650.8333333333333
516.6666666666667 -650.8333333333333
516.6666666666667 -650.8333333333333
516.6666666666667 -650.8333333333333
516.6666666666667 -650.8333333333333
511.6666666666667 -638.3333333333331
516.6666666666667 -650.8333333333333
516.6666666666667 -650.8333333333333
516.6666666666667 -650.8333333333333
516.6666666666667 -650.8333333333333
511.6666666666667 -638.3333333333331
511.6666666666667 -638.3333333333331
516.6666666666667 -650.8333333333333
511.6666666666667 -638.3333333333331
511.6666666666667 -638.3333333333331
516.6666666666667 -650.8333333333333
516.6666666666667 -650.8333333333333
516.6666666666667 -650.8333333333333
511.6666666666667 -638.3333333333331
516.6666666666667 -650.8333333333333
515.8333333333333 -649.9999999999999
516.6666666666667 -650.8333333333333
516.6666666666667 -650.8333333333333
511.6666666666667 -638.3333333333331
516.6666666666667 -650.8333333333333
516.6666666666667 -650.8333333333333
511.6666666666667 -638.3333333333331
516.6666666666667 -650.8333333333333
514.1666666666667 -648.3333333333331
511.6666666666667 -638.3333333333331
511.6666666666667 -638.3333333333331
513.3333333333334 -639.9999999999998
512.5 -639.1666666666665
516.6666666666667 -650.8333333333333
511.6666666666667 -638.3333333333331
518.3333333333333 -652.4999999999999
511.6666666666667 -638.3333333333331
513.3333333333334 -639.9999999999998
516.6666666666667 -650.8333333333333
517.5 -651.6666666666666
516.6666666666667 -650.8333333333333
516.6666666666667 -650.8333333333333
517.5 -651.6666666666666
516.6666666666667 -650.8333333333333
516.6666666666667 -650.8333333333333
516.6666666666667 -650.8333333333333
516.6666666666667 -650.8333333333333
513.3333333333334 -639.9999999999998
511.6666666666667 -638.3333333333331
516.6666666666667 -650.8333333333333
516.6666666666667 -650.8333333333333
511.6666666666667 -638.3333333333331
516.6666666666667 -650.8333333333333
516.6666666666667 -650.8333333333333
516.6666666666667 -650.8333333333333
517.5 -651.6666666666666
516.6666666666667 -650.8333333333333
516.6666666666667 -650.8333333333333
511.6666666666667 -638.3333333333331
511.6666666666667 -638.3333333333331
512.5 -639.1666666666665
516.6666666666667 -650.8333333333333
517.5 -651.6666666666666
516.6666666666667 -650.8333333333333
