502.5 -599.1666666666665
523.3333333333333 -674.1666666666667
502.5 -599.1666666666665
523.3333333333333 -674.1666666666667
510.00000000000006 -658.3333333333333
510.00000000000006 -658.3333333333333
520.0 -674.1666666666666
514.1666666666667 -663.3333333333333
515.8333333333334 -669.1666666666666
515.8333333333334 -669.1666666666666
517.5 -671.6666666666666
519.1666666666667 -673.3333333333334
513.3333333333334 -662.4999999999999
511.6666666666667 -660.8333333333333
514.1666666666667 -663.3333333333333
513.3333333333334 -662.4999999999999
511.6666666666667 -660.8333333333333
510.83333333333337 -659.9999999999999
517.5 -671.6666666666666
519.1666666666667 -673.3333333333334
516.6666666666667 -670.8333333333333
516.6666666666667 -670.8333333333333
510.83333333333337 -659.9999999999999
520.0 -674.1666666666666
523.3333333333333 -674.1666666666667
510.00000000000006 -658.3333333333333
515.8333333333334 -669.1666666666666
514.1666666666667 -663.3333333333333
513.3333333333334 -662.4999999999999
511.6666666666667 -660.8333333333333
517.5 -671.6666666666666
519.1666666666667 -673.3333333333334
516.6666666666667 -670.8333333333333
510.83333333333337 -659.9999999999999
520.0 -674.1666666666666
510.00000000000006 -658.3333333333333
515.8333333333334 -669.1666666666666
514.1666666666667 -663.3333333333333
513.3333333333334 -662.4999999999999
511.6666666666667 -660.8333333333333
517.5 -671.6666666666666
519.1666666666667 -673.3333333333334
516.6666666666667 -670.8333333333333
510.83333333333337 -659.9999999999999
520.0 -674.1666666666666
510.00000000000006 -658.3333333333333
515.8333333333334 -669.1666666666666
514.1666666666667 -663.3333333333333
513.3333333333334 -662.4999999999999
511.6666666666667 -660.8333333333333
517.5 -671.6666666666666
519.1666666666667 -673.3333333333334
516.6666666666667 -670.8333333333333
510.83333333333337 -659.9999999999999
520.0 -674.1666666666666
515.8333333333334 -669.1666666666666
515.8333333333334 -669.1666666666666
516.6666666666667 -670.8333333333333
510.00000000000006 -658.3333333333333
515.8333333333334 -669.1666666666666
510.00000000000006 -658.3333333333333
515.8333333333334 -669.1666666666666
515.8333333333334 -669.1666666666666
516.6666666666667 -670.8333333333333
510.00000000000006 -658.3333333333333
510.00000000000006 -658.3333333333333
510.00000000000006 -658.3333333333333
516.6666666666667 -670.8333333333333
510.00000000000006 -658.3333333333333
510.83333333333337 -659.9999999999999
515.8333333333334 -669.1666666666666
519.1666666666667 -673.3333333333334
510.00000000000006 -658.3333333333333
515.8333333333334 -669.1666666666666
515.8333333333334 -669.1666666666666
510.00000000000006 -658.3333333333333
510.00000000000006 -658.3333333333333
516.6666666666667 -670.8333333333333
510.00000000000006 -658.3333333333333
516.6666666666667 -670.8333333333333
515.8333333333334 -669.1666666666666
510.00000000000006 -658.3333333333333
510.83333333333337 -659.9999999999999
515.8333333333334 -669.1666666666666
516.6666666666667 -670.8333333333333
513.3333333333334 -662.4999999999999
515.8333333333334 -669.1666666666666
516.6666666666667 -670.8333333333333
510.00000000000006 -658.3333333333333
516.6666666666667 -670.8333333333333
516.6666666666667 -670.8333333333333
516.6666666666667 -670.8333333333333
510.00000000000006 -658.3333333333333
510.83333333333337 -659.9999999999999
513.3333333333334 -662.4999999999999
510.00000000000006 -658.3333333333333
520.0 -674.1666666666666
516.6666666666667 -670.8333333333333
510.00000000000006 -658.3333333333333
510.83333333333337 -659.9999999999999
515.8333333333334 -669.1666666666666
510.83333333333337 -659.9999999999999
516.6666666666667 -670.8333333333333
515.8333333333334 -669.1666666666666
510.83333333333337 -659.9999999999999
510.83333333333337 -659.9999999999999
516.6666666666667 -670.8333333333333
510.83333333333337 -659.9999999999999
510.00000000000006 -658.3333333333333
517.5 -671.6666666666666
510.83333333333337 -659.9999999999999
510.00000000000006 -658.3333333333333
510.00000000000006 -658.3333333333333
510.00000000000006 -658.3333333333333
516.6666666666667 -670.8333333333333
515.8333333333334 -669.1666666666666
510.83333333333337 -659.9999999999999
515.8333333333334 -669.1666666666666
510.83333333333337 -659.9999999999999
510.83333333333337 -659.9999999999999
510.00000000000006 -658.3333333333333
510.83333333333337 -659.9999999999999
520.0 -674.1666666666666
510.83333333333337 -659.9999999999999
510.00000000000006 -658.3333333333333
510.00000000000006 -658.3333333333333
510.00000000000006 -658.3333333333333
510.83333333333337 -659.9999999999999
516.6666666666667 -670.8333333333333
510.83333333333337 -659.9999999999999
516.6666666666667 -670.8333333333333
513.3333333333334 -662.4999999999999
510.00000000000006 -658.3333333333333
510.00000000000006 -658.3333333333333
515.8333333333334 -669.1666666666666
510.83333333333337 -659.9999999999999
510.00000000000006 -658.3333333333333
510.83333333333337 -659.9999999999999
510.83333333333337 -659.9999999999999
510.00000000000006 -658.3333333333333
515.8333333333334 -669.1666666666666
520.0 -674.1666666666666
516.6666666666667 -670.8333333333333
516.6666666666667 -670.8333333333333
510.00000000000006 -658.3333333333333
510.83333333333337 -659.9999999999999
519.1666666666667 -673.3333333333334
516.6666666666667 -670.8333333333333
520.0 -674.1666666666666
510.00000000000006 -658.3333333333333
510.83333333333337 -659.9999999999999
516.6666666666667 -670.8333333333333
515.8333333333334 -669.1666666666666
516.6666666666667 -670.8333333333333
514.1666666666667 -663.3333333333333
515.8333333333334 -669.1666666666666
519.1666666666667 -673.3333333333334
511.6666666666667 -660.8333333333333
516.6666666666667 -670.8333333333333
517.5 -671.6666666666666
515.8333333333334 -669.1666666666666
520.0 -674.1666666666666
519.1666666666667 -673.3333333333334
519.1666666666667 -673.3333333333334
513.3333333333334 -662.4999999999999
515.8333333333334 -669.1666666666666
514.1666666666667 -663.3333333333333
510.00000000000006 -658.3333333333333
516.6666666666667 -670.8333333333333
510.83333333333337 -659.9999999999999
516.6666666666667 -670.8333333333333
520.0 -674.1666666666666
510.00000000000006 -658.3333333333333
510.00000000000006 -658.3333333333333
510.83333333333337 -659.9999999999999
510.83333333333337 -659.9999999999999
510.83333333333337 -659.9999999999999
515.8333333333334 -669.1666666666666
513.3333333333334 -662.4999999999999
515.8333333333334 -669.1666666666666
515.8333333333334 -669.1666666666666
510.83333333333337 -659.9999999999999
515.8333333333334 -669.1666666666666
510.00000000000006 -658.3333333333333
515.8333333333334 -669.1666666666666
513.3333333333334 -662.4999999999999
510.00000000000006 -658.3333333333333
516.6666666666667 -670.8333333333333
516.6666666666667 -670.8333333333333
516.6666666666667 -670.8333333333333
516.6666666666667 -670.8333333333333
510.00000000000006 -658.3333333333333
510.83333333333337 -659.9999999999999
510.00000000000006 -658.3333333333333
513.3333333333334 -662.4999999999999
515.8333333333334 -669.1666666666666
510.83333333333337 -659.9999999999999
515.8333333333334 -669.1666666666666
516.6666666666667 -670.8333333333333
511.6666666666667 -660.8333333333333
