502.5 -599.1666666666665
502.5 -599.1666666666665
515.8333333333334 -679.1666666666667
520.8333333333334 -682.5
518.3333333333334 -681.6666666666667
513.3333333333334 -674.1666666666667
513.3333333333334 -674.1666666666667
507.50000000000006 -665.8333333333333
514.1666666666667 -677.5
513.3333333333334 -674.1666666666667
513.3333333333334 -674.1666666666667
507.50000000000006 -665.8333333333333
513.3333333333334 -674.1666666666667
513.3333333333334 -674.1666666666667
510.83333333333337 -670.8333333333334
517.5 -680.0000000000001
513.3333333333334 -674.1666666666667
507.50000000000006 -665.8333333333333
508.33333333333337 -668.3333333333334
514.1666666666667 -677.5
514.1666666666667 -677.5
