502.5 -599.1666666666665
502.5 -599.1666666666665
506.6666666666667 -668.3333333333333
513.3333333333334 -681.6666666666669
509.16666666666674 -674.1666666666667
511.66666666666674 -677.5
510.83333333333337 -675.8333333333333
505.83333333333337 -665.8333333333333
507.50000000000006 -671.6666666666667
516.6666666666667 -685.8333333333334
508.33333333333337 -674.1666666666666
513.3333333333334 -681.6666666666669
507.50000000000006 -671.6666666666667
513.3333333333334 -681.6666666666669
516.6666666666667 -685.8333333333334
514.1666666666667 -683.3333333333335
507.5 -669.1666666666666
515.0 -685.0000000000001
517.5 -686.6666666666667
