502.5 -599.1666666666665
502.5 -599.1666666666665
507.5 -670.0
509.16666666666674 -678.3333333333334
509.16666666666674 -678.3333333333334
514.1666666666667 -687.5000000000001
506.6666666666667 -669.1666666666666
505.83333333333337 -668.3333333333333
506.6666666666667 -669.1666666666666
515.0 -689.1666666666667
514.1666666666667 -687.5000000000001
515.0 -689.1666666666667
505.83333333333337 -668.3333333333333
514.1666666666667 -687.5000000000001
513.3333333333334 -686.6666666666669
505.83333333333337 -668.3333333333333
515.8333333333334 -689.1666666666669
514.1666666666667 -687.5000000000001
515.0 -689.1666666666667
506.6666666666667 -669.1666666666666
516.6666666666667 -691.6666666666666
507.50000000000006 -675.8333333333334
510.00000000000006 -680.0000000000001
509.16666666666674 -678.3333333333334
517.5 -691.6666666666667
508.33333333333337 -677.5000000000001
511.6666666666667 -680.8333333333334
