502.5 -599.1666666666665
502.5 -599.1666666666665
516.6666666666667 -691.6666666666666
510.00000000000006 -680.0000000000001
518.3333333333334 -693.3333333333335
515.0 -690.0000000000001
510.83333333333337 -680.8333333333334
513.3333333333333 -684.1666666666666
513.3333333333334 -687.5000000000001
513.3333333333334 -687.5000000000001
507.50000000000006 -676.6666666666667
513.3333333333334 -687.5000000000001
510.00000000000006 -680.0000000000001
513.3333333333334 -687.5000000000001
507.50000000000006 -676.6666666666667
509.1666666666667 -679.1666666666667
507.50000000000006 -676.6666666666667
509.1666666666667 -679.1666666666667
513.3333333333334 -687.5000000000001
514.1666666666667 -689.1666666666667
515.0 -690.0000000000001
510.00000000000006 -680.0000000000001
506.6666666666667 -672.5
510.83333333333337 -680.8333333333334
515.0 -690.0000000000001
511.6666666666667 -681.6666666666666
519.1666666666667 -694.1666666666666
513.3333333333334 -687.5000000000001
513.3333333333334 -687.5000000000001
517.5 -692.5000000000001
517.5 -692.5000000000001
508.33333333333337 -678.3333333333334
511.6666666666667 -681.6666666666666
515.8333333333334 -690.8333333333335
512.5 -682.5000000000001
515.8333333333334 -690.8333333333335
509.1666666666667 -679.1666666666667
513.3333333333334 -687.5000000000001
505.83333333333337 -670.8333333333333
513.3333333333334 -687.5000000000001
508.33333333333337 -678.3333333333334
510.83333333333337 -680.8333333333334
