502.5 -599.1666666666665
502.5 -599.1666666666665
516.6666666666667 -693.3333333333334
515.0 -691.6666666666667
510.0 -680.8333333333334
514.1666666666667 -690.8333333333334
508.33333333333337 -679.1666666666666
513.3333333333334 -687.5000000000001
507.50000000000006 -676.6666666666667
513.3333333333334 -687.5000000000001
507.50000000000006 -676.6666666666667
513.3333333333334 -687.5000000000001
507.50000000000006 -676.6666666666667
513.3333333333334 -687.5000000000001
507.50000000000006 -676.6666666666667
513.3333333333334 -687.5000000000001
507.50000000000006 -676.6666666666667
513.3333333333334 -687.5000000000001
507.50000000000006 -676.6666666666667
513.3333333333334 -687.5000000000001
507.50000000000006 -676.6666666666667
513.3333333333334 -687.5000000000001
507.50000000000006 -676.6666666666667
513.3333333333334 -687.5000000000001
507.50000000000006 -676.6666666666667
513.3333333333334 -687.5000000000001
507.50000000000006 -676.6666666666667
513.3333333333334 -687.5000000000001
507.50000000000006 -676.6666666666667
513.3333333333334 -687.5000000000001
513.3333333333334 -687.5000000000001
513.3333333333334 -687.5000000000001
507.50000000000006 -676.6666666666667
507.50000000000006 -676.6666666666667
513.3333333333334 -687.5000000000001
513.3333333333334 -687.5000000000001
513.3333333333334 -687.5000000000001
513.3333333333334 -687.5000000000001
513.3333333333334 -687.5000000000001
513.3333333333334 -687.5000000000001
507.50000000000006 -676.6666666666667
513.3333333333334 -687.5000000000001
513.3333333333334 -687.5000000000001
513.3333333333334 -687.5000000000001
513.3333333333334 -687.5000000000001
513.3333333333334 -687.5000000000001
513.3333333333334 -687.5000000000001
513.3333333333334 -687.5000000000001
513.3333333333334 -687.5000000000001
513.3333333333334 -687.5000000000001
513.3333333333334 -687.5000000000001
513.3333333333334 -687.5000000000001
513.3333333333334 -687.5000000000001
507.50000000000006 -676.6666666666667
507.50000000000006 -676.6666666666667
509.1666666666667 -680.0
511.6666666666667 -685.0
513.3333333333334 -687.5000000000001
513.3333333333334 -687.5000000000001
515.0 -691.6666666666667
513.3333333333334 -687.5000000000001
507.50000000000006 -676.6666666666667
507.50000000000006 -676.6666666666667
507.50000000000006 -676.6666666666667
507.50000000000006 -676.6666666666667
513.3333333333334 -687.5000000000001
513.3333333333334 -687.5000000000001
513.3333333333334 -687.5000000000001
507.50000000000006 -676.6666666666667
509.1666666666667 -680.0
507.50000000000006 -676.6666666666667
516.6666666666667 -693.3333333333334
511.6666666666667 -685.0
509.1666666666667 -680.0
513.3333333333334 -687.5000000000001
507.50000000000006 -676.6666666666667
513.3333333333334 -687.5000000000001
517.5 -694.1666666666667
505.83333333333337 -674.1666666666666
509.1666666666667 -680.0
512.5 -686.6666666666667
508.33333333333337 -679.1666666666666
507.50000000000006 -676.6666666666667
507.50000000000006 -676.6666666666667
514.1666666666667 -690.8333333333334
511.6666666666667 -685.0
513.3333333333334 -687.5000000000001
507.50000000000006 -676.6666666666667
513.3333333333334 -687.5000000000001
