502.5 -599.1666666666665
502.5 -599.1666666666665
516.6666666666667 -693.3333333333334
515.0 -691.6666666666667
514.1666666666667 -690.8333333333334
508.33333333333337 -679.1666666666666
513.3333333333334 -687.5000000000001
513.3333333333334 -687.5000000000001
513.3333333333334 -687.5000000000001
513.3333333333334 -687.5000000000001
513.3333333333334 -687.5000000000001
513.3333333333334 -687.5000000000001
513.3333333333334 -687.5000000000001
513.3333333333334 -687.5000000000001
513.3333333333334 -687.5000000000001
513.3333333333334 -687.5000000000001
513.3333333333334 -687.5000000000001
513.3333333333334 -687.5000000000001
513.3333333333334 -687.5000000000001
513.3333333333334 -687.5000000000001
513.3333333333334 -687.5000000000001
513.3333333333334 -687.5000000000001
513.3333333333334 -687.5000000000001
513.3333333333334 -687.5000000000001
513.3333333333334 -687.5000000000001
513.3333333333334 -687.5000000000001
513.3333333333334 -687.5000000000001
513.3333333333334 -687.5000000000001
513.3333333333334 -687.5000000000001
513.3333333333334 -687.5000000000001
513.3333333333334 -687.5000000000001
513.3333333333334 -687.5000000000001
513.3333333333334 -687.5000000000001
513.3333333333334 -687.5000000000001
513.3333333333334 -687.5000000000001
513.3333333333334 -687.5000000000001
513.3333333333334 -687.5000000000001
513.3333333333334 -687.5000000000001
511.6666666666667 -685.0
513.3333333333334 -687.5000000000001
513.3333333333334 -687.5000000000001
515.0 -691.6666666666667
513.3333333333334 -687.5000000000001
513.3333333333334 -687.5000000000001
513.3333333333334 -687.5000000000001
513.3333333333334 -687.5000000000001
516.6666666666667 -693.3333333333334
511.6666666666667 -685.0
513.3333333333334 -687.5000000000001
513.3333333333334 -687.5000000000001
517.5 -694.1666666666667
505.83333333333337 -674.1666666666666
512.5 -686.6666666666667
508.33333333333337 -679.1666666666666
514.1666666666667 -690.8333333333334
511.6666666666667 -685.0
513.3333333333334 -687.5000000000001
513.3333333333334 -687.5000000000001
512.5 -686.6666666666667
505.83333333333337 -674.1666666666666
512.5 -686.6666666666667
513.3333333333334 -687.5000000000001
511.6666666666667 -685.0
513.3333333333334 -687.5000000000001
511.6666666666667 -685.0
516.6666666666667 -693.3333333333334
505.83333333333337 -674.1666666666666
517.5 -694.1666666666667
513.3333333333334 -687.5000000000001
516.6666666666667 -693.3333333333334
509.1666666666667 -680.8333333333334
508.33333333333337 -679.1666666666666
513.3333333333334 -687.5000000000001
513.3333333333334 -687.5000000000001
511.6666666666667 -685.0
513.3333333333334 -687.5000000000001
517.5 -694.1666666666667
510.83333333333337 -682.5
512.5 -686.6666666666667
519.1666666666667 -695.8333333333334
505.83333333333337 -674.1666666666666
514.1666666666667 -690.8333333333334
513.3333333333334 -687.5000000000001
508.33333333333337 -679.1666666666666
507.50000000000006 -677.5
513.3333333333334 -687.5000000000001
519.1666666666667 -695.8333333333334
513.3333333333334 -687.5000000000001
512.5 -686.6666666666667
513.3333333333334 -687.5000000000001
512.5 -686.6666666666667
508.33333333333337 -679.1666666666666
516.6666666666667 -693.3333333333334
513.3333333333334 -687.5000000000001
513.3333333333334 -687.5000000000001
513.3333333333334 -687.5000000000001
513.3333333333334 -687.5000000000001
511.6666666666667 -685.0
