502.5 -599.1666666666665
502.5 -599.1666666666665
511.6666666666667 -685.0
511.6666666666667 -685.0
511.6666666666667 -685.0
511.6666666666667 -685.0
511.6666666666667 -685.0
511.6666666666667 -685.0
519.1666666666667 -695.8333333333334
507.50000000000006 -677.5
519.1666666666667 -695.8333333333334
511.6666666666667 -685.0
511.6666666666667 -685.0
506.6666666666667 -677.4999999999999
511.6666666666667 -685.0
507.50000000000006 -677.5
507.50000000000006 -677.5
511.6666666666667 -685.0
511.6666666666667 -685.0
511.6666666666667 -685.0
511.6666666666667 -685.0
511.6666666666667 -685.0
507.50000000000006 -677.5
511.6666666666667 -685.0
511.6666666666667 -685.0
511.6666666666667 -685.0
507.50000000000006 -677.5
507.50000000000006 -677.5
507.50000000000006 -677.5
511.6666666666667 -685.0
512.5 -688.3333333333333
511.6666666666667 -685.0
509.1666666666667 -681.6666666666666
511.6666666666667 -685.0
511.6666666666667 -685.0
508.33333333333337 -680.8333333333334
507.50000000000006 -677.5
512.5 -688.3333333333333
507.50000000000006 -677.5
511.6666666666667 -685.0
518.3333333333333 -695.0
511.6666666666667 -685.0
511.6666666666667 -685.0
511.6666666666667 -685.0
508.33333333333337 -680.8333333333334
511.6666666666667 -685.0
509.1666666666667 -681.6666666666666
511.6666666666667 -685.0
518.3333333333333 -695.0
515.0 -692.5
511.6666666666667 -685.0
507.50000000000006 -677.5
511.6666666666667 -685.0
505.83333333333337 -674.9999999999999
515.0 -692.5
507.50000000000006 -677.5
512.5 -688.3333333333333
507.50000000000006 -677.5
511.6666666666667 -685.0
510.83333333333337 -683.3333333333334
506.6666666666667 -677.4999999999999
518.3333333333333 -695.0
507.50000000000006 -677.5
507.50000000000006 -677.5
507.50000000000006 -677.5
508.33333333333337 -680.8333333333334
507.50000000000006 -677.5
506.6666666666667 -677.4999999999999
512.5 -688.3333333333333
511.6666666666667 -685.0
511.6666666666667 -685.0
512.5 -688.3333333333333
516.6666666666667 -694.1666666666667
511.6666666666667 -685.0
511.6666666666667 -685.0
510.83333333333337 -683.3333333333334
507.50000000000006 -677.5
505.83333333333337 -674.9999999999999
506.6666666666667 -677.4999999999999
512.5 -688.3333333333333
511.6666666666667 -685.0
507.50000000000006 -677.5
507.50000000000006 -677.5
514.1666666666667 -691.6666666666667
507.50000000000006 -677.5
511.6666666666667 -685.0
512.5 -688.3333333333333
511.6666666666667 -685.0
511.6666666666667 -685.0
514.1666666666667 -691.6666666666667
516.6666666666667 -694.1666666666667
512.5 -688.3333333333333
508.33333333333337 -680.8333333333334
512.5 -688.3333333333333
513.3333333333334 -689.1666666666667
512.5 -688.3333333333333
