502.5 -599.1666666666665
502.5 -599.1666666666665
505.83333333333337 -674.9999999999999
505.83333333333337 -674.9999999999999
505.83333333333337 -674.9999999999999
508.3333333333333 -679.1666666666666
505.83333333333337 -674.9999999999999
515.0 -693.3333333333334
511.6666666666667 -685.8333333333333
509.1666666666667 -682.5
505.83333333333337 -674.9999999999999
511.6666666666667 -685.8333333333333
505.83333333333337 -674.9999999999999
505.83333333333337 -674.9999999999999
506.6666666666667 -678.3333333333333
505.83333333333337 -674.9999999999999
507.5 -678.3333333333334
505.83333333333337 -674.9999999999999
512.5 -689.1666666666666
513.3333333333333 -690.0
511.6666666666667 -685.8333333333333
506.6666666666667 -678.3333333333333
508.3333333333333 -679.1666666666666
513.3333333333333 -690.0
510.83333333333337 -684.1666666666666
509.1666666666667 -682.5
508.3333333333333 -679.1666666666666
506.6666666666667 -678.3333333333333
512.5 -689.1666666666666
515.0 -693.3333333333334
514.1666666666667 -692.5
515.0 -693.3333333333334
520.8333333333334 -697.5
515.0 -693.3333333333334
508.33333333333337 -681.6666666666666
516.6666666666667 -695.0
509.1666666666667 -682.5
507.5 -678.3333333333334
516.6666666666667 -695.0
514.1666666666667 -692.5
515.8333333333333 -694.1666666666667
508.33333333333337 -681.6666666666666
514.1666666666667 -692.5
514.1666666666667 -692.5
514.1666666666667 -692.5
508.33333333333337 -681.6666666666666
507.5 -678.3333333333334
520.8333333333334 -697.5
509.1666666666667 -682.5
510.0 -683.3333333333334
514.1666666666666 -690.8333333333333
512.5 -689.1666666666666
506.6666666666667 -678.3333333333333
506.6666666666667 -678.3333333333333
515.0 -693.3333333333334
515.8333333333333 -694.1666666666667
505.83333333333337 -674.9999999999999
508.33333333333337 -681.6666666666666
508.33333333333337 -681.6666666666666
508.33333333333337 -681.6666666666666
513.3333333333333 -690.0
517.5 -695.8333333333334
514.1666666666667 -692.5
508.33333333333337 -681.6666666666666
505.83333333333337 -674.9999999999999
507.5 -678.3333333333334
512.5 -689.1666666666666
511.6666666666667 -685.8333333333333
516.6666666666667 -695.0
505.83333333333337 -674.9999999999999
512.5 -689.1666666666666
515.8333333333333 -694.1666666666667
513.3333333333333 -690.0
510.83333333333337 -684.1666666666666
514.1666666666667 -692.5
508.33333333333337 -681.6666666666666
514.1666666666667 -692.5
515.0 -693.3333333333334
