502.5 -599.1666666666665
502.5 -599.1666666666665
519.1666666666667 -699.1666666666666
513.3333333333333 -693.3333333333334
511.6666666666667 -687.5
511.6666666666667 -687.5
513.3333333333333 -693.3333333333334
511.6666666666667 -687.5
511.6666666666667 -687.5
513.3333333333333 -693.3333333333334
511.6666666666667 -687.5
515.8333333333333 -695.8333333333334
511.6666666666667 -687.5
511.6666666666667 -687.5
511.6666666666667 -687.5
515.0 -695.0
505.83333333333337 -676.6666666666665
516.6666666666666 -696.6666666666667
511.6666666666667 -687.5
511.6666666666667 -687.5
511.6666666666667 -687.5
511.6666666666667 -687.5
508.3333333333333 -684.1666666666666
511.6666666666667 -687.5
511.6666666666667 -687.5
517.5 -697.5
505.83333333333337 -676.6666666666665
511.6666666666667 -687.5
505.83333333333337 -676.6666666666665
512.5 -690.8333333333333
506.6666666666667 -682.5
