550.0 -864.0 
578.0 -905.0 
578.0 -905.0 
560.0 -891.0 
573.0 -901.0 
556.0 -880.0 
575.0 -904.0 
553.0 -872.0 
556.0 -880.0 
553.0 -872.0 
555.0 -876.0 
569.0 -899.0 
555.0 -876.0 
562.0 -892.0 
569.0 -899.0 
568.0 -898.0 
567.0 -897.0 
564.0 -894.0 
565.0 -895.0 
563.0 -893.0 
566.0 -896.0 
567.0 -897.0 
564.0 -894.0 
563.0 -893.0 
568.0 -898.0 
562.0 -892.0 
566.0 -896.0 
565.0 -895.0 
578.0 -905.0 
553.0 -872.0 
555.0 -876.0 
568.0 -898.0 
564.0 -894.0 
562.0 -892.0 
563.0 -893.0 
567.0 -897.0 
566.0 -896.0 
565.0 -895.0 
578.0 -905.0 
553.0 -872.0 
555.0 -876.0 
562.0 -892.0 
568.0 -898.0 
563.0 -893.0 
567.0 -897.0 
566.0 -896.0 
565.0 -895.0 
564.0 -894.0 
578.0 -905.0 
553.0 -872.0 
555.0 -876.0 
562.0 -892.0 
564.0 -894.0 
567.0 -897.0 
563.0 -893.0 
568.0 -898.0 
565.0 -895.0 
566.0 -896.0 
578.0 -905.0 
553.0 -872.0 
555.0 -876.0 
562.0 -892.0 
564.0 -894.0 
568.0 -898.0 
567.0 -897.0 
566.0 -896.0 
563.0 -893.0 
565.0 -895.0 
578.0 -905.0 
553.0 -872.0 
555.0 -876.0 
562.0 -892.0 
564.0 -894.0 
563.0 -893.0 
568.0 -898.0 
565.0 -895.0 
567.0 -897.0 
566.0 -896.0 
578.0 -905.0 
553.0 -872.0 
555.0 -876.0 
562.0 -892.0 
563.0 -893.0 
568.0 -898.0 
564.0 -894.0 
565.0 -895.0 
566.0 -896.0 
567.0 -897.0 
578.0 -905.0 
553.0 -872.0 
555.0 -876.0 
562.0 -892.0 
564.0 -894.0 
567.0 -897.0 
563.0 -893.0 
568.0 -898.0 
566.0 -896.0 
565.0 -895.0 
578.0 -905.0 
553.0 -872.0 
555.0 -876.0 
562.0 -892.0 
567.0 -897.0 
563.0 -893.0 
566.0 -896.0 
565.0 -895.0 
578.0 -905.0 
553.0 -872.0 
555.0 -876.0 
567.0 -897.0 
562.0 -892.0 
563.0 -893.0 
566.0 -896.0 
565.0 -895.0 
578.0 -905.0 
553.0 -872.0 
555.0 -876.0 
567.0 -897.0 
562.0 -892.0 
563.0 -893.0 
566.0 -896.0 
565.0 -895.0 
578.0 -905.0 
553.0 -872.0 
555.0 -876.0 
567.0 -897.0 
562.0 -892.0 
563.0 -893.0 
565.0 -895.0 
566.0 -896.0 
578.0 -905.0 
553.0 -872.0 
555.0 -876.0 
567.0 -897.0 
562.0 -892.0 
563.0 -893.0 
565.0 -895.0 
566.0 -896.0 
578.0 -905.0 
553.0 -872.0 
555.0 -876.0 
567.0 -897.0 
563.0 -893.0 
565.0 -895.0 
562.0 -892.0 
566.0 -896.0 
578.0 -905.0 
553.0 -872.0 
555.0 -876.0 
567.0 -897.0 
563.0 -893.0 
565.0 -895.0 
562.0 -892.0 
566.0 -896.0 
578.0 -905.0 
553.0 -872.0 
555.0 -876.0 
563.0 -893.0 
565.0 -895.0 
562.0 -892.0 
566.0 -896.0 
578.0 -905.0 
553.0 -872.0 
555.0 -876.0 
566.0 -896.0 
563.0 -893.0 
565.0 -895.0 
562.0 -892.0 
578.0 -905.0 
553.0 -872.0 
555.0 -876.0 
566.0 -896.0 
563.0 -893.0 
565.0 -895.0 
562.0 -892.0 
578.0 -905.0 
553.0 -872.0 
555.0 -876.0 
566.0 -896.0 
563.0 -893.0 
565.0 -895.0 
562.0 -892.0 
578.0 -905.0 
553.0 -872.0 
555.0 -876.0 
566.0 -896.0 
563.0 -893.0 
565.0 -895.0 
562.0 -892.0 
578.0 -905.0 
555.0 -876.0 
566.0 -896.0 
563.0 -893.0 
565.0 -895.0 
562.0 -892.0 
578.0 -905.0 
555.0 -876.0 
566.0 -896.0 
563.0 -893.0 
565.0 -895.0 
562.0 -892.0 
578.0 -905.0 
555.0 -876.0 
566.0 -896.0 
565.0 -895.0 
562.0 -892.0 
578.0 -905.0 
555.0 -876.0 
562.0 -892.0 
565.0 -895.0 
566.0 -896.0 
578.0 -905.0 
555.0 -876.0 
565.0 -895.0 
566.0 -896.0 
578.0 -905.0 
555.0 -876.0 
565.0 -895.0 
566.0 -896.0 
578.0 -905.0 
555.0 -876.0 
566.0 -896.0 
565.0 -895.0 
578.0 -905.0 
555.0 -876.0 
566.0 -896.0 
565.0 -895.0 
578.0 -905.0 
555.0 -876.0 
566.0 -896.0 
565.0 -895.0 
578.0 -905.0 
555.0 -876.0 
566.0 -896.0 
565.0 -895.0 
578.0 -905.0 
555.0 -876.0 
566.0 -896.0 
565.0 -895.0 
578.0 -905.0 
555.0 -876.0 
566.0 -896.0 
565.0 -895.0 
578.0 -905.0 
565.0 -895.0 
555.0 -876.0 
566.0 -896.0 
578.0 -905.0 
565.0 -895.0 
555.0 -876.0 
566.0 -896.0 
578.0 -905.0 
565.0 -895.0 
555.0 -876.0 
555.0 -876.0 
565.0 -895.0 
555.0 -876.0 
565.0 -895.0 
555.0 -876.0 
565.0 -895.0 
555.0 -876.0 
565.0 -895.0 
565.0 -895.0 
555.0 -876.0 
565.0 -895.0 
555.0 -876.0 
565.0 -895.0 
555.0 -876.0 
565.0 -895.0 
555.0 -876.0 
565.0 -895.0 
565.0 -895.0 
565.0 -895.0 
565.0 -895.0 
555.0 -876.0 
555.0 -876.0 
565.0 -895.0 
566.0 -896.0 
565.0 -895.0 
555.0 -876.0 
565.0 -895.0 
566.0 -896.0 
555.0 -876.0 
562.0 -892.0 
565.0 -895.0 
565.0 -895.0 
566.0 -896.0 
565.0 -895.0 
555.0 -876.0 
555.0 -876.0 
555.0 -876.0 
555.0 -876.0 
565.0 -895.0 
565.0 -895.0 
566.0 -896.0 
565.0 -895.0 
555.0 -876.0 
566.0 -896.0 
565.0 -895.0 
565.0 -895.0 
