1099.0 -678.0 
1118.0 -683.0 
1118.0 -683.0 
1112.0 -674.0 
1114.0 -680.0 
1100.0 -680.0 
1111.0 -679.0 
1110.0 -676.0 
1113.0 -678.0 
1099.0 -677.0 
1106.0 -679.0 
1104.0 -674.0 
1105.0 -675.0 
1100.0 -676.0 
1108.0 -677.0 
1112.0 -675.0 
1102.0 -676.0 
1104.0 -676.0 
1103.0 -677.0 
1101.0 -677.0 
1100.0 -677.0 
1109.0 -675.0 
1106.0 -676.0 
1108.0 -680.0 
1107.0 -675.0 
1105.0 -677.0 
1110.0 -680.0 
1112.0 -674.0 
1113.0 -680.0 
1111.0 -680.0 
1108.0 -680.0 
1107.0 -675.0 
1109.0 -675.0 
1099.0 -678.0 
1103.0 -677.0 
1102.0 -677.0 
1100.0 -676.0 
1106.0 -675.0 
1104.0 -676.0 
1105.0 -677.0 
1101.0 -677.0 
1104.0 -676.0 
1102.0 -676.0 
1104.0 -676.0 
1103.0 -677.0 
1100.0 -677.0 
1101.0 -676.0 
1104.0 -676.0 
1104.0 -676.0 
1103.0 -677.0 
1102.0 -677.0 
1104.0 -676.0 
1100.0 -677.0 
1104.0 -676.0 
1104.0 -676.0 
1100.0 -677.0 
1103.0 -677.0 
1104.0 -676.0 
1100.0 -677.0 
1104.0 -676.0 
1099.0 -678.0 
1104.0 -676.0 
1104.0 -676.0 
1109.0 -675.0 
1104.0 -676.0 
1100.0 -677.0 
1106.0 -676.0 
1100.0 -677.0 
1109.0 -676.0 
1101.0 -676.0 
1099.0 -678.0 
1104.0 -676.0 
1103.0 -677.0 
1103.0 -677.0 
1104.0 -676.0 
1105.0 -677.0 
1103.0 -677.0 
1104.0 -680.0 
1103.0 -677.0 
1102.0 -677.0 
1103.0 -677.0 
1109.0 -676.0 
1102.0 -677.0 
1103.0 -677.0 
1099.0 -677.0 
1100.0 -677.0 
1102.0 -676.0 
1101.0 -678.0 
1101.0 -677.0 
1103.0 -677.0 
1100.0 -677.0 
1099.0 -678.0 
1102.0 -676.0 
1102.0 -676.0 
1105.0 -677.0 
1102.0 -676.0 
1099.0 -678.0 
1104.0 -676.0 
1102.0 -677.0 
1104.0 -676.0 
1103.0 -677.0 
1108.0 -680.0 
1103.0 -677.0 
1100.0 -677.0 
1101.0 -676.0 
1101.0 -676.0 
1108.0 -676.0 
1100.0 -677.0 
1105.0 -677.0 
1105.0 -677.0 
1103.0 -677.0 
1105.0 -677.0 
1101.0 -676.0 
1104.0 -676.0 
1108.0 -680.0 
1101.0 -677.0 
1104.0 -676.0 
1099.0 -678.0 
1101.0 -677.0 
1104.0 -676.0 
1099.0 -678.0 
1104.0 -676.0 
1101.0 -676.0 
1104.0 -676.0 
1100.0 -677.0 
1104.0 -676.0 
1101.0 -676.0 
1101.0 -678.0 
1103.0 -676.0 
1106.0 -675.0 
1099.0 -678.0 
1106.0 -676.0 
1105.0 -680.0 
1103.0 -677.0 
1099.0 -677.0 
1109.0 -679.0 
1104.0 -676.0 
1106.0 -676.0 
1103.0 -677.0 
1104.0 -680.0 
1100.0 -677.0 
1099.0 -678.0 
1104.0 -680.0 
1112.0 -674.0 
1101.0 -676.0 
1101.0 -677.0 
1100.0 -677.0 
1100.0 -677.0 
1104.0 -676.0 
1101.0 -677.0 
1109.0 -676.0 
1102.0 -677.0 
1103.0 -677.0 
1104.0 -676.0 
1103.0 -677.0 
1103.0 -677.0 
1104.0 -676.0 
1109.0 -676.0 
1104.0 -676.0 
1103.0 -677.0 
1105.0 -675.0 
1100.0 -677.0 
1104.0 -676.0 
1103.0 -677.0 
1104.0 -676.0 
1102.0 -676.0 
1100.0 -678.0 
1107.0 -675.0 
1102.0 -676.0 
1103.0 -677.0 
1109.0 -676.0 
1100.0 -677.0 
1104.0 -680.0 
1107.0 -675.0 
1102.0 -676.0 
1104.0 -676.0 
1101.0 -676.0 
1105.0 -677.0 
1102.0 -677.0 
1107.0 -675.0 
1104.0 -676.0 
1106.0 -680.0 
1108.0 -679.0 
1109.0 -679.0 
1101.0 -678.0 
1101.0 -676.0 
1104.0 -676.0 
1104.0 -676.0 
1102.0 -676.0 
1102.0 -676.0 
1105.0 -677.0 
1105.0 -677.0 
1109.0 -676.0 
1112.0 -674.0 
1102.0 -676.0 
1104.0 -676.0 
1104.0 -676.0 
1100.0 -676.0 
1103.0 -677.0 
1102.0 -676.0 
1103.0 -677.0 
1103.0 -677.0 
1102.0 -676.0 
1102.0 -676.0 
1104.0 -676.0 
1105.0 -677.0 
1102.0 -676.0 
1101.0 -677.0 
1105.0 -680.0 
1102.0 -676.0 
1104.0 -676.0 
1104.0 -676.0 
1104.0 -676.0 
1101.0 -677.0 
1109.0 -675.0 
1102.0 -676.0 
1100.0 -676.0 
1102.0 -676.0 
1101.0 -676.0 
1102.0 -677.0 
1111.0 -678.0 
1100.0 -677.0 
1099.0 -678.0 
1100.0 -677.0 
1103.0 -677.0 
1108.0 -676.0 
1099.0 -678.0 
1105.0 -677.0 
1101.0 -678.0 
1101.0 -676.0 
1105.0 -677.0 
1104.0 -676.0 
1099.0 -678.0 
1108.0 -676.0 
1107.0 -680.0 
1101.0 -676.0 
1101.0 -676.0 
1102.0 -677.0 
1103.0 -677.0 
1103.0 -677.0 
1104.0 -676.0 
1109.0 -675.0 
1099.0 -678.0 
1104.0 -676.0 
1108.0 -680.0 
1099.0 -677.0 
1108.0 -680.0 
1099.0 -677.0 
1101.0 -677.0 
1105.0 -677.0 
1105.0 -675.0 
1103.0 -677.0 
1100.0 -678.0 
1100.0 -676.0 
1100.0 -678.0 
1100.0 -676.0 
1105.0 -680.0 
1102.0 -677.0 
1101.0 -676.0 
1100.0 -677.0 
1103.0 -677.0 
1109.0 -675.0 
1102.0 -676.0 
1101.0 -677.0 
1105.0 -677.0 
1100.0 -676.0 
1109.0 -679.0 
1104.0 -676.0 
1101.0 -676.0 
1103.0 -677.0 
1103.0 -677.0 
1105.0 -677.0 
1102.0 -676.0 
1099.0 -677.0 
1103.0 -676.0 
1103.0 -677.0 
1103.0 -677.0 
1102.0 -677.0 
1102.0 -676.0 
1100.0 -677.0 
1106.0 -680.0 
1100.0 -677.0 
1100.0 -677.0 
1100.0 -677.0 
1102.0 -677.0 
1102.0 -676.0 
1105.0 -677.0 
1099.0 -678.0 
1104.0 -680.0 
1102.0 -677.0 
1105.0 -680.0 
1108.0 -680.0 
1108.0 -680.0 
1104.0 -676.0 
1100.0 -677.0 
1102.0 -677.0 
1099.0 -678.0 
1104.0 -676.0 
1102.0 -676.0 
1102.0 -677.0 
