498.3333333333333 -696.6666666666667
498.3333333333333 -696.6666666666667
515.8333333333333 -740.8333333333336
502.49999999999994 -705.8333333333335
502.5 -720.8333333333335
499.16666666666663 -699.1666666666667
503.3333333333333 -722.5000000000002
499.99999999999994 -700.8333333333335
504.16666666666663 -725.0000000000001
500.8333333333333 -701.6666666666667
501.66666666666663 -704.1666666666666
501.6666666666666 -702.5
512.5 -732.5000000000002
511.6666666666666 -731.666666666667
505.83333333333326 -725.8333333333336
508.33333333333326 -728.3333333333336
509.16666666666663 -729.166666666667
508.33333333333326 -728.3333333333336
504.99999999999994 -725.0000000000002
509.99999999999994 -730.0000000000002
509.16666666666663 -729.166666666667
511.6666666666666 -731.666666666667
505.83333333333326 -725.8333333333336
509.99999999999994 -730.0000000000002
512.5 -732.5000000000002
504.99999999999994 -725.0000000000002
509.99999999999994 -730.0000000000002
511.6666666666666 -731.666666666667
505.83333333333326 -725.8333333333336
508.33333333333326 -728.3333333333336
512.5 -732.5000000000002
504.99999999999994 -725.0000000000002
509.99999999999994 -730.0000000000002
511.6666666666666 -731.666666666667
508.33333333333326 -728.3333333333336
505.83333333333326 -725.8333333333336
512.5 -732.5000000000002
504.99999999999994 -725.0000000000002
509.99999999999994 -730.0000000000002
511.6666666666666 -731.666666666667
505.83333333333326 -725.8333333333336
508.33333333333326 -728.3333333333336
512.5 -732.5000000000002
504.99999999999994 -725.0000000000002
509.99999999999994 -730.0000000000002
511.6666666666666 -731.666666666667
508.33333333333326 -728.3333333333336
505.83333333333326 -725.8333333333336
512.5 -732.5000000000002
504.99999999999994 -725.0000000000002
509.99999999999994 -730.0000000000002
511.6666666666666 -731.666666666667
505.83333333333326 -725.8333333333336
508.33333333333326 -728.3333333333336
512.5 -732.5000000000002
504.99999999999994 -725.0000000000002
509.99999999999994 -730.0000000000002
511.6666666666666 -731.666666666667
505.83333333333326 -725.8333333333336
508.33333333333326 -728.3333333333336
512.5 -732.5000000000002
504.99999999999994 -725.0000000000002
509.99999999999994 -730.0000000000002
505.83333333333326 -725.8333333333336
511.6666666666666 -731.666666666667
508.33333333333326 -728.3333333333336
504.99999999999994 -725.0000000000002
504.99999999999994 -725.0000000000002
504.99999999999994 -725.0000000000002
511.6666666666666 -731.666666666667
505.83333333333326 -725.8333333333336
504.99999999999994 -725.0000000000002
505.83333333333326 -725.8333333333336
509.99999999999994 -730.0000000000002
504.99999999999994 -725.0000000000002
511.6666666666666 -731.666666666667
511.6666666666666 -731.666666666667
508.33333333333326 -728.3333333333336
504.99999999999994 -725.0000000000002
511.6666666666666 -731.666666666667
504.99999999999994 -725.0000000000002
504.99999999999994 -725.0000000000002
504.99999999999994 -725.0000000000002
505.83333333333326 -725.8333333333336
508.33333333333326 -728.3333333333336
504.99999999999994 -725.0000000000002
505.83333333333326 -725.8333333333336
511.6666666666666 -731.666666666667
509.99999999999994 -730.0000000000002
512.5 -732.5000000000002
511.6666666666666 -731.666666666667
509.99999999999994 -730.0000000000002
511.6666666666666 -731.666666666667
504.99999999999994 -725.0000000000002
505.83333333333326 -725.8333333333336
508.33333333333326 -728.3333333333336
509.99999999999994 -730.0000000000002
510.83333333333326 -731.6666666666669
504.99999999999994 -725.0000000000002
511.6666666666666 -731.666666666667
511.6666666666666 -731.666666666667
512.5 -732.5000000000002
509.99999999999994 -730.0000000000002
505.83333333333326 -725.8333333333336
505.83333333333326 -725.8333333333336
504.99999999999994 -725.0000000000002
511.6666666666666 -731.666666666667
506.66666666666663 -726.666666666667
512.5 -732.5000000000002
507.49999999999994 -727.5000000000003
511.6666666666666 -731.666666666667
504.99999999999994 -725.0000000000002
508.33333333333326 -728.3333333333336
512.5 -732.5000000000002
505.83333333333326 -725.8333333333336
511.6666666666666 -731.666666666667
509.99999999999994 -730.0000000000002
511.6666666666666 -731.666666666667
508.33333333333326 -728.3333333333336
504.99999999999994 -725.0000000000002
511.6666666666666 -731.666666666667
504.99999999999994 -725.0000000000002
509.99999999999994 -730.0000000000002
512.5 -732.5000000000002
508.33333333333326 -728.3333333333336
505.83333333333326 -725.8333333333336
504.99999999999994 -725.0000000000002
503.3333333333333 -722.5000000000002
513.3333333333333 -738.3333333333336
509.99999999999994 -730.0000000000002
511.6666666666666 -731.666666666667
504.99999999999994 -725.0000000000002
504.99999999999994 -725.0000000000002
511.6666666666666 -731.666666666667
511.6666666666666 -731.666666666667
504.99999999999994 -725.0000000000002
509.99999999999994 -730.0000000000002
508.33333333333326 -728.3333333333336
505.83333333333326 -725.8333333333336
511.6666666666666 -731.666666666667
505.83333333333326 -725.8333333333336
511.6666666666666 -731.666666666667
505.83333333333326 -725.8333333333336
508.33333333333326 -728.3333333333336
505.83333333333326 -725.8333333333336
505.83333333333326 -725.8333333333336
504.99999999999994 -725.0000000000002
512.5 -732.5000000000002
509.99999999999994 -730.0000000000002
511.6666666666666 -731.666666666667
504.99999999999994 -725.0000000000002
504.99999999999994 -725.0000000000002
505.83333333333326 -725.8333333333336
511.6666666666666 -731.666666666667
509.16666666666663 -729.166666666667
509.99999999999994 -730.0000000000002
512.5 -732.5000000000002
504.99999999999994 -725.0000000000002
508.33333333333326 -728.3333333333336
511.6666666666666 -731.666666666667
511.6666666666666 -731.666666666667
505.83333333333326 -725.8333333333336
508.33333333333326 -728.3333333333336
505.83333333333326 -725.8333333333336
511.6666666666666 -731.666666666667
511.6666666666666 -731.666666666667
508.33333333333326 -728.3333333333336
504.99999999999994 -725.0000000000002
511.6666666666666 -731.666666666667
505.83333333333326 -725.8333333333336
511.6666666666666 -731.666666666667
512.5 -732.5000000000002
504.99999999999994 -725.0000000000002
505.83333333333326 -725.8333333333336
508.33333333333326 -728.3333333333336
504.99999999999994 -725.0000000000002
509.99999999999994 -730.0000000000002
508.33333333333326 -728.3333333333336
504.99999999999994 -725.0000000000002
511.6666666666666 -731.666666666667
509.99999999999994 -730.0000000000002
509.99999999999994 -730.0000000000002
509.99999999999994 -730.0000000000002
509.99999999999994 -730.0000000000002
508.33333333333326 -728.3333333333336
511.6666666666666 -731.666666666667
505.83333333333326 -725.8333333333336
511.6666666666666 -731.666666666667
504.99999999999994 -725.0000000000002
511.6666666666666 -731.666666666667
509.99999999999994 -730.0000000000002
505.83333333333326 -725.8333333333336
