498.3333333333333 -696.6666666666667
498.3333333333333 -696.6666666666667
515.8333333333333 -740.8333333333336
502.49999999999994 -705.8333333333335
502.5 -720.8333333333335
499.16666666666663 -699.1666666666667
499.99999999999994 -700.8333333333335
500.8333333333333 -701.6666666666667
501.66666666666663 -704.1666666666666
501.6666666666666 -702.5
509.99999999999994 -735.0000000000002
509.99999999999994 -735.0000000000002
509.99999999999994 -735.0000000000002
507.49999999999994 -733.3333333333336
509.99999999999994 -735.0000000000002
515.8333333333333 -740.8333333333336
515.8333333333333 -740.8333333333336
508.33333333333326 -734.166666666667
509.99999999999994 -735.0000000000002
509.99999999999994 -735.0000000000002
513.3333333333333 -739.166666666667
508.33333333333326 -734.166666666667
502.49999999999994 -705.8333333333335
511.6666666666666 -737.5000000000002
508.33333333333326 -734.166666666667
515.8333333333333 -740.8333333333336
515.8333333333333 -740.8333333333336
520.0 -745.0000000000001
510.83333333333326 -735.8333333333336
515.8333333333333 -740.8333333333336
511.6666666666666 -737.5000000000002
508.33333333333326 -734.166666666667
508.33333333333326 -734.166666666667
511.6666666666666 -737.5000000000002
508.33333333333326 -734.166666666667
511.6666666666666 -737.5000000000002
509.99999999999994 -735.0000000000002
507.49999999999994 -733.3333333333336
515.8333333333333 -740.8333333333336
518.3333333333333 -743.3333333333336
510.83333333333326 -735.8333333333336
514.1666666666666 -740.0000000000003
515.8333333333333 -740.8333333333336
508.33333333333326 -734.166666666667
520.8333333333333 -745.8333333333335
510.83333333333326 -735.8333333333336
509.99999999999994 -735.0000000000002
504.16666666666663 -730.0000000000002
509.99999999999994 -735.0000000000002
510.83333333333326 -735.8333333333336
508.33333333333326 -734.166666666667
503.3333333333333 -727.5000000000002
516.6666666666666 -742.5000000000002
509.99999999999994 -735.0000000000002
509.99999999999994 -735.0000000000002
514.1666666666665 -740.0000000000002
508.33333333333326 -734.166666666667
509.99999999999994 -735.0000000000002
509.99999999999994 -735.0000000000002
515.8333333333333 -740.8333333333336
504.99999999999994 -730.8333333333336
505.83333333333326 -731.666666666667
515.8333333333333 -740.8333333333336
514.1666666666665 -740.0000000000002
510.83333333333326 -735.8333333333336
515.8333333333333 -740.8333333333336
511.6666666666666 -737.5000000000002
515.8333333333333 -740.8333333333336
504.99999999999994 -730.8333333333336
514.1666666666665 -740.0000000000002
509.99999999999994 -735.0000000000002
515.8333333333333 -740.8333333333336
509.99999999999994 -735.0000000000002
513.3333333333333 -739.166666666667
