498.3333333333333 -696.6666666666667
498.3333333333333 -696.6666666666667
502.49999999999994 -705.8333333333335
502.5 -720.8333333333335
499.99999999999994 -700.8333333333335
500.8333333333333 -701.6666666666667
501.6666666666666 -702.5
502.49999999999994 -705.8333333333335
520.0 -745.0000000000001
518.3333333333333 -743.3333333333336
520.8333333333333 -745.8333333333335
503.3333333333333 -727.5000000000002
503.3333333333333 -727.5000000000002
518.3333333333333 -743.3333333333336
514.1666666666666 -740.8333333333337
520.0 -745.0000000000001
502.5 -720.8333333333335
519.1666666666666 -744.1666666666669
503.3333333333333 -727.5000000000002
505.83333333333326 -736.666666666667
514.1666666666665 -740.8333333333336
514.1666666666665 -740.8333333333336
501.66666666666663 -704.1666666666667
501.66666666666663 -704.1666666666667
518.3333333333333 -743.3333333333336
499.99999999999994 -700.8333333333335
514.1666666666665 -740.8333333333336
518.3333333333333 -743.3333333333336
516.6666666666665 -743.3333333333335
504.16666666666663 -730.8333333333335
513.3333333333333 -740.0000000000003
503.3333333333333 -727.5000000000002
513.3333333333333 -740.0000000000003
514.1666666666665 -740.8333333333336
514.1666666666665 -740.8333333333336
499.16666666666663 -699.1666666666669
514.1666666666665 -740.8333333333336
513.3333333333333 -740.0000000000003
504.99999999999994 -731.6666666666669
514.1666666666665 -740.8333333333336
513.3333333333333 -740.0000000000003
503.3333333333333 -727.5000000000002
513.3333333333333 -740.0000000000003
520.8333333333333 -745.8333333333335
504.99999999999994 -731.6666666666669
514.1666666666665 -740.8333333333336
520.8333333333333 -745.8333333333335
515.8333333333333 -742.5000000000002
514.1666666666665 -740.8333333333336
514.1666666666665 -740.8333333333336
514.1666666666665 -740.8333333333336
508.33333333333326 -739.166666666667
514.1666666666665 -740.8333333333336
504.99999999999994 -731.6666666666669
503.3333333333333 -727.5000000000002
