498.3333333333333 -696.6666666666669
498.3333333333333 -696.6666666666669
513.3333333333333 -750.0000000000002
513.3333333333333 -750.0000000000002
502.5 -730.8333333333336
499.99999999999994 -710.8333333333336
499.16666666666663 -709.1666666666669
499.99999999999994 -710.8333333333336
505.83333333333326 -741.6666666666669
503.3333333333333 -736.6666666666669
508.3333333333333 -745.8333333333335
511.66666666666663 -748.3333333333335
503.3333333333333 -736.6666666666669
504.16666666666663 -739.1666666666669
511.66666666666663 -748.3333333333335
506.66666666666663 -743.3333333333336
507.5 -744.1666666666669
504.99999999999994 -740.0000000000002
506.66666666666663 -743.3333333333336
510.83333333333326 -747.5000000000002
504.16666666666663 -739.1666666666669
509.16666666666663 -745.8333333333336
509.99999999999994 -746.666666666667
504.99999999999994 -740.0000000000002
510.83333333333326 -747.5000000000002
509.99999999999994 -746.666666666667
507.5 -744.1666666666669
509.16666666666663 -745.8333333333336
499.99999999999994 -710.8333333333336
503.3333333333333 -736.6666666666669
511.66666666666663 -748.3333333333335
504.16666666666663 -739.1666666666669
509.16666666666663 -745.8333333333336
504.99999999999994 -740.0000000000002
509.99999999999994 -746.666666666667
507.5 -744.1666666666669
499.99999999999994 -710.8333333333336
511.66666666666663 -748.3333333333335
504.16666666666663 -739.1666666666669
504.99999999999994 -740.0000000000002
509.16666666666663 -745.8333333333336
507.5 -744.1666666666669
499.99999999999994 -710.8333333333336
511.66666666666663 -748.3333333333335
504.16666666666663 -739.1666666666669
504.99999999999994 -740.0000000000002
509.16666666666663 -745.8333333333336
507.5 -744.1666666666669
511.66666666666663 -748.3333333333335
504.16666666666663 -739.1666666666669
504.99999999999994 -740.0000000000002
507.5 -744.1666666666669
511.66666666666663 -748.3333333333335
504.16666666666663 -739.1666666666669
504.99999999999994 -740.0000000000002
507.5 -744.1666666666669
511.66666666666663 -748.3333333333335
504.16666666666663 -739.1666666666669
504.99999999999994 -740.0000000000002
507.5 -744.1666666666669
511.66666666666663 -748.3333333333335
504.16666666666663 -739.1666666666669
504.99999999999994 -740.0000000000002
507.5 -744.1666666666669
511.66666666666663 -748.3333333333335
504.16666666666663 -739.1666666666669
504.99999999999994 -740.0000000000002
507.5 -744.1666666666669
511.66666666666663 -748.3333333333335
504.16666666666663 -739.1666666666669
504.99999999999994 -740.0000000000002
511.66666666666663 -748.3333333333335
504.16666666666663 -739.1666666666669
504.99999999999994 -740.0000000000002
504.16666666666663 -739.1666666666669
504.99999999999994 -740.0000000000002
504.16666666666663 -739.1666666666669
504.99999999999994 -740.0000000000002
504.16666666666663 -739.1666666666669
504.99999999999994 -740.0000000000002
504.99999999999994 -740.0000000000002
504.99999999999994 -740.0000000000002
504.99999999999994 -740.0000000000002
504.16666666666663 -739.1666666666669
504.16666666666663 -739.1666666666669
504.16666666666663 -739.1666666666669
504.16666666666663 -739.1666666666669
504.99999999999994 -740.0000000000002
504.16666666666663 -739.1666666666669
504.16666666666663 -739.1666666666669
504.99999999999994 -740.0000000000002
504.16666666666663 -739.1666666666669
504.16666666666663 -739.1666666666669
504.99999999999994 -740.0000000000002
504.16666666666663 -739.1666666666669
504.16666666666663 -739.1666666666669
504.99999999999994 -740.0000000000002
504.16666666666663 -739.1666666666669
504.16666666666663 -739.1666666666669
504.16666666666663 -739.1666666666669
504.99999999999994 -740.0000000000002
504.16666666666663 -739.1666666666669
504.16666666666663 -739.1666666666669
504.16666666666663 -739.1666666666669
504.16666666666663 -739.1666666666669
504.16666666666663 -739.1666666666669
504.16666666666663 -739.1666666666669
504.99999999999994 -740.0000000000002
504.16666666666663 -739.1666666666669
504.16666666666663 -739.1666666666669
504.99999999999994 -740.0000000000002
504.99999999999994 -740.0000000000002
504.99999999999994 -740.0000000000002
504.99999999999994 -740.0000000000002
504.16666666666663 -739.1666666666669
504.99999999999994 -740.0000000000002
504.16666666666663 -739.1666666666669
504.16666666666663 -739.1666666666669
504.16666666666663 -739.1666666666669
504.99999999999994 -740.0000000000002
504.99999999999994 -740.0000000000002
504.16666666666663 -739.1666666666669
504.16666666666663 -739.1666666666669
504.16666666666663 -739.1666666666669
504.16666666666663 -739.1666666666669
504.16666666666663 -739.1666666666669
504.16666666666663 -739.1666666666669
504.99999999999994 -740.0000000000002
504.99999999999994 -740.0000000000002
504.16666666666663 -739.1666666666669
504.99999999999994 -740.0000000000002
504.99999999999994 -740.0000000000002
504.16666666666663 -739.1666666666669
504.16666666666663 -739.1666666666669
504.99999999999994 -740.0000000000002
504.99999999999994 -740.0000000000002
504.16666666666663 -739.1666666666669
509.16666666666663 -745.8333333333336
504.16666666666663 -739.1666666666669
504.99999999999994 -740.0000000000002
504.99999999999994 -740.0000000000002
504.99999999999994 -740.0000000000002
504.99999999999994 -740.0000000000002
504.99999999999994 -740.0000000000002
504.16666666666663 -739.1666666666669
504.99999999999994 -740.0000000000002
507.5 -744.1666666666669
504.99999999999994 -740.0000000000002
504.99999999999994 -740.0000000000002
504.16666666666663 -739.1666666666669
504.16666666666663 -739.1666666666669
504.99999999999994 -740.0000000000002
504.99999999999994 -740.0000000000002
504.99999999999994 -740.0000000000002
504.99999999999994 -740.0000000000002
504.99999999999994 -740.0000000000002
504.99999999999994 -740.0000000000002
504.99999999999994 -740.0000000000002
511.66666666666663 -748.3333333333335
513.3333333333333 -750.0000000000002
507.5 -744.1666666666669
504.99999999999994 -740.0000000000002
504.16666666666663 -739.1666666666669
504.99999999999994 -740.0000000000002
504.99999999999994 -740.0000000000002
504.16666666666663 -739.1666666666669
504.16666666666663 -739.1666666666669
504.99999999999994 -740.0000000000002
504.99999999999994 -740.0000000000002
509.16666666666663 -745.8333333333336
504.99999999999994 -740.0000000000002
504.99999999999994 -740.0000000000002
504.99999999999994 -740.0000000000002
509.16666666666663 -745.8333333333336
507.5 -744.1666666666669
504.16666666666663 -739.1666666666669
504.16666666666663 -739.1666666666669
504.16666666666663 -739.1666666666669
507.5 -744.1666666666669
504.99999999999994 -740.0000000000002
504.16666666666663 -739.1666666666669
504.16666666666663 -739.1666666666669
504.16666666666663 -739.1666666666669
504.99999999999994 -740.0000000000002
504.16666666666663 -739.1666666666669
503.3333333333333 -736.6666666666669
504.99999999999994 -740.0000000000002
504.99999999999994 -740.0000000000002
504.99999999999994 -740.0000000000002
504.16666666666663 -739.1666666666669
509.99999999999994 -746.666666666667
504.99999999999994 -740.0000000000002
504.99999999999994 -740.0000000000002
510.83333333333326 -747.5000000000002
504.16666666666663 -739.1666666666669
504.99999999999994 -740.0000000000002
504.16666666666663 -739.1666666666669
504.99999999999994 -740.0000000000002
504.99999999999994 -740.0000000000002
504.99999999999994 -740.0000000000002
