498.3333333333333 -696.6666666666669
498.3333333333333 -696.6666666666669
499.99999999999994 -710.8333333333336
499.16666666666663 -709.1666666666669
499.99999999999994 -710.8333333333336
499.99999999999994 -710.8333333333336
499.99999999999994 -710.8333333333336
499.99999999999994 -710.8333333333336
504.16666666666663 -740.0000000000003
499.99999999999994 -710.8333333333336
499.99999999999994 -710.8333333333336
505.83333333333326 -741.666666666667
505.83333333333326 -741.666666666667
505.83333333333326 -741.666666666667
512.5 -750.0000000000002
511.66666666666663 -749.166666666667
504.16666666666663 -740.0000000000003
512.5 -750.0000000000002
512.5 -750.0000000000002
510.83333333333326 -749.1666666666669
509.99999999999994 -748.3333333333335
502.5 -731.6666666666669
513.3333333333333 -750.8333333333336
512.5 -750.0000000000002
512.5 -750.0000000000002
513.3333333333333 -750.8333333333336
511.66666666666663 -749.166666666667
504.16666666666663 -740.0000000000003
506.66666666666663 -745.0000000000001
511.66666666666663 -749.166666666667
511.66666666666663 -749.166666666667
511.66666666666663 -749.166666666667
504.99999999999994 -740.8333333333337
510.83333333333326 -749.1666666666669
503.3333333333333 -738.3333333333335
504.16666666666663 -740.0000000000003
511.66666666666663 -749.166666666667
512.5 -750.0000000000002
511.66666666666663 -749.166666666667
512.5 -750.0000000000002
513.3333333333333 -750.8333333333336
512.5 -750.0000000000002
505.83333333333326 -741.666666666667
504.99999999999994 -740.8333333333337
511.66666666666663 -749.166666666667
512.5 -750.0000000000002
511.66666666666663 -749.166666666667
504.99999999999994 -740.8333333333337
512.5 -750.0000000000002
509.99999999999994 -748.3333333333335
511.66666666666663 -749.166666666667
520.0 -751.6666666666669
512.5 -750.0000000000002
512.5 -750.0000000000002
511.66666666666663 -749.166666666667
511.66666666666663 -749.166666666667
513.3333333333333 -750.8333333333336
511.66666666666663 -749.166666666667
511.66666666666663 -749.166666666667
512.5 -750.0000000000002
505.83333333333326 -741.666666666667
499.99999999999994 -710.8333333333336
512.5 -750.0000000000002
512.5 -750.0000000000002
505.83333333333326 -741.666666666667
512.5 -750.0000000000002
513.3333333333333 -750.8333333333336
509.99999999999994 -748.3333333333335
507.49999999999994 -745.8333333333336
509.16666666666663 -747.5000000000001
511.66666666666663 -749.166666666667
513.3333333333333 -750.8333333333336
512.5 -750.0000000000002
504.16666666666663 -740.0000000000003
505.83333333333326 -741.666666666667
512.5 -750.0000000000002
509.99999999999994 -748.3333333333335
507.49999999999994 -745.8333333333336
508.33333333333326 -745.8333333333337
511.66666666666663 -749.166666666667
511.66666666666663 -749.166666666667
510.83333333333326 -749.1666666666669
508.33333333333326 -745.8333333333337
512.5 -750.0000000000002
513.3333333333333 -750.8333333333336
511.66666666666663 -749.166666666667
512.5 -750.0000000000002
511.66666666666663 -749.166666666667
509.99999999999994 -748.3333333333335
509.99999999999994 -748.3333333333335
511.66666666666663 -749.166666666667
512.5 -750.0000000000002
512.5 -750.0000000000002
509.99999999999994 -748.3333333333335
508.3333333333333 -746.6666666666669
512.5 -750.0000000000002
512.5 -750.0000000000002
511.66666666666663 -749.166666666667
512.5 -750.0000000000002
512.5 -750.0000000000002
511.66666666666663 -749.166666666667
511.66666666666663 -749.166666666667
512.5 -750.0000000000002
512.5 -750.0000000000002
512.5 -750.0000000000002
505.83333333333326 -741.666666666667
511.66666666666663 -749.166666666667
512.5 -750.0000000000002
513.3333333333333 -750.8333333333336
509.99999999999994 -748.3333333333335
505.83333333333326 -741.666666666667
511.66666666666663 -749.166666666667
507.49999999999994 -745.8333333333336
505.83333333333326 -741.666666666667
505.83333333333326 -741.666666666667
512.5 -750.0000000000002
508.3333333333333 -746.6666666666669
