498.3333333333333 -696.6666666666669
498.3333333333333 -696.6666666666669
499.99999999999994 -710.8333333333336
499.16666666666663 -709.1666666666669
503.3333333333333 -738.3333333333335
499.99999999999994 -710.8333333333336
504.16666666666663 -740.8333333333336
505.83333333333326 -742.5000000000002
504.99999999999994 -741.666666666667
512.5 -750.0000000000003
503.3333333333333 -738.3333333333335
506.66666666666663 -745.0000000000001
506.66666666666663 -745.0000000000001
507.49999999999994 -745.8333333333336
509.16666666666663 -747.5000000000002
509.99999999999994 -748.3333333333336
507.49999999999994 -745.8333333333336
509.99999999999994 -748.3333333333336
509.16666666666663 -747.5000000000002
499.99999999999994 -710.8333333333336
506.66666666666663 -745.0000000000001
509.99999999999994 -748.3333333333336
507.49999999999994 -745.8333333333336
509.16666666666663 -747.5000000000002
499.99999999999994 -710.8333333333336
506.66666666666663 -745.0000000000001
507.49999999999994 -745.8333333333336
509.16666666666663 -747.5000000000002
499.99999999999994 -710.8333333333336
509.16666666666663 -747.5000000000002
499.99999999999994 -710.8333333333336
499.99999999999994 -710.8333333333336
499.99999999999994 -710.8333333333336
509.16666666666663 -747.5000000000002
509.16666666666663 -747.5000000000002
509.16666666666663 -747.5000000000002
509.16666666666663 -747.5000000000002
509.16666666666663 -747.5000000000002
509.16666666666663 -747.5000000000002
509.16666666666663 -747.5000000000002
509.16666666666663 -747.5000000000002
509.16666666666663 -747.5000000000002
509.16666666666663 -747.5000000000002
509.16666666666663 -747.5000000000002
506.66666666666663 -745.0000000000001
509.16666666666663 -747.5000000000002
509.16666666666663 -747.5000000000002
509.16666666666663 -747.5000000000002
506.66666666666663 -745.0000000000001
509.16666666666663 -747.5000000000002
509.16666666666663 -747.5000000000002
513.3333333333333 -750.8333333333337
509.16666666666663 -747.5000000000002
509.16666666666663 -747.5000000000002
509.16666666666663 -747.5000000000002
509.16666666666663 -747.5000000000002
512.5 -750.0000000000003
509.16666666666663 -747.5000000000002
509.99999999999994 -748.3333333333336
509.16666666666663 -747.5000000000002
509.16666666666663 -747.5000000000002
509.16666666666663 -747.5000000000002
509.16666666666663 -747.5000000000002
504.16666666666663 -740.8333333333336
509.16666666666663 -747.5000000000002
509.16666666666663 -747.5000000000002
513.3333333333333 -750.8333333333337
509.16666666666663 -747.5000000000002
509.16666666666663 -747.5000000000002
509.99999999999994 -748.3333333333336
509.16666666666663 -747.5000000000002
509.16666666666663 -747.5000000000002
505.83333333333326 -742.5000000000002
512.5 -750.0000000000003
509.16666666666663 -747.5000000000002
509.16666666666663 -747.5000000000002
509.16666666666663 -747.5000000000002
509.16666666666663 -747.5000000000002
509.16666666666663 -747.5000000000002
509.16666666666663 -747.5000000000002
509.16666666666663 -747.5000000000002
506.66666666666663 -745.0000000000001
509.16666666666663 -747.5000000000002
512.5 -750.0000000000003
509.16666666666663 -747.5000000000002
508.33333333333326 -746.666666666667
509.16666666666663 -747.5000000000002
509.16666666666663 -747.5000000000002
509.99999999999994 -748.3333333333336
513.3333333333333 -750.8333333333337
509.16666666666663 -747.5000000000002
509.16666666666663 -747.5000000000002
510.83333333333326 -750.0000000000002
507.49999999999994 -745.8333333333336
509.16666666666663 -747.5000000000002
509.16666666666663 -747.5000000000002
509.16666666666663 -747.5000000000002
502.5 -732.5000000000001
509.16666666666663 -747.5000000000002
512.5 -750.0000000000003
514.1666666666666 -751.666666666667
509.16666666666663 -747.5000000000002
509.16666666666663 -747.5000000000002
509.16666666666663 -747.5000000000002
509.16666666666663 -747.5000000000002
506.66666666666663 -745.0000000000001
509.16666666666663 -747.5000000000002
509.16666666666663 -747.5000000000002
509.16666666666663 -747.5000000000002
509.16666666666663 -747.5000000000002
512.5 -750.0000000000003
507.49999999999994 -745.8333333333336
509.16666666666663 -747.5000000000002
509.16666666666663 -747.5000000000002
509.16666666666663 -747.5000000000002
509.16666666666663 -747.5000000000002
509.16666666666663 -747.5000000000002
502.5 -732.5000000000001
506.66666666666663 -745.0000000000001
508.33333333333326 -746.666666666667
509.16666666666663 -747.5000000000002
509.16666666666663 -747.5000000000002
509.16666666666663 -747.5000000000002
509.16666666666663 -747.5000000000002
