502.5 -733.3333333333335
507.49999999999994 -748.3333333333336
504.16666666666663 -742.5000000000002
509.16666666666663 -750.0000000000002
502.5 -733.3333333333335
502.5 -733.3333333333335
510.0 -754.166666666667
503.3333333333333 -740.8333333333336
506.66666666666663 -747.5000000000002
509.1666666666667 -752.5000000000002
509.1666666666667 -752.5000000000002
514.1666666666666 -756.666666666667
504.16666666666663 -742.5000000000002
514.1666666666666 -756.666666666667
514.1666666666666 -756.666666666667
498.3333333333333 -712.5000000000003
509.1666666666667 -752.5000000000002
499.99999999999994 -716.666666666667
498.3333333333333 -712.5000000000003
498.3333333333333 -712.5000000000003
506.66666666666663 -747.5000000000002
514.1666666666666 -756.666666666667
499.16666666666663 -714.166666666667
511.66666666666663 -755.8333333333336
515.0 -757.5000000000002
505.8333333333333 -745.8333333333336
504.99999999999994 -744.1666666666669
508.3333333333333 -749.1666666666669
499.16666666666663 -714.166666666667
