498.3333333333333 -720.8333333333336
514.1666666666666 -763.3333333333335
514.1666666666666 -763.3333333333335
500.0 -741.6666666666669
510.8333333333333 -762.5000000000001
504.16666666666663 -752.5000000000002
503.3333333333333 -748.3333333333336
500.0 -741.6666666666669
509.16666666666663 -760.8333333333335
502.5 -747.5000000000002
500.8333333333333 -743.3333333333336
509.16666666666663 -760.8333333333335
504.99999999999994 -754.166666666667
505.0 -755.8333333333336
501.66666666666663 -744.166666666667
501.6666666666667 -745.8333333333335
505.8333333333333 -757.5000000000001
508.3333333333333 -760.0000000000001
507.49999999999994 -759.166666666667
505.8333333333333 -757.5000000000001
506.66666666666663 -758.3333333333336
500.8333333333333 -743.3333333333336
502.5 -747.5000000000002
506.66666666666663 -758.3333333333336
503.3333333333333 -748.3333333333336
507.49999999999994 -759.166666666667
508.3333333333333 -760.0000000000001
501.6666666666667 -745.8333333333335
504.99999999999994 -754.166666666667
505.0 -755.8333333333336
501.66666666666663 -744.166666666667
514.1666666666666 -763.3333333333335
500.0 -741.6666666666669
509.16666666666663 -760.8333333333335
502.5 -747.5000000000002
506.66666666666663 -758.3333333333336
500.8333333333333 -743.3333333333336
503.3333333333333 -748.3333333333336
507.49999999999994 -759.166666666667
508.3333333333333 -760.0000000000001
501.6666666666667 -745.8333333333335
504.99999999999994 -754.166666666667
505.0 -755.8333333333336
501.66666666666663 -744.166666666667
514.1666666666666 -763.3333333333335
500.0 -741.6666666666669
509.16666666666663 -760.8333333333335
502.5 -747.5000000000002
500.8333333333333 -743.3333333333336
506.66666666666663 -758.3333333333336
503.3333333333333 -748.3333333333336
507.49999999999994 -759.166666666667
508.3333333333333 -760.0000000000001
501.6666666666667 -745.8333333333335
501.66666666666663 -744.166666666667
500.0 -741.6666666666669
500.8333333333333 -743.3333333333336
506.66666666666663 -758.3333333333336
502.5 -747.5000000000002
509.16666666666663 -760.8333333333335
503.3333333333333 -748.3333333333336
507.49999999999994 -759.166666666667
508.3333333333333 -760.0000000000001
501.6666666666667 -745.8333333333335
501.66666666666663 -744.166666666667
500.8333333333333 -743.3333333333336
500.8333333333333 -743.3333333333336
506.66666666666663 -758.3333333333336
501.66666666666663 -744.166666666667
506.66666666666663 -758.3333333333336
506.66666666666663 -758.3333333333336
501.66666666666663 -744.166666666667
500.0 -741.6666666666669
501.66666666666663 -744.166666666667
501.66666666666663 -744.166666666667
501.66666666666663 -744.166666666667
500.8333333333333 -743.3333333333336
501.66666666666663 -744.166666666667
501.66666666666663 -744.166666666667
501.66666666666663 -744.166666666667
501.66666666666663 -744.166666666667
501.66666666666663 -744.166666666667
500.8333333333333 -743.3333333333336
500.8333333333333 -743.3333333333336
500.8333333333333 -743.3333333333336
501.66666666666663 -744.166666666667
501.66666666666663 -744.166666666667
500.8333333333333 -743.3333333333336
501.66666666666663 -744.166666666667
506.66666666666663 -758.3333333333336
501.66666666666663 -744.166666666667
500.8333333333333 -743.3333333333336
501.66666666666663 -744.166666666667
501.66666666666663 -744.166666666667
501.66666666666663 -744.166666666667
501.66666666666663 -744.166666666667
500.8333333333333 -743.3333333333336
501.66666666666663 -744.166666666667
500.0 -741.6666666666669
501.66666666666663 -744.166666666667
501.66666666666663 -744.166666666667
501.66666666666663 -744.166666666667
500.8333333333333 -743.3333333333336
501.66666666666663 -744.166666666667
500.8333333333333 -743.3333333333336
501.66666666666663 -744.166666666667
500.8333333333333 -743.3333333333336
501.66666666666663 -744.166666666667
501.66666666666663 -744.166666666667
500.8333333333333 -743.3333333333336
501.66666666666663 -744.166666666667
501.66666666666663 -744.166666666667
507.49999999999994 -759.166666666667
500.8333333333333 -743.3333333333336
501.66666666666663 -744.166666666667
501.66666666666663 -744.166666666667
500.8333333333333 -743.3333333333336
501.66666666666663 -744.166666666667
500.8333333333333 -743.3333333333336
501.66666666666663 -744.166666666667
501.66666666666663 -744.166666666667
501.66666666666663 -744.166666666667
501.66666666666663 -744.166666666667
500.8333333333333 -743.3333333333336
501.66666666666663 -744.166666666667
501.66666666666663 -744.166666666667
501.66666666666663 -744.166666666667
500.8333333333333 -743.3333333333336
501.66666666666663 -744.166666666667
501.66666666666663 -744.166666666667
500.8333333333333 -743.3333333333336
500.8333333333333 -743.3333333333336
500.8333333333333 -743.3333333333336
501.66666666666663 -744.166666666667
500.8333333333333 -743.3333333333336
501.66666666666663 -744.166666666667
507.49999999999994 -759.166666666667
506.66666666666663 -758.3333333333336
506.66666666666663 -758.3333333333336
503.3333333333333 -748.3333333333336
501.66666666666663 -744.166666666667
506.66666666666663 -758.3333333333336
501.66666666666663 -744.166666666667
500.8333333333333 -743.3333333333336
500.8333333333333 -743.3333333333336
501.6666666666667 -745.8333333333335
500.0 -741.6666666666669
501.66666666666663 -744.166666666667
501.66666666666663 -744.166666666667
500.8333333333333 -743.3333333333336
501.66666666666663 -744.166666666667
503.3333333333333 -748.3333333333336
506.66666666666663 -758.3333333333336
500.8333333333333 -743.3333333333336
501.66666666666663 -744.166666666667
501.66666666666663 -744.166666666667
501.66666666666663 -744.166666666667
503.3333333333333 -748.3333333333336
501.66666666666663 -744.166666666667
506.66666666666663 -758.3333333333336
500.8333333333333 -743.3333333333336
500.8333333333333 -743.3333333333336
500.8333333333333 -743.3333333333336
501.6666666666667 -745.8333333333335
506.66666666666663 -758.3333333333336
501.6666666666667 -745.8333333333335
500.8333333333333 -743.3333333333336
506.66666666666663 -758.3333333333336
501.66666666666663 -744.166666666667
501.66666666666663 -744.166666666667
507.49999999999994 -759.166666666667
500.8333333333333 -743.3333333333336
503.3333333333333 -748.3333333333336
501.66666666666663 -744.166666666667
502.5 -747.5000000000002
501.66666666666663 -744.166666666667
501.66666666666663 -744.166666666667
502.5 -747.5000000000002
501.66666666666663 -744.166666666667
501.66666666666663 -744.166666666667
501.66666666666663 -744.166666666667
506.66666666666663 -758.3333333333336
500.8333333333333 -743.3333333333336
500.8333333333333 -743.3333333333336
501.66666666666663 -744.166666666667
500.8333333333333 -743.3333333333336
500.8333333333333 -743.3333333333336
501.66666666666663 -744.166666666667
507.49999999999994 -759.166666666667
507.49999999999994 -759.166666666667
504.99999999999994 -754.166666666667
503.3333333333333 -748.3333333333336
500.8333333333333 -743.3333333333336
501.66666666666663 -744.166666666667
501.66666666666663 -744.166666666667
501.66666666666663 -744.166666666667
500.8333333333333 -743.3333333333336
506.66666666666663 -758.3333333333336
501.66666666666663 -744.166666666667
500.8333333333333 -743.3333333333336
