498.3333333333333 -720.8333333333336
511.66666666666663 -763.3333333333335
511.66666666666663 -763.3333333333335
499.16666666666663 -722.5000000000002
500.0 -741.6666666666669
502.5 -748.3333333333336
504.16666666666663 -752.5000000000002
504.16666666666663 -752.5000000000002
500.0 -741.6666666666669
500.8333333333333 -745.0000000000002
504.99999999999994 -754.166666666667
505.0 -755.8333333333336
505.8333333333333 -757.5000000000001
510.8333333333333 -762.5000000000001
508.3333333333333 -760.0000000000001
509.99999999999994 -761.6666666666669
507.49999999999994 -759.166666666667
505.8333333333333 -757.5000000000001
506.66666666666663 -758.3333333333336
501.66666666666663 -745.0000000000003
506.66666666666663 -758.3333333333336
509.16666666666663 -760.8333333333335
509.16666666666663 -760.8333333333335
509.99999999999994 -761.6666666666669
510.8333333333333 -762.5000000000001
507.49999999999994 -759.166666666667
508.3333333333333 -760.0000000000001
501.6666666666667 -745.8333333333335
500.8333333333333 -745.0000000000002
501.6666666666667 -745.8333333333335
504.99999999999994 -754.166666666667
505.0 -755.8333333333336
500.0 -741.6666666666669
505.8333333333333 -757.5000000000001
506.66666666666663 -758.3333333333336
509.16666666666663 -760.8333333333335
510.8333333333333 -762.5000000000001
507.49999999999994 -759.166666666667
508.3333333333333 -760.0000000000001
501.6666666666667 -745.8333333333335
504.99999999999994 -754.166666666667
505.0 -755.8333333333336
500.0 -741.6666666666669
505.8333333333333 -757.5000000000001
506.66666666666663 -758.3333333333336
509.16666666666663 -760.8333333333335
507.49999999999994 -759.166666666667
508.3333333333333 -760.0000000000001
501.6666666666667 -745.8333333333335
504.99999999999994 -754.166666666667
505.0 -755.8333333333336
500.0 -741.6666666666669
505.8333333333333 -757.5000000000001
506.66666666666663 -758.3333333333336
509.16666666666663 -760.8333333333335
507.49999999999994 -759.166666666667
508.3333333333333 -760.0000000000001
501.6666666666667 -745.8333333333335
504.99999999999994 -754.166666666667
505.0 -755.8333333333336
500.0 -741.6666666666669
509.16666666666663 -760.8333333333335
505.8333333333333 -757.5000000000001
506.66666666666663 -758.3333333333336
507.49999999999994 -759.166666666667
508.3333333333333 -760.0000000000001
501.6666666666667 -745.8333333333335
504.99999999999994 -754.166666666667
505.0 -755.8333333333336
500.0 -741.6666666666669
509.16666666666663 -760.8333333333335
505.8333333333333 -757.5000000000001
506.66666666666663 -758.3333333333336
507.49999999999994 -759.166666666667
508.3333333333333 -760.0000000000001
501.6666666666667 -745.8333333333335
504.99999999999994 -754.166666666667
505.0 -755.8333333333336
500.0 -741.6666666666669
509.16666666666663 -760.8333333333335
505.8333333333333 -757.5000000000001
506.66666666666663 -758.3333333333336
507.49999999999994 -759.166666666667
508.3333333333333 -760.0000000000001
501.6666666666667 -745.8333333333335
504.99999999999994 -754.166666666667
500.0 -741.6666666666669
509.16666666666663 -760.8333333333335
506.66666666666663 -758.3333333333336
507.49999999999994 -759.166666666667
508.3333333333333 -760.0000000000001
501.6666666666667 -745.8333333333335
504.99999999999994 -754.166666666667
500.0 -741.6666666666669
509.16666666666663 -760.8333333333335
506.66666666666663 -758.3333333333336
507.49999999999994 -759.166666666667
508.3333333333333 -760.0000000000001
501.6666666666667 -745.8333333333335
500.0 -741.6666666666669
506.66666666666663 -758.3333333333336
507.49999999999994 -759.166666666667
508.3333333333333 -760.0000000000001
501.6666666666667 -745.8333333333335
506.66666666666663 -758.3333333333336
506.66666666666663 -758.3333333333336
506.66666666666663 -758.3333333333336
500.0 -741.6666666666669
506.66666666666663 -758.3333333333336
500.0 -741.6666666666669
507.49999999999994 -759.166666666667
507.49999999999994 -759.166666666667
506.66666666666663 -758.3333333333336
506.66666666666663 -758.3333333333336
506.66666666666663 -758.3333333333336
501.6666666666667 -745.8333333333335
500.0 -741.6666666666669
506.66666666666663 -758.3333333333336
506.66666666666663 -758.3333333333336
501.6666666666667 -745.8333333333335
506.66666666666663 -758.3333333333336
501.6666666666667 -745.8333333333335
506.66666666666663 -758.3333333333336
507.49999999999994 -759.166666666667
506.66666666666663 -758.3333333333336
507.49999999999994 -759.166666666667
507.49999999999994 -759.166666666667
506.66666666666663 -758.3333333333336
500.0 -741.6666666666669
501.6666666666667 -745.8333333333335
506.66666666666663 -758.3333333333336
507.49999999999994 -759.166666666667
500.0 -741.6666666666669
501.6666666666667 -745.8333333333335
507.49999999999994 -759.166666666667
508.3333333333333 -760.0000000000001
500.0 -741.6666666666669
508.3333333333333 -760.0000000000001
508.3333333333333 -760.0000000000001
506.66666666666663 -758.3333333333336
505.8333333333333 -757.5000000000001
509.16666666666663 -760.8333333333335
506.66666666666663 -758.3333333333336
500.0 -741.6666666666669
506.66666666666663 -758.3333333333336
506.66666666666663 -758.3333333333336
507.49999999999994 -759.166666666667
505.8333333333333 -757.5000000000001
501.6666666666667 -745.8333333333335
506.66666666666663 -758.3333333333336
504.99999999999994 -754.166666666667
507.49999999999994 -759.166666666667
501.6666666666667 -745.8333333333335
507.49999999999994 -759.166666666667
508.3333333333333 -760.0000000000001
506.66666666666663 -758.3333333333336
501.6666666666667 -745.8333333333335
507.49999999999994 -759.166666666667
501.6666666666667 -745.8333333333335
501.6666666666667 -745.8333333333335
500.0 -741.6666666666669
500.0 -741.6666666666669
501.6666666666667 -745.8333333333335
501.6666666666667 -745.8333333333335
507.49999999999994 -759.166666666667
505.8333333333333 -757.5000000000001
506.66666666666663 -758.3333333333336
507.49999999999994 -759.166666666667
506.66666666666663 -758.3333333333336
506.66666666666663 -758.3333333333336
501.6666666666667 -745.8333333333335
500.0 -741.6666666666669
500.0 -741.6666666666669
507.49999999999994 -759.166666666667
506.66666666666663 -758.3333333333336
500.0 -741.6666666666669
506.66666666666663 -758.3333333333336
508.3333333333333 -760.0000000000001
508.3333333333333 -760.0000000000001
507.49999999999994 -759.166666666667
507.49999999999994 -759.166666666667
507.49999999999994 -759.166666666667
500.0 -741.6666666666669
504.99999999999994 -754.166666666667
506.66666666666663 -758.3333333333336
500.0 -741.6666666666669
509.16666666666663 -760.8333333333335
506.66666666666663 -758.3333333333336
506.66666666666663 -758.3333333333336
506.66666666666663 -758.3333333333336
507.49999999999994 -759.166666666667
501.6666666666667 -745.8333333333335
507.49999999999994 -759.166666666667
506.66666666666663 -758.3333333333336
507.49999999999994 -759.166666666667
507.49999999999994 -759.166666666667
500.0 -741.6666666666669
505.8333333333333 -757.5000000000001
507.49999999999994 -759.166666666667
507.49999999999994 -759.166666666667
