498.3333333333333 -720.8333333333336
498.3333333333333 -720.8333333333336
499.16666666666663 -722.5000000000002
502.5 -749.1666666666669
501.6666666666667 -748.3333333333335
501.6666666666667 -748.3333333333335
501.6666666666667 -748.3333333333335
511.66666666666663 -765.0000000000002
504.16666666666663 -758.3333333333335
508.3333333333333 -765.0000000000001
511.66666666666663 -765.0000000000002
500.0 -746.6666666666669
504.99999999999994 -759.166666666667
504.16666666666663 -758.3333333333335
508.3333333333333 -765.0000000000001
500.8333333333333 -747.5000000000002
508.3333333333333 -765.0000000000001
503.3333333333333 -756.666666666667
511.66666666666663 -765.0000000000002
501.6666666666667 -748.3333333333335
504.99999999999994 -759.166666666667
503.3333333333333 -756.666666666667
508.3333333333333 -765.0000000000001
502.5 -749.1666666666669
508.3333333333333 -765.0000000000001
507.49999999999994 -764.166666666667
500.0 -746.6666666666669
504.16666666666663 -758.3333333333335
505.0 -763.3333333333336
501.6666666666667 -748.3333333333335
504.16666666666663 -758.3333333333335
504.16666666666663 -758.3333333333335
