498.3333333333333 -720.8333333333336
498.3333333333333 -720.8333333333336
500.0 -750.8333333333335
499.16666666666663 -722.5000000000002
506.66666666666663 -767.5000000000002
501.6666666666667 -754.1666666666667
500.8333333333333 -752.5000000000002
500.8333333333333 -752.5000000000002
500.8333333333333 -752.5000000000002
501.6666666666667 -754.1666666666667
505.8333333333333 -766.6666666666669
501.6666666666667 -754.1666666666667
500.0 -750.8333333333335
506.66666666666663 -767.5000000000002
505.8333333333333 -766.6666666666669
501.6666666666667 -754.1666666666667
500.8333333333333 -752.5000000000002
506.66666666666663 -767.5000000000002
505.0 -765.0000000000001
505.0 -765.0000000000001
507.49999999999994 -768.3333333333335
503.3333333333333 -760.8333333333335
504.99999999999994 -763.3333333333336
505.0 -765.0000000000001
506.66666666666663 -767.5000000000002
503.3333333333333 -760.8333333333335
505.0 -765.0000000000001
505.0 -765.0000000000001
503.3333333333333 -760.8333333333335
504.99999999999994 -763.3333333333336
506.66666666666663 -767.5000000000002
506.66666666666663 -767.5000000000002
504.16666666666663 -762.5000000000003
503.3333333333333 -760.8333333333335
505.8333333333333 -766.6666666666669
504.99999999999994 -763.3333333333336
505.8333333333333 -766.6666666666669
502.5 -756.6666666666667
506.66666666666663 -767.5000000000002
509.99999999999994 -770.8333333333335
505.8333333333333 -766.6666666666669
505.0 -765.0000000000001
505.0 -765.0000000000001
505.0 -765.0000000000001
502.5 -756.6666666666667
508.3333333333333 -770.0000000000002
505.8333333333333 -766.6666666666669
505.8333333333333 -766.6666666666669
504.99999999999994 -763.3333333333336
505.8333333333333 -766.6666666666669
500.0 -750.8333333333335
504.99999999999994 -763.3333333333336
503.3333333333333 -760.8333333333335
504.99999999999994 -763.3333333333336
