498.3333333333333 -720.8333333333336
498.3333333333333 -720.8333333333336
499.16666666666663 -722.5000000000002
507.5 -773.3333333333336
503.3333333333333 -765.0000000000002
506.66666666666663 -770.0000000000003
504.16666666666663 -766.666666666667
499.16666666666663 -722.5000000000002
503.3333333333333 -765.0000000000002
505.8333333333333 -769.166666666667
507.5 -773.3333333333336
506.66666666666663 -770.0000000000003
505.8333333333333 -769.166666666667
504.16666666666663 -766.666666666667
503.3333333333333 -765.0000000000002
506.66666666666663 -770.0000000000003
505.8333333333333 -769.166666666667
504.16666666666663 -766.666666666667
503.3333333333333 -765.0000000000002
506.66666666666663 -770.0000000000003
505.8333333333333 -769.166666666667
504.16666666666663 -766.666666666667
506.66666666666663 -770.0000000000003
505.8333333333333 -769.166666666667
506.66666666666663 -770.0000000000003
505.8333333333333 -769.166666666667
506.66666666666663 -770.0000000000003
505.8333333333333 -769.166666666667
506.66666666666663 -770.0000000000003
505.8333333333333 -769.166666666667
505.8333333333333 -769.166666666667
505.8333333333333 -769.166666666667
505.8333333333333 -769.166666666667
505.8333333333333 -769.166666666667
505.8333333333333 -769.166666666667
505.8333333333333 -769.166666666667
505.8333333333333 -769.166666666667
500.8333333333333 -756.666666666667
505.8333333333333 -769.166666666667
505.8333333333333 -769.166666666667
508.3333333333333 -774.166666666667
505.8333333333333 -769.166666666667
503.3333333333333 -765.0000000000002
505.8333333333333 -769.166666666667
508.3333333333333 -774.166666666667
506.66666666666663 -770.0000000000003
506.66666666666663 -770.0000000000003
500.0 -755.0000000000002
503.3333333333333 -765.0000000000002
505.8333333333333 -769.166666666667
500.0 -755.0000000000002
506.66666666666663 -770.0000000000003
513.3333333333333 -776.6666666666669
506.66666666666663 -770.0000000000003
503.3333333333333 -765.0000000000002
505.8333333333333 -769.166666666667
512.5 -775.0000000000003
505.8333333333333 -769.166666666667
506.66666666666663 -770.0000000000003
501.6666666666667 -759.1666666666669
505.8333333333333 -769.166666666667
505.8333333333333 -769.166666666667
502.5 -760.8333333333336
505.8333333333333 -769.166666666667
508.3333333333333 -774.166666666667
504.16666666666663 -766.666666666667
505.8333333333333 -769.166666666667
503.3333333333333 -765.0000000000002
505.8333333333333 -769.166666666667
504.16666666666663 -766.666666666667
500.0 -755.0000000000002
505.8333333333333 -769.166666666667
506.66666666666663 -770.0000000000003
510.83333333333337 -775.0000000000002
504.16666666666663 -766.666666666667
500.8333333333333 -756.666666666667
504.99999999999994 -767.5000000000003
508.3333333333333 -774.166666666667
506.66666666666663 -770.0000000000003
505.8333333333333 -769.166666666667
504.16666666666663 -766.666666666667
