498.3333333333333 -720.8333333333336
516.6666666666667 -779.1666666666669
498.3333333333333 -720.8333333333336
516.6666666666667 -779.1666666666669
499.16666666666663 -722.5000000000002
500.0 -755.0000000000002
515.8333333333334 -777.5000000000002
511.6666666666667 -775.8333333333336
513.3333333333333 -776.6666666666669
510.83333333333337 -775.0000000000002
508.3333333333333 -774.166666666667
501.6666666666667 -759.1666666666669
502.5 -763.3333333333335
513.3333333333333 -776.6666666666669
500.8333333333333 -756.666666666667
501.6666666666667 -759.1666666666669
500.0 -755.0000000000002
500.8333333333333 -756.666666666667
499.16666666666663 -722.5000000000002
502.5 -763.3333333333335
503.3333333333333 -765.0000000000002
503.3333333333333 -765.0000000000002
505.8333333333333 -770.8333333333336
506.66666666666663 -771.666666666667
507.5 -773.3333333333336
505.0 -769.1666666666669
504.99999999999994 -767.5000000000003
507.5 -773.3333333333336
515.8333333333334 -777.5000000000002
506.66666666666663 -771.666666666667
505.8333333333333 -770.8333333333336
504.1666666666667 -767.5000000000002
508.3333333333333 -774.166666666667
504.16666666666663 -766.666666666667
510.83333333333337 -775.0000000000002
505.0 -769.1666666666669
504.16666666666663 -766.666666666667
504.99999999999994 -767.5000000000003
498.3333333333333 -720.8333333333336
516.6666666666667 -779.1666666666669
513.3333333333333 -776.6666666666669
501.6666666666667 -759.1666666666669
500.0 -755.0000000000002
500.8333333333333 -756.666666666667
499.16666666666663 -722.5000000000002
502.5 -763.3333333333335
503.3333333333333 -765.0000000000002
507.5 -773.3333333333336
515.8333333333334 -777.5000000000002
506.66666666666663 -771.666666666667
505.8333333333333 -770.8333333333336
508.3333333333333 -774.166666666667
510.83333333333337 -775.0000000000002
505.0 -769.1666666666669
504.16666666666663 -766.666666666667
504.99999999999994 -767.5000000000003
498.3333333333333 -720.8333333333336
516.6666666666667 -779.1666666666669
513.3333333333333 -776.6666666666669
501.6666666666667 -759.1666666666669
500.0 -755.0000000000002
500.8333333333333 -756.666666666667
499.16666666666663 -722.5000000000002
502.5 -763.3333333333335
503.3333333333333 -765.0000000000002
507.5 -773.3333333333336
515.8333333333334 -777.5000000000002
506.66666666666663 -771.666666666667
505.8333333333333 -770.8333333333336
508.3333333333333 -774.166666666667
510.83333333333337 -775.0000000000002
505.0 -769.1666666666669
504.16666666666663 -766.666666666667
504.99999999999994 -767.5000000000003
516.6666666666667 -779.1666666666669
513.3333333333333 -776.6666666666669
501.6666666666667 -759.1666666666669
500.0 -755.0000000000002
500.8333333333333 -756.666666666667
502.5 -763.3333333333335
503.3333333333333 -765.0000000000002
507.5 -773.3333333333336
515.8333333333334 -777.5000000000002
506.66666666666663 -771.666666666667
505.8333333333333 -770.8333333333336
508.3333333333333 -774.166666666667
510.83333333333337 -775.0000000000002
505.0 -769.1666666666669
504.16666666666663 -766.666666666667
504.99999999999994 -767.5000000000003
510.83333333333337 -775.0000000000002
501.6666666666667 -759.1666666666669
500.0 -755.0000000000002
500.8333333333333 -756.666666666667
502.5 -763.3333333333335
503.3333333333333 -765.0000000000002
507.5 -773.3333333333336
515.8333333333334 -777.5000000000002
506.66666666666663 -771.666666666667
505.8333333333333 -770.8333333333336
508.3333333333333 -774.166666666667
513.3333333333333 -776.6666666666669
505.0 -769.1666666666669
504.16666666666663 -766.666666666667
504.99999999999994 -767.5000000000003
510.83333333333337 -775.0000000000002
501.6666666666667 -759.1666666666669
500.0 -755.0000000000002
500.8333333333333 -756.666666666667
502.5 -763.3333333333335
503.3333333333333 -765.0000000000002
507.5 -773.3333333333336
506.66666666666663 -771.666666666667
505.8333333333333 -770.8333333333336
508.3333333333333 -774.166666666667
505.0 -769.1666666666669
504.16666666666663 -766.666666666667
504.99999999999994 -767.5000000000003
510.83333333333337 -775.0000000000002
501.6666666666667 -759.1666666666669
500.0 -755.0000000000002
500.8333333333333 -756.666666666667
502.5 -763.3333333333335
503.3333333333333 -765.0000000000002
507.5 -773.3333333333336
506.66666666666663 -771.666666666667
505.8333333333333 -770.8333333333336
508.3333333333333 -774.166666666667
505.0 -769.1666666666669
504.16666666666663 -766.666666666667
504.99999999999994 -767.5000000000003
510.83333333333337 -775.0000000000002
501.6666666666667 -759.1666666666669
500.0 -755.0000000000002
500.8333333333333 -756.666666666667
502.5 -763.3333333333335
503.3333333333333 -765.0000000000002
507.5 -773.3333333333336
506.66666666666663 -771.666666666667
505.8333333333333 -770.8333333333336
508.3333333333333 -774.166666666667
505.0 -769.1666666666669
504.16666666666663 -766.666666666667
504.99999999999994 -767.5000000000003
510.83333333333337 -775.0000000000002
501.6666666666667 -759.1666666666669
500.0 -755.0000000000002
500.8333333333333 -756.666666666667
503.3333333333333 -765.0000000000002
507.5 -773.3333333333336
506.66666666666663 -771.666666666667
505.8333333333333 -770.8333333333336
508.3333333333333 -774.166666666667
505.0 -769.1666666666669
504.16666666666663 -766.666666666667
504.99999999999994 -767.5000000000003
510.83333333333337 -775.0000000000002
501.6666666666667 -759.1666666666669
500.0 -755.0000000000002
500.8333333333333 -756.666666666667
503.3333333333333 -765.0000000000002
507.5 -773.3333333333336
506.66666666666663 -771.666666666667
505.8333333333333 -770.8333333333336
508.3333333333333 -774.166666666667
505.0 -769.1666666666669
504.16666666666663 -766.666666666667
504.99999999999994 -767.5000000000003
510.83333333333337 -775.0000000000002
500.0 -755.0000000000002
503.3333333333333 -765.0000000000002
507.5 -773.3333333333336
506.66666666666663 -771.666666666667
505.8333333333333 -770.8333333333336
508.3333333333333 -774.166666666667
505.0 -769.1666666666669
504.16666666666663 -766.666666666667
504.99999999999994 -767.5000000000003
510.83333333333337 -775.0000000000002
500.0 -755.0000000000002
503.3333333333333 -765.0000000000002
507.5 -773.3333333333336
506.66666666666663 -771.666666666667
505.8333333333333 -770.8333333333336
508.3333333333333 -774.166666666667
505.0 -769.1666666666669
504.16666666666663 -766.666666666667
504.99999999999994 -767.5000000000003
510.83333333333337 -775.0000000000002
500.0 -755.0000000000002
503.3333333333333 -765.0000000000002
507.5 -773.3333333333336
506.66666666666663 -771.666666666667
505.8333333333333 -770.8333333333336
508.3333333333333 -774.166666666667
505.0 -769.1666666666669
504.16666666666663 -766.666666666667
504.99999999999994 -767.5000000000003
500.0 -755.0000000000002
503.3333333333333 -765.0000000000002
