498.3333333333333 -721.6666666666669
515.0 -780.8333333333336
498.3333333333333 -721.6666666666669
515.0 -780.8333333333336
499.16666666666663 -723.3333333333335
500.0 -755.0000000000002
512.5 -779.166666666667
501.6666666666667 -759.1666666666669
502.5 -765.0000000000003
510.8333333333333 -776.6666666666671
509.16666666666663 -775.8333333333337
500.8333333333333 -756.666666666667
506.66666666666663 -772.5000000000003
507.5 -775.0000000000002
501.6666666666667 -759.1666666666669
500.0 -755.0000000000002
500.8333333333333 -756.666666666667
499.16666666666663 -723.3333333333335
502.5 -765.0000000000003
503.3333333333333 -766.6666666666671
505.0 -770.8333333333337
512.5 -779.166666666667
504.16666666666663 -767.5000000000005
504.1666666666667 -769.166666666667
507.5 -775.0000000000002
506.66666666666663 -772.5000000000003
509.16666666666663 -775.8333333333337
503.3333333333333 -766.6666666666671
505.0 -770.8333333333337
508.3333333333333 -775.8333333333336
510.8333333333333 -776.6666666666671
505.8333333333333 -771.6666666666671
505.8333333333333 -771.6666666666671
511.66666666666663 -777.5000000000003
511.6666666666667 -778.3333333333336
508.3333333333333 -775.8333333333336
504.1666666666667 -769.166666666667
511.6666666666667 -778.3333333333336
504.16666666666663 -767.5000000000005
511.66666666666663 -777.5000000000003
515.0 -780.8333333333336
501.6666666666667 -759.1666666666669
500.0 -755.0000000000002
500.8333333333333 -756.666666666667
502.5 -765.0000000000003
512.5 -779.166666666667
507.5 -775.0000000000002
506.66666666666663 -772.5000000000003
509.16666666666663 -775.8333333333337
503.3333333333333 -766.6666666666671
505.0 -770.8333333333337
510.8333333333333 -776.6666666666671
505.8333333333333 -771.6666666666671
508.3333333333333 -775.8333333333336
504.1666666666667 -769.166666666667
511.6666666666667 -778.3333333333336
504.16666666666663 -767.5000000000005
511.66666666666663 -777.5000000000003
515.0 -780.8333333333336
501.6666666666667 -759.1666666666669
500.0 -755.0000000000002
500.8333333333333 -756.666666666667
502.5 -765.0000000000003
512.5 -779.166666666667
507.5 -775.0000000000002
506.66666666666663 -772.5000000000003
509.16666666666663 -775.8333333333337
503.3333333333333 -766.6666666666671
505.0 -770.8333333333337
510.8333333333333 -776.6666666666671
505.8333333333333 -771.6666666666671
504.1666666666667 -769.166666666667
511.6666666666667 -778.3333333333336
504.16666666666663 -767.5000000000005
511.66666666666663 -777.5000000000003
515.0 -780.8333333333336
501.6666666666667 -759.1666666666669
500.0 -755.0000000000002
500.8333333333333 -756.666666666667
502.5 -765.0000000000003
512.5 -779.166666666667
507.5 -775.0000000000002
506.66666666666663 -772.5000000000003
509.16666666666663 -775.8333333333337
503.3333333333333 -766.6666666666671
505.0 -770.8333333333337
510.8333333333333 -776.6666666666671
505.8333333333333 -771.6666666666671
504.1666666666667 -769.166666666667
504.16666666666663 -767.5000000000005
511.66666666666663 -777.5000000000003
515.0 -780.8333333333336
501.6666666666667 -759.1666666666669
500.0 -755.0000000000002
500.8333333333333 -756.666666666667
502.5 -765.0000000000003
512.5 -779.166666666667
507.5 -775.0000000000002
506.66666666666663 -772.5000000000003
509.16666666666663 -775.8333333333337
505.0 -770.8333333333337
503.3333333333333 -766.6666666666671
510.8333333333333 -776.6666666666671
505.8333333333333 -771.6666666666671
504.1666666666667 -769.166666666667
504.16666666666663 -767.5000000000005
511.66666666666663 -777.5000000000003
515.0 -780.8333333333336
501.6666666666667 -759.1666666666669
500.0 -755.0000000000002
500.8333333333333 -756.666666666667
502.5 -765.0000000000003
512.5 -779.166666666667
506.66666666666663 -772.5000000000003
509.16666666666663 -775.8333333333337
505.0 -770.8333333333337
503.3333333333333 -766.6666666666671
510.8333333333333 -776.6666666666671
505.8333333333333 -771.6666666666671
504.1666666666667 -769.166666666667
504.16666666666663 -767.5000000000005
511.66666666666663 -777.5000000000003
501.6666666666667 -759.1666666666669
500.0 -755.0000000000002
500.8333333333333 -756.666666666667
502.5 -765.0000000000003
512.5 -779.166666666667
506.66666666666663 -772.5000000000003
509.16666666666663 -775.8333333333337
505.0 -770.8333333333337
503.3333333333333 -766.6666666666671
510.8333333333333 -776.6666666666671
505.8333333333333 -771.6666666666671
504.1666666666667 -769.166666666667
504.16666666666663 -767.5000000000005
511.66666666666663 -777.5000000000003
501.6666666666667 -759.1666666666669
500.0 -755.0000000000002
500.8333333333333 -756.666666666667
502.5 -765.0000000000003
512.5 -779.166666666667
506.66666666666663 -772.5000000000003
509.16666666666663 -775.8333333333337
505.0 -770.8333333333337
503.3333333333333 -766.6666666666671
510.8333333333333 -776.6666666666671
505.8333333333333 -771.6666666666671
504.1666666666667 -769.166666666667
504.16666666666663 -767.5000000000005
511.66666666666663 -777.5000000000003
501.6666666666667 -759.1666666666669
500.0 -755.0000000000002
500.8333333333333 -756.666666666667
502.5 -765.0000000000003
512.5 -779.166666666667
506.66666666666663 -772.5000000000003
509.16666666666663 -775.8333333333337
503.3333333333333 -766.6666666666671
505.0 -770.8333333333337
505.8333333333333 -771.6666666666671
504.1666666666667 -769.166666666667
504.16666666666663 -767.5000000000005
511.66666666666663 -777.5000000000003
501.6666666666667 -759.1666666666669
500.0 -755.0000000000002
500.8333333333333 -756.666666666667
502.5 -765.0000000000003
512.5 -779.166666666667
506.66666666666663 -772.5000000000003
509.16666666666663 -775.8333333333337
503.3333333333333 -766.6666666666671
505.0 -770.8333333333337
505.8333333333333 -771.6666666666671
504.1666666666667 -769.166666666667
504.16666666666663 -767.5000000000005
511.66666666666663 -777.5000000000003
501.6666666666667 -759.1666666666669
500.0 -755.0000000000002
500.8333333333333 -756.666666666667
512.5 -779.166666666667
502.5 -765.0000000000003
511.66666666666663 -777.5000000000003
506.66666666666663 -772.5000000000003
509.16666666666663 -775.8333333333337
505.0 -770.8333333333337
503.3333333333333 -766.6666666666671
505.8333333333333 -771.6666666666671
504.1666666666667 -769.166666666667
504.16666666666663 -767.5000000000005
501.6666666666667 -759.1666666666669
500.0 -755.0000000000002
500.8333333333333 -756.666666666667
512.5 -779.166666666667
502.5 -765.0000000000003
511.66666666666663 -777.5000000000003
506.66666666666663 -772.5000000000003
509.16666666666663 -775.8333333333337
503.3333333333333 -766.6666666666671
505.0 -770.8333333333337
505.8333333333333 -771.6666666666671
