498.3333333333333 -721.6666666666669
515.0 -787.5000000000003
515.0 -787.5000000000003
498.3333333333333 -721.6666666666669
500.0 -757.5000000000002
499.16666666666663 -723.3333333333335
513.3333333333334 -780.8333333333336
510.00000000000006 -778.3333333333336
510.83333333333337 -780.0000000000003
501.6666666666667 -760.8333333333336
502.5 -767.5000000000003
506.6666666666667 -775.0000000000003
514.1666666666667 -782.5000000000003
508.3333333333333 -777.5000000000005
500.8333333333333 -758.3333333333336
501.6666666666667 -760.8333333333336
499.16666666666663 -723.3333333333335
502.5 -767.5000000000003
503.3333333333333 -769.1666666666671
507.5 -776.6666666666671
505.0 -773.3333333333337
514.1666666666667 -782.5000000000003
504.16666666666663 -770.0000000000005
504.1666666666667 -771.666666666667
500.8333333333333 -758.3333333333336
505.8333333333333 -774.1666666666671
513.3333333333334 -780.8333333333336
505.0 -773.3333333333337
507.5 -776.6666666666671
503.3333333333333 -769.1666666666671
505.8333333333333 -774.1666666666671
508.3333333333333 -777.5000000000005
510.8333333333333 -779.1666666666671
504.1666666666667 -771.666666666667
510.8333333333333 -779.1666666666671
504.16666666666663 -770.0000000000005
510.83333333333337 -780.0000000000003
498.3333333333333 -721.6666666666669
501.6666666666667 -760.8333333333336
499.16666666666663 -723.3333333333335
502.5 -767.5000000000003
514.1666666666667 -782.5000000000003
500.8333333333333 -758.3333333333336
505.0 -773.3333333333337
507.5 -776.6666666666671
503.3333333333333 -769.1666666666671
505.8333333333333 -774.1666666666671
504.1666666666667 -771.666666666667
510.8333333333333 -779.1666666666671
504.16666666666663 -770.0000000000005
510.83333333333337 -780.0000000000003
505.0 -773.3333333333337
505.0 -773.3333333333337
505.0 -773.3333333333337
505.0 -773.3333333333337
504.1666666666667 -771.666666666667
505.0 -773.3333333333337
503.3333333333333 -769.1666666666671
504.1666666666667 -771.666666666667
505.0 -773.3333333333337
500.8333333333333 -758.3333333333336
500.8333333333333 -758.3333333333336
510.8333333333333 -779.1666666666671
504.1666666666667 -771.666666666667
503.3333333333333 -769.1666666666671
500.8333333333333 -758.3333333333336
504.1666666666667 -771.666666666667
505.0 -773.3333333333337
504.1666666666667 -771.666666666667
505.0 -773.3333333333337
501.6666666666667 -760.8333333333336
507.5 -776.6666666666671
510.8333333333333 -779.1666666666671
504.1666666666667 -771.666666666667
505.0 -773.3333333333337
505.0 -773.3333333333337
504.1666666666667 -771.666666666667
505.0 -773.3333333333337
514.1666666666667 -782.5000000000003
504.1666666666667 -771.666666666667
507.5 -776.6666666666671
505.8333333333333 -774.1666666666671
502.5 -767.5000000000003
505.0 -773.3333333333337
505.0 -773.3333333333337
510.83333333333337 -780.0000000000003
510.83333333333337 -780.0000000000003
505.0 -773.3333333333337
510.83333333333337 -780.0000000000003
510.83333333333337 -780.0000000000003
505.0 -773.3333333333337
504.16666666666663 -770.0000000000005
502.5 -767.5000000000003
510.83333333333337 -780.0000000000003
505.0 -773.3333333333337
501.6666666666667 -760.8333333333336
503.3333333333333 -769.1666666666671
502.5 -767.5000000000003
502.5 -767.5000000000003
502.5 -767.5000000000003
505.8333333333333 -774.1666666666671
514.1666666666667 -782.5000000000003
501.6666666666667 -760.8333333333336
507.5 -776.6666666666671
514.1666666666667 -782.5000000000003
502.5 -767.5000000000003
503.3333333333333 -769.1666666666671
503.3333333333333 -769.1666666666671
503.3333333333333 -769.1666666666671
504.1666666666667 -771.666666666667
501.6666666666667 -760.8333333333336
505.0 -773.3333333333337
504.1666666666667 -771.666666666667
503.3333333333333 -769.1666666666671
501.6666666666667 -760.8333333333336
501.6666666666667 -760.8333333333336
505.0 -773.3333333333337
502.5 -767.5000000000003
505.0 -773.3333333333337
510.83333333333337 -780.0000000000003
505.0 -773.3333333333337
502.5 -767.5000000000003
507.5 -776.6666666666671
505.0 -773.3333333333337
503.3333333333333 -769.1666666666671
503.3333333333333 -769.1666666666671
505.0 -773.3333333333337
502.5 -767.5000000000003
510.83333333333337 -780.0000000000003
502.5 -767.5000000000003
507.5 -776.6666666666671
505.0 -773.3333333333337
504.1666666666667 -771.666666666667
505.8333333333333 -774.1666666666671
502.5 -767.5000000000003
505.0 -773.3333333333337
503.3333333333333 -769.1666666666671
507.5 -776.6666666666671
505.0 -773.3333333333337
505.0 -773.3333333333337
510.83333333333337 -780.0000000000003
501.6666666666667 -760.8333333333336
503.3333333333333 -769.1666666666671
501.6666666666667 -760.8333333333336
500.8333333333333 -758.3333333333336
507.5 -776.6666666666671
505.0 -773.3333333333337
502.5 -767.5000000000003
507.5 -776.6666666666671
503.3333333333333 -769.1666666666671
502.5 -767.5000000000003
505.0 -773.3333333333337
505.0 -773.3333333333337
501.6666666666667 -760.8333333333336
501.6666666666667 -760.8333333333336
504.1666666666667 -771.666666666667
505.0 -773.3333333333337
505.0 -773.3333333333337
505.0 -773.3333333333337
500.8333333333333 -758.3333333333336
503.3333333333333 -769.1666666666671
507.5 -776.6666666666671
501.6666666666667 -760.8333333333336
504.1666666666667 -771.666666666667
503.3333333333333 -769.1666666666671
507.5 -776.6666666666671
505.0 -773.3333333333337
505.0 -773.3333333333337
505.8333333333333 -774.1666666666671
505.0 -773.3333333333337
505.0 -773.3333333333337
505.0 -773.3333333333337
505.0 -773.3333333333337
505.0 -773.3333333333337
507.5 -776.6666666666671
505.8333333333333 -774.1666666666671
503.3333333333333 -769.1666666666671
505.0 -773.3333333333337
505.8333333333333 -774.1666666666671
505.0 -773.3333333333337
505.0 -773.3333333333337
501.6666666666667 -760.8333333333336
503.3333333333333 -769.1666666666671
501.6666666666667 -760.8333333333336
505.0 -773.3333333333337
505.0 -773.3333333333337
514.1666666666667 -782.5000000000003
505.0 -773.3333333333337
504.1666666666667 -771.666666666667
505.0 -773.3333333333337
510.83333333333337 -780.0000000000003
505.0 -773.3333333333337
505.0 -773.3333333333337
510.83333333333337 -780.0000000000003
510.83333333333337 -780.0000000000003
505.0 -773.3333333333337
501.6666666666667 -760.8333333333336
510.83333333333337 -780.0000000000003
505.0 -773.3333333333337
507.5 -776.6666666666671
