498.3333333333333 -721.6666666666669
498.3333333333333 -721.6666666666669
514.1666666666667 -788.3333333333337
514.1666666666667 -788.3333333333337
499.16666666666663 -727.5000000000002
500.0 -757.5000000000002
511.6666666666667 -785.8333333333337
501.6666666666667 -761.6666666666669
502.5 -769.1666666666671
508.3333333333333 -779.166666666667
507.5 -777.5000000000005
505.8333333333333 -775.8333333333338
510.8333333333333 -781.6666666666671
511.6666666666667 -785.8333333333337
500.8333333333333 -759.166666666667
501.6666666666667 -761.6666666666669
500.8333333333333 -759.166666666667
502.5 -769.1666666666671
503.3333333333333 -770.8333333333338
505.0 -775.0000000000005
505.8333333333333 -775.8333333333338
507.5 -777.5000000000005
504.16666666666663 -771.6666666666672
504.1666666666667 -773.3333333333337
509.1666666666667 -780.0000000000003
510.8333333333333 -781.6666666666671
505.0 -775.0000000000005
510.0 -780.8333333333337
503.3333333333333 -770.8333333333338
510.0 -780.8333333333337
509.1666666666667 -780.0000000000003
504.1666666666667 -773.3333333333337
504.16666666666663 -771.6666666666672
498.3333333333333 -721.6666666666669
503.3333333333333 -770.8333333333338
504.1666666666667 -773.3333333333337
504.1666666666667 -773.3333333333337
510.0 -780.8333333333337
505.0 -775.0000000000005
507.5 -777.5000000000005
502.5 -769.1666666666671
505.0 -775.0000000000005
504.1666666666667 -773.3333333333337
503.3333333333333 -770.8333333333338
507.5 -777.5000000000005
505.0 -775.0000000000005
510.0 -780.8333333333337
510.0 -780.8333333333337
507.5 -777.5000000000005
510.0 -780.8333333333337
505.0 -775.0000000000005
507.5 -777.5000000000005
505.0 -775.0000000000005
503.3333333333333 -770.8333333333338
505.0 -775.0000000000005
504.1666666666667 -773.3333333333337
509.1666666666667 -780.0000000000003
505.0 -775.0000000000005
503.3333333333333 -770.8333333333338
507.5 -777.5000000000005
507.5 -777.5000000000005
507.5 -777.5000000000005
507.5 -777.5000000000005
507.5 -777.5000000000005
504.1666666666667 -773.3333333333337
505.0 -775.0000000000005
502.5 -769.1666666666671
507.5 -777.5000000000005
505.0 -775.0000000000005
507.5 -777.5000000000005
507.5 -777.5000000000005
504.1666666666667 -773.3333333333337
510.0 -780.8333333333337
505.0 -775.0000000000005
505.8333333333333 -775.8333333333338
505.8333333333333 -775.8333333333338
507.5 -777.5000000000005
505.8333333333333 -775.8333333333338
503.3333333333333 -770.8333333333338
507.5 -777.5000000000005
504.1666666666667 -773.3333333333337
505.0 -775.0000000000005
505.0 -775.0000000000005
507.5 -777.5000000000005
507.5 -777.5000000000005
514.1666666666667 -788.3333333333337
507.5 -777.5000000000005
504.1666666666667 -773.3333333333337
505.0 -775.0000000000005
507.5 -777.5000000000005
507.5 -777.5000000000005
507.5 -777.5000000000005
507.5 -777.5000000000005
507.5 -777.5000000000005
503.3333333333333 -770.8333333333338
502.5 -769.1666666666671
505.0 -775.0000000000005
507.5 -777.5000000000005
507.5 -777.5000000000005
507.5 -777.5000000000005
504.1666666666667 -773.3333333333337
504.1666666666667 -773.3333333333337
507.5 -777.5000000000005
510.0 -780.8333333333337
502.5 -769.1666666666671
507.5 -777.5000000000005
505.0 -775.0000000000005
505.8333333333333 -775.8333333333338
503.3333333333333 -770.8333333333338
504.16666666666663 -771.6666666666672
504.1666666666667 -773.3333333333337
507.5 -777.5000000000005
505.0 -775.0000000000005
507.5 -777.5000000000005
505.0 -775.0000000000005
507.5 -777.5000000000005
505.0 -775.0000000000005
507.5 -777.5000000000005
510.0 -780.8333333333337
503.3333333333333 -770.8333333333338
507.5 -777.5000000000005
504.1666666666667 -773.3333333333337
504.16666666666663 -771.6666666666672
505.8333333333333 -775.8333333333338
503.3333333333333 -770.8333333333338
507.5 -777.5000000000005
504.1666666666667 -773.3333333333337
504.16666666666663 -771.6666666666672
507.5 -777.5000000000005
505.0 -775.0000000000005
505.0 -775.0000000000005
504.1666666666667 -773.3333333333337
504.1666666666667 -773.3333333333337
504.1666666666667 -773.3333333333337
507.5 -777.5000000000005
505.0 -775.0000000000005
505.0 -775.0000000000005
503.3333333333333 -770.8333333333338
505.0 -775.0000000000005
504.1666666666667 -773.3333333333337
504.1666666666667 -773.3333333333337
505.0 -775.0000000000005
505.8333333333333 -775.8333333333338
505.8333333333333 -775.8333333333338
507.5 -777.5000000000005
505.0 -775.0000000000005
507.5 -777.5000000000005
504.1666666666667 -773.3333333333337
503.3333333333333 -770.8333333333338
505.0 -775.0000000000005
504.1666666666667 -773.3333333333337
514.1666666666667 -788.3333333333337
504.1666666666667 -773.3333333333337
502.5 -769.1666666666671
502.5 -769.1666666666671
505.0 -775.0000000000005
507.5 -777.5000000000005
505.0 -775.0000000000005
505.0 -775.0000000000005
502.5 -769.1666666666671
505.8333333333333 -775.8333333333338
505.0 -775.0000000000005
504.16666666666663 -771.6666666666672
510.0 -780.8333333333337
507.5 -777.5000000000005
507.5 -777.5000000000005
507.5 -777.5000000000005
509.1666666666667 -780.0000000000003
503.3333333333333 -770.8333333333338
507.5 -777.5000000000005
507.5 -777.5000000000005
502.5 -769.1666666666671
505.0 -775.0000000000005
510.0 -780.8333333333337
507.5 -777.5000000000005
505.0 -775.0000000000005
505.0 -775.0000000000005
504.1666666666667 -773.3333333333337
505.0 -775.0000000000005
510.0 -780.8333333333337
505.0 -775.0000000000005
505.0 -775.0000000000005
503.3333333333333 -770.8333333333338
510.0 -780.8333333333337
503.3333333333333 -770.8333333333338
504.1666666666667 -773.3333333333337
509.1666666666667 -780.0000000000003
509.1666666666667 -780.0000000000003
505.0 -775.0000000000005
507.5 -777.5000000000005
504.16666666666663 -771.6666666666672
505.8333333333333 -775.8333333333338
505.0 -775.0000000000005
505.0 -775.0000000000005
502.5 -769.1666666666671
505.0 -775.0000000000005
503.3333333333333 -770.8333333333338
504.1666666666667 -773.3333333333337
503.3333333333333 -770.8333333333338
505.8333333333333 -775.8333333333338
