498.3333333333333 -721.6666666666669
516.6666666666667 -791.666666666667
498.3333333333333 -721.6666666666669
499.16666666666663 -727.5000000000002
500.0 -757.5000000000002
511.6666666666667 -785.8333333333337
514.1666666666667 -788.3333333333337
514.1666666666667 -788.3333333333337
501.6666666666667 -761.6666666666669
502.5 -769.1666666666671
500.8333333333333 -760.0000000000003
507.5 -777.5000000000005
505.8333333333333 -776.666666666667
510.8333333333333 -781.6666666666671
500.0 -757.5000000000002
511.6666666666667 -785.8333333333337
502.5 -769.1666666666671
503.3333333333333 -770.8333333333338
505.0 -775.0000000000005
508.3333333333333 -779.166666666667
505.0 -775.0000000000005
501.6666666666667 -761.6666666666669
504.16666666666663 -771.6666666666672
504.1666666666667 -773.3333333333337
509.1666666666667 -780.0000000000003
510.8333333333333 -781.6666666666671
505.8333333333333 -776.666666666667
507.5 -777.5000000000005
508.3333333333333 -779.166666666667
503.3333333333333 -770.8333333333338
510.0 -780.8333333333337
509.1666666666667 -780.0000000000003
510.0 -780.8333333333337
504.1666666666667 -773.3333333333337
504.16666666666663 -771.6666666666672
498.3333333333333 -721.6666666666669
514.1666666666667 -788.3333333333337
500.0 -757.5000000000002
511.6666666666667 -785.8333333333337
502.5 -769.1666666666671
505.0 -775.0000000000005
510.8333333333333 -781.6666666666671
505.8333333333333 -776.666666666667
507.5 -777.5000000000005
503.3333333333333 -770.8333333333338
510.0 -780.8333333333337
509.1666666666667 -780.0000000000003
504.1666666666667 -773.3333333333337
504.16666666666663 -771.6666666666672
514.1666666666667 -788.3333333333337
511.6666666666667 -785.8333333333337
502.5 -769.1666666666671
505.0 -775.0000000000005
510.8333333333333 -781.6666666666671
507.5 -777.5000000000005
503.3333333333333 -770.8333333333338
509.1666666666667 -780.0000000000003
510.0 -780.8333333333337
504.1666666666667 -773.3333333333337
504.16666666666663 -771.6666666666672
514.1666666666667 -788.3333333333337
502.5 -769.1666666666671
507.5 -777.5000000000005
503.3333333333333 -770.8333333333338
505.0 -775.0000000000005
509.1666666666667 -780.0000000000003
510.0 -780.8333333333337
504.1666666666667 -773.3333333333337
504.16666666666663 -771.6666666666672
502.5 -769.1666666666671
507.5 -777.5000000000005
505.0 -775.0000000000005
503.3333333333333 -770.8333333333338
510.0 -780.8333333333337
509.1666666666667 -780.0000000000003
504.1666666666667 -773.3333333333337
504.16666666666663 -771.6666666666672
503.3333333333333 -770.8333333333338
504.1666666666667 -773.3333333333337
504.1666666666667 -773.3333333333337
510.0 -780.8333333333337
505.0 -775.0000000000005
507.5 -777.5000000000005
502.5 -769.1666666666671
505.0 -775.0000000000005
504.1666666666667 -773.3333333333337
503.3333333333333 -770.8333333333338
507.5 -777.5000000000005
505.0 -775.0000000000005
510.0 -780.8333333333337
510.0 -780.8333333333337
507.5 -777.5000000000005
510.0 -780.8333333333337
505.0 -775.0000000000005
507.5 -777.5000000000005
505.0 -775.0000000000005
503.3333333333333 -770.8333333333338
505.0 -775.0000000000005
504.1666666666667 -773.3333333333337
509.1666666666667 -780.0000000000003
505.0 -775.0000000000005
503.3333333333333 -770.8333333333338
507.5 -777.5000000000005
507.5 -777.5000000000005
507.5 -777.5000000000005
507.5 -777.5000000000005
507.5 -777.5000000000005
504.1666666666667 -773.3333333333337
505.0 -775.0000000000005
502.5 -769.1666666666671
507.5 -777.5000000000005
505.0 -775.0000000000005
507.5 -777.5000000000005
507.5 -777.5000000000005
504.1666666666667 -773.3333333333337
510.0 -780.8333333333337
505.0 -775.0000000000005
507.5 -777.5000000000005
503.3333333333333 -770.8333333333338
507.5 -777.5000000000005
504.1666666666667 -773.3333333333337
505.0 -775.0000000000005
505.0 -775.0000000000005
507.5 -777.5000000000005
507.5 -777.5000000000005
507.5 -777.5000000000005
504.1666666666667 -773.3333333333337
505.0 -775.0000000000005
507.5 -777.5000000000005
507.5 -777.5000000000005
507.5 -777.5000000000005
507.5 -777.5000000000005
507.5 -777.5000000000005
503.3333333333333 -770.8333333333338
502.5 -769.1666666666671
505.0 -775.0000000000005
507.5 -777.5000000000005
507.5 -777.5000000000005
507.5 -777.5000000000005
504.1666666666667 -773.3333333333337
504.1666666666667 -773.3333333333337
507.5 -777.5000000000005
510.0 -780.8333333333337
502.5 -769.1666666666671
507.5 -777.5000000000005
505.0 -775.0000000000005
503.3333333333333 -770.8333333333338
504.16666666666663 -771.6666666666672
504.1666666666667 -773.3333333333337
507.5 -777.5000000000005
505.0 -775.0000000000005
507.5 -777.5000000000005
505.0 -775.0000000000005
507.5 -777.5000000000005
505.0 -775.0000000000005
507.5 -777.5000000000005
510.0 -780.8333333333337
503.3333333333333 -770.8333333333338
507.5 -777.5000000000005
504.1666666666667 -773.3333333333337
504.16666666666663 -771.6666666666672
503.3333333333333 -770.8333333333338
507.5 -777.5000000000005
504.1666666666667 -773.3333333333337
504.16666666666663 -771.6666666666672
507.5 -777.5000000000005
505.0 -775.0000000000005
505.0 -775.0000000000005
504.1666666666667 -773.3333333333337
504.1666666666667 -773.3333333333337
504.1666666666667 -773.3333333333337
507.5 -777.5000000000005
505.0 -775.0000000000005
505.0 -775.0000000000005
503.3333333333333 -770.8333333333338
505.0 -775.0000000000005
504.1666666666667 -773.3333333333337
504.1666666666667 -773.3333333333337
505.0 -775.0000000000005
507.5 -777.5000000000005
505.0 -775.0000000000005
507.5 -777.5000000000005
504.1666666666667 -773.3333333333337
503.3333333333333 -770.8333333333338
505.0 -775.0000000000005
504.1666666666667 -773.3333333333337
504.1666666666667 -773.3333333333337
502.5 -769.1666666666671
502.5 -769.1666666666671
505.0 -775.0000000000005
507.5 -777.5000000000005
505.0 -775.0000000000005
505.0 -775.0000000000005
502.5 -769.1666666666671
505.0 -775.0000000000005
504.16666666666663 -771.6666666666672
510.0 -780.8333333333337
507.5 -777.5000000000005
507.5 -777.5000000000005
507.5 -777.5000000000005
