498.3333333333333 -721.6666666666669
516.6666666666667 -791.666666666667
498.3333333333333 -721.6666666666669
499.16666666666663 -727.5000000000002
500.0 -757.5000000000002
510.0 -781.6666666666671
513.3333333333334 -786.666666666667
514.1666666666667 -788.3333333333337
501.6666666666667 -761.6666666666669
502.5 -769.1666666666671
500.8333333333333 -760.0000000000003
511.6666666666667 -785.8333333333337
511.6666666666667 -785.8333333333337
514.1666666666667 -788.3333333333337
500.0 -757.5000000000002
506.6666666666667 -776.6666666666671
502.5 -769.1666666666671
508.3333333333333 -779.166666666667
509.1666666666667 -780.8333333333337
505.0 -775.0000000000005
503.3333333333333 -770.8333333333338
505.8333333333333 -776.666666666667
507.5 -778.3333333333337
505.0 -775.0000000000005
501.6666666666667 -761.6666666666669
504.16666666666663 -771.6666666666672
504.1666666666667 -773.3333333333337
509.1666666666667 -780.8333333333337
508.3333333333333 -779.166666666667
503.3333333333333 -770.8333333333338
507.5 -778.3333333333337
505.8333333333333 -776.666666666667
506.6666666666667 -776.6666666666671
504.1666666666667 -773.3333333333337
504.16666666666663 -771.6666666666672
498.3333333333333 -721.6666666666669
511.6666666666667 -785.8333333333337
514.1666666666667 -788.3333333333337
500.0 -757.5000000000002
502.5 -769.1666666666671
505.0 -775.0000000000005
509.1666666666667 -780.8333333333337
508.3333333333333 -779.166666666667
503.3333333333333 -770.8333333333338
505.8333333333333 -776.666666666667
506.6666666666667 -776.6666666666671
504.1666666666667 -773.3333333333337
504.16666666666663 -771.6666666666672
514.1666666666667 -788.3333333333337
502.5 -769.1666666666671
505.0 -775.0000000000005
509.1666666666667 -780.8333333333337
511.6666666666667 -785.8333333333337
503.3333333333333 -770.8333333333338
505.8333333333333 -776.666666666667
506.6666666666667 -776.6666666666671
504.1666666666667 -773.3333333333337
504.16666666666663 -771.6666666666672
514.1666666666667 -788.3333333333337
502.5 -769.1666666666671
505.0 -775.0000000000005
511.6666666666667 -785.8333333333337
503.3333333333333 -770.8333333333338
505.8333333333333 -776.666666666667
506.6666666666667 -776.6666666666671
504.1666666666667 -773.3333333333337
504.16666666666663 -771.6666666666672
514.1666666666667 -788.3333333333337
511.6666666666667 -785.8333333333337
502.5 -769.1666666666671
505.0 -775.0000000000005
503.3333333333333 -770.8333333333338
505.8333333333333 -776.666666666667
504.1666666666667 -773.3333333333337
504.16666666666663 -771.6666666666672
514.1666666666667 -788.3333333333337
511.6666666666667 -785.8333333333337
502.5 -769.1666666666671
505.0 -775.0000000000005
505.8333333333333 -776.666666666667
503.3333333333333 -770.8333333333338
504.1666666666667 -773.3333333333337
504.16666666666663 -771.6666666666672
514.1666666666667 -788.3333333333337
511.6666666666667 -785.8333333333337
502.5 -769.1666666666671
505.0 -775.0000000000005
503.3333333333333 -770.8333333333338
504.1666666666667 -773.3333333333337
504.16666666666663 -771.6666666666672
502.5 -769.1666666666671
505.0 -775.0000000000005
503.3333333333333 -770.8333333333338
504.1666666666667 -773.3333333333337
504.16666666666663 -771.6666666666672
502.5 -769.1666666666671
503.3333333333333 -770.8333333333338
505.0 -775.0000000000005
504.1666666666667 -773.3333333333337
504.16666666666663 -771.6666666666672
502.5 -769.1666666666671
505.0 -775.0000000000005
503.3333333333333 -770.8333333333338
504.1666666666667 -773.3333333333337
504.16666666666663 -771.6666666666672
503.3333333333333 -770.8333333333338
504.1666666666667 -773.3333333333337
504.1666666666667 -773.3333333333337
505.0 -775.0000000000005
502.5 -769.1666666666671
505.0 -775.0000000000005
504.1666666666667 -773.3333333333337
503.3333333333333 -770.8333333333338
505.0 -775.0000000000005
505.0 -775.0000000000005
505.0 -775.0000000000005
503.3333333333333 -770.8333333333338
505.0 -775.0000000000005
504.1666666666667 -773.3333333333337
505.0 -775.0000000000005
503.3333333333333 -770.8333333333338
504.1666666666667 -773.3333333333337
505.0 -775.0000000000005
502.5 -769.1666666666671
505.0 -775.0000000000005
504.1666666666667 -773.3333333333337
505.0 -775.0000000000005
503.3333333333333 -770.8333333333338
504.1666666666667 -773.3333333333337
505.0 -775.0000000000005
505.0 -775.0000000000005
504.1666666666667 -773.3333333333337
505.0 -775.0000000000005
503.3333333333333 -770.8333333333338
502.5 -769.1666666666671
505.0 -775.0000000000005
504.1666666666667 -773.3333333333337
504.1666666666667 -773.3333333333337
502.5 -769.1666666666671
505.0 -775.0000000000005
503.3333333333333 -770.8333333333338
504.16666666666663 -771.6666666666672
504.1666666666667 -773.3333333333337
505.0 -775.0000000000005
505.0 -775.0000000000005
505.0 -775.0000000000005
503.3333333333333 -770.8333333333338
504.1666666666667 -773.3333333333337
504.16666666666663 -771.6666666666672
503.3333333333333 -770.8333333333338
504.1666666666667 -773.3333333333337
504.16666666666663 -771.6666666666672
505.0 -775.0000000000005
505.0 -775.0000000000005
504.1666666666667 -773.3333333333337
504.1666666666667 -773.3333333333337
504.1666666666667 -773.3333333333337
505.0 -775.0000000000005
505.0 -775.0000000000005
503.3333333333333 -770.8333333333338
505.0 -775.0000000000005
504.1666666666667 -773.3333333333337
504.1666666666667 -773.3333333333337
505.0 -775.0000000000005
505.0 -775.0000000000005
504.1666666666667 -773.3333333333337
503.3333333333333 -770.8333333333338
505.0 -775.0000000000005
504.1666666666667 -773.3333333333337
504.1666666666667 -773.3333333333337
502.5 -769.1666666666671
502.5 -769.1666666666671
505.0 -775.0000000000005
505.0 -775.0000000000005
505.0 -775.0000000000005
502.5 -769.1666666666671
505.0 -775.0000000000005
505.0 -775.0000000000005
504.1666666666667 -773.3333333333337
503.3333333333333 -770.8333333333338
505.0 -775.0000000000005
505.0 -775.0000000000005
503.3333333333333 -770.8333333333338
503.3333333333333 -770.8333333333338
504.1666666666667 -773.3333333333337
505.0 -775.0000000000005
504.1666666666667 -773.3333333333337
503.3333333333333 -770.8333333333338
504.1666666666667 -773.3333333333337
505.0 -775.0000000000005
505.0 -775.0000000000005
504.1666666666667 -773.3333333333337
505.0 -775.0000000000005
503.3333333333333 -770.8333333333338
505.0 -775.0000000000005
505.0 -775.0000000000005
504.16666666666663 -771.6666666666672
505.0 -775.0000000000005
505.0 -775.0000000000005
503.3333333333333 -770.8333333333338
