516.6666666666667 -791.666666666667
498.3333333333333 -726.6666666666669
516.6666666666667 -791.666666666667
500.0 -758.3333333333337
499.16666666666663 -727.5000000000002
512.5 -787.5000000000005
510.00000000000006 -784.166666666667
500.8333333333333 -760.0000000000003
505.0 -775.8333333333337
501.6666666666667 -762.5000000000003
502.5 -769.1666666666671
508.33333333333337 -783.3333333333337
508.3333333333333 -780.0000000000005
514.1666666666667 -788.3333333333337
510.83333333333337 -785.8333333333337
506.6666666666667 -779.1666666666671
515.8333333333334 -790.0000000000005
514.1666666666667 -788.3333333333337
501.6666666666667 -762.5000000000003
515.8333333333334 -790.0000000000005
505.8333333333333 -777.5000000000005
510.83333333333337 -785.8333333333337
502.5 -769.1666666666671
503.3333333333333 -770.8333333333338
505.8333333333333 -777.5000000000005
504.16666666666663 -771.6666666666672
504.1666666666667 -773.3333333333337
506.6666666666667 -779.1666666666671
503.3333333333333 -770.8333333333338
504.1666666666667 -773.3333333333337
508.3333333333333 -780.0000000000005
504.16666666666663 -771.6666666666672
508.33333333333337 -783.3333333333337
516.6666666666667 -791.666666666667
514.1666666666667 -788.3333333333337
515.8333333333334 -790.0000000000005
502.5 -769.1666666666671
505.8333333333333 -777.5000000000005
506.6666666666667 -779.1666666666671
503.3333333333333 -770.8333333333338
510.83333333333337 -785.8333333333337
504.1666666666667 -773.3333333333337
504.16666666666663 -771.6666666666672
508.33333333333337 -783.3333333333337
516.6666666666667 -791.666666666667
514.1666666666667 -788.3333333333337
515.8333333333334 -790.0000000000005
502.5 -769.1666666666671
505.8333333333333 -777.5000000000005
503.3333333333333 -770.8333333333338
504.1666666666667 -773.3333333333337
504.16666666666663 -771.6666666666672
508.33333333333337 -783.3333333333337
516.6666666666667 -791.666666666667
514.1666666666667 -788.3333333333337
502.5 -769.1666666666671
505.8333333333333 -777.5000000000005
503.3333333333333 -770.8333333333338
504.1666666666667 -773.3333333333337
504.16666666666663 -771.6666666666672
508.33333333333337 -783.3333333333337
516.6666666666667 -791.666666666667
514.1666666666667 -788.3333333333337
502.5 -769.1666666666671
505.8333333333333 -777.5000000000005
503.3333333333333 -770.8333333333338
504.1666666666667 -773.3333333333337
504.16666666666663 -771.6666666666672
508.33333333333337 -783.3333333333337
516.6666666666667 -791.666666666667
514.1666666666667 -788.3333333333337
502.5 -769.1666666666671
505.8333333333333 -777.5000000000005
503.3333333333333 -770.8333333333338
504.1666666666667 -773.3333333333337
504.16666666666663 -771.6666666666672
508.33333333333337 -783.3333333333337
516.6666666666667 -791.666666666667
514.1666666666667 -788.3333333333337
502.5 -769.1666666666671
505.8333333333333 -777.5000000000005
503.3333333333333 -770.8333333333338
504.1666666666667 -773.3333333333337
504.16666666666663 -771.6666666666672
508.33333333333337 -783.3333333333337
516.6666666666667 -791.666666666667
514.1666666666667 -788.3333333333337
502.5 -769.1666666666671
505.8333333333333 -777.5000000000005
503.3333333333333 -770.8333333333338
504.1666666666667 -773.3333333333337
504.16666666666663 -771.6666666666672
508.33333333333337 -783.3333333333337
514.1666666666667 -788.3333333333337
502.5 -769.1666666666671
503.3333333333333 -770.8333333333338
504.1666666666667 -773.3333333333337
504.16666666666663 -771.6666666666672
508.33333333333337 -783.3333333333337
514.1666666666667 -788.3333333333337
502.5 -769.1666666666671
503.3333333333333 -770.8333333333338
504.1666666666667 -773.3333333333337
504.16666666666663 -771.6666666666672
508.33333333333337 -783.3333333333337
514.1666666666667 -788.3333333333337
502.5 -769.1666666666671
503.3333333333333 -770.8333333333338
504.1666666666667 -773.3333333333337
504.16666666666663 -771.6666666666672
508.33333333333337 -783.3333333333337
514.1666666666667 -788.3333333333337
502.5 -769.1666666666671
503.3333333333333 -770.8333333333338
504.1666666666667 -773.3333333333337
504.16666666666663 -771.6666666666672
514.1666666666667 -788.3333333333337
502.5 -769.1666666666671
503.3333333333333 -770.8333333333338
504.1666666666667 -773.3333333333337
504.16666666666663 -771.6666666666672
514.1666666666667 -788.3333333333337
502.5 -769.1666666666671
503.3333333333333 -770.8333333333338
504.1666666666667 -773.3333333333337
504.16666666666663 -771.6666666666672
514.1666666666667 -788.3333333333337
502.5 -769.1666666666671
503.3333333333333 -770.8333333333338
504.1666666666667 -773.3333333333337
504.16666666666663 -771.6666666666672
514.1666666666667 -788.3333333333337
502.5 -769.1666666666671
503.3333333333333 -770.8333333333338
504.1666666666667 -773.3333333333337
504.16666666666663 -771.6666666666672
514.1666666666667 -788.3333333333337
502.5 -769.1666666666671
503.3333333333333 -770.8333333333338
504.1666666666667 -773.3333333333337
504.16666666666663 -771.6666666666672
514.1666666666667 -788.3333333333337
502.5 -769.1666666666671
503.3333333333333 -770.8333333333338
504.1666666666667 -773.3333333333337
504.16666666666663 -771.6666666666672
514.1666666666667 -788.3333333333337
502.5 -769.1666666666671
503.3333333333333 -770.8333333333338
504.1666666666667 -773.3333333333337
504.16666666666663 -771.6666666666672
514.1666666666667 -788.3333333333337
502.5 -769.1666666666671
503.3333333333333 -770.8333333333338
504.1666666666667 -773.3333333333337
504.16666666666663 -771.6666666666672
502.5 -769.1666666666671
503.3333333333333 -770.8333333333338
504.1666666666667 -773.3333333333337
504.16666666666663 -771.6666666666672
502.5 -769.1666666666671
503.3333333333333 -770.8333333333338
504.1666666666667 -773.3333333333337
504.16666666666663 -771.6666666666672
502.5 -769.1666666666671
503.3333333333333 -770.8333333333338
504.1666666666667 -773.3333333333337
504.16666666666663 -771.6666666666672
502.5 -769.1666666666671
503.3333333333333 -770.8333333333338
504.1666666666667 -773.3333333333337
504.16666666666663 -771.6666666666672
502.5 -769.1666666666671
503.3333333333333 -770.8333333333338
504.1666666666667 -773.3333333333337
504.16666666666663 -771.6666666666672
504.1666666666667 -773.3333333333337
502.5 -769.1666666666671
502.5 -769.1666666666671
504.1666666666667 -773.3333333333337
505.8333333333333 -777.5000000000005
503.3333333333333 -770.8333333333338
503.3333333333333 -770.8333333333338
504.16666666666663 -771.6666666666672
503.3333333333333 -770.8333333333338
502.5 -769.1666666666671
504.1666666666667 -773.3333333333337
504.16666666666663 -771.6666666666672
504.16666666666663 -771.6666666666672
504.16666666666663 -771.6666666666672
504.16666666666663 -771.6666666666672
504.1666666666667 -773.3333333333337
505.8333333333333 -777.5000000000005
508.33333333333337 -783.3333333333337
503.3333333333333 -770.8333333333338
503.3333333333333 -770.8333333333338
504.16666666666663 -771.6666666666672
503.3333333333333 -770.8333333333338
504.16666666666663 -771.6666666666672
504.16666666666663 -771.6666666666672
