498.3333333333333 -726.6666666666669
521.6666666666667 -795.8333333333337
499.16666666666663 -727.5000000000002
500.0 -758.3333333333337
516.6666666666667 -791.6666666666671
514.1666666666667 -790.0000000000005
510.00000000000006 -784.166666666667
501.6666666666667 -762.5000000000003
500.8333333333333 -760.0000000000003
502.5 -769.1666666666671
508.33333333333337 -783.3333333333337
510.83333333333337 -785.8333333333337
512.5 -787.5000000000005
504.99999999999994 -774.1666666666672
501.6666666666667 -762.5000000000003
507.50000000000006 -781.666666666667
507.50000000000006 -781.666666666667
512.5 -787.5000000000005
500.0 -758.3333333333337
510.83333333333337 -785.8333333333337
513.3333333333334 -789.166666666667
505.0 -775.8333333333338
505.8333333333333 -777.5000000000005
504.16666666666663 -773.3333333333338
513.3333333333334 -789.166666666667
499.16666666666663 -727.5000000000002
506.6666666666667 -779.1666666666671
502.5 -769.1666666666671
505.8333333333333 -777.5000000000005
508.33333333333337 -783.3333333333337
506.66666666666663 -778.3333333333338
504.16666666666663 -773.3333333333338
503.3333333333333 -770.8333333333338
502.50000000000006 -770.0000000000005
503.33333333333337 -771.6666666666672
506.6666666666667 -779.1666666666671
505.0 -775.8333333333338
503.33333333333337 -771.6666666666672
502.50000000000006 -770.0000000000005
506.66666666666663 -778.3333333333338
503.3333333333333 -770.8333333333338
501.6666666666667 -762.5000000000003
507.50000000000006 -781.666666666667
512.5 -787.5000000000005
510.83333333333337 -785.8333333333337
513.3333333333334 -789.166666666667
502.5 -769.1666666666671
505.8333333333333 -777.5000000000005
508.33333333333337 -783.3333333333337
506.6666666666667 -779.1666666666671
505.0 -775.8333333333338
503.33333333333337 -771.6666666666672
502.50000000000006 -770.0000000000005
506.66666666666663 -778.3333333333338
503.3333333333333 -770.8333333333338
501.6666666666667 -762.5000000000003
507.50000000000006 -781.666666666667
512.5 -787.5000000000005
510.83333333333337 -785.8333333333337
513.3333333333334 -789.166666666667
502.5 -769.1666666666671
505.8333333333333 -777.5000000000005
508.33333333333337 -783.3333333333337
506.6666666666667 -779.1666666666671
503.33333333333337 -771.6666666666672
506.66666666666663 -778.3333333333338
503.3333333333333 -770.8333333333338
512.5 -787.5000000000005
510.83333333333337 -785.8333333333337
513.3333333333334 -789.166666666667
502.5 -769.1666666666671
505.8333333333333 -777.5000000000005
508.33333333333337 -783.3333333333337
506.6666666666667 -779.1666666666671
503.33333333333337 -771.6666666666672
506.66666666666663 -778.3333333333338
503.3333333333333 -770.8333333333338
502.5 -769.1666666666671
510.83333333333337 -785.8333333333337
513.3333333333334 -789.166666666667
505.8333333333333 -777.5000000000005
508.33333333333337 -783.3333333333337
506.6666666666667 -779.1666666666671
503.3333333333333 -770.8333333333338
506.66666666666663 -778.3333333333338
502.5 -769.1666666666671
510.83333333333337 -785.8333333333337
513.3333333333334 -789.166666666667
505.8333333333333 -777.5000000000005
503.3333333333333 -770.8333333333338
506.6666666666667 -779.1666666666671
506.66666666666663 -778.3333333333338
508.33333333333337 -783.3333333333337
502.5 -769.1666666666671
510.83333333333337 -785.8333333333337
513.3333333333334 -789.166666666667
505.8333333333333 -777.5000000000005
503.3333333333333 -770.8333333333338
506.6666666666667 -779.1666666666671
508.33333333333337 -783.3333333333337
502.5 -769.1666666666671
510.83333333333337 -785.8333333333337
513.3333333333334 -789.166666666667
505.8333333333333 -777.5000000000005
503.3333333333333 -770.8333333333338
506.6666666666667 -779.1666666666671
508.33333333333337 -783.3333333333337
502.5 -769.1666666666671
505.8333333333333 -777.5000000000005
506.6666666666667 -779.1666666666671
503.3333333333333 -770.8333333333338
508.33333333333337 -783.3333333333337
502.5 -769.1666666666671
505.8333333333333 -777.5000000000005
503.3333333333333 -770.8333333333338
508.33333333333337 -783.3333333333337
502.5 -769.1666666666671
505.8333333333333 -777.5000000000005
503.3333333333333 -770.8333333333338
508.33333333333337 -783.3333333333337
502.5 -769.1666666666671
505.8333333333333 -777.5000000000005
503.3333333333333 -770.8333333333338
508.33333333333337 -783.3333333333337
502.5 -769.1666666666671
505.8333333333333 -777.5000000000005
503.3333333333333 -770.8333333333338
508.33333333333337 -783.3333333333337
502.5 -769.1666666666671
505.8333333333333 -777.5000000000005
503.3333333333333 -770.8333333333338
508.33333333333337 -783.3333333333337
502.5 -769.1666666666671
505.8333333333333 -777.5000000000005
503.3333333333333 -770.8333333333338
508.33333333333337 -783.3333333333337
502.5 -769.1666666666671
505.8333333333333 -777.5000000000005
503.3333333333333 -770.8333333333338
508.33333333333337 -783.3333333333337
502.5 -769.1666666666671
503.3333333333333 -770.8333333333338
508.33333333333337 -783.3333333333337
502.5 -769.1666666666671
503.3333333333333 -770.8333333333338
508.33333333333337 -783.3333333333337
502.5 -769.1666666666671
503.3333333333333 -770.8333333333338
508.33333333333337 -783.3333333333337
502.5 -769.1666666666671
503.3333333333333 -770.8333333333338
502.5 -769.1666666666671
503.3333333333333 -770.8333333333338
502.5 -769.1666666666671
503.3333333333333 -770.8333333333338
502.5 -769.1666666666671
503.3333333333333 -770.8333333333338
502.5 -769.1666666666671
503.3333333333333 -770.8333333333338
502.5 -769.1666666666671
503.3333333333333 -770.8333333333338
502.5 -769.1666666666671
503.3333333333333 -770.8333333333338
502.5 -769.1666666666671
503.3333333333333 -770.8333333333338
502.5 -769.1666666666671
503.3333333333333 -770.8333333333338
502.5 -769.1666666666671
503.3333333333333 -770.8333333333338
502.5 -769.1666666666671
503.3333333333333 -770.8333333333338
502.5 -769.1666666666671
503.3333333333333 -770.8333333333338
502.5 -769.1666666666671
503.3333333333333 -770.8333333333338
502.5 -769.1666666666671
503.3333333333333 -770.8333333333338
502.5 -769.1666666666671
502.5 -769.1666666666671
502.5 -769.1666666666671
503.33333333333337 -771.6666666666672
502.5 -769.1666666666671
503.3333333333333 -770.8333333333338
503.33333333333337 -771.6666666666672
508.33333333333337 -783.3333333333337
505.8333333333333 -777.5000000000005
502.5 -769.1666666666671
502.5 -769.1666666666671
505.8333333333333 -777.5000000000005
502.5 -769.1666666666671
502.5 -769.1666666666671
507.50000000000006 -781.666666666667
512.5 -787.5000000000005
503.3333333333333 -770.8333333333338
502.5 -769.1666666666671
503.3333333333333 -770.8333333333338
503.3333333333333 -770.8333333333338
503.3333333333333 -770.8333333333338
502.5 -769.1666666666671
513.3333333333334 -789.166666666667
