498.3333333333333 -726.6666666666669
525.0 -797.5000000000005
499.16666666666663 -728.3333333333335
500.0 -758.3333333333337
520.0 -795.8333333333337
500.83333333333337 -766.6666666666671
500.8333333333333 -760.0000000000003
511.6666666666667 -790.8333333333337
514.1666666666667 -791.666666666667
510.83333333333337 -789.1666666666671
509.1666666666667 -786.6666666666671
516.6666666666667 -794.1666666666671
508.3333333333333 -783.3333333333337
508.33333333333337 -785.0000000000005
515.0 -792.5000000000003
516.6666666666667 -794.1666666666671
518.3333333333334 -795.0000000000003
518.3333333333334 -795.0000000000003
501.66666666666674 -769.1666666666671
509.1666666666667 -786.6666666666671
510.83333333333337 -789.1666666666671
502.50000000000006 -771.6666666666671
501.66666666666674 -769.1666666666671
503.33333333333337 -773.3333333333338
504.1666666666667 -775.8333333333337
500.0 -758.3333333333337
502.50000000000006 -771.6666666666671
504.1666666666667 -775.8333333333337
507.5 -781.666666666667
506.6666666666667 -780.8333333333338
503.33333333333337 -773.3333333333338
505.0 -777.5000000000005
515.0 -792.5000000000003
505.0 -777.5000000000005
511.6666666666667 -790.8333333333337
505.8333333333333 -778.3333333333338
505.83333333333337 -779.1666666666671
506.6666666666667 -780.8333333333338
507.5 -781.666666666667
514.1666666666667 -791.666666666667
500.83333333333337 -766.6666666666671
505.83333333333337 -779.1666666666671
500.8333333333333 -760.0000000000003
505.8333333333333 -778.3333333333338
516.6666666666667 -794.1666666666671
509.1666666666667 -786.6666666666671
501.66666666666674 -769.1666666666671
500.0 -758.3333333333337
502.50000000000006 -771.6666666666671
504.1666666666667 -775.8333333333337
503.33333333333337 -773.3333333333338
515.0 -792.5000000000003
505.0 -777.5000000000005
511.6666666666667 -790.8333333333337
506.6666666666667 -780.8333333333338
507.5 -781.666666666667
514.1666666666667 -791.666666666667
500.83333333333337 -766.6666666666671
500.8333333333333 -760.0000000000003
505.8333333333333 -778.3333333333338
516.6666666666667 -794.1666666666671
509.1666666666667 -786.6666666666671
501.66666666666674 -769.1666666666671
500.0 -758.3333333333337
502.50000000000006 -771.6666666666671
504.1666666666667 -775.8333333333337
503.33333333333337 -773.3333333333338
515.0 -792.5000000000003
505.0 -777.5000000000005
507.5 -781.666666666667
514.1666666666667 -791.666666666667
500.83333333333337 -766.6666666666671
500.8333333333333 -760.0000000000003
505.8333333333333 -778.3333333333338
501.66666666666674 -769.1666666666671
500.0 -758.3333333333337
502.50000000000006 -771.6666666666671
504.1666666666667 -775.8333333333337
503.33333333333337 -773.3333333333338
515.0 -792.5000000000003
505.0 -777.5000000000005
507.5 -781.666666666667
514.1666666666667 -791.666666666667
500.8333333333333 -760.0000000000003
505.8333333333333 -778.3333333333338
501.66666666666674 -769.1666666666671
500.0 -758.3333333333337
502.50000000000006 -771.6666666666671
504.1666666666667 -775.8333333333337
503.33333333333337 -773.3333333333338
515.0 -792.5000000000003
505.0 -777.5000000000005
507.5 -781.666666666667
500.8333333333333 -760.0000000000003
505.8333333333333 -778.3333333333338
501.66666666666674 -769.1666666666671
500.0 -758.3333333333337
502.50000000000006 -771.6666666666671
504.1666666666667 -775.8333333333337
503.33333333333337 -773.3333333333338
515.0 -792.5000000000003
505.0 -777.5000000000005
507.5 -781.666666666667
500.8333333333333 -760.0000000000003
505.8333333333333 -778.3333333333338
501.66666666666674 -769.1666666666671
500.0 -758.3333333333337
502.50000000000006 -771.6666666666671
504.1666666666667 -775.8333333333337
503.33333333333337 -773.3333333333338
515.0 -792.5000000000003
505.0 -777.5000000000005
507.5 -781.666666666667
500.8333333333333 -760.0000000000003
505.8333333333333 -778.3333333333338
501.66666666666674 -769.1666666666671
500.0 -758.3333333333337
502.50000000000006 -771.6666666666671
504.1666666666667 -775.8333333333337
503.33333333333337 -773.3333333333338
515.0 -792.5000000000003
505.0 -777.5000000000005
507.5 -781.666666666667
500.8333333333333 -760.0000000000003
505.8333333333333 -778.3333333333338
501.66666666666674 -769.1666666666671
500.0 -758.3333333333337
504.1666666666667 -775.8333333333337
503.33333333333337 -773.3333333333338
515.0 -792.5000000000003
505.0 -777.5000000000005
507.5 -781.666666666667
500.8333333333333 -760.0000000000003
505.8333333333333 -778.3333333333338
501.66666666666674 -769.1666666666671
500.0 -758.3333333333337
504.1666666666667 -775.8333333333337
503.33333333333337 -773.3333333333338
515.0 -792.5000000000003
505.0 -777.5000000000005
507.5 -781.666666666667
505.8333333333333 -778.3333333333338
503.33333333333337 -773.3333333333338
500.0 -758.3333333333337
504.1666666666667 -775.8333333333337
505.0 -777.5000000000005
507.5 -781.666666666667
501.66666666666674 -769.1666666666671
505.8333333333333 -778.3333333333338
503.33333333333337 -773.3333333333338
500.0 -758.3333333333337
505.0 -777.5000000000005
507.5 -781.666666666667
501.66666666666674 -769.1666666666671
505.8333333333333 -778.3333333333338
503.33333333333337 -773.3333333333338
500.0 -758.3333333333337
505.0 -777.5000000000005
507.5 -781.666666666667
501.66666666666674 -769.1666666666671
505.8333333333333 -778.3333333333338
500.0 -758.3333333333337
503.33333333333337 -773.3333333333338
505.0 -777.5000000000005
507.5 -781.666666666667
501.66666666666674 -769.1666666666671
505.8333333333333 -778.3333333333338
503.33333333333337 -773.3333333333338
505.0 -777.5000000000005
507.5 -781.666666666667
501.66666666666674 -769.1666666666671
505.8333333333333 -778.3333333333338
503.33333333333337 -773.3333333333338
505.0 -777.5000000000005
507.5 -781.666666666667
501.66666666666674 -769.1666666666671
505.8333333333333 -778.3333333333338
503.33333333333337 -773.3333333333338
505.0 -777.5000000000005
505.8333333333333 -778.3333333333338
501.66666666666674 -769.1666666666671
503.33333333333337 -773.3333333333338
505.0 -777.5000000000005
505.8333333333333 -778.3333333333338
501.66666666666674 -769.1666666666671
503.33333333333337 -773.3333333333338
505.8333333333333 -778.3333333333338
501.66666666666674 -769.1666666666671
503.33333333333337 -773.3333333333338
505.8333333333333 -778.3333333333338
501.66666666666674 -769.1666666666671
501.66666666666674 -769.1666666666671
501.66666666666674 -769.1666666666671
505.0 -777.5000000000005
505.0 -777.5000000000005
505.0 -777.5000000000005
505.0 -777.5000000000005
501.66666666666674 -769.1666666666671
503.33333333333337 -773.3333333333338
505.0 -777.5000000000005
