498.3333333333333 -726.6666666666669
525.0 -797.5000000000005
499.16666666666663 -728.3333333333335
500.0 -758.3333333333337
520.0 -795.8333333333337
500.83333333333337 -766.6666666666671
500.8333333333333 -760.0000000000003
511.6666666666667 -790.8333333333337
509.1666666666667 -786.6666666666671
508.3333333333333 -783.3333333333337
508.33333333333337 -785.0000000000005
509.1666666666667 -786.6666666666671
502.50000000000006 -771.6666666666671
504.1666666666667 -775.8333333333337
500.0 -758.3333333333337
502.50000000000006 -771.6666666666671
504.1666666666667 -775.8333333333337
507.5 -781.666666666667
506.6666666666667 -780.8333333333338
511.6666666666667 -790.8333333333337
505.83333333333337 -779.1666666666671
506.6666666666667 -780.8333333333338
507.5 -781.666666666667
500.83333333333337 -766.6666666666671
505.83333333333337 -779.1666666666671
500.8333333333333 -760.0000000000003
509.1666666666667 -786.6666666666671
500.0 -758.3333333333337
502.50000000000006 -771.6666666666671
504.1666666666667 -775.8333333333337
511.6666666666667 -790.8333333333337
506.6666666666667 -780.8333333333338
507.5 -781.666666666667
500.83333333333337 -766.6666666666671
500.8333333333333 -760.0000000000003
509.1666666666667 -786.6666666666671
500.0 -758.3333333333337
502.50000000000006 -771.6666666666671
504.1666666666667 -775.8333333333337
507.5 -781.666666666667
500.83333333333337 -766.6666666666671
500.8333333333333 -760.0000000000003
500.0 -758.3333333333337
502.50000000000006 -771.6666666666671
504.1666666666667 -775.8333333333337
507.5 -781.666666666667
500.8333333333333 -760.0000000000003
500.0 -758.3333333333337
502.50000000000006 -771.6666666666671
504.1666666666667 -775.8333333333337
507.5 -781.666666666667
500.8333333333333 -760.0000000000003
500.0 -758.3333333333337
502.50000000000006 -771.6666666666671
504.1666666666667 -775.8333333333337
507.5 -781.666666666667
500.8333333333333 -760.0000000000003
500.0 -758.3333333333337
502.50000000000006 -771.6666666666671
504.1666666666667 -775.8333333333337
507.5 -781.666666666667
500.8333333333333 -760.0000000000003
500.0 -758.3333333333337
502.50000000000006 -771.6666666666671
504.1666666666667 -775.8333333333337
507.5 -781.666666666667
500.8333333333333 -760.0000000000003
500.0 -758.3333333333337
504.1666666666667 -775.8333333333337
507.5 -781.666666666667
500.8333333333333 -760.0000000000003
500.0 -758.3333333333337
504.1666666666667 -775.8333333333337
507.5 -781.666666666667
500.0 -758.3333333333337
504.1666666666667 -775.8333333333337
507.5 -781.666666666667
500.0 -758.3333333333337
507.5 -781.666666666667
500.0 -758.3333333333337
507.5 -781.666666666667
500.0 -758.3333333333337
507.5 -781.666666666667
507.5 -781.666666666667
507.5 -781.666666666667
504.99999999999994 -775.8333333333338
502.50000000000006 -771.6666666666671
500.8333333333333 -760.0000000000003
507.5 -781.666666666667
507.5 -781.666666666667
504.1666666666667 -775.8333333333337
500.0 -758.3333333333337
500.0 -758.3333333333337
507.5 -781.666666666667
504.1666666666667 -775.8333333333337
500.8333333333333 -760.0000000000003
503.33333333333337 -774.166666666667
502.50000000000006 -771.6666666666671
505.0 -778.3333333333336
511.6666666666667 -790.8333333333337
504.1666666666667 -775.8333333333337
510.83333333333337 -790.0000000000005
504.1666666666667 -775.8333333333337
500.0 -758.3333333333337
500.8333333333333 -760.0000000000003
504.1666666666667 -775.8333333333337
501.6666666666667 -769.1666666666671
507.5 -781.666666666667
504.1666666666667 -775.8333333333337
502.50000000000006 -771.6666666666671
500.8333333333333 -760.0000000000003
508.33333333333337 -785.0000000000005
502.50000000000006 -771.6666666666671
500.8333333333333 -760.0000000000003
502.50000000000006 -771.6666666666671
504.1666666666667 -775.8333333333337
504.1666666666667 -775.8333333333337
502.5 -770.8333333333338
504.99999999999994 -775.8333333333338
500.8333333333333 -760.0000000000003
516.6666666666667 -795.0000000000005
504.16666666666663 -775.0000000000005
507.5 -781.666666666667
507.5 -781.666666666667
507.5 -781.666666666667
502.50000000000006 -771.6666666666671
502.5 -770.8333333333338
505.8333333333333 -779.166666666667
503.33333333333337 -774.166666666667
504.1666666666667 -775.8333333333337
507.5 -781.666666666667
504.1666666666667 -775.8333333333337
501.66666666666674 -770.0000000000003
502.5 -770.8333333333338
500.8333333333333 -760.0000000000003
500.8333333333333 -760.0000000000003
507.5 -781.666666666667
507.5 -781.666666666667
504.1666666666667 -775.8333333333337
500.0 -758.3333333333337
500.8333333333333 -760.0000000000003
500.8333333333333 -760.0000000000003
500.8333333333333 -760.0000000000003
507.5 -781.666666666667
504.16666666666663 -775.0000000000005
502.5 -770.8333333333338
502.50000000000006 -771.6666666666671
507.5 -781.666666666667
504.1666666666667 -775.8333333333337
504.1666666666667 -775.8333333333337
503.33333333333337 -774.166666666667
500.8333333333333 -760.0000000000003
500.0 -758.3333333333337
504.16666666666663 -775.0000000000005
502.50000000000006 -771.6666666666671
500.8333333333333 -760.0000000000003
504.16666666666663 -775.0000000000005
504.16666666666663 -775.0000000000005
506.6666666666667 -780.8333333333338
500.0 -758.3333333333337
500.8333333333333 -760.0000000000003
507.5 -781.666666666667
502.50000000000006 -771.6666666666671
520.0 -795.8333333333337
513.3333333333334 -793.3333333333338
504.1666666666667 -775.8333333333337
502.50000000000006 -771.6666666666671
504.1666666666667 -775.8333333333337
502.5 -770.8333333333338
