498.3333333333333 -726.6666666666669
516.6666666666667 -797.5000000000005
499.16666666666663 -755.8333333333337
503.3333333333333 -777.5000000000005
499.16666666666663 -755.8333333333337
500.8333333333333 -771.666666666667
502.49999999999994 -774.1666666666671
500.00000000000006 -770.0000000000003
500.0 -767.5000000000003
501.6666666666667 -774.166666666667
505.0 -779.1666666666671
501.6666666666667 -774.166666666667
500.0 -767.5000000000003
505.0 -779.1666666666671
499.16666666666663 -755.8333333333337
500.0 -767.5000000000003
505.0 -779.1666666666671
499.16666666666663 -755.8333333333337
500.0 -767.5000000000003
499.16666666666663 -755.8333333333337
499.16666666666663 -755.8333333333337
499.16666666666663 -755.8333333333337
499.16666666666663 -755.8333333333337
499.16666666666663 -755.8333333333337
499.16666666666663 -755.8333333333337
509.1666666666667 -790.8333333333337
505.0 -779.1666666666671
505.8333333333333 -781.666666666667
503.3333333333333 -777.5000000000005
500.0 -767.5000000000003
500.0 -767.5000000000003
500.00000000000006 -770.0000000000003
507.5 -786.6666666666671
499.1666666666667 -765.8333333333338
499.16666666666663 -755.8333333333337
499.16666666666663 -755.8333333333337
506.6666666666667 -785.0000000000003
504.1666666666667 -778.3333333333337
500.00000000000006 -770.0000000000003
509.1666666666667 -790.8333333333337
501.66666666666663 -773.3333333333337
510.83333333333337 -794.1666666666671
509.1666666666667 -790.8333333333337
511.6666666666667 -795.0000000000005
