498.3333333333333 -726.6666666666669
499.16666666666663 -755.8333333333337
503.3333333333333 -777.5000000000005
499.16666666666663 -755.8333333333337
500.8333333333333 -771.666666666667
502.49999999999994 -774.1666666666671
500.00000000000006 -770.0000000000003
501.6666666666667 -774.166666666667
501.6666666666667 -774.166666666667
499.16666666666663 -755.8333333333337
499.16666666666663 -755.8333333333337
499.16666666666663 -755.8333333333337
499.16666666666663 -755.8333333333337
499.16666666666663 -755.8333333333337
499.16666666666663 -755.8333333333337
499.16666666666663 -755.8333333333337
499.16666666666663 -755.8333333333337
509.1666666666667 -790.8333333333337
503.3333333333333 -777.5000000000005
500.00000000000006 -770.0000000000003
507.5 -786.6666666666671
499.16666666666663 -755.8333333333337
499.16666666666663 -755.8333333333337
506.6666666666667 -785.0000000000003
504.1666666666667 -778.3333333333337
500.00000000000006 -770.0000000000003
509.1666666666667 -790.8333333333337
501.66666666666663 -773.3333333333337
510.83333333333337 -794.1666666666671
509.1666666666667 -790.8333333333337
511.6666666666667 -795.0000000000005
502.5 -775.8333333333337
508.33333333333337 -789.166666666667
504.99999999999994 -779.166666666667
509.1666666666667 -790.8333333333337
504.99999999999994 -779.166666666667
503.3333333333333 -777.5000000000005
506.6666666666667 -785.0000000000003
506.6666666666667 -785.0000000000003
502.5 -775.8333333333337
499.16666666666663 -755.8333333333337
511.6666666666667 -795.0000000000005
505.8333333333333 -782.5000000000003
506.6666666666667 -785.0000000000003
509.1666666666667 -790.8333333333337
513.3333333333334 -798.3333333333338
508.33333333333337 -789.166666666667
503.3333333333333 -777.5000000000005
508.3333333333333 -788.3333333333337
508.33333333333337 -789.166666666667
515.8333333333334 -799.166666666667
505.0 -780.0000000000005
508.33333333333337 -789.166666666667
500.0 -768.3333333333338
510.0 -790.8333333333338
511.6666666666667 -795.0000000000005
508.33333333333337 -789.166666666667
508.33333333333337 -789.166666666667
501.6666666666667 -774.166666666667
510.00000000000006 -792.5000000000005
508.33333333333337 -789.166666666667
511.6666666666667 -795.0000000000005
513.3333333333334 -798.3333333333338
504.99999999999994 -779.166666666667
509.1666666666667 -790.8333333333337
508.33333333333337 -789.166666666667
508.33333333333337 -789.166666666667
508.3333333333333 -788.3333333333337
510.83333333333337 -794.1666666666671
502.5 -775.8333333333337
504.1666666666667 -778.3333333333337
500.00000000000006 -770.0000000000003
506.6666666666667 -785.0000000000003
510.00000000000006 -792.5000000000005
511.6666666666667 -795.0000000000005
515.8333333333334 -799.166666666667
508.33333333333337 -789.166666666667
503.3333333333333 -777.5000000000005
508.33333333333337 -789.166666666667
515.8333333333334 -799.166666666667
501.6666666666667 -774.166666666667
509.1666666666667 -790.8333333333337
508.3333333333333 -788.3333333333337
513.3333333333334 -798.3333333333338
509.1666666666667 -790.8333333333337
513.3333333333334 -798.3333333333338
509.1666666666667 -790.8333333333337
500.8333333333333 -771.666666666667
508.33333333333337 -789.166666666667
507.5 -786.6666666666671
513.3333333333334 -798.3333333333338
499.1666666666667 -767.5000000000003
511.6666666666667 -795.0000000000005
509.1666666666667 -790.8333333333337
500.0 -768.3333333333338
511.6666666666667 -795.0000000000005
499.1666666666667 -767.5000000000003
509.1666666666667 -790.8333333333337
