498.3333333333333 -726.6666666666669
516.6666666666667 -802.5000000000005
516.6666666666667 -802.5000000000005
499.16666666666663 -760.8333333333337
510.8333333333333 -797.5000000000003
499.1666666666667 -770.8333333333337
503.3333333333333 -781.666666666667
513.3333333333334 -800.8333333333337
505.8333333333333 -783.3333333333337
515.8333333333333 -801.6666666666671
512.5 -799.1666666666671
509.1666666666667 -793.3333333333336
508.3333333333333 -791.6666666666671
510.0 -795.8333333333337
507.5 -789.1666666666671
506.6666666666667 -787.5000000000003
506.66666666666663 -785.0000000000003
512.5 -799.1666666666671
503.3333333333333 -781.666666666667
501.6666666666667 -778.3333333333337
507.5 -789.1666666666671
510.0 -795.8333333333337
500.83333333333337 -775.8333333333337
502.5 -780.0000000000003
502.5 -780.0000000000003
508.3333333333333 -791.6666666666671
509.1666666666667 -793.3333333333336
501.66666666666663 -776.666666666667
513.3333333333334 -800.8333333333337
515.8333333333334 -802.5000000000003
500.0 -772.5000000000003
500.8333333333333 -775.0000000000003
500.00000000000006 -773.3333333333337
505.83333333333337 -784.1666666666671
506.6666666666667 -787.5000000000003
505.8333333333333 -783.3333333333337
499.1666666666667 -770.8333333333337
501.6666666666667 -778.3333333333337
500.00000000000006 -773.3333333333337
500.0 -772.5000000000003
500.8333333333333 -775.0000000000003
515.8333333333333 -801.6666666666671
505.83333333333337 -784.1666666666671
501.66666666666663 -776.666666666667
506.66666666666663 -785.0000000000003
515.8333333333334 -802.5000000000003
516.6666666666667 -802.5000000000005
512.5 -799.1666666666671
507.5 -789.1666666666671
510.0 -795.8333333333337
508.3333333333333 -791.6666666666671
509.1666666666667 -793.3333333333336
506.6666666666667 -787.5000000000003
505.8333333333333 -783.3333333333337
499.1666666666667 -770.8333333333337
500.00000000000006 -773.3333333333337
500.0 -772.5000000000003
500.8333333333333 -775.0000000000003
515.8333333333333 -801.6666666666671
505.83333333333337 -784.1666666666671
501.66666666666663 -776.666666666667
506.66666666666663 -785.0000000000003
516.6666666666667 -802.5000000000005
512.5 -799.1666666666671
508.3333333333333 -791.6666666666671
509.1666666666667 -793.3333333333336
515.8333333333333 -801.6666666666671
506.6666666666667 -787.5000000000003
505.8333333333333 -783.3333333333337
499.1666666666667 -770.8333333333337
500.00000000000006 -773.3333333333337
500.0 -772.5000000000003
500.8333333333333 -775.0000000000003
505.83333333333337 -784.1666666666671
506.66666666666663 -785.0000000000003
516.6666666666667 -802.5000000000005
515.8333333333333 -801.6666666666671
508.3333333333333 -791.6666666666671
509.1666666666667 -793.3333333333336
512.5 -799.1666666666671
506.6666666666667 -787.5000000000003
505.8333333333333 -783.3333333333337
499.1666666666667 -770.8333333333337
500.00000000000006 -773.3333333333337
500.8333333333333 -775.0000000000003
500.0 -772.5000000000003
505.83333333333337 -784.1666666666671
506.66666666666663 -785.0000000000003
516.6666666666667 -802.5000000000005
515.8333333333333 -801.6666666666671
508.3333333333333 -791.6666666666671
509.1666666666667 -793.3333333333336
512.5 -799.1666666666671
506.6666666666667 -787.5000000000003
505.8333333333333 -783.3333333333337
499.1666666666667 -770.8333333333337
500.00000000000006 -773.3333333333337
500.8333333333333 -775.0000000000003
505.83333333333337 -784.1666666666671
506.66666666666663 -785.0000000000003
516.6666666666667 -802.5000000000005
509.1666666666667 -793.3333333333336
512.5 -799.1666666666671
506.6666666666667 -787.5000000000003
505.8333333333333 -783.3333333333337
500.00000000000006 -773.3333333333337
505.83333333333337 -784.1666666666671
506.66666666666663 -785.0000000000003
516.6666666666667 -802.5000000000005
509.1666666666667 -793.3333333333336
512.5 -799.1666666666671
506.6666666666667 -787.5000000000003
505.8333333333333 -783.3333333333337
500.00000000000006 -773.3333333333337
505.83333333333337 -784.1666666666671
506.66666666666663 -785.0000000000003
516.6666666666667 -802.5000000000005
509.1666666666667 -793.3333333333336
512.5 -799.1666666666671
506.6666666666667 -787.5000000000003
505.8333333333333 -783.3333333333337
505.83333333333337 -784.1666666666671
506.66666666666663 -785.0000000000003
516.6666666666667 -802.5000000000005
509.1666666666667 -793.3333333333336
512.5 -799.1666666666671
506.6666666666667 -787.5000000000003
505.8333333333333 -783.3333333333337
505.83333333333337 -784.1666666666671
506.66666666666663 -785.0000000000003
512.5 -799.1666666666671
506.6666666666667 -787.5000000000003
505.8333333333333 -783.3333333333337
506.66666666666663 -785.0000000000003
512.5 -799.1666666666671
505.8333333333333 -783.3333333333337
506.6666666666667 -787.5000000000003
506.66666666666663 -785.0000000000003
512.5 -799.1666666666671
505.8333333333333 -783.3333333333337
506.6666666666667 -787.5000000000003
506.66666666666663 -785.0000000000003
512.5 -799.1666666666671
505.8333333333333 -783.3333333333337
506.6666666666667 -787.5000000000003
506.66666666666663 -785.0000000000003
512.5 -799.1666666666671
505.8333333333333 -783.3333333333337
506.6666666666667 -787.5000000000003
506.66666666666663 -785.0000000000003
512.5 -799.1666666666671
505.8333333333333 -783.3333333333337
506.6666666666667 -787.5000000000003
506.66666666666663 -785.0000000000003
512.5 -799.1666666666671
505.8333333333333 -783.3333333333337
506.66666666666663 -785.0000000000003
512.5 -799.1666666666671
505.8333333333333 -783.3333333333337
506.66666666666663 -785.0000000000003
512.5 -799.1666666666671
505.8333333333333 -783.3333333333337
506.66666666666663 -785.0000000000003
512.5 -799.1666666666671
505.8333333333333 -783.3333333333337
506.66666666666663 -785.0000000000003
505.8333333333333 -783.3333333333337
506.66666666666663 -785.0000000000003
506.66666666666663 -785.0000000000003
506.66666666666663 -785.0000000000003
506.66666666666663 -785.0000000000003
506.66666666666663 -785.0000000000003
506.66666666666663 -785.0000000000003
506.66666666666663 -785.0000000000003
506.66666666666663 -785.0000000000003
506.66666666666663 -785.0000000000003
506.66666666666663 -785.0000000000003
506.66666666666663 -785.0000000000003
506.66666666666663 -785.0000000000003
506.66666666666663 -785.0000000000003
506.66666666666663 -785.0000000000003
506.66666666666663 -785.0000000000003
506.66666666666663 -785.0000000000003
505.8333333333333 -783.3333333333337
506.66666666666663 -785.0000000000003
506.66666666666663 -785.0000000000003
506.66666666666663 -785.0000000000003
506.66666666666663 -785.0000000000003
505.8333333333333 -783.3333333333337
506.66666666666663 -785.0000000000003
505.8333333333333 -783.3333333333337
505.8333333333333 -783.3333333333337
505.8333333333333 -783.3333333333337
505.8333333333333 -783.3333333333337
505.8333333333333 -783.3333333333337
505.8333333333333 -783.3333333333337
506.66666666666663 -785.0000000000003
505.8333333333333 -783.3333333333337
506.66666666666663 -785.0000000000003
505.8333333333333 -783.3333333333337
