498.3333333333333 -726.6666666666669
518.3333333333334 -808.3333333333337
499.16666666666663 -761.666666666667
499.1666666666667 -771.666666666667
517.5 -806.6666666666671
515.0 -805.8333333333337
508.3333333333333 -793.3333333333336
513.3333333333333 -803.3333333333336
509.16666666666663 -795.0000000000003
512.5 -800.8333333333337
507.49999999999994 -790.8333333333336
510.8333333333333 -799.166666666667
501.66666666666663 -777.5000000000003
501.6666666666667 -780.0000000000003
514.1666666666666 -804.1666666666671
505.8333333333333 -788.3333333333336
511.66666666666663 -800.8333333333336
510.8333333333333 -799.166666666667
504.99999999999994 -786.666666666667
504.16666666666663 -785.8333333333336
505.8333333333333 -788.3333333333336
506.66666666666663 -790.0000000000002
503.3333333333333 -784.166666666667
500.00000000000006 -775.0000000000003
503.33333333333326 -782.5000000000003
514.1666666666666 -804.1666666666671
515.0 -805.8333333333337
517.5 -806.6666666666671
507.49999999999994 -790.8333333333336
504.99999999999994 -786.666666666667
506.66666666666663 -790.0000000000002
504.16666666666663 -785.8333333333336
509.99999999999994 -795.8333333333336
510.0 -796.666666666667
502.49999999999994 -780.8333333333336
500.8333333333333 -775.8333333333336
500.83333333333337 -776.666666666667
502.5 -781.666666666667
499.99999999999994 -772.5000000000003
511.66666666666663 -800.8333333333336
512.5 -800.8333333333337
510.0 -796.666666666667
500.0 -773.3333333333336
503.3333333333333 -784.166666666667
499.1666666666667 -771.666666666667
500.83333333333337 -776.666666666667
502.5 -781.666666666667
501.66666666666663 -777.5000000000003
499.99999999999994 -772.5000000000003
503.33333333333326 -782.5000000000003
501.6666666666667 -780.0000000000003
500.00000000000006 -775.0000000000003
500.8333333333333 -775.8333333333336
509.99999999999994 -795.8333333333336
500.0 -773.3333333333336
502.49999999999994 -780.8333333333336
510.8333333333333 -799.166666666667
505.8333333333333 -788.3333333333336
514.1666666666666 -804.1666666666671
504.99999999999994 -786.666666666667
507.49999999999994 -790.8333333333336
517.5 -806.6666666666671
506.66666666666663 -790.0000000000002
504.16666666666663 -785.8333333333336
512.5 -800.8333333333337
510.0 -796.666666666667
503.3333333333333 -784.166666666667
499.1666666666667 -771.666666666667
500.83333333333337 -776.666666666667
502.5 -781.666666666667
501.66666666666663 -777.5000000000003
499.99999999999994 -772.5000000000003
503.33333333333326 -782.5000000000003
501.6666666666667 -780.0000000000003
500.00000000000006 -775.0000000000003
500.0 -773.3333333333336
509.99999999999994 -795.8333333333336
500.8333333333333 -775.8333333333336
502.49999999999994 -780.8333333333336
510.8333333333333 -799.166666666667
505.8333333333333 -788.3333333333336
514.1666666666666 -804.1666666666671
517.5 -806.6666666666671
504.99999999999994 -786.666666666667
507.49999999999994 -790.8333333333336
504.16666666666663 -785.8333333333336
506.66666666666663 -790.0000000000002
512.5 -800.8333333333337
510.0 -796.666666666667
503.3333333333333 -784.166666666667
509.99999999999994 -795.8333333333336
499.1666666666667 -771.666666666667
500.83333333333337 -776.666666666667
502.5 -781.666666666667
501.66666666666663 -777.5000000000003
499.99999999999994 -772.5000000000003
503.33333333333326 -782.5000000000003
501.6666666666667 -780.0000000000003
500.00000000000006 -775.0000000000003
500.0 -773.3333333333336
502.49999999999994 -780.8333333333336
500.8333333333333 -775.8333333333336
510.8333333333333 -799.166666666667
505.8333333333333 -788.3333333333336
514.1666666666666 -804.1666666666671
517.5 -806.6666666666671
504.99999999999994 -786.666666666667
507.49999999999994 -790.8333333333336
504.16666666666663 -785.8333333333336
506.66666666666663 -790.0000000000002
512.5 -800.8333333333337
510.0 -796.666666666667
503.3333333333333 -784.166666666667
509.99999999999994 -795.8333333333336
499.1666666666667 -771.666666666667
500.83333333333337 -776.666666666667
502.5 -781.666666666667
501.66666666666663 -777.5000000000003
499.99999999999994 -772.5000000000003
503.33333333333326 -782.5000000000003
501.6666666666667 -780.0000000000003
500.00000000000006 -775.0000000000003
502.49999999999994 -780.8333333333336
500.8333333333333 -775.8333333333336
500.0 -773.3333333333336
514.1666666666666 -804.1666666666671
505.8333333333333 -788.3333333333336
517.5 -806.6666666666671
507.49999999999994 -790.8333333333336
504.99999999999994 -786.666666666667
504.16666666666663 -785.8333333333336
506.66666666666663 -790.0000000000002
512.5 -800.8333333333337
510.0 -796.666666666667
503.3333333333333 -784.166666666667
509.99999999999994 -795.8333333333336
499.1666666666667 -771.666666666667
500.83333333333337 -776.666666666667
502.5 -781.666666666667
499.99999999999994 -772.5000000000003
501.66666666666663 -777.5000000000003
503.33333333333326 -782.5000000000003
501.6666666666667 -780.0000000000003
500.00000000000006 -775.0000000000003
500.8333333333333 -775.8333333333336
502.49999999999994 -780.8333333333336
500.0 -773.3333333333336
514.1666666666666 -804.1666666666671
505.8333333333333 -788.3333333333336
507.49999999999994 -790.8333333333336
517.5 -806.6666666666671
504.99999999999994 -786.666666666667
506.66666666666663 -790.0000000000002
504.16666666666663 -785.8333333333336
512.5 -800.8333333333337
510.0 -796.666666666667
503.3333333333333 -784.166666666667
509.99999999999994 -795.8333333333336
499.1666666666667 -771.666666666667
500.83333333333337 -776.666666666667
502.5 -781.666666666667
499.99999999999994 -772.5000000000003
503.33333333333326 -782.5000000000003
501.66666666666663 -777.5000000000003
501.6666666666667 -780.0000000000003
500.00000000000006 -775.0000000000003
500.8333333333333 -775.8333333333336
500.0 -773.3333333333336
502.49999999999994 -780.8333333333336
514.1666666666666 -804.1666666666671
505.8333333333333 -788.3333333333336
504.99999999999994 -786.666666666667
507.49999999999994 -790.8333333333336
517.5 -806.6666666666671
506.66666666666663 -790.0000000000002
504.16666666666663 -785.8333333333336
512.5 -800.8333333333337
510.0 -796.666666666667
503.3333333333333 -784.166666666667
509.99999999999994 -795.8333333333336
499.1666666666667 -771.666666666667
502.5 -781.666666666667
500.83333333333337 -776.666666666667
501.66666666666663 -777.5000000000003
499.99999999999994 -772.5000000000003
503.33333333333326 -782.5000000000003
501.6666666666667 -780.0000000000003
500.00000000000006 -775.0000000000003
500.8333333333333 -775.8333333333336
502.49999999999994 -780.8333333333336
500.0 -773.3333333333336
517.5 -806.6666666666671
505.8333333333333 -788.3333333333336
507.49999999999994 -790.8333333333336
504.99999999999994 -786.666666666667
514.1666666666666 -804.1666666666671
504.16666666666663 -785.8333333333336
506.66666666666663 -790.0000000000002
503.3333333333333 -784.166666666667
509.99999999999994 -795.8333333333336
