498.3333333333333 -726.6666666666669
522.5 -811.666666666667
522.5 -811.666666666667
499.16666666666663 -765.0000000000001
518.3333333333334 -810.8333333333337
510.0 -803.3333333333336
512.5 -807.5000000000002
507.49999999999994 -798.3333333333336
499.16666666666663 -765.0000000000001
515.0 -809.166666666667
515.0 -809.166666666667
505.83333333333326 -794.166666666667
504.16666666666663 -792.5000000000001
505.8333333333333 -795.0000000000001
504.16666666666663 -792.5000000000001
502.49999999999994 -788.3333333333335
502.49999999999994 -788.3333333333335
505.8333333333333 -795.0000000000001
504.16666666666663 -792.5000000000001
502.49999999999994 -788.3333333333335
504.16666666666663 -792.5000000000001
502.49999999999994 -788.3333333333335
504.16666666666663 -792.5000000000001
504.16666666666663 -792.5000000000001
504.16666666666663 -792.5000000000001
502.49999999999994 -788.3333333333335
504.16666666666663 -792.5000000000001
499.99999999999994 -777.5000000000002
500.83333333333326 -779.166666666667
502.49999999999994 -788.3333333333335
499.1666666666667 -776.666666666667
507.49999999999994 -798.3333333333336
502.49999999999994 -788.3333333333335
502.49999999999994 -788.3333333333335
504.16666666666663 -792.5000000000001
502.49999999999994 -788.3333333333335
504.16666666666663 -792.5000000000001
502.49999999999994 -788.3333333333335
500.0 -778.3333333333336
502.49999999999994 -788.3333333333335
506.66666666666663 -797.5000000000001
505.8333333333333 -795.0000000000001
504.99999999999994 -794.1666666666669
507.49999999999994 -798.3333333333336
518.3333333333334 -810.8333333333337
513.3333333333334 -808.3333333333336
499.99999999999994 -777.5000000000002
504.16666666666663 -792.5000000000001
499.99999999999994 -777.5000000000002
505.8333333333333 -795.0000000000001
502.49999999999994 -788.3333333333335
499.99999999999994 -777.5000000000002
510.0 -803.3333333333336
499.1666666666667 -776.666666666667
502.49999999999994 -788.3333333333335
503.3333333333333 -791.6666666666669
509.1666666666667 -801.6666666666669
505.8333333333333 -795.0000000000001
507.49999999999994 -798.3333333333336
499.1666666666667 -776.666666666667
500.0 -778.3333333333336
499.99999999999994 -777.5000000000002
504.16666666666663 -792.5000000000001
500.8333333333333 -780.8333333333336
499.99999999999994 -777.5000000000002
512.5 -807.5000000000002
505.8333333333333 -795.0000000000001
504.99999999999994 -794.1666666666669
506.66666666666663 -797.5000000000001
500.8333333333333 -780.8333333333336
506.66666666666663 -797.5000000000001
501.66666666666663 -787.5000000000002
499.1666666666667 -776.666666666667
504.16666666666663 -792.5000000000001
507.49999999999994 -798.3333333333336
499.99999999999994 -777.5000000000002
506.66666666666663 -797.5000000000001
502.49999999999994 -788.3333333333335
507.49999999999994 -798.3333333333336
502.49999999999994 -788.3333333333335
505.83333333333326 -794.166666666667
504.16666666666663 -792.5000000000001
502.5 -790.0000000000001
504.16666666666663 -792.5000000000001
502.49999999999994 -788.3333333333335
502.49999999999994 -788.3333333333335
503.3333333333333 -791.6666666666669
503.3333333333333 -791.6666666666669
501.66666666666663 -787.5000000000002
502.49999999999994 -788.3333333333335
501.66666666666663 -787.5000000000002
500.8333333333333 -780.8333333333336
502.49999999999994 -788.3333333333335
500.83333333333337 -786.6666666666669
504.99999999999994 -794.1666666666669
502.49999999999994 -788.3333333333335
505.83333333333326 -794.166666666667
503.3333333333333 -791.6666666666669
506.66666666666663 -797.5000000000001
505.83333333333326 -794.166666666667
502.49999999999994 -788.3333333333335
505.83333333333326 -794.166666666667
500.83333333333326 -779.166666666667
502.49999999999994 -788.3333333333335
505.83333333333326 -794.166666666667
500.8333333333333 -780.8333333333336
501.66666666666663 -787.5000000000002
499.1666666666667 -776.666666666667
502.49999999999994 -788.3333333333335
506.66666666666663 -797.5000000000001
505.8333333333333 -795.0000000000001
503.3333333333333 -791.6666666666669
504.99999999999994 -794.1666666666669
501.66666666666663 -787.5000000000002
502.49999999999994 -788.3333333333335
505.8333333333333 -795.0000000000001
504.99999999999994 -794.1666666666669
504.16666666666663 -792.5000000000001
504.16666666666663 -792.5000000000001
503.3333333333333 -791.6666666666669
499.99999999999994 -777.5000000000002
504.16666666666663 -792.5000000000001
499.1666666666667 -776.666666666667
505.83333333333326 -794.166666666667
501.66666666666663 -787.5000000000002
502.5 -790.0000000000001
505.83333333333326 -794.166666666667
502.49999999999994 -788.3333333333335
504.16666666666663 -792.5000000000001
504.16666666666663 -792.5000000000001
503.3333333333333 -791.6666666666669
502.49999999999994 -788.3333333333335
503.33333333333326 -790.8333333333336
