498.3333333333333 -726.6666666666669
521.6666666666667 -814.166666666667
499.16666666666663 -765.8333333333335
513.3333333333333 -810.8333333333336
518.3333333333334 -813.3333333333336
499.16666666666663 -765.8333333333335
499.1666666666667 -776.666666666667
516.6666666666667 -810.8333333333337
520.8333333333333 -813.3333333333337
500.83333333333326 -779.166666666667
511.66666666666663 -805.8333333333337
510.0 -804.166666666667
500.8333333333333 -785.0000000000002
511.6666666666667 -806.6666666666669
512.5 -808.3333333333336
501.6666666666667 -789.1666666666669
509.16666666666663 -801.666666666667
510.0 -804.166666666667
503.33333333333326 -791.6666666666669
504.1666666666666 -793.3333333333336
505.83333333333326 -795.0000000000003
507.49999999999994 -799.166666666667
508.3333333333333 -800.8333333333336
512.5 -808.3333333333336
506.6666666666666 -797.5000000000003
517.5 -811.666666666667
501.66666666666663 -787.5000000000002
505.8333333333333 -796.666666666667
500.83333333333337 -786.6666666666669
507.49999999999994 -799.166666666667
508.3333333333333 -800.8333333333336
517.5 -811.666666666667
504.16666666666663 -794.166666666667
509.1666666666667 -802.5000000000002
504.99999999999994 -795.0000000000002
499.99999999999994 -777.5000000000002
500.0 -778.3333333333336
503.3333333333333 -792.5000000000002
506.66666666666663 -798.3333333333335
502.49999999999994 -790.0000000000002
502.5 -790.8333333333335
504.99999999999994 -795.0000000000002
516.6666666666667 -810.8333333333337
509.1666666666667 -802.5000000000002
506.66666666666663 -798.3333333333335
500.83333333333337 -786.6666666666669
505.8333333333333 -796.666666666667
500.0 -778.3333333333336
503.3333333333333 -792.5000000000002
502.5 -790.8333333333335
502.49999999999994 -790.0000000000002
500.83333333333326 -779.166666666667
501.66666666666663 -787.5000000000002
499.1666666666667 -776.666666666667
504.16666666666663 -794.166666666667
499.99999999999994 -777.5000000000002
505.83333333333326 -795.0000000000003
510.0 -804.166666666667
512.5 -808.3333333333336
507.49999999999994 -799.166666666667
508.3333333333333 -800.8333333333336
517.5 -811.666666666667
504.99999999999994 -795.0000000000002
516.6666666666667 -810.8333333333337
506.66666666666663 -798.3333333333335
500.83333333333337 -786.6666666666669
505.8333333333333 -796.666666666667
500.0 -778.3333333333336
503.3333333333333 -792.5000000000002
502.5 -790.8333333333335
500.83333333333326 -779.166666666667
501.66666666666663 -787.5000000000002
499.1666666666667 -776.666666666667
504.16666666666663 -794.166666666667
499.99999999999994 -777.5000000000002
505.83333333333326 -795.0000000000003
510.0 -804.166666666667
512.5 -808.3333333333336
507.49999999999994 -799.166666666667
508.3333333333333 -800.8333333333336
504.99999999999994 -795.0000000000002
516.6666666666667 -810.8333333333337
506.66666666666663 -798.3333333333335
500.83333333333337 -786.6666666666669
505.8333333333333 -796.666666666667
503.3333333333333 -792.5000000000002
500.0 -778.3333333333336
502.5 -790.8333333333335
500.83333333333326 -779.166666666667
501.66666666666663 -787.5000000000002
499.1666666666667 -776.666666666667
504.16666666666663 -794.166666666667
499.99999999999994 -777.5000000000002
505.83333333333326 -795.0000000000003
510.0 -804.166666666667
512.5 -808.3333333333336
507.49999999999994 -799.166666666667
506.66666666666663 -798.3333333333335
508.3333333333333 -800.8333333333336
504.99999999999994 -795.0000000000002
505.8333333333333 -796.666666666667
500.83333333333337 -786.6666666666669
503.3333333333333 -792.5000000000002
500.0 -778.3333333333336
502.5 -790.8333333333335
501.66666666666663 -787.5000000000002
500.83333333333326 -779.166666666667
499.1666666666667 -776.666666666667
504.16666666666663 -794.166666666667
499.99999999999994 -777.5000000000002
505.83333333333326 -795.0000000000003
510.0 -804.166666666667
512.5 -808.3333333333336
507.49999999999994 -799.166666666667
506.66666666666663 -798.3333333333335
508.3333333333333 -800.8333333333336
504.99999999999994 -795.0000000000002
505.8333333333333 -796.666666666667
500.83333333333337 -786.6666666666669
500.0 -778.3333333333336
503.3333333333333 -792.5000000000002
502.5 -790.8333333333335
500.83333333333326 -779.166666666667
501.66666666666663 -787.5000000000002
499.1666666666667 -776.666666666667
504.16666666666663 -794.166666666667
499.99999999999994 -777.5000000000002
505.83333333333326 -795.0000000000003
510.0 -804.166666666667
512.5 -808.3333333333336
507.49999999999994 -799.166666666667
506.66666666666663 -798.3333333333335
508.3333333333333 -800.8333333333336
504.99999999999994 -795.0000000000002
505.8333333333333 -796.666666666667
500.83333333333337 -786.6666666666669
500.0 -778.3333333333336
503.3333333333333 -792.5000000000002
502.5 -790.8333333333335
500.83333333333326 -779.166666666667
501.66666666666663 -787.5000000000002
499.1666666666667 -776.666666666667
504.16666666666663 -794.166666666667
499.99999999999994 -777.5000000000002
505.83333333333326 -795.0000000000003
507.49999999999994 -799.166666666667
506.66666666666663 -798.3333333333335
508.3333333333333 -800.8333333333336
504.99999999999994 -795.0000000000002
505.8333333333333 -796.666666666667
500.83333333333337 -786.6666666666669
503.3333333333333 -792.5000000000002
500.0 -778.3333333333336
502.5 -790.8333333333335
500.83333333333326 -779.166666666667
501.66666666666663 -787.5000000000002
499.1666666666667 -776.666666666667
504.16666666666663 -794.166666666667
499.99999999999994 -777.5000000000002
505.83333333333326 -795.0000000000003
507.49999999999994 -799.166666666667
506.66666666666663 -798.3333333333335
508.3333333333333 -800.8333333333336
504.99999999999994 -795.0000000000002
505.8333333333333 -796.666666666667
500.83333333333337 -786.6666666666669
503.3333333333333 -792.5000000000002
500.0 -778.3333333333336
502.5 -790.8333333333335
501.66666666666663 -787.5000000000002
500.83333333333326 -779.166666666667
499.1666666666667 -776.666666666667
504.16666666666663 -794.166666666667
499.99999999999994 -777.5000000000002
505.83333333333326 -795.0000000000003
507.49999999999994 -799.166666666667
506.66666666666663 -798.3333333333335
508.3333333333333 -800.8333333333336
504.16666666666663 -794.166666666667
504.99999999999994 -795.0000000000002
503.3333333333333 -792.5000000000002
505.8333333333333 -796.666666666667
500.83333333333337 -786.6666666666669
500.0 -778.3333333333336
502.5 -790.8333333333335
500.83333333333326 -779.166666666667
501.66666666666663 -787.5000000000002
499.1666666666667 -776.666666666667
499.99999999999994 -777.5000000000002
505.83333333333326 -795.0000000000003
507.49999999999994 -799.166666666667
506.66666666666663 -798.3333333333335
508.3333333333333 -800.8333333333336
504.16666666666663 -794.166666666667
504.99999999999994 -795.0000000000002
503.3333333333333 -792.5000000000002
505.8333333333333 -796.666666666667
500.83333333333337 -786.6666666666669
502.5 -790.8333333333335
500.83333333333326 -779.166666666667
