498.3333333333333 -726.6666666666669
520.0 -815.8333333333337
520.0 -815.8333333333337
499.16666666666663 -779.166666666667
513.3333333333333 -810.8333333333336
516.6666666666667 -810.8333333333337
511.66666666666663 -808.3333333333337
500.83333333333326 -781.666666666667
508.33333333333326 -800.8333333333336
500.8333333333333 -789.1666666666669
510.8333333333333 -806.666666666667
510.0 -805.0000000000002
518.3333333333334 -813.3333333333336
519.1666666666666 -814.1666666666671
509.16666666666663 -804.166666666667
504.16666666666663 -795.0000000000003
501.66666666666663 -790.8333333333336
503.33333333333326 -793.3333333333336
499.99999999999994 -780.0000000000002
504.16666666666663 -795.0000000000003
502.49999999999994 -792.5000000000003
501.66666666666663 -790.8333333333336
505.83333333333326 -797.5000000000003
506.66666666666663 -799.166666666667
504.99999999999994 -796.6666666666669
517.5 -811.666666666667
505.83333333333326 -797.5000000000003
506.66666666666663 -799.166666666667
509.16666666666663 -804.166666666667
517.5 -811.666666666667
503.33333333333326 -793.3333333333336
504.99999999999994 -796.6666666666669
507.49999999999994 -800.0000000000003
499.16666666666663 -779.166666666667
502.49999999999994 -792.5000000000003
507.49999999999994 -800.0000000000003
499.99999999999994 -780.0000000000002
516.6666666666667 -810.8333333333337
500.8333333333333 -789.1666666666669
501.66666666666663 -790.8333333333336
504.16666666666663 -795.0000000000003
505.83333333333326 -797.5000000000003
506.66666666666663 -799.166666666667
517.5 -811.666666666667
503.33333333333326 -793.3333333333336
504.99999999999994 -796.6666666666669
502.49999999999994 -792.5000000000003
507.49999999999994 -800.0000000000003
499.99999999999994 -780.0000000000002
516.6666666666667 -810.8333333333337
500.8333333333333 -789.1666666666669
504.16666666666663 -795.0000000000003
501.66666666666663 -790.8333333333336
505.83333333333326 -797.5000000000003
506.66666666666663 -799.166666666667
517.5 -811.666666666667
503.33333333333326 -793.3333333333336
504.99999999999994 -796.6666666666669
502.49999999999994 -792.5000000000003
507.49999999999994 -800.0000000000003
499.99999999999994 -780.0000000000002
516.6666666666667 -810.8333333333337
500.8333333333333 -789.1666666666669
501.66666666666663 -790.8333333333336
505.83333333333326 -797.5000000000003
506.66666666666663 -799.166666666667
503.33333333333326 -793.3333333333336
517.5 -811.666666666667
504.99999999999994 -796.6666666666669
502.49999999999994 -792.5000000000003
507.49999999999994 -800.0000000000003
516.6666666666667 -810.8333333333337
500.8333333333333 -789.1666666666669
501.66666666666663 -790.8333333333336
506.66666666666663 -799.166666666667
517.5 -811.666666666667
504.99999999999994 -796.6666666666669
502.49999999999994 -792.5000000000003
507.49999999999994 -800.0000000000003
516.6666666666667 -810.8333333333337
500.8333333333333 -789.1666666666669
501.66666666666663 -790.8333333333336
506.66666666666663 -799.166666666667
517.5 -811.666666666667
504.99999999999994 -796.6666666666669
502.49999999999994 -792.5000000000003
500.8333333333333 -789.1666666666669
501.66666666666663 -790.8333333333336
506.66666666666663 -799.166666666667
517.5 -811.666666666667
504.99999999999994 -796.6666666666669
502.49999999999994 -792.5000000000003
500.8333333333333 -789.1666666666669
506.66666666666663 -799.166666666667
500.8333333333333 -789.1666666666669
502.49999999999994 -792.5000000000003
502.49999999999994 -792.5000000000003
500.8333333333333 -789.1666666666669
502.49999999999994 -792.5000000000003
506.66666666666663 -799.166666666667
504.99999999999994 -796.6666666666669
500.8333333333333 -789.1666666666669
501.66666666666663 -790.8333333333336
504.16666666666663 -795.0000000000003
501.66666666666663 -790.8333333333336
500.8333333333333 -789.1666666666669
503.33333333333326 -793.3333333333336
504.99999999999994 -796.6666666666669
499.99999999999994 -780.0000000000002
504.99999999999994 -796.6666666666669
505.83333333333326 -797.5000000000003
500.8333333333333 -789.1666666666669
501.66666666666663 -790.8333333333336
502.49999999999994 -792.5000000000003
501.66666666666663 -790.8333333333336
500.8333333333333 -789.1666666666669
504.99999999999994 -796.6666666666669
501.66666666666663 -790.8333333333336
500.8333333333333 -789.1666666666669
501.66666666666663 -790.8333333333336
504.99999999999994 -796.6666666666669
502.49999999999994 -792.5000000000003
504.99999999999994 -796.6666666666669
504.99999999999994 -796.6666666666669
504.99999999999994 -796.6666666666669
504.99999999999994 -796.6666666666669
500.8333333333333 -789.1666666666669
500.8333333333333 -789.1666666666669
505.83333333333326 -797.5000000000003
504.99999999999994 -796.6666666666669
500.8333333333333 -789.1666666666669
500.8333333333333 -789.1666666666669
504.16666666666663 -795.0000000000003
504.99999999999994 -796.6666666666669
504.99999999999994 -796.6666666666669
504.99999999999994 -796.6666666666669
504.16666666666663 -795.0000000000003
502.49999999999994 -792.5000000000003
507.49999999999994 -800.0000000000003
502.49999999999994 -792.5000000000003
501.66666666666663 -790.8333333333336
505.83333333333326 -797.5000000000003
501.66666666666663 -790.8333333333336
507.49999999999994 -800.0000000000003
500.8333333333333 -789.1666666666669
504.99999999999994 -796.6666666666669
500.8333333333333 -789.1666666666669
504.99999999999994 -796.6666666666669
504.99999999999994 -796.6666666666669
504.99999999999994 -796.6666666666669
504.99999999999994 -796.6666666666669
504.99999999999994 -796.6666666666669
502.49999999999994 -792.5000000000003
503.33333333333326 -793.3333333333336
500.8333333333333 -789.1666666666669
504.99999999999994 -796.6666666666669
504.16666666666663 -795.0000000000003
500.8333333333333 -789.1666666666669
500.8333333333333 -789.1666666666669
500.8333333333333 -789.1666666666669
504.16666666666663 -795.0000000000003
501.66666666666663 -790.8333333333336
500.8333333333333 -789.1666666666669
504.16666666666663 -795.0000000000003
501.66666666666663 -790.8333333333336
504.99999999999994 -796.6666666666669
500.8333333333333 -789.1666666666669
504.99999999999994 -796.6666666666669
501.66666666666663 -790.8333333333336
504.99999999999994 -796.6666666666669
504.99999999999994 -796.6666666666669
504.99999999999994 -796.6666666666669
506.66666666666663 -799.166666666667
501.66666666666663 -790.8333333333336
507.49999999999994 -800.0000000000003
500.8333333333333 -789.1666666666669
504.99999999999994 -796.6666666666669
506.66666666666663 -799.166666666667
504.99999999999994 -796.6666666666669
501.66666666666663 -790.8333333333336
504.99999999999994 -796.6666666666669
501.66666666666663 -790.8333333333336
504.99999999999994 -796.6666666666669
500.8333333333333 -789.1666666666669
500.8333333333333 -789.1666666666669
501.66666666666663 -790.8333333333336
504.99999999999994 -796.6666666666669
501.66666666666663 -790.8333333333336
502.49999999999994 -792.5000000000003
502.49999999999994 -792.5000000000003
504.99999999999994 -796.6666666666669
500.8333333333333 -789.1666666666669
504.99999999999994 -796.6666666666669
504.99999999999994 -796.6666666666669
506.66666666666663 -799.166666666667
504.99999999999994 -796.6666666666669
502.49999999999994 -792.5000000000003
504.16666666666663 -795.0000000000003
502.49999999999994 -792.5000000000003
502.49999999999994 -792.5000000000003
