505.0 -568.3333333333331
518.3333333333333 -633.3333333333335
511.66666666666663 -626.6666666666669
514.1666666666666 -629.1666666666669
518.3333333333333 -633.3333333333335
511.66666666666663 -626.6666666666669
509.16666666666663 -620.8333333333335
511.66666666666663 -626.6666666666669
509.16666666666663 -620.8333333333335
518.3333333333333 -633.3333333333335
509.16666666666663 -620.8333333333335
509.16666666666663 -620.8333333333335
510.0 -624.1666666666669
507.5 -614.1666666666669
509.16666666666663 -620.8333333333335
514.1666666666666 -629.1666666666669
