505.0 -568.3333333333331
507.5 -618.3333333333335
508.3333333333333 -619.1666666666669
508.3333333333333 -619.1666666666669
507.5 -618.3333333333335
507.5 -618.3333333333335
507.5 -618.3333333333335
508.3333333333333 -619.1666666666669
507.5 -618.3333333333335
507.5 -618.3333333333335
508.3333333333333 -619.1666666666669
509.16666666666663 -622.5000000000002
507.5 -618.3333333333335
507.5 -618.3333333333335
507.5 -618.3333333333335
507.5 -618.3333333333335
514.1666666666666 -634.1666666666669
510.0 -629.1666666666669
507.5 -618.3333333333335
514.1666666666666 -634.1666666666669
508.3333333333333 -619.1666666666669
511.66666666666663 -631.6666666666669
508.3333333333333 -619.1666666666669
507.5 -618.3333333333335
511.66666666666663 -631.6666666666669
507.5 -618.3333333333335
508.3333333333333 -619.1666666666669
509.16666666666663 -622.5000000000002
509.16666666666663 -622.5000000000002
507.5 -618.3333333333335
507.5 -618.3333333333335
508.3333333333333 -619.1666666666669
508.3333333333333 -619.1666666666669
507.5 -618.3333333333335
508.3333333333333 -619.1666666666669
507.5 -618.3333333333335
511.66666666666663 -631.6666666666669
509.16666666666663 -622.5000000000002
514.1666666666666 -634.1666666666669
518.3333333333333 -638.3333333333335
507.5 -618.3333333333335
508.3333333333333 -619.1666666666669
508.3333333333333 -619.1666666666669
