505.0 -568.3333333333331
509.16666666666663 -622.5000000000002
510.0 -629.1666666666669
509.16666666666663 -622.5000000000002
509.16666666666663 -622.5000000000002
509.16666666666663 -622.5000000000002
509.16666666666663 -622.5000000000002
509.16666666666663 -622.5000000000002
520.0 -640.0000000000001
509.16666666666663 -622.5000000000002
509.99999999999994 -625.0000000000002
509.16666666666663 -622.5000000000002
520.0 -640.0000000000001
509.16666666666663 -622.5000000000002
508.3333333333333 -622.5000000000001
514.1666666666666 -639.1666666666667
507.5 -620.0000000000002
508.3333333333333 -622.5000000000001
511.66666666666663 -635.0000000000001
510.8333333333333 -630.0000000000001
