505.0 -568.3333333333331
507.5 -632.5000000000001
507.5 -632.5000000000001
518.3333333333333 -645.8333333333334
511.66666666666663 -639.1666666666667
510.0 -636.6666666666667
514.1666666666666 -641.6666666666667
507.5 -632.5000000000001
514.1666666666666 -641.6666666666667
507.5 -632.5000000000001
514.1666666666666 -641.6666666666667
511.66666666666663 -639.1666666666667
514.1666666666666 -641.6666666666667
511.66666666666663 -639.1666666666667
510.8333333333333 -637.5000000000001
507.5 -632.5000000000001
518.3333333333333 -645.8333333333334
516.6666666666666 -644.1666666666667
510.0 -636.6666666666667
511.66666666666663 -639.1666666666667
511.66666666666663 -639.1666666666667
514.1666666666666 -641.6666666666667
511.66666666666663 -639.1666666666667
520.0 -647.5000000000001
507.5 -632.5000000000001
511.66666666666663 -639.1666666666667
520.0 -647.5000000000001
511.66666666666663 -639.1666666666667
514.1666666666666 -641.6666666666667
507.5 -632.5000000000001
510.0 -636.6666666666667
520.0 -647.5000000000001
514.1666666666666 -641.6666666666667
516.6666666666666 -644.1666666666667
511.66666666666663 -639.1666666666667
511.66666666666663 -639.1666666666667
507.5 -632.5000000000001
507.5 -632.5000000000001
518.3333333333333 -645.8333333333334
520.0 -647.5000000000001
511.66666666666663 -639.1666666666667
508.3333333333333 -635.0000000000001
510.0 -636.6666666666667
510.0 -636.6666666666667
511.66666666666663 -639.1666666666667
517.5 -645.0000000000001
511.66666666666663 -639.1666666666667
516.6666666666666 -644.1666666666667
514.1666666666666 -641.6666666666667
510.0 -636.6666666666667
514.1666666666666 -641.6666666666667
