520.0 -655.0000000000001
509.16666666666663 -640.8333333333335
515.0 -646.6666666666667
520.0 -655.0000000000001
509.16666666666663 -640.8333333333335
505.8333333333333 -636.6666666666667
520.0 -655.0000000000001
515.0 -646.6666666666667
518.3333333333333 -653.3333333333334
520.0 -655.0000000000001
509.16666666666663 -640.8333333333335
515.0 -646.6666666666667
520.0 -655.0000000000001
509.16666666666663 -640.8333333333335
520.0 -655.0000000000001
504.1666666666667 -634.1666666666667
520.0 -655.0000000000001
511.66666666666663 -644.1666666666667
515.0 -646.6666666666667
509.16666666666663 -640.8333333333335
505.8333333333333 -636.6666666666667
520.0 -655.0000000000001
505.8333333333333 -636.6666666666667
520.0 -655.0000000000001
515.0 -646.6666666666667
516.6666666666667 -650.8333333333334
520.0 -655.0000000000001
509.16666666666663 -640.8333333333335
515.8333333333333 -647.5000000000001
