508.3333333333333 -642.5000000000001
517.5 -656.6666666666667
511.66666666666663 -647.5
517.5 -656.6666666666667
510.8333333333333 -643.3333333333335
520.0 -663.3333333333334
512.5 -648.3333333333334
511.66666666666663 -647.5
510.8333333333333 -643.3333333333335
516.6666666666667 -655.8333333333335
510.8333333333333 -643.3333333333335
508.3333333333333 -642.5000000000001
512.5 -648.3333333333334
518.3333333333333 -658.3333333333334
516.6666666666667 -655.8333333333335
508.3333333333333 -642.5000000000001
511.66666666666663 -647.5
504.1666666666667 -639.1666666666667
520.0 -663.3333333333334
518.3333333333333 -658.3333333333334
514.1666666666667 -652.5000000000001
517.5 -656.6666666666667
505.8333333333333 -640.0
517.5 -656.6666666666667
518.3333333333333 -658.3333333333334
514.1666666666666 -651.6666666666669
515.0 -654.1666666666666
516.6666666666666 -655.0000000000002
