504.1666666666667 -639.1666666666667
517.5 -661.6666666666667
514.1666666666667 -657.5000000000001
520.0 -665.0000000000001
512.5 -655.8333333333335
512.5 -655.8333333333335
510.8333333333333 -654.1666666666667
506.6666666666667 -645.0
517.5 -661.6666666666667
515.8333333333333 -660.0000000000001
512.5 -655.8333333333335
505.0 -641.6666666666667
505.8333333333333 -644.1666666666669
515.8333333333333 -660.0000000000001
514.1666666666667 -657.5000000000001
517.5 -661.6666666666667
520.8333333333333 -669.166666666667
507.5 -650.8333333333335
514.1666666666667 -657.5000000000001
515.8333333333333 -660.0000000000001
517.5 -661.6666666666667
517.5 -661.6666666666667
505.8333333333333 -644.1666666666669
512.5 -655.8333333333335
510.0 -653.3333333333336
