504.1666666666667 -646.6666666666667
504.1666666666667 -646.6666666666667
504.1666666666667 -646.6666666666667
504.1666666666667 -646.6666666666667
504.1666666666667 -646.6666666666667
504.1666666666667 -646.6666666666667
514.1666666666667 -662.5000000000001
504.1666666666667 -646.6666666666667
504.1666666666667 -646.6666666666667
514.1666666666667 -662.5000000000001
504.1666666666667 -646.6666666666667
514.1666666666667 -662.5000000000001
504.1666666666667 -646.6666666666667
504.1666666666667 -646.6666666666667
504.1666666666667 -646.6666666666667
514.1666666666667 -662.5000000000001
504.1666666666667 -646.6666666666667
509.16666666666663 -656.6666666666669
514.1666666666667 -662.5000000000001
509.16666666666663 -656.6666666666669
514.1666666666667 -662.5000000000001
514.1666666666667 -662.5000000000001
514.1666666666667 -662.5000000000001
504.1666666666667 -646.6666666666667
504.1666666666667 -646.6666666666667
504.1666666666667 -646.6666666666667
504.1666666666667 -646.6666666666667
509.16666666666663 -656.6666666666669
515.0 -663.3333333333335
504.1666666666667 -646.6666666666667
504.1666666666667 -646.6666666666667
504.1666666666667 -646.6666666666667
504.1666666666667 -646.6666666666667
515.0 -663.3333333333335
505.8333333333333 -652.5000000000001
504.1666666666667 -646.6666666666667
504.1666666666667 -646.6666666666667
504.1666666666667 -646.6666666666667
520.8333333333333 -670.0000000000002
504.1666666666667 -646.6666666666667
504.1666666666667 -646.6666666666667
504.1666666666667 -646.6666666666667
504.1666666666667 -646.6666666666667
504.1666666666667 -646.6666666666667
504.1666666666667 -646.6666666666667
504.1666666666667 -646.6666666666667
514.1666666666667 -662.5000000000001
504.1666666666667 -646.6666666666667
504.1666666666667 -646.6666666666667
516.6666666666666 -664.1666666666669
509.16666666666663 -656.6666666666669
509.16666666666663 -656.6666666666669
504.1666666666667 -646.6666666666667
520.8333333333333 -670.0000000000002
514.1666666666667 -662.5000000000001
506.66666666666663 -655.0000000000002
504.1666666666667 -646.6666666666667
515.0 -663.3333333333335
504.1666666666667 -646.6666666666667
504.1666666666667 -646.6666666666667
504.1666666666667 -646.6666666666667
504.1666666666667 -646.6666666666667
514.1666666666667 -662.5000000000001
505.0 -647.5000000000001
509.16666666666663 -656.6666666666669
507.5 -655.8333333333335
504.1666666666667 -646.6666666666667
504.1666666666667 -646.6666666666667
504.1666666666667 -646.6666666666667
512.5 -661.666666666667
514.1666666666667 -662.5000000000001
509.16666666666663 -656.6666666666669
504.1666666666667 -646.6666666666667
509.16666666666663 -656.6666666666669
514.1666666666667 -662.5000000000001
517.5 -667.5000000000002
504.1666666666667 -646.6666666666667
504.1666666666667 -646.6666666666667
504.1666666666667 -646.6666666666667
505.8333333333333 -652.5000000000001
504.1666666666667 -646.6666666666667
509.16666666666663 -656.6666666666669
504.1666666666667 -646.6666666666667
504.1666666666667 -646.6666666666667
517.5 -667.5000000000002
504.1666666666667 -646.6666666666667
504.1666666666667 -646.6666666666667
504.1666666666667 -646.6666666666667
504.1666666666667 -646.6666666666667
509.16666666666663 -656.6666666666669
504.1666666666667 -646.6666666666667
505.0 -647.5000000000001
504.1666666666667 -646.6666666666667
505.8333333333333 -652.5000000000001
514.1666666666667 -662.5000000000001
504.1666666666667 -646.6666666666667
504.1666666666667 -646.6666666666667
504.1666666666667 -646.6666666666667
517.5 -667.5000000000002
504.1666666666667 -646.6666666666667
