520.8333333333333 -670.0000000000002
504.1666666666667 -651.6666666666667
520.8333333333333 -670.0000000000002
504.1666666666667 -651.6666666666667
510.8333333333333 -660.8333333333336
512.5 -662.5000000000002
505.0 -652.5000000000001
505.8333333333333 -654.1666666666669
510.8333333333333 -660.8333333333336
512.5 -662.5000000000002
516.6666666666666 -665.8333333333336
519.1666666666666 -668.3333333333335
510.0 -660.0000000000002
520.0 -669.166666666667
505.8333333333333 -654.1666666666669
505.0 -652.5000000000001
510.0 -660.0000000000002
520.0 -669.166666666667
513.3333333333333 -663.3333333333335
517.5 -667.5000000000002
519.1666666666666 -668.3333333333335
513.3333333333333 -663.3333333333335
516.6666666666667 -666.6666666666669
518.3333333333333 -667.5000000000003
518.3333333333333 -667.5000000000003
517.5 -667.5000000000002
516.6666666666667 -666.6666666666669
520.8333333333333 -670.0000000000002
504.1666666666667 -651.6666666666667
510.8333333333333 -660.8333333333336
505.8333333333333 -654.1666666666669
505.0 -652.5000000000001
520.0 -669.166666666667
516.6666666666667 -666.6666666666669
519.1666666666666 -668.3333333333335
513.3333333333333 -663.3333333333335
518.3333333333333 -667.5000000000003
517.5 -667.5000000000002
504.1666666666667 -651.6666666666667
520.8333333333333 -670.0000000000002
510.8333333333333 -660.8333333333336
505.8333333333333 -654.1666666666669
505.0 -652.5000000000001
520.0 -669.166666666667
516.6666666666667 -666.6666666666669
519.1666666666666 -668.3333333333335
513.3333333333333 -663.3333333333335
518.3333333333333 -667.5000000000003
517.5 -667.5000000000002
504.1666666666667 -651.6666666666667
520.8333333333333 -670.0000000000002
510.8333333333333 -660.8333333333336
505.8333333333333 -654.1666666666669
505.0 -652.5000000000001
520.0 -669.166666666667
516.6666666666667 -666.6666666666669
519.1666666666666 -668.3333333333335
513.3333333333333 -663.3333333333335
518.3333333333333 -667.5000000000003
517.5 -667.5000000000002
520.8333333333333 -670.0000000000002
504.1666666666667 -651.6666666666667
510.8333333333333 -660.8333333333336
505.8333333333333 -654.1666666666669
505.0 -652.5000000000001
520.0 -669.166666666667
516.6666666666667 -666.6666666666669
519.1666666666666 -668.3333333333335
513.3333333333333 -663.3333333333335
517.5 -667.5000000000002
504.1666666666667 -651.6666666666667
520.8333333333333 -670.0000000000002
510.8333333333333 -660.8333333333336
505.8333333333333 -654.1666666666669
505.0 -652.5000000000001
520.0 -669.166666666667
516.6666666666667 -666.6666666666669
519.1666666666666 -668.3333333333335
517.5 -667.5000000000002
520.8333333333333 -670.0000000000002
504.1666666666667 -651.6666666666667
505.8333333333333 -654.1666666666669
505.0 -652.5000000000001
520.0 -669.166666666667
516.6666666666667 -666.6666666666669
519.1666666666666 -668.3333333333335
517.5 -667.5000000000002
504.1666666666667 -651.6666666666667
520.8333333333333 -670.0000000000002
505.8333333333333 -654.1666666666669
505.0 -652.5000000000001
520.0 -669.166666666667
516.6666666666667 -666.6666666666669
519.1666666666666 -668.3333333333335
517.5 -667.5000000000002
504.1666666666667 -651.6666666666667
520.8333333333333 -670.0000000000002
505.8333333333333 -654.1666666666669
505.0 -652.5000000000001
520.0 -669.166666666667
516.6666666666667 -666.6666666666669
519.1666666666666 -668.3333333333335
517.5 -667.5000000000002
504.1666666666667 -651.6666666666667
520.8333333333333 -670.0000000000002
505.8333333333333 -654.1666666666669
505.0 -652.5000000000001
520.0 -669.166666666667
516.6666666666667 -666.6666666666669
519.1666666666666 -668.3333333333335
517.5 -667.5000000000002
504.1666666666667 -651.6666666666667
520.8333333333333 -670.0000000000002
505.8333333333333 -654.1666666666669
505.0 -652.5000000000001
520.0 -669.166666666667
516.6666666666667 -666.6666666666669
519.1666666666666 -668.3333333333335
517.5 -667.5000000000002
520.8333333333333 -670.0000000000002
504.1666666666667 -651.6666666666667
505.8333333333333 -654.1666666666669
510.8333333333333 -660.8333333333336
517.5 -667.5000000000002
505.0 -652.5000000000001
505.8333333333333 -654.1666666666669
519.1666666666666 -668.3333333333335
505.8333333333333 -654.1666666666669
516.6666666666667 -666.6666666666669
504.1666666666667 -651.6666666666667
505.8333333333333 -654.1666666666669
517.5 -667.5000000000002
517.5 -667.5000000000002
504.1666666666667 -651.6666666666667
505.0 -652.5000000000001
512.5 -662.5000000000002
516.6666666666667 -666.6666666666669
516.6666666666667 -666.6666666666669
505.0 -652.5000000000001
505.8333333333333 -654.1666666666669
514.1666666666666 -665.8333333333335
505.0 -652.5000000000001
520.0 -669.166666666667
506.66666666666663 -659.166666666667
513.3333333333333 -663.3333333333335
519.1666666666666 -668.3333333333335
504.1666666666667 -651.6666666666667
505.8333333333333 -654.1666666666669
505.8333333333333 -654.1666666666669
517.5 -667.5000000000002
510.8333333333333 -660.8333333333336
512.5 -662.5000000000002
518.3333333333333 -667.5000000000003
505.8333333333333 -654.1666666666669
518.3333333333333 -667.5000000000003
518.3333333333333 -667.5000000000003
518.3333333333333 -667.5000000000003
517.5 -667.5000000000002
518.3333333333333 -667.5000000000003
