506.66666666666663 -659.166666666667
525.8333333333333 -670.8333333333336
502.5 -654.1666666666667
502.5 -654.1666666666667
506.66666666666663 -659.166666666667
502.5 -654.1666666666667
525.8333333333333 -670.8333333333336
525.8333333333333 -670.8333333333336
505.8333333333333 -658.3333333333336
505.8333333333333 -658.3333333333336
525.8333333333333 -670.8333333333336
503.3333333333333 -656.6666666666669
506.66666666666663 -659.166666666667
508.3333333333333 -662.5000000000001
510.0 -665.8333333333336
510.8333333333333 -666.6666666666669
525.8333333333333 -670.8333333333336
506.66666666666663 -659.166666666667
506.66666666666663 -659.166666666667
502.5 -654.1666666666667
515.0 -670.0000000000002
