503.3333333333333 -656.6666666666669
510.0 -665.8333333333336
510.8333333333333 -666.6666666666669
515.0 -670.0000000000002
509.16666666666663 -663.3333333333336
517.5 -672.5000000000002
515.0 -670.0000000000002
515.0 -670.0000000000002
506.66666666666663 -662.5000000000002
515.8333333333333 -670.8333333333336
511.66666666666663 -667.5000000000001
517.5 -672.5000000000002
518.3333333333333 -673.3333333333335
515.0 -670.0000000000002
502.5 -655.0000000000001
513.3333333333333 -668.3333333333336
506.66666666666663 -662.5000000000002
502.5 -655.0000000000001
504.1666666666667 -659.1666666666669
505.8333333333333 -661.666666666667
506.66666666666663 -662.5000000000002
504.1666666666667 -659.1666666666669
509.1666666666667 -664.1666666666669
503.3333333333333 -656.6666666666669
505.8333333333333 -661.666666666667
