520.0 -677.5000000000001
510.8333333333333 -669.1666666666669
509.16666666666663 -667.5000000000001
505.0 -663.3333333333337
511.66666666666663 -670.0000000000001
519.1666666666666 -675.8333333333336
519.1666666666666 -675.8333333333336
507.49999999999994 -665.0000000000002
507.49999999999994 -665.0000000000002
519.1666666666666 -675.8333333333336
507.49999999999994 -665.0000000000002
507.49999999999994 -665.0000000000002
507.49999999999994 -665.0000000000002
507.49999999999994 -665.0000000000002
507.49999999999994 -665.0000000000002
507.49999999999994 -665.0000000000002
507.49999999999994 -665.0000000000002
508.3333333333333 -666.6666666666669
506.66666666666663 -664.166666666667
509.16666666666663 -667.5000000000001
504.99999999999994 -663.3333333333335
511.66666666666663 -670.0000000000001
510.8333333333333 -669.1666666666669
519.1666666666666 -675.8333333333336
502.5 -660.0000000000001
519.1666666666666 -675.8333333333336
502.5 -660.0000000000001
513.3333333333333 -671.6666666666667
512.5 -670.8333333333336
507.49999999999994 -665.0000000000002
519.1666666666666 -675.8333333333336
509.99999999999994 -667.5000000000002
504.99999999999994 -663.3333333333335
507.49999999999994 -665.0000000000002
504.16666666666663 -662.5000000000002
510.8333333333333 -669.1666666666669
519.1666666666666 -675.8333333333336
503.3333333333333 -660.8333333333335
517.5 -675.8333333333335
504.16666666666663 -662.5000000000002
507.49999999999994 -665.0000000000002
508.3333333333333 -666.6666666666669
515.0 -673.3333333333335
502.5 -660.0000000000001
505.0 -663.3333333333337
510.0 -668.3333333333336
507.49999999999994 -665.0000000000002
507.49999999999994 -665.0000000000002
519.1666666666666 -675.8333333333336
