501.66666666666663 -660.0000000000002
501.66666666666663 -660.0000000000002
520.0 -680.0
514.1666666666666 -674.1666666666669
518.3333333333333 -676.6666666666669
506.6666666666667 -666.666666666667
504.16666666666663 -662.5000000000002
502.49999999999994 -660.8333333333336
515.8333333333333 -675.0000000000002
508.3333333333333 -667.5000000000001
516.6666666666666 -675.8333333333336
502.49999999999994 -660.8333333333336
504.16666666666663 -662.5000000000002
515.8333333333333 -675.0000000000002
509.16666666666663 -668.3333333333335
506.66666666666663 -665.8333333333336
510.8333333333333 -670.0000000000002
516.6666666666666 -675.8333333333336
518.3333333333333 -676.6666666666669
512.5 -671.6666666666669
512.5 -671.6666666666669
509.99999999999994 -668.3333333333336
510.0 -669.1666666666669
510.8333333333333 -670.0000000000002
508.3333333333333 -667.5000000000001
509.16666666666663 -668.3333333333335
511.66666666666663 -670.8333333333334
511.6666666666667 -670.8333333333335
510.0 -669.1666666666669
511.6666666666667 -670.8333333333335
506.66666666666663 -665.8333333333336
511.66666666666663 -670.8333333333334
509.99999999999994 -668.3333333333336
504.16666666666663 -662.5000000000002
516.6666666666666 -675.8333333333336
518.3333333333333 -676.6666666666669
515.8333333333333 -675.0000000000002
512.5 -671.6666666666669
510.8333333333333 -670.0000000000002
508.3333333333333 -667.5000000000001
510.0 -669.1666666666669
511.6666666666667 -670.8333333333335
506.66666666666663 -665.8333333333336
511.66666666666663 -670.8333333333334
504.16666666666663 -662.5000000000002
518.3333333333333 -676.6666666666669
512.5 -671.6666666666669
510.8333333333333 -670.0000000000002
508.3333333333333 -667.5000000000001
510.0 -669.1666666666669
511.6666666666667 -670.8333333333335
506.66666666666663 -665.8333333333336
504.16666666666663 -662.5000000000002
504.16666666666663 -662.5000000000002
504.16666666666663 -662.5000000000002
504.16666666666663 -662.5000000000002
504.16666666666663 -662.5000000000002
504.16666666666663 -662.5000000000002
504.16666666666663 -662.5000000000002
504.16666666666663 -662.5000000000002
504.16666666666663 -662.5000000000002
504.16666666666663 -662.5000000000002
504.16666666666663 -662.5000000000002
510.0 -669.1666666666669
504.16666666666663 -662.5000000000002
510.0 -669.1666666666669
504.16666666666663 -662.5000000000002
512.5 -671.6666666666669
504.16666666666663 -662.5000000000002
504.16666666666663 -662.5000000000002
510.0 -669.1666666666669
510.0 -669.1666666666669
510.0 -669.1666666666669
504.16666666666663 -662.5000000000002
512.5 -671.6666666666669
504.16666666666663 -662.5000000000002
510.0 -669.1666666666669
504.16666666666663 -662.5000000000002
508.3333333333333 -667.5000000000001
506.66666666666663 -665.8333333333336
504.16666666666663 -662.5000000000002
510.0 -669.1666666666669
504.16666666666663 -662.5000000000002
504.16666666666663 -662.5000000000002
510.0 -669.1666666666669
504.16666666666663 -662.5000000000002
511.6666666666667 -670.8333333333335
511.6666666666667 -670.8333333333335
510.8333333333333 -670.0000000000002
504.16666666666663 -662.5000000000002
504.16666666666663 -662.5000000000002
504.16666666666663 -662.5000000000002
504.16666666666663 -662.5000000000002
518.3333333333333 -676.6666666666669
512.5 -671.6666666666669
504.16666666666663 -662.5000000000002
504.16666666666663 -662.5000000000002
506.66666666666663 -665.8333333333336
511.6666666666667 -670.8333333333335
510.0 -669.1666666666669
504.16666666666663 -662.5000000000002
504.16666666666663 -662.5000000000002
506.66666666666663 -665.8333333333336
506.66666666666663 -665.8333333333336
511.6666666666667 -670.8333333333335
508.3333333333333 -667.5000000000001
504.16666666666663 -662.5000000000002
506.66666666666663 -665.8333333333336
512.5 -671.6666666666669
512.5 -671.6666666666669
512.5 -671.6666666666669
512.5 -671.6666666666669
504.16666666666663 -662.5000000000002
504.16666666666663 -662.5000000000002
506.66666666666663 -665.8333333333336
504.16666666666663 -662.5000000000002
504.16666666666663 -662.5000000000002
504.16666666666663 -662.5000000000002
510.0 -669.1666666666669
506.66666666666663 -665.8333333333336
506.66666666666663 -665.8333333333336
504.16666666666663 -662.5000000000002
504.16666666666663 -662.5000000000002
506.66666666666663 -665.8333333333336
504.16666666666663 -662.5000000000002
511.6666666666667 -670.8333333333335
504.16666666666663 -662.5000000000002
504.16666666666663 -662.5000000000002
510.0 -669.1666666666669
511.6666666666667 -670.8333333333335
512.5 -671.6666666666669
504.16666666666663 -662.5000000000002
509.99999999999994 -668.3333333333336
504.16666666666663 -662.5000000000002
504.16666666666663 -662.5000000000002
512.5 -671.6666666666669
511.6666666666667 -670.8333333333335
513.3333333333333 -673.3333333333335
510.0 -669.1666666666669
515.8333333333333 -675.0000000000002
504.16666666666663 -662.5000000000002
506.66666666666663 -665.8333333333336
510.0 -669.1666666666669
510.8333333333333 -670.0000000000002
508.3333333333333 -667.5000000000001
502.5 -660.8333333333337
508.3333333333333 -667.5000000000001
511.6666666666667 -670.8333333333335
504.99999999999994 -665.0000000000002
504.16666666666663 -662.5000000000002
516.6666666666666 -675.8333333333336
510.0 -669.1666666666669
511.6666666666667 -670.8333333333335
506.66666666666663 -665.8333333333336
506.66666666666663 -665.8333333333336
506.66666666666663 -665.8333333333336
504.16666666666663 -662.5000000000002
521.6666666666666 -682.5000000000001
501.66666666666663 -660.0000000000002
504.16666666666663 -662.5000000000002
504.16666666666663 -662.5000000000002
512.5 -671.6666666666669
511.66666666666663 -670.8333333333334
512.5 -671.6666666666669
510.0 -669.1666666666669
504.16666666666663 -662.5000000000002
510.0 -669.1666666666669
504.16666666666663 -662.5000000000002
506.66666666666663 -665.8333333333336
509.16666666666663 -668.3333333333335
506.66666666666663 -665.8333333333336
515.8333333333333 -675.0000000000002
519.1666666666666 -679.1666666666669
506.66666666666663 -665.8333333333336
510.0 -669.1666666666669
504.16666666666663 -662.5000000000002
510.0 -669.1666666666669
511.6666666666667 -670.8333333333335
506.66666666666663 -665.8333333333336
504.16666666666663 -662.5000000000002
506.66666666666663 -665.8333333333336
