504.99999999999994 -665.0000000000002
521.6666666666666 -682.5000000000001
509.1666666666667 -669.1666666666669
512.5 -673.3333333333335
504.99999999999994 -665.0000000000002
512.5 -673.3333333333335
515.8333333333333 -676.6666666666667
512.5 -673.3333333333335
513.3333333333333 -674.1666666666669
508.3333333333333 -669.1666666666667
513.3333333333333 -674.1666666666669
520.8333333333333 -681.6666666666667
505.8333333333333 -667.5000000000002
504.99999999999994 -665.0000000000002
502.49999999999994 -662.5000000000002
521.6666666666666 -682.5000000000001
505.8333333333333 -667.5000000000002
520.8333333333333 -681.6666666666667
504.99999999999994 -665.0000000000002
507.5 -668.3333333333335
510.0 -671.6666666666667
504.99999999999994 -665.0000000000002
502.49999999999994 -662.5000000000002
502.49999999999994 -662.5000000000002
510.0 -671.6666666666667
502.49999999999994 -662.5000000000002
502.49999999999994 -662.5000000000002
522.5 -683.3333333333334
521.6666666666666 -682.5000000000001
516.6666666666666 -677.5000000000001
512.5 -673.3333333333335
509.99999999999994 -670.0000000000002
514.1666666666667 -675.8333333333334
502.49999999999994 -662.5000000000002
504.99999999999994 -665.0000000000002
521.6666666666666 -682.5000000000001
516.6666666666666 -677.5000000000001
510.0 -671.6666666666667
502.49999999999994 -662.5000000000002
508.3333333333333 -669.1666666666667
505.0 -665.8333333333335
501.66666666666663 -660.8333333333335
518.3333333333333 -680.0000000000001
510.8333333333333 -671.6666666666669
514.1666666666666 -675.0000000000002
502.49999999999994 -662.5000000000002
505.8333333333333 -667.5000000000002
501.66666666666663 -660.8333333333335
510.0 -671.6666666666667
505.8333333333333 -667.5000000000002
502.49999999999994 -662.5000000000002
