506.66666666666663 -670.0000000000002
501.66666666666663 -662.5000000000002
506.66666666666663 -670.0000000000002
522.5 -685.8333333333334
506.66666666666663 -670.0000000000002
513.3333333333333 -676.6666666666669
505.8333333333333 -669.1666666666669
506.66666666666663 -670.0000000000002
512.5 -675.8333333333336
521.6666666666666 -685.0
506.66666666666663 -670.0000000000002
513.3333333333333 -676.6666666666669
513.3333333333333 -676.6666666666669
502.49999999999994 -665.0000000000002
512.5 -675.8333333333336
516.6666666666666 -680.8333333333334
520.8333333333333 -684.1666666666667
504.99999999999994 -667.5000000000002
506.66666666666663 -670.0000000000002
510.0 -674.1666666666667
506.66666666666663 -670.0000000000002
508.3333333333333 -673.3333333333335
