502.49999999999994 -665.0000000000002
502.49999999999994 -665.0000000000002
509.99999999999994 -675.0000000000001
502.49999999999994 -665.0000000000002
507.49999999999994 -670.8333333333336
501.66666666666663 -663.3333333333336
502.49999999999994 -665.0000000000002
520.8333333333333 -684.1666666666669
504.99999999999994 -669.1666666666669
502.49999999999994 -665.0000000000002
502.49999999999994 -665.0000000000002
507.49999999999994 -670.8333333333336
502.49999999999994 -665.0000000000002
514.1666666666666 -679.1666666666667
503.33333333333326 -665.8333333333336
502.49999999999994 -665.0000000000002
501.66666666666663 -663.3333333333336
502.49999999999994 -665.0000000000002
509.99999999999994 -675.0000000000001
520.8333333333333 -684.1666666666669
502.49999999999994 -665.0000000000002
501.66666666666663 -663.3333333333336
507.49999999999994 -670.8333333333336
506.66666666666663 -670.8333333333335
502.49999999999994 -665.0000000000002
503.33333333333326 -665.8333333333336
505.83333333333326 -670.0000000000001
501.66666666666663 -663.3333333333336
507.49999999999994 -670.8333333333336
515.8333333333333 -680.8333333333335
513.3333333333333 -678.3333333333334
509.99999999999994 -675.0000000000001
509.99999999999994 -675.0000000000001
507.49999999999994 -670.8333333333336
502.49999999999994 -665.0000000000002
502.49999999999994 -665.0000000000002
522.5 -685.8333333333335
502.49999999999994 -665.0000000000002
517.5 -682.5000000000001
501.66666666666663 -663.3333333333336
510.8333333333333 -676.6666666666669
504.16666666666663 -668.3333333333335
502.49999999999994 -665.0000000000002
510.0 -675.0000000000002
506.66666666666663 -670.8333333333335
502.49999999999994 -665.0000000000002
510.0 -675.0000000000002
510.8333333333333 -676.6666666666669
521.6666666666666 -685.0000000000002
502.49999999999994 -665.0000000000002
516.6666666666666 -681.6666666666669
509.99999999999994 -675.0000000000001
504.16666666666663 -668.3333333333335
507.49999999999994 -670.8333333333336
504.16666666666663 -668.3333333333335
518.3333333333333 -683.3333333333335
504.99999999999994 -669.1666666666669
504.16666666666663 -668.3333333333335
509.16666666666663 -674.166666666667
520.8333333333333 -684.1666666666669
510.0 -675.0000000000002
510.0 -675.0000000000002
505.83333333333326 -670.0000000000001
521.6666666666666 -685.0000000000002
505.83333333333326 -670.0000000000001
503.33333333333326 -665.8333333333336
502.49999999999994 -665.0000000000002
517.5 -682.5000000000001
503.33333333333326 -665.8333333333336
508.3333333333333 -674.1666666666667
504.16666666666663 -668.3333333333335
503.33333333333326 -665.8333333333336
515.0 -680.0000000000002
504.16666666666663 -668.3333333333335
505.83333333333326 -670.0000000000001
507.5 -672.5000000000002
515.8333333333333 -680.8333333333335
520.8333333333333 -684.1666666666669
502.49999999999994 -665.0000000000002
509.16666666666663 -674.166666666667
516.6666666666666 -681.6666666666669
510.0 -675.0000000000002
522.5 -685.8333333333335
502.49999999999994 -665.0000000000002
506.66666666666663 -670.8333333333335
503.33333333333326 -665.8333333333336
