515.8333333333333 -685.8333333333335
501.66666666666663 -666.6666666666669
518.3333333333333 -688.3333333333335
520.0 -690.0000000000001
504.99999999999994 -674.166666666667
517.5 -687.5000000000001
502.5 -670.0000000000001
512.5 -682.5000000000002
520.0 -690.0000000000001
512.5 -682.5000000000002
518.3333333333333 -688.3333333333335
517.5 -687.5000000000001
516.6666666666666 -686.6666666666669
513.3333333333333 -683.3333333333336
517.5 -687.5000000000001
513.3333333333333 -683.3333333333336
517.5 -687.5000000000001
515.0 -685.0000000000002
520.0 -690.0000000000001
501.66666666666663 -666.6666666666669
516.6666666666666 -686.6666666666669
516.6666666666666 -686.6666666666669
519.1666666666666 -689.1666666666669
519.1666666666666 -689.1666666666669
520.0 -690.0000000000001
517.5 -687.5000000000001
515.8333333333333 -685.8333333333335
519.1666666666666 -689.1666666666669
520.0 -690.0000000000001
518.3333333333333 -688.3333333333335
515.8333333333333 -685.8333333333335
515.8333333333333 -685.8333333333335
520.0 -690.0000000000001
501.66666666666663 -666.6666666666669
512.5 -682.5000000000002
506.6666666666666 -675.8333333333335
507.5 -677.5000000000001
516.6666666666666 -686.6666666666669
519.1666666666666 -689.1666666666669
510.83333333333326 -681.666666666667
503.3333333333333 -672.5000000000001
519.1666666666666 -689.1666666666669
520.0 -690.0000000000001
518.3333333333333 -688.3333333333335
501.66666666666663 -666.6666666666669
517.5 -687.5000000000001
506.66666666666663 -675.8333333333336
507.5 -677.5000000000001
501.66666666666663 -666.6666666666669
519.1666666666666 -689.1666666666669
518.3333333333333 -688.3333333333335
519.1666666666666 -689.1666666666669
506.66666666666663 -675.8333333333336
518.3333333333333 -688.3333333333335
512.5 -682.5000000000002
515.8333333333333 -685.8333333333335
512.5 -682.5000000000002
509.99999999999994 -680.8333333333336
509.99999999999994 -680.8333333333336
513.3333333333333 -683.3333333333336
508.3333333333333 -679.1666666666669
517.5 -687.5000000000001
518.3333333333333 -688.3333333333335
515.0 -685.0000000000002
518.3333333333333 -688.3333333333335
504.16666666666663 -674.1666666666669
505.8333333333333 -675.0000000000001
506.66666666666663 -675.8333333333336
508.3333333333333 -679.1666666666669
509.16666666666663 -680.0000000000002
506.66666666666663 -675.8333333333336
514.1666666666666 -684.1666666666667
519.1666666666666 -689.1666666666669
520.0 -690.0000000000001
519.1666666666666 -689.1666666666669
519.1666666666666 -689.1666666666669
502.49999999999994 -667.5000000000002
517.5 -687.5000000000001
508.33333333333326 -677.5000000000002
