510.83333333333326 -681.666666666667
504.16666666666663 -674.1666666666669
510.83333333333326 -681.666666666667
504.16666666666663 -674.1666666666669
506.6666666666666 -676.666666666667
504.16666666666663 -674.1666666666669
505.83333333333326 -675.8333333333336
510.83333333333326 -681.666666666667
516.6666666666666 -689.1666666666669
506.6666666666666 -676.666666666667
505.83333333333326 -675.8333333333336
505.83333333333326 -675.8333333333336
507.49999999999994 -677.5000000000002
503.3333333333333 -673.3333333333336
510.83333333333326 -681.666666666667
504.99999999999994 -675.0000000000002
510.83333333333326 -681.666666666667
510.83333333333326 -681.666666666667
516.6666666666666 -689.1666666666669
510.83333333333326 -681.666666666667
502.5 -670.8333333333336
510.83333333333326 -681.666666666667
504.16666666666663 -674.1666666666669
515.0 -687.5000000000002
510.83333333333326 -681.666666666667
519.1666666666666 -691.6666666666667
504.16666666666663 -674.1666666666669
501.66666666666663 -667.5000000000003
510.8333333333333 -684.1666666666669
502.49999999999994 -669.1666666666669
510.8333333333333 -684.1666666666669
507.5 -680.0000000000001
510.83333333333326 -681.666666666667
505.83333333333326 -675.8333333333336
507.49999999999994 -677.5000000000002
504.99999999999994 -675.0000000000002
510.83333333333326 -681.666666666667
504.99999999999994 -675.0000000000002
505.83333333333326 -675.8333333333336
505.83333333333326 -675.8333333333336
505.83333333333326 -675.8333333333336
515.8333333333333 -688.3333333333334
520.0 -692.5000000000001
508.3333333333333 -681.6666666666669
