501.66666666666663 -673.3333333333336
505.83333333333326 -679.1666666666669
507.49999999999994 -681.6666666666667
513.3333333333333 -687.5000000000001
516.6666666666666 -691.6666666666667
508.33333333333326 -682.5000000000001
504.99999999999994 -677.5000000000002
509.1666666666666 -682.5000000000002
502.49999999999994 -674.166666666667
509.99999999999994 -684.1666666666669
503.33333333333326 -675.8333333333336
515.8333333333333 -690.0000000000001
506.6666666666666 -680.0000000000002
506.6666666666666 -680.0000000000002
515.0 -689.1666666666667
504.1666666666666 -676.666666666667
514.1666666666666 -688.3333333333335
515.8333333333333 -690.0000000000001
503.33333333333326 -675.8333333333336
502.49999999999994 -674.166666666667
514.1666666666666 -688.3333333333335
504.1666666666666 -676.666666666667
504.99999999999994 -677.5000000000002
515.0 -689.1666666666667
509.99999999999994 -684.1666666666669
509.1666666666666 -682.5000000000002
503.33333333333326 -675.8333333333336
502.49999999999994 -674.166666666667
514.1666666666666 -688.3333333333335
504.1666666666666 -676.666666666667
515.0 -689.1666666666667
509.99999999999994 -684.1666666666669
509.1666666666666 -682.5000000000002
514.1666666666666 -688.3333333333335
509.1666666666666 -682.5000000000002
515.0 -689.1666666666667
509.99999999999994 -684.1666666666669
509.1666666666666 -682.5000000000002
509.99999999999994 -684.1666666666669
515.0 -689.1666666666667
509.1666666666666 -682.5000000000002
509.1666666666666 -682.5000000000002
509.99999999999994 -684.1666666666669
509.99999999999994 -684.1666666666669
514.1666666666666 -688.3333333333335
514.1666666666666 -688.3333333333335
517.5 -692.5000000000001
509.99999999999994 -684.1666666666669
503.33333333333326 -675.8333333333336
509.99999999999994 -684.1666666666669
515.0 -689.1666666666667
509.99999999999994 -684.1666666666669
513.3333333333333 -687.5000000000001
516.6666666666666 -691.6666666666667
509.99999999999994 -684.1666666666669
507.49999999999994 -681.6666666666667
509.1666666666666 -682.5000000000002
515.0 -689.1666666666667
504.99999999999994 -677.5000000000002
510.83333333333326 -685.8333333333336
509.99999999999994 -684.1666666666669
509.99999999999994 -684.1666666666669
