500.8333333333333 -677.5000000000002
500.8333333333333 -677.5000000000002
515.8333333333333 -702.5
505.0 -690.8333333333335
501.66666666666663 -680.0000000000001
503.33333333333326 -681.6666666666667
505.8333333333333 -692.5000000000001
505.8333333333333 -692.5000000000001
502.49999999999994 -680.8333333333334
502.49999999999994 -680.8333333333334
505.0 -690.8333333333335
500.8333333333333 -677.5000000000002
505.8333333333333 -692.5000000000001
502.49999999999994 -680.8333333333334
505.0 -690.8333333333335
500.8333333333333 -677.5000000000002
505.8333333333333 -692.5000000000001
502.49999999999994 -680.8333333333334
505.0 -690.8333333333335
500.8333333333333 -677.5000000000002
505.8333333333333 -692.5000000000001
502.49999999999994 -680.8333333333334
505.0 -690.8333333333335
500.8333333333333 -677.5000000000002
505.8333333333333 -692.5000000000001
502.49999999999994 -680.8333333333334
505.0 -690.8333333333335
500.8333333333333 -677.5000000000002
505.8333333333333 -692.5000000000001
505.0 -690.8333333333335
500.8333333333333 -677.5000000000002
505.8333333333333 -692.5000000000001
505.0 -690.8333333333335
500.8333333333333 -677.5000000000002
505.8333333333333 -692.5000000000001
505.0 -690.8333333333335
500.8333333333333 -677.5000000000002
505.8333333333333 -692.5000000000001
505.0 -690.8333333333335
500.8333333333333 -677.5000000000002
505.8333333333333 -692.5000000000001
505.0 -690.8333333333335
500.8333333333333 -677.5000000000002
505.8333333333333 -692.5000000000001
500.8333333333333 -677.5000000000002
505.8333333333333 -692.5000000000001
500.8333333333333 -677.5000000000002
505.8333333333333 -692.5000000000001
500.8333333333333 -677.5000000000002
505.8333333333333 -692.5000000000001
505.8333333333333 -692.5000000000001
505.8333333333333 -692.5000000000001
505.0 -690.8333333333335
502.49999999999994 -680.8333333333334
500.8333333333333 -677.5000000000002
502.49999999999994 -680.8333333333334
500.8333333333333 -677.5000000000002
500.8333333333333 -677.5000000000002
503.33333333333326 -681.6666666666667
505.0 -690.8333333333335
513.3333333333333 -700.0000000000001
505.8333333333333 -692.5000000000001
500.8333333333333 -677.5000000000002
500.8333333333333 -677.5000000000002
512.5 -699.1666666666667
500.8333333333333 -677.5000000000002
504.16666666666663 -682.5000000000001
505.8333333333333 -692.5000000000001
505.0 -690.8333333333335
505.0 -690.8333333333335
515.0 -701.6666666666667
515.8333333333333 -702.5
506.66666666666663 -695.8333333333335
515.8333333333333 -702.5
505.8333333333333 -692.5000000000001
500.8333333333333 -677.5000000000002
505.0 -690.8333333333335
502.49999999999994 -680.8333333333334
505.0 -690.8333333333335
505.8333333333333 -692.5000000000001
501.66666666666663 -680.0000000000001
505.8333333333333 -692.5000000000001
515.0 -701.6666666666667
505.0 -690.8333333333335
505.0 -690.8333333333335
505.0 -690.8333333333335
515.8333333333333 -702.5
515.0 -701.6666666666667
513.3333333333333 -700.0000000000001
502.49999999999994 -680.8333333333334
515.0 -701.6666666666667
509.16666666666663 -698.3333333333334
509.16666666666663 -698.3333333333334
505.8333333333333 -692.5000000000001
505.8333333333333 -692.5000000000001
500.8333333333333 -677.5000000000002
505.0 -690.8333333333335
505.8333333333333 -692.5000000000001
505.0 -690.8333333333335
