500.8333333333333 -677.5000000000002
500.8333333333333 -677.5000000000002
501.66666666666663 -680.0000000000001
503.33333333333326 -681.6666666666667
500.8333333333333 -677.5000000000002
500.8333333333333 -677.5000000000002
500.8333333333333 -677.5000000000002
500.8333333333333 -677.5000000000002
500.8333333333333 -677.5000000000002
500.8333333333333 -677.5000000000002
500.8333333333333 -677.5000000000002
500.8333333333333 -677.5000000000002
500.8333333333333 -677.5000000000002
500.8333333333333 -677.5000000000002
500.8333333333333 -677.5000000000002
500.8333333333333 -677.5000000000002
500.8333333333333 -677.5000000000002
500.8333333333333 -677.5000000000002
500.8333333333333 -677.5000000000002
500.8333333333333 -677.5000000000002
503.33333333333326 -681.6666666666667
513.3333333333333 -700.0000000000001
500.8333333333333 -677.5000000000002
500.8333333333333 -677.5000000000002
500.8333333333333 -677.5000000000002
504.16666666666663 -682.5000000000001
515.0 -701.6666666666667
506.66666666666663 -695.8333333333335
500.8333333333333 -677.5000000000002
501.66666666666663 -680.0000000000001
515.0 -701.6666666666667
515.0 -701.6666666666667
513.3333333333333 -700.0000000000001
515.0 -701.6666666666667
500.8333333333333 -677.5000000000002
500.8333333333333 -677.5000000000002
513.3333333333333 -700.0000000000001
503.33333333333326 -681.6666666666667
500.8333333333333 -677.5000000000002
500.8333333333333 -677.5000000000002
500.8333333333333 -677.5000000000002
500.8333333333333 -677.5000000000002
500.8333333333333 -677.5000000000002
500.8333333333333 -677.5000000000002
502.49999999999994 -680.8333333333335
500.8333333333333 -677.5000000000002
500.8333333333333 -677.5000000000002
508.3333333333333 -697.5000000000001
500.8333333333333 -677.5000000000002
500.8333333333333 -677.5000000000002
501.66666666666663 -680.0000000000001
505.0 -693.3333333333335
500.8333333333333 -677.5000000000002
500.8333333333333 -677.5000000000002
515.0 -701.6666666666667
506.66666666666663 -695.8333333333335
500.8333333333333 -677.5000000000002
500.8333333333333 -677.5000000000002
501.66666666666663 -680.0000000000001
500.8333333333333 -677.5000000000002
506.66666666666663 -695.8333333333335
505.0 -693.3333333333335
513.3333333333333 -700.0000000000001
500.8333333333333 -677.5000000000002
506.66666666666663 -695.8333333333335
500.8333333333333 -677.5000000000002
505.0 -693.3333333333335
508.3333333333333 -697.5000000000001
503.33333333333326 -681.6666666666667
505.0 -693.3333333333335
500.8333333333333 -677.5000000000002
508.3333333333333 -697.5000000000001
505.0 -693.3333333333335
503.33333333333326 -681.6666666666667
500.8333333333333 -677.5000000000002
500.8333333333333 -677.5000000000002
504.16666666666663 -682.5000000000001
500.8333333333333 -677.5000000000002
501.66666666666663 -680.0000000000001
501.66666666666663 -680.0000000000001
515.0 -701.6666666666667
513.3333333333333 -700.0000000000001
500.8333333333333 -677.5000000000002
500.8333333333333 -677.5000000000002
500.8333333333333 -677.5000000000002
501.66666666666663 -680.0000000000001
502.49999999999994 -680.8333333333335
508.3333333333333 -697.5000000000001
508.3333333333333 -697.5000000000001
505.0 -693.3333333333335
504.16666666666663 -682.5000000000001
505.8333333333333 -695.8333333333334
508.3333333333333 -697.5000000000001
515.8333333333333 -702.5000000000001
515.8333333333333 -702.5000000000001
506.66666666666663 -695.8333333333335
505.0 -693.3333333333335
507.49999999999994 -696.6666666666669
500.8333333333333 -677.5000000000002
500.8333333333333 -677.5000000000002
505.0 -693.3333333333335
508.3333333333333 -697.5000000000001
515.0 -701.6666666666667
503.33333333333326 -681.6666666666667
500.8333333333333 -677.5000000000002
500.8333333333333 -677.5000000000002
500.8333333333333 -677.5000000000002
506.66666666666663 -695.8333333333335
501.66666666666663 -680.0000000000001
500.8333333333333 -677.5000000000002
502.49999999999994 -680.8333333333335
504.16666666666663 -682.5000000000001
506.66666666666663 -695.8333333333335
506.66666666666663 -695.8333333333335
500.8333333333333 -677.5000000000002
500.8333333333333 -677.5000000000002
500.8333333333333 -677.5000000000002
500.8333333333333 -677.5000000000002
515.0 -701.6666666666667
508.3333333333333 -697.5000000000001
506.66666666666663 -695.8333333333335
501.66666666666663 -680.0000000000001
503.33333333333326 -681.6666666666667
500.8333333333333 -677.5000000000002
500.8333333333333 -677.5000000000002
500.8333333333333 -677.5000000000002
500.8333333333333 -677.5000000000002
505.0 -693.3333333333335
506.66666666666663 -695.8333333333335
505.0 -693.3333333333335
509.99999999999994 -699.1666666666667
500.8333333333333 -677.5000000000002
507.49999999999994 -696.6666666666669
500.8333333333333 -677.5000000000002
503.33333333333326 -681.6666666666667
509.16666666666663 -698.3333333333335
504.16666666666663 -682.5000000000001
513.3333333333333 -700.0000000000001
506.66666666666663 -695.8333333333335
505.0 -693.3333333333335
504.99999999999994 -683.3333333333335
502.49999999999994 -680.8333333333335
515.0 -701.6666666666667
505.0 -693.3333333333335
500.8333333333333 -677.5000000000002
500.8333333333333 -677.5000000000002
515.0 -701.6666666666667
500.8333333333333 -677.5000000000002
500.8333333333333 -677.5000000000002
500.8333333333333 -677.5000000000002
500.8333333333333 -677.5000000000002
505.0 -693.3333333333335
504.16666666666663 -682.5000000000001
515.0 -701.6666666666667
514.1666666666666 -700.8333333333335
505.0 -693.3333333333335
508.3333333333333 -697.5000000000001
500.8333333333333 -677.5000000000002
505.0 -693.3333333333335
505.0 -693.3333333333335
500.8333333333333 -677.5000000000002
508.3333333333333 -697.5000000000001
500.8333333333333 -677.5000000000002
500.8333333333333 -677.5000000000002
505.0 -693.3333333333335
500.8333333333333 -677.5000000000002
500.8333333333333 -677.5000000000002
508.3333333333333 -697.5000000000001
505.0 -693.3333333333335
515.0 -701.6666666666667
507.49999999999994 -696.6666666666669
516.6666666666666 -703.3333333333334
506.66666666666663 -695.8333333333335
513.3333333333333 -700.0000000000001
500.8333333333333 -677.5000000000002
500.8333333333333 -677.5000000000002
506.66666666666663 -695.8333333333335
501.66666666666663 -680.0000000000001
516.6666666666666 -703.3333333333334
