504.16666666666663 -685.0
505.0 -694.1666666666667
505.0 -694.1666666666667
501.66666666666663 -681.6666666666667
505.0 -694.1666666666667
504.16666666666663 -685.0
505.0 -694.1666666666667
518.3333333333333 -707.5000000000001
504.16666666666663 -685.0
509.16666666666663 -701.6666666666667
505.0 -694.1666666666667
505.0 -694.1666666666667
518.3333333333333 -707.5000000000001
506.66666666666663 -697.5
507.5 -699.1666666666667
505.0 -694.1666666666667
509.16666666666663 -701.6666666666667
510.0 -702.5
504.16666666666663 -685.0
509.16666666666663 -701.6666666666667
519.1666666666666 -708.3333333333334
505.0 -694.1666666666667
505.8333333333333 -696.6666666666666
509.16666666666663 -701.6666666666667
510.8333333333333 -705.0000000000001
501.66666666666663 -681.6666666666667
505.0 -694.1666666666667
505.0 -694.1666666666667
509.16666666666663 -701.6666666666667
505.0 -694.1666666666667
507.5 -699.1666666666667
509.16666666666663 -701.6666666666667
505.0 -694.1666666666667
508.3333333333333 -701.6666666666666
510.0 -702.5
510.8333333333333 -705.0000000000001
509.16666666666663 -701.6666666666667
505.0 -694.1666666666667
505.0 -694.1666666666667
506.66666666666663 -697.5
509.16666666666663 -701.6666666666667
505.0 -694.1666666666667
509.16666666666663 -701.6666666666667
505.0 -694.1666666666667
500.8333333333333 -680.8333333333335
509.16666666666663 -701.6666666666667
509.16666666666663 -701.6666666666667
510.8333333333333 -705.0000000000001
505.0 -694.1666666666667
510.8333333333333 -705.0000000000001
505.0 -694.1666666666667
507.49999999999994 -697.5000000000001
516.6666666666666 -706.6666666666667
510.0 -702.5
507.49999999999994 -697.5000000000001
509.16666666666663 -701.6666666666667
504.16666666666663 -685.0
