505.0 -696.6666666666667
505.0 -696.6666666666667
505.0 -696.6666666666667
500.8333333333333 -682.5000000000001
516.6666666666666 -709.1666666666667
505.0 -696.6666666666667
504.16666666666663 -686.6666666666667
505.0 -696.6666666666667
516.6666666666666 -709.1666666666667
505.0 -696.6666666666667
505.0 -696.6666666666667
505.8333333333333 -700.8333333333334
513.3333333333333 -708.3333333333334
505.0 -696.6666666666667
501.66666666666663 -684.1666666666669
501.66666666666663 -684.1666666666669
508.3333333333333 -705.8333333333334
505.0 -696.6666666666667
505.0 -696.6666666666667
505.0 -696.6666666666667
504.16666666666663 -686.6666666666667
505.8333333333333 -700.8333333333334
505.0 -696.6666666666667
505.0 -696.6666666666667
517.5 -712.5
505.0 -696.6666666666667
505.0 -696.6666666666667
505.0 -696.6666666666667
508.3333333333333 -705.8333333333334
505.8333333333333 -700.8333333333334
511.66666666666663 -707.5
500.8333333333333 -682.5000000000001
508.3333333333333 -705.8333333333334
505.0 -696.6666666666667
504.16666666666663 -686.6666666666667
501.66666666666663 -684.1666666666669
507.5 -704.1666666666667
505.0 -696.6666666666667
511.66666666666663 -707.5
