500.8333333333333 -682.5000000000001
504.16666666666663 -686.6666666666667
501.66666666666663 -684.1666666666669
501.66666666666663 -684.1666666666669
504.16666666666663 -686.6666666666667
500.8333333333333 -682.5000000000001
504.16666666666663 -686.6666666666667
501.66666666666663 -684.1666666666669
500.8333333333333 -682.5000000000001
500.8333333333333 -682.5000000000001
501.66666666666663 -684.1666666666669
508.3333333333333 -706.6666666666667
510.8333333333333 -709.1666666666666
500.8333333333333 -682.5000000000001
502.49999999999994 -685.0000000000002
500.8333333333333 -682.5000000000001
504.16666666666663 -686.6666666666667
501.66666666666663 -684.1666666666669
500.8333333333333 -682.5000000000001
510.8333333333333 -709.1666666666666
510.8333333333333 -709.1666666666666
504.16666666666663 -686.6666666666667
508.3333333333333 -706.6666666666667
515.8333333333333 -711.6666666666666
507.5 -705.0000000000001
504.16666666666663 -686.6666666666667
513.3333333333333 -709.1666666666667
508.3333333333333 -706.6666666666667
507.5 -705.0000000000001
500.8333333333333 -682.5000000000001
504.16666666666663 -686.6666666666667
500.8333333333333 -682.5000000000001
501.66666666666663 -684.1666666666669
500.8333333333333 -682.5000000000001
510.8333333333333 -709.1666666666666
504.16666666666663 -686.6666666666667
510.8333333333333 -709.1666666666666
500.8333333333333 -682.5000000000001
500.8333333333333 -682.5000000000001
500.8333333333333 -682.5000000000001
501.66666666666663 -684.1666666666669
501.66666666666663 -684.1666666666669
500.8333333333333 -682.5000000000001
500.8333333333333 -682.5000000000001
507.5 -705.0000000000001
500.8333333333333 -682.5000000000001
504.16666666666663 -686.6666666666667
507.5 -705.0000000000001
504.16666666666663 -686.6666666666667
507.5 -705.0000000000001
508.3333333333333 -706.6666666666667
514.1666666666666 -710.8333333333334
510.8333333333333 -709.1666666666666
500.8333333333333 -682.5000000000001
508.3333333333333 -706.6666666666667
507.5 -705.0000000000001
508.3333333333333 -706.6666666666667
508.3333333333333 -706.6666666666667
507.5 -705.0000000000001
507.5 -705.0000000000001
510.8333333333333 -709.1666666666666
510.8333333333333 -709.1666666666666
505.0 -700.0000000000001
507.5 -705.0000000000001
500.8333333333333 -682.5000000000001
513.3333333333333 -709.1666666666667
501.66666666666663 -684.1666666666669
500.8333333333333 -682.5000000000001
504.16666666666663 -686.6666666666667
507.5 -705.0000000000001
510.8333333333333 -709.1666666666666
510.8333333333333 -709.1666666666666
501.66666666666663 -684.1666666666669
507.5 -705.0000000000001
504.16666666666663 -686.6666666666667
500.8333333333333 -682.5000000000001
508.3333333333333 -706.6666666666667
505.0 -700.0000000000001
500.8333333333333 -682.5000000000001
507.5 -705.0000000000001
508.3333333333333 -706.6666666666667
510.8333333333333 -709.1666666666666
501.66666666666663 -684.1666666666669
504.16666666666663 -686.6666666666667
504.16666666666663 -686.6666666666667
500.8333333333333 -682.5000000000001
504.16666666666663 -686.6666666666667
500.8333333333333 -682.5000000000001
508.3333333333333 -706.6666666666667
510.8333333333333 -709.1666666666666
500.8333333333333 -682.5000000000001
504.16666666666663 -686.6666666666667
501.66666666666663 -684.1666666666669
510.8333333333333 -709.1666666666666
507.5 -705.0000000000001
505.8333333333333 -701.6666666666667
510.8333333333333 -709.1666666666666
505.0 -700.0000000000001
505.0 -700.0000000000001
507.5 -705.0000000000001
500.8333333333333 -682.5000000000001
505.0 -700.0000000000001
508.3333333333333 -706.6666666666667
504.16666666666663 -686.6666666666667
504.16666666666663 -686.6666666666667
500.8333333333333 -682.5000000000001
505.0 -700.0000000000001
505.0 -700.0000000000001
508.3333333333333 -706.6666666666667
508.3333333333333 -706.6666666666667
510.8333333333333 -709.1666666666666
504.16666666666663 -686.6666666666667
508.3333333333333 -706.6666666666667
508.3333333333333 -706.6666666666667
505.0 -700.0000000000001
500.8333333333333 -682.5000000000001
504.16666666666663 -686.6666666666667
501.66666666666663 -684.1666666666669
500.8333333333333 -682.5000000000001
504.16666666666663 -686.6666666666667
500.8333333333333 -682.5000000000001
507.5 -705.0000000000001
505.0 -700.0000000000001
517.5 -713.3333333333334
