500.8333333333333 -686.6666666666667
520.0 -716.6666666666667
500.8333333333333 -686.6666666666667
520.0 -716.6666666666667
504.16666666666663 -690.0
505.0 -700.8333333333335
513.3333333333333 -712.5000000000001
501.66666666666663 -687.5000000000001
517.5 -714.1666666666667
512.5 -711.6666666666669
506.6666666666667 -703.3333333333334
507.5 -705.8333333333335
504.16666666666663 -690.0
510.8333333333333 -710.0000000000001
518.3333333333334 -715.0
518.3333333333334 -715.0
510.8333333333333 -710.0000000000001
505.0 -700.8333333333335
505.8333333333333 -702.5000000000001
517.5 -714.1666666666667
508.3333333333333 -707.5000000000001
507.5 -705.8333333333335
509.1666666666667 -708.3333333333334
510.0 -709.1666666666669
505.8333333333333 -702.5000000000001
508.3333333333333 -707.5000000000001
510.0 -709.1666666666669
506.6666666666667 -703.3333333333334
509.1666666666667 -708.3333333333334
518.3333333333334 -715.0
510.8333333333333 -710.0000000000001
505.0 -700.8333333333335
517.5 -714.1666666666667
507.5 -705.8333333333335
505.8333333333333 -702.5000000000001
508.3333333333333 -707.5000000000001
510.0 -709.1666666666669
509.1666666666667 -708.3333333333334
506.6666666666667 -703.3333333333334
517.5 -714.1666666666667
505.0 -700.8333333333335
510.8333333333333 -710.0000000000001
507.5 -705.8333333333335
505.8333333333333 -702.5000000000001
508.3333333333333 -707.5000000000001
509.1666666666667 -708.3333333333334
506.6666666666667 -703.3333333333334
505.0 -700.8333333333335
510.8333333333333 -710.0000000000001
507.5 -705.8333333333335
508.3333333333333 -707.5000000000001
505.8333333333333 -702.5000000000001
506.6666666666667 -703.3333333333334
509.1666666666667 -708.3333333333334
505.0 -700.8333333333335
510.8333333333333 -710.0000000000001
507.5 -705.8333333333335
505.8333333333333 -702.5000000000001
508.3333333333333 -707.5000000000001
506.6666666666667 -703.3333333333334
509.1666666666667 -708.3333333333334
505.0 -700.8333333333335
507.5 -705.8333333333335
508.3333333333333 -707.5000000000001
510.8333333333333 -710.0000000000001
505.8333333333333 -702.5000000000001
509.1666666666667 -708.3333333333334
506.6666666666667 -703.3333333333334
508.3333333333333 -707.5000000000001
508.3333333333333 -707.5000000000001
508.3333333333333 -707.5000000000001
508.3333333333333 -707.5000000000001
507.5 -705.8333333333335
508.3333333333333 -707.5000000000001
507.5 -705.8333333333335
508.3333333333333 -707.5000000000001
508.3333333333333 -707.5000000000001
507.5 -705.8333333333335
507.5 -705.8333333333335
508.3333333333333 -707.5000000000001
507.5 -705.8333333333335
507.5 -705.8333333333335
508.3333333333333 -707.5000000000001
507.5 -705.8333333333335
505.0 -700.8333333333335
508.3333333333333 -707.5000000000001
508.3333333333333 -707.5000000000001
508.3333333333333 -707.5000000000001
507.5 -705.8333333333335
507.5 -705.8333333333335
508.3333333333333 -707.5000000000001
508.3333333333333 -707.5000000000001
505.0 -700.8333333333335
508.3333333333333 -707.5000000000001
505.0 -700.8333333333335
507.5 -705.8333333333335
509.1666666666667 -708.3333333333334
507.5 -705.8333333333335
507.5 -705.8333333333335
507.5 -705.8333333333335
505.0 -700.8333333333335
505.0 -700.8333333333335
505.8333333333333 -702.5000000000001
508.3333333333333 -707.5000000000001
505.0 -700.8333333333335
505.8333333333333 -702.5000000000001
505.8333333333333 -702.5000000000001
507.5 -705.8333333333335
507.5 -705.8333333333335
507.5 -705.8333333333335
508.3333333333333 -707.5000000000001
508.3333333333333 -707.5000000000001
505.0 -700.8333333333335
508.3333333333333 -707.5000000000001
505.0 -700.8333333333335
505.0 -700.8333333333335
505.0 -700.8333333333335
505.0 -700.8333333333335
508.3333333333333 -707.5000000000001
507.5 -705.8333333333335
510.8333333333333 -710.0000000000001
509.1666666666667 -708.3333333333334
507.5 -705.8333333333335
505.0 -700.8333333333335
505.8333333333333 -702.5000000000001
505.8333333333333 -702.5000000000001
505.0 -700.8333333333335
508.3333333333333 -707.5000000000001
507.5 -705.8333333333335
505.0 -700.8333333333335
507.5 -705.8333333333335
507.5 -705.8333333333335
510.8333333333333 -710.0000000000001
505.0 -700.8333333333335
508.3333333333333 -707.5000000000001
507.5 -705.8333333333335
508.3333333333333 -707.5000000000001
509.1666666666667 -708.3333333333334
508.3333333333333 -707.5000000000001
508.3333333333333 -707.5000000000001
505.8333333333333 -702.5000000000001
507.5 -705.8333333333335
508.3333333333333 -707.5000000000001
508.3333333333333 -707.5000000000001
507.5 -705.8333333333335
507.5 -705.8333333333335
508.3333333333333 -707.5000000000001
505.0 -700.8333333333335
507.5 -705.8333333333335
507.5 -705.8333333333335
508.3333333333333 -707.5000000000001
508.3333333333333 -707.5000000000001
505.0 -700.8333333333335
508.3333333333333 -707.5000000000001
510.8333333333333 -710.0000000000001
508.3333333333333 -707.5000000000001
507.5 -705.8333333333335
505.0 -700.8333333333335
505.0 -700.8333333333335
508.3333333333333 -707.5000000000001
505.8333333333333 -702.5000000000001
508.3333333333333 -707.5000000000001
505.8333333333333 -702.5000000000001
508.3333333333333 -707.5000000000001
510.8333333333333 -710.0000000000001
507.5 -705.8333333333335
505.8333333333333 -702.5000000000001
507.5 -705.8333333333335
507.5 -705.8333333333335
507.5 -705.8333333333335
510.8333333333333 -710.0000000000001
505.8333333333333 -702.5000000000001
508.3333333333333 -707.5000000000001
508.3333333333333 -707.5000000000001
505.0 -700.8333333333335
507.5 -705.8333333333335
507.5 -705.8333333333335
505.8333333333333 -702.5000000000001
507.5 -705.8333333333335
505.0 -700.8333333333335
510.8333333333333 -710.0000000000001
507.5 -705.8333333333335
508.3333333333333 -707.5000000000001
510.8333333333333 -710.0000000000001
509.1666666666667 -708.3333333333334
508.3333333333333 -707.5000000000001
505.0 -700.8333333333335
505.8333333333333 -702.5000000000001
506.6666666666667 -703.3333333333334
507.5 -705.8333333333335
507.5 -705.8333333333335
507.5 -705.8333333333335
505.0 -700.8333333333335
507.5 -705.8333333333335
505.8333333333333 -702.5000000000001
508.3333333333333 -707.5000000000001
507.5 -705.8333333333335
507.5 -705.8333333333335
505.0 -700.8333333333335
507.5 -705.8333333333335
