500.8333333333333 -686.6666666666667
520.0 -716.6666666666667
500.8333333333333 -686.6666666666667
520.0 -716.6666666666667
504.16666666666663 -692.5000000000001
505.0 -700.8333333333335
502.5 -689.1666666666666
517.5 -714.1666666666667
513.3333333333333 -712.5000000000001
518.3333333333333 -715.8333333333335
508.3333333333333 -708.3333333333335
501.66666666666663 -687.5000000000001
504.16666666666663 -692.5000000000001
512.5 -711.6666666666669
506.6666666666667 -703.3333333333334
507.5 -705.8333333333335
507.5 -705.8333333333335
509.1666666666667 -709.1666666666667
505.0 -700.8333333333335
505.8333333333333 -702.5000000000001
513.3333333333333 -712.5000000000001
517.5 -714.1666666666667
511.6666666666667 -710.8333333333334
510.8333333333333 -710.0000000000001
505.8333333333333 -702.5000000000001
510.8333333333333 -710.0000000000001
510.0 -709.1666666666669
511.6666666666667 -710.8333333333334
506.6666666666667 -703.3333333333334
510.0 -709.1666666666669
520.0 -716.6666666666667
504.16666666666663 -692.5000000000001
505.0 -700.8333333333335
517.5 -714.1666666666667
507.5 -705.8333333333335
513.3333333333333 -712.5000000000001
505.8333333333333 -702.5000000000001
510.8333333333333 -710.0000000000001
511.6666666666667 -710.8333333333334
506.6666666666667 -703.3333333333334
510.0 -709.1666666666669
520.0 -716.6666666666667
504.16666666666663 -692.5000000000001
505.0 -700.8333333333335
517.5 -714.1666666666667
507.5 -705.8333333333335
513.3333333333333 -712.5000000000001
505.8333333333333 -702.5000000000001
510.8333333333333 -710.0000000000001
511.6666666666667 -710.8333333333334
506.6666666666667 -703.3333333333334
520.0 -716.6666666666667
505.0 -700.8333333333335
517.5 -714.1666666666667
507.5 -705.8333333333335
505.8333333333333 -702.5000000000001
510.8333333333333 -710.0000000000001
506.6666666666667 -703.3333333333334
511.6666666666667 -710.8333333333334
505.0 -700.8333333333335
517.5 -714.1666666666667
507.5 -705.8333333333335
510.8333333333333 -710.0000000000001
505.8333333333333 -702.5000000000001
506.6666666666667 -703.3333333333334
510.8333333333333 -710.0000000000001
505.0 -700.8333333333335
517.5 -714.1666666666667
507.5 -705.8333333333335
505.8333333333333 -702.5000000000001
506.6666666666667 -703.3333333333334
510.8333333333333 -710.0000000000001
505.0 -700.8333333333335
517.5 -714.1666666666667
507.5 -705.8333333333335
505.8333333333333 -702.5000000000001
506.6666666666667 -703.3333333333334
505.0 -700.8333333333335
510.8333333333333 -710.0000000000001
507.5 -705.8333333333335
505.8333333333333 -702.5000000000001
506.6666666666667 -703.3333333333334
505.0 -700.8333333333335
510.8333333333333 -710.0000000000001
507.5 -705.8333333333335
505.8333333333333 -702.5000000000001
506.6666666666667 -703.3333333333334
505.0 -700.8333333333335
510.8333333333333 -710.0000000000001
507.5 -705.8333333333335
505.8333333333333 -702.5000000000001
506.6666666666667 -703.3333333333334
505.0 -700.8333333333335
507.5 -705.8333333333335
510.8333333333333 -710.0000000000001
505.8333333333333 -702.5000000000001
506.6666666666667 -703.3333333333334
507.5 -705.8333333333335
507.5 -705.8333333333335
507.5 -705.8333333333335
507.5 -705.8333333333335
507.5 -705.8333333333335
507.5 -705.8333333333335
507.5 -705.8333333333335
505.0 -700.8333333333335
507.5 -705.8333333333335
507.5 -705.8333333333335
505.0 -700.8333333333335
505.0 -700.8333333333335
507.5 -705.8333333333335
507.5 -705.8333333333335
507.5 -705.8333333333335
507.5 -705.8333333333335
505.0 -700.8333333333335
505.0 -700.8333333333335
505.8333333333333 -702.5000000000001
505.0 -700.8333333333335
505.8333333333333 -702.5000000000001
505.8333333333333 -702.5000000000001
507.5 -705.8333333333335
507.5 -705.8333333333335
507.5 -705.8333333333335
505.0 -700.8333333333335
505.0 -700.8333333333335
505.0 -700.8333333333335
505.0 -700.8333333333335
505.0 -700.8333333333335
507.5 -705.8333333333335
510.8333333333333 -710.0000000000001
507.5 -705.8333333333335
505.0 -700.8333333333335
505.8333333333333 -702.5000000000001
505.8333333333333 -702.5000000000001
505.0 -700.8333333333335
507.5 -705.8333333333335
505.0 -700.8333333333335
507.5 -705.8333333333335
507.5 -705.8333333333335
510.8333333333333 -710.0000000000001
505.0 -700.8333333333335
507.5 -705.8333333333335
505.8333333333333 -702.5000000000001
507.5 -705.8333333333335
507.5 -705.8333333333335
507.5 -705.8333333333335
505.0 -700.8333333333335
507.5 -705.8333333333335
507.5 -705.8333333333335
505.0 -700.8333333333335
510.8333333333333 -710.0000000000001
507.5 -705.8333333333335
505.0 -700.8333333333335
505.0 -700.8333333333335
505.8333333333333 -702.5000000000001
505.8333333333333 -702.5000000000001
510.8333333333333 -710.0000000000001
507.5 -705.8333333333335
505.8333333333333 -702.5000000000001
507.5 -705.8333333333335
507.5 -705.8333333333335
505.8333333333333 -702.5000000000001
510.8333333333333 -710.0000000000001
505.8333333333333 -702.5000000000001
510.8333333333333 -710.0000000000001
507.5 -705.8333333333335
507.5 -705.8333333333335
505.0 -700.8333333333335
507.5 -705.8333333333335
505.8333333333333 -702.5000000000001
505.0 -700.8333333333335
505.8333333333333 -702.5000000000001
507.5 -705.8333333333335
510.8333333333333 -710.0000000000001
505.8333333333333 -702.5000000000001
507.5 -705.8333333333335
505.0 -700.8333333333335
517.5 -714.1666666666667
510.8333333333333 -710.0000000000001
507.5 -705.8333333333335
505.8333333333333 -702.5000000000001
505.8333333333333 -702.5000000000001
506.6666666666667 -703.3333333333334
510.8333333333333 -710.0000000000001
513.3333333333333 -712.5000000000001
517.5 -714.1666666666667
505.8333333333333 -702.5000000000001
505.8333333333333 -702.5000000000001
510.8333333333333 -710.0000000000001
505.0 -700.8333333333335
507.5 -705.8333333333335
507.5 -705.8333333333335
505.0 -700.8333333333335
507.5 -705.8333333333335
507.5 -705.8333333333335
505.8333333333333 -702.5000000000001
505.8333333333333 -702.5000000000001
507.5 -705.8333333333335
507.5 -705.8333333333335
517.5 -714.1666666666667
510.8333333333333 -710.0000000000001
