500.8333333333333 -687.5000000000001
500.8333333333333 -687.5000000000001
505.0 -710.0000000000001
501.66666666666663 -689.1666666666667
505.0 -710.0000000000001
505.0 -710.0000000000001
507.5 -715.0000000000001
500.8333333333333 -687.5000000000001
505.0 -710.0000000000001
505.0 -710.0000000000001
505.0 -710.0000000000001
502.5 -708.3333333333334
507.5 -715.0000000000001
501.66666666666663 -689.1666666666667
515.0 -720.0000000000001
505.0 -710.0000000000001
505.8333333333333 -712.5000000000001
505.0 -710.0000000000001
510.8333333333333 -719.1666666666667
505.0 -710.0000000000001
505.0 -710.0000000000001
503.3333333333333 -709.1666666666666
502.5 -708.3333333333334
