514.1666666666666 -725.0000000000001
500.8333333333333 -692.5000000000001
514.1666666666666 -725.0000000000001
500.8333333333333 -692.5000000000001
501.66666666666663 -694.1666666666667
502.5 -711.6666666666667
508.3333333333333 -720.8333333333335
510.8333333333333 -721.6666666666667
506.66666666666663 -720.0000000000001
504.16666666666663 -714.1666666666669
505.0 -716.6666666666667
502.5 -711.6666666666667
505.0 -716.6666666666667
501.66666666666663 -694.1666666666667
505.8333333333333 -718.3333333333335
503.3333333333333 -713.3333333333335
505.8333333333333 -718.3333333333335
512.5 -723.3333333333335
504.16666666666663 -714.1666666666669
513.3333333333333 -724.1666666666669
511.66666666666663 -722.5000000000001
506.66666666666663 -720.0000000000001
503.3333333333333 -713.3333333333335
511.66666666666663 -722.5000000000001
510.8333333333333 -721.6666666666667
512.5 -723.3333333333335
513.3333333333333 -724.1666666666669
500.8333333333333 -692.5000000000001
502.5 -711.6666666666667
505.0 -716.6666666666667
501.66666666666663 -694.1666666666667
505.8333333333333 -718.3333333333335
504.16666666666663 -714.1666666666669
506.66666666666663 -720.0000000000001
503.3333333333333 -713.3333333333335
511.66666666666663 -722.5000000000001
510.8333333333333 -721.6666666666667
512.5 -723.3333333333335
513.3333333333333 -724.1666666666669
500.8333333333333 -692.5000000000001
502.5 -711.6666666666667
505.0 -716.6666666666667
501.66666666666663 -694.1666666666667
505.8333333333333 -718.3333333333335
504.16666666666663 -714.1666666666669
506.66666666666663 -720.0000000000001
503.3333333333333 -713.3333333333335
511.66666666666663 -722.5000000000001
510.8333333333333 -721.6666666666667
512.5 -723.3333333333335
513.3333333333333 -724.1666666666669
500.8333333333333 -692.5000000000001
502.5 -711.6666666666667
505.0 -716.6666666666667
501.66666666666663 -694.1666666666667
505.8333333333333 -718.3333333333335
504.16666666666663 -714.1666666666669
503.3333333333333 -713.3333333333335
511.66666666666663 -722.5000000000001
510.8333333333333 -721.6666666666667
512.5 -723.3333333333335
513.3333333333333 -724.1666666666669
513.3333333333333 -724.1666666666669
513.3333333333333 -724.1666666666669
512.5 -723.3333333333335
513.3333333333333 -724.1666666666669
502.5 -711.6666666666667
511.66666666666663 -722.5000000000001
505.0 -716.6666666666667
504.16666666666663 -714.1666666666669
505.0 -716.6666666666667
513.3333333333333 -724.1666666666669
510.8333333333333 -721.6666666666667
505.0 -716.6666666666667
503.3333333333333 -713.3333333333335
512.5 -723.3333333333335
510.8333333333333 -721.6666666666667
505.0 -716.6666666666667
505.0 -716.6666666666667
512.5 -723.3333333333335
505.0 -716.6666666666667
505.0 -716.6666666666667
502.5 -711.6666666666667
505.8333333333333 -718.3333333333335
504.16666666666663 -714.1666666666669
510.8333333333333 -721.6666666666667
512.5 -723.3333333333335
511.66666666666663 -722.5000000000001
505.0 -716.6666666666667
502.5 -711.6666666666667
511.66666666666663 -722.5000000000001
511.66666666666663 -722.5000000000001
505.0 -716.6666666666667
505.0 -716.6666666666667
502.5 -711.6666666666667
505.8333333333333 -718.3333333333335
510.8333333333333 -721.6666666666667
512.5 -723.3333333333335
505.0 -716.6666666666667
513.3333333333333 -724.1666666666669
502.5 -711.6666666666667
505.0 -716.6666666666667
505.8333333333333 -718.3333333333335
503.3333333333333 -713.3333333333335
502.5 -711.6666666666667
505.0 -716.6666666666667
505.8333333333333 -718.3333333333335
502.5 -711.6666666666667
511.66666666666663 -722.5000000000001
505.8333333333333 -718.3333333333335
505.0 -716.6666666666667
505.0 -716.6666666666667
513.3333333333333 -724.1666666666669
505.8333333333333 -718.3333333333335
502.5 -711.6666666666667
505.8333333333333 -718.3333333333335
502.5 -711.6666666666667
505.0 -716.6666666666667
502.5 -711.6666666666667
505.0 -716.6666666666667
502.5 -711.6666666666667
505.8333333333333 -718.3333333333335
502.5 -711.6666666666667
505.0 -716.6666666666667
511.66666666666663 -722.5000000000001
502.5 -711.6666666666667
511.66666666666663 -722.5000000000001
503.3333333333333 -713.3333333333335
505.0 -716.6666666666667
505.8333333333333 -718.3333333333335
505.0 -716.6666666666667
512.5 -723.3333333333335
511.66666666666663 -722.5000000000001
512.5 -723.3333333333335
505.8333333333333 -718.3333333333335
505.8333333333333 -718.3333333333335
505.0 -716.6666666666667
502.5 -711.6666666666667
502.5 -711.6666666666667
505.0 -716.6666666666667
510.8333333333333 -721.6666666666667
505.8333333333333 -718.3333333333335
503.3333333333333 -713.3333333333335
502.5 -711.6666666666667
505.8333333333333 -718.3333333333335
505.8333333333333 -718.3333333333335
502.5 -711.6666666666667
502.5 -711.6666666666667
505.8333333333333 -718.3333333333335
512.5 -723.3333333333335
511.66666666666663 -722.5000000000001
510.8333333333333 -721.6666666666667
502.5 -711.6666666666667
502.5 -711.6666666666667
505.8333333333333 -718.3333333333335
502.5 -711.6666666666667
505.0 -716.6666666666667
510.8333333333333 -721.6666666666667
505.0 -716.6666666666667
505.0 -716.6666666666667
503.3333333333333 -713.3333333333335
505.0 -716.6666666666667
505.0 -716.6666666666667
503.3333333333333 -713.3333333333335
505.0 -716.6666666666667
505.0 -716.6666666666667
502.5 -711.6666666666667
503.3333333333333 -713.3333333333335
511.66666666666663 -722.5000000000001
505.8333333333333 -718.3333333333335
502.5 -711.6666666666667
510.8333333333333 -721.6666666666667
502.5 -711.6666666666667
505.0 -716.6666666666667
503.3333333333333 -713.3333333333335
512.5 -723.3333333333335
503.3333333333333 -713.3333333333335
510.8333333333333 -721.6666666666667
510.8333333333333 -721.6666666666667
502.5 -711.6666666666667
505.0 -716.6666666666667
505.0 -716.6666666666667
503.3333333333333 -713.3333333333335
503.3333333333333 -713.3333333333335
503.3333333333333 -713.3333333333335
505.0 -716.6666666666667
502.5 -711.6666666666667
503.3333333333333 -713.3333333333335
502.5 -711.6666666666667
502.5 -711.6666666666667
502.5 -711.6666666666667
510.8333333333333 -721.6666666666667
502.5 -711.6666666666667
502.5 -711.6666666666667
513.3333333333333 -724.1666666666669
510.8333333333333 -721.6666666666667
501.66666666666663 -694.1666666666667
502.5 -711.6666666666667
503.3333333333333 -713.3333333333335
503.3333333333333 -713.3333333333335
