499.16666666666663 -694.1666666666667
517.5 -729.1666666666667
514.1666666666666 -725.0000000000001
505.8333333333333 -719.1666666666667
514.1666666666666 -725.0000000000001
506.66666666666663 -720.0000000000001
504.16666666666663 -715.0000000000001
504.16666666666663 -715.0000000000001
512.5 -723.3333333333335
513.3333333333333 -724.1666666666669
506.66666666666663 -720.0000000000001
512.5 -723.3333333333335
513.3333333333333 -724.1666666666669
504.16666666666663 -715.0000000000001
514.1666666666666 -725.0000000000001
506.66666666666663 -720.0000000000001
512.5 -723.3333333333335
513.3333333333333 -724.1666666666669
504.16666666666663 -715.0000000000001
506.66666666666663 -720.0000000000001
512.5 -723.3333333333335
513.3333333333333 -724.1666666666669
506.66666666666663 -720.0000000000001
512.5 -723.3333333333335
513.3333333333333 -724.1666666666669
506.66666666666663 -720.0000000000001
512.5 -723.3333333333335
513.3333333333333 -724.1666666666669
512.5 -723.3333333333335
513.3333333333333 -724.1666666666669
512.5 -723.3333333333335
513.3333333333333 -724.1666666666669
512.5 -723.3333333333335
513.3333333333333 -724.1666666666669
512.5 -723.3333333333335
513.3333333333333 -724.1666666666669
512.5 -723.3333333333335
513.3333333333333 -724.1666666666669
512.5 -723.3333333333335
513.3333333333333 -724.1666666666669
513.3333333333333 -724.1666666666669
513.3333333333333 -724.1666666666669
512.5 -723.3333333333335
512.5 -723.3333333333335
512.5 -723.3333333333335
512.5 -723.3333333333335
512.5 -723.3333333333335
512.5 -723.3333333333335
512.5 -723.3333333333335
504.16666666666663 -715.0000000000001
512.5 -723.3333333333335
513.3333333333333 -724.1666666666669
510.0 -722.5000000000001
517.5 -729.1666666666667
500.8333333333333 -695.8333333333334
504.16666666666663 -715.0000000000001
504.16666666666663 -715.0000000000001
506.66666666666663 -720.0000000000001
504.16666666666663 -715.0000000000001
512.5 -723.3333333333335
504.99999999999994 -716.6666666666667
514.1666666666666 -725.0000000000001
504.16666666666663 -715.0000000000001
513.3333333333333 -724.1666666666669
498.3333333333333 -692.5000000000001
504.16666666666663 -715.0000000000001
506.66666666666663 -720.0000000000001
504.16666666666663 -715.0000000000001
504.16666666666663 -715.0000000000001
506.66666666666663 -720.0000000000001
504.16666666666663 -715.0000000000001
506.66666666666663 -720.0000000000001
504.16666666666663 -715.0000000000001
506.66666666666663 -720.0000000000001
504.16666666666663 -715.0000000000001
503.3333333333333 -714.1666666666667
506.66666666666663 -720.0000000000001
513.3333333333333 -724.1666666666669
504.16666666666663 -715.0000000000001
504.99999999999994 -716.6666666666667
503.3333333333333 -714.1666666666667
506.66666666666663 -720.0000000000001
506.66666666666663 -720.0000000000001
506.66666666666663 -720.0000000000001
505.0 -717.5000000000001
506.66666666666663 -720.0000000000001
504.16666666666663 -715.0000000000001
506.66666666666663 -720.0000000000001
512.5 -723.3333333333335
508.3333333333333 -721.6666666666667
515.8333333333333 -727.5000000000001
512.5 -723.3333333333335
504.16666666666663 -715.0000000000001
504.16666666666663 -715.0000000000001
506.66666666666663 -720.0000000000001
502.5 -712.5000000000001
508.3333333333333 -721.6666666666667
