498.3333333333333 -692.5000000000001
498.3333333333333 -692.5000000000001
515.0 -730.0000000000002
515.0 -730.0000000000002
501.66666666666663 -700.0000000000001
499.16666666666663 -695.0000000000001
507.49999999999994 -722.5000000000001
500.8333333333333 -697.5000000000001
503.3333333333333 -716.6666666666669
499.99999999999994 -696.6666666666667
511.66666666666663 -726.6666666666667
503.3333333333333 -716.6666666666669
506.66666666666663 -721.6666666666667
504.16666666666663 -718.3333333333335
513.3333333333333 -728.3333333333336
514.1666666666666 -729.1666666666669
514.1666666666666 -729.1666666666669
499.99999999999994 -696.6666666666667
506.66666666666663 -721.6666666666667
511.66666666666663 -726.6666666666667
500.8333333333333 -697.5000000000001
507.49999999999994 -722.5000000000001
505.8333333333333 -720.0000000000001
513.3333333333333 -728.3333333333336
504.16666666666663 -718.3333333333335
505.8333333333333 -720.0000000000001
514.1666666666666 -729.1666666666669
499.99999999999994 -696.6666666666667
511.66666666666663 -726.6666666666667
500.8333333333333 -697.5000000000001
513.3333333333333 -728.3333333333336
504.16666666666663 -718.3333333333335
506.66666666666663 -721.6666666666667
511.66666666666663 -726.6666666666667
500.8333333333333 -697.5000000000001
506.66666666666663 -721.6666666666667
511.66666666666663 -726.6666666666667
511.66666666666663 -726.6666666666667
511.66666666666663 -726.6666666666667
511.66666666666663 -726.6666666666667
511.66666666666663 -726.6666666666667
511.66666666666663 -726.6666666666667
511.66666666666663 -726.6666666666667
511.66666666666663 -726.6666666666667
511.66666666666663 -726.6666666666667
511.66666666666663 -726.6666666666667
511.66666666666663 -726.6666666666667
511.66666666666663 -726.6666666666667
511.66666666666663 -726.6666666666667
511.66666666666663 -726.6666666666667
511.66666666666663 -726.6666666666667
511.66666666666663 -726.6666666666667
511.66666666666663 -726.6666666666667
511.66666666666663 -726.6666666666667
511.66666666666663 -726.6666666666667
511.66666666666663 -726.6666666666667
504.16666666666663 -718.3333333333335
511.66666666666663 -726.6666666666667
511.66666666666663 -726.6666666666667
507.49999999999994 -722.5000000000001
511.66666666666663 -726.6666666666667
511.66666666666663 -726.6666666666667
506.66666666666663 -721.6666666666667
506.66666666666663 -721.6666666666667
511.66666666666663 -726.6666666666667
511.66666666666663 -726.6666666666667
504.16666666666663 -718.3333333333335
511.66666666666663 -726.6666666666667
504.99999999999994 -719.1666666666669
511.66666666666663 -726.6666666666667
506.66666666666663 -721.6666666666667
511.66666666666663 -726.6666666666667
511.66666666666663 -726.6666666666667
505.8333333333333 -720.0000000000001
511.66666666666663 -726.6666666666667
511.66666666666663 -726.6666666666667
511.66666666666663 -726.6666666666667
511.66666666666663 -726.6666666666667
511.66666666666663 -726.6666666666667
511.66666666666663 -726.6666666666667
511.66666666666663 -726.6666666666667
513.3333333333333 -728.3333333333336
509.16666666666663 -724.1666666666669
511.66666666666663 -726.6666666666667
513.3333333333333 -728.3333333333336
511.66666666666663 -726.6666666666667
506.66666666666663 -721.6666666666667
504.99999999999994 -719.1666666666669
507.49999999999994 -722.5000000000001
513.3333333333333 -728.3333333333336
514.1666666666666 -729.1666666666669
506.66666666666663 -721.6666666666667
511.66666666666663 -726.6666666666667
502.5 -715.0000000000001
511.66666666666663 -726.6666666666667
513.3333333333333 -728.3333333333336
511.66666666666663 -726.6666666666667
511.66666666666663 -726.6666666666667
505.8333333333333 -720.0000000000001
504.16666666666663 -718.3333333333335
513.3333333333333 -728.3333333333336
513.3333333333333 -728.3333333333336
511.66666666666663 -726.6666666666667
511.66666666666663 -726.6666666666667
511.66666666666663 -726.6666666666667
511.66666666666663 -726.6666666666667
506.66666666666663 -721.6666666666667
513.3333333333333 -728.3333333333336
511.66666666666663 -726.6666666666667
511.66666666666663 -726.6666666666667
506.66666666666663 -721.6666666666667
507.49999999999994 -722.5000000000001
511.66666666666663 -726.6666666666667
510.83333333333326 -725.0000000000002
511.66666666666663 -726.6666666666667
511.66666666666663 -726.6666666666667
508.3333333333333 -723.3333333333335
506.66666666666663 -721.6666666666667
504.16666666666663 -718.3333333333335
511.66666666666663 -726.6666666666667
506.66666666666663 -721.6666666666667
499.16666666666663 -695.0000000000001
511.66666666666663 -726.6666666666667
505.8333333333333 -720.0000000000001
504.16666666666663 -718.3333333333335
508.3333333333333 -723.3333333333335
514.1666666666666 -729.1666666666669
514.1666666666666 -729.1666666666669
506.66666666666663 -721.6666666666667
513.3333333333333 -728.3333333333336
511.66666666666663 -726.6666666666667
511.66666666666663 -726.6666666666667
513.3333333333333 -728.3333333333336
504.16666666666663 -718.3333333333335
505.8333333333333 -720.0000000000001
506.66666666666663 -721.6666666666667
511.66666666666663 -726.6666666666667
507.49999999999994 -722.5000000000001
511.66666666666663 -726.6666666666667
513.3333333333333 -728.3333333333336
511.66666666666663 -726.6666666666667
504.99999999999994 -719.1666666666669
511.66666666666663 -726.6666666666667
514.1666666666666 -729.1666666666669
511.66666666666663 -726.6666666666667
506.66666666666663 -721.6666666666667
508.3333333333333 -723.3333333333335
515.0 -730.0000000000002
503.3333333333333 -716.6666666666669
503.3333333333333 -716.6666666666669
511.66666666666663 -726.6666666666667
513.3333333333333 -728.3333333333336
502.49999999999994 -701.6666666666667
512.5 -727.5000000000002
504.99999999999994 -719.1666666666669
511.66666666666663 -726.6666666666667
511.66666666666663 -726.6666666666667
