520.8333333333333 -736.6666666666669
498.3333333333333 -695.0
498.3333333333333 -695.0
520.8333333333333 -736.6666666666669
502.49999999999994 -703.3333333333334
502.5 -717.5000000000001
518.3333333333333 -735.0000000000002
506.66666666666663 -723.3333333333337
511.66666666666663 -729.1666666666669
507.49999999999994 -724.166666666667
503.3333333333333 -719.1666666666669
504.16666666666663 -721.6666666666667
520.0 -735.8333333333335
513.3333333333333 -730.0000000000002
500.8333333333333 -700.0
503.3333333333333 -719.1666666666669
499.16666666666663 -696.6666666666667
501.66666666666663 -701.6666666666667
499.99999999999994 -698.3333333333334
501.66666666666663 -701.6666666666667
499.16666666666663 -696.6666666666667
499.99999999999994 -698.3333333333334
500.8333333333333 -700.0
508.33333333333326 -725.0000000000001
509.16666666666663 -725.8333333333337
505.8333333333333 -722.5000000000002
516.6666666666666 -733.3333333333335
517.5 -734.1666666666669
514.1666666666666 -730.8333333333335
516.6666666666666 -733.3333333333335
513.3333333333333 -730.0000000000002
510.83333333333326 -727.5000000000002
509.99999999999994 -726.6666666666669
510.83333333333326 -727.5000000000002
515.0 -731.6666666666669
514.1666666666666 -730.8333333333335
515.8333333333333 -732.5000000000001
517.5 -734.1666666666669
515.0 -731.6666666666669
515.8333333333333 -732.5000000000001
511.6666666666666 -728.3333333333336
504.99999999999994 -721.666666666667
505.8333333333333 -722.5000000000002
509.16666666666663 -725.8333333333337
508.33333333333326 -725.0000000000001
520.0 -735.8333333333335
509.99999999999994 -726.6666666666669
502.5 -717.5000000000001
502.49999999999994 -703.3333333333334
504.99999999999994 -721.666666666667
504.16666666666663 -721.6666666666667
511.6666666666666 -728.3333333333336
520.8333333333333 -736.6666666666669
498.3333333333333 -695.0
503.3333333333333 -719.1666666666669
515.0 -731.6666666666669
516.6666666666666 -733.3333333333335
501.66666666666663 -701.6666666666667
499.16666666666663 -696.6666666666667
499.99999999999994 -698.3333333333334
500.8333333333333 -700.0
513.3333333333333 -730.0000000000002
510.83333333333326 -727.5000000000002
514.1666666666666 -730.8333333333335
505.8333333333333 -722.5000000000002
509.16666666666663 -725.8333333333337
520.0 -735.8333333333335
509.99999999999994 -726.6666666666669
502.5 -717.5000000000001
502.49999999999994 -703.3333333333334
504.99999999999994 -721.666666666667
504.16666666666663 -721.6666666666667
520.8333333333333 -736.6666666666669
498.3333333333333 -695.0
503.3333333333333 -719.1666666666669
515.0 -731.6666666666669
516.6666666666666 -733.3333333333335
499.16666666666663 -696.6666666666667
501.66666666666663 -701.6666666666667
499.99999999999994 -698.3333333333334
500.8333333333333 -700.0
513.3333333333333 -730.0000000000002
510.83333333333326 -727.5000000000002
514.1666666666666 -730.8333333333335
505.8333333333333 -722.5000000000002
509.99999999999994 -726.6666666666669
502.5 -717.5000000000001
502.49999999999994 -703.3333333333334
504.99999999999994 -721.666666666667
498.3333333333333 -695.0
520.8333333333333 -736.6666666666669
503.3333333333333 -719.1666666666669
515.0 -731.6666666666669
499.16666666666663 -696.6666666666667
501.66666666666663 -701.6666666666667
499.99999999999994 -698.3333333333334
500.8333333333333 -700.0
513.3333333333333 -730.0000000000002
510.83333333333326 -727.5000000000002
514.1666666666666 -730.8333333333335
505.8333333333333 -722.5000000000002
509.99999999999994 -726.6666666666669
502.49999999999994 -703.3333333333334
504.99999999999994 -721.666666666667
520.8333333333333 -736.6666666666669
498.3333333333333 -695.0
515.0 -731.6666666666669
499.16666666666663 -696.6666666666667
501.66666666666663 -701.6666666666667
499.99999999999994 -698.3333333333334
500.8333333333333 -700.0
510.83333333333326 -727.5000000000002
514.1666666666666 -730.8333333333335
505.8333333333333 -722.5000000000002
513.3333333333333 -730.0000000000002
509.99999999999994 -726.6666666666669
502.49999999999994 -703.3333333333334
504.99999999999994 -721.666666666667
498.3333333333333 -695.0
520.8333333333333 -736.6666666666669
501.66666666666663 -701.6666666666667
499.16666666666663 -696.6666666666667
499.99999999999994 -698.3333333333334
500.8333333333333 -700.0
510.83333333333326 -727.5000000000002
505.8333333333333 -722.5000000000002
513.3333333333333 -730.0000000000002
509.99999999999994 -726.6666666666669
502.49999999999994 -703.3333333333334
504.99999999999994 -721.666666666667
498.3333333333333 -695.0
520.8333333333333 -736.6666666666669
501.66666666666663 -701.6666666666667
499.16666666666663 -696.6666666666667
499.99999999999994 -698.3333333333334
500.8333333333333 -700.0
510.83333333333326 -727.5000000000002
505.8333333333333 -722.5000000000002
513.3333333333333 -730.0000000000002
509.99999999999994 -726.6666666666669
502.49999999999994 -703.3333333333334
504.99999999999994 -721.666666666667
520.8333333333333 -736.6666666666669
498.3333333333333 -695.0
499.16666666666663 -696.6666666666667
501.66666666666663 -701.6666666666667
499.99999999999994 -698.3333333333334
500.8333333333333 -700.0
505.8333333333333 -722.5000000000002
509.99999999999994 -726.6666666666669
502.49999999999994 -703.3333333333334
520.8333333333333 -736.6666666666669
499.16666666666663 -696.6666666666667
501.66666666666663 -701.6666666666667
499.99999999999994 -698.3333333333334
509.99999999999994 -726.6666666666669
502.49999999999994 -703.3333333333334
520.8333333333333 -736.6666666666669
501.66666666666663 -701.6666666666667
499.16666666666663 -696.6666666666667
499.99999999999994 -698.3333333333334
509.99999999999994 -726.6666666666669
502.49999999999994 -703.3333333333334
520.8333333333333 -736.6666666666669
501.66666666666663 -701.6666666666667
499.16666666666663 -696.6666666666667
499.99999999999994 -698.3333333333334
509.99999999999994 -726.6666666666669
502.49999999999994 -703.3333333333334
520.8333333333333 -736.6666666666669
499.16666666666663 -696.6666666666667
501.66666666666663 -701.6666666666667
499.99999999999994 -698.3333333333334
509.99999999999994 -726.6666666666669
502.49999999999994 -703.3333333333334
520.8333333333333 -736.6666666666669
499.16666666666663 -696.6666666666667
501.66666666666663 -701.6666666666667
499.99999999999994 -698.3333333333334
509.99999999999994 -726.6666666666669
502.49999999999994 -703.3333333333334
520.8333333333333 -736.6666666666669
499.16666666666663 -696.6666666666667
501.66666666666663 -701.6666666666667
499.99999999999994 -698.3333333333334
509.99999999999994 -726.6666666666669
502.49999999999994 -703.3333333333334
520.8333333333333 -736.6666666666669
499.99999999999994 -698.3333333333334
499.16666666666663 -696.6666666666667
501.66666666666663 -701.6666666666667
502.49999999999994 -703.3333333333334
502.49999999999994 -703.3333333333334
502.49999999999994 -703.3333333333334
502.49999999999994 -703.3333333333334
499.99999999999994 -698.3333333333334
502.49999999999994 -703.3333333333334
499.99999999999994 -698.3333333333334
499.99999999999994 -698.3333333333334
499.16666666666663 -696.6666666666667
