520.8333333333333 -736.6666666666669
498.3333333333333 -695.0
520.8333333333333 -736.6666666666669
498.3333333333333 -695.0
502.5 -718.3333333333334
502.49999999999994 -703.3333333333334
509.99999999999994 -727.5000000000002
504.99999999999994 -722.5000000000003
516.6666666666666 -734.1666666666667
510.83333333333326 -728.3333333333336
505.83333333333326 -723.3333333333336
503.3333333333333 -719.1666666666669
504.16666666666663 -721.6666666666667
511.6666666666666 -729.1666666666669
520.0 -735.8333333333335
518.3333333333333 -735.0000000000002
506.66666666666663 -724.1666666666669
500.8333333333333 -700.0
501.66666666666663 -701.6666666666667
499.16666666666663 -696.6666666666667
499.99999999999994 -698.3333333333334
499.16666666666663 -696.6666666666667
501.66666666666663 -701.6666666666667
499.99999999999994 -698.3333333333334
500.8333333333333 -700.0
509.16666666666663 -725.8333333333337
515.8333333333333 -732.5000000000002
508.3333333333333 -725.0000000000002
514.1666666666665 -730.8333333333336
504.16666666666663 -721.6666666666667
515.0 -731.666666666667
509.16666666666663 -725.8333333333337
503.3333333333333 -719.1666666666669
517.5 -734.1666666666669
512.5 -729.166666666667
515.8333333333333 -732.5000000000002
514.1666666666665 -730.8333333333336
513.3333333333333 -730.0000000000002
515.0 -731.666666666667
518.3333333333333 -735.0000000000002
520.0 -735.8333333333335
513.3333333333333 -730.0000000000002
507.49999999999994 -724.166666666667
502.49999999999994 -703.3333333333334
508.33333333333326 -725.0000000000001
507.49999999999994 -724.166666666667
512.5 -729.166666666667
517.5 -734.1666666666669
508.33333333333326 -725.0000000000001
520.8333333333333 -736.6666666666669
498.3333333333333 -695.0
501.66666666666663 -701.6666666666667
499.16666666666663 -696.6666666666667
499.99999999999994 -698.3333333333334
500.8333333333333 -700.0
504.16666666666663 -721.6666666666667
503.3333333333333 -719.1666666666669
509.16666666666663 -725.8333333333337
514.1666666666665 -730.8333333333336
518.3333333333333 -735.0000000000002
520.0 -735.8333333333335
513.3333333333333 -730.0000000000002
502.49999999999994 -703.3333333333334
507.49999999999994 -724.166666666667
517.5 -734.1666666666669
508.33333333333326 -725.0000000000001
520.8333333333333 -736.6666666666669
498.3333333333333 -695.0
501.66666666666663 -701.6666666666667
499.16666666666663 -696.6666666666667
499.99999999999994 -698.3333333333334
500.8333333333333 -700.0
509.16666666666663 -725.8333333333337
504.16666666666663 -721.6666666666667
503.3333333333333 -719.1666666666669
514.1666666666665 -730.8333333333336
508.33333333333326 -725.0000000000001
518.3333333333333 -735.0000000000002
520.0 -735.8333333333335
513.3333333333333 -730.0000000000002
502.49999999999994 -703.3333333333334
507.49999999999994 -724.166666666667
517.5 -734.1666666666669
498.3333333333333 -695.0
520.8333333333333 -736.6666666666669
499.16666666666663 -696.6666666666667
501.66666666666663 -701.6666666666667
499.99999999999994 -698.3333333333334
500.8333333333333 -700.0
509.16666666666663 -725.8333333333337
504.16666666666663 -721.6666666666667
503.3333333333333 -719.1666666666669
514.1666666666665 -730.8333333333336
517.5 -734.1666666666669
508.33333333333326 -725.0000000000001
518.3333333333333 -735.0000000000002
520.0 -735.8333333333335
513.3333333333333 -730.0000000000002
502.49999999999994 -703.3333333333334
507.49999999999994 -724.166666666667
520.8333333333333 -736.6666666666669
498.3333333333333 -695.0
501.66666666666663 -701.6666666666667
499.16666666666663 -696.6666666666667
499.99999999999994 -698.3333333333334
500.8333333333333 -700.0
509.16666666666663 -725.8333333333337
503.3333333333333 -719.1666666666669
504.16666666666663 -721.6666666666667
514.1666666666665 -730.8333333333336
517.5 -734.1666666666669
508.33333333333326 -725.0000000000001
518.3333333333333 -735.0000000000002
513.3333333333333 -730.0000000000002
502.49999999999994 -703.3333333333334
507.49999999999994 -724.166666666667
498.3333333333333 -695.0
520.8333333333333 -736.6666666666669
499.16666666666663 -696.6666666666667
501.66666666666663 -701.6666666666667
499.99999999999994 -698.3333333333334
500.8333333333333 -700.0
509.16666666666663 -725.8333333333337
503.3333333333333 -719.1666666666669
514.1666666666665 -730.8333333333336
517.5 -734.1666666666669
508.33333333333326 -725.0000000000001
518.3333333333333 -735.0000000000002
513.3333333333333 -730.0000000000002
502.49999999999994 -703.3333333333334
507.49999999999994 -724.166666666667
520.8333333333333 -736.6666666666669
498.3333333333333 -695.0
503.3333333333333 -719.1666666666669
499.16666666666663 -696.6666666666667
501.66666666666663 -701.6666666666667
499.99999999999994 -698.3333333333334
500.8333333333333 -700.0
509.16666666666663 -725.8333333333337
514.1666666666665 -730.8333333333336
517.5 -734.1666666666669
508.33333333333326 -725.0000000000001
518.3333333333333 -735.0000000000002
513.3333333333333 -730.0000000000002
502.49999999999994 -703.3333333333334
507.49999999999994 -724.166666666667
520.8333333333333 -736.6666666666669
498.3333333333333 -695.0
503.3333333333333 -719.1666666666669
499.16666666666663 -696.6666666666667
501.66666666666663 -701.6666666666667
499.99999999999994 -698.3333333333334
500.8333333333333 -700.0
509.16666666666663 -725.8333333333337
514.1666666666665 -730.8333333333336
518.3333333333333 -735.0000000000002
513.3333333333333 -730.0000000000002
502.49999999999994 -703.3333333333334
507.49999999999994 -724.166666666667
520.8333333333333 -736.6666666666669
498.3333333333333 -695.0
501.66666666666663 -701.6666666666667
499.16666666666663 -696.6666666666667
499.99999999999994 -698.3333333333334
500.8333333333333 -700.0
509.16666666666663 -725.8333333333337
514.1666666666665 -730.8333333333336
518.3333333333333 -735.0000000000002
513.3333333333333 -730.0000000000002
502.49999999999994 -703.3333333333334
507.49999999999994 -724.166666666667
520.8333333333333 -736.6666666666669
498.3333333333333 -695.0
501.66666666666663 -701.6666666666667
499.16666666666663 -696.6666666666667
499.99999999999994 -698.3333333333334
500.8333333333333 -700.0
509.16666666666663 -725.8333333333337
518.3333333333333 -735.0000000000002
513.3333333333333 -730.0000000000002
507.49999999999994 -724.166666666667
502.49999999999994 -703.3333333333334
520.8333333333333 -736.6666666666669
498.3333333333333 -695.0
499.16666666666663 -696.6666666666667
501.66666666666663 -701.6666666666667
499.99999999999994 -698.3333333333334
500.8333333333333 -700.0
509.16666666666663 -725.8333333333337
513.3333333333333 -730.0000000000002
518.3333333333333 -735.0000000000002
507.49999999999994 -724.166666666667
502.49999999999994 -703.3333333333334
498.3333333333333 -695.0
520.8333333333333 -736.6666666666669
501.66666666666663 -701.6666666666667
499.16666666666663 -696.6666666666667
499.99999999999994 -698.3333333333334
500.8333333333333 -700.0
513.3333333333333 -730.0000000000002
