520.8333333333333 -736.6666666666669
520.8333333333333 -736.6666666666669
502.5 -718.3333333333334
503.3333333333333 -720.0
506.66666666666663 -724.166666666667
504.16666666666663 -721.6666666666669
500.8333333333333 -701.6666666666666
505.83333333333326 -723.3333333333336
520.0 -735.8333333333335
518.3333333333333 -735.0000000000002
508.33333333333326 -725.0000000000002
514.1666666666665 -730.8333333333336
512.5 -730.0000000000002
509.16666666666663 -725.8333333333337
514.1666666666665 -730.8333333333336
512.5 -730.0000000000002
504.99999999999994 -722.5000000000003
509.16666666666663 -725.8333333333337
508.33333333333326 -725.0000000000002
504.99999999999994 -722.5000000000003
518.3333333333333 -735.0000000000002
520.0 -735.8333333333335
502.5 -718.3333333333334
500.8333333333333 -701.6666666666666
520.8333333333333 -736.6666666666669
514.1666666666665 -730.8333333333336
512.5 -730.0000000000002
509.16666666666663 -725.8333333333337
508.33333333333326 -725.0000000000002
518.3333333333333 -735.0000000000002
520.0 -735.8333333333335
520.8333333333333 -736.6666666666669
514.1666666666665 -730.8333333333336
509.16666666666663 -725.8333333333337
508.33333333333326 -725.0000000000002
518.3333333333333 -735.0000000000002
520.0 -735.8333333333335
520.8333333333333 -736.6666666666669
514.1666666666665 -730.8333333333336
509.16666666666663 -725.8333333333337
518.3333333333333 -735.0000000000002
520.0 -735.8333333333335
520.8333333333333 -736.6666666666669
509.16666666666663 -725.8333333333337
514.1666666666665 -730.8333333333336
518.3333333333333 -735.0000000000002
520.8333333333333 -736.6666666666669
509.16666666666663 -725.8333333333337
514.1666666666665 -730.8333333333336
518.3333333333333 -735.0000000000002
520.8333333333333 -736.6666666666669
509.16666666666663 -725.8333333333337
514.1666666666665 -730.8333333333336
518.3333333333333 -735.0000000000002
520.8333333333333 -736.6666666666669
509.16666666666663 -725.8333333333337
514.1666666666665 -730.8333333333336
518.3333333333333 -735.0000000000002
520.8333333333333 -736.6666666666669
509.16666666666663 -725.8333333333337
514.1666666666665 -730.8333333333336
518.3333333333333 -735.0000000000002
520.8333333333333 -736.6666666666669
509.16666666666663 -725.8333333333337
518.3333333333333 -735.0000000000002
520.8333333333333 -736.6666666666669
509.16666666666663 -725.8333333333337
518.3333333333333 -735.0000000000002
520.8333333333333 -736.6666666666669
509.16666666666663 -725.8333333333337
518.3333333333333 -735.0000000000002
520.8333333333333 -736.6666666666669
509.16666666666663 -725.8333333333337
518.3333333333333 -735.0000000000002
520.8333333333333 -736.6666666666669
509.16666666666663 -725.8333333333337
518.3333333333333 -735.0000000000002
520.8333333333333 -736.6666666666669
509.16666666666663 -725.8333333333337
509.16666666666663 -725.8333333333337
509.16666666666663 -725.8333333333337
498.3333333333333 -696.6666666666666
499.99999999999994 -700.0
520.8333333333333 -736.6666666666669
499.16666666666663 -698.3333333333334
508.33333333333326 -725.0000000000002
509.16666666666663 -725.8333333333337
514.1666666666665 -730.8333333333336
514.1666666666665 -730.8333333333336
499.16666666666663 -698.3333333333334
509.16666666666663 -725.8333333333337
520.8333333333333 -736.6666666666669
514.1666666666665 -730.8333333333336
509.16666666666663 -725.8333333333337
508.33333333333326 -725.0000000000002
509.16666666666663 -725.8333333333337
520.8333333333333 -736.6666666666669
518.3333333333333 -735.0000000000002
501.6666666666666 -701.6666666666667
509.16666666666663 -725.8333333333337
504.99999999999994 -722.5000000000003
518.3333333333333 -735.0000000000002
508.33333333333326 -725.0000000000002
514.1666666666665 -730.8333333333336
514.1666666666665 -730.8333333333336
509.16666666666663 -725.8333333333337
509.16666666666663 -725.8333333333337
518.3333333333333 -735.0000000000002
520.8333333333333 -736.6666666666669
501.6666666666666 -701.6666666666667
509.16666666666663 -725.8333333333337
518.3333333333333 -735.0000000000002
499.16666666666663 -698.3333333333334
508.33333333333326 -725.0000000000002
508.33333333333326 -725.0000000000002
506.66666666666663 -724.166666666667
520.8333333333333 -736.6666666666669
520.8333333333333 -736.6666666666669
509.16666666666663 -725.8333333333337
520.8333333333333 -736.6666666666669
499.16666666666663 -698.3333333333334
504.99999999999994 -722.5000000000003
509.16666666666663 -725.8333333333337
514.1666666666665 -730.8333333333336
518.3333333333333 -735.0000000000002
512.5 -730.0000000000002
509.16666666666663 -725.8333333333337
502.49999999999994 -705.0
509.16666666666663 -725.8333333333337
509.16666666666663 -725.8333333333337
509.16666666666663 -725.8333333333337
512.5 -730.0000000000002
509.16666666666663 -725.8333333333337
509.16666666666663 -725.8333333333337
518.3333333333333 -735.0000000000002
512.5 -730.0000000000002
509.16666666666663 -725.8333333333337
512.5 -730.0000000000002
515.0 -734.166666666667
506.66666666666663 -724.166666666667
508.33333333333326 -725.0000000000002
509.99999999999994 -729.166666666667
518.3333333333333 -735.0000000000002
520.8333333333333 -736.6666666666669
508.33333333333326 -725.0000000000002
512.5 -730.0000000000002
520.8333333333333 -736.6666666666669
509.16666666666663 -725.8333333333337
514.1666666666665 -730.8333333333336
509.16666666666663 -725.8333333333337
509.16666666666663 -725.8333333333337
504.99999999999994 -722.5000000000003
508.33333333333326 -725.0000000000002
