503.33333333333337 -749.1666666666669 
502.5 -747.5000000000002 
497.4999999999999 -739.1666666666667 
497.4999999999999 -739.1666666666667 
499.1666666666666 -744.1666666666669 
497.4999999999999 -739.1666666666667 
502.5 -747.5000000000002 
498.3333333333332 -742.5000000000002 
500.0 -745.8333333333335 
502.5 -747.5000000000002 
498.3333333333332 -742.5000000000002 
499.1666666666666 -744.1666666666669 
498.3333333333332 -742.5000000000002 
498.3333333333332 -742.5000000000002 
499.1666666666666 -744.1666666666669 
498.3333333333332 -742.5000000000002 
502.5 -747.5000000000002 
497.4999999999999 -739.1666666666667 
499.1666666666666 -744.1666666666669 
497.4999999999999 -739.1666666666667 
498.3333333333332 -742.5000000000002 
498.3333333333332 -742.5000000000002 
502.5 -747.5000000000002 
498.3333333333332 -742.5000000000002 
499.1666666666666 -744.1666666666669 
497.4999999999999 -739.1666666666667 
497.4999999999999 -739.1666666666667 
503.33333333333337 -749.1666666666669 
498.3333333333332 -742.5000000000002 
502.5 -747.5000000000002 
498.3333333333332 -742.5000000000002 
498.3333333333332 -742.5000000000002 
499.1666666666666 -744.1666666666669 
498.3333333333332 -742.5000000000002 
502.5 -747.5000000000002 
498.3333333333332 -742.5000000000002 
498.3333333333332 -742.5000000000002 
498.3333333333332 -742.5000000000002 
498.3333333333332 -742.5000000000002 
498.3333333333332 -742.5000000000002 
499.1666666666666 -744.1666666666669 
498.3333333333332 -742.5000000000002 
499.1666666666666 -744.1666666666669 
499.1666666666666 -744.1666666666669 
497.4999999999999 -739.1666666666667 
498.3333333333332 -742.5000000000002 
498.3333333333332 -742.5000000000002 
502.5 -747.5000000000002 
498.3333333333332 -742.5000000000002 
498.3333333333332 -742.5000000000002 
502.5 -747.5000000000002 
498.3333333333332 -742.5000000000002 
502.5 -747.5000000000002 
