500.0 -606.6666666666667 
532.5 -765.0000000000002 
532.5 -765.0000000000002 
505.0 -664.166666666667 
502.5 -659.1666666666671 
505.8333333333333 -716.6666666666667 
502.5 -659.1666666666671 
507.5 -725.0000000000001 
508.33333333333337 -733.3333333333335 
514.1666666666667 -746.6666666666667 
507.5 -725.0000000000001 
509.1666666666667 -735.8333333333335 
503.3333333333333 -661.666666666667 
525.8333333333334 -760.8333333333334 
521.6666666666666 -757.5000000000001 
510.83333333333337 -738.3333333333335 
523.3333333333334 -759.1666666666667 
529.1666666666667 -764.1666666666669 
526.6666666666667 -761.6666666666669 
528.3333333333334 -763.3333333333335 
530.8333333333335 -765.0000000000001 
530.8333333333335 -765.0000000000001 
506.6666666666667 -718.3333333333335 
508.33333333333337 -733.3333333333335 
512.5 -742.5000000000001 
513.3333333333334 -744.1666666666669 
509.1666666666667 -735.8333333333335 
503.3333333333333 -661.666666666667 
511.6666666666667 -740.0000000000001 
510.83333333333337 -738.3333333333335 
513.3333333333334 -744.1666666666669 
526.6666666666667 -761.6666666666669 
515.8333333333334 -749.1666666666667 
515.8333333333334 -749.1666666666667 
528.3333333333334 -763.3333333333335 
512.5 -742.5000000000001 
511.6666666666667 -740.0000000000001 
521.6666666666666 -757.5000000000001 
515.0 -747.5000000000001 
517.5 -751.6666666666667 
520.8333333333334 -755.8333333333335 
523.3333333333334 -759.1666666666667 
516.6666666666667 -750.8333333333334 
518.3333333333334 -753.3333333333334 
518.3333333333334 -753.3333333333334 
519.1666666666666 -754.1666666666669 
516.6666666666667 -750.8333333333334 
520.0 -755.0 
515.0 -747.5000000000001 
517.5 -751.6666666666667 
524.1666666666666 -760.0000000000001 
529.1666666666667 -764.1666666666669 
525.0 -760.0000000000002 
505.8333333333333 -716.6666666666667 
506.66666666666663 -717.5000000000001 
506.6666666666667 -718.3333333333335 
520.0000000000001 -755.8333333333334 
519.1666666666666 -754.1666666666669 
525.0 -760.0000000000002 
524.1666666666666 -760.0000000000001 
520.8333333333334 -755.8333333333335 
520.0 -755.0 
506.66666666666663 -717.5000000000001 
520.0000000000001 -755.8333333333334 
532.5 -765.0000000000002 
507.5 -725.0000000000001 
530.8333333333335 -765.0000000000001 
508.33333333333337 -733.3333333333335 
503.3333333333333 -661.666666666667 
510.83333333333337 -738.3333333333335 
513.3333333333334 -744.1666666666669 
526.6666666666667 -761.6666666666669 
515.8333333333334 -749.1666666666667 
528.3333333333334 -763.3333333333335 
512.5 -742.5000000000001 
511.6666666666667 -740.0000000000001 
521.6666666666666 -757.5000000000001 
518.3333333333334 -753.3333333333334 
517.5 -751.6666666666667 
515.0 -747.5000000000001 
529.1666666666667 -764.1666666666669 
505.8333333333333 -716.6666666666667 
506.6666666666667 -718.3333333333335 
519.1666666666666 -754.1666666666669 
525.0 -760.0000000000002 
524.1666666666666 -760.0000000000001 
520.8333333333334 -755.8333333333335 
520.0 -755.0 
506.66666666666663 -717.5000000000001 
520.0000000000001 -755.8333333333334 
532.5 -765.0000000000002 
530.8333333333335 -765.0000000000001 
508.33333333333337 -733.3333333333335 
526.6666666666667 -761.6666666666669 
528.3333333333334 -763.3333333333335 
515.8333333333334 -749.1666666666667 
512.5 -742.5000000000001 
511.6666666666667 -740.0000000000001 
521.6666666666666 -757.5000000000001 
515.0 -747.5000000000001 
518.3333333333334 -753.3333333333334 
517.5 -751.6666666666667 
529.1666666666667 -764.1666666666669 
513.3333333333334 -744.1666666666669 
505.8333333333333 -716.6666666666667 
506.6666666666667 -718.3333333333335 
519.1666666666666 -754.1666666666669 
525.0 -760.0000000000002 
524.1666666666666 -760.0000000000001 
520.8333333333334 -755.8333333333335 
506.66666666666663 -717.5000000000001 
520.0000000000001 -755.8333333333334 
532.5 -765.0000000000002 
508.33333333333337 -733.3333333333335 
526.6666666666667 -761.6666666666669 
515.8333333333334 -749.1666666666667 
528.3333333333334 -763.3333333333335 
512.5 -742.5000000000001 
511.6666666666667 -740.0000000000001 
521.6666666666666 -757.5000000000001 
515.0 -747.5000000000001 
518.3333333333334 -753.3333333333334 
517.5 -751.6666666666667 
529.1666666666667 -764.1666666666669 
513.3333333333334 -744.1666666666669 
505.8333333333333 -716.6666666666667 
506.6666666666667 -718.3333333333335 
519.1666666666666 -754.1666666666669 
525.0 -760.0000000000002 
520.8333333333334 -755.8333333333335 
506.66666666666663 -717.5000000000001 
520.0000000000001 -755.8333333333334 
532.5 -765.0000000000002 
505.8333333333333 -716.6666666666667 
508.33333333333337 -733.3333333333335 
528.3333333333334 -763.3333333333335 
515.8333333333334 -749.1666666666667 
512.5 -742.5000000000001 
511.6666666666667 -740.0000000000001 
521.6666666666666 -757.5000000000001 
515.0 -747.5000000000001 
518.3333333333334 -753.3333333333334 
517.5 -751.6666666666667 
529.1666666666667 -764.1666666666669 
513.3333333333334 -744.1666666666669 
525.0 -760.0000000000002 
506.6666666666667 -718.3333333333335 
519.1666666666666 -754.1666666666669 
520.8333333333334 -755.8333333333335 
526.6666666666667 -761.6666666666669 
506.66666666666663 -717.5000000000001 
520.0000000000001 -755.8333333333334 
532.5 -765.0000000000002 
505.8333333333333 -716.6666666666667 
508.33333333333337 -733.3333333333335 
515.8333333333334 -749.1666666666667 
528.3333333333334 -763.3333333333335 
512.5 -742.5000000000001 
511.6666666666667 -740.0000000000001 
521.6666666666666 -757.5000000000001 
515.0 -747.5000000000001 
518.3333333333334 -753.3333333333334 
517.5 -751.6666666666667 
529.1666666666667 -764.1666666666669 
513.3333333333334 -744.1666666666669 
525.0 -760.0000000000002 
506.6666666666667 -718.3333333333335 
519.1666666666666 -754.1666666666669 
526.6666666666667 -761.6666666666669 
506.66666666666663 -717.5000000000001 
520.0000000000001 -755.8333333333334 
532.5 -765.0000000000002 
505.8333333333333 -716.6666666666667 
508.33333333333337 -733.3333333333335 
515.8333333333334 -749.1666666666667 
528.3333333333334 -763.3333333333335 
512.5 -742.5000000000001 
511.6666666666667 -740.0000000000001 
521.6666666666666 -757.5000000000001 
515.0 -747.5000000000001 
518.3333333333334 -753.3333333333334 
517.5 -751.6666666666667 
529.1666666666667 -764.1666666666669 
513.3333333333334 -744.1666666666669 
525.0 -760.0000000000002 
506.6666666666667 -718.3333333333335 
519.1666666666666 -754.1666666666669 
526.6666666666667 -761.6666666666669 
506.66666666666663 -717.5000000000001 
532.5 -765.0000000000002 
505.8333333333333 -716.6666666666667 
508.33333333333337 -733.3333333333335 
528.3333333333334 -763.3333333333335 
515.8333333333334 -749.1666666666667 
512.5 -742.5000000000001 
511.6666666666667 -740.0000000000001 
521.6666666666666 -757.5000000000001 
515.0 -747.5000000000001 
518.3333333333334 -753.3333333333334 
517.5 -751.6666666666667 
