879.0 -761.0 
972.0 -830.0 
879.0 -761.0 
904.0 -800.0 
939.0 -810.0 
923.0 -809.0 
885.0 -771.0 
900.0 -795.0 
893.0 -792.0 
910.0 -802.0 
963.0 -822.0 
955.0 -820.0 
886.0 -778.0 
953.0 -818.0 
880.0 -762.0 
882.0 -768.0 
900.0 -795.0 
920.0 -807.0 
915.0 -805.0 
945.0 -813.0 
950.0 -816.0 
941.0 -812.0 
946.0 -815.0 
891.0 -788.0 
893.0 -792.0 
888.0 -783.0 
915.0 -805.0 
969.0 -826.0 
920.0 -807.0 
888.0 -783.0 
887.0 -780.0 
890.0 -786.0 
955.0 -820.0 
890.0 -786.0 
912.0 -803.0 
891.0 -788.0 
963.0 -822.0 
965.0 -824.0 
923.0 -809.0 
912.0 -803.0 
950.0 -816.0 
886.0 -778.0 
971.0 -828.0 
883.0 -769.0 
887.0 -780.0 
882.0 -768.0 
965.0 -824.0 
967.0 -825.0 
941.0 -812.0 
967.0 -825.0 
939.0 -810.0 
883.0 -769.0 
880.0 -762.0 
946.0 -815.0 
970.0 -827.0 
945.0 -813.0 
971.0 -828.0 
970.0 -827.0 
879.0 -761.0 
900.0 -795.0 
915.0 -805.0 
888.0 -783.0 
955.0 -820.0 
890.0 -786.0 
891.0 -788.0 
963.0 -822.0 
912.0 -803.0 
950.0 -816.0 
887.0 -780.0 
882.0 -768.0 
941.0 -812.0 
880.0 -762.0 
883.0 -769.0 
939.0 -810.0 
946.0 -815.0 
945.0 -813.0 
971.0 -828.0 
970.0 -827.0 
879.0 -761.0 
900.0 -795.0 
915.0 -805.0 
950.0 -816.0 
888.0 -783.0 
890.0 -786.0 
891.0 -788.0 
963.0 -822.0 
912.0 -803.0 
955.0 -820.0 
971.0 -828.0 
887.0 -780.0 
882.0 -768.0 
941.0 -812.0 
880.0 -762.0 
939.0 -810.0 
883.0 -769.0 
946.0 -815.0 
945.0 -813.0 
970.0 -827.0 
879.0 -761.0 
900.0 -795.0 
915.0 -805.0 
950.0 -816.0 
888.0 -783.0 
890.0 -786.0 
963.0 -822.0 
912.0 -803.0 
955.0 -820.0 
971.0 -828.0 
887.0 -780.0 
882.0 -768.0 
941.0 -812.0 
880.0 -762.0 
939.0 -810.0 
883.0 -769.0 
946.0 -815.0 
945.0 -813.0 
970.0 -827.0 
879.0 -761.0 
900.0 -795.0 
915.0 -805.0 
950.0 -816.0 
888.0 -783.0 
890.0 -786.0 
963.0 -822.0 
912.0 -803.0 
955.0 -820.0 
971.0 -828.0 
887.0 -780.0 
882.0 -768.0 
880.0 -762.0 
883.0 -769.0 
939.0 -810.0 
946.0 -815.0 
945.0 -813.0 
970.0 -827.0 
879.0 -761.0 
900.0 -795.0 
915.0 -805.0 
950.0 -816.0 
888.0 -783.0 
963.0 -822.0 
912.0 -803.0 
971.0 -828.0 
955.0 -820.0 
887.0 -780.0 
882.0 -768.0 
883.0 -769.0 
939.0 -810.0 
946.0 -815.0 
945.0 -813.0 
970.0 -827.0 
971.0 -828.0 
879.0 -761.0 
900.0 -795.0 
915.0 -805.0 
950.0 -816.0 
888.0 -783.0 
963.0 -822.0 
912.0 -803.0 
955.0 -820.0 
887.0 -780.0 
882.0 -768.0 
939.0 -810.0 
883.0 -769.0 
946.0 -815.0 
970.0 -827.0 
945.0 -813.0 
971.0 -828.0 
879.0 -761.0 
900.0 -795.0 
915.0 -805.0 
950.0 -816.0 
888.0 -783.0 
963.0 -822.0 
912.0 -803.0 
955.0 -820.0 
887.0 -780.0 
882.0 -768.0 
939.0 -810.0 
883.0 -769.0 
946.0 -815.0 
970.0 -827.0 
945.0 -813.0 
971.0 -828.0 
879.0 -761.0 
900.0 -795.0 
915.0 -805.0 
950.0 -816.0 
888.0 -783.0 
963.0 -822.0 
912.0 -803.0 
955.0 -820.0 
887.0 -780.0 
882.0 -768.0 
939.0 -810.0 
883.0 -769.0 
946.0 -815.0 
970.0 -827.0 
945.0 -813.0 
971.0 -828.0 
879.0 -761.0 
900.0 -795.0 
915.0 -805.0 
950.0 -816.0 
888.0 -783.0 
963.0 -822.0 
912.0 -803.0 
955.0 -820.0 
887.0 -780.0 
882.0 -768.0 
939.0 -810.0 
883.0 -769.0 
946.0 -815.0 
970.0 -827.0 
945.0 -813.0 
971.0 -828.0 
879.0 -761.0 
900.0 -795.0 
915.0 -805.0 
950.0 -816.0 
888.0 -783.0 
963.0 -822.0 
912.0 -803.0 
955.0 -820.0 
887.0 -780.0 
882.0 -768.0 
883.0 -769.0 
939.0 -810.0 
946.0 -815.0 
970.0 -827.0 
945.0 -813.0 
879.0 -761.0 
900.0 -795.0 
915.0 -805.0 
950.0 -816.0 
888.0 -783.0 
963.0 -822.0 
912.0 -803.0 
955.0 -820.0 
887.0 -780.0 
882.0 -768.0 
939.0 -810.0 
883.0 -769.0 
946.0 -815.0 
970.0 -827.0 
945.0 -813.0 
879.0 -761.0 
900.0 -795.0 
915.0 -805.0 
950.0 -816.0 
888.0 -783.0 
963.0 -822.0 
912.0 -803.0 
955.0 -820.0 
887.0 -780.0 
882.0 -768.0 
939.0 -810.0 
883.0 -769.0 
946.0 -815.0 
970.0 -827.0 
945.0 -813.0 
879.0 -761.0 
900.0 -795.0 
915.0 -805.0 
950.0 -816.0 
888.0 -783.0 
963.0 -822.0 
912.0 -803.0 
955.0 -820.0 
887.0 -780.0 
882.0 -768.0 
939.0 -810.0 
883.0 -769.0 
946.0 -815.0 
970.0 -827.0 
945.0 -813.0 
879.0 -761.0 
900.0 -795.0 
915.0 -805.0 
950.0 -816.0 
888.0 -783.0 
963.0 -822.0 
912.0 -803.0 
955.0 -820.0 
887.0 -780.0 
882.0 -768.0 
883.0 -769.0 
939.0 -810.0 
946.0 -815.0 
970.0 -827.0 
945.0 -813.0 
879.0 -761.0 
900.0 -795.0 
915.0 -805.0 
950.0 -816.0 
888.0 -783.0 
963.0 -822.0 
912.0 -803.0 
955.0 -820.0 
887.0 -780.0 
