879.0 -761.0 -658.0
972.0 -830.0 -665.0
879.0 -761.0 -629.0
904.0 -800.0 -669.0
939.0 -810.0 -638.0
923.0 -809.0 -639.0
885.0 -771.0 -672.0
900.0 -795.0 -640.0
893.0 -792.0 -670.0
910.0 -802.0 -668.0
963.0 -822.0 -637.0
955.0 -820.0 -624.0
886.0 -778.0 -641.0
953.0 -818.0 -624.0
880.0 -762.0 -642.0
882.0 -768.0 -616.0
900.0 -795.0 -640.0
920.0 -807.0 -639.0
915.0 -805.0 -639.0
945.0 -813.0 -637.0
950.0 -816.0 -637.0
941.0 -812.0 -624.0
946.0 -815.0 -624.0
891.0 -788.0 -640.0
893.0 -792.0 -670.0
888.0 -783.0 -641.0
915.0 -805.0 -639.0
969.0 -826.0 -624.0
920.0 -807.0 -639.0
888.0 -783.0 -641.0
887.0 -780.0 -641.0
890.0 -786.0 -640.0
955.0 -820.0 -624.0
890.0 -786.0 -640.0
912.0 -803.0 -639.0
891.0 -788.0 -640.0
963.0 -822.0 -637.0
965.0 -824.0 -636.0
923.0 -809.0 -639.0
912.0 -803.0 -639.0
950.0 -816.0 -637.0
886.0 -778.0 -641.0
971.0 -828.0 -636.0
883.0 -769.0 -616.0
887.0 -780.0 -641.0
882.0 -768.0 -616.0
965.0 -824.0 -636.0
967.0 -825.0 -624.0
941.0 -812.0 -624.0
967.0 -825.0 -624.0
939.0 -810.0 -638.0
883.0 -769.0 -616.0
880.0 -762.0 -629.0
946.0 -815.0 -624.0
970.0 -827.0 -636.0
945.0 -813.0 -637.0
971.0 -828.0 -636.0
970.0 -827.0 -636.0
879.0 -761.0 -629.0
900.0 -795.0 -640.0
915.0 -805.0 -639.0
888.0 -783.0 -641.0
955.0 -820.0 -624.0
890.0 -786.0 -640.0
891.0 -788.0 -640.0
963.0 -822.0 -637.0
912.0 -803.0 -639.0
950.0 -816.0 -624.0
887.0 -780.0 -641.0
882.0 -768.0 -616.0
941.0 -812.0 -624.0
880.0 -762.0 -629.0
883.0 -769.0 -616.0
939.0 -810.0 -638.0
946.0 -815.0 -624.0
945.0 -813.0 -637.0
971.0 -828.0 -636.0
970.0 -827.0 -636.0
879.0 -761.0 -629.0
900.0 -795.0 -640.0
915.0 -805.0 -639.0
950.0 -816.0 -637.0
888.0 -783.0 -641.0
890.0 -786.0 -640.0
891.0 -788.0 -640.0
963.0 -822.0 -637.0
912.0 -803.0 -639.0
955.0 -820.0 -624.0
971.0 -828.0 -636.0
887.0 -780.0 -641.0
882.0 -768.0 -616.0
941.0 -812.0 -624.0
880.0 -762.0 -642.0
939.0 -810.0 -638.0
883.0 -769.0 -616.0
946.0 -815.0 -624.0
945.0 -813.0 -637.0
970.0 -827.0 -636.0
879.0 -761.0 -629.0
900.0 -795.0 -640.0
915.0 -805.0 -639.0
950.0 -816.0 -637.0
888.0 -783.0 -641.0
890.0 -786.0 -640.0
963.0 -822.0 -637.0
912.0 -803.0 -639.0
955.0 -820.0 -624.0
971.0 -828.0 -636.0
887.0 -780.0 -641.0
882.0 -768.0 -616.0
941.0 -812.0 -624.0
880.0 -762.0 -642.0
939.0 -810.0 -638.0
883.0 -769.0 -616.0
946.0 -815.0 -624.0
945.0 -813.0 -637.0
970.0 -827.0 -636.0
879.0 -761.0 -629.0
900.0 -795.0 -640.0
915.0 -805.0 -639.0
950.0 -816.0 -624.0
888.0 -783.0 -641.0
890.0 -786.0 -640.0
963.0 -822.0 -637.0
912.0 -803.0 -639.0
955.0 -820.0 -624.0
971.0 -828.0 -636.0
887.0 -780.0 -641.0
882.0 -768.0 -616.0
880.0 -762.0 -629.0
883.0 -769.0 -616.0
939.0 -810.0 -638.0
946.0 -815.0 -624.0
945.0 -813.0 -637.0
970.0 -827.0 -636.0
879.0 -761.0 -629.0
900.0 -795.0 -640.0
915.0 -805.0 -639.0
950.0 -816.0 -637.0
888.0 -783.0 -641.0
963.0 -822.0 -637.0
912.0 -803.0 -639.0
971.0 -828.0 -636.0
955.0 -820.0 -624.0
887.0 -780.0 -641.0
882.0 -768.0 -616.0
883.0 -769.0 -616.0
939.0 -810.0 -638.0
946.0 -815.0 -624.0
945.0 -813.0 -637.0
970.0 -827.0 -636.0
971.0 -828.0 -636.0
879.0 -761.0 -629.0
900.0 -795.0 -640.0
915.0 -805.0 -639.0
950.0 -816.0 -637.0
888.0 -783.0 -641.0
963.0 -822.0 -637.0
912.0 -803.0 -639.0
955.0 -820.0 -624.0
887.0 -780.0 -641.0
882.0 -768.0 -616.0
939.0 -810.0 -638.0
883.0 -769.0 -616.0
946.0 -815.0 -624.0
970.0 -827.0 -636.0
945.0 -813.0 -637.0
971.0 -828.0 -636.0
879.0 -761.0 -629.0
900.0 -795.0 -640.0
915.0 -805.0 -639.0
950.0 -816.0 -637.0
888.0 -783.0 -641.0
963.0 -822.0 -637.0
912.0 -803.0 -639.0
955.0 -820.0 -624.0
887.0 -780.0 -641.0
882.0 -768.0 -616.0
939.0 -810.0 -638.0
883.0 -769.0 -616.0
946.0 -815.0 -624.0
970.0 -827.0 -636.0
945.0 -813.0 -637.0
971.0 -828.0 -636.0
879.0 -761.0 -629.0
900.0 -795.0 -640.0
915.0 -805.0 -639.0
950.0 -816.0 -637.0
888.0 -783.0 -641.0
963.0 -822.0 -637.0
912.0 -803.0 -639.0
955.0 -820.0 -624.0
887.0 -780.0 -641.0
882.0 -768.0 -616.0
939.0 -810.0 -638.0
883.0 -769.0 -616.0
946.0 -815.0 -624.0
970.0 -827.0 -636.0
945.0 -813.0 -637.0
971.0 -828.0 -636.0
879.0 -761.0 -629.0
900.0 -795.0 -640.0
915.0 -805.0 -639.0
950.0 -816.0 -637.0
888.0 -783.0 -641.0
963.0 -822.0 -637.0
912.0 -803.0 -639.0
955.0 -820.0 -624.0
887.0 -780.0 -641.0
882.0 -768.0 -616.0
939.0 -810.0 -638.0
883.0 -769.0 -616.0
946.0 -815.0 -624.0
970.0 -827.0 -636.0
945.0 -813.0 -637.0
971.0 -828.0 -636.0
879.0 -761.0 -629.0
900.0 -795.0 -640.0
915.0 -805.0 -639.0
950.0 -816.0 -637.0
888.0 -783.0 -641.0
963.0 -822.0 -637.0
912.0 -803.0 -639.0
955.0 -820.0 -624.0
887.0 -780.0 -641.0
882.0 -768.0 -616.0
883.0 -769.0 -616.0
939.0 -810.0 -638.0
946.0 -815.0 -624.0
970.0 -827.0 -636.0
945.0 -813.0 -637.0
879.0 -761.0 -629.0
900.0 -795.0 -640.0
915.0 -805.0 -639.0
950.0 -816.0 -637.0
888.0 -783.0 -641.0
963.0 -822.0 -637.0
912.0 -803.0 -639.0
955.0 -820.0 -624.0
887.0 -780.0 -641.0
882.0 -768.0 -616.0
939.0 -810.0 -638.0
883.0 -769.0 -616.0
946.0 -815.0 -624.0
970.0 -827.0 -636.0
945.0 -813.0 -637.0
879.0 -761.0 -629.0
900.0 -795.0 -640.0
915.0 -805.0 -639.0
950.0 -816.0 -637.0
888.0 -783.0 -641.0
963.0 -822.0 -637.0
912.0 -803.0 -639.0
955.0 -820.0 -624.0
887.0 -780.0 -641.0
882.0 -768.0 -616.0
939.0 -810.0 -638.0
883.0 -769.0 -616.0
946.0 -815.0 -624.0
970.0 -827.0 -636.0
945.0 -813.0 -637.0
879.0 -761.0 -629.0
900.0 -795.0 -640.0
915.0 -805.0 -639.0
950.0 -816.0 -637.0
888.0 -783.0 -641.0
963.0 -822.0 -637.0
912.0 -803.0 -639.0
955.0 -820.0 -624.0
887.0 -780.0 -641.0
882.0 -768.0 -616.0
939.0 -810.0 -638.0
883.0 -769.0 -616.0
946.0 -815.0 -624.0
970.0 -827.0 -636.0
945.0 -813.0 -637.0
879.0 -761.0 -629.0
900.0 -795.0 -640.0
915.0 -805.0 -639.0
950.0 -816.0 -637.0
888.0 -783.0 -641.0
963.0 -822.0 -637.0
912.0 -803.0 -639.0
955.0 -820.0 -624.0
887.0 -780.0 -641.0
882.0 -768.0 -616.0
883.0 -769.0 -616.0
939.0 -810.0 -638.0
946.0 -815.0 -624.0
970.0 -827.0 -636.0
945.0 -813.0 -637.0
879.0 -761.0 -629.0
900.0 -795.0 -640.0
915.0 -805.0 -639.0
950.0 -816.0 -637.0
888.0 -783.0 -641.0
963.0 -822.0 -637.0
912.0 -803.0 -639.0
955.0 -820.0 -624.0
887.0 -780.0 -641.0
