910.0 -888.0 
879.0 -859.0 
879.0 -859.0 
907.0 -884.0 
882.0 -865.0 
895.0 -878.0 
900.0 -881.0 
900.0 -881.0 
906.0 -883.0 
880.0 -863.0 
893.0 -874.0 
895.0 -878.0 
887.0 -868.0 
890.0 -872.0 
888.0 -870.0 
885.0 -867.0 
885.0 -867.0 
880.0 -863.0 
888.0 -870.0 
906.0 -883.0 
890.0 -872.0 
892.0 -873.0 
893.0 -874.0 
887.0 -868.0 
892.0 -873.0 
879.0 -859.0 
895.0 -878.0 
885.0 -867.0 
880.0 -863.0 
888.0 -870.0 
906.0 -883.0 
890.0 -872.0 
893.0 -874.0 
892.0 -873.0 
887.0 -868.0 
895.0 -878.0 
885.0 -867.0 
880.0 -863.0 
888.0 -870.0 
906.0 -883.0 
893.0 -874.0 
887.0 -868.0 
892.0 -873.0 
895.0 -878.0 
885.0 -867.0 
880.0 -863.0 
888.0 -870.0 
906.0 -883.0 
893.0 -874.0 
892.0 -873.0 
887.0 -868.0 
895.0 -878.0 
885.0 -867.0 
880.0 -863.0 
888.0 -870.0 
906.0 -883.0 
893.0 -874.0 
887.0 -868.0 
892.0 -873.0 
895.0 -878.0 
885.0 -867.0 
880.0 -863.0 
888.0 -870.0 
906.0 -883.0 
893.0 -874.0 
887.0 -868.0 
892.0 -873.0 
895.0 -878.0 
885.0 -867.0 
880.0 -863.0 
888.0 -870.0 
906.0 -883.0 
893.0 -874.0 
892.0 -873.0 
887.0 -868.0 
895.0 -878.0 
885.0 -867.0 
880.0 -863.0 
888.0 -870.0 
906.0 -883.0 
893.0 -874.0 
887.0 -868.0 
892.0 -873.0 
895.0 -878.0 
885.0 -867.0 
888.0 -870.0 
906.0 -883.0 
893.0 -874.0 
892.0 -873.0 
887.0 -868.0 
885.0 -867.0 
888.0 -870.0 
906.0 -883.0 
893.0 -874.0 
892.0 -873.0 
887.0 -868.0 
885.0 -867.0 
888.0 -870.0 
906.0 -883.0 
893.0 -874.0 
887.0 -868.0 
892.0 -873.0 
885.0 -867.0 
888.0 -870.0 
906.0 -883.0 
893.0 -874.0 
892.0 -873.0 
887.0 -868.0 
885.0 -867.0 
888.0 -870.0 
906.0 -883.0 
893.0 -874.0 
887.0 -868.0 
892.0 -873.0 
888.0 -870.0 
906.0 -883.0 
885.0 -867.0 
893.0 -874.0 
887.0 -868.0 
892.0 -873.0 
888.0 -870.0 
906.0 -883.0 
893.0 -874.0 
892.0 -873.0 
887.0 -868.0 
888.0 -870.0 
906.0 -883.0 
893.0 -874.0 
887.0 -868.0 
892.0 -873.0 
888.0 -870.0 
887.0 -868.0 
906.0 -883.0 
893.0 -874.0 
892.0 -873.0 
888.0 -870.0 
887.0 -868.0 
906.0 -883.0 
893.0 -874.0 
892.0 -873.0 
888.0 -870.0 
887.0 -868.0 
906.0 -883.0 
893.0 -874.0 
892.0 -873.0 
888.0 -870.0 
887.0 -868.0 
906.0 -883.0 
893.0 -874.0 
892.0 -873.0 
888.0 -870.0 
887.0 -868.0 
906.0 -883.0 
893.0 -874.0 
892.0 -873.0 
888.0 -870.0 
887.0 -868.0 
906.0 -883.0 
893.0 -874.0 
892.0 -873.0 
888.0 -870.0 
887.0 -868.0 
906.0 -883.0 
893.0 -874.0 
892.0 -873.0 
906.0 -883.0 
888.0 -870.0 
893.0 -874.0 
892.0 -873.0 
906.0 -883.0 
893.0 -874.0 
892.0 -873.0 
906.0 -883.0 
893.0 -874.0 
892.0 -873.0 
906.0 -883.0 
893.0 -874.0 
892.0 -873.0 
906.0 -883.0 
893.0 -874.0 
892.0 -873.0 
906.0 -883.0 
893.0 -874.0 
892.0 -873.0 
906.0 -883.0 
893.0 -874.0 
892.0 -873.0 
906.0 -883.0 
893.0 -874.0 
892.0 -873.0 
906.0 -883.0 
893.0 -874.0 
892.0 -873.0 
906.0 -883.0 
893.0 -874.0 
892.0 -873.0 
906.0 -883.0 
893.0 -874.0 
892.0 -873.0 
906.0 -883.0 
893.0 -874.0 
892.0 -873.0 
906.0 -883.0 
893.0 -874.0 
892.0 -873.0 
906.0 -883.0 
893.0 -874.0 
892.0 -873.0 
906.0 -883.0 
893.0 -874.0 
892.0 -873.0 
906.0 -883.0 
893.0 -874.0 
892.0 -873.0 
906.0 -883.0 
893.0 -874.0 
892.0 -873.0 
906.0 -883.0 
893.0 -874.0 
892.0 -873.0 
906.0 -883.0 
893.0 -874.0 
892.0 -873.0 
906.0 -883.0 
893.0 -874.0 
892.0 -873.0 
906.0 -883.0 
893.0 -874.0 
892.0 -873.0 
906.0 -883.0 
893.0 -874.0 
892.0 -873.0 
906.0 -883.0 
893.0 -874.0 
892.0 -873.0 
906.0 -883.0 
893.0 -874.0 
892.0 -873.0 
906.0 -883.0 
893.0 -874.0 
892.0 -873.0 
906.0 -883.0 
893.0 -874.0 
892.0 -873.0 
906.0 -883.0 
893.0 -874.0 
892.0 -873.0 
906.0 -883.0 
893.0 -874.0 
892.0 -873.0 
906.0 -883.0 
893.0 -874.0 
892.0 -873.0 
906.0 -883.0 
893.0 -874.0 
892.0 -873.0 
906.0 -883.0 
893.0 -874.0 
892.0 -873.0 
906.0 -883.0 
893.0 -874.0 
892.0 -873.0 
906.0 -883.0 
893.0 -874.0 
892.0 -873.0 
906.0 -883.0 
893.0 -874.0 
892.0 -873.0 
906.0 -883.0 
893.0 -874.0 
892.0 -873.0 
906.0 -883.0 
893.0 -874.0 
892.0 -873.0 
906.0 -883.0 
893.0 -874.0 
892.0 -873.0 
906.0 -883.0 
893.0 -874.0 
906.0 -883.0 
893.0 -874.0 
906.0 -883.0 
893.0 -874.0 
893.0 -874.0 
893.0 -874.0 
893.0 -874.0 
906.0 -883.0 
893.0 -874.0 
893.0 -874.0 
893.0 -874.0 
893.0 -874.0 
893.0 -874.0 
893.0 -874.0 
893.0 -874.0 
906.0 -883.0 
893.0 -874.0 
893.0 -874.0 
906.0 -883.0 
893.0 -874.0 
906.0 -883.0 
