659 -1075.3333333333333 300
660 -1075.0433333333333 300
661 -1075.0866666666666 300
662 -1074.87 300
663 -1074.5633333333333 300
664 -1073.9466666666667 300
665 -1072.7266666666667 300
666 -1069.56 300
667 -1064.8233333333333 300
668 -1064.7633333333333 300
669 -1064.91 300
670 -1064.97 300
671 -1065.1033333333332 300
672 -1064.8666666666666 300
673 -1065.72 300
674 -1061.0566666666666 300
675 -1063.0333333333333 300
676 -1063.07 300
677 -1063.0666666666666 300
678 -1063.0566666666666 300
679 -1063.1833333333334 300
680 -1063.19 300
681 -1062.2766666666666 300
682 -1062.0233333333333 300
683 -1062.28 300
684 -1062.22 300
685 -1061.9466666666667 300
686 -1062.12 300
687 -1061.7166666666667 300
688 -1061.72 300
689 -1061.6266666666668 300
690 -1061.4966666666667 300
691 -1061.33 300
692 -1061.0766666666666 300
693 -1060.8866666666668 300
694 -1059.49 300
695 -1056.45 300
696 -1051.15 300
697 -1049.9433333333334 300
698 -1050.43 300
699 -1050.63 300
700 -1050.8766666666668 300
701 -1051.17 300
702 -1051.53 300
703 -1050.0666666666666 300
704 -1042.85 300
705 -1035.9666666666667 300
706 -1032.27 300
707 -1027.5233333333333 300
708 -1018.8833333333333 300
709 -1018.5366666666666 300
710 -1017.68 300
711 -1016.1033333333334 300
712 -1012.7933333333333 300
713 -1006.8233333333334 300
714 -1001.5633333333334 300
715 -1002.67 300
716 -1003.83 300
717 -995.5133333333333 300
718 -988.25 300
719 -988.25 300
720 -988.2966666666666 300
721 -987.4 300
722 -987.3466666666667 300
723 -986.9566666666667 300
724 -986.87 300
725 -986.9566666666667 300
726 -987.0 300
727 -987.0 300
728 -987.0 300
729 -986.9566666666667 300
730 -987.0466666666666 300
731 -987.0466666666666 300
732 -987.0 300
733 -986.88 300
734 -986.7533333333333 300
735 -986.9866666666667 300
736 -986.66 300
737 -986.2733333333333 300
738 -985.2133333333334 300
739 -983.4666666666667 300
740 -982.9766666666667 300
741 -979.5233333333333 300
742 -980.1366666666667 300
743 -979.97 300
744 -980.3433333333334 300
745 -980.9166666666666 300
746 -981.8466666666667 300
747 -982.9966666666667 300
748 -980.0466666666666 300
749 -977.4166666666666 300
750 -976.2266666666667 300
751 -976.6933333333334 300
752 -973.87 300
753 -977.88 300
754 -973.89 300
755 -973.5966666666667 300
756 -972.4633333333334 300
757 -969.4233333333333 300
758 -971.2733333333333 300
759 -968.7033333333334 300
760 -964.7433333333333 300
761 -972.28 300
762 -970.5 300
763 -966.75 300
764 -969.5566666666666 300
765 -973.4066666666666 300
766 -975.3933333333333 300
767 -975.4366666666666 300
768 -975.4766666666667 300
769 -975.4766666666667 300
770 -975.4033333333333 300
771 -975.3266666666667 300
772 -975.2966666666666 300
773 -975.2133333333334 300
774 -975.1 300
775 -975.02 300
776 -974.94 300
777 -974.3333333333334 300
778 -973.02 300
779 -970.8733333333333 300
780 -967.1233333333333 300
781 -964.8566666666667 300
782 -959.94 300
783 -961.3466666666667 300
784 -962.42 300
785 -963.6933333333334 300
786 -962.51 300
787 -963.5033333333333 300
788 -964.73 300
789 -967.3066666666666 300
790 -969.68 300
791 -970.2566666666667 300
792 -970.7733333333333 300
793 -972.0466666666666 300
794 -976.9633333333334 300
795 -978.3033333333333 300
796 -975.1033333333334 300
797 -974.1 300
798 -976.0566666666666 300
799 -975.9166666666666 300
800 -975.26 300
801 -974.54 300
802 -972.8833333333333 300
803 -973.6166666666667 300
804 -971.7366666666667 300
805 -972.3233333333334 300
806 -972.8033333333333 300
807 -973.8166666666667 300
808 -974.8666666666667 300
809 -976.25 300
810 -976.65 300
811 -977.0166666666667 300
812 -976.4166666666666 300
813 -975.1666666666666 300
814 -974.0 300
815 -969.78 300
816 -970.01 300
817 -970.3366666666667 300
818 -970.5766666666667 300
819 -970.9133333333333 300
820 -971.2333333333333 300
821 -971.64 300
822 -972.4 300
823 -973.5633333333334 300
824 -972.5566666666666 300
825 -970.9466666666667 300
826 -968.28 300
827 -968.3233333333334 300
828 -968.3233333333334 300
829 -968.3266666666667 300
830 -968.3266666666667 300
831 -968.4566666666667 300
832 -968.6233333333333 300
833 -968.6233333333333 300
834 -968.71 300
835 -968.6633333333333 300
836 -968.6466666666666 300
837 -968.77 300
838 -968.53 300
839 -967.92 300
840 -967.02 300
841 -965.0 300
842 -962.2366666666667 300
843 -964.9266666666666 300
844 -967.5633333333334 300
845 -969.93 300
846 -970.59 300
847 -971.47 300
848 -970.9666666666667 300
849 -969.8933333333333 300
850 -967.5133333333333 300
851 -967.7233333333334 300
852 -968.62 300
853 -969.3466666666667 300
854 -970.92 300
855 -972.86 300
856 -970.62 300
857 -963.9366666666666 300
858 -961.68 300
859 -962.53 300
860 -963.0933333333334 300
861 -959.79 300
862 -953.5166666666667 300
863 -953.6933333333334 300
864 -950.93 300
865 -946.9033333333333 300
866 -947.3733333333333 300
867 -948.16 300
868 -949.26 300
869 -950.9633333333334 300
870 -954.02 300
871 -953.68 300
872 -951.7133333333334 300
873 -947.0466666666666 300
874 -946.7 300
875 -944.3133333333334 300
876 -944.4666666666667 300
877 -944.5033333333333 300
878 -940.7466666666667 300
879 -940.7033333333334 300
880 -940.6166666666667 300
881 -940.5333333333333 300
882 -939.9266666666666 300
883 -938.54 300
884 -936.1533333333333 300
885 -934.8533333333334 300
886 -931.3133333333334 300
887 -931.76 300
888 -932.4533333333334 300
889 -933.29 300
890 -934.47 300
891 -935.8166666666667 300
892 -937.8533333333334 300
893 -940.6733333333333 300
894 -941.6933333333334 300
895 -941.44 300
896 -940.6066666666667 300
897 -938.7766666666666 300
898 -937.06 300
899 -933.7066666666667 300
900 -927.8666666666667 300
901 -918.94 300
902 -908.4333333333333 300
903 -908.8966666666666 300
904 -909.4366666666666 300
905 -909.8666666666667 300
906 -911.31 300
907 -913.04 300
908 -916.67 300
909 -919.46 300
910 -919.4233333333333 300
911 -919.59 300
912 -919.45 300
913 -920.0366666666666 300
914 -917.0333333333333 300
915 -916.5733333333334 300
916 -916.8133333333334 300
917 -916.7466666666667 300
918 -916.7 300
919 -916.3233333333334 300
920 -911.8566666666667 300
921 -910.9166666666666 300
922 -909.3966666666666 300
923 -910.5166666666667 300
924 -912.64 300
925 -911.2933333333333 300
926 -911.6366666666667 300
927 -910.5433333333333 300
928 -909.4166666666666 300
929 -906.1833333333333 300
930 -903.59 300
931 -903.59 300
932 -903.6333333333333 300
933 -903.4233333333333 300
934 -903.0733333333334 300
935 -901.8266666666667 300
936 -902.1266666666667 300
937 -902.56 300
938 -902.96 300
939 -903.32 300
940 -903.5466666666666 300
941 -900.5466666666666 300
942 -899.4233333333333 300
943 -899.3266666666667 300
944 -899.0666666666667 300
945 -898.8833333333333 300
946 -898.8833333333333 300
947 -898.98 300
948 -899.2133333333334 300
949 -899.13 300
950 -899.1333333333333 300
951 -899.13 300
952 -899.0 300
953 -899.0 300
954 -899.0 300
955 -899.0 300
956 -899.0 300
957 -899.0966666666667 300
958 -899.0 300
959 -899.0 300
960 -899.0 300
961 -899.0 300
962 -899.0 300
963 -899.0 300
964 -899.0 300
965 -899.0 300
966 -899.0 300
967 -899.0 300
968 -898.9966666666667 300
969 -898.9566666666667 300
970 -898.9566666666667 300
971 -898.9 300
972 -899.0 300
973 -898.89 300
974 -898.7833333333333 300
975 -898.6033333333334 300
976 -898.33 300
977 -897.6133333333333 300
978 -897.0 300
979 -895.9266666666666 300
980 -895.1333333333333 300
981 -892.2533333333333 300
982 -893.1733333333333 300
983 -893.87 300
984 -894.16 300
985 -890.73 300
986 -889.9833333333333 300
987 -886.61 300
988 -886.0866666666667 300
989 -885.7366666666667 300
990 -886.4633333333334 300
991 -886.0866666666667 300
992 -885.9466666666667 300
993 -884.89 300
994 -883.1933333333334 300
995 -878.7866666666666 300
996 -878.4433333333334 300
997 -878.3566666666667 300
998 -873.9266666666666 300
999 -869.69 300
1000 -871.07 300
1001 -872.7933333333333 300
1002 -873.0066666666667 300
1003 -873.8133333333334 300
1004 -876.1833333333333 300
1005 -877.1466666666666 300
1006 -877.6666666666666 300
1007 -869.5066666666667 300
1008 -867.3433333333334 300
1009 -865.29 300
1010 -864.6166666666667 300
1011 -863.1066666666667 300
1012 -861.8033333333333 300
1013 -862.04 300
1014 -861.0366666666666 300
1015 -860.03 300
1016 -856.58 300
1017 -856.4966666666667 300
1018 -856.4566666666667 300
1019 -856.5566666666666 300
1020 -856.4766666666667 300
1021 -856.3933333333333 300
1022 -856.31 300
1023 -854.2033333333334 300
1024 -851.11 300
1025 -851.1566666666666 300
1026 -852.9833333333333 300
1027 -855.13 300
1028 -856.3166666666667 300
1029 -856.0933333333334 300
1030 -855.1766666666666 300
1031 -853.16 300
1032 -849.21 300
1033 -849.1933333333334 300
1034 -849.3133333333334 300
1035 -849.4366666666666 300
1036 -849.96 300
1037 -850.7666666666667 300
1038 -852.3066666666666 300
1039 -854.4133333333333 300
1040 -853.7566666666667 300
1041 -852.1433333333333 300
1042 -849.6333333333333 300
1043 -849.81 300
1044 -847.6233333333333 300
1045 -848.0366666666666 300
1046 -848.23 300
1047 -848.6166666666667 300
1048 -849.0533333333333 300
1049 -849.37 300
1050 -849.7766666666666 300
1051 -850.2833333333333 300
1052 -849.53 300
1053 -849.9533333333334 300
1054 -849.4166666666666 300
1055 -849.9766666666667 300
1056 -847.6866666666666 300
1057 -847.3733333333333 300
1058 -846.42 300
1059 -846.4333333333333 300
1060 -845.18 300
1061 -844.8 300
1062 -844.3333333333334 300
1063 -844.46 300
1064 -844.55 300
1065 -844.7366666666667 300
1066 -845.2933333333333 300
1067 -845.66 300
1068 -846.08 300
1069 -846.93 300
1070 -847.41 300
1071 -847.0033333333333 300
1072 -847.2366666666667 300
1073 -847.32 300
1074 -847.68 300
1075 -848.6733333333333 300
1076 -847.4866666666667 300
1077 -847.8166666666667 300
1078 -848.33 300
1079 -849.1466666666666 300
1080 -850.0766666666667 300
1081 -851.0433333333333 300
1082 -852.42 300
1083 -851.46 300
1084 -847.6066666666667 300
1085 -846.5633333333334 300
1086 -846.4633333333334 300
1087 -846.73 300
1088 -846.8633333333333 300
1089 -847.11 300
1090 -847.3633333333333 300
1091 -847.1166666666667 300
1092 -846.5733333333334 300
1093 -844.6166666666667 300
1094 -844.65 300
1095 -844.65 300
1096 -844.69 300
1097 -844.7366666666667 300
1098 -844.7366666666667 300
1099 -844.79 300
1100 -844.8333333333334 300
1101 -844.7866666666666 300
1102 -844.87 300
1103 -844.91 300
1104 -844.96 300
1105 -845.0166666666667 300
1106 -845.0666666666667 300
1107 -845.13 300
1108 -845.1666666666666 300
1109 -845.1266666666667 300
1110 -845.1366666666667 300
1111 -845.0966666666667 300
1112 -844.81 300
1113 -844.5733333333334 300
1114 -844.3266666666667 300
1115 -843.1366666666667 300
1116 -842.2333333333333 300
1117 -844.29 300
1118 -843.6966666666667 300
1119 -844.0933333333334 300
1120 -842.8266666666667 300
1121 -841.1333333333333 300
1122 -837.9533333333334 300
1123 -830.03 300
1124 -820.46 300
1125 -820.6366666666667 300
1126 -820.7166666666667 300
1127 -820.8033333333333 300
1128 -820.8466666666667 300
1129 -821.02 300
1130 -821.2366666666667 300
1131 -821.2766666666666 300
1132 -821.4033333333333 300
1133 -821.5233333333333 300
1134 -821.63 300
1135 -820.37 300
1136 -820.21 300
1137 -819.65 300
1138 -818.6866666666666 300
1139 -818.0433333333333 300
1140 -818.26 300
1141 -817.0566666666666 300
1142 -814.17 300
1143 -808.0466666666666 300
1144 -807.2833333333333 300
1145 -807.3 300
1146 -807.24 300
1147 -807.3633333333333 300
1148 -807.4033333333333 300
1149 -807.6233333333333 300
1150 -807.58 300
1151 -807.5333333333333 300
1152 -807.1633333333333 300
1153 -805.8166666666667 300
1154 -807.5366666666666 300
1155 -807.3566666666667 300
1156 -807.1333333333333 300
1157 -805.39 300
1158 -802.7766666666666 300
1159 -803.5033333333333 300
1160 -806.1166666666667 300
1161 -808.4733333333334 300
1162 -807.6733333333333 300
1163 -809.47 300
1164 -809.4866666666667 300
1165 -810.0233333333333 300
1166 -806.7766666666666 300
1167 -806.5133333333333 300
1168 -806.93 300
1169 -806.7666666666667 300
1170 -806.6666666666666 300
1171 -806.22 300
1172 -807.5666666666667 300
1173 -807.76 300
1174 -807.5533333333333 300
1175 -807.5066666666667 300
1176 -807.4566666666667 300
1177 -807.5166666666667 300
1178 -807.6233333333333 300
1179 -807.6866666666666 300
1180 -805.4133333333333 300
1181 -805.4166666666666 300
1182 -805.42 300
1183 -805.6166666666667 300
1184 -805.6 300
1185 -805.55 300
1186 -803.9233333333333 300
1187 -803.92 300
1188 -803.9166666666666 300
1189 -804.0766666666667 300
1190 -804.4466666666667 300
1191 -804.7866666666666 300
1192 -805.1433333333333 300
1193 -805.7933333333333 300
1194 -807.8666666666667 300
1195 -809.5866666666667 300
1196 -810.47 300
1197 -811.2866666666666 300
1198 -812.6233333333333 300
1199 -813.3466666666667 300
1200 -813.86 300
1201 -815.03 300
1202 -816.09 300
1203 -817.8433333333334 300
1204 -819.6633333333333 300
1205 -810.73 300
1206 -811.37 300
1207 -811.6433333333333 300
1208 -812.79 300
1209 -813.02 300
1210 -813.3366666666667 300
1211 -813.5966666666667 300
1212 -814.3066666666666 300
1213 -814.84 300
1214 -815.4866666666667 300
1215 -812.5333333333333 300
1216 -813.5533333333333 300
1217 -810.3233333333334 300
1218 -810.78 300
1219 -810.89 300
1220 -811.2033333333334 300
1221 -811.6733333333333 300
1222 -811.82 300
1223 -811.5066666666667 300
1224 -810.9233333333333 300
1225 -811.2133333333334 300
1226 -811.39 300
1227 -811.6766666666666 300
1228 -811.7733333333333 300
1229 -812.0633333333334 300
1230 -812.3966666666666 300
1231 -813.0266666666666 300
1232 -813.85 300
1233 -814.1766666666666 300
1234 -813.4066666666666 300
1235 -814.7633333333333 300
1236 -815.8666666666667 300
1237 -816.98 300
1238 -815.77 300
1239 -807.8233333333334 300
1240 -807.9666666666667 300
1241 -808.1566666666666 300
1242 -808.2033333333334 300
1243 -808.5033333333333 300
1244 -808.2833333333333 300
1245 -808.48 300
1246 -808.3333333333334 300
1247 -808.4766666666667 300
1248 -808.5733333333334 300
1249 -808.67 300
1250 -808.8633333333333 300
1251 -809.0566666666666 300
1252 -809.2466666666667 300
1253 -809.44 300
1254 -809.5366666666666 300
1255 -809.5366666666666 300
1256 -809.83 300
1257 -810.07 300
1258 -810.27 300
1259 -810.27 300
1260 -810.3666666666667 300
1261 -810.51 300
1262 -810.6033333333334 300
1263 -810.7966666666666 300
1264 -810.9866666666667 300
1265 -811.1266666666667 300
1266 -811.3166666666667 300
1267 -811.4133333333333 300
1268 -811.2733333333333 300
1269 -811.85 300
1270 -812.6 300
1271 -812.8133333333334 300
1272 -812.62 300
1273 -812.8133333333334 300
1274 -813.05 300
1275 -813.34 300
1276 -813.5333333333333 300
1277 -813.63 300
1278 -814.5 300
1279 -814.9833333333333 300
1280 -815.2733333333333 300
1281 -811.31 300
1282 -811.5566666666666 300
1283 -811.75 300
1284 -811.8466666666667 300
1285 -812.2333333333333 300
1286 -812.6633333333333 300
1287 -813.1466666666666 300
1288 -813.8233333333334 300
1289 -814.8866666666667 300
1290 -814.5533333333333 300
1291 -814.7466666666667 300
1292 -814.8433333333334 300
1293 -815.67 300
1294 -816.83 300
1295 -818.3766666666667 300
1296 -819.9666666666667 300
1297 -819.87 300
1298 -820.3533333333334 300
1299 -822.7666666666667 300
1300 -826.15 300
1301 -829.3366666666667 300
1302 -829.98 300
1303 -829.79 300
1304 -829.6 300
1305 -829.2166666666667 300
1306 -829.6833333333333 300
1307 -829.4933333333333 300
1308 -829.01 300
1309 -828.8166666666667 300
1310 -827.0733333333334 300
1311 -825.3333333333334 300
1312 -822.8366666666667 300
1313 -818.01 300
1314 -810.4666666666667 300
1315 -804.94 300
1316 -804.94 300
1317 -805.22 300
1318 -805.21 300
1319 -805.21 300
1320 -805.0166666666667 300
1321 -805.2033333333334 300
1322 -805.5466666666666 300
1323 -805.6466666666666 300
1324 -806.0733333333334 300
1325 -806.8633333333333 300
1326 -807.0133333333333 300
1327 -807.3466666666667 300
1328 -807.78 300
1329 -808.5133333333333 300
1330 -809.3533333333334 300
1331 -811.1066666666667 300
1332 -811.91 300
1333 -811.9033333333333 300
1334 -811.3533333333334 300
1335 -811.5333333333333 300
1336 -812.0966666666667 300
1337 -812.6966666666667 300
1338 -806.4133333333333 300
1339 -806.3066666666666 300
1340 -806.35 300
1341 -806.6233333333333 300
1342 -806.96 300
1343 -807.39 300
1344 -807.4 300
1345 -807.3866666666667 300
1346 -807.5166666666667 300
1347 -807.8366666666667 300
1348 -807.6266666666667 300
1349 -807.81 300
1350 -806.7233333333334 300
1351 -806.96 300
1352 -807.05 300
1353 -807.4166666666666 300
1354 -806.7266666666667 300
1355 -807.06 300
1356 -807.2433333333333 300
1357 -807.63 300
1358 -807.51 300
1359 -806.0166666666667 300
1360 -805.19 300
1361 -805.09 300
1362 -805.09 300
1363 -805.1866666666666 300
1364 -805.4166666666666 300
1365 -805.4566666666667 300
1366 -805.5866666666667 300
1367 -805.7066666666667 300
1368 -805.6866666666666 300
1369 -806.03 300
1370 -806.1566666666666 300
1371 -806.5833333333334 300
1372 -806.5433333333333 300
1373 -806.88 300
1374 -807.8333333333334 300
1375 -808.49 300
1376 -808.4633333333334 300
1377 -807.1166666666667 300
1378 -808.5566666666666 300
1379 -812.2533333333333 300
1380 -814.0266666666666 300
1381 -811.2366666666667 300
1382 -806.5966666666667 300
1383 -808.1266666666667 300
1384 -812.9566666666667 300
1385 -811.7166666666667 300
1386 -807.1966666666667 300
1387 -799.2133333333334 300
1388 -796.4366666666666 300
1389 -797.64 300
1390 -799.2833333333333 300
1391 -800.8 300
1392 -804.11 300
1393 -808.4733333333334 300
1394 -811.5966666666667 300
1395 -807.3333333333334 300
1396 -800.63 300
1397 -793.5933333333334 300
1398 -791.8433333333334 300
1399 -792.2766666666666 300
1400 -792.8366666666667 300
1401 -793.48 300
1402 -794.3233333333334 300
1403 -795.7633333333333 300
1404 -798.37 300
1405 -798.89 300
1406 -796.9833333333333 300
1407 -796.6333333333333 300
1408 -796.4266666666666 300
1409 -796.0866666666667 300
1410 -795.6133333333333 300
1411 -794.5733333333334 300
1412 -793.2433333333333 300
1413 -791.35 300
1414 -791.93 300
1415 -789.7933333333333 300
1416 -789.9166666666666 300
1417 -790.6433333333333 300
1418 -790.5533333333333 300
1419 -790.26 300
1420 -790.31 300
1421 -790.56 300
1422 -790.5633333333334 300
1423 -790.6666666666666 300
1424 -790.31 300
1425 -789.4 300
1426 -787.7133333333334 300
1427 -787.8566666666667 300
1428 -787.86 300
1429 -786.64 300
1430 -786.3566666666667 300
1431 -786.3066666666666 300
1432 -786.2566666666667 300
1433 -786.1733333333333 300
1434 -786.21 300
1435 -786.0 300
1436 -785.6 300
1437 -784.6733333333333 300
1438 -783.2666666666667 300
1439 -779.1733333333333 300
1440 -777.4366666666666 300
1441 -777.5566666666666 300
1442 -777.2633333333333 300
1443 -776.7633333333333 300
1444 -775.9466666666667 300
1445 -779.89 300
1446 -781.66 300
1447 -782.85 300
1448 -784.0033333333333 300
1449 -785.03 300
1450 -785.6433333333333 300
1451 -785.2866666666666 300
1452 -784.5833333333334 300
1453 -785.8666666666667 300
1454 -784.9933333333333 300
1455 -783.42 300
1456 -780.82 300
1457 -780.2766666666666 300
1458 -782.5333333333333 300
1459 -785.65 300
1460 -787.38 300
1461 -787.7966666666666 300
1462 -787.6533333333333 300
1463 -787.5933333333334 300
1464 -787.37 300
1465 -787.4033333333333 300
1466 -787.43 300
1467 -787.2866666666666 300
1468 -787.2766666666666 300
1469 -787.27 300
1470 -787.21 300
1471 -787.15 300
1472 -787.09 300
1473 -787.1266666666667 300
1474 -786.36 300
1475 -788.2633333333333 300
1476 -788.23 300
1477 -787.9933333333333 300
1478 -787.5933333333334 300
1479 -787.44 300
1480 -787.4366666666666 300
1481 -787.4333333333333 300
1482 -787.1666666666666 300
1483 -785.9866666666667 300
1484 -783.3966666666666 300
1485 -782.2166666666667 300
1486 -775.3233333333334 300
1487 -775.52 300
1488 -775.7066666666667 300
1489 -776.2033333333334 300
1490 -776.3166666666667 300
1491 -776.4066666666666 300
1492 -776.51 300
1493 -776.4666666666667 300
1494 -776.6133333333333 300
1495 -775.9866666666667 300
1496 -774.3433333333334 300
1497 -771.08 300
1498 -765.9333333333333 300
1499 -769.2333333333333 300
1500 -772.64 300
1501 -777.6166666666667 300
1502 -781.3933333333333 300
1503 -780.3966666666666 300
1504 -775.7833333333333 300
1505 -775.59 300
1506 -774.77 300
1507 -774.8133333333334 300
1508 -774.8233333333334 300
1509 -774.7266666666667 300
1510 -774.5866666666667 300
1511 -774.79 300
1512 -774.6266666666667 300
1513 -774.54 300
1514 -769.14 300
1515 -761.49 300
1516 -761.2533333333333 300
1517 -761.2633333333333 300
1518 -761.08 300
1519 -760.7033333333334 300
1520 -751.7266666666667 300
1521 -744.1533333333333 300
1522 -743.29 300
1523 -741.5133333333333 300
1524 -743.6366666666667 300
1525 -742.5733333333334 300
1526 -739.4233333333333 300
1527 -741.77 300
1528 -745.02 300
1529 -745.0266666666666 300
1530 -745.4866666666667 300
1531 -745.4566666666667 300
1532 -744.5433333333333 300
1533 -744.5033333333333 300
1534 -744.43 300
1535 -744.23 300
1536 -744.1866666666666 300
1537 -744.1433333333333 300
1538 -744.1033333333334 300
1539 -744.9866666666667 300
1540 -745.2333333333333 300
1541 -745.2433333333333 300
1542 -745.2866666666666 300
1543 -745.4166666666666 300
1544 -745.6133333333333 300
1545 -745.7466666666667 300
1546 -746.0066666666667 300
1547 -746.3966666666666 300
1548 -747.06 300
1549 -748.0633333333334 300
1550 -750.2466666666667 300
1551 -752.46 300
1552 -754.95 300
1553 -756.12 300
1554 -755.86 300
1555 -755.2566666666667 300
1556 -756.4466666666667 300
1557 -756.5166666666667 300
1558 -757.2333333333333 300
1559 -757.7033333333334 300
1560 -757.7633333333333 300
1561 -757.78 300
1562 -757.3366666666667 300
1563 -756.79 300
1564 -756.1 300
1565 -753.4066666666666 300
1566 -750.73 300
1567 -751.35 300
1568 -751.6233333333333 300
1569 -751.9866666666667 300
1570 -752.1133333333333 300
1571 -752.74 300
1572 -750.8033333333333 300
1573 -751.1066666666667 300
1574 -750.0966666666667 300
1575 -750.5366666666666 300
1576 -750.7166666666667 300
1577 -751.49 300
1578 -752.2333333333333 300
1579 -753.0 300
1580 -754.0733333333334 300
1581 -754.53 300
1582 -754.6633333333333 300
1583 -754.53 300
1584 -754.58 300
1585 -756.0866666666667 300
1586 -756.5233333333333 300
1587 -758.4833333333333 300
1588 -760.8333333333334 300
1589 -761.0766666666667 300
1590 -761.3633333333333 300
1591 -763.3566666666667 300
1592 -766.3566666666667 300
1593 -768.46 300
1594 -768.06 300
1595 -768.2633333333333 300
1596 -767.7233333333334 300
1597 -767.4366666666666 300
1598 -768.29 300
1599 -769.0933333333334 300
1600 -768.5933333333334 300
1601 -770.1466666666666 300
1602 -769.9433333333334 300
1603 -769.7933333333333 300
1604 -770.9966666666667 300
1605 -770.9966666666667 300
1606 -770.68 300
1607 -770.4233333333333 300
1608 -769.7466666666667 300
1609 -768.23 300
1610 -768.1433333333333 300
1611 -768.0533333333333 300
1612 -767.8066666666666 300
1613 -767.7533333333333 300
1614 -767.46 300
1615 -764.31 300
1616 -764.6633333333333 300
1617 -767.1833333333333 300
1618 -766.26 300
1619 -762.63 300
1620 -765.2466666666667 300
1621 -762.0533333333333 300
1622 -755.61 300
1623 -751.9533333333334 300
1624 -752.0466666666666 300
1625 -752.4966666666667 300
1626 -752.8 300
1627 -752.2966666666666 300
1628 -750.45 300
1629 -751.16 300
1630 -751.6033333333334 300
1631 -754.2 300
1632 -757.1133333333333 300
1633 -757.85 300
1634 -760.74 300
1635 -762.5033333333333 300
1636 -765.5566666666666 300
1637 -765.6233333333333 300
1638 -765.3633333333333 300
1639 -764.81 300
1640 -764.6 300
1641 -763.3533333333334 300
1642 -766.0866666666667 300
1643 -766.7933333333333 300
1644 -766.41 300
1645 -764.0033333333333 300
1646 -764.58 300
1647 -766.0833333333334 300
1648 -763.9 300
1649 -765.4333333333333 300
1650 -765.2166666666667 300
1651 -765.4733333333334 300
1652 -760.04 300
1653 -762.7566666666667 300
1654 -762.16 300
1655 -763.82 300
1656 -763.3033333333333 300
1657 -764.7566666666667 300
1658 -764.8766666666667 300
1659 -764.6533333333333 300
1660 -765.14 300
1661 -764.8066666666666 300
1662 -765.1233333333333 300
1663 -761.65 300
1664 -755.0 300
1665 -757.93 300
1666 -755.0233333333333 300
1667 -758.3033333333333 300
1668 -756.6066666666667 300
1669 -760.4433333333334 300
1670 -761.6366666666667 300
1671 -761.86 300
1672 -762.1333333333333 300
1673 -757.11 300
1674 -757.4233333333333 300
1675 -758.0233333333333 300
1676 -758.19 300
1677 -758.74 300
1678 -759.2233333333334 300
1679 -759.9933333333333 300
1680 -760.39 300
1681 -760.11 300
1682 -759.5233333333333 300
1683 -759.8733333333333 300
1684 -760.1333333333333 300
1685 -760.5866666666667 300
1686 -760.9333333333333 300
1687 -761.6033333333334 300
1688 -761.5133333333333 300
1689 -761.8166666666667 300
1690 -762.4433333333334 300
1691 -762.7466666666667 300
1692 -762.8733333333333 300
1693 -762.4733333333334 300
1694 -761.95 300
1695 -763.3233333333334 300
1696 -764.75 300
1697 -765.11 300
1698 -765.5966666666667 300
1699 -765.9366666666666 300
1700 -768.6366666666667 300
1701 -768.5666666666667 300
1702 -768.39 300
1703 -768.6333333333333 300
1704 -768.64 300
1705 -768.8133333333334 300
1706 -769.75 300
1707 -769.76 300
1708 -769.8233333333334 300
1709 -769.7866666666666 300
1710 -768.9666666666667 300
1711 -768.9866666666667 300
1712 -769.16 300
1713 -767.8833333333333 300
1714 -768.11 300
1715 -768.3933333333333 300
1716 -768.4966666666667 300
1717 -768.6833333333333 300
1718 -768.67 300
1719 -768.3166666666667 300
1720 -767.98 300
1721 -767.47 300
1722 -766.86 300
1723 -766.61 300
1724 -766.63 300
1725 -765.0866666666667 300
1726 -765.34 300
1727 -765.42 300
1728 -765.6133333333333 300
1729 -764.1533333333333 300
1730 -764.4566666666667 300
1731 -764.5833333333334 300
1732 -764.9066666666666 300
1733 -764.93 300
1734 -765.06 300
1735 -767.16 300
1736 -767.33 300
1737 -768.2033333333334 300
1738 -770.2966666666666 300
1739 -771.0366666666666 300
1740 -771.0366666666666 300
1741 -771.27 300
1742 -771.19 300
1743 -772.4366666666666 300
1744 -772.46 300
1745 -772.37 300
1746 -772.4133333333333 300
1747 -772.3433333333334 300
1748 -772.4933333333333 300
1749 -772.4 300
1750 -772.71 300
1751 -772.65 300
1752 -772.6733333333333 300
1753 -772.7233333333334 300
1754 -772.29 300
1755 -773.1166666666667 300
1756 -772.6966666666667 300
1757 -772.4866666666667 300
1758 -772.6866666666666 300
1759 -772.6633333333333 300
1760 -772.5066666666667 300
1761 -772.5666666666667 300
1762 -772.0333333333333 300
1763 -771.5933333333334 300
1764 -772.5633333333334 300
1765 -772.23 300
1766 -772.2366666666667 300
1767 -772.18 300
1768 -771.88 300
1769 -771.6766666666666 300
1770 -771.8033333333333 300
1771 -771.8466666666667 300
1772 -771.6 300
1773 -771.88 300
1774 -771.7066666666667 300
1775 -771.9633333333334 300
1776 -771.8166666666667 300
1777 -774.0666666666667 300
1778 -774.09 300
1779 -773.96 300
1780 -773.7933333333333 300
1781 -773.7633333333333 300
1782 -773.8633333333333 300
1783 -774.6133333333333 300
1784 -774.4566666666667 300
1785 -774.35 300
1786 -774.1566666666666 300
1787 -774.5833333333334 300
1788 -775.4433333333334 300
1789 -775.1466666666666 300
1790 -775.0066666666667 300
1791 -775.0033333333333 300
1792 -774.87 300
1793 -774.8866666666667 300
1794 -770.1266666666667 300
1795 -770.05 300
1796 -770.0166666666667 300
1797 -769.8666666666667 300
1798 -769.7133333333334 300
1799 -769.6233333333333 300
1800 -769.4966666666667 300
1801 -769.37 300
1802 -769.0366666666666 300
1803 -768.35 300
1804 -768.2133333333334 300
1805 -769.3966666666666 300
1806 -770.0533333333333 300
1807 -769.73 300
1808 -769.6666666666666 300
1809 -769.6133333333333 300
1810 -768.52 300
1811 -766.8433333333334 300
1812 -768.4966666666667 300
1813 -766.73 300
1814 -767.94 300
1815 -765.7266666666667 300
1816 -762.3366666666667 300
1817 -762.1566666666666 300
1818 -762.2933333333333 300
1819 -762.3766666666667 300
1820 -762.5033333333333 300
1821 -762.1966666666667 300
1822 -762.2833333333333 300
1823 -762.2866666666666 300
1824 -762.33 300
1825 -762.37 300
1826 -762.5 300
1827 -762.6233333333333 300
1828 -762.6666666666666 300
1829 -762.84 300
1830 -763.05 300
1831 -763.7033333333334 300
1832 -760.2266666666667 300
1833 -760.3066666666666 300
1834 -760.35 300
1835 -760.2133333333334 300
1836 -760.25 300
1837 -761.2433333333333 300
1838 -761.2833333333333 300
1839 -761.3233333333334 300
1840 -761.3666666666667 300
1841 -759.9266666666666 300
1842 -759.7866666666666 300
1843 -759.8166666666667 300
1844 -758.9033333333333 300
1845 -757.5466666666666 300
1846 -754.6 300
1847 -753.27 300
1848 -753.31 300
1849 -753.48 300
1850 -754.1366666666667 300
1851 -754.0933333333334 300
1852 -756.7166666666667 300
1853 -758.9933333333333 300
1854 -761.5366666666666 300
1855 -761.53 300
1856 -761.96 300
1857 -762.43 300
1858 -762.3666666666667 300
1859 -758.9033333333333 300
1860 -757.9833333333333 300
1861 -758.59 300
1862 -760.9633333333334 300
1863 -761.25 300
1864 -761.3266666666667 300
1865 -760.95 300
1866 -760.1233333333333 300
1867 -759.18 300
1868 -761.01 300
1869 -760.9233333333333 300
1870 -760.3566666666667 300
1871 -761.6666666666666 300
1872 -764.08 300
1873 -765.5766666666667 300
1874 -767.21 300
1875 -769.6733333333333 300
1876 -769.3866666666667 300
1877 -769.3933333333333 300
1878 -769.3233333333334 300
1879 -769.15 300
1880 -768.54 300
1881 -768.5 300
1882 -768.3966666666666 300
1883 -768.3733333333333 300
1884 -768.35 300
1885 -768.2766666666666 300
1886 -767.5033333333333 300
1887 -766.4066666666666 300
1888 -765.18 300
1889 -767.22 300
1890 -768.6066666666667 300
1891 -767.9566666666667 300
1892 -766.15 300
1893 -764.6833333333333 300
1894 -764.72 300
1895 -764.7166666666667 300
1896 -764.7066666666667 300
1897 -764.6966666666667 300
1898 -764.3933333333333 300
1899 -763.07 300
1900 -763.0633333333334 300
1901 -762.97 300
1902 -763.0033333333333 300
1903 -763.12 300
1904 -762.9433333333334 300
1905 -762.7666666666667 300
1906 -762.88 300
1907 -762.8666666666667 300
1908 -762.2533333333333 300
1909 -762.03 300
1910 -761.91 300
1911 -761.9433333333334 300
1912 -761.81 300
1913 -761.98 300
1914 -761.17 300
1915 -761.08 300
1916 -761.1666666666666 300
1917 -761.4566666666667 300
1918 -761.7066666666667 300
1919 -756.5533333333333 300
1920 -752.8533333333334 300
1921 -752.9333333333333 300
1922 -753.22 300
1923 -751.4933333333333 300
1924 -751.6633333333333 300
1925 -751.9533333333334 300
1926 -751.9766666666667 300
1927 -752.2233333333334 300
1928 -752.3833333333333 300
1929 -752.5033333333333 300
1930 -752.7466666666667 300
1931 -752.9066666666666 300
1932 -752.9866666666667 300
1933 -753.19 300
1934 -753.5333333333333 300
1935 -753.82 300
1936 -754.23 300
1937 -754.66 300
1938 -754.7833333333333 300
1939 -755.0666666666667 300
1940 -755.2266666666667 300
1941 -755.5566666666666 300
1942 -755.8033333333333 300
1943 -756.13 300
1944 -756.54 300
1945 -756.95 300
1946 -756.95 300
1947 -757.0766666666667 300
1948 -757.2866666666666 300
1949 -757.2033333333334 300
1950 -757.03 300
1951 -756.9866666666667 300
1952 -756.8166666666667 300
1953 -756.6833333333333 300
1954 -756.77 300
1955 -756.6866666666666 300
1956 -756.9066666666666 300
1957 -756.9633333333334 300
1958 -756.9233333333333 300
1959 -757.07 300
1960 -756.9866666666667 300
1961 -756.9433333333334 300
1962 -755.21 300
1963 -755.7666666666667 300
1964 -755.98 300
1965 -756.1033333333334 300
1966 -756.0566666666666 300
1967 -756.0966666666667 300
1968 -755.7033333333334 300
1969 -755.7833333333333 300
1970 -757.69 300
1971 -758.2033333333334 300
1972 -758.3633333333333 300
1973 -758.4566666666667 300
1974 -758.58 300
1975 -758.6633333333333 300
1976 -758.0633333333334 300
1977 -758.5666666666667 300
1978 -758.64 300
1979 -758.68 300
1980 -758.7633333333333 300
1981 -758.76 300
1982 -758.5433333333333 300
1983 -758.5 300
1984 -758.3266666666667 300
1985 -758.2833333333333 300
1986 -756.9433333333334 300
1987 -757.1566666666666 300
1988 -757.2 300
1989 -757.0733333333334 300
1990 -757.86 300
1991 -754.6766666666666 300
1992 -754.9233333333333 300
1993 -755.58 300
1994 -755.7366666666667 300
1995 -755.9 300
1996 -755.94 300
1997 -756.19 300
1998 -756.4366666666666 300
1999 -756.35 300
2000 -756.26 300
2001 -756.1 300
2002 -756.3066666666666 300
2003 -756.22 300
2004 -756.1766666666666 300
2005 -756.3033333333333 300
2006 -756.3866666666667 300
2007 -756.43 300
2008 -756.39 300
2009 -756.0133333333333 300
2010 -756.0333333333333 300
2011 -756.16 300
2012 -755.9933333333333 300
2013 -755.9933333333333 300
2014 -757.1966666666667 300
2015 -757.0033333333333 300
2016 -757.18 300
2017 -757.3866666666667 300
2018 -757.3866666666667 300
2019 -757.4333333333333 300
2020 -757.35 300
2021 -756.8 300
2022 -757.05 300
2023 -757.0933333333334 300
2024 -757.0966666666667 300
2025 -757.0966666666667 300
2026 -757.1 300
2027 -756.5366666666666 300
2028 -756.9166666666666 300
2029 -757.0033333333333 300
2030 -755.9833333333333 300
2031 -756.24 300
2032 -756.3166666666667 300
2033 -756.5666666666667 300
2034 -756.3633333333333 300
2035 -757.1266666666667 300
2036 -757.67 300
2037 -758.0933333333334 300
2038 -759.79 300
2039 -760.5433333333333 300
2040 -760.4466666666667 300
2041 -760.65 300
2042 -760.8266666666667 300
2043 -760.8133333333334 300
2044 -760.8566666666667 300
2045 -760.9066666666666 300
2046 -760.87 300
2047 -760.8333333333334 300
2048 -760.84 300
2049 -758.7833333333333 300
2050 -758.3366666666667 300
2051 -757.77 300
2052 -757.0033333333333 300
2053 -757.09 300
2054 -754.76 300
2055 -757.0466666666666 300
2056 -755.4933333333333 300
2057 -751.6133333333333 300
2058 -751.73 300
2059 -752.0866666666667 300
2060 -752.1033333333334 300
2061 -751.9 300
2062 -751.73 300
2063 -754.3566666666667 300
2064 -754.5066666666667 300
2065 -754.2033333333334 300
2066 -754.0 300
2067 -755.0466666666666 300
2068 -756.09 300
2069 -756.8833333333333 300
2070 -755.63 300
2071 -755.3266666666667 300
2072 -756.7566666666667 300
2073 -756.6333333333333 300
2074 -756.5566666666666 300
2075 -756.52 300
2076 -757.8466666666667 300
2077 -757.7266666666667 300
2078 -757.7466666666667 300
2079 -758.51 300
2080 -758.4733333333334 300
2081 -758.4366666666666 300
2082 -758.4 300
2083 -758.92 300
2084 -758.8433333333334 300
2085 -758.9033333333333 300
2086 -758.8266666666667 300
2087 -758.75 300
2088 -758.7166666666667 300
2089 -759.44 300
2090 -759.4833333333333 300
2091 -759.4466666666667 300
2092 -759.37 300
2093 -759.37 300
2094 -759.25 300
2095 -759.4333333333333 300
2096 -759.54 300
2097 -759.5033333333333 300
2098 -759.5133333333333 300
2099 -759.48 300
2100 -758.88 300
2101 -758.7833333333333 300
2102 -758.83 300
2103 -759.0466666666666 300
2104 -759.1766666666666 300
2105 -759.47 300
2106 -759.84 300
2107 -757.9266666666666 300
2108 -758.01 300
2109 -758.38 300
2110 -758.55 300
2111 -757.1766666666666 300
2112 -757.4133333333333 300
2113 -757.6066666666667 300
2114 -757.8066666666666 300
2115 -758.99 300
2116 -758.5866666666667 300
2117 -758.47 300
2118 -758.6233333333333 300
2119 -758.6333333333333 300
2120 -758.14 300
2121 -758.31 300
2122 -758.0566666666666 300
2123 -758.1 300
2124 -758.0966666666667 300
2125 -758.29 300
2126 -758.4466666666667 300
2127 -758.44 300
2128 -758.4866666666667 300
2129 -758.5133333333333 300
2130 -756.4533333333334 300
2131 -756.79 300
2132 -757.4066666666666 300
2133 -757.6733333333333 300
2134 -757.6333333333333 300
2135 -757.83 300
2136 -760.8066666666666 300
2137 -760.8933333333333 300
2138 -760.8733333333333 300
2139 -760.83 300
2140 -760.72 300
2141 -757.6933333333334 300
2142 -757.0433333333333 300
2143 -756.2866666666666 300
2144 -756.4133333333333 300
2145 -756.58 300
2146 -756.4033333333333 300
2147 -755.4933333333333 300
2148 -755.6133333333333 300
2149 -752.2266666666667 300
2150 -752.3066666666666 300
2151 -752.3566666666667 300
2152 -752.46 300
2153 -753.12 300
2154 -753.23 300
2155 -753.3233333333334 300
2156 -753.5233333333333 300
2157 -753.8266666666667 300
2158 -753.85 300
2159 -753.9 300
2160 -753.87 300
2161 -753.7366666666667 300
2162 -755.0566666666666 300
2163 -755.1866666666666 300
2164 -755.4466666666667 300
2165 -755.2666666666667 300
2166 -755.2033333333334 300
2167 -755.1066666666667 300
2168 -755.0533333333333 300
2169 -755.04 300
2170 -754.9866666666667 300
2171 -754.9733333333334 300
2172 -754.8433333333334 300
2173 -753.4133333333333 300
2174 -753.56 300
2175 -753.5833333333334 300
2176 -753.74 300
2177 -754.2266666666667 300
2178 -754.29 300
2179 -753.42 300
2180 -753.6433333333333 300
2181 -753.8233333333334 300
2182 -753.9666666666667 300
2183 -754.0033333333333 300
2184 -754.6733333333333 300
2185 -754.65 300
2186 -754.6466666666666 300
2187 -754.65 300
2188 -754.62 300
2189 -754.6233333333333 300
2190 -754.47 300
2191 -755.16 300
2192 -755.3 300
2193 -755.4 300
2194 -755.5366666666666 300
2195 -755.5333333333333 300
2196 -755.4666666666667 300
2197 -755.3833333333333 300
2198 -755.3433333333334 300
2199 -755.3 300
2200 -755.2433333333333 300
2201 -755.34 300
2202 -755.5333333333333 300
2203 -755.7666666666667 300
2204 -756.6333333333333 300
2205 -756.7266666666667 300
2206 -756.71 300
2207 -756.8733333333333 300
2208 -757.0233333333333 300
2209 -757.05 300
2210 -757.0466666666666 300
2211 -757.5366666666666 300
2212 -757.53 300
2213 -757.3633333333333 300
2214 -757.9866666666667 300
2215 -758.07 300
2216 -759.3066666666666 300
2217 -759.4066666666666 300
2218 -759.2966666666666 300
2219 -759.2833333333333 300
2220 -759.06 300
2221 -758.9733333333334 300
2222 -758.7933333333333 300
2223 -758.6133333333333 300
2224 -758.46 300
2225 -758.3166666666667 300
2226 -758.08 300
2227 -757.7433333333333 300
2228 -757.3933333333333 300
2229 -757.03 300
2230 -756.7933333333333 300
2231 -756.3933333333333 300
2232 -757.8833333333333 300
2233 -757.9766666666667 300
2234 -757.92 300
2235 -756.7966666666666 300
2236 -756.8933333333333 300
2237 -756.8533333333334 300
2238 -756.7566666666667 300
2239 -757.2366666666667 300
2240 -757.26 300
2241 -757.1233333333333 300
2242 -757.72 300
2243 -758.1266666666667 300
2244 -758.1266666666667 300
2245 -757.8766666666667 300
2246 -757.63 300
2247 -757.49 300
2248 -756.7766666666666 300
2249 -757.0366666666666 300
2250 -757.3233333333334 300
2251 -755.7433333333333 300
2252 -756.2033333333334 300
2253 -756.2 300
2254 -756.46 300
2255 -756.2666666666667 300
2256 -755.62 300
2257 -755.6533333333333 300
2258 -755.5133333333333 300
2259 -755.4166666666666 300
2260 -755.46 300
2261 -754.4733333333334 300
2262 -754.66 300
2263 -754.94 300
2264 -754.8966666666666 300
2265 -754.69 300
2266 -754.4166666666666 300
2267 -754.3 300
2268 -754.8633333333333 300
2269 -754.9266666666666 300
2270 -755.04 300
2271 -754.8066666666666 300
2272 -753.71 300
2273 -753.7966666666666 300
2274 -756.97 300
2275 -756.3866666666667 300
2276 -756.8933333333333 300
2277 -757.7133333333334 300
2278 -756.9533333333334 300
2279 -757.3266666666667 300
2280 -758.1566666666666 300
2281 -758.1333333333333 300
2282 -757.8633333333333 300
2283 -758.01 300
2284 -758.8633333333333 300
2285 -759.2533333333333 300
2286 -759.42 300
2287 -759.5433333333333 300
2288 -759.6066666666667 300
2289 -759.7866666666666 300
2290 -759.8 300
2291 -759.7366666666667 300
2292 -759.7866666666666 300
2293 -759.78 300
2294 -759.7833333333333 300
2295 -759.51 300
2296 -759.2 300
2297 -758.23 300
2298 -757.1766666666666 300
2299 -756.2633333333333 300
2300 -755.2933333333333 300
2301 -754.6533333333333 300
2302 -754.34 300
2303 -754.2233333333334 300
2304 -754.08 300
2305 -755.0533333333333 300
2306 -754.5366666666666 300
2307 -755.2966666666666 300
2308 -755.8366666666667 300
2309 -758.3466666666667 300
2310 -758.3566666666667 300
2311 -758.48 300
2312 -758.2666666666667 300
2313 -758.3966666666666 300
2314 -759.5733333333334 300
2315 -759.5766666666667 300
2316 -759.5666666666667 300
2317 -759.6 300
2318 -759.5766666666667 300
2319 -759.53 300
2320 -756.7533333333333 300
2321 -756.83 300
2322 -756.7233333333334 300
2323 -756.47 300
2324 -756.7066666666667 300
2325 -756.7066666666667 300
2326 -756.5866666666667 300
2327 -756.5033333333333 300
2328 -756.4066666666666 300
2329 -756.2833333333333 300
2330 -756.16 300
2331 -756.0366666666666 300
2332 -755.93 300
2333 -755.8066666666666 300
2334 -755.67 300
2335 -755.5466666666666 300
2336 -755.4266666666666 300
2337 -757.4533333333334 300
2338 -757.5933333333334 300
2339 -757.71 300
2340 -757.71 300
2341 -757.7433333333333 300
2342 -757.73 300
2343 -756.5366666666666 300
2344 -757.85 300
2345 -757.8066666666666 300
2346 -757.7633333333333 300
2347 -757.6533333333333 300
2348 -757.5433333333333 300
2349 -757.5166666666667 300
2350 -757.4033333333333 300
2351 -757.3566666666667 300
2352 -757.41 300
2353 -757.3766666666667 300
2354 -757.23 300
2355 -757.1733333333333 300
2356 -757.0433333333333 300
2357 -756.9066666666666 300
2358 -756.7633333333333 300
2359 -756.8666666666667 300
2360 -757.1866666666666 300
2361 -757.2166666666667 300
2362 -758.3466666666667 300
2363 -758.3666666666667 300
2364 -758.37 300
2365 -758.3166666666667 300
2366 -758.33 300
2367 -758.5866666666667 300
2368 -758.6966666666667 300
2369 -758.65 300
2370 -758.5866666666667 300
2371 -758.5766666666667 300
2372 -758.5366666666666 300
2373 -758.4566666666667 300
2374 -758.42 300
2375 -758.3433333333334 300
2376 -758.3833333333333 300
2377 -758.3233333333334 300
2378 -758.2433333333333 300
2379 -758.05 300
2380 -758.19 300
2381 -758.0966666666667 300
2382 -758.0266666666666 300
2383 -758.2033333333334 300
2384 -758.14 300
2385 -758.3 300
2386 -758.3666666666667 300
2387 -758.3166666666667 300
2388 -758.2866666666666 300
2389 -758.7333333333333 300
2390 -758.3266666666667 300
2391 -758.59 300
2392 -757.85 300
2393 -757.9166666666666 300
2394 -758.1733333333333 300
2395 -757.61 300
2396 -757.64 300
2397 -757.45 300
2398 -757.3966666666666 300
2399 -756.7833333333333 300
2400 -756.9 300
2401 -756.9266666666666 300
2402 -757.0366666666666 300
2403 -755.4366666666666 300
2404 -755.1066666666667 300
2405 -755.4166666666666 300
2406 -755.7233333333334 300
2407 -755.98 300
2408 -757.7166666666667 300
2409 -755.7233333333334 300
2410 -755.2266666666667 300
2411 -755.57 300
2412 -756.19 300
2413 -756.88 300
2414 -757.2966666666666 300
2415 -756.9766666666667 300
2416 -758.3633333333333 300
2417 -757.81 300
2418 -758.5633333333334 300
2419 -758.7933333333333 300
2420 -759.6666666666666 300
2421 -760.6566666666666 300
2422 -761.49 300
2423 -761.83 300
2424 -762.16 300
2425 -762.0333333333333 300
2426 -762.31 300
2427 -762.8533333333334 300
2428 -763.4366666666666 300
2429 -763.58 300
2430 -764.0166666666667 300
2431 -764.1466666666666 300
2432 -764.4 300
2433 -764.43 300
2434 -764.6333333333333 300
2435 -765.0066666666667 300
2436 -764.6366666666667 300
2437 -764.7366666666667 300
2438 -765.45 300
2439 -764.95 300
2440 -765.0633333333334 300
2441 -764.9333333333333 300
2442 -765.16 300
2443 -765.2333333333333 300
2444 -765.3933333333333 300
2445 -764.5366666666666 300
2446 -764.3166666666667 300
2447 -764.5233333333333 300
2448 -764.34 300
2449 -763.3233333333334 300
2450 -762.87 300
2451 -762.4333333333333 300
2452 -763.3166666666667 300
2453 -763.33 300
2454 -765.1 300
2455 -765.2 300
2456 -766.4933333333333 300
2457 -766.52 300
2458 -766.8166666666667 300
2459 -766.9166666666666 300
2460 -766.5266666666666 300
2461 -766.89 300
2462 -766.99 300
2463 -762.5666666666667 300
2464 -762.6133333333333 300
2465 -762.8533333333334 300
2466 -763.0666666666667 300
2467 -763.1666666666666 300
2468 -763.2633333333333 300
2469 -763.1766666666666 300
2470 -763.1133333333333 300
2471 -762.51 300
2472 -762.02 300
2473 -761.53 300
2474 -761.5566666666666 300
2475 -761.7366666666667 300
2476 -761.38 300
2477 -761.4566666666667 300
2478 -761.6866666666666 300
2479 -761.51 300
2480 -761.5633333333334 300
2481 -761.8233333333334 300
2482 -761.68 300
2483 -761.1933333333334 300
2484 -760.4166666666666 300
2485 -759.5966666666667 300
2486 -759.14 300
2487 -758.7766666666666 300
2488 -759.12 300
2489 -759.6133333333333 300
2490 -759.94 300
2491 -760.2866666666666 300
2492 -760.4733333333334 300
2493 -760.01 300
2494 -760.3633333333333 300
2495 -760.2666666666667 300
2496 -760.28 300
2497 -760.2766666666666 300
2498 -760.1533333333333 300
2499 -759.94 300
2500 -759.6733333333333 300
2501 -759.27 300
2502 -758.8666666666667 300
2503 -758.4566666666667 300
2504 -758.05 300
2505 -757.9933333333333 300
2506 -757.7266666666667 300
2507 -757.4966666666667 300
2508 -757.35 300
2509 -757.0866666666667 300
2510 -756.85 300
2511 -756.5833333333334 300
2512 -755.59 300
2513 -755.8 300
2514 -756.0666666666667 300
2515 -755.99 300
2516 -755.95 300
2517 -757.11 300
2518 -757.24 300
2519 -757.6733333333333 300
2520 -758.21 300
2521 -758.3033333333333 300
2522 -758.7566666666667 300
2523 -758.9033333333333 300
2524 -758.8233333333334 300
2525 -758.9733333333334 300
2526 -758.9766666666667 300
2527 -758.8066666666666 300
2528 -758.9133333333333 300
2529 -758.8766666666667 300
2530 -758.8 300
2531 -758.7633333333333 300
2532 -758.6 300
2533 -758.51 300
2534 -758.4366666666666 300
2535 -758.2633333333333 300
2536 -758.2233333333334 300
2537 -758.05 300
2538 -758.0066666666667 300
2539 -757.8366666666667 300
2540 -757.7933333333333 300
2541 -757.7566666666667 300
2542 -757.7 300
2543 -757.6533333333333 300
2544 -757.6166666666667 300
2545 -757.61 300
2546 -757.7366666666667 300
2547 -755.2166666666667 300
2548 -755.3333333333334 300
2549 -755.2933333333333 300
2550 -754.8233333333334 300
2551 -754.89 300
2552 -755.15 300
2553 -755.1533333333333 300
2554 -755.2466666666667 300
2555 -755.33 300
2556 -755.3233333333334 300
2557 -755.28 300
2558 -755.1566666666666 300
2559 -754.93 300
2560 -754.8033333333333 300
2561 -754.7566666666667 300
2562 -755.3533333333334 300
2563 -755.3533333333334 300
2564 -755.48 300
2565 -755.54 300
2566 -755.59 300
2567 -756.0166666666667 300
2568 -756.16 300
2569 -756.1166666666667 300
2570 -755.9066666666666 300
2571 -758.1433333333333 300
2572 -758.3533333333334 300
2573 -758.36 300
2574 -758.47 300
2575 -758.4733333333334 300
2576 -758.3933333333333 300
2577 -758.2266666666667 300
2578 -757.15 300
2579 -757.3 300
2580 -757.3033333333333 300
2581 -757.13 300
2582 -757.0166666666667 300
2583 -756.9066666666666 300
2584 -756.71 300
2585 -755.9033333333333 300
2586 -755.9933333333333 300
2587 -755.9666666666667 300
2588 -755.8533333333334 300
2589 -755.6566666666666 300
2590 -755.44 300
2591 -755.3166666666667 300
2592 -755.09 300
2593 -754.8233333333334 300
2594 -754.78 300
2595 -754.5133333333333 300
2596 -754.4733333333334 300
2597 -754.3466666666667 300
2598 -754.12 300
2599 -754.08 300
2600 -754.0366666666666 300
2601 -753.91 300
2602 -751.6366666666667 300
2603 -748.4566666666667 300
2604 -750.2466666666667 300
2605 -750.7533333333333 300
2606 -751.2533333333333 300
2607 -752.5233333333333 300
2608 -755.0466666666666 300
2609 -755.7433333333333 300
2610 -756.7133333333334 300
2611 -757.3666666666667 300
2612 -757.1766666666666 300
2613 -756.9733333333334 300
2614 -758.48 300
2615 -758.3333333333334 300
2616 -758.2433333333333 300
2617 -758.0533333333333 300
2618 -758.0166666666667 300
2619 -757.8566666666667 300
2620 -757.9066666666666 300
2621 -757.7533333333333 300
2622 -757.6633333333333 300
2623 -757.71 300
2624 -757.8 300
2625 -757.61 300
2626 -757.4366666666666 300
2627 -757.3066666666666 300
2628 -757.2366666666667 300
2629 -754.24 300
2630 -753.5766666666667 300
2631 -753.8366666666667 300
2632 -753.6433333333333 300
2633 -753.6666666666666 300
2634 -755.2666666666667 300
2635 -755.46 300
2636 -755.3233333333334 300
2637 -755.45 300
2638 -755.4966666666667 300
2639 -758.8566666666667 300
2640 -761.3833333333333 300
2641 -762.22 300
2642 -762.0666666666667 300
2643 -761.9166666666666 300
2644 -761.85 300
2645 -761.7266666666667 300
2646 -761.5366666666666 300
2647 -761.2466666666667 300
2648 -760.93 300
2649 -760.6133333333333 300
2650 -759.5 300
2651 -758.5333333333333 300
2652 -758.7033333333334 300
2653 -758.63 300
2654 -758.76 300
2655 -758.74 300
2656 -758.6966666666667 300
2657 -759.5466666666666 300
2658 -751.6566666666666 300
2659 -751.5266666666666 300
2660 -751.4 300
2661 -752.2066666666667 300
2662 -752.2133333333334 300
2663 -751.9133333333333 300
2664 -752.1066666666667 300
2665 -752.1966666666667 300
2666 -754.0566666666666 300
2667 -754.2266666666667 300
2668 -754.3133333333334 300
2669 -754.29 300
2670 -754.3833333333333 300
2671 -754.4433333333334 300
2672 -754.3233333333334 300
2673 -754.4533333333334 300
2674 -753.3533333333334 300
2675 -753.6533333333333 300
2676 -753.7133333333334 300
2677 -757.0466666666666 300
2678 -757.05 300
2679 -757.0533333333333 300
2680 -756.9366666666666 300
2681 -756.86 300
2682 -756.8233333333334 300
2683 -756.5866666666667 300
2684 -756.35 300
2685 -754.1633333333333 300
2686 -751.7766666666666 300
2687 -751.9533333333334 300
2688 -752.0333333333333 300
2689 -752.2333333333333 300
2690 -752.4966666666667 300
2691 -752.5366666666666 300
2692 -752.6966666666667 300
2693 -752.7366666666667 300
2694 -750.1 300
2695 -749.68 300
2696 -750.0866666666667 300
2697 -749.9833333333333 300
2698 -750.1366666666667 300
2699 -750.1766666666666 300
2700 -750.1766666666666 300
2701 -750.41 300
2702 -750.4533333333334 300
2703 -750.4933333333333 300
2704 -750.28 300
2705 -750.32 300
2706 -750.56 300
2707 -750.4866666666667 300
2708 -750.34 300
2709 -750.42 300
2710 -750.46 300
2711 -750.6233333333333 300
2712 -750.7866666666666 300
2713 -750.7866666666666 300
2714 -750.9066666666666 300
2715 -751.4166666666666 300
2716 -750.2033333333334 300
2717 -750.06 300
2718 -749.7133333333334 300
2719 -750.14 300
2720 -750.18 300
2721 -750.26 300
2722 -750.6233333333333 300
2723 -750.8633333333333 300
2724 -751.0233333333333 300
2725 -751.5833333333334 300
2726 -751.6633333333333 300
2727 -751.7433333333333 300
2728 -751.7833333333333 300
2729 -751.8633333333333 300
2730 -751.8233333333334 300
2731 -752.08 300
2732 -752.12 300
2733 -752.2 300
2734 -752.28 300
2735 -752.32 300
2736 -752.3933333333333 300
2737 -752.5166666666667 300
2738 -752.5566666666666 300
2739 -752.6333333333333 300
2740 -752.7133333333334 300
2741 -752.79 300
2742 -752.6666666666666 300
2743 -752.7833333333333 300
2744 -752.8233333333334 300
2745 -752.9866666666667 300
2746 -753.0233333333333 300
2747 -753.02 300
2748 -753.0166666666667 300
2749 -753.0533333333333 300
2750 -752.97 300
2751 -752.81 300
2752 -752.4866666666667 300
2753 -752.1633333333333 300
2754 -751.9566666666667 300
2755 -751.59 300
2756 -751.6933333333334 300
2757 -751.7666666666667 300
2758 -751.7266666666667 300
2759 -751.3566666666667 300
2760 -750.9466666666667 300
2761 -750.6166666666667 300
2762 -750.7166666666667 300
2763 -750.8 300
2764 -750.6266666666667 300
2765 -750.4966666666667 300
2766 -750.4066666666666 300
2767 -750.3166666666667 300
2768 -750.23 300
2769 -750.14 300
2770 -750.0966666666667 300
2771 -750.2533333333333 300
2772 -750.2933333333333 300
2773 -750.33 300
2774 -750.2866666666666 300
2775 -750.2366666666667 300
2776 -750.23 300
2777 -750.18 300
2778 -750.13 300
2779 -750.1666666666666 300
2780 -750.3033333333333 300
2781 -750.3866666666667 300
2782 -750.3866666666667 300
2783 -750.3833333333333 300
2784 -750.38 300
2785 -750.38 300
2786 -750.3833333333333 300
2787 -750.38 300
2788 -750.3866666666667 300
2789 -750.5566666666666 300
2790 -750.06 300
2791 -750.0566666666666 300
2792 -750.0533333333333 300
2793 -750.01 300
2794 -749.9633333333334 300
2795 -750.0366666666666 300
2796 -750.23 300
2797 -750.27 300
2798 -750.35 300
2799 -750.4733333333334 300
2800 -750.5966666666667 300
2801 -750.6366666666667 300
2802 -749.5333333333333 300
2803 -749.6566666666666 300
2804 -749.7033333333334 300
2805 -749.8366666666667 300
2806 -749.9166666666666 300
2807 -750.1733333333333 300
2808 -750.3633333333333 300
2809 -750.8933333333333 300
2810 -751.43 300
2811 -750.5066666666667 300
2812 -748.1866666666666 300
2813 -748.2233333333334 300
2814 -748.38 300
2815 -747.9366666666666 300
2816 -747.94 300
2817 -748.0733333333334 300
2818 -748.2933333333333 300
2819 -748.51 300
2820 -748.73 300
2821 -748.7766666666666 300
2822 -745.45 300
2823 -745.4533333333334 300
2824 -745.4533333333334 300
2825 -745.3266666666667 300
2826 -745.3266666666667 300
2827 -745.3266666666667 300
2828 -745.33 300
2829 -745.3333333333334 300
2830 -745.3333333333334 300
2831 -745.3333333333334 300
2832 -745.3333333333334 300
2833 -745.3366666666667 300
2834 -745.2066666666667 300
2835 -745.2066666666667 300
2836 -745.21 300
2837 -745.21 300
2838 -745.21 300
2839 -745.2133333333334 300
2840 -745.2166666666667 300
2841 -745.22 300
2842 -745.2233333333334 300
2843 -745.2233333333334 300
2844 -745.2233333333334 300
2845 -745.3166666666667 300
2846 -745.32 300
2847 -745.28 300
2848 -745.2833333333333 300
2849 -745.2766666666666 300
2850 -745.2733333333333 300
2851 -745.28 300
2852 -745.28 300
2853 -745.28 300
2854 -745.2833333333333 300
2855 -745.2833333333333 300
2856 -745.2833333333333 300
2857 -745.2833333333333 300
2858 -745.2833333333333 300
2859 -745.2833333333333 300
2860 -745.24 300
2861 -745.2433333333333 300
2862 -745.2433333333333 300
2863 -745.2433333333333 300
2864 -745.2433333333333 300
2865 -745.2433333333333 300
2866 -745.2433333333333 300
2867 -745.2433333333333 300
2868 -745.2433333333333 300
2869 -744.9366666666666 300
2870 -744.9366666666666 300
2871 -744.9366666666666 300
2872 -744.9366666666666 300
2873 -744.9366666666666 300
2874 -744.9366666666666 300
2875 -744.9366666666666 300
2876 -744.94 300
2877 -744.94 300
2878 -744.94 300
2879 -744.94 300
2880 -744.9433333333334 300
2881 -744.9433333333334 300
2882 -744.9433333333334 300
2883 -744.9433333333334 300
2884 -744.9433333333334 300
2885 -744.9433333333334 300
2886 -744.9433333333334 300
2887 -744.9433333333334 300
2888 -744.9466666666667 300
2889 -744.9466666666667 300
2890 -744.9466666666667 300
2891 -744.9466666666667 300
2892 -744.9033333333333 300
2893 -744.75 300
2894 -744.7533333333333 300
2895 -744.7966666666666 300
2896 -744.7966666666666 300
2897 -744.0766666666667 300
2898 -744.0766666666667 300
2899 -744.0333333333333 300
2900 -744.0866666666667 300
2901 -744.0866666666667 300
2902 -743.9933333333333 300
2903 -743.9933333333333 300
2904 -743.95 300
2905 -744.0366666666666 300
2906 -743.9933333333333 300
2907 -743.9933333333333 300
2908 -743.95 300
2909 -743.9033333333333 300
2910 -743.9033333333333 300
2911 -743.99 300
2912 -743.78 300
2913 -743.75 300
2914 -743.7066666666667 300
2915 -743.7066666666667 300
2916 -743.62 300
2917 -743.7533333333333 300
2918 -743.71 300
2919 -743.6666666666666 300
2920 -743.6266666666667 300
2921 -743.5433333333333 300
2922 -742.65 300
2923 -741.6333333333333 300
2924 -741.59 300
2925 -741.6766666666666 300
2926 -741.7633333333333 300
2927 -741.8066666666666 300
2928 -741.8533333333334 300
2929 -740.8566666666667 300
2930 -740.99 300
2931 -741.1633333333333 300
2932 -741.2966666666666 300
2933 -741.3833333333333 300
2934 -739.8233333333334 300
2935 -740.04 300
2936 -739.74 300
2937 -739.9166666666666 300
2938 -740.0933333333334 300
2939 -740.14 300
2940 -740.27 300
2941 -740.53 300
2942 -740.75 300
2943 -740.88 300
2944 -740.97 300
2945 -741.33 300
2946 -741.5033333333333 300
2947 -741.4933333333333 300
2948 -741.4133333333333 300
2949 -741.46 300
2950 -741.3766666666667 300
2951 -741.51 300
2952 -741.6433333333333 300
2953 -741.7733333333333 300
2954 -741.8566666666667 300
2955 -741.94 300
2956 -742.0233333333333 300
2957 -742.11 300
2958 -742.1066666666667 300
2959 -740.6366666666667 300
2960 -740.7233333333334 300
2961 -740.9 300
2962 -741.1166666666667 300
2963 -741.29 300
2964 -740.2933333333333 300
2965 -740.47 300
2966 -740.6866666666666 300
2967 -740.95 300
2968 -741.1233333333333 300
2969 -741.2133333333334 300
2970 -741.3033333333333 300
2971 -741.3933333333333 300
2972 -740.49 300
2973 -741.8366666666667 300
2974 -741.5766666666667 300
2975 -741.7966666666666 300
2976 -741.93 300
2977 -739.87 300
2978 -739.4266666666666 300
2979 -739.6033333333334 300
2980 -739.6933333333334 300
2981 -739.9166666666666 300
2982 -740.0933333333334 300
2983 -740.3133333333334 300
2984 -740.5366666666666 300
2985 -740.41 300
2986 -740.5 300
2987 -740.63 300
2988 -739.23 300
2989 -739.36 300
2990 -739.4033333333333 300
2991 -739.5333333333333 300
2992 -738.6166666666667 300
2993 -738.7466666666667 300
2994 -738.92 300
2995 -739.0033333333333 300
2996 -739.0866666666667 300
2997 -739.1266666666667 300
2998 -739.1666666666666 300
2999 -739.2066666666667 300
3000 -739.3033333333333 300
