875.0 -749.0 
995.0 -838.0 
875.0 -749.0 
995.0 -838.0 
975.0 -825.0 
900.0 -820.0 
886.0 -766.0 
889.0 -807.0 
985.0 -833.0 
886.0 -766.0 
992.0 -836.0 
891.0 -810.0 
882.0 -761.0 
880.0 -755.0 
900.0 -820.0 
882.0 -761.0 
880.0 -755.0 
889.0 -807.0 
980.0 -828.0 
992.0 -836.0 
881.0 -757.0 
893.0 -811.0 
895.0 -814.0 
898.0 -817.0 
981.0 -831.0 
895.0 -814.0 
977.0 -826.0 
982.0 -832.0 
977.0 -826.0 
980.0 -828.0 
881.0 -757.0 
897.0 -816.0 
897.0 -816.0 
893.0 -811.0 
898.0 -817.0 
981.0 -831.0 
982.0 -832.0 
875.0 -749.0 
995.0 -838.0 
900.0 -820.0 
882.0 -761.0 
889.0 -807.0 
992.0 -836.0 
895.0 -814.0 
977.0 -826.0 
980.0 -828.0 
881.0 -757.0 
897.0 -816.0 
898.0 -817.0 
893.0 -811.0 
981.0 -831.0 
982.0 -832.0 
875.0 -749.0 
995.0 -838.0 
900.0 -820.0 
882.0 -761.0 
889.0 -807.0 
992.0 -836.0 
895.0 -814.0 
977.0 -826.0 
980.0 -828.0 
881.0 -757.0 
897.0 -816.0 
898.0 -817.0 
893.0 -811.0 
981.0 -831.0 
982.0 -832.0 
995.0 -838.0 
875.0 -749.0 
900.0 -820.0 
882.0 -761.0 
992.0 -836.0 
895.0 -814.0 
977.0 -826.0 
980.0 -828.0 
881.0 -757.0 
897.0 -816.0 
893.0 -811.0 
898.0 -817.0 
981.0 -831.0 
982.0 -832.0 
995.0 -838.0 
875.0 -749.0 
900.0 -820.0 
882.0 -761.0 
992.0 -836.0 
895.0 -814.0 
977.0 -826.0 
881.0 -757.0 
897.0 -816.0 
893.0 -811.0 
898.0 -817.0 
982.0 -832.0 
981.0 -831.0 
875.0 -749.0 
995.0 -838.0 
900.0 -820.0 
882.0 -761.0 
992.0 -836.0 
895.0 -814.0 
977.0 -826.0 
881.0 -757.0 
897.0 -816.0 
898.0 -817.0 
893.0 -811.0 
982.0 -832.0 
981.0 -831.0 
875.0 -749.0 
995.0 -838.0 
900.0 -820.0 
882.0 -761.0 
992.0 -836.0 
895.0 -814.0 
977.0 -826.0 
881.0 -757.0 
897.0 -816.0 
898.0 -817.0 
893.0 -811.0 
982.0 -832.0 
981.0 -831.0 
995.0 -838.0 
900.0 -820.0 
882.0 -761.0 
992.0 -836.0 
895.0 -814.0 
977.0 -826.0 
881.0 -757.0 
897.0 -816.0 
898.0 -817.0 
893.0 -811.0 
982.0 -832.0 
981.0 -831.0 
995.0 -838.0 
900.0 -820.0 
882.0 -761.0 
992.0 -836.0 
895.0 -814.0 
977.0 -826.0 
881.0 -757.0 
897.0 -816.0 
893.0 -811.0 
898.0 -817.0 
982.0 -832.0 
981.0 -831.0 
995.0 -838.0 
900.0 -820.0 
882.0 -761.0 
992.0 -836.0 
895.0 -814.0 
977.0 -826.0 
881.0 -757.0 
897.0 -816.0 
893.0 -811.0 
898.0 -817.0 
981.0 -831.0 
995.0 -838.0 
900.0 -820.0 
882.0 -761.0 
992.0 -836.0 
895.0 -814.0 
977.0 -826.0 
881.0 -757.0 
897.0 -816.0 
898.0 -817.0 
893.0 -811.0 
981.0 -831.0 
995.0 -838.0 
900.0 -820.0 
882.0 -761.0 
992.0 -836.0 
895.0 -814.0 
977.0 -826.0 
881.0 -757.0 
897.0 -816.0 
898.0 -817.0 
893.0 -811.0 
981.0 -831.0 
900.0 -820.0 
992.0 -836.0 
882.0 -761.0 
895.0 -814.0 
977.0 -826.0 
881.0 -757.0 
897.0 -816.0 
898.0 -817.0 
893.0 -811.0 
981.0 -831.0 
882.0 -761.0 
900.0 -820.0 
992.0 -836.0 
895.0 -814.0 
977.0 -826.0 
881.0 -757.0 
897.0 -816.0 
898.0 -817.0 
893.0 -811.0 
981.0 -831.0 
882.0 -761.0 
900.0 -820.0 
992.0 -836.0 
895.0 -814.0 
977.0 -826.0 
881.0 -757.0 
897.0 -816.0 
898.0 -817.0 
893.0 -811.0 
981.0 -831.0 
882.0 -761.0 
900.0 -820.0 
992.0 -836.0 
895.0 -814.0 
977.0 -826.0 
881.0 -757.0 
897.0 -816.0 
898.0 -817.0 
893.0 -811.0 
981.0 -831.0 
882.0 -761.0 
900.0 -820.0 
992.0 -836.0 
895.0 -814.0 
977.0 -826.0 
881.0 -757.0 
897.0 -816.0 
898.0 -817.0 
893.0 -811.0 
981.0 -831.0 
882.0 -761.0 
900.0 -820.0 
992.0 -836.0 
895.0 -814.0 
977.0 -826.0 
881.0 -757.0 
897.0 -816.0 
898.0 -817.0 
893.0 -811.0 
981.0 -831.0 
882.0 -761.0 
900.0 -820.0 
992.0 -836.0 
981.0 -831.0 
977.0 -826.0 
895.0 -814.0 
881.0 -757.0 
897.0 -816.0 
898.0 -817.0 
893.0 -811.0 
882.0 -761.0 
900.0 -820.0 
992.0 -836.0 
981.0 -831.0 
977.0 -826.0 
895.0 -814.0 
881.0 -757.0 
897.0 -816.0 
893.0 -811.0 
882.0 -761.0 
977.0 -826.0 
881.0 -757.0 
900.0 -820.0 
992.0 -836.0 
981.0 -831.0 
897.0 -816.0 
893.0 -811.0 
882.0 -761.0 
977.0 -826.0 
881.0 -757.0 
900.0 -820.0 
992.0 -836.0 
981.0 -831.0 
897.0 -816.0 
893.0 -811.0 
882.0 -761.0 
977.0 -826.0 
881.0 -757.0 
900.0 -820.0 
992.0 -836.0 
981.0 -831.0 
897.0 -816.0 
893.0 -811.0 
992.0 -836.0 
882.0 -761.0 
977.0 -826.0 
900.0 -820.0 
981.0 -831.0 
897.0 -816.0 
893.0 -811.0 
992.0 -836.0 
882.0 -761.0 
977.0 -826.0 
900.0 -820.0 
981.0 -831.0 
897.0 -816.0 
893.0 -811.0 
992.0 -836.0 
882.0 -761.0 
977.0 -826.0 
900.0 -820.0 
897.0 -816.0 
981.0 -831.0 
