814.0 -774.0 
870.0 -870.0 
870.0 -870.0 
815.0 -821.0 
837.0 -841.0 
840.0 -850.0 
860.0 -861.0 
831.0 -840.0 
852.0 -856.0 
855.0 -860.0 
824.0 -831.0 
847.0 -855.0 
853.0 -858.0 
866.0 -869.0 
839.0 -845.0 
843.0 -851.0 
825.0 -834.0 
861.0 -865.0 
817.0 -823.0 
817.0 -823.0 
845.0 -854.0 
820.0 -826.0 
839.0 -845.0 
865.0 -867.0 
822.0 -829.0 
820.0 -826.0 
855.0 -860.0 
847.0 -855.0 
845.0 -854.0 
828.0 -836.0 
843.0 -851.0 
863.0 -866.0 
837.0 -841.0 
826.0 -835.0 
863.0 -866.0 
815.0 -821.0 
822.0 -829.0 
829.0 -837.0 
821.0 -827.0 
830.0 -839.0 
831.0 -840.0 
866.0 -869.0 
861.0 -865.0 
826.0 -835.0 
830.0 -839.0 
852.0 -856.0 
828.0 -836.0 
829.0 -837.0 
860.0 -861.0 
821.0 -827.0 
865.0 -867.0 
870.0 -870.0 
817.0 -823.0 
839.0 -845.0 
820.0 -826.0 
855.0 -860.0 
847.0 -855.0 
845.0 -854.0 
837.0 -841.0 
863.0 -866.0 
815.0 -821.0 
831.0 -840.0 
866.0 -869.0 
861.0 -865.0 
826.0 -835.0 
830.0 -839.0 
860.0 -861.0 
821.0 -827.0 
828.0 -836.0 
829.0 -837.0 
865.0 -867.0 
870.0 -870.0 
817.0 -823.0 
839.0 -845.0 
820.0 -826.0 
855.0 -860.0 
847.0 -855.0 
845.0 -854.0 
837.0 -841.0 
863.0 -866.0 
815.0 -821.0 
831.0 -840.0 
866.0 -869.0 
861.0 -865.0 
826.0 -835.0 
830.0 -839.0 
821.0 -827.0 
860.0 -861.0 
829.0 -837.0 
865.0 -867.0 
870.0 -870.0 
817.0 -823.0 
839.0 -845.0 
820.0 -826.0 
855.0 -860.0 
847.0 -855.0 
845.0 -854.0 
837.0 -841.0 
863.0 -866.0 
815.0 -821.0 
831.0 -840.0 
866.0 -869.0 
861.0 -865.0 
826.0 -835.0 
830.0 -839.0 
821.0 -827.0 
829.0 -837.0 
865.0 -867.0 
860.0 -861.0 
870.0 -870.0 
817.0 -823.0 
839.0 -845.0 
820.0 -826.0 
855.0 -860.0 
847.0 -855.0 
845.0 -854.0 
837.0 -841.0 
863.0 -866.0 
815.0 -821.0 
831.0 -840.0 
866.0 -869.0 
861.0 -865.0 
826.0 -835.0 
830.0 -839.0 
829.0 -837.0 
860.0 -861.0 
865.0 -867.0 
870.0 -870.0 
817.0 -823.0 
839.0 -845.0 
820.0 -826.0 
855.0 -860.0 
847.0 -855.0 
845.0 -854.0 
837.0 -841.0 
863.0 -866.0 
815.0 -821.0 
831.0 -840.0 
866.0 -869.0 
861.0 -865.0 
826.0 -835.0 
830.0 -839.0 
829.0 -837.0 
860.0 -861.0 
865.0 -867.0 
870.0 -870.0 
820.0 -826.0 
855.0 -860.0 
847.0 -855.0 
845.0 -854.0 
837.0 -841.0 
863.0 -866.0 
815.0 -821.0 
831.0 -840.0 
866.0 -869.0 
861.0 -865.0 
826.0 -835.0 
830.0 -839.0 
865.0 -867.0 
860.0 -861.0 
829.0 -837.0 
870.0 -870.0 
820.0 -826.0 
855.0 -860.0 
847.0 -855.0 
845.0 -854.0 
837.0 -841.0 
863.0 -866.0 
815.0 -821.0 
826.0 -835.0 
829.0 -837.0 
831.0 -840.0 
866.0 -869.0 
861.0 -865.0 
830.0 -839.0 
865.0 -867.0 
860.0 -861.0 
870.0 -870.0 
820.0 -826.0 
855.0 -860.0 
847.0 -855.0 
845.0 -854.0 
837.0 -841.0 
863.0 -866.0 
815.0 -821.0 
826.0 -835.0 
829.0 -837.0 
831.0 -840.0 
866.0 -869.0 
861.0 -865.0 
830.0 -839.0 
860.0 -861.0 
865.0 -867.0 
870.0 -870.0 
820.0 -826.0 
855.0 -860.0 
847.0 -855.0 
837.0 -841.0 
863.0 -866.0 
815.0 -821.0 
826.0 -835.0 
831.0 -840.0 
866.0 -869.0 
861.0 -865.0 
830.0 -839.0 
865.0 -867.0 
860.0 -861.0 
870.0 -870.0 
820.0 -826.0 
855.0 -860.0 
847.0 -855.0 
837.0 -841.0 
863.0 -866.0 
815.0 -821.0 
826.0 -835.0 
831.0 -840.0 
861.0 -865.0 
866.0 -869.0 
830.0 -839.0 
860.0 -861.0 
865.0 -867.0 
870.0 -870.0 
820.0 -826.0 
855.0 -860.0 
847.0 -855.0 
837.0 -841.0 
815.0 -821.0 
861.0 -865.0 
826.0 -835.0 
865.0 -867.0 
831.0 -840.0 
866.0 -869.0 
830.0 -839.0 
860.0 -861.0 
870.0 -870.0 
847.0 -855.0 
855.0 -860.0 
837.0 -841.0 
861.0 -865.0 
826.0 -835.0 
865.0 -867.0 
815.0 -821.0 
831.0 -840.0 
866.0 -869.0 
820.0 -826.0 
830.0 -839.0 
860.0 -861.0 
870.0 -870.0 
847.0 -855.0 
837.0 -841.0 
861.0 -865.0 
826.0 -835.0 
865.0 -867.0 
815.0 -821.0 
831.0 -840.0 
855.0 -860.0 
866.0 -869.0 
820.0 -826.0 
830.0 -839.0 
860.0 -861.0 
870.0 -870.0 
847.0 -855.0 
837.0 -841.0 
861.0 -865.0 
826.0 -835.0 
865.0 -867.0 
815.0 -821.0 
831.0 -840.0 
855.0 -860.0 
866.0 -869.0 
820.0 -826.0 
830.0 -839.0 
860.0 -861.0 
870.0 -870.0 
847.0 -855.0 
837.0 -841.0 
826.0 -835.0 
865.0 -867.0 
815.0 -821.0 
831.0 -840.0 
855.0 -860.0 
866.0 -869.0 
820.0 -826.0 
830.0 -839.0 
860.0 -861.0 
870.0 -870.0 
847.0 -855.0 
837.0 -841.0 
826.0 -835.0 
865.0 -867.0 
815.0 -821.0 
831.0 -840.0 
855.0 -860.0 
866.0 -869.0 
830.0 -839.0 
820.0 -826.0 
860.0 -861.0 
870.0 -870.0 
847.0 -855.0 
837.0 -841.0 
