507.5 -654.9999999999999
506.6666666666667 -653.3333333333333
506.6666666666667 -653.3333333333333
502.5 -649.1666666666667
508.33333333333337 -656.6666666666665
507.5 -654.9999999999999
506.6666666666667 -653.3333333333333
506.6666666666667 -653.3333333333333
507.5 -654.9999999999999
510.0 -659.1666666666666
511.66666666666663 -661.6666666666666
510.00000000000006 -660.8333333333333
504.1666666666667 -650.8333333333333
505.0 -652.5
504.1666666666667 -650.8333333333333
506.6666666666667 -653.3333333333333
507.5 -654.9999999999999
507.5 -654.9999999999999
507.50000000000006 -655.8333333333333
504.1666666666667 -650.8333333333333
506.6666666666667 -653.3333333333333
507.5 -654.9999999999999
510.0 -659.1666666666666
