502.5 -649.1666666666667
511.66666666666663 -661.6666666666666
510.00000000000006 -660.8333333333333
504.1666666666667 -650.8333333333333
505.0 -652.5
504.1666666666667 -650.8333333333333
504.1666666666667 -650.8333333333333
506.66666666666663 -654.1666666666666
503.3333333333333 -650.0
504.1666666666667 -650.8333333333333
509.1666666666667 -659.1666666666666
504.1666666666667 -650.8333333333333
508.33333333333337 -657.4999999999999
504.1666666666667 -650.8333333333333
506.66666666666663 -654.1666666666666
504.1666666666667 -650.8333333333333
503.3333333333333 -650.0
504.1666666666667 -650.8333333333333
502.5 -649.1666666666667
504.1666666666667 -650.8333333333333
512.5 -664.1666666666666
506.6666666666667 -656.6666666666666
504.1666666666667 -650.8333333333333
