512.5 -664.1666666666666
506.6666666666667 -656.6666666666666
509.16666666666663 -659.1666666666666
508.33333333333337 -659.1666666666665
507.50000000000006 -657.4999999999999
506.6666666666667 -656.6666666666666
509.16666666666663 -659.1666666666666
509.16666666666663 -659.1666666666666
509.1666666666667 -660.8333333333333
518.3333333333333 -666.6666666666666
506.6666666666667 -656.6666666666666
507.50000000000006 -657.4999999999999
506.6666666666667 -656.6666666666666
509.16666666666663 -659.1666666666666
506.6666666666667 -656.6666666666666
507.50000000000006 -657.4999999999999
506.6666666666667 -656.6666666666666
506.6666666666667 -656.6666666666666
508.3333333333333 -658.3333333333333
507.50000000000006 -657.4999999999999
506.6666666666667 -656.6666666666666
506.6666666666667 -656.6666666666666
505.8333333333333 -655.8333333333333
507.50000000000006 -657.4999999999999
510.00000000000006 -663.3333333333334
502.5 -654.1666666666666
506.6666666666667 -656.6666666666666
