507.50000000000006 -684.1666666666669
504.16666666666663 -674.1666666666667
504.16666666666663 -674.1666666666667
507.50000000000006 -684.1666666666669
503.3333333333333 -673.3333333333335
507.50000000000006 -684.1666666666669
504.16666666666663 -674.1666666666667
507.50000000000006 -684.1666666666669
507.50000000000006 -684.1666666666669
504.16666666666663 -674.1666666666667
505.0 -679.1666666666669
507.50000000000006 -684.1666666666669
507.50000000000006 -684.1666666666669
503.3333333333333 -673.3333333333335
502.5 -670.0000000000001
507.50000000000006 -684.1666666666669
