506.6666666666667 -684.1666666666669
506.6666666666667 -684.1666666666669
506.6666666666667 -684.1666666666669
506.6666666666667 -684.1666666666669
506.6666666666667 -684.1666666666669
503.3333333333333 -677.5000000000002
506.6666666666667 -684.1666666666669
506.6666666666667 -684.1666666666669
506.6666666666667 -684.1666666666669
506.6666666666667 -684.1666666666669
506.6666666666667 -684.1666666666669
506.6666666666667 -684.1666666666669
506.6666666666667 -684.1666666666669
503.3333333333333 -677.5000000000002
504.1666666666667 -679.1666666666669
506.6666666666667 -684.1666666666669
504.1666666666667 -679.1666666666669
506.6666666666667 -684.1666666666669
503.3333333333333 -677.5000000000002
506.6666666666667 -684.1666666666669
502.5 -676.6666666666669
506.6666666666667 -684.1666666666669
503.3333333333333 -677.5000000000002
506.6666666666667 -684.1666666666669
506.6666666666667 -684.1666666666669
504.1666666666667 -679.1666666666669
506.6666666666667 -684.1666666666669
502.5 -676.6666666666669
506.6666666666667 -684.1666666666669
504.1666666666667 -679.1666666666669
506.6666666666667 -684.1666666666669
506.6666666666667 -684.1666666666669
506.6666666666667 -684.1666666666669
503.3333333333333 -677.5000000000002
506.6666666666667 -684.1666666666669
506.6666666666667 -684.1666666666669
503.3333333333333 -677.5000000000002
506.6666666666667 -684.1666666666669
506.6666666666667 -684.1666666666669
506.6666666666667 -684.1666666666669
506.6666666666667 -684.1666666666669
