507.5 -692.5000000000001
507.5 -692.5000000000001
507.5 -692.5000000000001
502.5 -681.6666666666669
507.5 -692.5000000000001
507.5 -692.5000000000001
507.5 -692.5000000000001
507.5 -692.5000000000001
507.5 -692.5000000000001
507.5 -692.5000000000001
507.5 -692.5000000000001
507.5 -692.5000000000001
507.5 -692.5000000000001
507.5 -692.5000000000001
500.8333333333333 -680.0000000000001
507.5 -692.5000000000001
507.5 -692.5000000000001
507.5 -692.5000000000001
507.5 -692.5000000000001
507.5 -692.5000000000001
500.8333333333333 -680.0000000000001
507.5 -692.5000000000001
507.5 -692.5000000000001
503.3333333333333 -691.6666666666667
502.49999999999994 -680.8333333333335
507.5 -692.5000000000001
507.5 -692.5000000000001
507.5 -692.5000000000001
507.5 -692.5000000000001
507.5 -692.5000000000001
507.5 -692.5000000000001
500.8333333333333 -680.0000000000001
507.5 -692.5000000000001
507.5 -692.5000000000001
507.5 -692.5000000000001
507.5 -692.5000000000001
507.5 -692.5000000000001
500.8333333333333 -680.0000000000001
507.5 -692.5000000000001
507.5 -692.5000000000001
507.5 -692.5000000000001
507.5 -692.5000000000001
503.3333333333333 -691.6666666666667
500.8333333333333 -680.0000000000001
507.5 -692.5000000000001
507.5 -692.5000000000001
507.5 -692.5000000000001
500.8333333333333 -680.0000000000001
