509.1666666666667 -708.3333333333335
509.1666666666667 -708.3333333333335
500.83333333333326 -694.1666666666669
500.8333333333333 -700.0000000000002
501.66666666666663 -701.6666666666669
505.83333333333337 -705.8333333333335
506.6666666666667 -706.6666666666669
508.33333333333337 -707.5000000000002
506.6666666666667 -706.6666666666669
508.33333333333337 -707.5000000000002
500.8333333333333 -700.0000000000002
509.1666666666667 -708.3333333333335
506.6666666666667 -706.6666666666669
508.33333333333337 -707.5000000000002
500.8333333333333 -700.0000000000002
509.1666666666667 -708.3333333333335
508.33333333333337 -707.5000000000002
509.1666666666667 -708.3333333333335
508.33333333333337 -707.5000000000002
509.1666666666667 -708.3333333333335
508.33333333333337 -707.5000000000002
509.1666666666667 -708.3333333333335
508.33333333333337 -707.5000000000002
509.1666666666667 -708.3333333333335
508.33333333333337 -707.5000000000002
508.33333333333337 -707.5000000000002
509.1666666666667 -708.3333333333335
509.1666666666667 -708.3333333333335
508.33333333333337 -707.5000000000002
509.1666666666667 -708.3333333333335
509.1666666666667 -708.3333333333335
509.1666666666667 -708.3333333333335
508.33333333333337 -707.5000000000002
509.1666666666667 -708.3333333333335
509.1666666666667 -708.3333333333335
508.33333333333337 -707.5000000000002
509.1666666666667 -708.3333333333335
509.1666666666667 -708.3333333333335
509.1666666666667 -708.3333333333335
509.1666666666667 -708.3333333333335
508.33333333333337 -707.5000000000002
508.33333333333337 -707.5000000000002
509.1666666666667 -708.3333333333335
509.1666666666667 -708.3333333333335
508.33333333333337 -707.5000000000002
508.33333333333337 -707.5000000000002
509.1666666666667 -708.3333333333335
508.33333333333337 -707.5000000000002
509.1666666666667 -708.3333333333335
509.1666666666667 -708.3333333333335
508.33333333333337 -707.5000000000002
508.33333333333337 -707.5000000000002
509.1666666666667 -708.3333333333335
509.1666666666667 -708.3333333333335
509.1666666666667 -708.3333333333335
508.33333333333337 -707.5000000000002
509.1666666666667 -708.3333333333335
508.33333333333337 -707.5000000000002
508.33333333333337 -707.5000000000002
508.33333333333337 -707.5000000000002
508.33333333333337 -707.5000000000002
508.33333333333337 -707.5000000000002
509.1666666666667 -708.3333333333335
508.33333333333337 -707.5000000000002
509.1666666666667 -708.3333333333335
509.1666666666667 -708.3333333333335
508.33333333333337 -707.5000000000002
508.33333333333337 -707.5000000000002
508.33333333333337 -707.5000000000002
509.1666666666667 -708.3333333333335
509.1666666666667 -708.3333333333335
508.33333333333337 -707.5000000000002
508.33333333333337 -707.5000000000002
509.1666666666667 -708.3333333333335
508.33333333333337 -707.5000000000002
509.1666666666667 -708.3333333333335
506.6666666666667 -706.6666666666669
509.1666666666667 -708.3333333333335
509.1666666666667 -708.3333333333335
509.1666666666667 -708.3333333333335
508.33333333333337 -707.5000000000002
509.1666666666667 -708.3333333333335
509.1666666666667 -708.3333333333335
508.33333333333337 -707.5000000000002
499.1666666666667 -693.3333333333335
505.83333333333337 -705.8333333333335
508.33333333333337 -707.5000000000002
508.33333333333337 -707.5000000000002
509.1666666666667 -708.3333333333335
508.33333333333337 -707.5000000000002
508.33333333333337 -707.5000000000002
508.33333333333337 -707.5000000000002
508.33333333333337 -707.5000000000002
508.33333333333337 -707.5000000000002
508.33333333333337 -707.5000000000002
509.1666666666667 -708.3333333333335
509.1666666666667 -708.3333333333335
508.33333333333337 -707.5000000000002
509.1666666666667 -708.3333333333335
508.33333333333337 -707.5000000000002
509.1666666666667 -708.3333333333335
509.1666666666667 -708.3333333333335
510.0 -710.0000000000002
498.3333333333333 -692.5000000000002
508.33333333333337 -707.5000000000002
509.1666666666667 -708.3333333333335
508.33333333333337 -707.5000000000002
506.6666666666667 -706.6666666666669
509.1666666666667 -708.3333333333335
509.1666666666667 -708.3333333333335
508.33333333333337 -707.5000000000002
508.33333333333337 -707.5000000000002
509.1666666666667 -708.3333333333335
508.33333333333337 -707.5000000000002
509.1666666666667 -708.3333333333335
508.33333333333337 -707.5000000000002
509.1666666666667 -708.3333333333335
506.6666666666667 -706.6666666666669
508.33333333333337 -707.5000000000002
503.3333333333333 -704.1666666666669
