500.8333333333333 -700.0000000000002
501.66666666666663 -701.6666666666669
500.8333333333333 -700.0000000000002
500.8333333333333 -700.0000000000002
498.3333333333333 -692.5000000000002
503.3333333333333 -704.1666666666669
505.8333333333333 -706.6666666666669
505.8333333333333 -706.6666666666669
501.66666666666663 -701.6666666666669
510.8333333333333 -712.5000000000002
500.8333333333333 -700.0000000000002
500.8333333333333 -700.0000000000002
500.8333333333333 -700.0000000000002
500.8333333333333 -700.0000000000002
500.8333333333333 -700.0000000000002
500.8333333333333 -700.0000000000002
498.3333333333333 -692.5000000000002
500.8333333333333 -700.0000000000002
500.8333333333333 -700.0000000000002
501.66666666666663 -701.6666666666669
503.3333333333333 -704.1666666666669
499.16666666666663 -694.1666666666669
505.8333333333333 -706.6666666666669
500.8333333333333 -700.0000000000002
509.1666666666667 -710.8333333333335
499.16666666666663 -694.1666666666669
500.8333333333333 -700.0000000000002
498.3333333333333 -692.5000000000002
498.3333333333333 -692.5000000000002
500.8333333333333 -700.0000000000002
498.3333333333333 -692.5000000000002
500.8333333333333 -700.0000000000002
498.3333333333333 -692.5000000000002
500.8333333333333 -700.0000000000002
500.8333333333333 -700.0000000000002
500.8333333333333 -700.0000000000002
500.8333333333333 -700.0000000000002
503.3333333333333 -704.1666666666669
498.3333333333333 -692.5000000000002
501.66666666666663 -701.6666666666669
500.8333333333333 -700.0000000000002
500.8333333333333 -700.0000000000002
498.3333333333333 -692.5000000000002
500.8333333333333 -700.0000000000002
500.8333333333333 -700.0000000000002
501.66666666666663 -701.6666666666669
499.16666666666663 -694.1666666666669
500.8333333333333 -700.0000000000002
500.8333333333333 -700.0000000000002
498.3333333333333 -692.5000000000002
500.8333333333333 -700.0000000000002
498.3333333333333 -692.5000000000002
500.8333333333333 -700.0000000000002
501.66666666666663 -701.6666666666669
500.8333333333333 -700.0000000000002
499.16666666666663 -694.1666666666669
501.66666666666663 -701.6666666666669
506.6666666666667 -708.3333333333335
500.8333333333333 -700.0000000000002
500.8333333333333 -700.0000000000002
501.66666666666663 -701.6666666666669
500.8333333333333 -700.0000000000002
499.16666666666663 -694.1666666666669
499.16666666666663 -694.1666666666669
498.3333333333333 -692.5000000000002
498.3333333333333 -692.5000000000002
498.3333333333333 -692.5000000000002
500.8333333333333 -700.0000000000002
498.3333333333333 -692.5000000000002
498.3333333333333 -692.5000000000002
500.8333333333333 -700.0000000000002
500.8333333333333 -700.0000000000002
498.3333333333333 -692.5000000000002
501.66666666666663 -701.6666666666669
500.8333333333333 -700.0000000000002
500.8333333333333 -700.0000000000002
501.66666666666663 -701.6666666666669
508.3333333333333 -710.0000000000002
501.66666666666663 -701.6666666666669
498.3333333333333 -692.5000000000002
498.3333333333333 -692.5000000000002
498.3333333333333 -692.5000000000002
501.66666666666663 -701.6666666666669
505.8333333333333 -706.6666666666669
498.3333333333333 -692.5000000000002
