510.8333333333333 -712.5000000000002
509.1666666666667 -710.8333333333335
508.3333333333333 -710.0000000000002
509.1666666666667 -710.8333333333335
500.8333333333333 -700.8333333333336
500.8333333333333 -700.8333333333336
500.8333333333333 -700.8333333333336
506.6666666666667 -709.1666666666669
500.8333333333333 -700.8333333333336
508.3333333333333 -710.0000000000002
500.8333333333333 -700.8333333333336
500.8333333333333 -700.8333333333336
505.83333333333337 -707.5000000000002
500.8333333333333 -700.8333333333336
500.8333333333333 -700.8333333333336
499.16666666666663 -695.8333333333336
498.3333333333333 -694.1666666666669
500.8333333333333 -700.8333333333336
504.16666666666663 -705.8333333333336
499.16666666666663 -695.8333333333336
508.3333333333333 -710.0000000000002
505.0 -706.6666666666669
500.8333333333333 -700.8333333333336
503.33333333333326 -704.1666666666669
500.8333333333333 -700.8333333333336
505.83333333333337 -707.5000000000002
511.6666666666667 -713.3333333333335
500.8333333333333 -700.8333333333336
500.8333333333333 -700.8333333333336
505.0 -706.6666666666669
501.66666666666663 -703.3333333333336
