498.3333333333333 -694.1666666666669
511.6666666666667 -713.3333333333335
511.6666666666667 -713.3333333333335
498.3333333333333 -694.1666666666669
502.5 -704.1666666666669
502.5 -704.1666666666669
503.3333333333333 -705.8333333333336
505.0 -708.3333333333335
508.3333333333333 -711.6666666666669
499.16666666666663 -696.6666666666669
509.1666666666667 -712.5000000000002
498.3333333333333 -694.1666666666669
498.3333333333333 -694.1666666666669
498.3333333333333 -694.1666666666669
502.5 -704.1666666666669
499.16666666666663 -696.6666666666669
498.3333333333333 -694.1666666666669
498.3333333333333 -694.1666666666669
505.83333333333326 -709.1666666666669
508.3333333333333 -711.6666666666669
503.3333333333333 -705.8333333333336
508.3333333333333 -711.6666666666669
498.3333333333333 -694.1666666666669
511.6666666666667 -713.3333333333335
505.83333333333326 -709.1666666666669
508.3333333333333 -711.6666666666669
500.8333333333333 -703.3333333333336
500.8333333333333 -703.3333333333336
505.83333333333326 -709.1666666666669
508.3333333333333 -711.6666666666669
498.3333333333333 -694.1666666666669
499.16666666666663 -696.6666666666669
508.3333333333333 -711.6666666666669
508.3333333333333 -711.6666666666669
502.5 -704.1666666666669
499.16666666666663 -696.6666666666669
