505.0 -708.3333333333335
508.3333333333333 -711.6666666666669
509.1666666666667 -712.5000000000002
505.83333333333326 -709.1666666666669
508.3333333333333 -711.6666666666669
508.3333333333333 -711.6666666666669
505.83333333333326 -709.1666666666669
508.3333333333333 -711.6666666666669
500.8333333333333 -703.3333333333336
500.8333333333333 -703.3333333333336
505.83333333333326 -709.1666666666669
508.3333333333333 -711.6666666666669
508.3333333333333 -711.6666666666669
508.3333333333333 -711.6666666666669
504.16666666666663 -706.6666666666669
510.8333333333333 -715.0000000000002
503.33333333333326 -705.8333333333336
500.8333333333333 -703.3333333333336
508.3333333333333 -711.6666666666669
503.33333333333326 -705.8333333333336
503.33333333333326 -705.8333333333336
503.33333333333326 -705.8333333333336
501.66666666666663 -704.1666666666669
508.3333333333333 -711.6666666666669
510.8333333333333 -715.0000000000002
500.83333333333326 -699.1666666666669
504.16666666666663 -706.6666666666669
505.83333333333326 -709.1666666666669
510.8333333333333 -715.0000000000002
500.8333333333333 -703.3333333333336
500.8333333333333 -703.3333333333336
508.3333333333333 -711.6666666666669
508.3333333333333 -711.6666666666669
508.3333333333333 -711.6666666666669
500.8333333333333 -703.3333333333336
508.3333333333333 -711.6666666666669
509.1666666666667 -712.5000000000002
503.33333333333326 -705.8333333333336
508.3333333333333 -711.6666666666669
501.66666666666663 -704.1666666666669
500.8333333333333 -703.3333333333336
501.66666666666663 -704.1666666666669
498.3333333333333 -696.6666666666669
