504.16666666666663 -706.6666666666669
510.8333333333333 -715.0000000000002
510.8333333333333 -715.0000000000002
500.83333333333326 -699.1666666666669
504.16666666666663 -706.6666666666669
510.8333333333333 -715.0000000000002
498.3333333333333 -696.6666666666669
498.3333333333333 -696.6666666666669
502.5 -705.8333333333336
507.5 -711.6666666666669
500.83333333333326 -699.1666666666669
504.99999999999994 -709.1666666666669
498.3333333333333 -696.6666666666669
500.83333333333326 -699.1666666666669
498.3333333333333 -696.6666666666669
510.8333333333333 -715.0000000000002
502.5 -705.8333333333336
504.16666666666663 -706.6666666666669
508.3333333333333 -712.5000000000002
506.6666666666667 -710.0000000000002
507.5 -711.6666666666669
498.3333333333333 -696.6666666666669
510.8333333333333 -715.0000000000002
502.5 -705.8333333333336
510.8333333333333 -715.0000000000002
498.3333333333333 -696.6666666666669
504.16666666666663 -706.6666666666669
498.3333333333333 -696.6666666666669
500.83333333333326 -699.1666666666669
502.5 -705.8333333333336
506.6666666666667 -710.0000000000002
502.5 -705.8333333333336
500.83333333333326 -699.1666666666669
499.16666666666663 -697.5000000000002
507.5 -711.6666666666669
501.66666666666663 -704.166666666667
499.16666666666663 -697.5000000000002
498.3333333333333 -696.6666666666669
502.5 -705.8333333333336
498.3333333333333 -696.6666666666669
504.16666666666663 -706.6666666666669
502.49999999999994 -705.0000000000002
502.49999999999994 -705.0000000000002
510.0 -714.1666666666669
504.16666666666663 -706.6666666666669
500.8333333333333 -704.1666666666669
499.16666666666663 -697.5000000000002
498.3333333333333 -696.6666666666669
510.0 -714.1666666666669
499.16666666666663 -697.5000000000002
499.16666666666663 -697.5000000000002
