504.99999999999994 -710.0000000000002
513.3333333333333 -718.3333333333336
499.16666666666663 -699.1666666666669
498.3333333333333 -698.3333333333336
510.83333333333337 -717.5000000000002
498.3333333333333 -698.3333333333336
498.3333333333333 -698.3333333333336
500.8333333333333 -705.8333333333336
498.3333333333333 -698.3333333333336
498.3333333333333 -698.3333333333336
510.0 -715.8333333333336
498.3333333333333 -698.3333333333336
498.3333333333333 -698.3333333333336
498.3333333333333 -698.3333333333336
497.5 -695.0000000000003
499.99999999999994 -700.0000000000002
504.99999999999994 -710.0000000000002
498.3333333333333 -698.3333333333336
498.3333333333333 -698.3333333333336
510.83333333333337 -717.5000000000002
498.3333333333333 -698.3333333333336
502.49999999999994 -707.5000000000002
513.3333333333333 -718.3333333333336
506.66666666666663 -710.8333333333336
504.99999999999994 -710.0000000000002
498.3333333333333 -698.3333333333336
499.99999999999994 -700.0000000000002
504.99999999999994 -710.0000000000002
504.99999999999994 -710.0000000000002
510.0 -715.8333333333336
504.99999999999994 -710.0000000000002
499.16666666666663 -699.1666666666669
499.99999999999994 -700.0000000000002
508.33333333333337 -715.0000000000002
504.16666666666663 -708.3333333333336
507.5 -713.3333333333336
498.3333333333333 -698.3333333333336
499.99999999999994 -700.0000000000002
499.99999999999994 -700.0000000000002
