504.99999999999994 -710.0000000000002
498.3333333333333 -698.3333333333336
510.83333333333337 -717.5000000000002
498.3333333333333 -698.3333333333336
498.3333333333333 -698.3333333333336
500.8333333333333 -705.8333333333336
498.3333333333333 -698.3333333333336
498.3333333333333 -698.3333333333336
498.3333333333333 -698.3333333333336
498.3333333333333 -698.3333333333336
498.3333333333333 -698.3333333333336
497.5 -695.0000000000003
504.99999999999994 -710.0000000000002
498.3333333333333 -698.3333333333336
498.3333333333333 -698.3333333333336
510.83333333333337 -717.5000000000002
498.3333333333333 -698.3333333333336
502.49999999999994 -707.5000000000002
504.99999999999994 -710.0000000000002
498.3333333333333 -698.3333333333336
504.99999999999994 -710.0000000000002
504.99999999999994 -710.0000000000002
504.99999999999994 -710.0000000000002
507.5 -713.3333333333336
498.3333333333333 -698.3333333333336
498.3333333333333 -698.3333333333336
504.99999999999994 -710.0000000000002
499.16666666666663 -700.0000000000002
504.99999999999994 -710.0000000000002
506.66666666666663 -711.6666666666669
504.99999999999994 -710.0000000000002
499.99999999999994 -700.8333333333336
498.3333333333333 -698.3333333333336
499.99999999999994 -700.8333333333336
499.99999999999994 -700.8333333333336
504.99999999999994 -710.0000000000002
504.99999999999994 -710.0000000000002
504.99999999999994 -710.0000000000002
504.99999999999994 -710.0000000000002
502.49999999999994 -707.5000000000002
507.5 -713.3333333333336
502.49999999999994 -707.5000000000002
502.49999999999994 -707.5000000000002
507.5 -713.3333333333336
502.49999999999994 -707.5000000000002
502.49999999999994 -707.5000000000002
502.49999999999994 -707.5000000000002
502.49999999999994 -707.5000000000002
504.16666666666663 -709.1666666666669
503.3333333333333 -708.3333333333336
502.49999999999994 -707.5000000000002
504.99999999999994 -710.0000000000002
502.49999999999994 -707.5000000000002
504.99999999999994 -710.0000000000002
504.99999999999994 -710.0000000000002
504.99999999999994 -710.0000000000002
502.49999999999994 -707.5000000000002
504.99999999999994 -710.0000000000002
497.5 -695.0000000000003
504.99999999999994 -710.0000000000002
502.49999999999994 -707.5000000000002
504.99999999999994 -710.0000000000002
504.99999999999994 -710.0000000000002
504.99999999999994 -710.0000000000002
504.99999999999994 -710.0000000000002
498.3333333333333 -698.3333333333336
502.49999999999994 -707.5000000000002
502.49999999999994 -707.5000000000002
501.66666666666663 -706.666666666667
499.16666666666663 -700.0000000000002
498.3333333333333 -698.3333333333336
504.99999999999994 -710.0000000000002
511.6666666666667 -718.3333333333336
498.3333333333333 -698.3333333333336
499.16666666666663 -700.0000000000002
502.49999999999994 -707.5000000000002
498.3333333333333 -698.3333333333336
498.3333333333333 -698.3333333333336
498.3333333333333 -698.3333333333336
499.99999999999994 -700.8333333333336
504.99999999999994 -710.0000000000002
508.33333333333337 -715.8333333333336
499.99999999999994 -700.8333333333336
502.49999999999994 -707.5000000000002
504.99999999999994 -710.0000000000002
502.49999999999994 -707.5000000000002
504.99999999999994 -710.0000000000002
507.5 -713.3333333333336
507.5 -713.3333333333336
502.49999999999994 -707.5000000000002
499.99999999999994 -700.8333333333336
504.99999999999994 -710.0000000000002
502.49999999999994 -707.5000000000002
507.5 -713.3333333333336
507.5 -713.3333333333336
507.5 -713.3333333333336
498.3333333333333 -698.3333333333336
504.99999999999994 -710.0000000000002
504.99999999999994 -710.0000000000002
502.49999999999994 -707.5000000000002
503.3333333333333 -708.3333333333336
507.5 -713.3333333333336
498.3333333333333 -698.3333333333336
498.3333333333333 -698.3333333333336
502.49999999999994 -707.5000000000002
504.99999999999994 -710.0000000000002
504.99999999999994 -710.0000000000002
504.16666666666663 -709.1666666666669
502.49999999999994 -707.5000000000002
498.3333333333333 -698.3333333333336
507.5 -713.3333333333336
508.33333333333337 -715.8333333333336
502.49999999999994 -707.5000000000002
498.3333333333333 -698.3333333333336
504.99999999999994 -710.0000000000002
502.49999999999994 -707.5000000000002
