497.5 -695.0000000000003
497.5 -695.0000000000003
510.83333333333337 -718.3333333333336
510.83333333333337 -718.3333333333336
498.3333333333333 -700.0000000000002
505.8333333333333 -712.5000000000002
500.83333333333326 -701.6666666666669
500.8333333333333 -706.666666666667
502.5 -709.166666666667
506.6666666666667 -715.0000000000002
505.0 -710.8333333333336
503.3333333333333 -710.0000000000002
501.66666666666663 -707.5000000000002
510.00000000000006 -718.3333333333335
506.6666666666667 -715.0000000000002
503.3333333333333 -710.0000000000002
505.0 -710.8333333333336
509.1666666666667 -716.666666666667
501.66666666666663 -707.5000000000002
509.1666666666667 -716.666666666667
510.0 -717.5000000000002
500.8333333333333 -706.666666666667
500.83333333333326 -701.6666666666669
510.0 -717.5000000000002
510.83333333333337 -718.3333333333336
510.83333333333337 -718.3333333333336
510.83333333333337 -718.3333333333336
500.8333333333333 -706.666666666667
510.83333333333337 -718.3333333333336
510.83333333333337 -718.3333333333336
509.1666666666667 -716.666666666667
500.8333333333333 -706.666666666667
510.83333333333337 -718.3333333333336
500.8333333333333 -706.666666666667
510.83333333333337 -718.3333333333336
510.83333333333337 -718.3333333333336
509.1666666666667 -716.666666666667
510.83333333333337 -718.3333333333336
510.83333333333337 -718.3333333333336
500.8333333333333 -706.666666666667
510.83333333333337 -718.3333333333336
510.83333333333337 -718.3333333333336
510.83333333333337 -718.3333333333336
500.8333333333333 -706.666666666667
510.83333333333337 -718.3333333333336
510.83333333333337 -718.3333333333336
510.83333333333337 -718.3333333333336
510.0 -717.5000000000002
510.83333333333337 -718.3333333333336
509.1666666666667 -716.666666666667
510.83333333333337 -718.3333333333336
510.83333333333337 -718.3333333333336
500.8333333333333 -706.666666666667
510.83333333333337 -718.3333333333336
509.1666666666667 -716.666666666667
509.1666666666667 -716.666666666667
510.83333333333337 -718.3333333333336
510.83333333333337 -718.3333333333336
510.0 -717.5000000000002
510.83333333333337 -718.3333333333336
500.8333333333333 -706.666666666667
510.0 -717.5000000000002
505.0 -710.8333333333336
510.83333333333337 -718.3333333333336
510.83333333333337 -718.3333333333336
509.1666666666667 -716.666666666667
510.83333333333337 -718.3333333333336
510.83333333333337 -718.3333333333336
505.0 -710.8333333333336
510.83333333333337 -718.3333333333336
505.0 -710.8333333333336
510.83333333333337 -718.3333333333336
510.83333333333337 -718.3333333333336
509.1666666666667 -716.666666666667
506.6666666666667 -715.0000000000002
510.83333333333337 -718.3333333333336
505.0 -710.8333333333336
510.83333333333337 -718.3333333333336
510.0 -717.5000000000002
510.0 -717.5000000000002
510.83333333333337 -718.3333333333336
510.83333333333337 -718.3333333333336
510.83333333333337 -718.3333333333336
509.1666666666667 -716.666666666667
510.83333333333337 -718.3333333333336
509.1666666666667 -716.666666666667
509.1666666666667 -716.666666666667
510.0 -717.5000000000002
510.83333333333337 -718.3333333333336
509.1666666666667 -716.666666666667
510.83333333333337 -718.3333333333336
509.1666666666667 -716.666666666667
510.83333333333337 -718.3333333333336
510.0 -717.5000000000002
499.16666666666663 -700.8333333333336
510.83333333333337 -718.3333333333336
512.5 -720.8333333333335
510.83333333333337 -718.3333333333336
509.1666666666667 -716.666666666667
505.0 -710.8333333333336
510.83333333333337 -718.3333333333336
510.83333333333337 -718.3333333333336
502.5 -709.166666666667
512.5 -720.8333333333335
510.83333333333337 -718.3333333333336
505.0 -710.8333333333336
502.49999999999994 -708.3333333333336
509.1666666666667 -716.666666666667
507.5 -715.8333333333336
498.3333333333333 -700.0000000000002
497.5 -695.0000000000003
509.1666666666667 -716.666666666667
506.6666666666667 -715.0000000000002
509.1666666666667 -716.666666666667
509.1666666666667 -716.666666666667
501.66666666666663 -707.5000000000002
509.1666666666667 -716.666666666667
505.0 -710.8333333333336
508.33333333333337 -716.6666666666669
510.0 -717.5000000000002
510.83333333333337 -718.3333333333336
510.83333333333337 -718.3333333333336
510.83333333333337 -718.3333333333336
510.83333333333337 -718.3333333333336
506.6666666666667 -715.0000000000002
510.83333333333337 -718.3333333333336
510.0 -717.5000000000002
509.1666666666667 -716.666666666667
509.1666666666667 -716.666666666667
506.6666666666667 -715.0000000000002
509.1666666666667 -716.666666666667
510.83333333333337 -718.3333333333336
510.83333333333337 -718.3333333333336
509.1666666666667 -716.666666666667
510.83333333333337 -718.3333333333336
500.83333333333326 -701.6666666666669
510.83333333333337 -718.3333333333336
510.83333333333337 -718.3333333333336
509.1666666666667 -716.666666666667
510.83333333333337 -718.3333333333336
509.1666666666667 -716.666666666667
510.0 -717.5000000000002
510.83333333333337 -718.3333333333336
510.0 -717.5000000000002
509.1666666666667 -716.666666666667
510.0 -717.5000000000002
510.83333333333337 -718.3333333333336
510.0 -717.5000000000002
509.1666666666667 -716.666666666667
510.0 -717.5000000000002
510.83333333333337 -718.3333333333336
510.83333333333337 -718.3333333333336
510.83333333333337 -718.3333333333336
510.83333333333337 -718.3333333333336
509.1666666666667 -716.666666666667
510.00000000000006 -718.3333333333335
502.5 -709.166666666667
511.6666666666667 -719.1666666666669
506.6666666666667 -715.0000000000002
510.83333333333337 -718.3333333333336
506.6666666666667 -715.0000000000002
510.0 -717.5000000000002
509.1666666666667 -716.666666666667
