497.5 -695.8333333333336
508.33333333333326 -730.0000000000001
508.33333333333326 -730.0000000000001
497.5 -695.8333333333336
498.3333333333333 -705.0000000000001
499.16666666666663 -713.3333333333336
497.5 -695.8333333333336
497.5 -695.8333333333336
497.5 -695.8333333333336
497.5 -695.8333333333336
499.99999999999994 -714.1666666666669
506.66666666666663 -726.6666666666669
501.66666666666663 -719.1666666666669
501.66666666666663 -719.1666666666669
499.16666666666663 -713.3333333333336
506.66666666666663 -726.6666666666669
499.16666666666663 -713.3333333333336
502.49999999999994 -720.0000000000001
507.49999999999994 -729.1666666666669
501.66666666666663 -719.1666666666669
501.66666666666663 -719.1666666666669
502.49999999999994 -720.0000000000001
508.33333333333326 -730.0000000000001
498.3333333333333 -705.0000000000001
501.66666666666663 -719.1666666666669
501.66666666666663 -719.1666666666669
501.66666666666663 -719.1666666666669
507.49999999999994 -729.1666666666669
501.66666666666663 -719.1666666666669
501.66666666666663 -719.1666666666669
502.49999999999994 -720.0000000000001
499.16666666666663 -713.3333333333336
507.49999999999994 -729.1666666666669
507.49999999999994 -729.1666666666669
502.5 -723.3333333333336
506.66666666666663 -726.6666666666669
501.66666666666663 -719.1666666666669
501.66666666666663 -719.1666666666669
506.66666666666663 -726.6666666666669
500.8333333333333 -716.6666666666669
507.49999999999994 -729.1666666666669
508.33333333333326 -730.0000000000001
501.66666666666663 -719.1666666666669
502.49999999999994 -720.0000000000001
507.49999999999994 -729.1666666666669
507.49999999999994 -729.1666666666669
501.66666666666663 -719.1666666666669
509.99999999999994 -730.8333333333335
504.16666666666663 -725.8333333333335
