497.5 -700.0000000000002
509.99999999999994 -734.1666666666667
509.99999999999994 -734.1666666666667
497.5 -700.0000000000002
498.3333333333333 -705.0000000000002
499.16666666666663 -718.3333333333336
498.3333333333333 -705.0000000000002
500.8333333333333 -720.8333333333336
500.8333333333333 -720.8333333333336
502.5 -724.1666666666669
502.5 -724.1666666666669
507.49999999999994 -731.6666666666669
499.99999999999994 -719.166666666667
506.66666666666663 -729.1666666666667
499.99999999999994 -719.166666666667
509.16666666666663 -733.3333333333335
508.33333333333326 -732.5000000000001
499.16666666666663 -718.3333333333336
508.33333333333326 -732.5000000000001
504.16666666666663 -725.8333333333335
503.3333333333333 -725.0000000000001
505.0 -727.5000000000001
509.16666666666663 -733.3333333333335
505.8333333333333 -728.3333333333335
504.1666666666667 -726.6666666666669
505.8333333333333 -728.3333333333335
505.0 -727.5000000000001
503.3333333333333 -725.0000000000001
507.49999999999994 -731.6666666666669
506.6666666666667 -729.1666666666669
506.6666666666667 -729.1666666666669
504.16666666666663 -725.8333333333335
504.1666666666667 -726.6666666666669
498.3333333333333 -705.0000000000002
500.8333333333333 -720.8333333333336
502.5 -724.1666666666669
499.99999999999994 -719.166666666667
499.16666666666663 -718.3333333333336
508.33333333333326 -732.5000000000001
509.16666666666663 -733.3333333333335
505.8333333333333 -728.3333333333335
505.0 -727.5000000000001
503.3333333333333 -725.0000000000001
507.49999999999994 -731.6666666666669
504.16666666666663 -725.8333333333335
504.1666666666667 -726.6666666666669
500.8333333333333 -720.8333333333336
502.5 -724.1666666666669
499.99999999999994 -719.166666666667
499.16666666666663 -718.3333333333336
508.33333333333326 -732.5000000000001
509.16666666666663 -733.3333333333335
505.8333333333333 -728.3333333333335
505.0 -727.5000000000001
503.3333333333333 -725.0000000000001
507.49999999999994 -731.6666666666669
504.16666666666663 -725.8333333333335
504.1666666666667 -726.6666666666669
509.16666666666663 -733.3333333333335
502.5 -724.1666666666669
499.16666666666663 -718.3333333333336
508.33333333333326 -732.5000000000001
505.8333333333333 -728.3333333333335
505.0 -727.5000000000001
503.3333333333333 -725.0000000000001
507.49999999999994 -731.6666666666669
504.16666666666663 -725.8333333333335
504.1666666666667 -726.6666666666669
502.5 -724.1666666666669
499.16666666666663 -718.3333333333336
508.33333333333326 -732.5000000000001
505.8333333333333 -728.3333333333335
503.3333333333333 -725.0000000000001
505.0 -727.5000000000001
507.49999999999994 -731.6666666666669
504.16666666666663 -725.8333333333335
504.1666666666667 -726.6666666666669
499.16666666666663 -718.3333333333336
508.33333333333326 -732.5000000000001
505.8333333333333 -728.3333333333335
505.0 -727.5000000000001
503.3333333333333 -725.0000000000001
507.49999999999994 -731.6666666666669
504.16666666666663 -725.8333333333335
502.5 -724.1666666666669
504.1666666666667 -726.6666666666669
502.5 -724.1666666666669
502.5 -724.1666666666669
503.3333333333333 -725.0000000000001
502.5 -724.1666666666669
502.5 -724.1666666666669
502.5 -724.1666666666669
502.5 -724.1666666666669
502.5 -724.1666666666669
504.16666666666663 -725.8333333333335
502.5 -724.1666666666669
504.16666666666663 -725.8333333333335
502.5 -724.1666666666669
502.5 -724.1666666666669
507.49999999999994 -731.6666666666669
503.3333333333333 -725.0000000000001
502.5 -724.1666666666669
502.5 -724.1666666666669
507.49999999999994 -731.6666666666669
499.16666666666663 -718.3333333333336
504.1666666666667 -726.6666666666669
503.3333333333333 -725.0000000000001
502.5 -724.1666666666669
508.33333333333326 -732.5000000000001
502.5 -724.1666666666669
503.3333333333333 -725.0000000000001
508.33333333333326 -732.5000000000001
502.5 -724.1666666666669
502.5 -724.1666666666669
507.49999999999994 -731.6666666666669
504.1666666666667 -726.6666666666669
504.16666666666663 -725.8333333333335
507.49999999999994 -731.6666666666669
502.5 -724.1666666666669
504.16666666666663 -725.8333333333335
502.5 -724.1666666666669
507.49999999999994 -731.6666666666669
502.5 -724.1666666666669
502.5 -724.1666666666669
503.3333333333333 -725.0000000000001
502.5 -724.1666666666669
503.3333333333333 -725.0000000000001
502.5 -724.1666666666669
503.3333333333333 -725.0000000000001
502.5 -724.1666666666669
504.1666666666667 -726.6666666666669
502.5 -724.1666666666669
504.16666666666663 -725.8333333333335
502.5 -724.1666666666669
502.5 -724.1666666666669
504.16666666666663 -725.8333333333335
502.5 -724.1666666666669
502.5 -724.1666666666669
503.3333333333333 -725.0000000000001
502.5 -724.1666666666669
504.16666666666663 -725.8333333333335
502.5 -724.1666666666669
508.33333333333326 -732.5000000000001
504.16666666666663 -725.8333333333335
502.5 -724.1666666666669
503.3333333333333 -725.0000000000001
504.1666666666667 -726.6666666666669
502.5 -724.1666666666669
502.5 -724.1666666666669
504.16666666666663 -725.8333333333335
504.1666666666667 -726.6666666666669
503.3333333333333 -725.0000000000001
503.3333333333333 -725.0000000000001
502.5 -724.1666666666669
504.1666666666667 -726.6666666666669
503.3333333333333 -725.0000000000001
507.49999999999994 -731.6666666666669
502.5 -724.1666666666669
503.3333333333333 -725.0000000000001
503.3333333333333 -725.0000000000001
507.49999999999994 -731.6666666666669
504.16666666666663 -725.8333333333335
502.5 -724.1666666666669
502.5 -724.1666666666669
504.16666666666663 -725.8333333333335
504.16666666666663 -725.8333333333335
504.1666666666667 -726.6666666666669
502.5 -724.1666666666669
502.5 -724.1666666666669
504.16666666666663 -725.8333333333335
502.5 -724.1666666666669
504.1666666666667 -726.6666666666669
503.3333333333333 -725.0000000000001
503.3333333333333 -725.0000000000001
502.5 -724.1666666666669
502.5 -724.1666666666669
502.5 -724.1666666666669
502.5 -724.1666666666669
504.1666666666667 -726.6666666666669
504.1666666666667 -726.6666666666669
502.5 -724.1666666666669
502.5 -724.1666666666669
504.16666666666663 -725.8333333333335
504.1666666666667 -726.6666666666669
502.5 -724.1666666666669
504.1666666666667 -726.6666666666669
503.3333333333333 -725.0000000000001
502.5 -724.1666666666669
502.5 -724.1666666666669
502.5 -724.1666666666669
502.5 -724.1666666666669
502.5 -724.1666666666669
502.5 -724.1666666666669
503.3333333333333 -725.0000000000001
503.3333333333333 -725.0000000000001
499.16666666666663 -718.3333333333336
502.5 -724.1666666666669
499.16666666666663 -718.3333333333336
503.3333333333333 -725.0000000000001
502.5 -724.1666666666669
