497.5 -702.5000000000002
515.8333333333333 -738.3333333333335
497.5 -702.5000000000002
498.3333333333333 -705.0000000000002
499.16666666666663 -718.3333333333336
514.1666666666666 -736.6666666666669
509.16666666666663 -734.1666666666667
502.5 -725.0000000000001
514.1666666666666 -736.6666666666669
500.83333333333326 -721.6666666666669
507.49999999999994 -732.5000000000001
509.16666666666663 -734.1666666666667
498.3333333333333 -705.0000000000002
499.99999999999994 -719.166666666667
505.0 -728.3333333333334
504.1666666666667 -727.5000000000001
502.5 -725.0000000000001
499.16666666666663 -718.3333333333336
508.33333333333326 -733.3333333333334
499.99999999999994 -719.166666666667
508.33333333333326 -733.3333333333334
507.49999999999994 -732.5000000000001
504.1666666666667 -727.5000000000001
497.5 -702.5000000000002
514.1666666666666 -736.6666666666669
509.16666666666663 -734.1666666666667
498.3333333333333 -705.0000000000002
502.5 -725.0000000000001
499.16666666666663 -718.3333333333336
499.99999999999994 -719.166666666667
508.33333333333326 -733.3333333333334
507.49999999999994 -732.5000000000001
504.1666666666667 -727.5000000000001
497.5 -702.5000000000002
498.3333333333333 -705.0000000000002
502.5 -725.0000000000001
499.16666666666663 -718.3333333333336
499.99999999999994 -719.166666666667
507.49999999999994 -732.5000000000001
504.1666666666667 -727.5000000000001
497.5 -702.5000000000002
498.3333333333333 -705.0000000000002
499.16666666666663 -718.3333333333336
499.99999999999994 -719.166666666667
507.49999999999994 -732.5000000000001
504.1666666666667 -727.5000000000001
497.5 -702.5000000000002
498.3333333333333 -705.0000000000002
499.16666666666663 -718.3333333333336
499.99999999999994 -719.166666666667
507.49999999999994 -732.5000000000001
504.1666666666667 -727.5000000000001
497.5 -702.5000000000002
498.3333333333333 -705.0000000000002
499.16666666666663 -718.3333333333336
499.99999999999994 -719.166666666667
504.1666666666667 -727.5000000000001
497.5 -702.5000000000002
498.3333333333333 -705.0000000000002
499.16666666666663 -718.3333333333336
499.99999999999994 -719.166666666667
504.1666666666667 -727.5000000000001
497.5 -702.5000000000002
498.3333333333333 -705.0000000000002
499.16666666666663 -718.3333333333336
499.99999999999994 -719.166666666667
504.1666666666667 -727.5000000000001
498.3333333333333 -705.0000000000002
499.99999999999994 -719.166666666667
499.16666666666663 -718.3333333333336
504.1666666666667 -727.5000000000001
498.3333333333333 -705.0000000000002
499.99999999999994 -719.166666666667
499.16666666666663 -718.3333333333336
498.3333333333333 -705.0000000000002
499.99999999999994 -719.166666666667
499.16666666666663 -718.3333333333336
498.3333333333333 -705.0000000000002
499.99999999999994 -719.166666666667
499.16666666666663 -718.3333333333336
498.3333333333333 -705.0000000000002
499.99999999999994 -719.166666666667
499.16666666666663 -718.3333333333336
498.3333333333333 -705.0000000000002
499.99999999999994 -719.166666666667
499.16666666666663 -718.3333333333336
498.3333333333333 -705.0000000000002
499.99999999999994 -719.166666666667
499.16666666666663 -718.3333333333336
498.3333333333333 -705.0000000000002
499.99999999999994 -719.166666666667
499.16666666666663 -718.3333333333336
498.3333333333333 -705.0000000000002
499.99999999999994 -719.166666666667
499.16666666666663 -718.3333333333336
498.3333333333333 -705.0000000000002
499.99999999999994 -719.166666666667
499.99999999999994 -719.166666666667
499.99999999999994 -719.166666666667
498.3333333333333 -705.0000000000002
504.1666666666667 -727.5000000000001
499.16666666666663 -718.3333333333336
499.99999999999994 -719.166666666667
499.99999999999994 -719.166666666667
497.5 -702.5000000000002
509.16666666666663 -734.1666666666667
499.99999999999994 -719.166666666667
498.3333333333333 -705.0000000000002
497.5 -702.5000000000002
507.49999999999994 -732.5000000000001
505.8333333333333 -729.1666666666667
502.5 -725.0000000000001
497.5 -702.5000000000002
499.16666666666663 -718.3333333333336
502.5 -725.0000000000001
504.1666666666667 -727.5000000000001
498.3333333333333 -705.0000000000002
501.66666666666663 -722.5000000000001
502.5 -725.0000000000001
507.49999999999994 -732.5000000000001
507.49999999999994 -732.5000000000001
499.99999999999994 -719.166666666667
509.16666666666663 -734.1666666666667
515.8333333333333 -738.3333333333335
498.3333333333333 -705.0000000000002
499.16666666666663 -718.3333333333336
499.16666666666663 -718.3333333333336
506.6666666666667 -730.0000000000001
499.99999999999994 -719.166666666667
499.99999999999994 -719.166666666667
507.49999999999994 -732.5000000000001
504.16666666666663 -726.6666666666667
497.5 -702.5000000000002
498.3333333333333 -705.0000000000002
497.5 -702.5000000000002
498.3333333333333 -705.0000000000002
499.99999999999994 -719.166666666667
508.33333333333326 -733.3333333333334
507.49999999999994 -732.5000000000001
499.99999999999994 -719.166666666667
514.1666666666666 -736.6666666666669
499.99999999999994 -719.166666666667
514.1666666666666 -736.6666666666669
504.1666666666667 -727.5000000000001
504.1666666666667 -727.5000000000001
502.5 -725.0000000000001
499.16666666666663 -718.3333333333336
499.16666666666663 -718.3333333333336
499.99999999999994 -719.166666666667
499.16666666666663 -718.3333333333336
502.5 -725.0000000000001
498.3333333333333 -705.0000000000002
505.0 -728.3333333333334
509.99999999999994 -735.0
504.1666666666667 -727.5000000000001
499.99999999999994 -719.166666666667
499.99999999999994 -719.166666666667
499.99999999999994 -719.166666666667
499.99999999999994 -719.166666666667
499.16666666666663 -718.3333333333336
498.3333333333333 -705.0000000000002
497.5 -702.5000000000002
505.8333333333333 -729.1666666666667
502.5 -725.0000000000001
499.99999999999994 -719.166666666667
498.3333333333333 -705.0000000000002
506.6666666666667 -730.0000000000001
499.16666666666663 -718.3333333333336
499.99999999999994 -719.166666666667
497.5 -702.5000000000002
499.16666666666663 -718.3333333333336
499.16666666666663 -718.3333333333336
504.1666666666667 -727.5000000000001
499.16666666666663 -718.3333333333336
502.5 -725.0000000000001
504.1666666666667 -727.5000000000001
499.99999999999994 -719.166666666667
500.83333333333326 -721.6666666666669
