497.5 -705.8333333333335
519.1666666666666 -740.0000000000001
519.1666666666666 -740.0000000000001
497.5 -705.8333333333335
498.3333333333333 -708.3333333333335
499.16666666666663 -719.166666666667
504.99999999999994 -732.5000000000001
509.16666666666663 -735.8333333333335
504.16666666666663 -727.5000000000001
515.8333333333333 -739.1666666666669
503.3333333333333 -726.6666666666669
507.49999999999994 -733.3333333333334
513.3333333333333 -738.3333333333334
515.8333333333333 -739.1666666666669
511.66666666666663 -736.6666666666667
508.33333333333326 -734.1666666666667
502.5 -725.0000000000001
499.99999999999994 -720.0000000000003
500.0 -721.6666666666667
512.5 -737.5
508.33333333333326 -734.1666666666667
513.3333333333333 -738.3333333333334
499.16666666666663 -719.166666666667
511.66666666666663 -736.6666666666667
504.99999999999994 -732.5000000000001
507.49999999999994 -733.3333333333334
504.16666666666663 -727.5000000000001
502.5 -725.0000000000001
512.5 -737.5
500.8333333333333 -722.5
500.83333333333326 -721.6666666666669
500.8333333333333 -722.5
501.66666666666663 -724.1666666666667
501.66666666666663 -724.1666666666667
501.6666666666667 -724.1666666666669
499.99999999999994 -720.0000000000003
501.6666666666667 -724.1666666666669
500.0 -721.6666666666667
500.83333333333326 -721.6666666666669
497.5 -705.8333333333335
515.8333333333333 -739.1666666666669
508.33333333333326 -734.1666666666667
513.3333333333333 -738.3333333333334
499.16666666666663 -719.166666666667
511.66666666666663 -736.6666666666667
504.99999999999994 -732.5000000000001
504.16666666666663 -727.5000000000001
507.49999999999994 -733.3333333333334
502.5 -725.0000000000001
512.5 -737.5
500.8333333333333 -722.5
501.66666666666663 -724.1666666666667
501.6666666666667 -724.1666666666669
500.0 -721.6666666666667
500.83333333333326 -721.6666666666669
497.5 -705.8333333333335
515.8333333333333 -739.1666666666669
499.16666666666663 -719.166666666667
513.3333333333333 -738.3333333333334
511.66666666666663 -736.6666666666667
504.99999999999994 -732.5000000000001
504.16666666666663 -727.5000000000001
502.5 -725.0000000000001
512.5 -737.5
500.8333333333333 -722.5
500.0 -721.6666666666667
501.66666666666663 -724.1666666666667
501.6666666666667 -724.1666666666669
500.83333333333326 -721.6666666666669
497.5 -705.8333333333335
515.8333333333333 -739.1666666666669
499.16666666666663 -719.166666666667
504.16666666666663 -727.5000000000001
513.3333333333333 -738.3333333333334
504.99999999999994 -732.5000000000001
511.66666666666663 -736.6666666666667
502.5 -725.0000000000001
512.5 -737.5
500.8333333333333 -722.5
500.0 -721.6666666666667
501.66666666666663 -724.1666666666667
501.6666666666667 -724.1666666666669
500.83333333333326 -721.6666666666669
497.5 -705.8333333333335
499.16666666666663 -719.166666666667
504.16666666666663 -727.5000000000001
513.3333333333333 -738.3333333333334
511.66666666666663 -736.6666666666667
502.5 -725.0000000000001
512.5 -737.5
500.8333333333333 -722.5
500.0 -721.6666666666667
501.66666666666663 -724.1666666666667
501.6666666666667 -724.1666666666669
500.83333333333326 -721.6666666666669
497.5 -705.8333333333335
504.16666666666663 -727.5000000000001
511.66666666666663 -736.6666666666667
502.5 -725.0000000000001
500.8333333333333 -722.5
500.0 -721.6666666666667
501.66666666666663 -724.1666666666667
501.6666666666667 -724.1666666666669
500.83333333333326 -721.6666666666669
497.5 -705.8333333333335
504.16666666666663 -727.5000000000001
502.5 -725.0000000000001
511.66666666666663 -736.6666666666667
500.8333333333333 -722.5
500.0 -721.6666666666667
501.66666666666663 -724.1666666666667
501.6666666666667 -724.1666666666669
500.83333333333326 -721.6666666666669
497.5 -705.8333333333335
504.16666666666663 -727.5000000000001
502.5 -725.0000000000001
511.66666666666663 -736.6666666666667
500.8333333333333 -722.5
500.0 -721.6666666666667
501.6666666666667 -724.1666666666669
497.5 -705.8333333333335
502.5 -725.0000000000001
511.66666666666663 -736.6666666666667
500.8333333333333 -722.5
500.0 -721.6666666666667
501.6666666666667 -724.1666666666669
497.5 -705.8333333333335
502.5 -725.0000000000001
500.0 -721.6666666666667
500.8333333333333 -722.5
501.6666666666667 -724.1666666666669
502.5 -725.0000000000001
500.0 -721.6666666666667
500.8333333333333 -722.5
501.6666666666667 -724.1666666666669
502.5 -725.0000000000001
500.0 -721.6666666666667
500.8333333333333 -722.5
501.6666666666667 -724.1666666666669
502.5 -725.0000000000001
500.0 -721.6666666666667
500.8333333333333 -722.5
501.6666666666667 -724.1666666666669
502.5 -725.0000000000001
500.0 -721.6666666666667
500.8333333333333 -722.5
501.6666666666667 -724.1666666666669
502.5 -725.0000000000001
500.0 -721.6666666666667
500.8333333333333 -722.5
501.6666666666667 -724.1666666666669
502.5 -725.0000000000001
500.0 -721.6666666666667
501.6666666666667 -724.1666666666669
500.8333333333333 -722.5
502.5 -725.0000000000001
500.0 -721.6666666666667
501.6666666666667 -724.1666666666669
500.8333333333333 -722.5
502.5 -725.0000000000001
500.0 -721.6666666666667
500.8333333333333 -722.5
502.5 -725.0000000000001
500.0 -721.6666666666667
500.8333333333333 -722.5
502.5 -725.0000000000001
500.8333333333333 -722.5
502.5 -725.0000000000001
500.8333333333333 -722.5
502.5 -725.0000000000001
500.8333333333333 -722.5
502.5 -725.0000000000001
502.5 -725.0000000000001
502.5 -725.0000000000001
502.5 -725.0000000000001
502.5 -725.0000000000001
502.5 -725.0000000000001
502.5 -725.0000000000001
502.5 -725.0000000000001
502.5 -725.0000000000001
500.0 -721.6666666666667
502.5 -725.0000000000001
500.0 -721.6666666666667
500.0 -721.6666666666667
502.5 -725.0000000000001
502.5 -725.0000000000001
500.0 -721.6666666666667
500.0 -721.6666666666667
502.5 -725.0000000000001
502.5 -725.0000000000001
500.0 -721.6666666666667
502.5 -725.0000000000001
502.5 -725.0000000000001
502.5 -725.0000000000001
500.8333333333333 -722.5
500.8333333333333 -722.5
501.6666666666667 -724.1666666666669
502.5 -725.0000000000001
502.5 -725.0000000000001
500.0 -721.6666666666667
