497.5 -718.3333333333335
497.5 -718.3333333333335
505.83333333333326 -735.0000000000003
501.6666666666667 -726.6666666666669
501.6666666666667 -726.6666666666669
497.5 -718.3333333333335
505.83333333333326 -735.0000000000003
501.66666666666663 -725.8333333333337
504.1666666666667 -730.8333333333336
505.83333333333326 -735.0000000000003
501.6666666666667 -726.6666666666669
500.0 -724.166666666667
504.1666666666667 -730.8333333333336
514.1666666666667 -740.8333333333335
505.83333333333326 -735.0000000000003
504.1666666666667 -730.8333333333336
505.83333333333326 -735.0000000000003
503.3333333333333 -728.3333333333336
501.66666666666663 -725.8333333333337
501.66666666666663 -725.8333333333337
504.1666666666667 -730.8333333333336
504.1666666666667 -730.8333333333336
511.6666666666666 -740.0000000000002
504.99999999999994 -734.166666666667
512.5 -740.0000000000003
505.83333333333326 -735.0000000000003
505.8333333333333 -735.8333333333337
507.49999999999994 -737.5000000000003
512.5 -740.0000000000003
505.83333333333326 -735.0000000000003
499.16666666666663 -720.0000000000001
505.8333333333333 -735.8333333333337
497.5 -718.3333333333335
505.8333333333333 -735.8333333333337
505.8333333333333 -735.8333333333337
509.99999999999994 -739.166666666667
506.66666666666663 -736.6666666666669
505.8333333333333 -735.8333333333337
507.49999999999994 -737.5000000000003
505.83333333333326 -735.0000000000003
505.8333333333333 -735.8333333333337
504.99999999999994 -734.166666666667
507.49999999999994 -737.5000000000003
499.16666666666663 -720.0000000000001
504.99999999999994 -734.166666666667
514.1666666666667 -740.8333333333335
500.83333333333337 -725.8333333333336
505.8333333333333 -735.8333333333337
497.5 -718.3333333333335
502.49999999999994 -728.3333333333335
507.49999999999994 -737.5000000000003
504.99999999999994 -734.166666666667
505.8333333333333 -735.8333333333337
505.8333333333333 -735.8333333333337
504.1666666666667 -730.8333333333336
511.6666666666666 -740.0000000000002
506.66666666666663 -736.6666666666669
499.1666666666667 -723.3333333333336
500.8333333333333 -725.0000000000002
504.1666666666667 -730.8333333333336
509.1666666666666 -738.3333333333337
497.5 -718.3333333333335
500.8333333333333 -725.0000000000002
506.66666666666663 -736.6666666666669
507.49999999999994 -737.5000000000003
501.6666666666667 -726.6666666666669
