497.5 -718.3333333333335
497.5 -718.3333333333335
497.5 -718.3333333333335
503.3333333333333 -728.3333333333336
499.16666666666663 -720.0000000000001
497.5 -718.3333333333335
499.16666666666663 -720.0000000000001
497.5 -718.3333333333335
497.5 -718.3333333333335
500.8333333333333 -725.8333333333337
499.16666666666663 -720.0000000000001
496.6666666666667 -717.5000000000001
499.16666666666663 -720.0000000000001
496.6666666666667 -717.5000000000001
496.6666666666667 -717.5000000000001
515.8333333333333 -741.6666666666669
499.16666666666663 -720.0000000000001
497.5 -718.3333333333335
501.66666666666663 -728.3333333333335
499.16666666666663 -720.0000000000001
497.5 -718.3333333333335
497.5 -718.3333333333335
507.49999999999994 -738.3333333333335
499.16666666666663 -720.0000000000001
496.6666666666667 -717.5000000000001
505.83333333333326 -736.6666666666669
496.6666666666667 -717.5000000000001
499.16666666666663 -720.0000000000001
507.49999999999994 -738.3333333333335
496.6666666666667 -717.5000000000001
507.49999999999994 -738.3333333333335
497.5 -718.3333333333335
501.66666666666663 -728.3333333333335
503.33333333333337 -731.666666666667
497.5 -718.3333333333335
507.49999999999994 -738.3333333333335
496.6666666666667 -717.5000000000001
496.6666666666667 -717.5000000000001
506.66666666666663 -737.5000000000001
496.6666666666667 -717.5000000000001
496.6666666666667 -717.5000000000001
506.66666666666663 -737.5000000000001
504.16666666666663 -735.0000000000002
501.66666666666663 -728.3333333333335
500.8333333333333 -725.8333333333337
499.16666666666663 -720.0000000000001
504.99999999999994 -735.8333333333335
507.49999999999994 -738.3333333333335
507.49999999999994 -738.3333333333335
498.3333333333333 -719.1666666666667
500.8333333333333 -725.8333333333337
505.83333333333326 -736.6666666666669
499.16666666666663 -720.0000000000001
496.6666666666667 -717.5000000000001
496.6666666666667 -717.5000000000001
497.5 -718.3333333333335
499.16666666666663 -720.0000000000001
497.5 -718.3333333333335
496.6666666666667 -717.5000000000001
496.6666666666667 -717.5000000000001
496.6666666666667 -717.5000000000001
507.49999999999994 -738.3333333333335
506.66666666666663 -737.5000000000001
499.1666666666667 -724.166666666667
496.6666666666667 -717.5000000000001
496.6666666666667 -717.5000000000001
497.5 -718.3333333333335
499.16666666666663 -720.0000000000001
507.49999999999994 -738.3333333333335
500.0 -725.0000000000002
499.16666666666663 -720.0000000000001
498.3333333333333 -719.1666666666667
497.5 -718.3333333333335
496.6666666666667 -717.5000000000001
497.5 -718.3333333333335
504.99999999999994 -735.8333333333335
498.3333333333333 -719.1666666666667
512.5 -740.8333333333337
511.66666666666663 -740.8333333333335
497.5 -718.3333333333335
497.5 -718.3333333333335
497.5 -718.3333333333335
508.33333333333326 -739.1666666666669
497.5 -718.3333333333335
497.5 -718.3333333333335
508.33333333333326 -739.1666666666669
499.1666666666667 -724.166666666667
499.16666666666663 -720.0000000000001
497.5 -718.3333333333335
499.1666666666667 -724.166666666667
509.99999999999994 -740.0000000000002
