501.66666666666663 -728.3333333333335
501.66666666666663 -728.3333333333335
503.33333333333337 -731.666666666667
504.16666666666663 -735.0000000000002
501.66666666666663 -728.3333333333335
499.1666666666667 -724.166666666667
499.1666666666667 -724.166666666667
499.1666666666667 -724.166666666667
501.66666666666663 -728.3333333333335
504.16666666666663 -735.0000000000002
496.6666666666667 -718.3333333333335
511.66666666666663 -742.5000000000002
504.16666666666663 -735.0000000000002
509.16666666666663 -740.0000000000001
499.1666666666667 -724.166666666667
504.16666666666663 -735.0000000000002
501.66666666666663 -728.3333333333335
501.66666666666663 -728.3333333333335
504.99999999999994 -735.8333333333336
499.16666666666663 -720.8333333333334
503.33333333333337 -731.666666666667
504.16666666666663 -735.0000000000002
504.16666666666663 -735.0000000000002
500.0 -725.8333333333335
499.1666666666667 -724.166666666667
509.16666666666663 -740.0000000000001
501.66666666666663 -728.3333333333335
504.16666666666663 -735.0000000000002
501.66666666666663 -728.3333333333335
503.33333333333337 -731.666666666667
496.6666666666667 -718.3333333333335
496.6666666666667 -718.3333333333335
501.66666666666663 -728.3333333333335
502.5 -728.3333333333336
512.5 -743.3333333333336
499.1666666666667 -724.166666666667
500.8333333333333 -726.6666666666669
501.66666666666663 -728.3333333333335
501.66666666666663 -728.3333333333335
503.3333333333333 -730.0000000000001
499.1666666666667 -724.166666666667
504.16666666666663 -735.0000000000002
499.1666666666667 -724.166666666667
509.99999999999994 -740.8333333333336
500.83333333333337 -726.666666666667
501.66666666666663 -728.3333333333335
504.16666666666663 -735.0000000000002
501.66666666666663 -728.3333333333335
499.16666666666663 -720.8333333333334
511.66666666666663 -742.5000000000002
504.16666666666663 -735.0000000000002
502.5 -728.3333333333336
501.66666666666663 -728.3333333333335
507.49999999999994 -739.1666666666669
504.16666666666663 -735.0000000000002
496.6666666666667 -718.3333333333335
501.66666666666663 -728.3333333333335
506.66666666666663 -738.3333333333336
497.50000000000006 -719.1666666666667
498.3333333333333 -720.0000000000001
501.66666666666663 -728.3333333333335
499.16666666666663 -720.8333333333334
509.16666666666663 -740.0000000000001
503.33333333333337 -731.666666666667
499.1666666666667 -724.166666666667
503.3333333333333 -730.0000000000001
505.8333333333333 -738.3333333333335
504.16666666666663 -735.0000000000002
499.1666666666667 -724.166666666667
502.5 -728.3333333333336
504.16666666666663 -735.0000000000002
504.16666666666663 -735.0000000000002
499.1666666666667 -724.166666666667
499.16666666666663 -720.8333333333334
500.83333333333337 -726.666666666667
499.1666666666667 -724.166666666667
504.16666666666663 -735.0000000000002
503.3333333333333 -730.0000000000001
496.6666666666667 -718.3333333333335
499.1666666666667 -724.166666666667
505.83333333333326 -737.5000000000002
