503.33333333333337 -731.666666666667
511.66666666666663 -742.5000000000002
499.16666666666663 -720.8333333333334
503.33333333333337 -731.666666666667
500.0 -725.8333333333335
503.33333333333337 -731.666666666667
512.5 -743.3333333333336
500.8333333333333 -726.6666666666669
509.99999999999994 -740.8333333333336
500.83333333333337 -726.666666666667
499.16666666666663 -720.8333333333334
511.66666666666663 -742.5000000000002
507.49999999999994 -739.1666666666669
506.66666666666663 -738.3333333333336
498.3333333333333 -720.0000000000001
499.16666666666663 -720.8333333333334
503.33333333333337 -731.666666666667
505.8333333333333 -738.3333333333335
499.16666666666663 -720.8333333333334
500.83333333333337 -726.666666666667
503.33333333333337 -731.666666666667
500.83333333333337 -726.666666666667
498.3333333333333 -720.0000000000001
505.8333333333333 -738.3333333333335
504.16666666666663 -735.8333333333335
498.3333333333333 -720.0000000000001
496.6666666666667 -719.1666666666667
503.33333333333337 -731.666666666667
503.33333333333337 -731.666666666667
507.49999999999994 -739.1666666666669
501.66666666666663 -729.1666666666667
503.3333333333333 -730.8333333333334
498.3333333333333 -720.0000000000001
506.66666666666663 -738.3333333333336
511.66666666666663 -742.5000000000002
503.33333333333337 -731.666666666667
501.66666666666663 -729.1666666666667
503.33333333333337 -731.666666666667
505.0 -737.5000000000002
504.16666666666663 -735.8333333333335
507.49999999999994 -739.1666666666669
498.3333333333333 -720.0000000000001
501.66666666666663 -729.1666666666667
503.33333333333337 -731.666666666667
503.33333333333337 -731.666666666667
503.33333333333337 -731.666666666667
513.3333333333333 -744.166666666667
503.33333333333337 -731.666666666667
506.66666666666663 -738.3333333333336
503.33333333333337 -731.666666666667
508.3333333333333 -740.0000000000001
507.49999999999994 -739.1666666666669
504.16666666666663 -735.8333333333335
503.33333333333337 -731.666666666667
504.16666666666663 -735.8333333333335
510.8333333333333 -741.666666666667
505.0 -737.5000000000002
507.49999999999994 -739.1666666666669
503.3333333333333 -730.8333333333334
507.49999999999994 -739.1666666666669
503.33333333333337 -731.666666666667
504.16666666666663 -735.8333333333335
499.1666666666667 -725.0000000000002
503.33333333333337 -731.666666666667
508.3333333333333 -740.0000000000001
499.1666666666667 -725.0000000000002
504.16666666666663 -735.8333333333335
507.49999999999994 -739.1666666666669
498.3333333333333 -720.0000000000001
511.66666666666663 -742.5000000000002
504.99999999999994 -736.6666666666669
