503.33333333333337 -734.1666666666669
515.0 -749.1666666666669
496.6666666666667 -721.6666666666669
506.66666666666663 -740.8333333333335
499.1666666666667 -728.3333333333335
501.66666666666663 -730.8333333333335
500.8333333333333 -730.0000000000002
506.66666666666663 -740.8333333333335
506.66666666666663 -740.8333333333335
506.66666666666663 -740.8333333333335
504.16666666666663 -740.0000000000002
501.66666666666663 -730.8333333333335
506.66666666666663 -740.8333333333335
500.8333333333333 -730.0000000000002
509.16666666666663 -745.0000000000002
508.33333333333326 -742.5000000000002
502.49999999999994 -731.6666666666669
513.3333333333333 -747.5000000000002
499.16666666666663 -723.3333333333335
