515.0 -749.1666666666669
513.3333333333333 -747.5000000000002
515.8333333333333 -750.0000000000002
513.3333333333333 -747.5000000000002
504.99999999999994 -741.6666666666669
506.66666666666663 -743.3333333333335
504.16666666666663 -740.8333333333335
506.66666666666663 -743.3333333333335
500.0 -736.6666666666669
515.0 -749.1666666666669
505.8333333333333 -742.5000000000002
499.1666666666667 -729.166666666667
504.99999999999994 -741.6666666666669
499.1666666666667 -729.166666666667
506.66666666666663 -743.3333333333335
504.16666666666663 -740.8333333333335
498.3333333333333 -725.0000000000002
504.16666666666663 -740.8333333333335
508.33333333333326 -745.0000000000002
504.16666666666663 -740.8333333333335
499.1666666666667 -729.166666666667
504.16666666666663 -740.8333333333335
506.66666666666663 -743.3333333333335
506.66666666666663 -743.3333333333335
507.49999999999994 -744.1666666666669
504.99999999999994 -741.6666666666669
504.16666666666663 -740.8333333333335
504.16666666666663 -740.8333333333335
503.33333333333337 -737.5000000000002
508.33333333333326 -745.0000000000002
496.6666666666667 -724.1666666666669
506.66666666666663 -743.3333333333335
506.66666666666663 -743.3333333333335
506.66666666666663 -743.3333333333335
509.99999999999994 -746.6666666666669
