501.66666666666663 -740.8333333333336
501.6666666666667 -741.666666666667
502.5 -743.3333333333335
502.5 -743.3333333333335
508.3333333333333 -750.8333333333336
508.3333333333333 -750.8333333333336
505.8333333333333 -749.1666666666669
508.3333333333333 -750.8333333333336
502.5 -743.3333333333335
506.66666666666663 -750.0000000000002
508.3333333333333 -750.8333333333336
512.5 -753.3333333333337
505.0 -748.3333333333335
508.3333333333333 -750.8333333333336
501.66666666666663 -740.8333333333336
508.3333333333333 -750.8333333333336
500.83333333333337 -740.8333333333335
504.16666666666663 -745.0000000000002
503.3333333333333 -744.1666666666669
502.5 -743.3333333333335
506.66666666666663 -750.0000000000002
505.8333333333333 -749.1666666666669
503.3333333333333 -744.1666666666669
496.6666666666667 -733.3333333333336
505.0 -748.3333333333335
508.3333333333333 -750.8333333333336
520.8333333333334 -755.0000000000002
520.8333333333334 -755.0000000000002
505.8333333333333 -749.1666666666669
503.3333333333333 -744.1666666666669
503.3333333333333 -744.1666666666669
505.0 -748.3333333333335
508.3333333333333 -750.8333333333336
505.8333333333333 -749.1666666666669
509.16666666666663 -751.666666666667
521.6666666666667 -755.8333333333336
505.0 -748.3333333333335
505.8333333333333 -749.1666666666669
505.8333333333333 -749.1666666666669
508.3333333333333 -750.8333333333336
496.6666666666667 -733.3333333333336
496.6666666666667 -733.3333333333336
505.8333333333333 -749.1666666666669
504.16666666666663 -745.0000000000002
506.66666666666663 -750.0000000000002
502.5 -743.3333333333335
505.0 -748.3333333333335
502.5 -743.3333333333335
496.6666666666667 -733.3333333333336
496.6666666666667 -733.3333333333336
503.3333333333333 -744.1666666666669
505.0 -748.3333333333335
505.0 -748.3333333333335
502.5 -743.3333333333335
503.3333333333333 -744.1666666666669
503.3333333333333 -744.1666666666669
502.5 -743.3333333333335
503.3333333333333 -744.1666666666669
508.3333333333333 -750.8333333333336
505.8333333333333 -749.1666666666669
496.6666666666667 -733.3333333333336
513.3333333333333 -754.166666666667
502.5 -743.3333333333335
496.6666666666667 -733.3333333333336
508.3333333333333 -750.8333333333336
509.16666666666663 -751.666666666667
496.6666666666667 -733.3333333333336
505.0 -748.3333333333335
502.5 -743.3333333333335
505.0 -748.3333333333335
497.5 -739.166666666667
496.6666666666667 -733.3333333333336
505.8333333333333 -749.1666666666669
507.5 -750.8333333333335
505.0 -748.3333333333335
506.66666666666663 -750.0000000000002
500.8333333333333 -740.0000000000003
521.6666666666667 -755.8333333333336
496.6666666666667 -733.3333333333336
