505.8333333333333 -749.1666666666669
506.66666666666663 -750.0000000000002
512.5 -753.3333333333337
505.0 -748.3333333333335
506.66666666666663 -750.0000000000002
505.8333333333333 -749.1666666666669
496.6666666666667 -733.3333333333336
505.0 -748.3333333333335
505.8333333333333 -749.1666666666669
505.0 -748.3333333333335
505.8333333333333 -749.1666666666669
521.6666666666667 -755.8333333333336
505.0 -748.3333333333335
505.8333333333333 -749.1666666666669
505.8333333333333 -749.1666666666669
496.6666666666667 -733.3333333333336
496.6666666666667 -733.3333333333336
505.8333333333333 -749.1666666666669
506.66666666666663 -750.0000000000002
505.0 -748.3333333333335
496.6666666666667 -733.3333333333336
496.6666666666667 -733.3333333333336
505.0 -748.3333333333335
505.0 -748.3333333333335
505.8333333333333 -749.1666666666669
496.6666666666667 -733.3333333333336
513.3333333333333 -754.166666666667
496.6666666666667 -733.3333333333336
496.6666666666667 -733.3333333333336
505.0 -748.3333333333335
505.0 -748.3333333333335
497.5 -739.166666666667
496.6666666666667 -733.3333333333336
505.8333333333333 -749.1666666666669
507.5 -750.8333333333335
505.0 -748.3333333333335
506.66666666666663 -750.0000000000002
521.6666666666667 -755.8333333333336
496.6666666666667 -733.3333333333336
505.0 -748.3333333333335
521.6666666666667 -755.8333333333336
496.6666666666667 -733.3333333333336
506.66666666666663 -750.0000000000002
496.6666666666667 -733.3333333333336
496.6666666666667 -733.3333333333336
496.6666666666667 -733.3333333333336
500.8333333333333 -745.0000000000003
511.66666666666663 -752.5000000000002
505.0 -748.3333333333335
505.8333333333333 -749.1666666666669
505.8333333333333 -749.1666666666669
521.6666666666667 -755.8333333333336
521.6666666666667 -755.8333333333336
521.6666666666667 -755.8333333333336
506.66666666666663 -750.0000000000002
505.8333333333333 -749.1666666666669
496.6666666666667 -733.3333333333336
508.3333333333333 -751.666666666667
505.8333333333333 -749.1666666666669
505.8333333333333 -749.1666666666669
505.0 -748.3333333333335
514.1666666666666 -755.0000000000003
