505.8333333333333 -749.1666666666669
512.5 -753.3333333333337
505.0 -748.3333333333335
505.8333333333333 -749.1666666666669
496.6666666666667 -733.3333333333336
505.0 -748.3333333333335
505.8333333333333 -749.1666666666669
505.0 -748.3333333333335
505.8333333333333 -749.1666666666669
521.6666666666667 -755.8333333333336
505.0 -748.3333333333335
505.8333333333333 -749.1666666666669
505.8333333333333 -749.1666666666669
496.6666666666667 -733.3333333333336
496.6666666666667 -733.3333333333336
505.8333333333333 -749.1666666666669
505.0 -748.3333333333335
496.6666666666667 -733.3333333333336
496.6666666666667 -733.3333333333336
505.0 -748.3333333333335
505.0 -748.3333333333335
505.8333333333333 -749.1666666666669
496.6666666666667 -733.3333333333336
496.6666666666667 -733.3333333333336
496.6666666666667 -733.3333333333336
505.0 -748.3333333333335
505.0 -748.3333333333335
497.5 -739.166666666667
496.6666666666667 -733.3333333333336
505.8333333333333 -749.1666666666669
505.0 -748.3333333333335
521.6666666666667 -755.8333333333336
496.6666666666667 -733.3333333333336
505.0 -748.3333333333335
521.6666666666667 -755.8333333333336
496.6666666666667 -733.3333333333336
496.6666666666667 -733.3333333333336
496.6666666666667 -733.3333333333336
496.6666666666667 -733.3333333333336
500.8333333333333 -745.0000000000003
505.0 -748.3333333333335
505.8333333333333 -749.1666666666669
505.8333333333333 -749.1666666666669
521.6666666666667 -755.8333333333336
521.6666666666667 -755.8333333333336
521.6666666666667 -755.8333333333336
505.8333333333333 -749.1666666666669
496.6666666666667 -733.3333333333336
505.8333333333333 -749.1666666666669
505.8333333333333 -749.1666666666669
505.0 -748.3333333333335
505.8333333333333 -749.1666666666669
496.6666666666667 -733.3333333333336
505.8333333333333 -749.1666666666669
497.5 -739.166666666667
505.0 -748.3333333333335
505.8333333333333 -749.1666666666669
496.6666666666667 -733.3333333333336
506.6666666666667 -752.5000000000001
521.6666666666667 -755.8333333333336
505.8333333333333 -749.1666666666669
505.8333333333333 -749.1666666666669
496.6666666666667 -733.3333333333336
513.3333333333333 -755.0000000000003
505.8333333333333 -749.1666666666669
505.8333333333333 -749.1666666666669
505.8333333333333 -749.1666666666669
505.8333333333333 -749.1666666666669
505.8333333333333 -749.1666666666669
496.6666666666667 -733.3333333333336
496.6666666666667 -733.3333333333336
500.8333333333333 -745.0000000000003
496.6666666666667 -733.3333333333336
496.6666666666667 -733.3333333333336
505.0 -748.3333333333335
496.6666666666667 -733.3333333333336
496.6666666666667 -733.3333333333336
505.8333333333333 -749.1666666666669
505.8333333333333 -749.1666666666669
500.8333333333333 -745.0000000000003
505.8333333333333 -749.1666666666669
496.6666666666667 -733.3333333333336
496.6666666666667 -733.3333333333336
499.1666666666667 -743.3333333333335
505.83333333333337 -751.6666666666667
496.6666666666667 -733.3333333333336
496.6666666666667 -733.3333333333336
497.5 -739.166666666667
496.6666666666667 -733.3333333333336
500.0 -744.166666666667
505.0 -748.3333333333335
498.3333333333333 -740.0000000000003
500.0 -744.166666666667
505.0 -748.3333333333335
505.0 -748.3333333333335
497.5 -739.166666666667
509.16666666666663 -752.5000000000002
496.6666666666667 -733.3333333333336
499.1666666666667 -743.3333333333335
505.8333333333333 -749.1666666666669
505.0 -748.3333333333335
496.6666666666667 -733.3333333333336
496.6666666666667 -733.3333333333336
505.0 -748.3333333333335
499.1666666666667 -743.3333333333335
496.6666666666667 -733.3333333333336
522.5 -756.666666666667
496.6666666666667 -733.3333333333336
505.8333333333333 -749.1666666666669
496.6666666666667 -733.3333333333336
497.5 -739.166666666667
