512.5 -753.3333333333337
506.6666666666667 -752.5000000000001
513.3333333333333 -755.0000000000003
505.83333333333337 -751.6666666666667
512.5 -753.3333333333337
525.8333333333333 -761.666666666667
506.66666666666663 -751.6666666666669
496.66666666666663 -740.0000000000002
506.66666666666663 -751.6666666666669
506.66666666666663 -751.6666666666669
505.8333333333333 -750.8333333333336
504.99999999999994 -750.0000000000002
525.0 -760.8333333333336
505.8333333333333 -750.8333333333336
509.16666666666663 -753.3333333333335
509.16666666666663 -753.3333333333335
509.16666666666663 -753.3333333333335
504.99999999999994 -750.0000000000002
516.6666666666666 -759.1666666666671
504.99999999999994 -750.0000000000002
506.66666666666663 -751.6666666666669
512.5 -753.3333333333337
502.49999999999994 -749.166666666667
509.16666666666663 -753.3333333333335
504.99999999999994 -750.0000000000002
499.16666666666663 -745.0000000000002
499.99999999999994 -746.666666666667
497.49999999999994 -740.8333333333335
505.83333333333326 -750.8333333333335
499.16666666666663 -745.0000000000002
