509.99999999999994 -763.3333333333336
497.4999999999999 -745.8333333333336
496.66666666666663 -741.666666666667
499.9999999999999 -750.8333333333336
499.9999999999999 -750.8333333333336
521.6666666666666 -766.666666666667
499.9999999999999 -750.8333333333336
496.66666666666663 -741.666666666667
499.9999999999999 -750.8333333333336
499.9999999999999 -750.8333333333336
499.9999999999999 -750.8333333333336
500.8333333333332 -751.666666666667
496.66666666666663 -741.666666666667
502.4999999999999 -753.3333333333336
506.6666666666666 -758.3333333333337
500.8333333333332 -751.666666666667
499.9999999999999 -750.8333333333336
500.8333333333332 -751.666666666667
505.8333333333333 -757.5000000000003
506.6666666666666 -758.3333333333337
509.16666666666663 -761.666666666667
500.8333333333332 -751.666666666667
506.6666666666666 -758.3333333333337
496.66666666666663 -741.666666666667
500.8333333333332 -751.666666666667
499.9999999999999 -750.8333333333336
499.9999999999999 -750.8333333333336
506.6666666666666 -758.3333333333337
499.1666666666665 -746.666666666667
512.5 -765.8333333333336
500.8333333333332 -751.666666666667
504.1666666666666 -756.6666666666671
506.6666666666666 -758.3333333333337
500.8333333333332 -751.666666666667
499.9999999999999 -750.8333333333336
500.8333333333332 -751.666666666667
499.9999999999999 -750.8333333333336
499.9999999999999 -750.8333333333336
504.1666666666666 -756.6666666666671
506.6666666666666 -758.3333333333337
500.8333333333332 -751.666666666667
499.9999999999999 -750.8333333333336
500.8333333333332 -751.666666666667
500.8333333333332 -751.666666666667
500.8333333333332 -751.666666666667
508.33333333333326 -759.166666666667
499.9999999999999 -750.8333333333336
497.4999999999999 -745.8333333333336
506.6666666666666 -758.3333333333337
500.8333333333332 -751.666666666667
499.9999999999999 -750.8333333333336
