496.66666666666663 -741.666666666667
516.6666666666666 -768.3333333333337
496.66666666666663 -741.666666666667
516.6666666666666 -768.3333333333337
512.5 -765.8333333333336
497.4999999999999 -745.8333333333337
498.3333333333332 -746.6666666666671
504.1666666666666 -756.6666666666672
504.99999999999994 -757.5000000000005
512.5 -765.8333333333336
498.3333333333332 -746.6666666666671
510.8333333333333 -764.1666666666671
509.16666666666663 -762.5000000000003
510.8333333333333 -764.1666666666671
501.6666666666666 -752.5000000000003
511.66666666666663 -765.0000000000003
497.4999999999999 -745.8333333333337
511.66666666666663 -765.0000000000003
501.6666666666666 -752.5000000000003
507.49999999999994 -760.0000000000005
506.6666666666665 -759.166666666667
509.16666666666663 -762.5000000000003
507.49999999999994 -760.0000000000005
506.6666666666665 -759.166666666667
496.66666666666663 -741.666666666667
512.5 -765.8333333333336
498.3333333333332 -746.6666666666671
507.49999999999994 -760.0000000000005
511.66666666666663 -765.0000000000003
509.16666666666663 -762.5000000000003
506.6666666666665 -759.166666666667
496.66666666666663 -741.666666666667
512.5 -765.8333333333336
507.49999999999994 -760.0000000000005
511.66666666666663 -765.0000000000003
509.16666666666663 -762.5000000000003
506.6666666666665 -759.166666666667
496.66666666666663 -741.666666666667
512.5 -765.8333333333336
511.66666666666663 -765.0000000000003
509.16666666666663 -762.5000000000003
506.6666666666665 -759.166666666667
496.66666666666663 -741.666666666667
512.5 -765.8333333333336
506.6666666666665 -759.166666666667
496.66666666666663 -741.666666666667
496.66666666666663 -741.666666666667
496.66666666666663 -741.666666666667
496.66666666666663 -741.666666666667
496.66666666666663 -741.666666666667
496.66666666666663 -741.666666666667
496.66666666666663 -741.666666666667
496.66666666666663 -741.666666666667
496.66666666666663 -741.666666666667
496.66666666666663 -741.666666666667
496.66666666666663 -741.666666666667
496.66666666666663 -741.666666666667
496.66666666666663 -741.666666666667
496.66666666666663 -741.666666666667
496.66666666666663 -741.666666666667
511.66666666666663 -765.0000000000003
512.5 -765.8333333333336
499.9999999999999 -751.6666666666671
506.6666666666665 -759.166666666667
508.3333333333332 -760.8333333333337
509.99999999999994 -763.3333333333337
506.6666666666665 -759.166666666667
506.6666666666665 -759.166666666667
509.16666666666663 -762.5000000000003
511.66666666666663 -765.0000000000003
512.5 -765.8333333333336
508.3333333333332 -760.8333333333337
510.8333333333333 -764.1666666666671
506.6666666666665 -759.166666666667
509.16666666666663 -762.5000000000003
510.8333333333333 -764.1666666666671
499.9999999999999 -751.6666666666671
506.6666666666665 -759.166666666667
496.66666666666663 -741.666666666667
505.8333333333332 -758.3333333333337
512.5 -765.8333333333336
509.16666666666663 -762.5000000000003
498.3333333333332 -746.6666666666671
506.6666666666665 -759.166666666667
502.4999999999999 -755.0000000000003
497.4999999999999 -745.8333333333337
514.1666666666666 -766.6666666666671
515.0 -767.5000000000003
510.8333333333333 -764.1666666666671
506.6666666666665 -759.166666666667
503.33333333333326 -755.8333333333338
496.66666666666663 -741.666666666667
511.66666666666663 -765.0000000000003
511.66666666666663 -765.0000000000003
511.66666666666663 -765.0000000000003
508.3333333333332 -760.8333333333337
505.8333333333332 -758.3333333333337
496.66666666666663 -741.666666666667
508.3333333333332 -760.8333333333337
509.16666666666663 -762.5000000000003
505.8333333333332 -758.3333333333337
506.6666666666665 -759.166666666667
510.8333333333333 -764.1666666666671
505.8333333333332 -758.3333333333337
514.1666666666666 -766.6666666666671
515.0 -767.5000000000003
507.4999999999999 -760.0000000000003
506.6666666666665 -759.166666666667
507.49999999999994 -760.0000000000005
511.66666666666663 -765.0000000000003
510.8333333333333 -764.1666666666671
504.1666666666666 -756.6666666666672
506.6666666666665 -759.166666666667
496.66666666666663 -741.666666666667
506.6666666666665 -759.166666666667
512.5 -765.8333333333336
512.5 -765.8333333333336
512.5 -765.8333333333336
504.99999999999994 -757.5000000000005
506.6666666666665 -759.166666666667
514.1666666666666 -766.6666666666671
514.1666666666666 -766.6666666666671
509.1666666666665 -761.6666666666671
515.0 -767.5000000000003
514.1666666666666 -766.6666666666671
506.6666666666665 -759.166666666667
496.66666666666663 -741.666666666667
506.6666666666666 -759.1666666666672
505.8333333333332 -758.3333333333337
512.5 -765.8333333333336
503.33333333333326 -755.8333333333338
506.6666666666665 -759.166666666667
512.5 -765.8333333333336
508.3333333333332 -760.8333333333337
509.16666666666663 -762.5000000000003
505.8333333333332 -758.3333333333337
502.4999999999999 -755.0000000000003
510.8333333333333 -764.1666666666671
510.8333333333333 -764.1666666666671
511.66666666666663 -765.0000000000003
499.9999999999999 -751.6666666666671
511.66666666666663 -765.0000000000003
511.66666666666663 -765.0000000000003
511.66666666666663 -765.0000000000003
