496.66666666666663 -741.666666666667
516.6666666666666 -768.3333333333337
516.6666666666666 -768.3333333333337
496.66666666666663 -741.666666666667
512.5 -767.5000000000005
499.9999999999999 -751.6666666666671
502.4999999999999 -755.0000000000003
499.9999999999999 -751.6666666666671
502.4999999999999 -755.0000000000003
507.4999999999999 -760.0000000000003
506.6666666666666 -759.1666666666672
506.6666666666666 -759.1666666666672
496.66666666666663 -741.666666666667
516.6666666666666 -768.3333333333337
496.66666666666663 -741.666666666667
496.66666666666663 -741.666666666667
496.66666666666663 -741.666666666667
496.66666666666663 -741.666666666667
496.66666666666663 -741.666666666667
496.66666666666663 -741.666666666667
496.66666666666663 -741.666666666667
496.66666666666663 -741.666666666667
496.66666666666663 -741.666666666667
496.66666666666663 -741.666666666667
496.66666666666663 -741.666666666667
496.66666666666663 -741.666666666667
496.66666666666663 -741.666666666667
496.66666666666663 -741.666666666667
496.66666666666663 -741.666666666667
496.66666666666663 -741.666666666667
496.66666666666663 -741.666666666667
496.66666666666663 -741.666666666667
496.66666666666663 -741.666666666667
499.9999999999999 -751.6666666666671
496.66666666666663 -741.666666666667
496.66666666666663 -741.666666666667
496.66666666666663 -741.666666666667
496.66666666666663 -741.666666666667
496.66666666666663 -741.666666666667
502.4999999999999 -755.0000000000003
499.9999999999999 -751.6666666666671
516.6666666666666 -768.3333333333337
496.66666666666663 -741.666666666667
499.9999999999999 -751.6666666666671
496.66666666666663 -741.666666666667
496.66666666666663 -741.666666666667
516.6666666666666 -768.3333333333337
496.66666666666663 -741.666666666667
496.66666666666663 -741.666666666667
496.66666666666663 -741.666666666667
496.66666666666663 -741.666666666667
496.66666666666663 -741.666666666667
496.66666666666663 -741.666666666667
509.99999999999994 -765.0000000000005
499.9999999999999 -751.6666666666671
511.66666666666663 -766.6666666666671
496.66666666666663 -741.666666666667
502.4999999999999 -755.0000000000003
503.33333333333326 -756.6666666666672
499.9999999999999 -751.6666666666671
509.1666666666665 -763.3333333333337
504.1666666666666 -757.5000000000005
510.8333333333333 -765.8333333333337
504.99999999999994 -759.1666666666671
496.66666666666663 -741.666666666667
496.66666666666663 -741.666666666667
516.6666666666666 -768.3333333333337
503.33333333333326 -756.6666666666672
496.66666666666663 -741.666666666667
499.9999999999999 -751.6666666666671
496.66666666666663 -741.666666666667
512.5 -767.5000000000005
496.66666666666663 -741.666666666667
496.66666666666663 -741.666666666667
496.66666666666663 -741.666666666667
511.66666666666663 -766.6666666666671
500.8333333333332 -752.5000000000003
501.6666666666666 -754.1666666666671
510.8333333333333 -765.8333333333337
496.66666666666663 -741.666666666667
499.9999999999999 -751.6666666666671
507.49999999999994 -761.6666666666671
509.99999999999994 -765.0000000000005
497.4999999999999 -746.6666666666671
496.66666666666663 -741.666666666667
496.66666666666663 -741.666666666667
496.66666666666663 -741.666666666667
500.8333333333332 -752.5000000000003
499.9999999999999 -751.6666666666671
