516.6666666666666 -770.0000000000005
497.4999999999999 -748.3333333333336
512.5 -768.3333333333337
514.1666666666666 -769.166666666667
507.4999999999999 -763.3333333333336
499.9999999999999 -753.3333333333336
508.3333333333332 -764.1666666666671
510.8333333333333 -767.5000000000005
501.6666666666666 -755.8333333333336
506.66666666666663 -761.6666666666672
501.6666666666666 -755.8333333333336
503.33333333333326 -758.3333333333337
505.83333333333326 -761.666666666667
515.0 -770.0000000000003
503.33333333333326 -758.3333333333337
509.99999999999994 -765.8333333333337
500.8333333333332 -754.1666666666669
504.1666666666666 -759.166666666667
504.99999999999994 -760.8333333333337
497.4999999999999 -748.3333333333336
509.16666666666663 -765.0000000000003
509.99999999999994 -765.8333333333337
510.8333333333333 -767.5000000000005
504.99999999999994 -760.8333333333337
500.8333333333332 -754.1666666666669
504.1666666666666 -759.166666666667
499.9999999999999 -753.3333333333336
509.16666666666663 -765.0000000000003
515.0 -770.0000000000003
501.6666666666666 -755.8333333333336
503.33333333333326 -758.3333333333337
497.4999999999999 -748.3333333333336
504.1666666666666 -759.166666666667
499.9999999999999 -753.3333333333336
509.16666666666663 -765.0000000000003
501.6666666666666 -755.8333333333336
503.33333333333326 -758.3333333333337
497.4999999999999 -748.3333333333336
504.1666666666666 -759.166666666667
499.9999999999999 -753.3333333333336
509.16666666666663 -765.0000000000003
503.33333333333326 -758.3333333333337
504.1666666666666 -759.166666666667
509.16666666666663 -765.0000000000003
499.9999999999999 -753.3333333333336
499.9999999999999 -753.3333333333336
509.16666666666663 -765.0000000000003
503.33333333333326 -758.3333333333337
499.9999999999999 -753.3333333333336
499.9999999999999 -753.3333333333336
499.9999999999999 -753.3333333333336
503.33333333333326 -758.3333333333337
499.9999999999999 -753.3333333333336
499.9999999999999 -753.3333333333336
504.1666666666666 -759.166666666667
504.99999999999994 -760.8333333333337
505.83333333333326 -761.666666666667
506.66666666666663 -761.6666666666672
496.66666666666663 -744.166666666667
510.8333333333333 -767.5000000000005
499.9999999999999 -753.3333333333336
509.16666666666663 -765.0000000000003
499.1666666666666 -750.0000000000003
499.9999999999999 -753.3333333333336
512.5 -768.3333333333337
502.49999999999994 -755.8333333333337
497.4999999999999 -748.3333333333336
503.33333333333326 -758.3333333333337
