516.6666666666666 -770.0000000000005
497.4999999999999 -748.3333333333336
507.4999999999999 -763.3333333333336
499.9999999999999 -753.3333333333336
508.3333333333332 -764.1666666666671
510.8333333333333 -767.5000000000005
503.33333333333326 -758.3333333333337
505.83333333333326 -761.666666666667
515.0 -770.0000000000003
503.33333333333326 -758.3333333333337
509.99999999999994 -765.8333333333337
500.8333333333332 -754.1666666666669
504.1666666666666 -759.166666666667
504.99999999999994 -760.8333333333337
497.4999999999999 -748.3333333333336
509.16666666666663 -765.0000000000003
509.99999999999994 -765.8333333333337
510.8333333333333 -767.5000000000005
504.99999999999994 -760.8333333333337
500.8333333333332 -754.1666666666669
504.1666666666666 -759.166666666667
499.9999999999999 -753.3333333333336
509.16666666666663 -765.0000000000003
515.0 -770.0000000000003
503.33333333333326 -758.3333333333337
497.4999999999999 -748.3333333333336
504.1666666666666 -759.166666666667
499.9999999999999 -753.3333333333336
509.16666666666663 -765.0000000000003
503.33333333333326 -758.3333333333337
497.4999999999999 -748.3333333333336
504.1666666666666 -759.166666666667
499.9999999999999 -753.3333333333336
509.16666666666663 -765.0000000000003
503.33333333333326 -758.3333333333337
504.1666666666666 -759.166666666667
509.16666666666663 -765.0000000000003
499.9999999999999 -753.3333333333336
499.9999999999999 -753.3333333333336
509.16666666666663 -765.0000000000003
503.33333333333326 -758.3333333333337
499.9999999999999 -753.3333333333336
499.9999999999999 -753.3333333333336
499.9999999999999 -753.3333333333336
503.33333333333326 -758.3333333333337
499.9999999999999 -753.3333333333336
499.9999999999999 -753.3333333333336
504.1666666666666 -759.166666666667
504.99999999999994 -760.8333333333337
505.83333333333326 -761.666666666667
496.66666666666663 -744.166666666667
510.8333333333333 -767.5000000000005
499.9999999999999 -753.3333333333336
509.16666666666663 -765.0000000000003
499.9999999999999 -753.3333333333336
497.4999999999999 -748.3333333333336
503.33333333333326 -758.3333333333337
499.9999999999999 -753.3333333333336
513.3333333333333 -769.1666666666671
497.4999999999999 -748.3333333333336
503.33333333333326 -758.3333333333337
499.9999999999999 -753.3333333333336
499.9999999999999 -753.3333333333336
496.66666666666663 -744.166666666667
499.9999999999999 -753.3333333333336
504.99999999999994 -760.8333333333337
511.66666666666663 -768.3333333333337
507.4999999999999 -763.3333333333336
501.6666666666666 -755.8333333333337
504.99999999999994 -760.8333333333337
503.33333333333326 -758.3333333333337
504.1666666666666 -759.166666666667
499.9999999999999 -753.3333333333336
507.4999999999999 -763.3333333333336
497.4999999999999 -748.3333333333336
509.16666666666663 -765.0000000000003
516.6666666666666 -770.0000000000005
500.8333333333332 -754.1666666666669
503.33333333333326 -758.3333333333337
504.1666666666666 -759.166666666667
499.9999999999999 -753.3333333333336
497.4999999999999 -748.3333333333336
506.66666666666663 -762.5000000000005
503.33333333333326 -758.3333333333337
503.33333333333326 -758.3333333333337
505.83333333333326 -761.666666666667
509.16666666666663 -765.0000000000003
504.99999999999994 -760.8333333333337
515.0 -770.0000000000003
504.1666666666666 -759.166666666667
499.1666666666666 -750.8333333333336
503.33333333333326 -758.3333333333337
499.9999999999999 -753.3333333333336
499.9999999999999 -753.3333333333336
510.8333333333333 -767.5000000000005
503.33333333333326 -758.3333333333337
503.33333333333326 -758.3333333333337
509.16666666666663 -765.0000000000003
497.4999999999999 -748.3333333333336
499.9999999999999 -753.3333333333336
499.9999999999999 -753.3333333333336
504.1666666666666 -759.166666666667
504.1666666666666 -759.166666666667
507.4999999999999 -763.3333333333336
509.99999999999994 -765.8333333333337
515.0 -770.0000000000003
505.83333333333326 -761.666666666667
504.1666666666666 -759.166666666667
504.1666666666666 -759.166666666667
507.4999999999999 -763.3333333333336
504.1666666666666 -759.166666666667
510.8333333333333 -767.5000000000005
503.33333333333326 -758.3333333333337
500.83333333333326 -755.0000000000003
497.4999999999999 -748.3333333333336
499.9999999999999 -753.3333333333336
500.83333333333326 -755.0000000000003
513.3333333333333 -769.1666666666671
509.99999999999994 -765.8333333333337
504.1666666666666 -759.166666666667
505.83333333333326 -761.666666666667
503.33333333333326 -758.3333333333337
499.9999999999999 -753.3333333333336
503.33333333333326 -758.3333333333337
505.83333333333326 -761.666666666667
504.99999999999994 -760.8333333333337
499.9999999999999 -753.3333333333336
497.4999999999999 -748.3333333333336
504.1666666666666 -759.166666666667
499.9999999999999 -753.3333333333336
499.9999999999999 -753.3333333333336
500.8333333333332 -754.1666666666669
503.33333333333326 -758.3333333333337
502.4999999999999 -756.6666666666671
497.4999999999999 -748.3333333333336
506.6666666666666 -762.5000000000003
497.4999999999999 -748.3333333333336
515.0 -770.0000000000003
500.8333333333332 -754.1666666666669
505.83333333333326 -761.666666666667
501.6666666666666 -755.8333333333337
503.33333333333326 -758.3333333333337
504.1666666666666 -759.166666666667
504.1666666666666 -759.166666666667
499.9999999999999 -753.3333333333336
514.1666666666666 -769.1666666666672
497.4999999999999 -748.3333333333336
509.99999999999994 -765.8333333333337
510.8333333333333 -767.5000000000005
499.9999999999999 -753.3333333333336
499.9999999999999 -753.3333333333336
504.1666666666666 -759.166666666667
509.16666666666663 -765.0000000000003
503.33333333333326 -758.3333333333337
499.9999999999999 -753.3333333333336
501.6666666666666 -755.8333333333337
504.1666666666666 -759.166666666667
501.6666666666666 -755.8333333333337
504.1666666666666 -759.166666666667
510.8333333333333 -767.5000000000005
498.3333333333332 -749.1666666666669
