496.66666666666663 -744.166666666667
496.66666666666663 -744.166666666667
497.4999999999999 -750.8333333333336
500.8333333333332 -758.3333333333336
497.4999999999999 -750.8333333333336
504.99999999999994 -763.3333333333337
497.4999999999999 -750.8333333333336
497.4999999999999 -750.8333333333336
507.4999999999999 -765.8333333333336
504.99999999999994 -763.3333333333337
498.3333333333332 -751.6666666666669
504.99999999999994 -763.3333333333337
504.99999999999994 -763.3333333333337
505.83333333333326 -764.1666666666671
504.99999999999994 -763.3333333333337
504.99999999999994 -763.3333333333337
504.99999999999994 -763.3333333333337
499.9999999999999 -756.666666666667
504.99999999999994 -763.3333333333337
504.99999999999994 -763.3333333333337
503.33333333333326 -761.666666666667
507.4999999999999 -765.8333333333336
501.6666666666666 -758.3333333333337
499.9999999999999 -756.666666666667
498.3333333333332 -751.6666666666669
504.99999999999994 -763.3333333333337
507.4999999999999 -765.8333333333336
505.83333333333326 -764.1666666666671
501.6666666666666 -758.3333333333337
509.99999999999994 -770.0000000000003
504.99999999999994 -763.3333333333337
504.99999999999994 -763.3333333333337
504.99999999999994 -763.3333333333337
501.6666666666666 -758.3333333333337
504.99999999999994 -763.3333333333337
504.99999999999994 -763.3333333333337
508.3333333333332 -766.6666666666671
504.99999999999994 -763.3333333333337
512.5 -773.3333333333337
501.6666666666666 -758.3333333333337
504.1666666666666 -762.5000000000005
504.99999999999994 -763.3333333333337
498.33333333333326 -752.5000000000003
504.1666666666666 -762.5000000000005
504.99999999999994 -763.3333333333337
504.99999999999994 -763.3333333333337
504.99999999999994 -763.3333333333337
504.99999999999994 -763.3333333333337
510.83333333333326 -770.8333333333337
507.4999999999999 -765.8333333333336
504.99999999999994 -763.3333333333337
504.99999999999994 -763.3333333333337
504.99999999999994 -763.3333333333337
497.4999999999999 -750.8333333333336
496.66666666666663 -744.166666666667
512.5 -773.3333333333337
505.83333333333326 -764.1666666666671
508.3333333333332 -766.6666666666671
505.83333333333326 -764.1666666666671
502.4999999999999 -760.8333333333337
501.6666666666666 -758.3333333333337
504.99999999999994 -763.3333333333337
504.1666666666666 -762.5000000000005
505.83333333333326 -764.1666666666671
504.99999999999994 -763.3333333333337
504.99999999999994 -763.3333333333337
507.4999999999999 -765.8333333333336
504.99999999999994 -763.3333333333337
