496.66666666666663 -744.166666666667
496.66666666666663 -744.166666666667
512.5 -773.3333333333337
496.66666666666663 -744.166666666667
512.5 -773.3333333333337
511.66666666666663 -772.5000000000005
502.4999999999999 -763.3333333333337
502.4999999999999 -763.3333333333337
508.3333333333332 -770.8333333333337
510.83333333333326 -772.5000000000003
499.9999999999999 -756.6666666666671
506.6666666666666 -769.1666666666671
505.83333333333326 -768.3333333333337
502.4999999999999 -763.3333333333337
499.1666666666666 -753.3333333333337
499.9999999999999 -756.6666666666671
505.83333333333326 -768.3333333333337
502.4999999999999 -763.3333333333337
499.1666666666666 -753.3333333333337
499.1666666666666 -753.3333333333337
505.83333333333326 -768.3333333333337
499.1666666666666 -753.3333333333337
502.4999999999999 -763.3333333333337
502.4999999999999 -763.3333333333337
503.3333333333332 -764.1666666666671
502.4999999999999 -763.3333333333337
499.1666666666666 -753.3333333333337
512.5 -773.3333333333337
496.66666666666663 -744.166666666667
497.4999999999999 -751.6666666666671
499.1666666666666 -753.3333333333337
499.1666666666666 -753.3333333333337
499.1666666666666 -753.3333333333337
515.0 -775.0000000000005
505.83333333333326 -768.3333333333337
502.4999999999999 -763.3333333333337
505.83333333333326 -768.3333333333337
505.83333333333326 -768.3333333333337
502.4999999999999 -763.3333333333337
499.1666666666666 -753.3333333333337
502.4999999999999 -763.3333333333337
504.1666666666666 -766.666666666667
500.8333333333332 -761.6666666666671
516.6666666666666 -775.8333333333337
508.3333333333332 -770.8333333333337
502.4999999999999 -763.3333333333337
499.1666666666666 -753.3333333333337
510.83333333333326 -772.5000000000003
499.1666666666666 -753.3333333333337
514.1666666666666 -774.1666666666671
504.9999999999999 -767.5000000000005
502.4999999999999 -763.3333333333337
500.8333333333332 -761.6666666666671
510.8333333333332 -772.5000000000002
505.83333333333326 -768.3333333333337
517.5 -776.6666666666671
499.1666666666666 -753.3333333333337
498.3333333333332 -752.5000000000005
499.1666666666666 -753.3333333333337
502.4999999999999 -763.3333333333337
502.4999999999999 -763.3333333333337
499.9999999999999 -756.6666666666671
502.4999999999999 -763.3333333333337
505.83333333333326 -768.3333333333337
502.4999999999999 -763.3333333333337
509.1666666666665 -771.6666666666671
499.1666666666666 -753.3333333333337
501.6666666666665 -762.5000000000003
502.4999999999999 -763.3333333333337
502.4999999999999 -763.3333333333337
506.6666666666666 -769.1666666666671
