517.5 -777.5000000000005
496.6666666666666 -750.8333333333337
499.1666666666666 -755.8333333333337
499.9999999999999 -760.8333333333337
514.9999999999999 -776.666666666667
498.3333333333332 -752.5000000000005
499.1666666666666 -755.8333333333337
515.8333333333333 -777.5000000000003
510.8333333333332 -772.5000000000003
509.1666666666665 -771.6666666666671
513.3333333333333 -775.0000000000003
513.3333333333333 -775.0000000000003
503.3333333333332 -764.1666666666671
503.33333333333326 -765.8333333333337
498.3333333333332 -752.5000000000005
499.9999999999999 -760.8333333333337
497.4999999999999 -751.6666666666671
507.49999999999983 -770.0000000000003
511.6666666666665 -773.3333333333336
504.1666666666666 -766.6666666666671
500.8333333333332 -761.6666666666671
506.6666666666665 -769.1666666666671
504.9999999999999 -767.5000000000005
497.4999999999999 -751.6666666666671
500.8333333333332 -761.6666666666671
504.1666666666666 -766.6666666666671
501.6666666666665 -762.5000000000005
507.49999999999983 -770.0000000000003
505.8333333333332 -768.3333333333336
510.8333333333332 -772.5000000000003
509.1666666666665 -771.6666666666671
506.6666666666665 -769.1666666666671
511.6666666666665 -773.3333333333336
504.9999999999999 -767.5000000000005
501.6666666666665 -762.5000000000005
515.8333333333333 -777.5000000000003
508.3333333333332 -770.8333333333337
512.4999999999999 -774.1666666666671
502.49999999999983 -763.3333333333336
502.4999999999999 -763.3333333333337
512.4999999999998 -774.166666666667
508.33333333333326 -770.8333333333338
505.83333333333326 -768.3333333333337
512.4999999999998 -774.166666666667
503.33333333333326 -765.8333333333337
505.83333333333326 -768.3333333333337
502.4999999999999 -763.3333333333337
503.3333333333332 -764.1666666666671
508.3333333333332 -770.8333333333337
512.4999999999999 -774.1666666666671
508.33333333333326 -770.8333333333338
502.49999999999983 -763.3333333333336
499.1666666666666 -755.8333333333337
513.3333333333333 -775.0000000000003
498.3333333333332 -752.5000000000005
499.9999999999999 -760.8333333333337
504.1666666666666 -766.6666666666671
497.4999999999999 -751.6666666666671
500.8333333333332 -761.6666666666671
504.9999999999999 -767.5000000000005
510.8333333333332 -772.5000000000003
509.1666666666665 -771.6666666666671
511.6666666666665 -773.3333333333336
505.83333333333326 -768.3333333333337
501.6666666666665 -762.5000000000005
503.33333333333326 -765.8333333333337
502.4999999999999 -763.3333333333337
508.3333333333332 -770.8333333333337
503.3333333333332 -764.1666666666671
512.4999999999999 -774.1666666666671
508.33333333333326 -770.8333333333338
513.3333333333333 -775.0000000000003
498.3333333333332 -752.5000000000005
499.9999999999999 -760.8333333333337
504.1666666666666 -766.6666666666671
500.8333333333332 -761.6666666666671
497.4999999999999 -751.6666666666671
504.9999999999999 -767.5000000000005
501.6666666666665 -762.5000000000005
502.4999999999999 -763.3333333333337
510.8333333333332 -772.5000000000003
509.1666666666665 -771.6666666666671
511.6666666666665 -773.3333333333336
505.83333333333326 -768.3333333333337
503.33333333333326 -765.8333333333337
508.3333333333332 -770.8333333333337
503.3333333333332 -764.1666666666671
498.3333333333332 -752.5000000000005
499.9999999999999 -760.8333333333337
500.8333333333332 -761.6666666666671
504.1666666666666 -766.6666666666671
497.4999999999999 -751.6666666666671
504.9999999999999 -767.5000000000005
501.6666666666665 -762.5000000000005
502.4999999999999 -763.3333333333337
510.8333333333332 -772.5000000000003
509.1666666666665 -771.6666666666671
505.83333333333326 -768.3333333333337
511.6666666666665 -773.3333333333336
513.3333333333333 -775.0000000000003
503.3333333333332 -764.1666666666671
508.3333333333332 -770.8333333333337
498.3333333333332 -752.5000000000005
504.1666666666666 -766.6666666666671
500.8333333333332 -761.6666666666671
511.6666666666665 -773.3333333333336
497.4999999999999 -751.6666666666671
504.9999999999999 -767.5000000000005
501.6666666666665 -762.5000000000005
502.4999999999999 -763.3333333333337
509.1666666666665 -771.6666666666671
505.83333333333326 -768.3333333333337
513.3333333333333 -775.0000000000003
508.3333333333332 -770.8333333333337
503.3333333333332 -764.1666666666671
498.3333333333332 -752.5000000000005
504.1666666666666 -766.6666666666671
500.8333333333332 -761.6666666666671
511.6666666666665 -773.3333333333336
497.4999999999999 -751.6666666666671
501.6666666666665 -762.5000000000005
504.9999999999999 -767.5000000000005
502.4999999999999 -763.3333333333337
509.1666666666665 -771.6666666666671
505.83333333333326 -768.3333333333337
513.3333333333333 -775.0000000000003
508.3333333333332 -770.8333333333337
503.3333333333332 -764.1666666666671
498.3333333333332 -752.5000000000005
504.1666666666666 -766.6666666666671
500.8333333333332 -761.6666666666671
511.6666666666665 -773.3333333333336
497.4999999999999 -751.6666666666671
501.6666666666665 -762.5000000000005
504.9999999999999 -767.5000000000005
502.4999999999999 -763.3333333333337
509.1666666666665 -771.6666666666671
505.83333333333326 -768.3333333333337
513.3333333333333 -775.0000000000003
508.3333333333332 -770.8333333333337
503.3333333333332 -764.1666666666671
498.3333333333332 -752.5000000000005
500.8333333333332 -761.6666666666671
511.6666666666665 -773.3333333333336
497.4999999999999 -751.6666666666671
504.9999999999999 -767.5000000000005
501.6666666666665 -762.5000000000005
502.4999999999999 -763.3333333333337
505.83333333333326 -768.3333333333337
509.1666666666665 -771.6666666666671
508.3333333333332 -770.8333333333337
503.3333333333332 -764.1666666666671
498.3333333333332 -752.5000000000005
500.8333333333332 -761.6666666666671
511.6666666666665 -773.3333333333336
497.4999999999999 -751.6666666666671
504.9999999999999 -767.5000000000005
501.6666666666665 -762.5000000000005
503.3333333333332 -764.1666666666671
502.4999999999999 -763.3333333333337
505.83333333333326 -768.3333333333337
509.1666666666665 -771.6666666666671
508.3333333333332 -770.8333333333337
498.3333333333332 -752.5000000000005
500.8333333333332 -761.6666666666671
511.6666666666665 -773.3333333333336
497.4999999999999 -751.6666666666671
501.6666666666665 -762.5000000000005
504.9999999999999 -767.5000000000005
503.3333333333332 -764.1666666666671
502.4999999999999 -763.3333333333337
505.83333333333326 -768.3333333333337
509.1666666666665 -771.6666666666671
508.3333333333332 -770.8333333333337
500.8333333333332 -761.6666666666671
511.6666666666665 -773.3333333333336
503.3333333333332 -764.1666666666671
502.4999999999999 -763.3333333333337
505.83333333333326 -768.3333333333337
509.1666666666665 -771.6666666666671
502.4999999999999 -763.3333333333337
502.4999999999999 -763.3333333333337
505.83333333333326 -768.3333333333337
502.4999999999999 -763.3333333333337
505.83333333333326 -768.3333333333337
502.4999999999999 -763.3333333333337
502.4999999999999 -763.3333333333337
502.4999999999999 -763.3333333333337
505.83333333333326 -768.3333333333337
502.4999999999999 -763.3333333333337
505.83333333333326 -768.3333333333337
505.83333333333326 -768.3333333333337
502.4999999999999 -763.3333333333337
502.4999999999999 -763.3333333333337
502.4999999999999 -763.3333333333337
502.4999999999999 -763.3333333333337
500.8333333333332 -761.6666666666671
505.83333333333326 -768.3333333333337
502.4999999999999 -763.3333333333337
502.4999999999999 -763.3333333333337
