496.6666666666666 -750.8333333333337
515.8333333333333 -779.166666666667
515.8333333333333 -779.166666666667
496.6666666666666 -750.8333333333337
499.9999999999999 -762.5000000000005
510.8333333333332 -775.0000000000003
499.1666666666666 -755.8333333333337
508.33333333333326 -772.5000000000005
513.3333333333333 -776.666666666667
504.1666666666666 -768.3333333333337
504.99999999999994 -769.166666666667
500.8333333333332 -763.3333333333337
499.1666666666665 -753.3333333333336
499.1666666666666 -755.8333333333337
503.3333333333332 -765.8333333333337
512.4999999999999 -775.8333333333336
514.9999999999999 -778.3333333333336
514.9999999999999 -778.3333333333336
502.49999999999983 -765.0000000000003
501.6666666666666 -764.166666666667
507.49999999999983 -771.6666666666671
505.83333333333326 -770.0000000000005
497.4999999999999 -751.6666666666671
497.4999999999999 -751.6666666666671
498.3333333333332 -752.5000000000005
512.4999999999999 -775.8333333333336
503.3333333333332 -765.8333333333337
506.6666666666665 -770.8333333333337
505.83333333333326 -770.0000000000005
506.6666666666665 -770.8333333333337
501.6666666666666 -764.166666666667
507.49999999999983 -771.6666666666671
498.3333333333332 -752.5000000000005
508.3333333333332 -772.5000000000002
502.4999999999999 -765.0000000000005
502.4999999999999 -765.0000000000005
508.3333333333332 -772.5000000000002
499.1666666666665 -753.3333333333336
515.8333333333333 -779.166666666667
496.6666666666666 -750.8333333333337
499.1666666666666 -755.8333333333337
514.9999999999999 -778.3333333333336
497.4999999999999 -751.6666666666671
506.6666666666665 -770.8333333333337
501.6666666666666 -764.166666666667
498.3333333333332 -752.5000000000005
499.1666666666665 -753.3333333333336
496.6666666666666 -750.8333333333337
499.1666666666666 -755.8333333333337
514.9999999999999 -778.3333333333336
497.4999999999999 -751.6666666666671
506.6666666666665 -770.8333333333337
501.6666666666666 -764.166666666667
498.3333333333332 -752.5000000000005
499.1666666666665 -753.3333333333336
496.6666666666666 -750.8333333333337
499.1666666666666 -755.8333333333337
514.9999999999999 -778.3333333333336
497.4999999999999 -751.6666666666671
498.3333333333332 -752.5000000000005
501.6666666666666 -764.166666666667
499.1666666666665 -753.3333333333336
496.6666666666666 -750.8333333333337
499.1666666666666 -755.8333333333337
497.4999999999999 -751.6666666666671
498.3333333333332 -752.5000000000005
499.1666666666665 -753.3333333333336
496.6666666666666 -750.8333333333337
499.1666666666666 -755.8333333333337
497.4999999999999 -751.6666666666671
498.3333333333332 -752.5000000000005
499.1666666666665 -753.3333333333336
496.6666666666666 -750.8333333333337
499.1666666666666 -755.8333333333337
497.4999999999999 -751.6666666666671
498.3333333333332 -752.5000000000005
499.1666666666665 -753.3333333333336
496.6666666666666 -750.8333333333337
499.1666666666666 -755.8333333333337
497.4999999999999 -751.6666666666671
498.3333333333332 -752.5000000000005
499.1666666666665 -753.3333333333336
496.6666666666666 -750.8333333333337
499.1666666666666 -755.8333333333337
497.4999999999999 -751.6666666666671
498.3333333333332 -752.5000000000005
496.6666666666666 -750.8333333333337
499.1666666666666 -755.8333333333337
497.4999999999999 -751.6666666666671
498.3333333333332 -752.5000000000005
496.6666666666666 -750.8333333333337
499.1666666666666 -755.8333333333337
497.4999999999999 -751.6666666666671
498.3333333333332 -752.5000000000005
496.6666666666666 -750.8333333333337
499.1666666666666 -755.8333333333337
498.3333333333332 -752.5000000000005
497.4999999999999 -751.6666666666671
496.6666666666666 -750.8333333333337
499.1666666666666 -755.8333333333337
498.3333333333332 -752.5000000000005
497.4999999999999 -751.6666666666671
496.6666666666666 -750.8333333333337
497.4999999999999 -751.6666666666671
496.6666666666666 -750.8333333333337
496.6666666666666 -750.8333333333337
496.6666666666666 -750.8333333333337
499.1666666666665 -753.3333333333336
497.4999999999999 -751.6666666666671
498.3333333333332 -752.5000000000005
497.4999999999999 -751.6666666666671
498.3333333333332 -752.5000000000005
499.1666666666665 -753.3333333333336
497.4999999999999 -751.6666666666671
496.6666666666666 -750.8333333333337
497.4999999999999 -751.6666666666671
497.4999999999999 -751.6666666666671
496.6666666666666 -750.8333333333337
497.4999999999999 -751.6666666666671
499.1666666666665 -753.3333333333336
499.1666666666665 -753.3333333333336
496.6666666666666 -750.8333333333337
496.6666666666666 -750.8333333333337
498.3333333333332 -752.5000000000005
497.4999999999999 -751.6666666666671
497.4999999999999 -751.6666666666671
498.3333333333332 -752.5000000000005
496.6666666666666 -750.8333333333337
497.4999999999999 -751.6666666666671
498.3333333333332 -752.5000000000005
496.6666666666666 -750.8333333333337
497.4999999999999 -751.6666666666671
497.4999999999999 -751.6666666666671
497.4999999999999 -751.6666666666671
498.3333333333332 -752.5000000000005
498.3333333333332 -752.5000000000005
498.3333333333332 -752.5000000000005
496.6666666666666 -750.8333333333337
499.1666666666665 -753.3333333333336
496.6666666666666 -750.8333333333337
496.6666666666666 -750.8333333333337
498.3333333333332 -752.5000000000005
497.4999999999999 -751.6666666666671
497.4999999999999 -751.6666666666671
498.3333333333332 -752.5000000000005
496.6666666666666 -750.8333333333337
499.1666666666665 -753.3333333333336
496.6666666666666 -750.8333333333337
496.6666666666666 -750.8333333333337
497.4999999999999 -751.6666666666671
496.6666666666666 -750.8333333333337
501.6666666666666 -764.166666666667
496.6666666666666 -750.8333333333337
496.6666666666666 -750.8333333333337
496.6666666666666 -750.8333333333337
499.1666666666665 -753.3333333333336
496.6666666666666 -750.8333333333337
497.4999999999999 -751.6666666666671
499.1666666666666 -755.8333333333337
497.4999999999999 -751.6666666666671
497.4999999999999 -751.6666666666671
498.3333333333332 -752.5000000000005
497.4999999999999 -751.6666666666671
496.6666666666666 -750.8333333333337
496.6666666666666 -750.8333333333337
496.6666666666666 -750.8333333333337
498.3333333333332 -752.5000000000005
496.6666666666666 -750.8333333333337
499.1666666666665 -753.3333333333336
496.6666666666666 -750.8333333333337
499.1666666666665 -753.3333333333336
499.1666666666665 -753.3333333333336
499.1666666666665 -753.3333333333336
499.1666666666665 -753.3333333333336
496.6666666666666 -750.8333333333337
496.6666666666666 -750.8333333333337
499.1666666666665 -753.3333333333336
499.1666666666665 -753.3333333333336
501.6666666666666 -764.166666666667
499.1666666666665 -753.3333333333336
501.6666666666666 -764.166666666667
499.1666666666666 -755.8333333333337
498.3333333333332 -752.5000000000005
496.6666666666666 -750.8333333333337
501.6666666666666 -764.166666666667
498.3333333333332 -752.5000000000005
496.6666666666666 -750.8333333333337
497.4999999999999 -751.6666666666671
496.6666666666666 -750.8333333333337
499.1666666666666 -755.8333333333337
496.6666666666666 -750.8333333333337
497.4999999999999 -751.6666666666671
496.6666666666666 -750.8333333333337
499.1666666666665 -753.3333333333336
496.6666666666666 -750.8333333333337
496.6666666666666 -750.8333333333337
497.4999999999999 -751.6666666666671
496.6666666666666 -750.8333333333337
497.4999999999999 -751.6666666666671
499.1666666666665 -753.3333333333336
