494.9999999999999 -750.0000000000005
516.6666666666665 -780.8333333333336
494.9999999999999 -750.0000000000005
499.1666666666666 -755.8333333333337
499.9999999999999 -762.5000000000005
512.4999999999999 -776.666666666667
508.3333333333332 -773.3333333333336
509.1666666666665 -774.1666666666671
497.4999999999999 -754.1666666666671
507.49999999999983 -771.6666666666671
496.6666666666666 -753.3333333333337
514.1666666666665 -777.5000000000003
511.6666666666665 -775.8333333333336
505.83333333333326 -770.8333333333337
509.99999999999994 -775.0000000000005
503.33333333333326 -767.5000000000005
515.8333333333333 -779.166666666667
496.6666666666665 -751.6666666666671
498.33333333333326 -755.0000000000005
514.1666666666665 -777.5000000000003
514.9999999999999 -778.3333333333337
507.49999999999983 -771.6666666666671
495.8333333333332 -750.8333333333337
504.1666666666666 -768.3333333333337
505.8333333333332 -770.0000000000003
504.9999999999999 -769.1666666666671
514.9999999999999 -778.3333333333337
509.99999999999994 -775.0000000000005
499.9999999999999 -762.5000000000005
504.9999999999999 -769.1666666666671
500.8333333333332 -763.3333333333337
499.1666666666666 -755.8333333333337
504.1666666666666 -768.3333333333337
495.8333333333332 -750.8333333333337
500.8333333333332 -763.3333333333337
511.6666666666665 -775.8333333333336
515.8333333333333 -779.166666666667
503.3333333333332 -765.8333333333337
498.3333333333332 -755.0000000000003
501.6666666666665 -764.166666666667
502.49999999999983 -765.0000000000003
503.33333333333314 -765.8333333333336
501.6666666666666 -764.1666666666671
502.4999999999999 -765.0000000000005
505.83333333333326 -770.8333333333337
496.6666666666665 -751.6666666666671
503.33333333333326 -767.5000000000005
501.6666666666666 -764.1666666666671
498.3333333333332 -755.0000000000003
502.49999999999983 -765.0000000000003
505.8333333333332 -770.0000000000003
501.6666666666665 -764.166666666667
502.4999999999999 -765.0000000000005
503.33333333333314 -765.8333333333336
503.3333333333332 -765.8333333333337
494.9999999999999 -750.0000000000005
507.49999999999983 -771.6666666666671
514.9999999999999 -778.3333333333337
499.9999999999999 -762.5000000000005
504.9999999999999 -769.1666666666671
495.8333333333332 -750.8333333333337
504.1666666666666 -768.3333333333337
500.8333333333332 -763.3333333333337
499.1666666666666 -755.8333333333337
511.6666666666665 -775.8333333333336
515.8333333333333 -779.166666666667
503.33333333333326 -767.5000000000005
505.8333333333332 -770.0000000000003
502.49999999999983 -765.0000000000003
501.6666666666665 -764.166666666667
509.99999999999994 -775.0000000000005
502.4999999999999 -765.0000000000005
503.33333333333314 -765.8333333333336
503.3333333333332 -765.8333333333337
494.9999999999999 -750.0000000000005
515.8333333333333 -779.166666666667
507.49999999999983 -771.6666666666671
514.9999999999999 -778.3333333333337
499.9999999999999 -762.5000000000005
504.9999999999999 -769.1666666666671
499.1666666666666 -755.8333333333337
495.8333333333332 -750.8333333333337
504.1666666666666 -768.3333333333337
500.8333333333332 -763.3333333333337
511.6666666666665 -775.8333333333336
503.33333333333326 -767.5000000000005
501.6666666666665 -764.166666666667
505.8333333333332 -770.0000000000003
502.49999999999983 -765.0000000000003
502.4999999999999 -765.0000000000005
503.33333333333314 -765.8333333333336
503.3333333333332 -765.8333333333337
494.9999999999999 -750.0000000000005
515.8333333333333 -779.166666666667
507.49999999999983 -771.6666666666671
514.9999999999999 -778.3333333333337
499.9999999999999 -762.5000000000005
504.9999999999999 -769.1666666666671
504.1666666666666 -768.3333333333337
500.8333333333332 -763.3333333333337
499.1666666666666 -755.8333333333337
511.6666666666665 -775.8333333333336
503.33333333333326 -767.5000000000005
502.49999999999983 -765.0000000000003
505.8333333333332 -770.0000000000003
501.6666666666665 -764.166666666667
502.4999999999999 -765.0000000000005
503.33333333333314 -765.8333333333336
503.3333333333332 -765.8333333333337
515.8333333333333 -779.166666666667
507.49999999999983 -771.6666666666671
499.1666666666666 -755.8333333333337
514.9999999999999 -778.3333333333337
499.9999999999999 -762.5000000000005
504.9999999999999 -769.1666666666671
504.1666666666666 -768.3333333333337
500.8333333333332 -763.3333333333337
511.6666666666665 -775.8333333333336
503.33333333333326 -767.5000000000005
505.8333333333332 -770.0000000000003
501.6666666666665 -764.166666666667
502.49999999999983 -765.0000000000003
502.4999999999999 -765.0000000000005
503.33333333333314 -765.8333333333336
503.3333333333332 -765.8333333333337
515.8333333333333 -779.166666666667
499.1666666666666 -755.8333333333337
499.9999999999999 -762.5000000000005
507.49999999999983 -771.6666666666671
504.9999999999999 -769.1666666666671
504.1666666666666 -768.3333333333337
500.8333333333332 -763.3333333333337
511.6666666666665 -775.8333333333336
503.33333333333326 -767.5000000000005
501.6666666666665 -764.166666666667
502.49999999999983 -765.0000000000003
505.8333333333332 -770.0000000000003
502.4999999999999 -765.0000000000005
503.33333333333314 -765.8333333333336
503.3333333333332 -765.8333333333337
515.8333333333333 -779.166666666667
499.1666666666666 -755.8333333333337
499.9999999999999 -762.5000000000005
507.49999999999983 -771.6666666666671
504.9999999999999 -769.1666666666671
500.8333333333332 -763.3333333333337
504.1666666666666 -768.3333333333337
511.6666666666665 -775.8333333333336
503.33333333333326 -767.5000000000005
502.49999999999983 -765.0000000000003
505.8333333333332 -770.0000000000003
501.6666666666665 -764.166666666667
502.4999999999999 -765.0000000000005
503.33333333333314 -765.8333333333336
503.3333333333332 -765.8333333333337
515.8333333333333 -779.166666666667
499.1666666666666 -755.8333333333337
499.9999999999999 -762.5000000000005
504.9999999999999 -769.1666666666671
507.49999999999983 -771.6666666666671
504.1666666666666 -768.3333333333337
500.8333333333332 -763.3333333333337
511.6666666666665 -775.8333333333336
503.33333333333326 -767.5000000000005
505.8333333333332 -770.0000000000003
502.49999999999983 -765.0000000000003
501.6666666666665 -764.166666666667
502.4999999999999 -765.0000000000005
503.33333333333314 -765.8333333333336
503.3333333333332 -765.8333333333337
515.8333333333333 -779.166666666667
499.1666666666666 -755.8333333333337
499.9999999999999 -762.5000000000005
507.49999999999983 -771.6666666666671
500.8333333333332 -763.3333333333337
504.1666666666666 -768.3333333333337
511.6666666666665 -775.8333333333336
505.8333333333332 -770.0000000000003
501.6666666666665 -764.166666666667
502.49999999999983 -765.0000000000003
502.4999999999999 -765.0000000000005
503.33333333333314 -765.8333333333336
503.3333333333332 -765.8333333333337
515.8333333333333 -779.166666666667
499.1666666666666 -755.8333333333337
499.9999999999999 -762.5000000000005
507.49999999999983 -771.6666666666671
500.8333333333332 -763.3333333333337
503.3333333333332 -765.8333333333337
505.8333333333332 -770.0000000000003
504.1666666666666 -768.3333333333337
501.6666666666665 -764.166666666667
502.49999999999983 -765.0000000000003
502.4999999999999 -765.0000000000005
503.33333333333314 -765.8333333333336
515.8333333333333 -779.166666666667
499.9999999999999 -762.5000000000005
507.49999999999983 -771.6666666666671
500.8333333333332 -763.3333333333337
503.3333333333332 -765.8333333333337
