494.9999999999999 -750.0000000000005
516.6666666666665 -780.8333333333336
494.9999999999999 -750.0000000000005
503.33333333333326 -768.3333333333338
512.4999999999999 -776.666666666667
498.3333333333332 -755.0000000000005
506.6666666666666 -771.666666666667
510.83333333333326 -775.8333333333337
505.8333333333332 -770.8333333333337
496.6666666666665 -751.6666666666671
496.6666666666666 -753.3333333333337
508.3333333333332 -773.3333333333336
509.1666666666665 -774.1666666666671
508.3333333333332 -773.3333333333336
509.99999999999994 -775.0000000000005
509.1666666666665 -774.1666666666671
495.8333333333332 -750.8333333333337
497.4999999999999 -754.1666666666671
497.4999999999999 -754.1666666666671
509.99999999999994 -775.0000000000005
510.83333333333326 -775.8333333333337
505.8333333333332 -770.8333333333337
495.8333333333332 -750.8333333333337
496.6666666666666 -753.3333333333337
496.6666666666665 -751.6666666666671
494.9999999999999 -750.0000000000005
509.1666666666665 -774.1666666666671
509.99999999999994 -775.0000000000005
495.8333333333332 -750.8333333333337
496.6666666666665 -751.6666666666671
494.9999999999999 -750.0000000000005
509.99999999999994 -775.0000000000005
495.8333333333332 -750.8333333333337
496.6666666666665 -751.6666666666671
494.9999999999999 -750.0000000000005
509.99999999999994 -775.0000000000005
495.8333333333332 -750.8333333333337
496.6666666666665 -751.6666666666671
494.9999999999999 -750.0000000000005
509.99999999999994 -775.0000000000005
495.8333333333332 -750.8333333333337
494.9999999999999 -750.0000000000005
494.9999999999999 -750.0000000000005
495.8333333333332 -750.8333333333337
495.8333333333332 -750.8333333333337
496.6666666666665 -751.6666666666671
496.6666666666665 -751.6666666666671
506.6666666666666 -771.666666666667
496.6666666666666 -753.3333333333337
510.83333333333326 -775.8333333333337
496.6666666666666 -753.3333333333337
504.1666666666666 -769.1666666666671
496.6666666666665 -751.6666666666671
499.1666666666666 -758.3333333333337
495.8333333333332 -750.8333333333337
503.3333333333332 -766.666666666667
513.3333333333333 -778.3333333333336
500.8333333333332 -764.1666666666671
496.6666666666665 -751.6666666666671
495.8333333333332 -750.8333333333337
504.1666666666666 -769.1666666666671
496.6666666666665 -751.6666666666671
509.99999999999994 -775.0000000000005
515.8333333333333 -780.0000000000003
510.83333333333326 -775.8333333333337
517.4999999999999 -781.666666666667
495.8333333333332 -750.8333333333337
495.8333333333332 -750.8333333333337
509.1666666666665 -774.1666666666671
504.9999999999999 -770.0000000000003
508.3333333333332 -773.3333333333336
507.49999999999983 -772.5000000000005
510.83333333333326 -775.8333333333337
502.49999999999983 -765.8333333333337
515.8333333333333 -780.0000000000003
513.3333333333333 -778.3333333333336
507.49999999999983 -772.5000000000005
516.6666666666665 -780.8333333333336
503.3333333333332 -766.666666666667
499.9999999999999 -763.3333333333338
496.6666666666665 -751.6666666666671
499.9999999999999 -763.3333333333338
513.3333333333333 -778.3333333333336
495.8333333333332 -750.8333333333337
514.9999999999999 -779.1666666666671
