514.9999999999999 -780.0000000000005
514.9999999999999 -780.0000000000005
503.33333333333314 -768.3333333333338
504.1666666666666 -770.8333333333337
499.1666666666666 -759.1666666666671
514.9999999999999 -780.0000000000005
514.9999999999999 -780.0000000000005
498.3333333333332 -755.8333333333338
515.8333333333333 -781.666666666667
506.6666666666665 -775.0000000000005
514.9999999999999 -780.0000000000005
514.9999999999999 -780.0000000000005
511.6666666666665 -778.3333333333337
513.3333333333333 -779.1666666666672
510.8333333333332 -777.5000000000005
502.49999999999983 -767.5000000000003
503.33333333333326 -770.0000000000005
499.9999999999999 -765.0000000000005
499.1666666666666 -759.1666666666671
494.9999999999999 -753.3333333333338
509.9999999999999 -776.6666666666671
505.8333333333332 -774.1666666666671
514.9999999999999 -780.0000000000005
497.49999999999983 -755.0000000000005
501.6666666666665 -765.8333333333337
502.49999999999983 -767.5000000000003
495.8333333333332 -754.1666666666671
499.1666666666666 -759.1666666666671
501.6666666666665 -765.8333333333337
514.9999999999999 -780.0000000000005
514.1666666666665 -780.0000000000003
509.9999999999999 -776.6666666666671
501.6666666666665 -765.8333333333337
503.33333333333314 -768.3333333333338
503.33333333333326 -770.0000000000005
504.9999999999999 -771.6666666666672
514.9999999999999 -780.0000000000005
498.33333333333326 -758.3333333333338
499.9999999999999 -765.0000000000005
503.33333333333314 -768.3333333333338
514.9999999999999 -780.0000000000005
495.8333333333332 -754.1666666666671
511.6666666666665 -778.3333333333337
499.9999999999999 -765.0000000000005
494.9999999999999 -753.3333333333338
501.6666666666665 -765.8333333333337
503.33333333333314 -768.3333333333338
501.6666666666665 -765.8333333333337
