503.33333333333314 -768.3333333333338
499.1666666666666 -759.1666666666671
515.8333333333333 -781.666666666667
506.6666666666665 -775.0000000000005
513.3333333333333 -779.1666666666672
503.33333333333326 -770.0000000000005
499.9999999999999 -765.0000000000005
499.1666666666666 -759.1666666666671
494.9999999999999 -753.3333333333338
505.8333333333332 -774.1666666666671
495.8333333333332 -754.1666666666671
499.1666666666666 -759.1666666666671
514.1666666666665 -780.0000000000003
503.33333333333314 -768.3333333333338
503.33333333333326 -770.0000000000005
504.9999999999999 -771.6666666666672
498.33333333333326 -758.3333333333338
499.9999999999999 -765.0000000000005
503.33333333333314 -768.3333333333338
495.8333333333332 -754.1666666666671
499.9999999999999 -765.0000000000005
494.9999999999999 -753.3333333333338
503.33333333333314 -768.3333333333338
495.8333333333332 -754.1666666666671
502.49999999999983 -767.5000000000005
501.6666666666665 -766.6666666666672
504.1666666666666 -770.8333333333338
497.49999999999983 -755.8333333333337
509.9999999999999 -778.3333333333338
503.33333333333314 -768.3333333333338
495.8333333333332 -754.1666666666671
499.9999999999999 -765.0000000000005
500.8333333333332 -765.8333333333337
499.1666666666666 -759.1666666666671
509.1666666666666 -775.8333333333337
499.1666666666666 -759.1666666666671
498.33333333333314 -756.6666666666671
514.9999999999999 -780.8333333333338
498.33333333333326 -758.3333333333338
494.9999999999999 -753.3333333333338
505.8333333333332 -774.1666666666671
499.1666666666666 -759.1666666666671
503.33333333333326 -770.0000000000005
515.8333333333333 -781.666666666667
514.1666666666665 -780.0000000000003
494.9999999999999 -753.3333333333338
517.4999999999999 -782.5000000000006
510.8333333333332 -779.1666666666671
495.8333333333332 -754.1666666666671
499.9999999999999 -765.0000000000005
503.33333333333314 -768.3333333333338
500.8333333333332 -765.8333333333337
498.33333333333326 -758.3333333333338
500.8333333333332 -765.8333333333337
494.9999999999999 -753.3333333333338
495.8333333333332 -754.1666666666671
514.1666666666665 -780.0000000000003
504.1666666666666 -770.8333333333338
