515.8333333333333 -783.3333333333337
494.9999999999999 -755.0000000000005
515.8333333333333 -783.3333333333337
494.9999999999999 -755.0000000000005
499.1666666666666 -760.8333333333338
499.9999999999999 -766.6666666666672
500.83333333333326 -768.3333333333338
513.3333333333333 -780.8333333333338
511.6666666666666 -780.8333333333337
503.33333333333326 -771.6666666666672
505.83333333333326 -775.0000000000005
503.33333333333314 -770.0000000000005
498.33333333333326 -760.0000000000005
502.49999999999983 -769.1666666666671
509.99999999999994 -779.1666666666672
504.1666666666666 -772.5000000000005
506.6666666666666 -775.8333333333338
500.8333333333332 -767.5000000000005
504.16666666666663 -773.3333333333338
499.1666666666666 -760.8333333333338
495.8333333333332 -755.8333333333338
514.1666666666665 -781.6666666666671
499.9999999999999 -766.6666666666672
506.6666666666666 -775.8333333333338
510.83333333333326 -780.0000000000005
495.8333333333332 -755.8333333333338
508.3333333333332 -776.6666666666672
508.33333333333326 -777.5000000000005
507.4999999999999 -776.6666666666671
510.83333333333326 -780.0000000000005
497.49999999999983 -757.5000000000005
514.1666666666665 -781.6666666666671
497.49999999999983 -757.5000000000005
505.8333333333332 -774.1666666666672
504.99999999999994 -774.1666666666671
498.3333333333332 -758.3333333333338
514.9999999999999 -782.5000000000003
511.6666666666666 -780.8333333333337
507.4999999999999 -776.6666666666671
504.99999999999994 -774.1666666666671
498.33333333333314 -758.3333333333337
496.6666666666665 -756.6666666666671
509.1666666666666 -778.3333333333337
509.9999999999999 -779.1666666666671
515.0 -782.5000000000005
513.3333333333333 -780.8333333333338
502.4999999999999 -769.1666666666672
509.16666666666663 -778.3333333333338
496.6666666666666 -756.6666666666672
498.33333333333326 -760.0000000000005
503.33333333333326 -771.6666666666672
515.0 -782.5000000000005
503.33333333333314 -770.0000000000005
514.9999999999999 -782.5000000000003
504.16666666666663 -773.3333333333338
508.33333333333326 -777.5000000000005
509.16666666666663 -778.3333333333338
502.4999999999999 -769.1666666666672
496.6666666666666 -756.6666666666672
500.8333333333332 -767.5000000000005
509.9999999999999 -779.1666666666671
498.33333333333314 -758.3333333333337
509.1666666666666 -778.3333333333337
496.6666666666665 -756.6666666666671
504.1666666666666 -772.5000000000005
502.49999999999983 -769.1666666666671
498.3333333333332 -758.3333333333338
505.8333333333332 -774.1666666666672
508.3333333333332 -776.6666666666672
515.8333333333333 -783.3333333333337
494.9999999999999 -755.0000000000005
499.1666666666666 -760.8333333333338
510.83333333333326 -780.0000000000005
509.9999999999999 -779.1666666666671
499.9999999999999 -766.6666666666672
495.8333333333332 -755.8333333333338
500.8333333333332 -767.5000000000005
514.1666666666665 -781.6666666666671
497.49999999999983 -757.5000000000005
511.6666666666666 -780.8333333333337
507.4999999999999 -776.6666666666671
504.99999999999994 -774.1666666666671
513.3333333333333 -780.8333333333338
498.33333333333326 -760.0000000000005
503.33333333333326 -771.6666666666672
515.0 -782.5000000000005
514.9999999999999 -782.5000000000003
503.33333333333314 -770.0000000000005
508.33333333333326 -777.5000000000005
509.16666666666663 -778.3333333333338
496.6666666666666 -756.6666666666672
502.4999999999999 -769.1666666666672
509.1666666666666 -778.3333333333337
498.33333333333314 -758.3333333333337
504.1666666666666 -772.5000000000005
496.6666666666665 -756.6666666666671
502.49999999999983 -769.1666666666671
508.3333333333332 -776.6666666666672
505.8333333333332 -774.1666666666672
498.3333333333332 -758.3333333333338
494.9999999999999 -755.0000000000005
515.8333333333333 -783.3333333333337
499.1666666666666 -760.8333333333338
510.83333333333326 -780.0000000000005
509.9999999999999 -779.1666666666671
499.9999999999999 -766.6666666666672
495.8333333333332 -755.8333333333338
500.8333333333332 -767.5000000000005
514.1666666666665 -781.6666666666671
497.49999999999983 -757.5000000000005
511.6666666666666 -780.8333333333337
507.4999999999999 -776.6666666666671
504.99999999999994 -774.1666666666671
513.3333333333333 -780.8333333333338
498.33333333333326 -760.0000000000005
503.33333333333326 -771.6666666666672
515.0 -782.5000000000005
514.9999999999999 -782.5000000000003
503.33333333333314 -770.0000000000005
508.33333333333326 -777.5000000000005
509.16666666666663 -778.3333333333338
502.4999999999999 -769.1666666666672
496.6666666666666 -756.6666666666672
496.6666666666665 -756.6666666666671
509.1666666666666 -778.3333333333337
498.33333333333314 -758.3333333333337
504.1666666666666 -772.5000000000005
502.49999999999983 -769.1666666666671
508.3333333333332 -776.6666666666672
498.3333333333332 -758.3333333333338
505.8333333333332 -774.1666666666672
515.8333333333333 -783.3333333333337
494.9999999999999 -755.0000000000005
499.1666666666666 -760.8333333333338
510.83333333333326 -780.0000000000005
499.9999999999999 -766.6666666666672
495.8333333333332 -755.8333333333338
500.8333333333332 -767.5000000000005
514.1666666666665 -781.6666666666671
497.49999999999983 -757.5000000000005
511.6666666666666 -780.8333333333337
507.4999999999999 -776.6666666666671
513.3333333333333 -780.8333333333338
498.33333333333326 -760.0000000000005
503.33333333333326 -771.6666666666672
503.33333333333314 -770.0000000000005
514.9999999999999 -782.5000000000003
502.4999999999999 -769.1666666666672
496.6666666666666 -756.6666666666672
498.33333333333314 -758.3333333333337
502.49999999999983 -769.1666666666671
509.1666666666666 -778.3333333333337
504.1666666666666 -772.5000000000005
496.6666666666665 -756.6666666666671
508.3333333333332 -776.6666666666672
505.8333333333332 -774.1666666666672
498.3333333333332 -758.3333333333338
515.8333333333333 -783.3333333333337
494.9999999999999 -755.0000000000005
499.1666666666666 -760.8333333333338
510.83333333333326 -780.0000000000005
499.9999999999999 -766.6666666666672
495.8333333333332 -755.8333333333338
500.8333333333332 -767.5000000000005
504.1666666666666 -772.5000000000005
514.1666666666665 -781.6666666666671
497.49999999999983 -757.5000000000005
511.6666666666666 -780.8333333333337
513.3333333333333 -780.8333333333338
498.33333333333326 -760.0000000000005
503.33333333333326 -771.6666666666672
514.9999999999999 -782.5000000000003
503.33333333333314 -770.0000000000005
496.6666666666666 -756.6666666666672
502.4999999999999 -769.1666666666672
509.1666666666666 -778.3333333333337
496.6666666666665 -756.6666666666671
498.33333333333314 -758.3333333333337
502.49999999999983 -769.1666666666671
508.3333333333332 -776.6666666666672
505.8333333333332 -774.1666666666672
498.3333333333332 -758.3333333333338
515.8333333333333 -783.3333333333337
494.9999999999999 -755.0000000000005
499.1666666666666 -760.8333333333338
510.83333333333326 -780.0000000000005
499.9999999999999 -766.6666666666672
495.8333333333332 -755.8333333333338
500.8333333333332 -767.5000000000005
504.1666666666666 -772.5000000000005
514.1666666666665 -781.6666666666671
497.49999999999983 -757.5000000000005
511.6666666666666 -780.8333333333337
513.3333333333333 -780.8333333333338
498.33333333333326 -760.0000000000005
503.33333333333326 -771.6666666666672
514.9999999999999 -782.5000000000003
502.4999999999999 -769.1666666666672
496.6666666666666 -756.6666666666672
509.1666666666666 -778.3333333333337
