494.9999999999999 -755.0000000000005
514.1666666666665 -784.1666666666671
494.9999999999999 -755.0000000000005
510.83333333333326 -780.8333333333338
512.5 -782.5000000000006
499.9999999999999 -766.6666666666672
496.6666666666666 -757.5000000000005
502.4999999999999 -770.8333333333338
499.16666666666663 -761.6666666666671
506.6666666666666 -776.6666666666672
509.1666666666666 -779.1666666666671
508.33333333333326 -778.3333333333338
501.6666666666666 -769.1666666666671
509.99999999999994 -779.1666666666672
506.6666666666666 -776.6666666666672
508.33333333333326 -778.3333333333338
498.33333333333326 -760.0000000000005
498.33333333333314 -758.3333333333337
504.1666666666666 -772.5000000000005
500.8333333333332 -767.5000000000005
500.83333333333326 -768.3333333333338
504.16666666666663 -773.3333333333338
503.33333333333326 -771.6666666666672
503.33333333333326 -771.6666666666672
495.8333333333332 -755.8333333333338
499.1666666666666 -760.8333333333338
495.83333333333326 -756.6666666666671
505.83333333333326 -775.0000000000005
501.6666666666666 -769.1666666666671
499.9999999999999 -766.6666666666672
513.3333333333333 -783.3333333333338
505.8333333333332 -774.1666666666672
513.3333333333333 -783.3333333333338
499.16666666666663 -761.6666666666671
504.99999999999994 -774.1666666666671
505.83333333333326 -775.0000000000005
498.3333333333332 -758.3333333333338
504.99999999999994 -774.1666666666671
509.99999999999994 -779.1666666666672
498.33333333333326 -760.0000000000005
495.83333333333326 -756.6666666666671
495.8333333333332 -755.8333333333338
499.1666666666666 -760.8333333333338
504.16666666666663 -773.3333333333338
500.83333333333326 -768.3333333333338
498.33333333333314 -758.3333333333337
504.1666666666666 -772.5000000000005
500.8333333333332 -767.5000000000005
498.3333333333332 -758.3333333333338
505.8333333333332 -774.1666666666672
494.9999999999999 -755.0000000000005
506.6666666666666 -776.6666666666672
508.33333333333326 -778.3333333333338
503.33333333333326 -771.6666666666672
501.6666666666666 -769.1666666666671
499.9999999999999 -766.6666666666672
499.16666666666663 -761.6666666666671
505.83333333333326 -775.0000000000005
504.99999999999994 -774.1666666666671
509.99999999999994 -779.1666666666672
498.33333333333326 -760.0000000000005
495.83333333333326 -756.6666666666671
499.1666666666666 -760.8333333333338
495.8333333333332 -755.8333333333338
504.16666666666663 -773.3333333333338
500.83333333333326 -768.3333333333338
498.33333333333314 -758.3333333333337
500.8333333333332 -767.5000000000005
504.1666666666666 -772.5000000000005
498.3333333333332 -758.3333333333338
505.8333333333332 -774.1666666666672
494.9999999999999 -755.0000000000005
508.33333333333326 -778.3333333333338
503.33333333333326 -771.6666666666672
499.9999999999999 -766.6666666666672
499.16666666666663 -761.6666666666671
505.83333333333326 -775.0000000000005
501.6666666666666 -769.1666666666671
504.99999999999994 -774.1666666666671
509.99999999999994 -779.1666666666672
498.33333333333326 -760.0000000000005
495.83333333333326 -756.6666666666671
495.8333333333332 -755.8333333333338
499.1666666666666 -760.8333333333338
504.16666666666663 -773.3333333333338
500.83333333333326 -768.3333333333338
498.33333333333314 -758.3333333333337
500.8333333333332 -767.5000000000005
504.1666666666666 -772.5000000000005
498.3333333333332 -758.3333333333338
505.8333333333332 -774.1666666666672
494.9999999999999 -755.0000000000005
503.33333333333326 -771.6666666666672
508.33333333333326 -778.3333333333338
499.9999999999999 -766.6666666666672
499.16666666666663 -761.6666666666671
501.6666666666666 -769.1666666666671
504.99999999999994 -774.1666666666671
509.99999999999994 -779.1666666666672
498.33333333333326 -760.0000000000005
505.83333333333326 -775.0000000000005
499.1666666666666 -760.8333333333338
495.8333333333332 -755.8333333333338
500.83333333333326 -768.3333333333338
504.16666666666663 -773.3333333333338
498.33333333333314 -758.3333333333337
500.8333333333332 -767.5000000000005
504.1666666666666 -772.5000000000005
498.3333333333332 -758.3333333333338
505.8333333333332 -774.1666666666672
494.9999999999999 -755.0000000000005
503.33333333333326 -771.6666666666672
499.9999999999999 -766.6666666666672
499.16666666666663 -761.6666666666671
504.99999999999994 -774.1666666666671
509.99999999999994 -779.1666666666672
498.33333333333326 -760.0000000000005
505.83333333333326 -775.0000000000005
495.8333333333332 -755.8333333333338
499.1666666666666 -760.8333333333338
500.83333333333326 -768.3333333333338
504.16666666666663 -773.3333333333338
500.8333333333332 -767.5000000000005
498.33333333333314 -758.3333333333337
504.1666666666666 -772.5000000000005
498.3333333333332 -758.3333333333338
505.8333333333332 -774.1666666666672
494.9999999999999 -755.0000000000005
503.33333333333326 -771.6666666666672
499.9999999999999 -766.6666666666672
499.16666666666663 -761.6666666666671
504.99999999999994 -774.1666666666671
509.99999999999994 -779.1666666666672
498.33333333333326 -760.0000000000005
505.83333333333326 -775.0000000000005
499.1666666666666 -760.8333333333338
495.8333333333332 -755.8333333333338
500.83333333333326 -768.3333333333338
504.16666666666663 -773.3333333333338
498.33333333333314 -758.3333333333337
504.1666666666666 -772.5000000000005
500.8333333333332 -767.5000000000005
498.3333333333332 -758.3333333333338
505.8333333333332 -774.1666666666672
494.9999999999999 -755.0000000000005
503.33333333333326 -771.6666666666672
499.9999999999999 -766.6666666666672
499.16666666666663 -761.6666666666671
504.99999999999994 -774.1666666666671
509.99999999999994 -779.1666666666672
498.33333333333326 -760.0000000000005
505.83333333333326 -775.0000000000005
495.8333333333332 -755.8333333333338
499.1666666666666 -760.8333333333338
500.83333333333326 -768.3333333333338
504.16666666666663 -773.3333333333338
498.33333333333314 -758.3333333333337
504.1666666666666 -772.5000000000005
500.8333333333332 -767.5000000000005
498.3333333333332 -758.3333333333338
505.8333333333332 -774.1666666666672
494.9999999999999 -755.0000000000005
503.33333333333326 -771.6666666666672
499.9999999999999 -766.6666666666672
499.16666666666663 -761.6666666666671
504.99999999999994 -774.1666666666671
498.33333333333326 -760.0000000000005
505.83333333333326 -775.0000000000005
495.8333333333332 -755.8333333333338
499.1666666666666 -760.8333333333338
500.83333333333326 -768.3333333333338
504.16666666666663 -773.3333333333338
509.99999999999994 -779.1666666666672
498.33333333333314 -758.3333333333337
504.1666666666666 -772.5000000000005
500.8333333333332 -767.5000000000005
505.8333333333332 -774.1666666666672
494.9999999999999 -755.0000000000005
503.33333333333326 -771.6666666666672
499.9999999999999 -766.6666666666672
499.16666666666663 -761.6666666666671
504.99999999999994 -774.1666666666671
498.33333333333326 -760.0000000000005
505.83333333333326 -775.0000000000005
499.1666666666666 -760.8333333333338
495.8333333333332 -755.8333333333338
500.83333333333326 -768.3333333333338
504.16666666666663 -773.3333333333338
498.33333333333314 -758.3333333333337
504.1666666666666 -772.5000000000005
500.8333333333332 -767.5000000000005
505.8333333333332 -774.1666666666672
494.9999999999999 -755.0000000000005
503.33333333333326 -771.6666666666672
499.9999999999999 -766.6666666666672
499.16666666666663 -761.6666666666671
504.99999999999994 -774.1666666666671
498.33333333333326 -760.0000000000005
505.83333333333326 -775.0000000000005
499.1666666666666 -760.8333333333338
