494.9999999999999 -755.0000000000005
514.1666666666665 -784.1666666666671
514.1666666666665 -784.1666666666671
494.9999999999999 -755.0000000000005
499.9999999999999 -766.6666666666672
495.83333333333326 -757.5000000000005
499.16666666666663 -761.6666666666671
500.83333333333326 -769.1666666666672
502.4999999999999 -770.8333333333338
500.8333333333332 -767.5000000000005
495.8333333333332 -755.8333333333338
502.4999999999999 -770.8333333333338
504.99999999999994 -775.0000000000005
497.4999999999999 -759.1666666666671
509.99999999999994 -780.0000000000006
509.1666666666666 -779.1666666666672
504.99999999999994 -775.0000000000005
504.16666666666663 -773.3333333333338
505.8333333333332 -775.8333333333338
511.6666666666666 -781.6666666666672
497.49999999999994 -759.1666666666672
511.6666666666666 -781.6666666666672
499.1666666666666 -760.8333333333338
510.8333333333332 -780.8333333333338
498.3333333333332 -760.0000000000005
498.3333333333332 -760.0000000000005
510.8333333333332 -780.8333333333338
504.1666666666665 -772.5000000000005
507.4999999999999 -777.5000000000005
507.4999999999999 -777.5000000000005
499.9999999999999 -766.6666666666672
505.8333333333332 -775.8333333333338
513.3333333333333 -783.3333333333338
513.3333333333333 -783.3333333333338
499.16666666666663 -761.6666666666671
504.16666666666663 -773.3333333333338
500.83333333333326 -769.1666666666672
497.4999999999999 -759.1666666666671
509.9999999999999 -780.0000000000003
509.1666666666665 -779.166666666667
512.4999999999999 -782.5000000000005
508.3333333333332 -778.3333333333337
506.6666666666665 -776.6666666666671
503.3333333333332 -771.6666666666671
506.6666666666666 -776.6666666666672
508.33333333333326 -778.3333333333338
512.5 -782.5000000000006
503.33333333333326 -771.6666666666672
499.1666666666666 -760.8333333333338
495.8333333333332 -755.8333333333338
512.5 -782.5000000000006
504.1666666666665 -772.5000000000005
512.4999999999999 -782.5000000000005
506.6666666666666 -776.6666666666672
503.33333333333326 -771.6666666666672
500.8333333333332 -767.5000000000005
503.3333333333332 -771.6666666666671
508.3333333333332 -778.3333333333337
506.6666666666665 -776.6666666666671
508.33333333333326 -778.3333333333338
509.1666666666665 -779.166666666667
509.9999999999999 -780.0000000000003
514.1666666666665 -784.1666666666671
494.9999999999999 -755.0000000000005
497.4999999999999 -759.1666666666671
502.4999999999999 -770.8333333333338
504.99999999999994 -775.0000000000005
498.3333333333332 -760.0000000000005
511.6666666666666 -781.6666666666672
510.8333333333332 -780.8333333333338
507.4999999999999 -777.5000000000005
499.9999999999999 -766.6666666666672
505.8333333333332 -775.8333333333338
499.16666666666663 -761.6666666666671
513.3333333333333 -783.3333333333338
504.16666666666663 -773.3333333333338
500.83333333333326 -769.1666666666672
495.8333333333332 -755.8333333333338
499.1666666666666 -760.8333333333338
512.5 -782.5000000000006
512.4999999999999 -782.5000000000005
504.1666666666665 -772.5000000000005
506.6666666666666 -776.6666666666672
503.33333333333326 -771.6666666666672
503.3333333333332 -771.6666666666671
508.3333333333332 -778.3333333333337
500.8333333333332 -767.5000000000005
506.6666666666665 -776.6666666666671
508.33333333333326 -778.3333333333338
509.9999999999999 -780.0000000000003
509.1666666666665 -779.166666666667
514.1666666666665 -784.1666666666671
494.9999999999999 -755.0000000000005
497.4999999999999 -759.1666666666671
502.4999999999999 -770.8333333333338
498.3333333333332 -760.0000000000005
511.6666666666666 -781.6666666666672
510.8333333333332 -780.8333333333338
507.4999999999999 -777.5000000000005
499.9999999999999 -766.6666666666672
505.8333333333332 -775.8333333333338
499.16666666666663 -761.6666666666671
513.3333333333333 -783.3333333333338
504.16666666666663 -773.3333333333338
495.8333333333332 -755.8333333333338
499.1666666666666 -760.8333333333338
512.5 -782.5000000000006
512.4999999999999 -782.5000000000005
506.6666666666666 -776.6666666666672
503.33333333333326 -771.6666666666672
503.3333333333332 -771.6666666666671
506.6666666666665 -776.6666666666671
500.8333333333332 -767.5000000000005
508.3333333333332 -778.3333333333337
508.33333333333326 -778.3333333333338
509.1666666666665 -779.166666666667
509.9999999999999 -780.0000000000003
514.1666666666665 -784.1666666666671
494.9999999999999 -755.0000000000005
502.4999999999999 -770.8333333333338
511.6666666666666 -781.6666666666672
510.8333333333332 -780.8333333333338
507.4999999999999 -777.5000000000005
499.9999999999999 -766.6666666666672
505.8333333333332 -775.8333333333338
513.3333333333333 -783.3333333333338
499.16666666666663 -761.6666666666671
504.16666666666663 -773.3333333333338
495.8333333333332 -755.8333333333338
499.1666666666666 -760.8333333333338
512.5 -782.5000000000006
512.4999999999999 -782.5000000000005
506.6666666666666 -776.6666666666672
503.33333333333326 -771.6666666666672
508.3333333333332 -778.3333333333337
503.3333333333332 -771.6666666666671
500.8333333333332 -767.5000000000005
506.6666666666665 -776.6666666666671
508.33333333333326 -778.3333333333338
509.1666666666665 -779.166666666667
509.9999999999999 -780.0000000000003
514.1666666666665 -784.1666666666671
494.9999999999999 -755.0000000000005
511.6666666666666 -781.6666666666672
510.8333333333332 -780.8333333333338
502.4999999999999 -770.8333333333338
507.4999999999999 -777.5000000000005
499.9999999999999 -766.6666666666672
505.8333333333332 -775.8333333333338
499.16666666666663 -761.6666666666671
513.3333333333333 -783.3333333333338
495.8333333333332 -755.8333333333338
499.1666666666666 -760.8333333333338
504.16666666666663 -773.3333333333338
512.5 -782.5000000000006
512.4999999999999 -782.5000000000005
506.6666666666666 -776.6666666666672
503.33333333333326 -771.6666666666672
503.3333333333332 -771.6666666666671
500.8333333333332 -767.5000000000005
508.3333333333332 -778.3333333333337
506.6666666666665 -776.6666666666671
508.33333333333326 -778.3333333333338
509.1666666666665 -779.166666666667
509.9999999999999 -780.0000000000003
514.1666666666665 -784.1666666666671
494.9999999999999 -755.0000000000005
511.6666666666666 -781.6666666666672
502.4999999999999 -770.8333333333338
507.4999999999999 -777.5000000000005
499.9999999999999 -766.6666666666672
505.8333333333332 -775.8333333333338
499.16666666666663 -761.6666666666671
513.3333333333333 -783.3333333333338
499.1666666666666 -760.8333333333338
495.8333333333332 -755.8333333333338
504.16666666666663 -773.3333333333338
512.5 -782.5000000000006
506.6666666666666 -776.6666666666672
503.33333333333326 -771.6666666666672
508.3333333333332 -778.3333333333337
506.6666666666665 -776.6666666666671
503.3333333333332 -771.6666666666671
500.8333333333332 -767.5000000000005
508.33333333333326 -778.3333333333338
509.1666666666665 -779.166666666667
509.9999999999999 -780.0000000000003
514.1666666666665 -784.1666666666671
494.9999999999999 -755.0000000000005
502.4999999999999 -770.8333333333338
511.6666666666666 -781.6666666666672
507.4999999999999 -777.5000000000005
499.9999999999999 -766.6666666666672
505.8333333333332 -775.8333333333338
499.16666666666663 -761.6666666666671
513.3333333333333 -783.3333333333338
499.1666666666666 -760.8333333333338
495.8333333333332 -755.8333333333338
504.16666666666663 -773.3333333333338
512.5 -782.5000000000006
