515.8333333333333 -790.0000000000005
494.9999999999999 -760.0000000000005
494.9999999999999 -760.0000000000005
515.8333333333333 -790.0000000000005
499.9999999999999 -770.8333333333338
499.16666666666663 -767.5000000000005
495.8333333333332 -760.8333333333338
500.8333333333332 -771.6666666666672
504.1666666666665 -776.6666666666672
499.1666666666665 -765.8333333333338
495.83333333333326 -762.5000000000005
500.83333333333326 -773.3333333333338
499.16666666666663 -767.5000000000005
504.16666666666663 -778.3333333333338
496.6666666666666 -763.3333333333338
501.6666666666666 -774.1666666666672
507.4999999999999 -781.6666666666672
507.4999999999999 -781.6666666666672
506.6666666666665 -780.8333333333338
514.1666666666665 -788.3333333333338
499.9999999999999 -770.8333333333338
506.6666666666665 -780.8333333333338
503.3333333333332 -775.8333333333338
498.3333333333332 -765.0000000000005
496.6666666666666 -763.3333333333338
501.6666666666666 -774.1666666666672
498.3333333333332 -765.0000000000005
503.3333333333332 -775.8333333333338
514.1666666666665 -788.3333333333338
513.3333333333333 -787.5000000000006
513.3333333333333 -787.5000000000006
511.6666666666666 -785.8333333333339
514.9999999999999 -789.1666666666671
504.9999999999999 -779.166666666667
511.6666666666665 -785.8333333333337
504.99999999999994 -779.1666666666672
509.9999999999999 -784.1666666666672
497.4999999999999 -764.1666666666671
508.3333333333332 -782.5000000000005
502.4999999999999 -775.0000000000005
512.4999999999999 -786.6666666666672
509.1666666666666 -783.3333333333339
509.1666666666665 -783.3333333333338
510.8333333333332 -785.0000000000005
505.8333333333332 -780.0000000000005
497.49999999999994 -764.1666666666672
515.0 -789.1666666666672
502.49999999999994 -775.0000000000006
505.83333333333326 -780.0000000000006
509.99999999999994 -784.1666666666673
508.33333333333326 -782.5000000000006
512.5 -786.6666666666673
510.83333333333326 -785.0000000000006
504.1666666666665 -776.6666666666672
499.1666666666665 -765.8333333333338
495.83333333333326 -762.5000000000005
500.83333333333326 -773.3333333333338
495.8333333333332 -760.8333333333338
500.8333333333332 -771.6666666666672
515.0 -789.1666666666672
512.5 -786.6666666666673
512.4999999999999 -786.6666666666672
514.9999999999999 -789.1666666666671
511.6666666666666 -785.8333333333339
504.99999999999994 -779.1666666666672
509.1666666666666 -783.3333333333339
497.49999999999994 -764.1666666666672
505.83333333333326 -780.0000000000006
508.33333333333326 -782.5000000000006
502.49999999999994 -775.0000000000006
497.4999999999999 -764.1666666666671
509.1666666666665 -783.3333333333338
509.9999999999999 -784.1666666666672
505.8333333333332 -780.0000000000005
502.4999999999999 -775.0000000000005
508.3333333333332 -782.5000000000005
504.16666666666663 -778.3333333333338
509.99999999999994 -784.1666666666673
510.83333333333326 -785.0000000000006
504.9999999999999 -779.166666666667
511.6666666666665 -785.8333333333337
510.8333333333332 -785.0000000000005
494.9999999999999 -760.0000000000005
515.8333333333333 -790.0000000000005
499.16666666666663 -767.5000000000005
507.4999999999999 -781.6666666666672
499.9999999999999 -770.8333333333338
506.6666666666665 -780.8333333333338
501.6666666666666 -774.1666666666672
496.6666666666666 -763.3333333333338
498.3333333333332 -765.0000000000005
503.3333333333332 -775.8333333333338
514.1666666666665 -788.3333333333338
513.3333333333333 -787.5000000000006
499.1666666666665 -765.8333333333338
504.1666666666665 -776.6666666666672
495.83333333333326 -762.5000000000005
500.83333333333326 -773.3333333333338
495.8333333333332 -760.8333333333338
500.8333333333332 -771.6666666666672
515.0 -789.1666666666672
512.5 -786.6666666666673
514.9999999999999 -789.1666666666671
512.4999999999999 -786.6666666666672
511.6666666666666 -785.8333333333339
504.99999999999994 -779.1666666666672
509.1666666666666 -783.3333333333339
502.49999999999994 -775.0000000000006
505.83333333333326 -780.0000000000006
508.33333333333326 -782.5000000000006
497.49999999999994 -764.1666666666672
497.4999999999999 -764.1666666666671
509.1666666666665 -783.3333333333338
509.9999999999999 -784.1666666666672
508.3333333333332 -782.5000000000005
502.4999999999999 -775.0000000000005
505.8333333333332 -780.0000000000005
504.16666666666663 -778.3333333333338
509.99999999999994 -784.1666666666673
510.83333333333326 -785.0000000000006
504.9999999999999 -779.166666666667
511.6666666666665 -785.8333333333337
510.8333333333332 -785.0000000000005
494.9999999999999 -760.0000000000005
515.8333333333333 -790.0000000000005
499.16666666666663 -767.5000000000005
507.4999999999999 -781.6666666666672
499.9999999999999 -770.8333333333338
506.6666666666665 -780.8333333333338
496.6666666666666 -763.3333333333338
501.6666666666666 -774.1666666666672
503.3333333333332 -775.8333333333338
498.3333333333332 -765.0000000000005
514.1666666666665 -788.3333333333338
513.3333333333333 -787.5000000000006
499.1666666666665 -765.8333333333338
504.1666666666665 -776.6666666666672
495.83333333333326 -762.5000000000005
500.83333333333326 -773.3333333333338
495.8333333333332 -760.8333333333338
500.8333333333332 -771.6666666666672
515.0 -789.1666666666672
512.5 -786.6666666666673
514.9999999999999 -789.1666666666671
512.4999999999999 -786.6666666666672
511.6666666666666 -785.8333333333339
504.99999999999994 -779.1666666666672
509.1666666666666 -783.3333333333339
497.49999999999994 -764.1666666666672
505.83333333333326 -780.0000000000006
508.33333333333326 -782.5000000000006
502.49999999999994 -775.0000000000006
497.4999999999999 -764.1666666666671
505.8333333333332 -780.0000000000005
509.1666666666665 -783.3333333333338
502.4999999999999 -775.0000000000005
509.9999999999999 -784.1666666666672
508.3333333333332 -782.5000000000005
504.16666666666663 -778.3333333333338
509.99999999999994 -784.1666666666673
510.83333333333326 -785.0000000000006
511.6666666666665 -785.8333333333337
504.9999999999999 -779.166666666667
510.8333333333332 -785.0000000000005
494.9999999999999 -760.0000000000005
515.8333333333333 -790.0000000000005
499.16666666666663 -767.5000000000005
507.4999999999999 -781.6666666666672
499.9999999999999 -770.8333333333338
506.6666666666665 -780.8333333333338
496.6666666666666 -763.3333333333338
501.6666666666666 -774.1666666666672
498.3333333333332 -765.0000000000005
503.3333333333332 -775.8333333333338
514.1666666666665 -788.3333333333338
513.3333333333333 -787.5000000000006
499.1666666666665 -765.8333333333338
504.1666666666665 -776.6666666666672
495.83333333333326 -762.5000000000005
500.83333333333326 -773.3333333333338
495.8333333333332 -760.8333333333338
500.8333333333332 -771.6666666666672
512.5 -786.6666666666673
515.0 -789.1666666666672
512.4999999999999 -786.6666666666672
514.9999999999999 -789.1666666666671
511.6666666666666 -785.8333333333339
504.99999999999994 -779.1666666666672
509.1666666666666 -783.3333333333339
497.49999999999994 -764.1666666666672
505.83333333333326 -780.0000000000006
508.33333333333326 -782.5000000000006
502.49999999999994 -775.0000000000006
509.1666666666665 -783.3333333333338
505.8333333333332 -780.0000000000005
497.4999999999999 -764.1666666666671
502.4999999999999 -775.0000000000005
508.3333333333332 -782.5000000000005
509.9999999999999 -784.1666666666672
504.16666666666663 -778.3333333333338
