494.9999999999999 -760.0000000000005
514.1666666666665 -792.5000000000003
494.9999999999999 -760.0000000000005
511.6666666666666 -790.0000000000003
506.6666666666666 -785.0000000000005
504.99999999999994 -783.3333333333337
504.1666666666665 -776.6666666666672
513.3333333333333 -790.0000000000005
499.9999999999999 -770.8333333333338
504.16666666666663 -780.0000000000003
502.49999999999994 -776.6666666666671
500.8333333333332 -773.3333333333337
510.83333333333326 -787.5000000000005
499.9999999999999 -770.8333333333338
509.1666666666665 -785.8333333333338
507.4999999999999 -785.8333333333337
499.16666666666663 -767.5000000000005
504.9999999999999 -781.666666666667
495.8333333333332 -760.8333333333338
499.1666666666665 -765.8333333333338
502.4999999999999 -775.0000000000005
495.83333333333326 -762.5000000000005
504.99999999999983 -780.0000000000005
499.16666666666663 -767.5000000000005
509.9999999999999 -786.6666666666671
510.83333333333326 -787.5000000000005
501.6666666666666 -774.1666666666672
496.6666666666666 -763.3333333333338
509.9999999999999 -786.6666666666671
498.3333333333332 -765.0000000000005
496.6666666666666 -763.3333333333338
501.6666666666666 -774.1666666666672
498.3333333333332 -765.0000000000005
509.1666666666665 -785.8333333333338
507.4999999999999 -785.8333333333337
497.4999999999999 -764.1666666666671
500.83333333333326 -773.3333333333338
513.3333333333333 -790.0000000000005
497.49999999999994 -764.1666666666672
499.1666666666665 -765.8333333333338
495.83333333333326 -762.5000000000005
500.83333333333326 -773.3333333333338
495.8333333333332 -760.8333333333338
497.49999999999994 -764.1666666666672
502.4999999999999 -775.0000000000005
497.4999999999999 -764.1666666666671
504.1666666666665 -776.6666666666672
494.9999999999999 -760.0000000000005
499.9999999999999 -770.8333333333338
499.16666666666663 -767.5000000000005
510.83333333333326 -787.5000000000005
509.9999999999999 -786.6666666666671
496.6666666666666 -763.3333333333338
501.6666666666666 -774.1666666666672
498.3333333333332 -765.0000000000005
509.1666666666665 -785.8333333333338
507.4999999999999 -785.8333333333337
513.3333333333333 -790.0000000000005
499.1666666666665 -765.8333333333338
504.1666666666665 -776.6666666666672
495.83333333333326 -762.5000000000005
500.83333333333326 -773.3333333333338
495.8333333333332 -760.8333333333338
497.49999999999994 -764.1666666666672
497.4999999999999 -764.1666666666671
502.4999999999999 -775.0000000000005
494.9999999999999 -760.0000000000005
499.9999999999999 -770.8333333333338
499.16666666666663 -767.5000000000005
509.9999999999999 -786.6666666666671
496.6666666666666 -763.3333333333338
501.6666666666666 -774.1666666666672
498.3333333333332 -765.0000000000005
509.1666666666665 -785.8333333333338
513.3333333333333 -790.0000000000005
499.1666666666665 -765.8333333333338
504.1666666666665 -776.6666666666672
500.83333333333326 -773.3333333333338
495.83333333333326 -762.5000000000005
495.8333333333332 -760.8333333333338
497.49999999999994 -764.1666666666672
502.4999999999999 -775.0000000000005
497.4999999999999 -764.1666666666671
494.9999999999999 -760.0000000000005
499.16666666666663 -767.5000000000005
509.9999999999999 -786.6666666666671
499.9999999999999 -770.8333333333338
513.3333333333333 -790.0000000000005
496.6666666666666 -763.3333333333338
501.6666666666666 -774.1666666666672
498.3333333333332 -765.0000000000005
509.1666666666665 -785.8333333333338
499.1666666666665 -765.8333333333338
504.1666666666665 -776.6666666666672
500.83333333333326 -773.3333333333338
495.83333333333326 -762.5000000000005
495.8333333333332 -760.8333333333338
497.49999999999994 -764.1666666666672
497.4999999999999 -764.1666666666671
502.4999999999999 -775.0000000000005
494.9999999999999 -760.0000000000005
499.16666666666663 -767.5000000000005
509.9999999999999 -786.6666666666671
499.9999999999999 -770.8333333333338
513.3333333333333 -790.0000000000005
496.6666666666666 -763.3333333333338
501.6666666666666 -774.1666666666672
498.3333333333332 -765.0000000000005
509.1666666666665 -785.8333333333338
504.1666666666665 -776.6666666666672
499.1666666666665 -765.8333333333338
495.83333333333326 -762.5000000000005
500.83333333333326 -773.3333333333338
495.8333333333332 -760.8333333333338
497.49999999999994 -764.1666666666672
497.4999999999999 -764.1666666666671
502.4999999999999 -775.0000000000005
494.9999999999999 -760.0000000000005
499.16666666666663 -767.5000000000005
509.9999999999999 -786.6666666666671
499.9999999999999 -770.8333333333338
513.3333333333333 -790.0000000000005
496.6666666666666 -763.3333333333338
501.6666666666666 -774.1666666666672
498.3333333333332 -765.0000000000005
509.1666666666665 -785.8333333333338
499.1666666666665 -765.8333333333338
504.1666666666665 -776.6666666666672
495.83333333333326 -762.5000000000005
500.83333333333326 -773.3333333333338
495.8333333333332 -760.8333333333338
497.49999999999994 -764.1666666666672
497.4999999999999 -764.1666666666671
502.4999999999999 -775.0000000000005
494.9999999999999 -760.0000000000005
513.3333333333333 -790.0000000000005
499.16666666666663 -767.5000000000005
499.9999999999999 -770.8333333333338
496.6666666666666 -763.3333333333338
501.6666666666666 -774.1666666666672
498.3333333333332 -765.0000000000005
509.1666666666665 -785.8333333333338
499.1666666666665 -765.8333333333338
504.1666666666665 -776.6666666666672
500.83333333333326 -773.3333333333338
495.83333333333326 -762.5000000000005
495.8333333333332 -760.8333333333338
497.49999999999994 -764.1666666666672
497.4999999999999 -764.1666666666671
502.4999999999999 -775.0000000000005
494.9999999999999 -760.0000000000005
513.3333333333333 -790.0000000000005
499.16666666666663 -767.5000000000005
509.1666666666665 -785.8333333333338
499.9999999999999 -770.8333333333338
501.6666666666666 -774.1666666666672
496.6666666666666 -763.3333333333338
504.1666666666665 -776.6666666666672
499.1666666666665 -765.8333333333338
495.83333333333326 -762.5000000000005
500.83333333333326 -773.3333333333338
495.8333333333332 -760.8333333333338
497.49999999999994 -764.1666666666672
502.4999999999999 -775.0000000000005
497.4999999999999 -764.1666666666671
494.9999999999999 -760.0000000000005
499.16666666666663 -767.5000000000005
509.1666666666665 -785.8333333333338
499.9999999999999 -770.8333333333338
496.6666666666666 -763.3333333333338
501.6666666666666 -774.1666666666672
499.1666666666665 -765.8333333333338
504.1666666666665 -776.6666666666672
495.83333333333326 -762.5000000000005
500.83333333333326 -773.3333333333338
495.8333333333332 -760.8333333333338
497.49999999999994 -764.1666666666672
497.4999999999999 -764.1666666666671
502.4999999999999 -775.0000000000005
494.9999999999999 -760.0000000000005
499.16666666666663 -767.5000000000005
509.1666666666665 -785.8333333333338
499.9999999999999 -770.8333333333338
501.6666666666666 -774.1666666666672
496.6666666666666 -763.3333333333338
504.1666666666665 -776.6666666666672
500.83333333333326 -773.3333333333338
495.8333333333332 -760.8333333333338
497.49999999999994 -764.1666666666672
513.3333333333333 -790.0000000000005
509.1666666666665 -785.8333333333338
497.49999999999994 -764.1666666666672
509.1666666666665 -785.8333333333338
495.83333333333326 -762.5000000000005
502.4999999999999 -775.0000000000005
497.4999999999999 -764.1666666666671
500.83333333333326 -773.3333333333338
494.9999999999999 -760.0000000000005
501.6666666666666 -774.1666666666672
501.6666666666666 -774.1666666666672
