514.1666666666665 -792.5000000000003
494.9999999999999 -761.6666666666671
514.1666666666665 -792.5000000000003
499.16666666666663 -771.6666666666671
500.8333333333332 -773.3333333333337
500.83333333333326 -777.5000000000005
497.4999999999999 -768.3333333333337
495.83333333333326 -764.166666666667
497.4999999999999 -768.3333333333337
495.8333333333332 -762.5000000000003
496.6666666666666 -765.8333333333338
496.6666666666666 -765.8333333333338
504.1666666666665 -780.8333333333337
504.16666666666663 -782.5000000000005
512.4999999999999 -790.8333333333336
506.6666666666665 -785.0000000000003
509.1666666666665 -787.5000000000005
513.3333333333333 -791.6666666666671
510.83333333333326 -789.1666666666671
499.9999999999999 -772.5000000000005
505.8333333333332 -784.1666666666671
511.6666666666666 -790.0000000000005
513.3333333333333 -791.6666666666671
504.9999999999999 -783.3333333333337
508.3333333333332 -786.6666666666671
505.8333333333332 -784.1666666666671
509.1666666666665 -787.5000000000005
501.6666666666666 -778.3333333333337
506.66666666666663 -785.0000000000006
510.83333333333326 -789.1666666666671
504.9999999999999 -783.3333333333337
501.6666666666666 -778.3333333333337
508.3333333333332 -786.6666666666671
512.4999999999999 -790.8333333333336
499.9999999999999 -772.5000000000005
511.6666666666666 -790.0000000000005
509.9999999999999 -788.3333333333337
502.4999999999999 -779.166666666667
509.99999999999994 -788.3333333333338
507.4999999999999 -785.8333333333337
503.3333333333332 -780.0000000000003
507.49999999999994 -785.8333333333338
502.49999999999994 -779.1666666666671
503.33333333333326 -780.0000000000005
504.16666666666663 -782.5000000000005
504.1666666666665 -780.8333333333337
500.83333333333326 -777.5000000000005
509.99999999999994 -788.3333333333338
507.49999999999994 -785.8333333333338
502.49999999999994 -779.1666666666671
503.33333333333326 -780.0000000000005
503.3333333333332 -780.0000000000003
500.8333333333332 -773.3333333333337
502.4999999999999 -779.166666666667
509.9999999999999 -788.3333333333337
507.4999999999999 -785.8333333333337
506.6666666666666 -785.0000000000005
506.6666666666666 -785.0000000000005
514.1666666666665 -792.5000000000003
496.6666666666666 -765.8333333333338
505.8333333333332 -784.1666666666671
513.3333333333333 -791.6666666666671
509.1666666666665 -787.5000000000005
504.9999999999999 -783.3333333333337
508.3333333333332 -786.6666666666671
510.83333333333326 -789.1666666666671
501.6666666666666 -778.3333333333337
512.4999999999999 -790.8333333333336
499.9999999999999 -772.5000000000005
511.6666666666666 -790.0000000000005
506.6666666666666 -785.0000000000005
504.16666666666663 -782.5000000000005
504.1666666666665 -780.8333333333337
500.83333333333326 -777.5000000000005
503.33333333333326 -780.0000000000005
502.49999999999994 -779.1666666666671
503.3333333333332 -780.0000000000003
509.9999999999999 -788.3333333333337
500.8333333333332 -773.3333333333337
507.4999999999999 -785.8333333333337
514.1666666666665 -792.5000000000003
506.6666666666666 -785.0000000000005
513.3333333333333 -791.6666666666671
510.83333333333326 -789.1666666666671
504.9999999999999 -783.3333333333337
501.6666666666666 -778.3333333333337
512.4999999999999 -790.8333333333336
499.9999999999999 -772.5000000000005
511.6666666666666 -790.0000000000005
509.1666666666665 -787.5000000000005
504.16666666666663 -782.5000000000005
500.83333333333326 -777.5000000000005
502.49999999999994 -779.1666666666671
503.33333333333326 -780.0000000000005
503.3333333333332 -780.0000000000003
509.9999999999999 -788.3333333333337
507.4999999999999 -785.8333333333337
500.8333333333332 -773.3333333333337
506.6666666666666 -785.0000000000005
504.9999999999999 -783.3333333333337
513.3333333333333 -791.6666666666671
501.6666666666666 -778.3333333333337
510.83333333333326 -789.1666666666671
499.9999999999999 -772.5000000000005
511.6666666666666 -790.0000000000005
509.1666666666665 -787.5000000000005
504.16666666666663 -782.5000000000005
500.83333333333326 -777.5000000000005
503.33333333333326 -780.0000000000005
509.9999999999999 -788.3333333333337
500.8333333333332 -773.3333333333337
507.4999999999999 -785.8333333333337
506.6666666666666 -785.0000000000005
504.9999999999999 -783.3333333333337
513.3333333333333 -791.6666666666671
501.6666666666666 -778.3333333333337
499.9999999999999 -772.5000000000005
511.6666666666666 -790.0000000000005
509.1666666666665 -787.5000000000005
503.33333333333326 -780.0000000000005
504.16666666666663 -782.5000000000005
500.83333333333326 -777.5000000000005
509.9999999999999 -788.3333333333337
500.8333333333332 -773.3333333333337
507.4999999999999 -785.8333333333337
509.1666666666665 -787.5000000000005
507.4999999999999 -785.8333333333337
506.6666666666666 -785.0000000000005
513.3333333333333 -791.6666666666671
509.9999999999999 -788.3333333333337
499.9999999999999 -772.5000000000005
503.33333333333326 -780.0000000000005
504.16666666666663 -782.5000000000005
500.8333333333332 -773.3333333333337
509.1666666666665 -787.5000000000005
507.4999999999999 -785.8333333333337
506.6666666666666 -785.0000000000005
499.9999999999999 -772.5000000000005
503.33333333333326 -780.0000000000005
500.8333333333332 -773.3333333333337
509.1666666666665 -787.5000000000005
507.4999999999999 -785.8333333333337
506.6666666666666 -785.0000000000005
500.8333333333332 -773.3333333333337
509.1666666666665 -787.5000000000005
507.4999999999999 -785.8333333333337
500.8333333333332 -773.3333333333337
509.1666666666665 -787.5000000000005
507.4999999999999 -785.8333333333337
500.8333333333332 -773.3333333333337
507.4999999999999 -785.8333333333337
507.4999999999999 -785.8333333333337
507.4999999999999 -785.8333333333337
507.4999999999999 -785.8333333333337
507.4999999999999 -785.8333333333337
507.4999999999999 -785.8333333333337
507.4999999999999 -785.8333333333337
504.9999999999999 -783.3333333333337
503.33333333333326 -780.0000000000005
506.6666666666666 -785.0000000000005
503.33333333333326 -780.0000000000005
504.16666666666663 -782.5000000000005
503.33333333333326 -780.0000000000005
503.33333333333326 -780.0000000000005
500.8333333333332 -773.3333333333337
500.8333333333332 -773.3333333333337
500.8333333333332 -773.3333333333337
506.6666666666666 -785.0000000000005
500.8333333333332 -773.3333333333337
500.8333333333332 -773.3333333333337
500.8333333333332 -773.3333333333337
500.8333333333332 -773.3333333333337
501.6666666666666 -778.3333333333337
503.33333333333326 -780.0000000000005
500.8333333333332 -773.3333333333337
507.4999999999999 -785.8333333333337
507.4999999999999 -785.8333333333337
507.4999999999999 -785.8333333333337
504.16666666666663 -782.5000000000005
507.4999999999999 -785.8333333333337
500.8333333333332 -773.3333333333337
506.6666666666666 -785.0000000000005
506.6666666666666 -785.0000000000005
501.6666666666666 -778.3333333333337
503.33333333333326 -780.0000000000005
500.8333333333332 -773.3333333333337
500.8333333333332 -773.3333333333337
501.6666666666666 -778.3333333333337
506.6666666666666 -785.0000000000005
509.1666666666665 -787.5000000000005
499.9999999999999 -772.5000000000005
507.4999999999999 -785.8333333333337
500.8333333333332 -773.3333333333337
500.8333333333332 -773.3333333333337
500.8333333333332 -773.3333333333337
500.8333333333332 -773.3333333333337
503.33333333333326 -780.0000000000005
499.9999999999999 -772.5000000000005
507.4999999999999 -785.8333333333337
500.8333333333332 -773.3333333333337
