494.9999999999999 -761.6666666666671
512.4999999999999 -792.5000000000005
494.9999999999999 -761.6666666666671
500.83333333333326 -778.3333333333338
500.8333333333332 -774.1666666666671
502.4999999999999 -780.0000000000005
494.99999999999994 -765.0000000000006
509.99999999999994 -790.0000000000005
510.8333333333332 -790.8333333333338
508.33333333333326 -788.3333333333337
503.33333333333326 -783.3333333333338
504.9999999999999 -785.0000000000005
499.9999999999999 -773.3333333333338
497.4999999999999 -768.3333333333337
502.49999999999994 -782.5000000000005
497.49999999999994 -770.8333333333337
495.83333333333326 -766.6666666666671
509.1666666666666 -789.1666666666671
504.1666666666666 -784.1666666666671
509.1666666666666 -789.1666666666671
496.6666666666666 -767.5000000000003
498.33333333333326 -771.6666666666671
511.6666666666666 -791.6666666666672
511.6666666666666 -791.6666666666672
505.83333333333326 -785.8333333333338
507.4999999999999 -787.5000000000005
505.83333333333326 -785.8333333333338
495.83333333333326 -766.6666666666671
498.33333333333326 -771.6666666666671
496.6666666666666 -767.5000000000003
507.4999999999999 -787.5000000000005
500.83333333333326 -778.3333333333338
502.4999999999999 -780.0000000000005
494.99999999999994 -765.0000000000006
499.1666666666666 -772.5000000000003
506.6666666666665 -786.6666666666671
506.66666666666663 -786.6666666666672
504.16666666666663 -784.1666666666672
499.16666666666663 -772.5000000000005
502.49999999999994 -782.5000000000005
497.49999999999994 -770.8333333333337
499.16666666666663 -772.5000000000005
497.4999999999999 -768.3333333333337
506.66666666666663 -786.6666666666672
506.6666666666665 -786.6666666666671
504.16666666666663 -784.1666666666672
500.8333333333332 -774.1666666666671
499.1666666666666 -772.5000000000003
494.9999999999999 -761.6666666666671
505.83333333333326 -785.8333333333338
504.16666666666663 -784.1666666666672
495.83333333333326 -766.6666666666671
498.33333333333326 -771.6666666666671
496.6666666666666 -767.5000000000003
494.99999999999994 -765.0000000000006
497.49999999999994 -770.8333333333337
509.1666666666666 -789.1666666666671
499.16666666666663 -772.5000000000005
497.4999999999999 -768.3333333333337
506.66666666666663 -786.6666666666672
500.8333333333332 -774.1666666666671
499.1666666666666 -772.5000000000003
494.9999999999999 -761.6666666666671
495.83333333333326 -766.6666666666671
498.33333333333326 -771.6666666666671
496.6666666666666 -767.5000000000003
494.99999999999994 -765.0000000000006
497.49999999999994 -770.8333333333337
500.8333333333332 -774.1666666666671
497.4999999999999 -768.3333333333337
499.16666666666663 -772.5000000000005
499.1666666666666 -772.5000000000003
494.9999999999999 -761.6666666666671
495.83333333333326 -766.6666666666671
498.33333333333326 -771.6666666666671
496.6666666666666 -767.5000000000003
494.99999999999994 -765.0000000000006
497.49999999999994 -770.8333333333337
497.4999999999999 -768.3333333333337
500.8333333333332 -774.1666666666671
499.16666666666663 -772.5000000000005
499.1666666666666 -772.5000000000003
494.9999999999999 -761.6666666666671
495.83333333333326 -766.6666666666671
498.33333333333326 -771.6666666666671
496.6666666666666 -767.5000000000003
497.49999999999994 -770.8333333333337
497.4999999999999 -768.3333333333337
500.8333333333332 -774.1666666666671
499.16666666666663 -772.5000000000005
499.1666666666666 -772.5000000000003
494.9999999999999 -761.6666666666671
495.83333333333326 -766.6666666666671
498.33333333333326 -771.6666666666671
496.6666666666666 -767.5000000000003
497.49999999999994 -770.8333333333337
500.8333333333332 -774.1666666666671
497.4999999999999 -768.3333333333337
499.16666666666663 -772.5000000000005
499.1666666666666 -772.5000000000003
494.9999999999999 -761.6666666666671
498.33333333333326 -771.6666666666671
496.6666666666666 -767.5000000000003
497.49999999999994 -770.8333333333337
497.4999999999999 -768.3333333333337
500.8333333333332 -774.1666666666671
495.83333333333326 -766.6666666666671
499.1666666666666 -772.5000000000003
494.9999999999999 -761.6666666666671
498.33333333333326 -771.6666666666671
496.6666666666666 -767.5000000000003
497.49999999999994 -770.8333333333337
500.8333333333332 -774.1666666666671
497.4999999999999 -768.3333333333337
495.83333333333326 -766.6666666666671
499.1666666666666 -772.5000000000003
494.9999999999999 -761.6666666666671
498.33333333333326 -771.6666666666671
496.6666666666666 -767.5000000000003
497.49999999999994 -770.8333333333337
500.8333333333332 -774.1666666666671
497.4999999999999 -768.3333333333337
495.83333333333326 -766.6666666666671
499.1666666666666 -772.5000000000003
494.9999999999999 -761.6666666666671
498.33333333333326 -771.6666666666671
499.1666666666666 -772.5000000000003
496.6666666666666 -767.5000000000003
497.49999999999994 -770.8333333333337
497.4999999999999 -768.3333333333337
495.83333333333326 -766.6666666666671
494.9999999999999 -761.6666666666671
498.33333333333326 -771.6666666666671
496.6666666666666 -767.5000000000003
499.1666666666666 -772.5000000000003
497.49999999999994 -770.8333333333337
497.4999999999999 -768.3333333333337
495.83333333333326 -766.6666666666671
494.9999999999999 -761.6666666666671
498.33333333333326 -771.6666666666671
499.1666666666666 -772.5000000000003
496.6666666666666 -767.5000000000003
497.49999999999994 -770.8333333333337
497.4999999999999 -768.3333333333337
495.83333333333326 -766.6666666666671
494.9999999999999 -761.6666666666671
498.33333333333326 -771.6666666666671
496.6666666666666 -767.5000000000003
499.1666666666666 -772.5000000000003
497.49999999999994 -770.8333333333337
495.83333333333326 -766.6666666666671
494.9999999999999 -761.6666666666671
496.6666666666666 -767.5000000000003
499.1666666666666 -772.5000000000003
495.83333333333326 -766.6666666666671
499.1666666666666 -772.5000000000003
500.8333333333332 -774.1666666666671
494.9999999999999 -761.6666666666671
496.6666666666666 -767.5000000000003
499.1666666666666 -772.5000000000003
495.83333333333326 -766.6666666666671
499.1666666666666 -772.5000000000003
497.49999999999994 -770.8333333333337
498.33333333333326 -771.6666666666671
497.49999999999994 -770.8333333333337
494.99999999999994 -765.0000000000006
495.83333333333326 -766.6666666666671
494.9999999999999 -761.6666666666671
494.9999999999999 -761.6666666666671
499.16666666666663 -772.5000000000005
499.1666666666666 -772.5000000000003
494.9999999999999 -761.6666666666671
496.6666666666666 -767.5000000000003
497.49999999999994 -770.8333333333337
497.4999999999999 -768.3333333333337
497.4999999999999 -768.3333333333337
499.1666666666666 -772.5000000000003
499.1666666666666 -772.5000000000003
498.33333333333326 -771.6666666666671
495.83333333333326 -766.6666666666671
496.6666666666666 -767.5000000000003
498.33333333333326 -771.6666666666671
500.8333333333332 -774.1666666666671
498.33333333333326 -771.6666666666671
495.83333333333326 -766.6666666666671
497.4999999999999 -768.3333333333337
499.1666666666666 -772.5000000000003
497.49999999999994 -770.8333333333337
499.1666666666666 -772.5000000000003
494.9999999999999 -761.6666666666671
499.1666666666666 -772.5000000000003
497.49999999999994 -770.8333333333337
497.49999999999994 -770.8333333333337
497.4999999999999 -768.3333333333337
499.1666666666666 -772.5000000000003
497.49999999999994 -770.8333333333337
495.83333333333326 -766.6666666666671
497.49999999999994 -770.8333333333337
497.49999999999994 -770.8333333333337
496.6666666666666 -767.5000000000003
