494.9999999999999 -761.6666666666671
510.8333333333332 -793.3333333333338
494.9999999999999 -761.6666666666671
499.9999999999999 -773.3333333333338
497.4999999999999 -773.3333333333337
509.99999999999983 -792.5000000000005
506.6666666666665 -789.1666666666671
495.83333333333326 -769.166666666667
494.99999999999994 -765.0000000000006
499.99999999999994 -776.6666666666673
505.83333333333314 -788.3333333333338
504.1666666666665 -786.6666666666671
500.83333333333326 -778.3333333333338
503.3333333333332 -785.8333333333337
501.6666666666666 -781.6666666666671
494.99999999999994 -765.0000000000006
500.83333333333326 -778.3333333333338
495.83333333333326 -769.166666666667
504.99999999999983 -787.5000000000005
503.3333333333332 -785.8333333333337
501.6666666666666 -781.6666666666671
504.99999999999983 -787.5000000000005
506.6666666666665 -789.1666666666671
497.4999999999999 -773.3333333333337
499.99999999999994 -776.6666666666673
499.9999999999999 -773.3333333333338
494.9999999999999 -761.6666666666671
494.99999999999994 -765.0000000000006
503.3333333333332 -785.8333333333337
500.83333333333326 -778.3333333333338
501.6666666666666 -781.6666666666671
506.6666666666665 -789.1666666666671
497.4999999999999 -773.3333333333337
499.99999999999994 -776.6666666666673
499.9999999999999 -773.3333333333338
494.9999999999999 -761.6666666666671
494.99999999999994 -765.0000000000006
503.3333333333332 -785.8333333333337
500.83333333333326 -778.3333333333338
501.6666666666666 -781.6666666666671
506.6666666666665 -789.1666666666671
499.99999999999994 -776.6666666666673
499.9999999999999 -773.3333333333338
494.9999999999999 -761.6666666666671
494.99999999999994 -765.0000000000006
500.83333333333326 -778.3333333333338
501.6666666666666 -781.6666666666671
506.6666666666665 -789.1666666666671
499.99999999999994 -776.6666666666673
499.9999999999999 -773.3333333333338
494.9999999999999 -761.6666666666671
494.99999999999994 -765.0000000000006
500.83333333333326 -778.3333333333338
501.6666666666666 -781.6666666666671
499.99999999999994 -776.6666666666673
499.9999999999999 -773.3333333333338
494.9999999999999 -761.6666666666671
494.99999999999994 -765.0000000000006
500.83333333333326 -778.3333333333338
501.6666666666666 -781.6666666666671
499.99999999999994 -776.6666666666673
499.9999999999999 -773.3333333333338
494.9999999999999 -761.6666666666671
500.83333333333326 -778.3333333333338
501.6666666666666 -781.6666666666671
499.99999999999994 -776.6666666666673
494.99999999999994 -765.0000000000006
499.9999999999999 -773.3333333333338
494.9999999999999 -761.6666666666671
500.83333333333326 -778.3333333333338
501.6666666666666 -781.6666666666671
499.99999999999994 -776.6666666666673
494.99999999999994 -765.0000000000006
499.9999999999999 -773.3333333333338
494.9999999999999 -761.6666666666671
500.83333333333326 -778.3333333333338
501.6666666666666 -781.6666666666671
499.99999999999994 -776.6666666666673
494.99999999999994 -765.0000000000006
499.9999999999999 -773.3333333333338
494.9999999999999 -761.6666666666671
500.83333333333326 -778.3333333333338
501.6666666666666 -781.6666666666671
494.99999999999994 -765.0000000000006
499.99999999999994 -776.6666666666673
499.9999999999999 -773.3333333333338
494.9999999999999 -761.6666666666671
500.83333333333326 -778.3333333333338
501.6666666666666 -781.6666666666671
494.99999999999994 -765.0000000000006
499.99999999999994 -776.6666666666673
499.9999999999999 -773.3333333333338
494.9999999999999 -761.6666666666671
500.83333333333326 -778.3333333333338
501.6666666666666 -781.6666666666671
499.99999999999994 -776.6666666666673
494.99999999999994 -765.0000000000006
499.9999999999999 -773.3333333333338
494.9999999999999 -761.6666666666671
500.83333333333326 -778.3333333333338
501.6666666666666 -781.6666666666671
494.99999999999994 -765.0000000000006
499.99999999999994 -776.6666666666673
499.9999999999999 -773.3333333333338
494.9999999999999 -761.6666666666671
500.83333333333326 -778.3333333333338
501.6666666666666 -781.6666666666671
494.99999999999994 -765.0000000000006
499.99999999999994 -776.6666666666673
499.9999999999999 -773.3333333333338
494.9999999999999 -761.6666666666671
500.83333333333326 -778.3333333333338
501.6666666666666 -781.6666666666671
499.99999999999994 -776.6666666666673
494.99999999999994 -765.0000000000006
499.9999999999999 -773.3333333333338
494.9999999999999 -761.6666666666671
500.83333333333326 -778.3333333333338
501.6666666666666 -781.6666666666671
494.99999999999994 -765.0000000000006
499.99999999999994 -776.6666666666673
499.9999999999999 -773.3333333333338
494.9999999999999 -761.6666666666671
500.83333333333326 -778.3333333333338
501.6666666666666 -781.6666666666671
499.99999999999994 -776.6666666666673
494.99999999999994 -765.0000000000006
494.99999999999994 -765.0000000000006
494.99999999999994 -765.0000000000006
499.99999999999994 -776.6666666666673
494.99999999999994 -765.0000000000006
499.99999999999994 -776.6666666666673
501.6666666666666 -781.6666666666671
494.99999999999994 -765.0000000000006
501.6666666666666 -781.6666666666671
499.99999999999994 -776.6666666666673
501.6666666666666 -781.6666666666671
501.6666666666666 -781.6666666666671
501.6666666666666 -781.6666666666671
494.99999999999994 -765.0000000000006
494.9999999999999 -761.6666666666671
499.99999999999994 -776.6666666666673
494.9999999999999 -761.6666666666671
496.6666666666666 -772.5000000000003
494.9999999999999 -761.6666666666671
499.9999999999999 -773.3333333333338
500.83333333333326 -778.3333333333338
494.99999999999994 -765.0000000000006
501.6666666666666 -781.6666666666671
501.6666666666666 -781.6666666666671
501.6666666666666 -781.6666666666671
499.99999999999994 -776.6666666666673
500.83333333333326 -778.3333333333338
494.99999999999994 -765.0000000000006
502.4999999999999 -785.0000000000005
499.9999999999999 -773.3333333333338
500.83333333333326 -778.3333333333338
500.83333333333326 -778.3333333333338
494.99999999999994 -765.0000000000006
499.99999999999994 -776.6666666666673
501.6666666666666 -781.6666666666671
499.9999999999999 -773.3333333333338
494.9999999999999 -761.6666666666671
494.9999999999999 -761.6666666666671
506.6666666666665 -789.1666666666671
500.83333333333326 -778.3333333333338
499.9999999999999 -773.3333333333338
509.1666666666665 -791.6666666666671
494.99999999999994 -765.0000000000006
