494.9999999999999 -761.6666666666671
510.8333333333332 -793.3333333333338
494.9999999999999 -761.6666666666671
501.6666666666666 -784.1666666666671
496.6666666666666 -772.5000000000003
497.4999999999999 -773.3333333333337
495.83333333333326 -769.166666666667
509.99999999999983 -792.5000000000005
507.4999999999999 -790.0000000000005
495.83333333333326 -769.166666666667
502.4999999999999 -785.0000000000005
506.6666666666665 -789.1666666666671
505.83333333333314 -788.3333333333338
509.1666666666665 -791.6666666666671
508.3333333333332 -790.8333333333337
504.1666666666665 -786.6666666666671
503.3333333333332 -785.8333333333337
504.99999999999983 -787.5000000000005
504.99999999999983 -787.5000000000005
506.6666666666665 -789.1666666666671
509.1666666666665 -791.6666666666671
504.1666666666665 -786.6666666666671
505.83333333333314 -788.3333333333338
508.3333333333332 -790.8333333333337
503.3333333333332 -785.8333333333337
497.4999999999999 -773.3333333333337
494.9999999999999 -761.6666666666671
495.83333333333326 -769.166666666667
504.1666666666665 -786.6666666666671
506.6666666666665 -789.1666666666671
503.3333333333332 -785.8333333333337
497.4999999999999 -773.3333333333337
494.9999999999999 -761.6666666666671
495.83333333333326 -769.166666666667
506.6666666666665 -789.1666666666671
503.3333333333332 -785.8333333333337
494.9999999999999 -761.6666666666671
503.3333333333332 -785.8333333333337
506.6666666666665 -789.1666666666671
494.9999999999999 -761.6666666666671
503.3333333333332 -785.8333333333337
506.6666666666665 -789.1666666666671
494.9999999999999 -761.6666666666671
494.9999999999999 -761.6666666666671
494.9999999999999 -761.6666666666671
494.9999999999999 -761.6666666666671
494.9999999999999 -761.6666666666671
494.9999999999999 -761.6666666666671
494.9999999999999 -761.6666666666671
494.9999999999999 -761.6666666666671
494.9999999999999 -761.6666666666671
494.9999999999999 -761.6666666666671
494.9999999999999 -761.6666666666671
494.9999999999999 -761.6666666666671
494.9999999999999 -761.6666666666671
494.9999999999999 -761.6666666666671
494.9999999999999 -761.6666666666671
494.9999999999999 -761.6666666666671
494.9999999999999 -761.6666666666671
494.9999999999999 -761.6666666666671
494.9999999999999 -761.6666666666671
494.9999999999999 -761.6666666666671
494.9999999999999 -761.6666666666671
494.9999999999999 -761.6666666666671
494.9999999999999 -761.6666666666671
494.9999999999999 -761.6666666666671
494.9999999999999 -761.6666666666671
494.9999999999999 -761.6666666666671
494.9999999999999 -761.6666666666671
494.9999999999999 -761.6666666666671
494.9999999999999 -761.6666666666671
494.9999999999999 -761.6666666666671
494.9999999999999 -761.6666666666671
494.9999999999999 -761.6666666666671
494.9999999999999 -761.6666666666671
500.83333333333326 -780.8333333333338
507.4999999999999 -790.0000000000005
494.9999999999999 -761.6666666666671
494.9999999999999 -761.6666666666671
494.9999999999999 -761.6666666666671
494.9999999999999 -761.6666666666671
494.9999999999999 -761.6666666666671
504.1666666666665 -786.6666666666671
494.9999999999999 -761.6666666666671
494.9999999999999 -761.6666666666671
494.9999999999999 -761.6666666666671
495.83333333333326 -769.166666666667
494.99999999999994 -767.5000000000005
503.3333333333332 -785.8333333333337
504.1666666666665 -786.6666666666671
494.9999999999999 -761.6666666666671
494.9999999999999 -761.6666666666671
507.4999999999999 -790.0000000000005
501.6666666666666 -784.1666666666671
494.9999999999999 -761.6666666666671
504.1666666666665 -786.6666666666671
509.1666666666665 -791.6666666666671
494.9999999999999 -761.6666666666671
494.9999999999999 -761.6666666666671
495.83333333333326 -769.166666666667
503.3333333333332 -785.8333333333337
494.9999999999999 -761.6666666666671
494.9999999999999 -761.6666666666671
494.9999999999999 -761.6666666666671
494.9999999999999 -761.6666666666671
494.9999999999999 -761.6666666666671
499.99999999999994 -779.1666666666673
499.99999999999994 -779.1666666666673
494.9999999999999 -761.6666666666671
504.99999999999983 -787.5000000000005
494.9999999999999 -761.6666666666671
494.9999999999999 -761.6666666666671
509.1666666666665 -791.6666666666671
494.9999999999999 -761.6666666666671
506.6666666666665 -789.1666666666671
497.4999999999999 -773.3333333333337
494.9999999999999 -761.6666666666671
494.9999999999999 -761.6666666666671
494.9999999999999 -761.6666666666671
494.9999999999999 -761.6666666666671
509.99999999999983 -792.5000000000005
494.9999999999999 -761.6666666666671
499.99999999999994 -779.1666666666673
499.99999999999994 -779.1666666666673
494.9999999999999 -761.6666666666671
494.9999999999999 -761.6666666666671
494.9999999999999 -761.6666666666671
507.4999999999999 -790.0000000000005
494.9999999999999 -761.6666666666671
496.6666666666666 -772.5000000000003
494.9999999999999 -761.6666666666671
494.9999999999999 -761.6666666666671
494.9999999999999 -761.6666666666671
494.9999999999999 -761.6666666666671
494.9999999999999 -761.6666666666671
494.9999999999999 -761.6666666666671
494.9999999999999 -761.6666666666671
509.1666666666665 -791.6666666666671
494.9999999999999 -761.6666666666671
495.83333333333326 -769.166666666667
496.6666666666666 -772.5000000000003
494.99999999999994 -767.5000000000005
502.4999999999999 -785.0000000000005
494.9999999999999 -761.6666666666671
494.9999999999999 -761.6666666666671
499.9999999999999 -775.8333333333338
506.6666666666665 -789.1666666666671
501.6666666666666 -784.1666666666671
494.9999999999999 -761.6666666666671
494.9999999999999 -761.6666666666671
494.9999999999999 -761.6666666666671
510.8333333333332 -793.3333333333338
504.99999999999983 -787.5000000000005
504.99999999999983 -787.5000000000005
494.9999999999999 -761.6666666666671
504.99999999999983 -787.5000000000005
504.99999999999983 -787.5000000000005
504.99999999999983 -787.5000000000005
494.9999999999999 -761.6666666666671
503.3333333333332 -785.8333333333337
510.8333333333332 -793.3333333333338
504.99999999999983 -787.5000000000005
494.9999999999999 -761.6666666666671
494.9999999999999 -761.6666666666671
503.3333333333332 -785.8333333333337
494.9999999999999 -761.6666666666671
494.9999999999999 -761.6666666666671
497.4999999999999 -773.3333333333337
494.9999999999999 -761.6666666666671
494.9999999999999 -761.6666666666671
495.83333333333326 -769.166666666667
494.9999999999999 -761.6666666666671
503.3333333333332 -785.8333333333337
498.33333333333326 -774.1666666666671
494.9999999999999 -761.6666666666671
494.9999999999999 -761.6666666666671
