494.9999999999999 -761.6666666666671
510.8333333333332 -793.3333333333338
494.9999999999999 -761.6666666666671
510.8333333333332 -793.3333333333338
494.99999999999994 -767.5000000000005
499.9999999999999 -775.8333333333338
497.4999999999999 -774.1666666666671
499.99999999999994 -779.1666666666673
500.83333333333326 -780.8333333333338
495.83333333333326 -769.1666666666671
501.6666666666666 -784.1666666666671
496.6666666666666 -772.5000000000003
498.3333333333332 -775.0000000000003
496.6666666666666 -772.5000000000003
495.83333333333326 -769.1666666666671
500.83333333333326 -780.8333333333338
498.3333333333332 -775.0000000000003
506.6666666666665 -789.1666666666671
508.33333333333314 -790.8333333333338
505.83333333333314 -788.3333333333338
501.6666666666666 -784.1666666666671
507.49999999999983 -790.0000000000005
507.49999999999983 -790.0000000000005
509.99999999999983 -792.5000000000005
502.4999999999999 -785.0000000000005
508.33333333333314 -790.8333333333338
505.83333333333314 -788.3333333333338
502.4999999999999 -785.0000000000005
504.99999999999983 -787.5000000000005
504.99999999999983 -787.5000000000005
506.6666666666665 -789.1666666666671
509.99999999999983 -792.5000000000005
509.1666666666665 -791.6666666666671
503.3333333333332 -785.8333333333337
494.99999999999994 -767.5000000000005
504.1666666666665 -786.6666666666671
503.33333333333326 -785.8333333333338
504.1666666666666 -786.6666666666672
499.99999999999994 -779.1666666666673
509.16666666666663 -791.6666666666672
499.9999999999999 -775.8333333333338
509.16666666666663 -791.6666666666672
509.1666666666665 -791.6666666666671
504.1666666666666 -786.6666666666672
503.33333333333326 -785.8333333333338
503.3333333333332 -785.8333333333337
504.1666666666665 -786.6666666666671
494.9999999999999 -761.6666666666671
510.8333333333332 -793.3333333333338
496.6666666666666 -772.5000000000003
498.3333333333332 -775.0000000000003
501.6666666666666 -784.1666666666671
505.83333333333314 -788.3333333333338
502.4999999999999 -785.0000000000005
504.99999999999983 -787.5000000000005
506.6666666666665 -789.1666666666671
509.99999999999983 -792.5000000000005
494.99999999999994 -767.5000000000005
499.99999999999994 -779.1666666666673
499.9999999999999 -775.8333333333338
509.16666666666663 -791.6666666666672
509.1666666666665 -791.6666666666671
503.33333333333326 -785.8333333333338
504.1666666666666 -786.6666666666672
504.1666666666665 -786.6666666666671
503.3333333333332 -785.8333333333337
510.8333333333332 -793.3333333333338
494.9999999999999 -761.6666666666671
496.6666666666666 -772.5000000000003
498.3333333333332 -775.0000000000003
501.6666666666666 -784.1666666666671
505.83333333333314 -788.3333333333338
502.4999999999999 -785.0000000000005
504.99999999999983 -787.5000000000005
506.6666666666665 -789.1666666666671
509.99999999999983 -792.5000000000005
494.99999999999994 -767.5000000000005
499.99999999999994 -779.1666666666673
499.9999999999999 -775.8333333333338
509.16666666666663 -791.6666666666672
509.1666666666665 -791.6666666666671
504.1666666666666 -786.6666666666672
503.33333333333326 -785.8333333333338
504.1666666666665 -786.6666666666671
503.3333333333332 -785.8333333333337
510.8333333333332 -793.3333333333338
494.9999999999999 -761.6666666666671
498.3333333333332 -775.0000000000003
496.6666666666666 -772.5000000000003
501.6666666666666 -784.1666666666671
505.83333333333314 -788.3333333333338
502.4999999999999 -785.0000000000005
506.6666666666665 -789.1666666666671
504.99999999999983 -787.5000000000005
509.99999999999983 -792.5000000000005
494.99999999999994 -767.5000000000005
499.99999999999994 -779.1666666666673
499.9999999999999 -775.8333333333338
509.1666666666665 -791.6666666666671
503.33333333333326 -785.8333333333338
504.1666666666666 -786.6666666666672
504.1666666666665 -786.6666666666671
503.3333333333332 -785.8333333333337
494.9999999999999 -761.6666666666671
510.8333333333332 -793.3333333333338
498.3333333333332 -775.0000000000003
501.6666666666666 -784.1666666666671
496.6666666666666 -772.5000000000003
505.83333333333314 -788.3333333333338
502.4999999999999 -785.0000000000005
506.6666666666665 -789.1666666666671
504.99999999999983 -787.5000000000005
509.99999999999983 -792.5000000000005
494.99999999999994 -767.5000000000005
499.99999999999994 -779.1666666666673
499.9999999999999 -775.8333333333338
509.1666666666665 -791.6666666666671
504.1666666666666 -786.6666666666672
503.33333333333326 -785.8333333333338
504.1666666666665 -786.6666666666671
503.3333333333332 -785.8333333333337
510.8333333333332 -793.3333333333338
494.9999999999999 -761.6666666666671
496.6666666666666 -772.5000000000003
501.6666666666666 -784.1666666666671
505.83333333333314 -788.3333333333338
502.4999999999999 -785.0000000000005
506.6666666666665 -789.1666666666671
504.99999999999983 -787.5000000000005
509.99999999999983 -792.5000000000005
494.99999999999994 -767.5000000000005
499.99999999999994 -779.1666666666673
499.9999999999999 -775.8333333333338
509.1666666666665 -791.6666666666671
504.1666666666666 -786.6666666666672
503.33333333333326 -785.8333333333338
503.3333333333332 -785.8333333333337
504.1666666666665 -786.6666666666671
510.8333333333332 -793.3333333333338
494.9999999999999 -761.6666666666671
496.6666666666666 -772.5000000000003
501.6666666666666 -784.1666666666671
509.99999999999983 -792.5000000000005
505.83333333333314 -788.3333333333338
502.4999999999999 -785.0000000000005
504.99999999999983 -787.5000000000005
506.6666666666665 -789.1666666666671
509.1666666666665 -791.6666666666671
494.99999999999994 -767.5000000000005
499.99999999999994 -779.1666666666673
504.1666666666666 -786.6666666666672
503.33333333333326 -785.8333333333338
503.3333333333332 -785.8333333333337
504.1666666666665 -786.6666666666671
510.8333333333332 -793.3333333333338
494.9999999999999 -761.6666666666671
496.6666666666666 -772.5000000000003
501.6666666666666 -784.1666666666671
509.99999999999983 -792.5000000000005
506.6666666666665 -789.1666666666671
509.1666666666665 -791.6666666666671
505.83333333333314 -788.3333333333338
502.4999999999999 -785.0000000000005
504.99999999999983 -787.5000000000005
494.99999999999994 -767.5000000000005
499.99999999999994 -779.1666666666673
504.1666666666665 -786.6666666666671
503.3333333333332 -785.8333333333337
494.9999999999999 -761.6666666666671
496.6666666666666 -772.5000000000003
501.6666666666666 -784.1666666666671
509.99999999999983 -792.5000000000005
506.6666666666665 -789.1666666666671
509.1666666666665 -791.6666666666671
505.83333333333314 -788.3333333333338
502.4999999999999 -785.0000000000005
504.99999999999983 -787.5000000000005
494.99999999999994 -767.5000000000005
499.99999999999994 -779.1666666666673
503.3333333333332 -785.8333333333337
504.1666666666665 -786.6666666666671
494.9999999999999 -761.6666666666671
496.6666666666666 -772.5000000000003
501.6666666666666 -784.1666666666671
506.6666666666665 -789.1666666666671
509.1666666666665 -791.6666666666671
505.83333333333314 -788.3333333333338
502.4999999999999 -785.0000000000005
504.99999999999983 -787.5000000000005
499.99999999999994 -779.1666666666673
504.1666666666665 -786.6666666666671
503.3333333333332 -785.8333333333337
494.9999999999999 -761.6666666666671
496.6666666666666 -772.5000000000003
501.6666666666666 -784.1666666666671
509.1666666666665 -791.6666666666671
506.6666666666665 -789.1666666666671
505.83333333333314 -788.3333333333338
502.4999999999999 -785.0000000000005
504.99999999999983 -787.5000000000005
