494.9999999999999 -762.5000000000003
515.8333333333333 -800.0000000000006
494.9999999999999 -762.5000000000003
515.8333333333333 -800.0000000000006
504.99999999999994 -792.5000000000005
509.9999999999999 -796.6666666666671
494.99999999999994 -769.1666666666671
503.33333333333326 -790.8333333333337
508.3333333333333 -795.0000000000005
500.83333333333326 -782.5000000000005
501.6666666666666 -786.6666666666671
513.3333333333331 -798.3333333333337
507.4999999999999 -794.1666666666671
512.4999999999998 -797.5000000000005
499.99999999999994 -781.6666666666672
499.99999999999983 -778.3333333333337
495.83333333333326 -770.8333333333338
496.6666666666666 -774.166666666667
503.3333333333332 -788.3333333333337
513.3333333333331 -798.3333333333337
507.4999999999999 -794.1666666666671
496.6666666666666 -774.166666666667
495.83333333333326 -770.8333333333338
497.4999999999999 -775.8333333333337
498.3333333333332 -776.6666666666671
512.4999999999998 -797.5000000000005
501.6666666666666 -786.6666666666671
497.4999999999999 -775.8333333333337
498.3333333333332 -776.6666666666671
502.4999999999999 -787.5000000000005
499.1666666666666 -777.5000000000005
499.1666666666666 -777.5000000000005
502.4999999999999 -787.5000000000005
500.83333333333326 -782.5000000000005
494.99999999999994 -769.1666666666671
499.99999999999994 -781.6666666666672
499.99999999999983 -778.3333333333337
503.3333333333332 -788.3333333333337
515.8333333333333 -800.0000000000006
494.9999999999999 -762.5000000000003
513.3333333333331 -798.3333333333337
507.4999999999999 -794.1666666666671
496.6666666666666 -774.166666666667
495.83333333333326 -770.8333333333338
512.4999999999998 -797.5000000000005
501.6666666666666 -786.6666666666671
497.4999999999999 -775.8333333333337
498.3333333333332 -776.6666666666671
499.1666666666666 -777.5000000000005
502.4999999999999 -787.5000000000005
500.83333333333326 -782.5000000000005
494.99999999999994 -769.1666666666671
499.99999999999994 -781.6666666666672
499.99999999999983 -778.3333333333337
503.3333333333332 -788.3333333333337
494.9999999999999 -762.5000000000003
513.3333333333331 -798.3333333333337
496.6666666666666 -774.166666666667
495.83333333333326 -770.8333333333338
512.4999999999998 -797.5000000000005
501.6666666666666 -786.6666666666671
497.4999999999999 -775.8333333333337
498.3333333333332 -776.6666666666671
499.1666666666666 -777.5000000000005
502.4999999999999 -787.5000000000005
500.83333333333326 -782.5000000000005
494.99999999999994 -769.1666666666671
499.99999999999994 -781.6666666666672
499.99999999999983 -778.3333333333337
503.3333333333332 -788.3333333333337
494.9999999999999 -762.5000000000003
513.3333333333331 -798.3333333333337
496.6666666666666 -774.166666666667
495.83333333333326 -770.8333333333338
512.4999999999998 -797.5000000000005
501.6666666666666 -786.6666666666671
497.4999999999999 -775.8333333333337
498.3333333333332 -776.6666666666671
502.4999999999999 -787.5000000000005
500.83333333333326 -782.5000000000005
494.99999999999994 -769.1666666666671
499.99999999999994 -781.6666666666672
503.3333333333332 -788.3333333333337
513.3333333333331 -798.3333333333337
496.6666666666666 -774.166666666667
495.83333333333326 -770.8333333333338
512.4999999999998 -797.5000000000005
501.6666666666666 -786.6666666666671
497.4999999999999 -775.8333333333337
498.3333333333332 -776.6666666666671
502.4999999999999 -787.5000000000005
500.83333333333326 -782.5000000000005
494.99999999999994 -769.1666666666671
499.99999999999994 -781.6666666666672
503.3333333333332 -788.3333333333337
513.3333333333331 -798.3333333333337
496.6666666666666 -774.166666666667
495.83333333333326 -770.8333333333338
512.4999999999998 -797.5000000000005
501.6666666666666 -786.6666666666671
497.4999999999999 -775.8333333333337
502.4999999999999 -787.5000000000005
500.83333333333326 -782.5000000000005
494.99999999999994 -769.1666666666671
499.99999999999994 -781.6666666666672
503.3333333333332 -788.3333333333337
513.3333333333331 -798.3333333333337
496.6666666666666 -774.166666666667
495.83333333333326 -770.8333333333338
512.4999999999998 -797.5000000000005
501.6666666666666 -786.6666666666671
497.4999999999999 -775.8333333333337
502.4999999999999 -787.5000000000005
500.83333333333326 -782.5000000000005
494.99999999999994 -769.1666666666671
499.99999999999994 -781.6666666666672
503.3333333333332 -788.3333333333337
513.3333333333331 -798.3333333333337
496.6666666666666 -774.166666666667
495.83333333333326 -770.8333333333338
512.4999999999998 -797.5000000000005
501.6666666666666 -786.6666666666671
497.4999999999999 -775.8333333333337
502.4999999999999 -787.5000000000005
500.83333333333326 -782.5000000000005
499.99999999999994 -781.6666666666672
503.3333333333332 -788.3333333333337
496.6666666666666 -774.166666666667
495.83333333333326 -770.8333333333338
512.4999999999998 -797.5000000000005
501.6666666666666 -786.6666666666671
497.4999999999999 -775.8333333333337
502.4999999999999 -787.5000000000005
500.83333333333326 -782.5000000000005
499.99999999999994 -781.6666666666672
503.3333333333332 -788.3333333333337
496.6666666666666 -774.166666666667
495.83333333333326 -770.8333333333338
501.6666666666666 -786.6666666666671
497.4999999999999 -775.8333333333337
512.4999999999998 -797.5000000000005
502.4999999999999 -787.5000000000005
500.83333333333326 -782.5000000000005
499.99999999999994 -781.6666666666672
503.3333333333332 -788.3333333333337
496.6666666666666 -774.166666666667
495.83333333333326 -770.8333333333338
501.6666666666666 -786.6666666666671
497.4999999999999 -775.8333333333337
512.4999999999998 -797.5000000000005
502.4999999999999 -787.5000000000005
500.83333333333326 -782.5000000000005
499.99999999999994 -781.6666666666672
503.3333333333332 -788.3333333333337
495.83333333333326 -770.8333333333338
501.6666666666666 -786.6666666666671
497.4999999999999 -775.8333333333337
512.4999999999998 -797.5000000000005
502.4999999999999 -787.5000000000005
500.83333333333326 -782.5000000000005
499.99999999999994 -781.6666666666672
503.3333333333332 -788.3333333333337
495.83333333333326 -770.8333333333338
501.6666666666666 -786.6666666666671
497.4999999999999 -775.8333333333337
512.4999999999998 -797.5000000000005
502.4999999999999 -787.5000000000005
500.83333333333326 -782.5000000000005
499.99999999999994 -781.6666666666672
503.3333333333332 -788.3333333333337
495.83333333333326 -770.8333333333338
501.6666666666666 -786.6666666666671
497.4999999999999 -775.8333333333337
512.4999999999998 -797.5000000000005
502.4999999999999 -787.5000000000005
500.83333333333326 -782.5000000000005
499.99999999999994 -781.6666666666672
503.3333333333332 -788.3333333333337
495.83333333333326 -770.8333333333338
501.6666666666666 -786.6666666666671
497.4999999999999 -775.8333333333337
512.4999999999998 -797.5000000000005
502.4999999999999 -787.5000000000005
500.83333333333326 -782.5000000000005
499.99999999999994 -781.6666666666672
503.3333333333332 -788.3333333333337
501.6666666666666 -786.6666666666671
497.4999999999999 -775.8333333333337
512.4999999999998 -797.5000000000005
499.99999999999994 -781.6666666666672
499.99999999999994 -781.6666666666672
502.4999999999999 -787.5000000000005
501.6666666666666 -786.6666666666671
499.99999999999994 -781.6666666666672
499.99999999999994 -781.6666666666672
501.6666666666666 -786.6666666666671
501.6666666666666 -786.6666666666671
500.83333333333326 -782.5000000000005
497.4999999999999 -775.8333333333337
502.4999999999999 -787.5000000000005
