935.0 -856.0 
856.0 -801.0 
935.0 -856.0 
856.0 -801.0 
894.0 -853.0 
859.0 -804.0 
860.0 -816.0 
889.0 -851.0 
869.0 -825.0 
870.0 -830.0 
893.0 -852.0 
866.0 -820.0 
868.0 -824.0 
877.0 -844.0 
880.0 -847.0 
875.0 -842.0 
880.0 -847.0 
862.0 -818.0 
877.0 -844.0 
882.0 -849.0 
885.0 -850.0 
894.0 -853.0 
871.0 -832.0 
874.0 -839.0 
872.0 -835.0 
885.0 -850.0 
865.0 -819.0 
860.0 -816.0 
870.0 -830.0 
875.0 -842.0 
872.0 -835.0 
873.0 -837.0 
857.0 -802.0 
871.0 -832.0 
873.0 -837.0 
859.0 -804.0 
874.0 -839.0 
868.0 -824.0 
862.0 -818.0 
882.0 -849.0 
866.0 -820.0 
857.0 -802.0 
865.0 -819.0 
869.0 -825.0 
935.0 -856.0 
856.0 -801.0 
894.0 -853.0 
880.0 -847.0 
877.0 -844.0 
885.0 -850.0 
860.0 -816.0 
870.0 -830.0 
875.0 -842.0 
872.0 -835.0 
871.0 -832.0 
874.0 -839.0 
873.0 -837.0 
859.0 -804.0 
868.0 -824.0 
862.0 -818.0 
882.0 -849.0 
857.0 -802.0 
866.0 -820.0 
869.0 -825.0 
865.0 -819.0 
935.0 -856.0 
856.0 -801.0 
894.0 -853.0 
880.0 -847.0 
877.0 -844.0 
885.0 -850.0 
860.0 -816.0 
870.0 -830.0 
875.0 -842.0 
872.0 -835.0 
871.0 -832.0 
859.0 -804.0 
873.0 -837.0 
874.0 -839.0 
868.0 -824.0 
862.0 -818.0 
882.0 -849.0 
857.0 -802.0 
866.0 -820.0 
869.0 -825.0 
865.0 -819.0 
856.0 -801.0 
894.0 -853.0 
880.0 -847.0 
877.0 -844.0 
885.0 -850.0 
860.0 -816.0 
870.0 -830.0 
875.0 -842.0 
872.0 -835.0 
871.0 -832.0 
859.0 -804.0 
873.0 -837.0 
874.0 -839.0 
868.0 -824.0 
862.0 -818.0 
882.0 -849.0 
866.0 -820.0 
857.0 -802.0 
865.0 -819.0 
869.0 -825.0 
856.0 -801.0 
894.0 -853.0 
880.0 -847.0 
877.0 -844.0 
885.0 -850.0 
860.0 -816.0 
870.0 -830.0 
875.0 -842.0 
872.0 -835.0 
871.0 -832.0 
859.0 -804.0 
874.0 -839.0 
873.0 -837.0 
868.0 -824.0 
882.0 -849.0 
862.0 -818.0 
857.0 -802.0 
866.0 -820.0 
865.0 -819.0 
856.0 -801.0 
894.0 -853.0 
880.0 -847.0 
877.0 -844.0 
885.0 -850.0 
860.0 -816.0 
870.0 -830.0 
875.0 -842.0 
872.0 -835.0 
859.0 -804.0 
871.0 -832.0 
874.0 -839.0 
873.0 -837.0 
868.0 -824.0 
862.0 -818.0 
882.0 -849.0 
866.0 -820.0 
857.0 -802.0 
865.0 -819.0 
856.0 -801.0 
894.0 -853.0 
868.0 -824.0 
880.0 -847.0 
877.0 -844.0 
870.0 -830.0 
885.0 -850.0 
860.0 -816.0 
875.0 -842.0 
872.0 -835.0 
871.0 -832.0 
859.0 -804.0 
873.0 -837.0 
874.0 -839.0 
862.0 -818.0 
882.0 -849.0 
857.0 -802.0 
866.0 -820.0 
865.0 -819.0 
856.0 -801.0 
894.0 -853.0 
868.0 -824.0 
880.0 -847.0 
877.0 -844.0 
870.0 -830.0 
885.0 -850.0 
860.0 -816.0 
875.0 -842.0 
872.0 -835.0 
871.0 -832.0 
859.0 -804.0 
873.0 -837.0 
874.0 -839.0 
882.0 -849.0 
862.0 -818.0 
857.0 -802.0 
866.0 -820.0 
865.0 -819.0 
856.0 -801.0 
894.0 -853.0 
868.0 -824.0 
880.0 -847.0 
877.0 -844.0 
870.0 -830.0 
885.0 -850.0 
860.0 -816.0 
875.0 -842.0 
872.0 -835.0 
871.0 -832.0 
874.0 -839.0 
859.0 -804.0 
873.0 -837.0 
882.0 -849.0 
866.0 -820.0 
857.0 -802.0 
865.0 -819.0 
856.0 -801.0 
894.0 -853.0 
868.0 -824.0 
880.0 -847.0 
877.0 -844.0 
870.0 -830.0 
885.0 -850.0 
860.0 -816.0 
875.0 -842.0 
872.0 -835.0 
859.0 -804.0 
873.0 -837.0 
874.0 -839.0 
871.0 -832.0 
882.0 -849.0 
866.0 -820.0 
857.0 -802.0 
865.0 -819.0 
856.0 -801.0 
894.0 -853.0 
868.0 -824.0 
880.0 -847.0 
877.0 -844.0 
870.0 -830.0 
885.0 -850.0 
875.0 -842.0 
872.0 -835.0 
871.0 -832.0 
859.0 -804.0 
874.0 -839.0 
873.0 -837.0 
882.0 -849.0 
857.0 -802.0 
866.0 -820.0 
860.0 -816.0 
865.0 -819.0 
856.0 -801.0 
894.0 -853.0 
868.0 -824.0 
880.0 -847.0 
877.0 -844.0 
870.0 -830.0 
885.0 -850.0 
875.0 -842.0 
872.0 -835.0 
871.0 -832.0 
859.0 -804.0 
874.0 -839.0 
873.0 -837.0 
882.0 -849.0 
866.0 -820.0 
857.0 -802.0 
860.0 -816.0 
865.0 -819.0 
856.0 -801.0 
894.0 -853.0 
868.0 -824.0 
880.0 -847.0 
877.0 -844.0 
870.0 -830.0 
885.0 -850.0 
875.0 -842.0 
872.0 -835.0 
871.0 -832.0 
859.0 -804.0 
873.0 -837.0 
874.0 -839.0 
882.0 -849.0 
857.0 -802.0 
866.0 -820.0 
865.0 -819.0 
856.0 -801.0 
894.0 -853.0 
868.0 -824.0 
880.0 -847.0 
877.0 -844.0 
870.0 -830.0 
885.0 -850.0 
875.0 -842.0 
872.0 -835.0 
873.0 -837.0 
871.0 -832.0 
859.0 -804.0 
874.0 -839.0 
882.0 -849.0 
857.0 -802.0 
866.0 -820.0 
865.0 -819.0 
856.0 -801.0 
894.0 -853.0 
868.0 -824.0 
880.0 -847.0 
877.0 -844.0 
870.0 -830.0 
885.0 -850.0 
875.0 -842.0 
872.0 -835.0 
871.0 -832.0 
873.0 -837.0 
859.0 -804.0 
