935.0 -856.0 -961.0
856.0 -801.0 -911.0
935.0 -856.0 -961.0
856.0 -801.0 -911.0
894.0 -853.0 -922.0
859.0 -804.0 -911.0
860.0 -816.0 -907.0
889.0 -851.0 -939.0
869.0 -825.0 -910.0
870.0 -830.0 -916.0
893.0 -852.0 -911.0
866.0 -820.0 -894.0
868.0 -824.0 -881.0
877.0 -844.0 -910.0
880.0 -847.0 -910.0
875.0 -842.0 -910.0
880.0 -847.0 -910.0
862.0 -818.0 -907.0
877.0 -844.0 -910.0
882.0 -849.0 -910.0
885.0 -850.0 -910.0
894.0 -853.0 -922.0
871.0 -832.0 -916.0
874.0 -839.0 -909.0
872.0 -835.0 -909.0
885.0 -850.0 -910.0
865.0 -819.0 -907.0
860.0 -816.0 -907.0
870.0 -830.0 -916.0
875.0 -842.0 -910.0
872.0 -835.0 -909.0
873.0 -837.0 -909.0
857.0 -802.0 -911.0
871.0 -832.0 -916.0
873.0 -837.0 -909.0
859.0 -804.0 -911.0
874.0 -839.0 -909.0
868.0 -824.0 -881.0
862.0 -818.0 -907.0
882.0 -849.0 -910.0
866.0 -820.0 -894.0
857.0 -802.0 -911.0
865.0 -819.0 -907.0
869.0 -825.0 -910.0
935.0 -856.0 -961.0
856.0 -801.0 -911.0
894.0 -853.0 -922.0
880.0 -847.0 -910.0
877.0 -844.0 -910.0
885.0 -850.0 -910.0
860.0 -816.0 -907.0
870.0 -830.0 -916.0
875.0 -842.0 -910.0
872.0 -835.0 -909.0
871.0 -832.0 -916.0
874.0 -839.0 -909.0
873.0 -837.0 -909.0
859.0 -804.0 -911.0
868.0 -824.0 -881.0
862.0 -818.0 -907.0
882.0 -849.0 -910.0
857.0 -802.0 -911.0
866.0 -820.0 -894.0
869.0 -825.0 -910.0
865.0 -819.0 -907.0
935.0 -856.0 -961.0
856.0 -801.0 -911.0
894.0 -853.0 -922.0
880.0 -847.0 -910.0
877.0 -844.0 -910.0
885.0 -850.0 -910.0
860.0 -816.0 -907.0
870.0 -830.0 -916.0
875.0 -842.0 -910.0
872.0 -835.0 -909.0
871.0 -832.0 -916.0
859.0 -804.0 -911.0
873.0 -837.0 -909.0
874.0 -839.0 -909.0
868.0 -824.0 -881.0
862.0 -818.0 -907.0
882.0 -849.0 -910.0
857.0 -802.0 -911.0
866.0 -820.0 -894.0
869.0 -825.0 -910.0
865.0 -819.0 -907.0
856.0 -801.0 -911.0
894.0 -853.0 -922.0
880.0 -847.0 -910.0
877.0 -844.0 -910.0
885.0 -850.0 -910.0
860.0 -816.0 -907.0
870.0 -830.0 -916.0
875.0 -842.0 -910.0
872.0 -835.0 -909.0
871.0 -832.0 -916.0
859.0 -804.0 -911.0
873.0 -837.0 -909.0
874.0 -839.0 -909.0
868.0 -824.0 -881.0
862.0 -818.0 -907.0
882.0 -849.0 -910.0
866.0 -820.0 -894.0
857.0 -802.0 -911.0
865.0 -819.0 -907.0
869.0 -825.0 -910.0
856.0 -801.0 -911.0
894.0 -853.0 -922.0
880.0 -847.0 -910.0
877.0 -844.0 -910.0
885.0 -850.0 -910.0
860.0 -816.0 -907.0
870.0 -830.0 -916.0
875.0 -842.0 -910.0
872.0 -835.0 -909.0
871.0 -832.0 -916.0
859.0 -804.0 -910.0
874.0 -839.0 -909.0
873.0 -837.0 -909.0
868.0 -824.0 -881.0
882.0 -849.0 -910.0
862.0 -818.0 -907.0
857.0 -802.0 -911.0
866.0 -820.0 -894.0
865.0 -819.0 -907.0
856.0 -801.0 -911.0
894.0 -853.0 -922.0
880.0 -847.0 -910.0
877.0 -844.0 -910.0
885.0 -850.0 -910.0
860.0 -816.0 -907.0
870.0 -830.0 -916.0
875.0 -842.0 -910.0
872.0 -835.0 -909.0
859.0 -804.0 -911.0
871.0 -832.0 -916.0
874.0 -839.0 -909.0
873.0 -837.0 -909.0
868.0 -824.0 -881.0
862.0 -818.0 -907.0
882.0 -849.0 -910.0
866.0 -820.0 -894.0
857.0 -802.0 -911.0
865.0 -819.0 -907.0
856.0 -801.0 -911.0
894.0 -853.0 -922.0
868.0 -824.0 -881.0
880.0 -847.0 -910.0
877.0 -844.0 -910.0
870.0 -830.0 -916.0
885.0 -850.0 -910.0
860.0 -816.0 -907.0
875.0 -842.0 -910.0
872.0 -835.0 -909.0
871.0 -832.0 -916.0
859.0 -804.0 -911.0
873.0 -837.0 -909.0
874.0 -839.0 -909.0
862.0 -818.0 -907.0
882.0 -849.0 -910.0
857.0 -802.0 -911.0
866.0 -820.0 -894.0
865.0 -819.0 -907.0
856.0 -801.0 -911.0
894.0 -853.0 -922.0
868.0 -824.0 -881.0
880.0 -847.0 -910.0
877.0 -844.0 -910.0
870.0 -830.0 -916.0
885.0 -850.0 -910.0
860.0 -816.0 -907.0
875.0 -842.0 -910.0
872.0 -835.0 -909.0
871.0 -832.0 -916.0
859.0 -804.0 -911.0
873.0 -837.0 -909.0
874.0 -839.0 -909.0
882.0 -849.0 -910.0
862.0 -818.0 -907.0
857.0 -802.0 -911.0
866.0 -820.0 -894.0
865.0 -819.0 -907.0
856.0 -801.0 -911.0
894.0 -853.0 -922.0
868.0 -824.0 -881.0
880.0 -847.0 -910.0
877.0 -844.0 -910.0
870.0 -830.0 -916.0
885.0 -850.0 -910.0
860.0 -816.0 -907.0
875.0 -842.0 -910.0
872.0 -835.0 -909.0
871.0 -832.0 -916.0
874.0 -839.0 -909.0
859.0 -804.0 -911.0
873.0 -837.0 -909.0
882.0 -849.0 -910.0
866.0 -820.0 -894.0
857.0 -802.0 -911.0
865.0 -819.0 -907.0
856.0 -801.0 -911.0
894.0 -853.0 -922.0
868.0 -824.0 -881.0
880.0 -847.0 -910.0
877.0 -844.0 -910.0
870.0 -830.0 -916.0
885.0 -850.0 -910.0
860.0 -816.0 -907.0
875.0 -842.0 -910.0
872.0 -835.0 -909.0
859.0 -804.0 -911.0
873.0 -837.0 -909.0
874.0 -839.0 -909.0
871.0 -832.0 -916.0
882.0 -849.0 -910.0
866.0 -820.0 -894.0
857.0 -802.0 -911.0
865.0 -819.0 -907.0
856.0 -801.0 -911.0
894.0 -853.0 -922.0
868.0 -824.0 -881.0
880.0 -847.0 -910.0
877.0 -844.0 -910.0
870.0 -830.0 -916.0
885.0 -850.0 -910.0
875.0 -842.0 -910.0
872.0 -835.0 -909.0
871.0 -832.0 -916.0
859.0 -804.0 -911.0
874.0 -839.0 -909.0
873.0 -837.0 -909.0
882.0 -849.0 -910.0
857.0 -802.0 -911.0
866.0 -820.0 -894.0
860.0 -816.0 -907.0
865.0 -819.0 -907.0
856.0 -801.0 -911.0
894.0 -853.0 -922.0
868.0 -824.0 -881.0
880.0 -847.0 -910.0
877.0 -844.0 -910.0
870.0 -830.0 -916.0
885.0 -850.0 -910.0
875.0 -842.0 -910.0
872.0 -835.0 -909.0
871.0 -832.0 -916.0
859.0 -804.0 -911.0
874.0 -839.0 -909.0
873.0 -837.0 -909.0
882.0 -849.0 -910.0
866.0 -820.0 -894.0
857.0 -802.0 -911.0
860.0 -816.0 -907.0
865.0 -819.0 -907.0
856.0 -801.0 -911.0
894.0 -853.0 -922.0
868.0 -824.0 -881.0
880.0 -847.0 -910.0
877.0 -844.0 -910.0
870.0 -830.0 -916.0
885.0 -850.0 -910.0
875.0 -842.0 -910.0
872.0 -835.0 -909.0
871.0 -832.0 -916.0
859.0 -804.0 -911.0
873.0 -837.0 -909.0
874.0 -839.0 -909.0
882.0 -849.0 -910.0
857.0 -802.0 -911.0
866.0 -820.0 -894.0
865.0 -819.0 -907.0
856.0 -801.0 -911.0
894.0 -853.0 -922.0
868.0 -824.0 -881.0
880.0 -847.0 -910.0
877.0 -844.0 -910.0
870.0 -830.0 -916.0
885.0 -850.0 -910.0
875.0 -842.0 -910.0
872.0 -835.0 -909.0
873.0 -837.0 -909.0
871.0 -832.0 -916.0
859.0 -804.0 -911.0
874.0 -839.0 -909.0
882.0 -849.0 -910.0
857.0 -802.0 -911.0
866.0 -820.0 -894.0
865.0 -819.0 -907.0
856.0 -801.0 -911.0
894.0 -853.0 -922.0
868.0 -824.0 -881.0
880.0 -847.0 -910.0
877.0 -844.0 -910.0
870.0 -830.0 -916.0
885.0 -850.0 -910.0
875.0 -842.0 -910.0
872.0 -835.0 -909.0
871.0 -832.0 -916.0
873.0 -837.0 -909.0
859.0 -804.0 -911.0
