214 -1296.2166666666667 300
215 -1292.46 300
216 -1290.76 300
217 -1291.15 300
218 -1290.7866666666666 300
219 -1290.2366666666667 300
220 -1290.1533333333334 300
221 -1290.7233333333334 300
222 -1289.3133333333333 300
223 -1287.5366666666666 300
224 -1287.1466666666668 300
225 -1286.51 300
226 -1286.12 300
227 -1286.2466666666667 300
228 -1285.51 300
229 -1284.7833333333333 300
230 -1284.9733333333334 300
231 -1283.9766666666667 300
232 -1282.14 300
233 -1280.4066666666668 300
234 -1277.59 300
235 -1276.2766666666666 300
236 -1273.1666666666667 300
237 -1269.7833333333333 300
238 -1264.2433333333333 300
239 -1263.8566666666666 300
240 -1261.6333333333334 300
241 -1260.6033333333332 300
242 -1256.5533333333333 300
243 -1260.8566666666666 300
244 -1264.5633333333333 300
245 -1265.41 300
246 -1260.6633333333334 300
247 -1257.72 300
248 -1256.9033333333334 300
249 -1254.8833333333334 300
250 -1256.22 300
251 -1255.1166666666666 300
252 -1251.3966666666668 300
253 -1245.2166666666667 300
254 -1246.4333333333334 300
255 -1247.42 300
256 -1247.7333333333333 300
257 -1246.3933333333334 300
258 -1245.9266666666667 300
259 -1243.9733333333334 300
260 -1241.3766666666668 300
261 -1241.7166666666667 300
262 -1239.3833333333334 300
263 -1240.6333333333334 300
264 -1239.2066666666667 300
265 -1239.0166666666667 300
266 -1241.88 300
267 -1242.33 300
268 -1239.95 300
269 -1237.1733333333334 300
270 -1238.1333333333334 300
271 -1235.24 300
272 -1231.5166666666667 300
273 -1229.6733333333334 300
274 -1226.79 300
275 -1226.6866666666667 300
276 -1227.8866666666668 300
277 -1228.15 300
278 -1229.81 300
279 -1231.1866666666667 300
280 -1230.5866666666666 300
281 -1231.16 300
282 -1232.04 300
283 -1231.8733333333332 300
284 -1231.8933333333334 300
285 -1231.85 300
286 -1231.65 300
287 -1230.8133333333333 300
288 -1229.9733333333334 300
289 -1229.02 300
290 -1227.3566666666666 300
291 -1224.1866666666667 300
292 -1220.39 300
293 -1211.8233333333333 300
294 -1212.1733333333334 300
295 -1211.9366666666667 300
296 -1211.7166666666667 300
297 -1212.7333333333333 300
298 -1212.1433333333334 300
299 -1211.3366666666666 300
300 -1207.6533333333334 300
301 -1206.5733333333333 300
302 -1206.3766666666668 300
303 -1206.3366666666666 300
304 -1206.0333333333333 300
305 -1206.1566666666668 300
306 -1205.8066666666666 300
307 -1205.5066666666667 300
308 -1202.6633333333334 300
309 -1195.7733333333333 300
310 -1198.9733333333334 300
311 -1204.2466666666667 300
312 -1204.2233333333334 300
313 -1203.8333333333333 300
314 -1203.3233333333333 300
315 -1202.2033333333334 300
316 -1203.57 300
317 -1204.7933333333333 300
318 -1204.8066666666666 300
319 -1204.2066666666667 300
320 -1204.0533333333333 300
321 -1204.1066666666666 300
322 -1204.0266666666666 300
323 -1203.4333333333334 300
324 -1202.2766666666666 300
325 -1202.3 300
326 -1200.44 300
327 -1197.0166666666667 300
328 -1189.92 300
329 -1183.82 300
330 -1184.3566666666666 300
331 -1185.2633333333333 300
332 -1186.7933333333333 300
333 -1184.7866666666666 300
334 -1184.8833333333334 300
335 -1187.2033333333334 300
336 -1190.0166666666667 300
337 -1192.8 300
338 -1190.9366666666667 300
339 -1191.72 300
340 -1192.39 300
341 -1193.0866666666666 300
342 -1194.42 300
343 -1195.8066666666666 300
344 -1198.2233333333334 300
345 -1200.6033333333332 300
346 -1199.3966666666668 300
347 -1197.2333333333333 300
348 -1196.3633333333332 300
349 -1195.48 300
350 -1191.45 300
351 -1189.4066666666668 300
352 -1185.7466666666667 300
353 -1183.0633333333333 300
354 -1183.9733333333334 300
355 -1186.11 300
356 -1188.86 300
357 -1189.0866666666666 300
358 -1183.6566666666668 300
359 -1178.7 300
360 -1179.22 300
361 -1179.4466666666667 300
362 -1180.2466666666667 300
363 -1180.2433333333333 300
364 -1180.5366666666666 300
365 -1178.2366666666667 300
366 -1177.9566666666667 300
367 -1178.3566666666666 300
368 -1178.9333333333334 300
369 -1179.67 300
370 -1178.8666666666666 300
371 -1179.47 300
372 -1179.92 300
373 -1176.5233333333333 300
374 -1174.82 300
375 -1174.2733333333333 300
376 -1172.83 300
377 -1173.45 300
378 -1174.4266666666667 300
379 -1173.2033333333334 300
380 -1173.44 300
381 -1173.9066666666668 300
382 -1174.3833333333334 300
383 -1174.5266666666666 300
384 -1175.52 300
385 -1174.8433333333332 300
386 -1174.1633333333334 300
387 -1173.4733333333334 300
388 -1174.3866666666668 300
389 -1174.5366666666666 300
390 -1174.62 300
391 -1174.0766666666666 300
392 -1173.23 300
393 -1173.6466666666668 300
394 -1172.91 300
395 -1171.8966666666668 300
396 -1169.63 300
397 -1170.3833333333334 300
398 -1170.8433333333332 300
399 -1171.3933333333334 300
400 -1173.4066666666668 300
401 -1172.6466666666668 300
402 -1172.8566666666666 300
403 -1170.85 300
404 -1170.4066666666668 300
405 -1171.62 300
406 -1171.0566666666666 300
407 -1169.6433333333334 300
408 -1164.9133333333334 300
409 -1162.6266666666668 300
410 -1163.28 300
411 -1163.5433333333333 300
412 -1163.4466666666667 300
413 -1155.8033333333333 300
414 -1153.0966666666666 300
415 -1153.11 300
416 -1153.8133333333333 300
417 -1156.3566666666666 300
418 -1155.65 300
419 -1153.8666666666666 300
420 -1151.84 300
421 -1154.0733333333333 300
422 -1151.9366666666667 300
423 -1149.0533333333333 300
424 -1148.4333333333334 300
425 -1149.0366666666666 300
426 -1149.6533333333334 300
427 -1150.5066666666667 300
428 -1148.7466666666667 300
429 -1149.55 300
430 -1149.9233333333334 300
431 -1151.73 300
432 -1149.7366666666667 300
433 -1147.8833333333334 300
434 -1147.9366666666667 300
435 -1148.2566666666667 300
436 -1142.8666666666666 300
437 -1141.7033333333334 300
438 -1145.1833333333334 300
439 -1144.7666666666667 300
440 -1144.1366666666668 300
441 -1145.29 300
442 -1146.8633333333332 300
443 -1147.4066666666668 300
444 -1149.1233333333332 300
445 -1148.5433333333333 300
446 -1147.5466666666666 300
447 -1144.4466666666667 300
448 -1145.0533333333333 300
449 -1145.4866666666667 300
450 -1145.8466666666666 300
451 -1146.5066666666667 300
452 -1147.2866666666666 300
453 -1148.0666666666666 300
454 -1149.19 300
455 -1146.87 300
456 -1145.2566666666667 300
457 -1143.5266666666666 300
458 -1147.22 300
459 -1149.4166666666667 300
460 -1150.88 300
461 -1150.16 300
462 -1149.3033333333333 300
463 -1149.64 300
464 -1148.18 300
465 -1150.7633333333333 300
466 -1148.2933333333333 300
467 -1145.1033333333332 300
468 -1149.2166666666667 300
469 -1146.36 300
470 -1142.7266666666667 300
471 -1142.8033333333333 300
472 -1141.85 300
473 -1143.1633333333334 300
474 -1142.19 300
475 -1140.5 300
476 -1143.0133333333333 300
477 -1141.42 300
478 -1136.5 300
479 -1135.39 300
480 -1136.8666666666666 300
481 -1138.23 300
482 -1135.5366666666666 300
483 -1136.3266666666666 300
484 -1136.99 300
485 -1138.22 300
486 -1133.5766666666666 300
487 -1130.83 300
488 -1120.4266666666667 300
489 -1116.0833333333333 300
490 -1116.1066666666666 300
491 -1116.16 300
492 -1116.35 300
493 -1116.1966666666667 300
494 -1116.0233333333333 300
495 -1116.9 300
496 -1117.1933333333334 300
497 -1117.5833333333333 300
498 -1117.8433333333332 300
499 -1118.47 300
500 -1116.49 300
501 -1116.0566666666666 300
502 -1116.1333333333334 300
503 -1116.1166666666666 300
504 -1116.1866666666667 300
505 -1116.7 300
506 -1116.7233333333334 300
507 -1116.5833333333333 300
508 -1115.4966666666667 300
509 -1115.56 300
510 -1116.8366666666666 300
511 -1116.86 300
512 -1116.2833333333333 300
513 -1116.0233333333333 300
514 -1116.1166666666666 300
515 -1117.0766666666666 300
516 -1117.37 300
517 -1118.1466666666668 300
518 -1118.82 300
519 -1119.4466666666667 300
520 -1120.8833333333334 300
521 -1120.1633333333334 300
522 -1123.22 300
523 -1121.7966666666666 300
524 -1118.1966666666667 300
525 -1115.91 300
526 -1115.7533333333333 300
527 -1113.0033333333333 300
528 -1112.2166666666667 300
529 -1112.59 300
530 -1112.5966666666666 300
531 -1112.5433333333333 300
532 -1112.65 300
533 -1112.48 300
534 -1112.1266666666668 300
535 -1112.1533333333334 300
536 -1110.8533333333332 300
537 -1110.9166666666667 300
538 -1110.73 300
539 -1110.5266666666666 300
540 -1110.2566666666667 300
541 -1109.2833333333333 300
542 -1107.79 300
543 -1106.5166666666667 300
544 -1107.0866666666666 300
545 -1111.0133333333333 300
546 -1111.0133333333333 300
547 -1111.0533333333333 300
548 -1110.9533333333334 300
549 -1110.76 300
550 -1110.79 300
551 -1110.5333333333333 300
552 -1111.0933333333332 300
553 -1111.2166666666667 300
554 -1110.95 300
555 -1110.8766666666668 300
556 -1110.35 300
557 -1109.78 300
558 -1109.0433333333333 300
559 -1106.97 300
560 -1104.18 300
561 -1104.4066666666668 300
562 -1102.15 300
563 -1102.1766666666667 300
564 -1100.69 300
565 -1099.8966666666668 300
566 -1098.7066666666667 300
567 -1098.24 300
568 -1097.1233333333332 300
569 -1094.1433333333334 300
570 -1089.7233333333334 300
571 -1089.8166666666666 300
572 -1088.6 300
573 -1090.2 300
574 -1088.5866666666666 300
575 -1083.72 300
576 -1090.7066666666667 300
577 -1097.61 300
578 -1099.0533333333333 300
579 -1107.6833333333334 300
580 -1104.7866666666666 300
581 -1098.5866666666666 300
582 -1100.6066666666666 300
583 -1100.08 300
584 -1101.3366666666666 300
585 -1102.5466666666666 300
586 -1103.6066666666666 300
587 -1104.4566666666667 300
588 -1101.1533333333334 300
589 -1102.7966666666666 300
590 -1103.0633333333333 300
591 -1094.1033333333332 300
592 -1093.4966666666667 300
593 -1093.8 300
594 -1093.1666666666667 300
595 -1093.43 300
596 -1088.5266666666666 300
597 -1088.05 300
598 -1087.3266666666666 300
599 -1085.64 300
600 -1082.5966666666666 300
601 -1078.5333333333333 300
602 -1078.58 300
603 -1078.8833333333334 300
604 -1078.6966666666667 300
605 -1079.1166666666666 300
606 -1079.5833333333333 300
607 -1079.6833333333334 300
608 -1081.4533333333334 300
609 -1081.9166666666667 300
610 -1077.27 300
611 -1072.58 300
612 -1057.33 300
613 -1052.3466666666666 300
614 -1052.58 300
615 -1053.9333333333334 300
616 -1057.0566666666666 300
617 -1059.0166666666667 300
618 -1064.5666666666666 300
619 -1072.0666666666666 300
620 -1067.4933333333333 300
621 -1062.24 300
622 -1054.78 300
623 -1054.92 300
624 -1054.8666666666666 300
625 -1059.1966666666667 300
626 -1064.1133333333332 300
627 -1053.3966666666668 300
628 -1057.3733333333332 300
629 -1062.8166666666666 300
630 -1062.96 300
631 -1054.7966666666666 300
632 -1050.65 300
633 -1047.0766666666666 300
634 -1042.6766666666667 300
635 -1043.5933333333332 300
636 -1042.01 300
637 -1042.6566666666668 300
638 -1043.5633333333333 300
639 -1045.1966666666667 300
640 -1046.5066666666667 300
641 -1042.14 300
642 -1043.02 300
643 -1044.3366666666666 300
644 -1045.15 300
645 -1047.2866666666666 300
646 -1052.6833333333334 300
647 -1056.9033333333334 300
648 -1059.58 300
649 -1055.1166666666666 300
650 -1044.24 300
651 -1039.9933333333333 300
652 -1039.9466666666667 300
653 -1039.9 300
654 -1040.54 300
655 -1040.42 300
656 -1040.2066666666667 300
657 -1039.9 300
658 -1039.2766666666666 300
659 -1037.9566666666667 300
660 -1035.34 300
661 -1038.6433333333334 300
662 -1036.74 300
663 -1034.67 300
664 -1030.75 300
665 -1021.4233333333333 300
666 -1017.09 300
667 -1018.2566666666667 300
668 -1019.5 300
669 -1021.0 300
670 -1023.2733333333333 300
671 -1027.05 300
672 -1035.01 300
673 -1040.9433333333334 300
674 -1041.3566666666666 300
675 -1041.5366666666666 300
676 -1041.5033333333333 300
677 -1041.0933333333332 300
678 -1041.1033333333332 300
679 -1041.91 300
680 -1041.9033333333334 300
681 -1041.93 300
682 -1041.9466666666667 300
683 -1042.3066666666666 300
684 -1041.76 300
685 -1041.76 300
686 -1041.76 300
687 -1041.76 300
688 -1041.76 300
689 -1041.6733333333334 300
690 -1041.5033333333333 300
691 -1040.5733333333333 300
692 -1040.6166666666666 300
693 -1040.66 300
694 -1040.7466666666667 300
695 -1040.65 300
696 -1040.6933333333334 300
697 -1040.65 300
698 -1040.64 300
699 -1040.1566666666668 300
700 -1039.6166666666666 300
701 -1038.57 300
702 -1036.38 300
703 -1031.16 300
704 -1025.2766666666666 300
705 -1024.9866666666667 300
706 -1024.7066666666667 300
707 -1024.7033333333334 300
708 -1026.16 300
709 -1028.76 300
710 -1023.36 300
711 -1021.1966666666667 300
712 -1015.2033333333334 300
713 -1009.07 300
714 -1011.5366666666666 300
715 -1015.1133333333333 300
716 -1016.03 300
717 -1014.2133333333334 300
718 -1019.7033333333334 300
719 -1025.7433333333333 300
720 -1025.54 300
721 -1031.5133333333333 300
722 -1029.5733333333333 300
723 -1023.11 300
724 -1010.98 300
725 -1006.0333333333333 300
726 -1007.5433333333333 300
727 -1007.88 300
728 -993.7966666666666 300
729 -993.64 300
730 -993.1366666666667 300
731 -993.2166666666667 300
732 -993.27 300
733 -993.3866666666667 300
734 -992.3466666666667 300
735 -988.61 300
736 -987.2566666666667 300
737 -987.34 300
738 -987.65 300
739 -987.79 300
740 -988.0266666666666 300
741 -988.7833333333333 300
742 -989.2233333333334 300
743 -989.1733333333333 300
744 -986.8133333333334 300
745 -984.4733333333334 300
746 -983.3466666666667 300
747 -980.9333333333333 300
748 -977.1533333333333 300
749 -976.3066666666666 300
750 -976.65 300
751 -977.11 300
752 -976.95 300
753 -974.09 300
754 -971.7166666666667 300
755 -970.1033333333334 300
756 -972.3666666666667 300
757 -974.5333333333333 300
758 -973.3966666666666 300
759 -972.8333333333334 300
760 -970.1066666666667 300
761 -964.2766666666666 300
762 -963.8766666666667 300
763 -962.7033333333334 300
764 -961.4233333333333 300
765 -950.1666666666666 300
766 -943.11 300
767 -942.63 300
768 -939.5533333333333 300
769 -940.6733333333333 300
770 -943.5833333333334 300
771 -943.7533333333333 300
772 -937.4266666666666 300
773 -939.75 300
774 -939.7766666666666 300
775 -939.9666666666667 300
776 -940.24 300
777 -940.0533333333333 300
778 -939.8933333333333 300
779 -939.4466666666667 300
780 -939.17 300
781 -938.8533333333334 300
782 -938.8433333333334 300
783 -938.5666666666667 300
784 -938.2533333333333 300
785 -937.8133333333334 300
786 -937.7833333333333 300
787 -937.7066666666667 300
788 -937.4466666666667 300
789 -938.4566666666667 300
790 -938.3666666666667 300
791 -938.3566666666667 300
792 -938.2266666666667 300
793 -938.27 300
794 -937.75 300
795 -934.7933333333333 300
796 -932.8533333333334 300
797 -931.6166666666667 300
798 -929.6833333333333 300
799 -930.5066666666667 300
800 -929.1966666666667 300
801 -926.34 300
802 -925.8733333333333 300
803 -925.2166666666667 300
804 -924.3366666666667 300
805 -922.36 300
806 -918.3933333333333 300
807 -912.98 300
808 -911.9366666666666 300
809 -914.7933333333333 300
810 -905.2766666666666 300
811 -905.43 300
812 -906.44 300
813 -907.85 300
814 -908.85 300
815 -904.8033333333333 300
816 -896.16 300
817 -893.1 300
818 -890.1566666666666 300
819 -890.85 300
820 -891.7266666666667 300
821 -890.1166666666667 300
822 -891.2433333333333 300
823 -888.33 300
824 -885.4633333333334 300
825 -885.04 300
826 -885.08 300
827 -885.0866666666667 300
828 -885.0433333333333 300
829 -884.9533333333334 300
830 -884.6133333333333 300
831 -884.7533333333333 300
832 -884.85 300
833 -885.2366666666667 300
834 -885.42 300
835 -886.0866666666667 300
836 -886.2266666666667 300
837 -887.0633333333334 300
838 -886.9233333333333 300
839 -885.6533333333333 300
840 -885.22 300
841 -883.4433333333334 300
842 -887.4533333333334 300
843 -887.5933333333334 300
844 -888.2133333333334 300
845 -884.97 300
846 -885.1066666666667 300
847 -885.1833333333333 300
848 -884.4266666666666 300
849 -883.2233333333334 300
850 -883.7033333333334 300
851 -883.6533333333333 300
852 -883.7066666666667 300
853 -883.71 300
854 -883.6566666666666 300
855 -883.6 300
856 -883.6033333333334 300
857 -883.6033333333334 300
858 -883.7033333333334 300
859 -883.47 300
860 -883.2866666666666 300
861 -883.4266666666666 300
862 -883.4266666666666 300
863 -883.5166666666667 300
864 -883.6933333333334 300
865 -883.9833333333333 300
866 -884.3533333333334 300
867 -885.3933333333333 300
868 -886.4133333333333 300
869 -889.1366666666667 300
870 -891.7566666666667 300
871 -891.46 300
872 -892.7866666666666 300
873 -883.4033333333333 300
874 -883.4033333333333 300
875 -883.31 300
876 -882.8733333333333 300
877 -882.33 300
878 -882.07 300
879 -882.0633333333334 300
880 -882.23 300
881 -882.2466666666667 300
882 -882.4333333333333 300
883 -882.88 300
884 -882.6466666666666 300
885 -882.6566666666666 300
886 -882.76 300
887 -882.7033333333334 300
888 -882.0333333333333 300
889 -882.12 300
890 -882.2066666666667 300
891 -882.2966666666666 300
892 -882.47 300
893 -882.6466666666666 300
894 -883.08 300
895 -883.6833333333333 300
896 -884.4533333333334 300
897 -885.7266666666667 300
898 -886.4266666666666 300
899 -882.6666666666666 300
900 -882.6 300
901 -882.3433333333334 300
902 -882.4433333333334 300
903 -882.4266666666666 300
904 -882.38 300
905 -882.3433333333334 300
906 -882.2233333333334 300
907 -881.9433333333334 300
908 -881.88 300
909 -881.7533333333333 300
910 -881.4033333333333 300
911 -881.5066666666667 300
912 -881.66 300
913 -881.86 300
914 -882.0066666666667 300
915 -882.4833333333333 300
916 -883.49 300
917 -885.5133333333333 300
918 -888.0333333333333 300
919 -890.0833333333334 300
920 -888.5433333333333 300
921 -885.7233333333334 300
922 -883.52 300
923 -883.5733333333334 300
924 -883.4666666666667 300
925 -883.6733333333333 300
926 -883.72 300
927 -883.6566666666666 300
928 -883.6433333333333 300
929 -883.6966666666667 300
930 -883.3933333333333 300
931 -882.92 300
932 -883.4766666666667 300
933 -878.7666666666667 300
934 -878.85 300
935 -880.41 300
936 -883.02 300
937 -884.22 300
938 -884.2433333333333 300
939 -884.1466666666666 300
940 -884.1233333333333 300
941 -884.1333333333333 300
942 -884.1366666666667 300
943 -884.1866666666666 300
944 -884.2333333333333 300
945 -884.4533333333334 300
946 -884.5133333333333 300
947 -884.5733333333334 300
948 -884.7266666666667 300
949 -882.8 300
950 -882.8033333333333 300
951 -882.8033333333333 300
952 -882.8466666666667 300
953 -882.9366666666666 300
954 -882.9533333333334 300
955 -883.0133333333333 300
956 -883.5 300
957 -884.69 300
958 -886.3033333333333 300
959 -888.9166666666666 300
960 -891.9366666666666 300
961 -891.0233333333333 300
962 -889.0766666666667 300
963 -886.2 300
964 -883.7 300
965 -883.8333333333334 300
966 -883.8433333333334 300
967 -883.8233333333334 300
968 -883.3766666666667 300
969 -883.76 300
970 -883.8533333333334 300
971 -883.8166666666667 300
972 -883.7333333333333 300
973 -883.6233333333333 300
974 -883.4766666666667 300
975 -883.0966666666667 300
976 -882.9466666666667 300
977 -882.6466666666666 300
978 -882.17 300
979 -881.39 300
980 -882.1266666666667 300
981 -880.8333333333334 300
982 -878.15 300
983 -879.28 300
984 -882.3633333333333 300
985 -882.6266666666667 300
986 -882.0666666666667 300
987 -882.4933333333333 300
988 -881.6233333333333 300
989 -882.9266666666666 300
990 -882.8866666666667 300
991 -882.8033333333333 300
992 -882.5866666666667 300
993 -882.2433333333333 300
994 -881.7733333333333 300
995 -880.52 300
996 -878.3233333333334 300
997 -874.6633333333333 300
998 -873.7233333333334 300
999 -874.6 300
1000 -875.7266666666667 300
1001 -877.2533333333333 300
1002 -879.9 300
1003 -882.5333333333333 300
1004 -882.5333333333333 300
1005 -882.5366666666666 300
1006 -882.6333333333333 300
1007 -882.48 300
1008 -882.48 300
1009 -882.4833333333333 300
1010 -882.49 300
1011 -882.4966666666667 300
1012 -882.54 300
1013 -882.5433333333333 300
1014 -882.5066666666667 300
1015 -882.51 300
1016 -882.5133333333333 300
1017 -882.6266666666667 300
1018 -882.6366666666667 300
1019 -882.7366666666667 300
1020 -882.6 300
1021 -882.6066666666667 300
1022 -882.61 300
1023 -882.6166666666667 300
1024 -882.6233333333333 300
1025 -882.63 300
1026 -882.6433333333333 300
1027 -882.65 300
1028 -882.6566666666666 300
1029 -882.6633333333333 300
1030 -882.6666666666666 300
1031 -882.67 300
1032 -882.6833333333333 300
1033 -882.7066666666667 300
1034 -882.7933333333333 300
1035 -882.93 300
1036 -882.9533333333334 300
1037 -883.0066666666667 300
1038 -883.1133333333333 300
1039 -883.0666666666667 300
1040 -883.22 300
1041 -882.9966666666667 300
1042 -882.9033333333333 300
1043 -882.7133333333334 300
1044 -882.4766666666667 300
1045 -882.3266666666667 300
1046 -882.3733333333333 300
1047 -882.3266666666667 300
1048 -882.3266666666667 300
1049 -882.2766666666666 300
1050 -882.23 300
1051 -882.2166666666667 300
1052 -882.2 300
1053 -882.25 300
1054 -882.2566666666667 300
1055 -882.35 300
1056 -882.3533333333334 300
1057 -882.3533333333334 300
1058 -882.3533333333334 300
1059 -882.35 300
1060 -882.4566666666667 300
1061 -882.4566666666667 300
1062 -882.4566666666667 300
1063 -882.2733333333333 300
1064 -882.2666666666667 300
1065 -882.2666666666667 300
1066 -882.2666666666667 300
1067 -882.2666666666667 300
1068 -882.2666666666667 300
1069 -882.2666666666667 300
1070 -882.2666666666667 300
1071 -882.31 300
1072 -882.31 300
1073 -882.31 300
1074 -882.31 300
1075 -882.1966666666667 300
1076 -882.2233333333334 300
1077 -882.2233333333334 300
1078 -882.31 300
1079 -882.22 300
1080 -882.22 300
1081 -882.22 300
1082 -882.2233333333334 300
1083 -882.2233333333334 300
1084 -882.2233333333334 300
1085 -882.1233333333333 300
1086 -882.1266666666667 300
1087 -882.13 300
1088 -882.13 300
1089 -882.1266666666667 300
1090 -882.1266666666667 300
1091 -882.1233333333333 300
1092 -882.0533333333333 300
1093 -881.9533333333334 300
1094 -882.0933333333334 300
1095 -882.1366666666667 300
1096 -882.14 300
1097 -882.14 300
1098 -882.2366666666667 300
1099 -882.2433333333333 300
1100 -882.26 300
1101 -882.17 300
1102 -882.1933333333334 300
1103 -882.0866666666667 300
1104 -882.2033333333334 300
1105 -882.2 300
1106 -882.3366666666667 300
1107 -881.9433333333334 300
1108 -882.0533333333333 300
1109 -882.0566666666666 300
1110 -882.0566666666666 300
1111 -882.0566666666666 300
1112 -882.06 300
1113 -882.06 300
1114 -882.02 300
1115 -882.0166666666667 300
1116 -882.06 300
1117 -882.1 300
1118 -882.0566666666666 300
1119 -882.0133333333333 300
1120 -882.0133333333333 300
1121 -882.0133333333333 300
1122 -882.1033333333334 300
1123 -882.1033333333334 300
1124 -882.1033333333334 300
1125 -882.1466666666666 300
1126 -882.2 300
1127 -882.2066666666667 300
1128 -882.21 300
1129 -882.22 300
1130 -882.1233333333333 300
1131 -882.1233333333333 300
1132 -882.12 300
1133 -882.24 300
1134 -882.1433333333333 300
1135 -882.3366666666667 300
1136 -882.3366666666667 300
1137 -882.38 300
1138 -882.0433333333333 300
1139 -882.0433333333333 300
1140 -882.0433333333333 300
1141 -882.0 300
1142 -882.0 300
1143 -882.0 300
1144 -882.0 300
1145 -882.0433333333333 300
1146 -882.0 300
1147 -882.0 300
1148 -881.9566666666667 300
1149 -882.0 300
1150 -881.9966666666667 300
1151 -881.9866666666667 300
1152 -881.98 300
1153 -881.97 300
1154 -882.0 300
1155 -881.9333333333333 300
1156 -881.8766666666667 300
1157 -881.9966666666667 300
1158 -881.9966666666667 300
1159 -881.9933333333333 300
1160 -881.9933333333333 300
1161 -881.9566666666667 300
1162 -881.9833333333333 300
1163 -881.7233333333334 300
1164 -881.42 300
1165 -880.8566666666667 300
1166 -881.9566666666667 300
1167 -881.9566666666667 300
1168 -882.0 300
1169 -882.0 300
1170 -882.0866666666667 300
1171 -882.14 300
1172 -882.14 300
1173 -882.2366666666667 300
1174 -882.2366666666667 300
1175 -882.0533333333333 300
1176 -881.9566666666667 300
1177 -881.8266666666667 300
1178 -881.6533333333333 300
1179 -881.61 300
1180 -881.3933333333333 300
1181 -880.96 300
1182 -880.6166666666667 300
1183 -879.92 300
1184 -877.7533333333333 300
1185 -873.81 300
1186 -874.5466666666666 300
1187 -875.63 300
1188 -876.67 300
1189 -878.0566666666666 300
1190 -879.7033333333334 300
1191 -878.4033333333333 300
1192 -878.89 300
1193 -881.4466666666667 300
1194 -880.8833333333333 300
1195 -881.89 300
1196 -881.9333333333333 300
1197 -881.9366666666666 300
1198 -882.4333333333333 300
1199 -883.0166666666667 300
1200 -883.9833333333333 300
1201 -885.1433333333333 300
1202 -886.0133333333333 300
1203 -886.0533333333333 300
1204 -882.53 300
1205 -882.3266666666667 300
1206 -882.3266666666667 300
1207 -882.37 300
1208 -882.4133333333333 300
1209 -882.51 300
1210 -882.4133333333333 300
1211 -882.4133333333333 300
1212 -882.37 300
1213 -882.37 300
1214 -882.37 300
1215 -882.37 300
1216 -882.37 300
1217 -882.37 300
1218 -882.37 300
1219 -882.3166666666667 300
1220 -882.3166666666667 300
1221 -882.3166666666667 300
1222 -882.3166666666667 300
1223 -882.3633333333333 300
1224 -882.41 300
1225 -882.5966666666667 300
1226 -882.7333333333333 300
1227 -882.7766666666666 300
1228 -882.95 300
1229 -883.12 300
1230 -883.2 300
1231 -883.14 300
1232 -883.3566666666667 300
1233 -883.4866666666667 300
1234 -883.53 300
1235 -883.5733333333334 300
1236 -883.6166666666667 300
1237 -883.66 300
1238 -883.7033333333334 300
1239 -883.7466666666667 300
1240 -882.62 300
1241 -882.62 300
1242 -882.7166666666667 300
1243 -882.7166666666667 300
1244 -882.7166666666667 300
1245 -882.5433333333333 300
1246 -882.5433333333333 300
1247 -882.5433333333333 300
1248 -882.5433333333333 300
1249 -882.5866666666667 300
1250 -882.6733333333333 300
1251 -882.6733333333333 300
1252 -882.72 300
1253 -882.6666666666666 300
1254 -882.8 300
1255 -882.8866666666667 300
1256 -882.9733333333334 300
1257 -883.2366666666667 300
1258 -883.6733333333333 300
1259 -884.33 300
1260 -884.7266666666667 300
1261 -885.0766666666667 300
1262 -885.65 300
1263 -885.9733333333334 300
1264 -886.42 300
1265 -886.7433333333333 300
1266 -887.1866666666666 300
1267 -886.3433333333334 300
1268 -886.61 300
1269 -886.58 300
1270 -886.4166666666666 300
1271 -886.9033333333333 300
1272 -887.2066666666667 300
1273 -887.24 300
1274 -887.2533333333333 300
1275 -887.1033333333334 300
1276 -886.97 300
1277 -885.9533333333334 300
1278 -884.11 300
1279 -883.9733333333334 300
1280 -884.0266666666666 300
1281 -884.0333333333333 300
1282 -884.22 300
1283 -884.2766666666666 300
1284 -884.38 300
1285 -884.4466666666667 300
1286 -883.17 300
1287 -883.1966666666667 300
1288 -883.2533333333333 300
1289 -883.1933333333334 300
1290 -883.3533333333334 300
1291 -883.4266666666666 300
1292 -883.5966666666667 300
1293 -883.9233333333333 300
1294 -884.3066666666666 300
1295 -884.2033333333334 300
1296 -884.3066666666666 300
1297 -883.94 300
1298 -883.98 300
1299 -883.97 300
1300 -883.7366666666667 300
1301 -883.57 300
1302 -883.57 300
1303 -883.5733333333334 300
1304 -883.6233333333333 300
1305 -883.6666666666666 300
1306 -883.7133333333334 300
1307 -883.76 300
1308 -883.8033333333333 300
1309 -883.7133333333334 300
1310 -883.7166666666667 300
1311 -883.85 300
1312 -883.94 300
1313 -884.0233333333333 300
1314 -884.0366666666666 300
1315 -884.13 300
1316 -884.14 300
1317 -884.1866666666666 300
1318 -884.1 300
1319 -884.03 300
1320 -884.0766666666667 300
1321 -884.21 300
1322 -884.3 300
1323 -884.4366666666666 300
1324 -884.4766666666667 300
1325 -884.5266666666666 300
1326 -884.7166666666667 300
1327 -884.83 300
1328 -884.9766666666667 300
1329 -882.66 300
1330 -882.66 300
1331 -882.5166666666667 300
1332 -882.4166666666666 300
1333 -882.42 300
1334 -882.42 300
1335 -882.42 300
1336 -882.42 300
1337 -882.42 300
1338 -882.4233333333333 300
1339 -882.4233333333333 300
1340 -882.4233333333333 300
1341 -882.4233333333333 300
1342 -882.43 300
1343 -882.4333333333333 300
1344 -882.4333333333333 300
1345 -882.4333333333333 300
1346 -882.4366666666666 300
1347 -882.4433333333334 300
1348 -882.4266666666666 300
1349 -882.4266666666666 300
1350 -882.4333333333333 300
1351 -882.4333333333333 300
1352 -882.5333333333333 300
1353 -882.5433333333333 300
1354 -882.55 300
1355 -882.53 300
1356 -882.59 300
1357 -882.49 300
1358 -882.4433333333334 300
1359 -882.4466666666667 300
1360 -882.45 300
1361 -882.59 300
1362 -882.59 300
1363 -882.5933333333334 300
1364 -882.5966666666667 300
1365 -882.59 300
1366 -882.73 300
1367 -882.7333333333333 300
1368 -882.78 300
1369 -882.6966666666667 300
1370 -882.6966666666667 300
1371 -882.7 300
1372 -882.7 300
1373 -882.4233333333333 300
1374 -882.3833333333333 300
1375 -882.3866666666667 300
1376 -882.3866666666667 300
1377 -882.2866666666666 300
1378 -882.2866666666666 300
1379 -882.29 300
1380 -882.29 300
1381 -882.3866666666667 300
1382 -882.3866666666667 300
1383 -882.3866666666667 300
1384 -882.3433333333334 300
1385 -882.3433333333334 300
1386 -882.3433333333334 300
1387 -882.3433333333334 300
1388 -882.3433333333334 300
1389 -882.3433333333334 300
1390 -882.2466666666667 300
1391 -882.2466666666667 300
1392 -882.2466666666667 300
1393 -882.3433333333334 300
1394 -882.2466666666667 300
1395 -882.2466666666667 300
1396 -882.2466666666667 300
1397 -882.2466666666667 300
1398 -882.2 300
1399 -882.2 300
1400 -882.2 300
1401 -882.2 300
1402 -882.2 300
1403 -882.2 300
1404 -882.2 300
1405 -882.2 300
1406 -882.2 300
1407 -882.2 300
1408 -882.2433333333333 300
1409 -882.2433333333333 300
1410 -882.1566666666666 300
1411 -882.1533333333333 300
1412 -882.1533333333333 300
1413 -882.2 300
1414 -882.2 300
1415 -882.2433333333333 300
1416 -882.33 300
1417 -882.33 300
1418 -882.33 300
1419 -882.33 300
1420 -882.2866666666666 300
1421 -882.2866666666666 300
1422 -882.33 300
1423 -882.3266666666667 300
1424 -882.1866666666666 300
1425 -882.09 300
1426 -882.09 300
1427 -882.09 300
1428 -882.09 300
1429 -882.09 300
1430 -882.09 300
1431 -882.09 300
1432 -882.09 300
1433 -882.09 300
1434 -882.09 300
1435 -882.09 300
1436 -882.09 300
1437 -882.09 300
1438 -882.09 300
1439 -882.09 300
1440 -882.2833333333333 300
1441 -882.1866666666666 300
1442 -882.19 300
1443 -882.3833333333333 300
1444 -882.3866666666667 300
1445 -882.2866666666666 300
1446 -882.24 300
1447 -882.24 300
1448 -882.2333333333333 300
1449 -882.1166666666667 300
1450 -881.9966666666667 300
1451 -881.9766666666667 300
1452 -881.6066666666667 300
1453 -881.0933333333334 300
1454 -881.7766666666666 300
1455 -881.56 300
1456 -881.3266666666667 300
1457 -881.2833333333333 300
1458 -881.2866666666666 300
1459 -881.2866666666666 300
1460 -881.2866666666666 300
1461 -881.29 300
1462 -881.29 300
1463 -881.2966666666666 300
1464 -881.2966666666666 300
1465 -881.34 300
1466 -881.33 300
1467 -881.4533333333334 300
1468 -881.49 300
1469 -881.49 300
1470 -881.4933333333333 300
1471 -881.4966666666667 300
1472 -881.46 300
1473 -881.51 300
1474 -881.5466666666666 300
1475 -881.6366666666667 300
1476 -881.7733333333333 300
1477 -882.0933333333334 300
1478 -882.4033333333333 300
1479 -882.7133333333334 300
1480 -882.63 300
1481 -882.6633333333333 300
1482 -882.5333333333333 300
1483 -882.4266666666666 300
1484 -881.4533333333334 300
1485 -881.4066666666666 300
1486 -881.4066666666666 300
1487 -881.4066666666666 300
1488 -881.4066666666666 300
1489 -881.4066666666666 300
1490 -881.4566666666667 300
1491 -881.4566666666667 300
1492 -881.4566666666667 300
1493 -881.5 300
1494 -881.5 300
1495 -881.36 300
1496 -881.36 300
1497 -881.4033333333333 300
1498 -881.4033333333333 300
1499 -881.4033333333333 300
1500 -881.4466666666667 300
1501 -881.4466666666667 300
1502 -881.4466666666667 300
1503 -881.5433333333333 300
1504 -881.5433333333333 300
1505 -881.3166666666667 300
1506 -881.3166666666667 300
1507 -881.36 300
1508 -881.36 300
1509 -881.36 300
1510 -881.36 300
1511 -881.36 300
1512 -881.3633333333333 300
1513 -881.3633333333333 300
1514 -881.41 300
1515 -881.6966666666667 300
1516 -881.8833333333333 300
1517 -881.7533333333333 300
1518 -881.7233333333334 300
1519 -881.7733333333333 300
1520 -881.7966666666666 300
1521 -881.8333333333334 300
1522 -881.8966666666666 300
1523 -882.03 300
1524 -882.1666666666666 300
1525 -881.7866666666666 300
1526 -881.7833333333333 300
1527 -881.7933333333333 300
1528 -881.98 300
1529 -882.1333333333333 300
1530 -882.1466666666666 300
1531 -882.1733333333333 300
1532 -882.0733333333334 300
1533 -882.0066666666667 300
1534 -881.9966666666667 300
1535 -881.8466666666667 300
1536 -881.5533333333333 300
1537 -881.19 300
1538 -881.28 300
1539 -881.2766666666666 300
1540 -881.27 300
1541 -881.24 300
1542 -881.2366666666667 300
1543 -881.2333333333333 300
1544 -881.23 300
1545 -881.1733333333333 300
1546 -881.05 300
1547 -880.81 300
1548 -880.6033333333334 300
1549 -880.6133333333333 300
1550 -880.6666666666666 300
1551 -880.6866666666666 300
1552 -880.7433333333333 300
1553 -880.7666666666667 300
1554 -880.8333333333334 300
1555 -880.6466666666666 300
1556 -880.7333333333333 300
1557 -880.7033333333334 300
1558 -880.3566666666667 300
1559 -880.3633333333333 300
1560 -880.3266666666667 300
1561 -880.3333333333334 300
1562 -880.34 300
1563 -880.3266666666667 300
1564 -880.3433333333334 300
1565 -880.36 300
1566 -880.26 300
1567 -880.3233333333334 300
1568 -880.3033333333333 300
1569 -880.29 300
1570 -880.2966666666666 300
1571 -880.3666666666667 300
1572 -880.52 300
1573 -880.4266666666666 300
1574 -880.45 300
1575 -880.47 300
1576 -880.49 300
1577 -880.6266666666667 300
1578 -880.6533333333333 300
1579 -880.5233333333333 300
1580 -880.1966666666667 300
1581 -880.1966666666667 300
1582 -880.1 300
1583 -880.1433333333333 300
1584 -880.1433333333333 300
1585 -880.1433333333333 300
1586 -880.1433333333333 300
1587 -880.1433333333333 300
1588 -880.1433333333333 300
1589 -880.1433333333333 300
1590 -880.1 300
1591 -880.1 300
1592 -880.1 300
1593 -880.1 300
1594 -880.1 300
1595 -880.1 300
1596 -880.1 300
1597 -880.1433333333333 300
1598 -880.1433333333333 300
1599 -880.1433333333333 300
1600 -880.09 300
1601 -880.1333333333333 300
1602 -880.1333333333333 300
1603 -880.0366666666666 300
1604 -879.8533333333334 300
1605 -879.66 300
1606 -879.2733333333333 300
1607 -878.9866666666667 300
1608 -878.6533333333333 300
1609 -878.5566666666666 300
1610 -878.5566666666666 300
1611 -879.7166666666667 300
1612 -879.7166666666667 300
1613 -879.76 300
1614 -879.6633333333333 300
1615 -879.5233333333333 300
1616 -879.3266666666667 300
1617 -879.0366666666666 300
1618 -878.4033333333333 300
1619 -877.5333333333333 300
1620 -876.18 300
1621 -873.28 300
1622 -876.0833333333334 300
1623 -874.6333333333333 300
1624 -870.7133333333334 300
1625 -862.7833333333333 300
1626 -857.6733333333333 300
1627 -857.8666666666667 300
1628 -852.2633333333333 300
1629 -852.2633333333333 300
1630 -852.1133333333333 300
1631 -852.16 300
1632 -851.97 300
1633 -851.97 300
1634 -852.0166666666667 300
1635 -851.8766666666667 300
1636 -851.8766666666667 300
1637 -851.9633333333334 300
1638 -851.9666666666667 300
1639 -852.0533333333333 300
1640 -852.0566666666666 300
1641 -852.1533333333333 300
1642 -852.29 300
1643 -852.4266666666666 300
1644 -852.3833333333333 300
1645 -851.9966666666667 300
1646 -851.9966666666667 300
1647 -851.9966666666667 300
1648 -851.91 300
1649 -851.5633333333334 300
1650 -851.5666666666667 300
1651 -851.3933333333333 300
1652 -851.3966666666666 300
1653 -851.4 300
1654 -851.1633333333333 300
1655 -851.1633333333333 300
1656 -850.9866666666667 300
1657 -850.9166666666666 300
1658 -850.86 300
1659 -850.58 300
1660 -849.88 300
1661 -848.6633333333333 300
1662 -846.1433333333333 300
1663 -841.5233333333333 300
1664 -839.4666666666667 300
1665 -841.82 300
1666 -839.3333333333334 300
1667 -841.6833333333333 300
1668 -845.36 300
1669 -849.3466666666667 300
1670 -847.8933333333333 300
1671 -846.4166666666666 300
1672 -844.65 300
1673 -844.78 300
1674 -845.17 300
1675 -845.9233333333333 300
1676 -847.28 300
1677 -848.8533333333334 300
1678 -851.0266666666666 300
1679 -855.3066666666666 300
1680 -856.3966666666666 300
1681 -856.3966666666666 300
1682 -856.3966666666666 300
1683 -856.3966666666666 300
1684 -856.3966666666666 300
1685 -856.3966666666666 300
1686 -856.3966666666666 300
1687 -856.31 300
1688 -856.3533333333334 300
1689 -856.44 300
1690 -856.44 300
1691 -856.4833333333333 300
1692 -856.5966666666667 300
1693 -856.6866666666666 300
1694 -856.8066666666666 300
1695 -856.8066666666666 300
1696 -856.8333333333334 300
1697 -856.77 300
1698 -856.7533333333333 300
1699 -856.7966666666666 300
1700 -856.8233333333334 300
1701 -856.45 300
1702 -856.45 300
1703 -856.45 300
1704 -856.45 300
1705 -856.45 300
1706 -856.5466666666666 300
1707 -856.45 300
1708 -856.45 300
1709 -856.45 300
1710 -856.45 300
1711 -856.45 300
1712 -856.45 300
1713 -856.05 300
1714 -856.05 300
1715 -856.05 300
1716 -856.1466666666666 300
1717 -856.1466666666666 300
1718 -856.1466666666666 300
1719 -856.1466666666666 300
1720 -856.15 300
1721 -856.1566666666666 300
1722 -856.2566666666667 300
1723 -856.1633333333333 300
1724 -856.21 300
1725 -856.2166666666667 300
1726 -856.23 300
1727 -856.2633333333333 300
1728 -856.33 300
1729 -856.4433333333334 300
1730 -856.6033333333334 300
1731 -856.7466666666667 300
1732 -856.9033333333333 300
1733 -856.91 300
1734 -856.91 300
1735 -856.9066666666666 300
1736 -856.7433333333333 300
1737 -856.3933333333333 300
1738 -856.32 300
1739 -856.3233333333334 300
1740 -856.33 300
1741 -856.3366666666667 300
1742 -856.3533333333334 300
1743 -856.37 300
1744 -856.3933333333333 300
1745 -856.4333333333333 300
1746 -856.4866666666667 300
1747 -856.5866666666667 300
1748 -856.66 300
1749 -856.87 300
1750 -857.1733333333333 300
1751 -857.51 300
1752 -857.1266666666667 300
1753 -857.1266666666667 300
1754 -857.1266666666667 300
1755 -857.1266666666667 300
1756 -857.1266666666667 300
1757 -857.1733333333333 300
1758 -857.13 300
1759 -857.13 300
1760 -857.1333333333333 300
1761 -857.13 300
1762 -857.13 300
1763 -857.13 300
1764 -857.1866666666666 300
1765 -857.1333333333333 300
1766 -857.0933333333334 300
1767 -857.05 300
1768 -856.92 300
1769 -856.79 300
1770 -856.5266666666666 300
1771 -855.8 300
1772 -854.4133333333333 300
1773 -851.4233333333333 300
1774 -853.33 300
1775 -855.28 300
1776 -853.3766666666667 300
1777 -854.2433333333333 300
1778 -855.9266666666666 300
1779 -857.1766666666666 300
1780 -857.1766666666666 300
1781 -857.1766666666666 300
1782 -857.1766666666666 300
1783 -857.1766666666666 300
1784 -857.1766666666666 300
1785 -857.1766666666666 300
1786 -857.1766666666666 300
1787 -857.22 300
1788 -857.22 300
1789 -857.1766666666666 300
1790 -857.1766666666666 300
1791 -857.18 300
1792 -857.2766666666666 300
1793 -857.1866666666666 300
1794 -857.1866666666666 300
1795 -857.1866666666666 300
1796 -857.3233333333334 300
1797 -857.2166666666667 300
1798 -857.2166666666667 300
1799 -857.2166666666667 300
1800 -857.32 300
1801 -857.32 300
1802 -857.6166666666667 300
1803 -857.91 300
1804 -858.15 300
1805 -858.2833333333333 300
1806 -858.24 300
1807 -858.4433333333334 300
1808 -858.5533333333333 300
1809 -858.52 300
1810 -857.49 300
1811 -856.97 300
1812 -855.8633333333333 300
1813 -854.4866666666667 300
1814 -852.2 300
1815 -852.02 300
1816 -852.8 300
1817 -854.4133333333333 300
1818 -856.03 300
1819 -855.9666666666667 300
1820 -855.4033333333333 300
1821 -854.32 300
1822 -852.8033333333333 300
1823 -852.6733333333333 300
1824 -852.5866666666667 300
1825 -852.6733333333333 300
1826 -852.6733333333333 300
1827 -852.6733333333333 300
1828 -852.6733333333333 300
1829 -852.7166666666667 300
1830 -852.7166666666667 300
1831 -852.8033333333333 300
1832 -852.8466666666667 300
1833 -852.76 300
1834 -852.76 300
1835 -855.0133333333333 300
1836 -853.2833333333333 300
1837 -852.29 300
1838 -853.4933333333333 300
1839 -855.6966666666667 300
1840 -856.1666666666666 300
1841 -855.8666666666667 300
1842 -855.3666666666667 300
1843 -854.82 300
1844 -854.1366666666667 300
1845 -854.0533333333333 300
1846 -852.5033333333333 300
1847 -854.5066666666667 300
1848 -853.6666666666666 300
1849 -851.4566666666667 300
1850 -846.69 300
1851 -846.82 300
1852 -847.08 300
1853 -847.1666666666666 300
1854 -844.61 300
1855 -844.61 300
1856 -844.6133333333333 300
1857 -844.6566666666666 300
1858 -844.5733333333334 300
1859 -844.2666666666667 300
1860 -844.2666666666667 300
1861 -844.3533333333334 300
1862 -844.3966666666666 300
1863 -844.13 300
1864 -844.13 300
1865 -844.17 300
1866 -844.13 300
1867 -844.1733333333333 300
1868 -844.2166666666667 300
1869 -844.2166666666667 300
1870 -844.2166666666667 300
1871 -844.2166666666667 300
1872 -844.3133333333334 300
1873 -844.3133333333334 300
1874 -844.3133333333334 300
1875 -844.3133333333334 300
1876 -844.4133333333333 300
1877 -844.2266666666667 300
1878 -844.3233333333334 300
1879 -844.3233333333334 300
1880 -844.3233333333334 300
1881 -844.3233333333334 300
1882 -844.3233333333334 300
1883 -844.42 300
1884 -844.28 300
1885 -844.28 300
1886 -844.28 300
1887 -844.28 300
1888 -844.1833333333333 300
1889 -844.1833333333333 300
1890 -844.1833333333333 300
1891 -844.1833333333333 300
1892 -844.1833333333333 300
1893 -844.1833333333333 300
1894 -844.1833333333333 300
1895 -844.1833333333333 300
1896 -844.1833333333333 300
1897 -844.1833333333333 300
1898 -844.1833333333333 300
1899 -844.14 300
1900 -844.1833333333333 300
1901 -844.3133333333334 300
1902 -844.41 300
1903 -844.41 300
1904 -844.41 300
1905 -844.41 300
1906 -844.41 300
1907 -844.4533333333334 300
1908 -844.4533333333334 300
1909 -844.3166666666667 300
1910 -844.3166666666667 300
1911 -844.4133333333333 300
1912 -844.4166666666666 300
1913 -844.51 300
1914 -844.51 300
1915 -844.5133333333333 300
1916 -844.6133333333333 300
1917 -844.7133333333334 300
1918 -844.9933333333333 300
1919 -844.9966666666667 300
1920 -844.3833333333333 300
1921 -844.51 300
1922 -844.49 300
1923 -844.5333333333333 300
1924 -844.5333333333333 300
1925 -844.5333333333333 300
1926 -844.5333333333333 300
1927 -844.5333333333333 300
1928 -844.44 300
1929 -844.44 300
1930 -844.44 300
1931 -844.4833333333333 300
1932 -844.4833333333333 300
1933 -844.4833333333333 300
1934 -844.5266666666666 300
1935 -844.5833333333334 300
1936 -844.0466666666666 300
1937 -844.1366666666667 300
1938 -844.18 300
1939 -844.1766666666666 300
1940 -844.1733333333333 300
1941 -844.17 300
1942 -844.1833333333333 300
1943 -844.0866666666667 300
1944 -844.0866666666667 300
1945 -844.0866666666667 300
1946 -844.0866666666667 300
1947 -844.0866666666667 300
1948 -844.0866666666667 300
1949 -844.13 300
1950 -844.13 300
1951 -844.13 300
1952 -844.13 300
1953 -844.13 300
1954 -844.13 300
1955 -844.13 300
1956 -844.13 300
1957 -844.13 300
1958 -844.13 300
1959 -844.0866666666667 300
1960 -844.0866666666667 300
1961 -844.13 300
1962 -844.0866666666667 300
1963 -844.0866666666667 300
1964 -844.1833333333333 300
1965 -844.1833333333333 300
1966 -844.13 300
1967 -844.1733333333333 300
1968 -844.1733333333333 300
1969 -844.13 300
1970 -844.0866666666667 300
1971 -844.1833333333333 300
1972 -844.4733333333334 300
1973 -844.9633333333334 300
1974 -845.64 300
1975 -847.6733333333333 300
1976 -850.24 300
1977 -854.3 300
1978 -859.8133333333334 300
1979 -863.9666666666667 300
1980 -870.8333333333334 300
1981 -872.5766666666667 300
1982 -872.4366666666666 300
1983 -871.7 300
1984 -870.7666666666667 300
1985 -868.9 300
1986 -866.01 300
1987 -859.57 300
1988 -854.5233333333333 300
1989 -855.93 300
1990 -857.8433333333334 300
1991 -860.9833333333333 300
1992 -865.0333333333333 300
1993 -867.97 300
1994 -865.14 300
1995 -859.04 300
1996 -849.6233333333333 300
1997 -849.4266666666666 300
1998 -849.57 300
1999 -849.56 300
2000 -848.9666666666667 300
2001 -849.28 300
2002 -849.4333333333333 300
2003 -849.57 300
2004 -849.8466666666667 300
2005 -850.0766666666667 300
2006 -850.3466666666667 300
2007 -850.57 300
2008 -850.8466666666667 300
2009 -851.21 300
2010 -851.27 300
2011 -850.5233333333333 300
2012 -850.76 300
2013 -850.8466666666667 300
2014 -850.8533333333334 300
2015 -851.2233333333334 300
2016 -851.3133333333334 300
2017 -851.7766666666666 300
2018 -852.0566666666666 300
2019 -852.15 300
2020 -852.3366666666667 300
2021 -852.8033333333333 300
2022 -853.41 300
2023 -853.97 300
2024 -854.6633333333333 300
2025 -854.85 300
2026 -846.7333333333333 300
2027 -846.7333333333333 300
2028 -846.7333333333333 300
2029 -846.7766666666666 300
2030 -846.83 300
2031 -846.83 300
2032 -846.83 300
2033 -846.7866666666666 300
2034 -846.8733333333333 300
2035 -846.83 300
2036 -846.83 300
2037 -846.83 300
2038 -846.8266666666667 300
2039 -846.8233333333334 300
2040 -846.8233333333334 300
2041 -846.8233333333334 300
2042 -846.82 300
2043 -846.82 300
2044 -846.9266666666666 300
2045 -846.93 300
2046 -846.9266666666666 300
2047 -846.9266666666666 300
2048 -846.8366666666667 300
2049 -846.8366666666667 300
2050 -846.9333333333333 300
2051 -846.83 300
2052 -846.83 300
2053 -846.8766666666667 300
2054 -846.92 300
2055 -846.8733333333333 300
2056 -846.8733333333333 300
2057 -846.8733333333333 300
2058 -846.83 300
2059 -846.8733333333333 300
2060 -846.9633333333334 300
2061 -847.1366666666667 300
2062 -847.3933333333333 300
2063 -848.3466666666667 300
2064 -849.86 300
2065 -852.5866666666667 300
2066 -856.9633333333334 300
2067 -859.3866666666667 300
2068 -859.3866666666667 300
2069 -859.2566666666667 300
2070 -859.0833333333334 300
2071 -858.6933333333334 300
2072 -858.26 300
2073 -857.3933333333333 300
2074 -855.5733333333334 300
2075 -854.36 300
2076 -856.1366666666667 300
2077 -854.2966666666666 300
2078 -855.3166666666667 300
2079 -854.1033333333334 300
2080 -851.0266666666666 300
2081 -847.3 300
2082 -847.3 300
2083 -847.04 300
2084 -847.04 300
2085 -847.04 300
2086 -847.1266666666667 300
2087 -847.1266666666667 300
2088 -847.17 300
2089 -847.1733333333333 300
2090 -847.1733333333333 300
2091 -847.26 300
2092 -847.26 300
2093 -847.3466666666667 300
2094 -847.4766666666667 300
2095 -847.4766666666667 300
2096 -847.52 300
2097 -847.5633333333334 300
2098 -847.5633333333334 300
2099 -847.56 300
2100 -847.56 300
2101 -847.6466666666666 300
2102 -847.69 300
2103 -847.7766666666666 300
2104 -847.7766666666666 300
2105 -847.82 300
2106 -847.8233333333334 300
2107 -847.91 300
2108 -848.0433333333333 300
2109 -847.9966666666667 300
2110 -848.0433333333333 300
2111 -848.0433333333333 300
2112 -848.13 300
2113 -848.21 300
2114 -848.2533333333333 300
2115 -848.2966666666666 300
2116 -848.3833333333333 300
2117 -848.4266666666666 300
2118 -848.6866666666666 300
2119 -848.8166666666667 300
2120 -849.0333333333333 300
2121 -848.9033333333333 300
2122 -848.1233333333333 300
2123 -848.21 300
2124 -848.21 300
2125 -848.2533333333333 300
2126 -848.2966666666666 300
2127 -848.3833333333333 300
2128 -848.4266666666666 300
2129 -846.13 300
2130 -846.13 300
2131 -846.13 300
2132 -846.13 300
2133 -846.13 300
2134 -846.13 300
2135 -846.13 300
2136 -846.13 300
2137 -846.13 300
2138 -846.13 300
2139 -846.1733333333333 300
2140 -846.2166666666667 300
2141 -846.2166666666667 300
2142 -846.2166666666667 300
2143 -846.2166666666667 300
2144 -846.26 300
2145 -846.3466666666667 300
2146 -846.3466666666667 300
2147 -846.4333333333333 300
2148 -846.4333333333333 300
2149 -846.52 300
2150 -846.4333333333333 300
2151 -846.4333333333333 300
2152 -846.4333333333333 300
2153 -846.4333333333333 300
2154 -846.26 300
2155 -846.26 300
2156 -846.26 300
2157 -846.26 300
2158 -846.26 300
2159 -846.3033333333333 300
2160 -846.3033333333333 300
2161 -846.1733333333333 300
2162 -846.1733333333333 300
2163 -846.27 300
2164 -846.27 300
2165 -846.27 300
2166 -846.27 300
2167 -846.27 300
2168 -846.27 300
2169 -846.3233333333334 300
2170 -846.2266666666667 300
2171 -846.2733333333333 300
2172 -846.2733333333333 300
2173 -846.2733333333333 300
2174 -846.2733333333333 300
2175 -846.2733333333333 300
2176 -846.2733333333333 300
2177 -846.2733333333333 300
2178 -846.2733333333333 300
2179 -846.2733333333333 300
2180 -846.2733333333333 300
2181 -846.2733333333333 300
2182 -846.2733333333333 300
2183 -846.3166666666667 300
2184 -846.3166666666667 300
2185 -846.27 300
2186 -846.27 300
2187 -846.27 300
2188 -846.27 300
2189 -846.3566666666667 300
2190 -846.3566666666667 300
2191 -846.3566666666667 300
2192 -846.3566666666667 300
2193 -846.4433333333334 300
2194 -846.4433333333334 300
2195 -846.4433333333334 300
2196 -846.4433333333334 300
2197 -846.4433333333334 300
2198 -846.4433333333334 300
2199 -846.4433333333334 300
2200 -846.4433333333334 300
2201 -846.4433333333334 300
2202 -846.4433333333334 300
2203 -846.4866666666667 300
2204 -846.4866666666667 300
2205 -846.4866666666667 300
2206 -846.4 300
2207 -846.4 300
2208 -846.4 300
2209 -846.4 300
2210 -846.4533333333334 300
2211 -846.55 300
2212 -846.4533333333334 300
2213 -846.4533333333334 300
2214 -846.4533333333334 300
2215 -846.4533333333334 300
2216 -846.55 300
2217 -846.55 300
2218 -846.3033333333333 300
2219 -846.3033333333333 300
2220 -846.2633333333333 300
2221 -846.2633333333333 300
2222 -846.2233333333334 300
2223 -846.2233333333334 300
2224 -846.1833333333333 300
2225 -846.1833333333333 300
2226 -846.1433333333333 300
2227 -846.1033333333334 300
2228 -845.89 300
2229 -845.8533333333334 300
2230 -845.8133333333334 300
2231 -845.8133333333334 300
2232 -845.7733333333333 300
2233 -845.7333333333333 300
2234 -845.6933333333334 300
2235 -845.6533333333333 300
2236 -845.6133333333333 300
2237 -845.5733333333334 300
2238 -845.45 300
2239 -845.3366666666667 300
2240 -845.2966666666666 300
2241 -845.2966666666666 300
2242 -845.2566666666667 300
2243 -844.98 300
2244 -844.94 300
2245 -844.14 300
2246 -842.26 300
2247 -839.2233333333334 300
2248 -836.78 300
2249 -836.94 300
2250 -837.02 300
2251 -837.14 300
2252 -837.3833333333333 300
2253 -837.6633333333333 300
2254 -837.9466666666667 300
2255 -838.2633333333333 300
2256 -838.5 300
2257 -838.5866666666667 300
2258 -838.9866666666667 300
2259 -839.3466666666667 300
2260 -839.87 300
2261 -839.51 300
2262 -839.55 300
2263 -839.51 300
2264 -839.1866666666666 300
2265 -839.17 300
2266 -839.7033333333334 300
2267 -840.3033333333333 300
2268 -841.2633333333333 300
2269 -842.6233333333333 300
2270 -845.1833333333333 300
2271 -845.6233333333333 300
2272 -845.6266666666667 300
2273 -845.5866666666667 300
2274 -845.5066666666667 300
2275 -845.4666666666667 300
2276 -845.4266666666666 300
2277 -845.4266666666666 300
2278 -845.3866666666667 300
2279 -845.3466666666667 300
2280 -845.3066666666666 300
2281 -844.7866666666666 300
2282 -845.9866666666667 300
2283 -845.9866666666667 300
2284 -846.0833333333334 300
2285 -846.14 300
2286 -846.0833333333334 300
2287 -845.7666666666667 300
2288 -845.6866666666666 300
2289 -845.7266666666667 300
2290 -845.6466666666666 300
2291 -845.6066666666667 300
2292 -845.5666666666667 300
2293 -845.4866666666667 300
2294 -845.4466666666667 300
2295 -845.3633333333333 300
2296 -845.37 300
2297 -845.29 300
2298 -845.21 300
2299 -845.77 300
2300 -845.73 300
2301 -845.5966666666667 300
2302 -845.5966666666667 300
2303 -845.5566666666666 300
2304 -845.5166666666667 300
2305 -845.4766666666667 300
2306 -845.4366666666666 300
2307 -845.3966666666666 300
2308 -845.3566666666667 300
2309 -844.9166666666666 300
2310 -843.8766666666667 300
2311 -842.9966666666667 300
2312 -840.5966666666667 300
2313 -840.7166666666667 300
2314 -840.8366666666667 300
2315 -842.3566666666667 300
2316 -844.56 300
2317 -845.8766666666667 300
2318 -845.8833333333333 300
2319 -845.8033333333333 300
2320 -845.7233333333334 300
2321 -845.5633333333334 300
2322 -845.4833333333333 300
2323 -845.4033333333333 300
2324 -845.2833333333333 300
2325 -844.92 300
2326 -844.28 300
2327 -843.1233333333333 300
2328 -841.5233333333333 300
2329 -841.3633333333333 300
2330 -841.5233333333333 300
2331 -841.6433333333333 300
2332 -841.7233333333334 300
2333 -841.8833333333333 300
2334 -842.0833333333334 300
2335 -842.1233333333333 300
2336 -844.12 300
2337 -845.9966666666667 300
2338 -845.9133333333333 300
2339 -845.9133333333333 300
2340 -845.87 300
2341 -845.84 300
2342 -845.8 300
2343 -845.76 300
2344 -845.72 300
2345 -845.68 300
2346 -845.64 300
2347 -845.6 300
2348 -845.56 300
2349 -845.52 300
2350 -845.48 300
2351 -846.0033333333333 300
2352 -846.0033333333333 300
2353 -846.0033333333333 300
2354 -846.0033333333333 300
2355 -846.0033333333333 300
2356 -846.0033333333333 300
2357 -846.0033333333333 300
2358 -846.0033333333333 300
2359 -846.0033333333333 300
2360 -846.0033333333333 300
2361 -846.0033333333333 300
2362 -846.0033333333333 300
2363 -846.0033333333333 300
2364 -846.0033333333333 300
2365 -846.0033333333333 300
2366 -845.96 300
2367 -845.8733333333333 300
2368 -846.0033333333333 300
2369 -846.0033333333333 300
2370 -846.0033333333333 300
2371 -846.0033333333333 300
2372 -846.0466666666666 300
2373 -846.0466666666666 300
2374 -846.0466666666666 300
2375 -846.0466666666666 300
2376 -846.0466666666666 300
2377 -846.0466666666666 300
2378 -846.0466666666666 300
2379 -846.0466666666666 300
2380 -846.0466666666666 300
2381 -846.0466666666666 300
2382 -846.1333333333333 300
2383 -846.1333333333333 300
2384 -846.09 300
2385 -846.09 300
2386 -846.09 300
2387 -846.09 300
2388 -846.09 300
2389 -846.0866666666667 300
2390 -846.1833333333333 300
2391 -846.1866666666666 300
2392 -846.1833333333333 300
2393 -846.1733333333333 300
2394 -846.09 300
2395 -846.09 300
2396 -846.09 300
2397 -846.09 300
2398 -846.0466666666666 300
2399 -846.0466666666666 300
2400 -845.96 300
2401 -846.0033333333333 300
2402 -846.09 300
2403 -846.09 300
2404 -846.09 300
2405 -846.09 300
2406 -846.13 300
2407 -846.13 300
2408 -846.13 300
2409 -846.13 300
2410 -846.13 300
2411 -846.13 300
2412 -846.13 300
2413 -846.13 300
2414 -846.13 300
2415 -846.1733333333333 300
2416 -846.13 300
2417 -846.13 300
2418 -846.13 300
2419 -846.13 300
2420 -846.1333333333333 300
2421 -846.1366666666667 300
2422 -846.1366666666667 300
2423 -846.14 300
2424 -846.14 300
2425 -846.14 300
2426 -846.14 300
2427 -846.14 300
2428 -846.14 300
2429 -846.14 300
2430 -846.14 300
2431 -846.14 300
2432 -846.14 300
2433 -846.14 300
2434 -846.14 300
2435 -846.14 300
2436 -846.14 300
2437 -846.14 300
2438 -846.14 300
2439 -846.13 300
2440 -846.13 300
2441 -846.13 300
2442 -846.13 300
2443 -846.13 300
2444 -846.13 300
2445 -846.13 300
2446 -846.13 300
2447 -846.13 300
2448 -846.1733333333333 300
2449 -846.1733333333333 300
2450 -846.1733333333333 300
2451 -846.27 300
2452 -846.27 300
2453 -846.27 300
2454 -846.27 300
2455 -846.1733333333333 300
2456 -846.1733333333333 300
2457 -846.1733333333333 300
2458 -846.3133333333334 300
2459 -846.1733333333333 300
2460 -846.1733333333333 300
2461 -846.1733333333333 300
2462 -846.1733333333333 300
2463 -846.1733333333333 300
2464 -846.1733333333333 300
2465 -846.1733333333333 300
2466 -846.1733333333333 300
2467 -846.1733333333333 300
2468 -846.1733333333333 300
2469 -846.1733333333333 300
2470 -846.1733333333333 300
2471 -846.1733333333333 300
2472 -846.1733333333333 300
2473 -846.1733333333333 300
2474 -846.1733333333333 300
2475 -846.1733333333333 300
2476 -846.1733333333333 300
2477 -846.1733333333333 300
2478 -846.1733333333333 300
2479 -846.1733333333333 300
2480 -846.1733333333333 300
2481 -846.1766666666666 300
2482 -846.1766666666666 300
2483 -846.1766666666666 300
2484 -846.1766666666666 300
2485 -846.1766666666666 300
2486 -846.1766666666666 300
2487 -846.1766666666666 300
2488 -846.18 300
2489 -846.18 300
2490 -846.18 300
2491 -846.1833333333333 300
2492 -846.1833333333333 300
2493 -846.1833333333333 300
2494 -846.1833333333333 300
2495 -846.1833333333333 300
2496 -846.1833333333333 300
2497 -846.1833333333333 300
2498 -846.1833333333333 300
2499 -846.1833333333333 300
2500 -846.1833333333333 300
2501 -846.1833333333333 300
2502 -846.1833333333333 300
2503 -846.1833333333333 300
2504 -846.1833333333333 300
2505 -846.1833333333333 300
2506 -846.1833333333333 300
2507 -846.1833333333333 300
2508 -846.1833333333333 300
2509 -846.1833333333333 300
2510 -846.14 300
2511 -846.14 300
2512 -846.14 300
2513 -846.14 300
2514 -846.14 300
2515 -846.14 300
2516 -846.2366666666667 300
2517 -846.2366666666667 300
2518 -846.2366666666667 300
2519 -846.15 300
2520 -846.15 300
2521 -846.15 300
2522 -846.15 300
2523 -846.15 300
2524 -846.15 300
2525 -846.15 300
2526 -846.15 300
2527 -846.15 300
2528 -846.15 300
2529 -846.1533333333333 300
2530 -846.11 300
2531 -846.11 300
2532 -846.0666666666667 300
2533 -846.0233333333333 300
2534 -845.85 300
2535 -845.6233333333333 300
2536 -845.58 300
2537 -845.5366666666666 300
2538 -845.4933333333333 300
2539 -845.45 300
2540 -845.45 300
2541 -845.4066666666666 300
2542 -845.4066666666666 300
2543 -845.3633333333333 300
2544 -845.3633333333333 300
2545 -845.4066666666666 300
2546 -845.45 300
2547 -844.8 300
2548 -844.3233333333334 300
2549 -844.3233333333334 300
2550 -844.41 300
2551 -844.3666666666667 300
2552 -844.41 300
2553 -843.0666666666667 300
2554 -843.1933333333334 300
2555 -846.1833333333333 300
2556 -846.1833333333333 300
2557 -846.1833333333333 300
2558 -846.14 300
2559 -846.0966666666667 300
2560 -846.0966666666667 300
2561 -846.0966666666667 300
2562 -846.0966666666667 300
2563 -846.0533333333333 300
2564 -846.0533333333333 300
2565 -846.01 300
2566 -845.88 300
2567 -845.89 300
2568 -845.8466666666667 300
2569 -845.76 300
2570 -845.86 300
2571 -845.7733333333333 300
2572 -845.73 300
2573 -845.6866666666666 300
2574 -845.6433333333333 300
2575 -845.6 300
2576 -845.5566666666666 300
2577 -846.38 300
2578 -846.3366666666667 300
2579 -846.3366666666667 300
2580 -846.4366666666666 300
2581 -846.3933333333333 300
2582 -846.3533333333334 300
2583 -846.26 300
2584 -846.1333333333333 300
2585 -846.09 300
2586 -846.0033333333333 300
2587 -845.7866666666666 300
2588 -845.4833333333333 300
2589 -844.88 300
2590 -843.5366666666666 300
2591 -841.63 300
2592 -838.64 300
2593 -838.0666666666667 300
2594 -837.11 300
2595 -837.11 300
2596 -837.24 300
2597 -837.3266666666667 300
2598 -837.4566666666667 300
2599 -837.5866666666667 300
2600 -837.7166666666667 300
2601 -837.71 300
2602 -837.75 300
2603 -837.8366666666667 300
2604 -837.9233333333333 300
2605 -838.54 300
2606 -839.32 300
2607 -839.7966666666666 300
2608 -840.7066666666667 300
2609 -840.7933333333333 300
2610 -841.3133333333334 300
2611 -837.9333333333333 300
2612 -834.8566666666667 300
2613 -834.5066666666667 300
2614 -834.55 300
2615 -834.64 300
2616 -834.7266666666667 300
2617 -834.8566666666667 300
2618 -834.9433333333334 300
2619 -834.9433333333334 300
2620 -835.1166666666667 300
2621 -835.29 300
2622 -835.4733333333334 300
2623 -835.71 300
2624 -835.9366666666666 300
2625 -836.3933333333333 300
2626 -836.48 300
2627 -836.31 300
2628 -836.25 300
2629 -836.3366666666667 300
2630 -836.4233333333333 300
2631 -836.4133333333333 300
2632 -836.4166666666666 300
2633 -836.46 300
2634 -837.0233333333333 300
2635 -837.4666666666667 300
2636 -838.0766666666667 300
2637 -838.9 300
2638 -840.1566666666666 300
2639 -841.5866666666667 300
2640 -839.4966666666667 300
2641 -840.3733333333333 300
2642 -838.8966666666666 300
2643 -834.4766666666667 300
2644 -834.4766666666667 300
2645 -834.4333333333333 300
2646 -833.74 300
2647 -833.61 300
2648 -833.75 300
2649 -833.6 300
2650 -833.6 300
2651 -833.6 300
2652 -833.6 300
2653 -833.6966666666667 300
2654 -833.6966666666667 300
2655 -833.74 300
2656 -833.6966666666667 300
2657 -833.6966666666667 300
2658 -833.6966666666667 300
2659 -833.6966666666667 300
2660 -833.7 300
2661 -833.7 300
2662 -833.7 300
2663 -833.7 300
2664 -833.7 300
2665 -833.7 300
2666 -833.7 300
2667 -833.7866666666666 300
2668 -833.8766666666667 300
2669 -833.8733333333333 300
2670 -833.8733333333333 300
2671 -834.0133333333333 300
2672 -834.0566666666666 300
2673 -834.09 300
2674 -834.09 300
2675 -834.1333333333333 300
2676 -834.1333333333333 300
2677 -834.0933333333334 300
2678 -834.1366666666667 300
2679 -834.1333333333333 300
2680 -834.1333333333333 300
2681 -833.9933333333333 300
2682 -833.9933333333333 300
2683 -833.9933333333333 300
2684 -834.0366666666666 300
2685 -834.0366666666666 300
2686 -834.08 300
2687 -834.08 300
2688 -834.08 300
2689 -833.9933333333333 300
2690 -833.91 300
2691 -833.9133333333333 300
2692 -833.8166666666667 300
2693 -833.9633333333334 300
2694 -834.2533333333333 300
2695 -834.49 300
2696 -834.5866666666667 300
2697 -834.93 300
2698 -834.93 300
2699 -834.9766666666667 300
2700 -834.9766666666667 300
2701 -835.0233333333333 300
2702 -835.12 300
2703 -835.22 300
2704 -835.22 300
2705 -835.22 300
2706 -835.22 300
2707 -835.2633333333333 300
2708 -835.3533333333334 300
2709 -835.3533333333334 300
2710 -835.3533333333334 300
2711 -835.3966666666666 300
2712 -835.3966666666666 300
2713 -835.3966666666666 300
2714 -835.3966666666666 300
2715 -835.4 300
2716 -835.4 300
2717 -835.4466666666667 300
2718 -835.4933333333333 300
2719 -835.4966666666667 300
2720 -835.5 300
2721 -835.5033333333333 300
2722 -835.5466666666666 300
2723 -835.59 300
2724 -835.6333333333333 300
2725 -835.7766666666666 300
2726 -835.7766666666666 300
2727 -835.8633333333333 300
2728 -835.8666666666667 300
2729 -835.9133333333333 300
2730 -835.9633333333334 300
2731 -836.0133333333333 300
2732 -836.06 300
2733 -836.0633333333334 300
2734 -836.0666666666667 300
2735 -836.1566666666666 300
2736 -836.2066666666667 300
2737 -836.3433333333334 300
2738 -836.4866666666667 300
2739 -836.49 300
2740 -836.6233333333333 300
2741 -836.69 300
2742 -836.7766666666666 300
2743 -835.33 300
2744 -835.33 300
2745 -835.3733333333333 300
2746 -835.4166666666666 300
2747 -835.46 300
2748 -835.46 300
2749 -835.5033333333333 300
2750 -835.59 300
2751 -835.6333333333333 300
2752 -835.6766666666666 300
2753 -835.72 300
2754 -835.8066666666666 300
2755 -835.8066666666666 300
2756 -835.85 300
2757 -835.85 300
2758 -835.3566666666667 300
2759 -834.4333333333333 300
2760 -834.4333333333333 300
2761 -834.4333333333333 300
2762 -834.4766666666667 300
2763 -834.4766666666667 300
2764 -834.52 300
2765 -834.52 300
2766 -834.6066666666667 300
2767 -834.6933333333334 300
2768 -834.6933333333334 300
2769 -834.6933333333334 300
2770 -834.78 300
2771 -834.7366666666667 300
2772 -834.7366666666667 300
2773 -834.7366666666667 300
2774 -834.7766666666666 300
2775 -834.7766666666666 300
2776 -833.3566666666667 300
2777 -833.3566666666667 300
2778 -833.3566666666667 300
2779 -833.26 300
2780 -833.26 300
2781 -833.26 300
2782 -833.26 300
2783 -833.26 300
2784 -833.26 300
2785 -833.26 300
2786 -833.26 300
2787 -833.26 300
2788 -833.26 300
2789 -833.26 300
2790 -833.26 300
2791 -833.26 300
2792 -833.2633333333333 300
2793 -833.2633333333333 300
2794 -833.2633333333333 300
2795 -833.2633333333333 300
2796 -833.2633333333333 300
2797 -833.2633333333333 300
2798 -833.2633333333333 300
2799 -833.2633333333333 300
2800 -833.2633333333333 300
2801 -833.2633333333333 300
2802 -833.2633333333333 300
2803 -833.2633333333333 300
2804 -833.2633333333333 300
2805 -833.2633333333333 300
2806 -833.2633333333333 300
2807 -833.2633333333333 300
2808 -833.2633333333333 300
2809 -833.3066666666666 300
2810 -833.3066666666666 300
2811 -833.35 300
2812 -833.35 300
2813 -833.35 300
2814 -833.35 300
2815 -833.35 300
2816 -833.35 300
2817 -833.35 300
2818 -833.35 300
2819 -833.35 300
2820 -833.3066666666666 300
2821 -833.3066666666666 300
2822 -833.3066666666666 300
2823 -833.3066666666666 300
2824 -833.33 300
2825 -833.2166666666667 300
2826 -833.1766666666666 300
2827 -833.09 300
2828 -832.7433333333333 300
2829 -832.3533333333334 300
2830 -832.3533333333334 300
2831 -831.4 300
2832 -829.2766666666666 300
2833 -825.7666666666667 300
2834 -826.6 300
2835 -825.43 300
2836 -825.7333333333333 300
2837 -826.1233333333333 300
2838 -826.6433333333333 300
2839 -827.38 300
2840 -827.9866666666667 300
2841 -828.94 300
2842 -829.85 300
2843 -831.54 300
2844 -833.1866666666666 300
2845 -833.06 300
2846 -833.0566666666666 300
2847 -832.97 300
2848 -832.7966666666666 300
2849 -832.7966666666666 300
2850 -832.71 300
2851 -832.3633333333333 300
2852 -831.9733333333334 300
2853 -832.06 300
2854 -833.23 300
2855 -833.23 300
2856 -833.23 300
2857 -833.23 300
2858 -833.23 300
2859 -833.23 300
2860 -833.23 300
2861 -833.23 300
2862 -833.23 300
2863 -833.4266666666666 300
2864 -833.7533333333333 300
2865 -833.7533333333333 300
2866 -833.7966666666666 300
2867 -833.7966666666666 300
2868 -833.4833333333333 300
2869 -833.4833333333333 300
2870 -833.4833333333333 300
2871 -833.4833333333333 300
2872 -833.4833333333333 300
2873 -833.4833333333333 300
2874 -833.4833333333333 300
2875 -833.4833333333333 300
2876 -833.4833333333333 300
2877 -833.4833333333333 300
2878 -833.4833333333333 300
2879 -833.4833333333333 300
2880 -833.5833333333334 300
2881 -833.5833333333334 300
2882 -833.5833333333334 300
2883 -833.5833333333334 300
2884 -833.5833333333334 300
2885 -833.5833333333334 300
2886 -833.5833333333334 300
2887 -833.5833333333334 300
2888 -833.5833333333334 300
2889 -833.5833333333334 300
2890 -833.5833333333334 300
2891 -833.5833333333334 300
2892 -833.4833333333333 300
2893 -833.4833333333333 300
2894 -833.4833333333333 300
2895 -833.4833333333333 300
2896 -833.4833333333333 300
2897 -833.44 300
2898 -833.44 300
2899 -833.44 300
2900 -833.44 300
2901 -833.4833333333333 300
2902 -833.4833333333333 300
2903 -833.4833333333333 300
2904 -833.4833333333333 300
2905 -833.4833333333333 300
2906 -833.5966666666667 300
2907 -833.5966666666667 300
2908 -833.5966666666667 300
2909 -833.5966666666667 300
2910 -833.5966666666667 300
2911 -833.64 300
2912 -833.64 300
2913 -833.64 300
2914 -833.64 300
2915 -833.64 300
2916 -833.64 300
2917 -833.64 300
2918 -833.44 300
2919 -833.2566666666667 300
2920 -833.2566666666667 300
2921 -833.2133333333334 300
2922 -833.17 300
2923 -833.17 300
2924 -833.17 300
2925 -833.1266666666667 300
2926 -833.0833333333334 300
2927 -833.04 300
2928 -832.9966666666667 300
2929 -832.8666666666667 300
2930 -832.8233333333334 300
2931 -832.6933333333334 300
2932 -832.6933333333334 300
2933 -832.65 300
2934 -832.6066666666667 300
2935 -832.5633333333334 300
2936 -832.4766666666667 300
2937 -832.3466666666667 300
2938 -832.3033333333333 300
2939 -832.1733333333333 300
2940 -832.0433333333333 300
2941 -831.9133333333333 300
2942 -831.7833333333333 300
2943 -831.6533333333333 300
2944 -831.5233333333333 300
2945 -831.3933333333333 300
2946 -831.2633333333333 300
2947 -831.1333333333333 300
2948 -831.0033333333333 300
2949 -830.8733333333333 300
2950 -830.7433333333333 300
2951 -830.6133333333333 300
2952 -830.4833333333333 300
2953 -830.3966666666666 300
2954 -830.2666666666667 300
2955 -830.1366666666667 300
2956 -830.0066666666667 300
2957 -829.8766666666667 300
2958 -829.7466666666667 300
2959 -829.6166666666667 300
2960 -829.4 300
2961 -829.27 300
2962 -829.1833333333333 300
2963 -829.14 300
2964 -830.1466666666666 300
2965 -830.44 300
2966 -830.57 300
2967 -830.44 300
2968 -830.6133333333333 300
2969 -830.7866666666666 300
2970 -830.7866666666666 300
2971 -830.9166666666666 300
2972 -831.1333333333333 300
2973 -831.1866666666666 300
2974 -831.1866666666666 300
2975 -831.2733333333333 300
2976 -831.3166666666667 300
2977 -831.36 300
2978 -831.36 300
2979 -831.36 300
2980 -831.36 300
2981 -830.45 300
2982 -829.3666666666667 300
2983 -829.3233333333334 300
2984 -827.8066666666666 300
2985 -828.46 300
2986 -829.5066666666667 300
2987 -830.6833333333333 300
2988 -829.2533333333333 300
2989 -829.2566666666667 300
2990 -826.49 300
2991 -825.8466666666667 300
2992 -826.2033333333334 300
2993 -826.7833333333333 300
2994 -827.4033333333333 300
2995 -828.3366666666667 300
2996 -829.81 300
2997 -830.6633333333333 300
2998 -830.5833333333334 300
2999 -830.5433333333333 300
3000 -830.5033333333333 300
3001 -830.4233333333333 300
3002 -830.2633333333333 300
3003 -827.7833333333333 300
3004 -823.0666666666667 300
3005 -822.2733333333333 300
3006 -822.32 300
3007 -822.32 300
3008 -822.36 300
3009 -822.36 300
3010 -822.36 300
3011 -822.36 300
3012 -822.3166666666667 300
3013 -822.3166666666667 300
3014 -822.3166666666667 300
3015 -822.3133333333334 300
3016 -822.3933333333333 300
3017 -822.3766666666667 300
3018 -822.4933333333333 300
3019 -822.3533333333334 300
3020 -822.53 300
3021 -822.4466666666667 300
3022 -822.4466666666667 300
3023 -822.35 300
3024 -822.39 300
3025 -822.4333333333333 300
3026 -822.4333333333333 300
3027 -822.4333333333333 300
3028 -822.4733333333334 300
3029 -822.4733333333334 300
3030 -822.4733333333334 300
3031 -822.5133333333333 300
3032 -822.5133333333333 300
3033 -822.5133333333333 300
3034 -822.5533333333333 300
3035 -822.59 300
3036 -822.59 300
3037 -822.63 300
3038 -822.63 300
3039 -822.67 300
3040 -822.67 300
3041 -822.67 300
3042 -822.71 300
3043 -822.71 300
3044 -822.75 300
3045 -822.75 300
3046 -822.75 300
3047 -822.79 300
3048 -822.79 300
3049 -822.7933333333333 300
3050 -822.8333333333334 300
3051 -822.8333333333334 300
3052 -822.9166666666666 300
3053 -822.9166666666666 300
3054 -822.91 300
3055 -822.9533333333334 300
3056 -822.9966666666667 300
3057 -822.9533333333334 300
3058 -822.9933333333333 300
3059 -823.0333333333333 300
3060 -823.0333333333333 300
3061 -823.0333333333333 300
3062 -823.1133333333333 300
3063 -823.1933333333334 300
3064 -823.2366666666667 300
3065 -823.2366666666667 300
3066 -823.2366666666667 300
3067 -823.2366666666667 300
3068 -823.2366666666667 300
3069 -823.2366666666667 300
3070 -823.36 300
3071 -823.36 300
3072 -823.36 300
3073 -823.4 300
3074 -823.44 300
3075 -823.6033333333334 300
3076 -823.6033333333334 300
3077 -823.6433333333333 300
3078 -823.7233333333334 300
3079 -823.7633333333333 300
3080 -823.8033333333333 300
3081 -823.7966666666666 300
3082 -822.36 300
3083 -822.36 300
3084 -822.36 300
3085 -822.36 300
3086 -822.36 300
3087 -822.36 300
3088 -822.36 300
3089 -822.36 300
3090 -822.4033333333333 300
3091 -822.4033333333333 300
3092 -822.4033333333333 300
3093 -822.44 300
3094 -822.4433333333334 300
3095 -822.4433333333334 300
3096 -822.15 300
3097 -822.15 300
3098 -822.15 300
3099 -822.19 300
3100 -822.19 300
3101 -822.19 300
3102 -822.1033333333334 300
3103 -822.1033333333334 300
3104 -822.1033333333334 300
3105 -822.1033333333334 300
3106 -822.1033333333334 300
3107 -822.1433333333333 300
3108 -822.23 300
3109 -822.2733333333333 300
3110 -822.32 300
3111 -822.4433333333334 300
3112 -822.4833333333333 300
3113 -822.5233333333333 300
3114 -822.5666666666667 300
3115 -822.63 300
3116 -822.58 300
3117 -822.7166666666667 300
3118 -822.8133333333334 300
3119 -822.8966666666666 300
3120 -822.94 300
3121 -822.94 300
3122 -822.94 300
3123 -823.0333333333333 300
3124 -823.0266666666666 300
3125 -823.0266666666666 300
3126 -823.1566666666666 300
3127 -823.24 300
3128 -823.1433333333333 300
3129 -823.1433333333333 300
3130 -823.2266666666667 300
3131 -823.2266666666667 300
3132 -823.2266666666667 300
3133 -823.2266666666667 300
3134 -823.2666666666667 300
3135 -823.3466666666667 300
3136 -823.3466666666667 300
3137 -823.4266666666666 300
3138 -823.4266666666666 300
3139 -823.25 300
3140 -823.29 300
3141 -823.24 300
3142 -823.1066666666667 300
3143 -823.1066666666667 300
3144 -823.1466666666666 300
3145 -823.1866666666666 300
3146 -823.2266666666667 300
3147 -823.2666666666667 300
3148 -823.2666666666667 300
3149 -823.3066666666666 300
3150 -823.3466666666667 300
3151 -823.3466666666667 300
3152 -823.3866666666667 300
3153 -823.5066666666667 300
3154 -823.5466666666666 300
3155 -823.5466666666666 300
3156 -823.5466666666666 300
3157 -823.5866666666667 300
3158 -823.6266666666667 300
3159 -823.6666666666666 300
3160 -823.7066666666667 300
3161 -823.7866666666666 300
3162 -823.8266666666667 300
3163 -823.8666666666667 300
3164 -823.9066666666666 300
3165 -823.9466666666667 300
3166 -824.0266666666666 300
3167 -824.0666666666667 300
3168 -824.2833333333333 300
3169 -824.2833333333333 300
3170 -824.41 300
3171 -824.27 300
3172 -824.31 300
3173 -824.35 300
3174 -824.39 300
3175 -824.39 300
3176 -824.47 300
3177 -824.51 300
3178 -824.59 300
3179 -824.63 300
3180 -824.67 300
3181 -824.75 300
3182 -824.79 300
3183 -824.87 300
3184 -824.91 300
3185 -824.95 300
3186 -824.99 300
3187 -824.8566666666667 300
3188 -824.5766666666667 300
3189 -824.2566666666667 300
3190 -823.9766666666667 300
3191 -823.7766666666666 300
3192 -823.6566666666666 300
3193 -823.4966666666667 300
3194 -823.4966666666667 300
3195 -823.4566666666667 300
3196 -823.4166666666666 300
3197 -823.3766666666667 300
3198 -823.3766666666667 300
3199 -823.3366666666667 300
3200 -823.2966666666666 300
3201 -823.2966666666666 300
3202 -823.2966666666666 300
3203 -823.2966666666666 300
3204 -823.2966666666666 300
3205 -823.2966666666666 300
3206 -823.2966666666666 300
3207 -823.3366666666667 300
3208 -823.3366666666667 300
3209 -823.3366666666667 300
3210 -823.3366666666667 300
3211 -823.38 300
3212 -823.42 300
3213 -823.42 300
3214 -823.5 300
3215 -823.54 300
3216 -823.54 300
3217 -823.54 300
3218 -823.58 300
3219 -823.62 300
3220 -823.62 300
3221 -823.62 300
3222 -823.62 300
3223 -823.62 300
3224 -823.7 300
3225 -823.7 300
3226 -823.78 300
3227 -823.8233333333334 300
3228 -823.8633333333333 300
3229 -823.9866666666667 300
3230 -824.0666666666667 300
3231 -824.1066666666667 300
3232 -824.1866666666666 300
3233 -824.2666666666667 300
3234 -824.3466666666667 300
3235 -824.4666666666667 300
3236 -824.4633333333334 300
3237 -824.5433333333333 300
3238 -824.6633333333333 300
3239 -824.7033333333334 300
3240 -824.8366666666667 300
3241 -824.8766666666667 300
3242 -824.9566666666667 300
3243 -825.0366666666666 300
3244 -825.0766666666667 300
3245 -825.2366666666667 300
3246 -825.4433333333334 300
3247 -825.5633333333334 300
3248 -825.97 300
3249 -823.8766666666667 300
3250 -824.13 300
3251 -824.3233333333334 300
3252 -825.2933333333333 300
3253 -825.8666666666667 300
3254 -826.39 300
3255 -826.99 300
3256 -827.99 300
3257 -828.08 300
3258 -828.21 300
3259 -828.25 300
3260 -828.2533333333333 300
3261 -828.21 300
3262 -828.2466666666667 300
3263 -828.2066666666667 300
3264 -828.17 300
3265 -828.0866666666667 300
3266 -828.1733333333333 300
3267 -828.2533333333333 300
3268 -828.25 300
3269 -828.16 300
3270 -828.9566666666667 300
3271 -829.2 300
3272 -829.3633333333333 300
3273 -829.37 300
3274 -829.3766666666667 300
3275 -829.3433333333334 300
3276 -829.3066666666666 300
3277 -829.3866666666667 300
3278 -829.5133333333333 300
3279 -829.5933333333334 300
3280 -829.4966666666667 300
3281 -829.3633333333333 300
3282 -829.2433333333333 300
3283 -829.0633333333334 300
3284 -829.02 300
3285 -827.6266666666667 300
3286 -826.39 300
3287 -826.5133333333333 300
3288 -826.9266666666666 300
3289 -827.0933333333334 300
3290 -827.1733333333333 300
3291 -827.2966666666666 300
3292 -827.38 300
3293 -827.4633333333334 300
3294 -827.6266666666667 300
3295 -827.8333333333334 300
3296 -827.9966666666667 300
3297 -828.2466666666667 300
3298 -828.29 300
3299 -828.8133333333334 300
3300 -828.8966666666666 300
3301 -829.0166666666667 300
3302 -829.1066666666667 300
3303 -829.19 300
3304 -829.3966666666666 300
3305 -829.48 300
3306 -829.3133333333334 300
3307 -829.2133333333334 300
3308 -829.17 300
3309 -829.0866666666667 300
3310 -829.0466666666666 300
3311 -828.96 300
3312 -828.9166666666666 300
3313 -828.04 300
3314 -828.04 300
3315 -828.13 300
3316 -828.1766666666666 300
3317 -828.1 300
3318 -828.06 300
3319 -828.0233333333333 300
3320 -827.9433333333334 300
3321 -827.8633333333333 300
3322 -827.8666666666667 300
3323 -827.25 300
3324 -827.37 300
3325 -827.3733333333333 300
3326 -825.7433333333333 300
3327 -825.9566666666667 300
3328 -826.04 300
3329 -826.04 300
3330 -825.9966666666667 300
3331 -825.9166666666666 300
3332 -825.8333333333334 300
3333 -825.7533333333333 300
3334 -825.9233333333333 300
3335 -826.0933333333334 300
3336 -826.09 300
3337 -826.3066666666666 300
3338 -826.4766666666667 300
3339 -826.69 300
3340 -826.8166666666667 300
3341 -826.8233333333334 300
3342 -826.74 300
3343 -826.6566666666666 300
3344 -826.6166666666667 300
3345 -826.5333333333333 300
3346 -826.4933333333333 300
3347 -826.4066666666666 300
3348 -826.3666666666667 300
3349 -826.2833333333333 300
3350 -826.2433333333333 300
3351 -826.2866666666666 300
3352 -826.2433333333333 300
3353 -826.2433333333333 300
3354 -826.1566666666666 300
3355 -826.16 300
3356 -826.16 300
3357 -826.1633333333333 300
3358 -826.1633333333333 300
3359 -826.2033333333334 300
3360 -826.2433333333333 300
3361 -826.3833333333333 300
3362 -826.47 300
3363 -826.5133333333333 300
3364 -826.64 300
3365 -826.8966666666666 300
3366 -827.1533333333333 300
3367 -827.28 300
3368 -827.3633333333333 300
3369 -827.6133333333333 300
3370 -827.83 300
3371 -827.92 300
3372 -827.96 300
3373 -826.4733333333334 300
3374 -826.86 300
3375 -826.9866666666667 300
3376 -827.2 300
3377 -827.3266666666667 300
3378 -827.37 300
3379 -827.4533333333334 300
3380 -827.4933333333333 300
3381 -827.88 300
3382 -828.0066666666667 300
3383 -827.96 300
3384 -828.0 300
3385 -827.9533333333334 300
3386 -828.2966666666666 300
3387 -828.4233333333333 300
3388 -828.3766666666667 300
3389 -828.2066666666667 300
3390 -828.59 300
3391 -828.8066666666666 300
3392 -829.02 300
3393 -829.0233333333333 300
3394 -828.8933333333333 300
3395 -828.81 300
3396 -828.68 300
3397 -828.5966666666667 300
3398 -828.51 300
3399 -828.3833333333333 300
3400 -828.21 300
3401 -828.0833333333334 300
3402 -827.91 300
3403 -826.6 300
3404 -826.7266666666667 300
3405 -826.6866666666666 300
3406 -826.73 300
3407 -826.6466666666666 300
3408 -827.0666666666667 300
3409 -827.06 300
3410 -827.1766666666666 300
3411 -827.3033333333333 300
3412 -827.5166666666667 300
3413 -827.7733333333333 300
3414 -828.0733333333334 300
3415 -828.33 300
3416 -828.4566666666667 300
3417 -829.4766666666667 300
3418 -829.3566666666667 300
3419 -829.3633333333333 300
3420 -829.62 300
3421 -829.8366666666667 300
3422 -830.0133333333333 300
3423 -829.85 300
3424 -829.68 300
3425 -830.9233333333333 300
3426 -831.0066666666667 300
3427 -830.9633333333334 300
3428 -830.9233333333333 300
3429 -830.9233333333333 300
3430 -830.1633333333333 300
3431 -830.0766666666667 300
3432 -829.8 300
3433 -829.73 300
3434 -829.7333333333333 300
3435 -829.65 300
3436 -829.4366666666666 300
3437 -829.2666666666667 300
3438 -829.0966666666667 300
3439 -828.97 300
3440 -828.8433333333334 300
3441 -828.6733333333333 300
3442 -828.5466666666666 300
3443 -828.4633333333334 300
3444 -828.2933333333333 300
3445 -828.1233333333333 300
3446 -827.9966666666667 300
3447 -827.87 300
3448 -827.7 300
3449 -827.66 300
3450 -827.5733333333334 300
3451 -827.5766666666667 300
3452 -827.5333333333333 300
3453 -827.5766666666667 300
3454 -827.5366666666666 300
3455 -827.4933333333333 300
3456 -827.4933333333333 300
3457 -827.4966666666667 300
3458 -827.75 300
3459 -827.83 300
3460 -828.0 300
3461 -828.0433333333333 300
3462 -828.0 300
3463 -828.0433333333333 300
3464 -827.9966666666667 300
3465 -828.04 300
3466 -828.0366666666666 300
3467 -828.0366666666666 300
3468 -827.9466666666667 300
3469 -828.0333333333333 300
3470 -827.9866666666667 300
3471 -827.9433333333334 300
3472 -827.8966666666666 300
3473 -827.8966666666666 300
3474 -827.7633333333333 300
3475 -827.8066666666666 300
3476 -827.8033333333333 300
3477 -828.2266666666667 300
3478 -828.2666666666667 300
3479 -828.2233333333334 300
3480 -827.4766666666667 300
3481 -827.56 300
3482 -827.5566666666666 300
3483 -827.5566666666666 300
3484 -827.5566666666666 300
3485 -827.56 300
3486 -827.47 300
3487 -827.5166666666667 300
3488 -828.11 300
3489 -828.24 300
3490 -828.5 300
3491 -828.7566666666667 300
3492 -828.76 300
3493 -828.8066666666666 300
3494 -828.4466666666667 300
3495 -828.5733333333334 300
3496 -828.66 300
3497 -828.7433333333333 300
3498 -828.92 300
3499 -828.88 300
3500 -828.84 300
3501 -828.84 300
3502 -828.8 300
3503 -828.8 300
3504 -828.8 300
3505 -829.5966666666667 300
3506 -829.8166666666667 300
3507 -829.9066666666666 300
3508 -830.1233333333333 300
3509 -830.1733333333333 300
3510 -829.4633333333334 300
3511 -829.5566666666666 300
3512 -829.6433333333333 300
3513 -829.7733333333333 300
3514 -829.7766666666666 300
3515 -829.6833333333333 300
3516 -829.64 300
3517 -829.6433333333333 300
3518 -829.6033333333334 300
3519 -829.4766666666667 300
3520 -829.43 300
3521 -829.3033333333333 300
3522 -829.26 300
3523 -829.22 300
3524 -829.1333333333333 300
3525 -829.13 300
3526 -827.2133333333334 300
3527 -827.2966666666666 300
3528 -827.51 300
3529 -827.7633333333333 300
3530 -827.9733333333334 300
3531 -827.9366666666666 300
3532 -827.9333333333333 300
3533 -827.89 300
3534 -827.8533333333334 300
3535 -827.81 300
3536 -827.77 300
3537 -827.8533333333334 300
3538 -827.8133333333334 300
3539 -827.97 300
3540 -827.9333333333333 300
3541 -827.8933333333333 300
3542 -827.8933333333333 300
3543 -827.8966666666666 300
3544 -827.8966666666666 300
3545 -827.94 300
3546 -827.9433333333334 300
3547 -827.9 300
3548 -827.9433333333334 300
3549 -827.99 300
3550 -827.99 300
3551 -827.99 300
3552 -828.0366666666666 300
3553 -828.04 300
3554 -828.0833333333334 300
3555 -828.0833333333334 300
3556 -828.13 300
3557 -828.14 300
3558 -828.2266666666667 300
3559 -828.6166666666667 300
3560 -828.9633333333334 300
3561 -829.1733333333333 300
3562 -829.3833333333333 300
3563 -829.39 300
3564 -829.3166666666667 300
3565 -829.32 300
3566 -829.32 300
3567 -829.32 300
3568 -829.32 300
3569 -829.2366666666667 300
3570 -829.1966666666667 300
3571 -829.15 300
3572 -829.1066666666667 300
3573 -829.1066666666667 300
3574 -829.0666666666667 300
3575 -828.9766666666667 300
3576 -828.9366666666666 300
3577 -828.89 300
3578 -828.4966666666667 300
3579 -828.45 300
3580 -828.4033333333333 300
3581 -828.28 300
3582 -828.23 300
3583 -828.1866666666666 300
3584 -828.14 300
3585 -828.0533333333333 300
3586 -828.0533333333333 300
3587 -828.0533333333333 300
3588 -828.05 300
3589 -828.01 300
3590 -828.0066666666667 300
3591 -828.0066666666667 300
3592 -828.0433333333333 300
3593 -828.04 300
3594 -828.04 300
3595 -828.0366666666666 300
3596 -828.12 300
3597 -828.1166666666667 300
3598 -828.12 300
3599 -828.1166666666667 300
3600 -828.3 300
3601 -828.38 300
3602 -827.2733333333333 300
3603 -827.3966666666666 300
3604 -827.4833333333333 300
3605 -827.4833333333333 300
3606 -827.4833333333333 300
3607 -827.4866666666667 300
3608 -827.49 300
3609 -827.49 300
3610 -827.49 300
3611 -827.49 300
3612 -827.49 300
3613 -827.49 300
3614 -827.49 300
3615 -827.49 300
3616 -827.49 300
3617 -827.49 300
3618 -827.4933333333333 300
3619 -827.49 300
3620 -827.4933333333333 300
3621 -827.4933333333333 300
3622 -827.96 300
3623 -828.1733333333333 300
3624 -828.26 300
3625 -829.2433333333333 300
3626 -829.2866666666666 300
3627 -829.4133333333333 300
3628 -829.6166666666667 300
3629 -829.6633333333333 300
3630 -829.74 300
3631 -829.7366666666667 300
3632 -829.6966666666667 300
3633 -830.3766666666667 300
3634 -830.5 300
3635 -830.5833333333334 300
3636 -830.5033333333333 300
3637 -830.4533333333334 300
3638 -830.3733333333333 300
3639 -829.75 300
3640 -829.83 300
3641 -829.75 300
3642 -829.7033333333334 300
3643 -829.6266666666667 300
3644 -829.59 300
3645 -829.4633333333334 300
3646 -829.3766666666667 300
3647 -829.22 300
3648 -829.1366666666667 300
3649 -829.0133333333333 300
3650 -828.89 300
3651 -828.8033333333333 300
3652 -828.77 300
3653 -828.73 300
3654 -828.69 300
3655 -828.61 300
3656 -828.61 300
3657 -828.5733333333334 300
3658 -828.54 300
3659 -828.5 300
3660 -828.4566666666667 300
3661 -827.9766666666667 300
3662 -827.9766666666667 300
3663 -828.02 300
3664 -828.02 300
3665 -827.9933333333333 300
3666 -827.99 300
3667 -828.0366666666666 300
3668 -828.0366666666666 300
3669 -828.46 300
3670 -828.5066666666667 300
3671 -828.4666666666667 300
3672 -828.4666666666667 300
3673 -828.4666666666667 300
3674 -828.47 300
3675 -828.47 300
3676 -828.43 300
3677 -828.4266666666666 300
3678 -827.92 300
3679 -828.1266666666667 300
3680 -828.1266666666667 300
3681 -828.17 300
3682 -828.1666666666666 300
3683 -828.2066666666667 300
3684 -828.2533333333333 300
3685 -828.21 300
3686 -828.2033333333334 300
3687 -828.2833333333333 300
3688 -828.2833333333333 300
3689 -828.2766666666666 300
3690 -828.3133333333334 300
3691 -828.3133333333334 300
3692 -827.8833333333333 300
3693 -827.9633333333334 300
3694 -828.0433333333333 300
3695 -828.09 300
3696 -828.13 300
3697 -828.1266666666667 300
3698 -828.12 300
3699 -828.12 300
3700 -828.1633333333333 300
3701 -828.1566666666666 300
3702 -828.15 300
3703 -827.6633333333333 300
3704 -827.7033333333334 300
3705 -827.7033333333334 300
3706 -827.7066666666667 300
3707 -827.7033333333334 300
3708 -827.66 300
3709 -827.6166666666667 300
3710 -827.6133333333333 300
3711 -827.5733333333334 300
3712 -827.5733333333334 300
3713 -827.5766666666667 300
3714 -827.4933333333333 300
3715 -827.4933333333333 300
3716 -827.4566666666667 300
3717 -827.4133333333333 300
3718 -827.7033333333334 300
3719 -827.6666666666666 300
3720 -828.1366666666667 300
3721 -828.3366666666667 300
3722 -828.3333333333334 300
3723 -828.2933333333333 300
3724 -828.2966666666666 300
3725 -828.2966666666666 300
3726 -828.2533333333333 300
3727 -828.21 300
3728 -828.21 300
3729 -828.17 300
3730 -828.13 300
3731 -828.0866666666667 300
3732 -828.37 300
3733 -828.3366666666667 300
3734 -828.2533333333333 300
3735 -828.2933333333333 300
3736 -828.3 300
3737 -828.2166666666667 300
3738 -828.1766666666666 300
3739 -828.0466666666666 300
3740 -828.3833333333333 300
3741 -828.4233333333333 300
3742 -828.7233333333334 300
3743 -828.7566666666667 300
3744 -828.7633333333333 300
3745 -828.7266666666667 300
3746 -829.0966666666667 300
3747 -829.1433333333333 300
3748 -829.1066666666667 300
3749 -829.0633333333334 300
3750 -829.02 300
3751 -828.8666666666667 300
3752 -828.9533333333334 300
3753 -829.0766666666667 300
3754 -829.03 300
3755 -828.9933333333333 300
3756 -828.0466666666666 300
3757 -828.14 300
3758 -829.1133333333333 300
3759 -829.12 300
3760 -829.2066666666667 300
3761 -829.2166666666667 300
3762 -828.3566666666667 300
3763 -828.2766666666666 300
3764 -828.2733333333333 300
3765 -828.2 300
3766 -828.1233333333333 300
3767 -829.1733333333333 300
3768 -828.45 300
3769 -828.2633333333333 300
3770 -828.2233333333334 300
3771 -828.1866666666666 300
3772 -828.1466666666666 300
3773 -828.2666666666667 300
3774 -829.3966666666666 300
3775 -829.2633333333333 300
3776 -829.2633333333333 300
3777 -829.26 300
3778 -829.2633333333333 300
3779 -829.2233333333334 300
3780 -829.23 300
3781 -829.19 300
3782 -829.2333333333333 300
3783 -829.1266666666667 300
3784 -828.97 300
3785 -828.8166666666667 300
3786 -828.7033333333334 300
3787 -828.5133333333333 300
3788 -829.9266666666666 300
3789 -828.5466666666666 300
3790 -826.9966666666667 300
3791 -827.06 300
3792 -823.3566666666667 300
3793 -823.35 300
3794 -823.4466666666667 300
3795 -823.4966666666667 300
3796 -823.5466666666666 300
3797 -823.5533333333333 300
3798 -823.5633333333334 300
3799 -822.9266666666666 300
3800 -822.93 300
3801 -822.9766666666667 300
3802 -823.0233333333333 300
3803 -823.07 300
3804 -823.0866666666667 300
3805 -823.0933333333334 300
3806 -823.14 300
3807 -823.1433333333333 300
3808 -823.2033333333334 300
3809 -823.21 300
3810 -823.26 300
3811 -823.3133333333334 300
3812 -823.43 300
3813 -823.4266666666666 300
3814 -823.4733333333334 300
3815 -823.5233333333333 300
3816 -823.59 300
3817 -823.52 300
3818 -823.54 300
3819 -823.7166666666667 300
3820 -823.8433333333334 300
3821 -823.8933333333333 300
3822 -822.85 300
3823 -821.8533333333334 300
3824 -821.9 300
3825 -821.95 300
3826 -821.95 300
3827 -821.95 300
3828 -821.95 300
3829 -821.9966666666667 300
3830 -821.9966666666667 300
3831 -822.0 300
3832 -822.0 300
3833 -822.0 300
3834 -822.0033333333333 300
3835 -822.0033333333333 300
3836 -822.0066666666667 300
3837 -822.05 300
3838 -822.05 300
3839 -822.0533333333333 300
3840 -822.0566666666666 300
3841 -822.0566666666666 300
3842 -822.0566666666666 300
3843 -822.1 300
3844 -822.0633333333334 300
3845 -822.0633333333334 300
3846 -822.1066666666667 300
3847 -822.1066666666667 300
3848 -822.1066666666667 300
3849 -822.1066666666667 300
3850 -822.2366666666667 300
3851 -822.28 300
3852 -822.28 300
3853 -822.3233333333334 300
3854 -821.9333333333333 300
3855 -821.89 300
3856 -821.89 300
3857 -821.89 300
3858 -821.89 300
3859 -821.89 300
3860 -821.89 300
3861 -821.89 300
3862 -821.9766666666667 300
3863 -821.9766666666667 300
3864 -821.9766666666667 300
3865 -821.9766666666667 300
3866 -821.9766666666667 300
3867 -821.9766666666667 300
3868 -822.0633333333334 300
3869 -822.0633333333334 300
3870 -822.0666666666667 300
3871 -822.0666666666667 300
3872 -822.0666666666667 300
3873 -822.0666666666667 300
3874 -822.07 300
3875 -822.0766666666667 300
3876 -822.0766666666667 300
3877 -822.08 300
3878 -822.1766666666666 300
3879 -822.07 300
3880 -821.9 300
3881 -821.9 300
3882 -821.9 300
3883 -821.9 300
3884 -821.9466666666667 300
3885 -821.9033333333333 300
3886 -821.8966666666666 300
3887 -821.8966666666666 300
3888 -821.8966666666666 300
3889 -821.8966666666666 300
3890 -821.8966666666666 300
3891 -821.8933333333333 300
3892 -821.8933333333333 300
3893 -821.75 300
3894 -821.82 300
3895 -821.82 300
3896 -821.82 300
3897 -821.8633333333333 300
3898 -821.8666666666667 300
3899 -821.8666666666667 300
3900 -821.8733333333333 300
3901 -821.9166666666666 300
3902 -822.0166666666667 300
3903 -822.02 300
3904 -822.0233333333333 300
3905 -822.0233333333333 300
3906 -822.0233333333333 300
3907 -822.0233333333333 300
3908 -822.0266666666666 300
3909 -822.0266666666666 300
3910 -822.0266666666666 300
3911 -822.0266666666666 300
3912 -822.03 300
3913 -822.03 300
3914 -821.89 300
3915 -821.89 300
3916 -821.89 300
3917 -821.89 300
3918 -821.89 300
3919 -821.89 300
3920 -821.8933333333333 300
3921 -821.94 300
3922 -821.9466666666667 300
3923 -821.9466666666667 300
3924 -821.9466666666667 300
3925 -822.0366666666666 300
3926 -822.0366666666666 300
3927 -822.04 300
3928 -822.0466666666666 300
3929 -822.05 300
3930 -822.0533333333333 300
3931 -822.0533333333333 300
3932 -822.0566666666666 300
3933 -822.1 300
3934 -822.1 300
3935 -822.1466666666666 300
3936 -822.15 300
3937 -822.2366666666667 300
3938 -822.2833333333333 300
3939 -822.29 300
3940 -822.3333333333334 300
3941 -822.3366666666667 300
3942 -822.34 300
3943 -822.3466666666667 300
3944 -822.35 300
3945 -821.8666666666667 300
3946 -822.0033333333333 300
3947 -821.9966666666667 300
3948 -821.9966666666667 300
3949 -822.04 300
3950 -822.2233333333334 300
3951 -822.31 300
3952 -822.3533333333334 300
3953 -822.4 300
3954 -822.4433333333334 300
3955 -822.4433333333334 300
3956 -822.4433333333334 300
3957 -822.4866666666667 300
3958 -822.4366666666666 300
3959 -822.44 300
3960 -822.44 300
3961 -822.49 300
3962 -822.54 300
3963 -822.6266666666667 300
3964 -822.7133333333334 300
3965 -822.7133333333334 300
3966 -822.5 300
3967 -822.5033333333333 300
3968 -822.5033333333333 300
3969 -822.5933333333334 300
3970 -822.5933333333334 300
3971 -822.6366666666667 300
3972 -822.6466666666666 300
3973 -822.65 300
3974 -822.65 300
3975 -822.7833333333333 300
3976 -822.7866666666666 300
3977 -822.79 300
3978 -822.8366666666667 300
3979 -822.9266666666666 300
3980 -821.76 300
3981 -821.76 300
3982 -821.7633333333333 300
3983 -821.7633333333333 300
3984 -821.7666666666667 300
3985 -821.77 300
3986 -821.7733333333333 300
3987 -821.7766666666666 300
3988 -821.7766666666666 300
3989 -821.78 300
3990 -821.7833333333333 300
3991 -821.83 300
3992 -821.84 300
3993 -821.7466666666667 300
3994 -821.75 300
3995 -821.75 300
3996 -821.8566666666667 300
3997 -821.87 300
3998 -821.8733333333333 300
3999 -821.8766666666667 300
4000 -821.88 300
