902.0 -836.0 
972.0 -897.0 
972.0 -897.0 
902.0 -836.0 
950.0 -885.0 
928.0 -874.0 
965.0 -893.0 
925.0 -860.0 
903.0 -843.0 
919.0 -853.0 
908.0 -845.0 
965.0 -893.0 
908.0 -845.0 
919.0 -853.0 
945.0 -881.0 
940.0 -879.0 
940.0 -879.0 
933.0 -876.0 
967.0 -895.0 
945.0 -881.0 
933.0 -876.0 
925.0 -860.0 
907.0 -844.0 
967.0 -895.0 
920.0 -855.0 
931.0 -875.0 
924.0 -858.0 
922.0 -856.0 
931.0 -875.0 
920.0 -855.0 
923.0 -857.0 
924.0 -858.0 
907.0 -844.0 
923.0 -857.0 
922.0 -856.0 
972.0 -897.0 
902.0 -836.0 
965.0 -893.0 
908.0 -845.0 
919.0 -853.0 
940.0 -879.0 
945.0 -881.0 
933.0 -876.0 
925.0 -860.0 
967.0 -895.0 
931.0 -875.0 
920.0 -855.0 
924.0 -858.0 
923.0 -857.0 
907.0 -844.0 
922.0 -856.0 
902.0 -836.0 
972.0 -897.0 
965.0 -893.0 
908.0 -845.0 
919.0 -853.0 
945.0 -881.0 
933.0 -876.0 
925.0 -860.0 
967.0 -895.0 
931.0 -875.0 
920.0 -855.0 
924.0 -858.0 
907.0 -844.0 
923.0 -857.0 
922.0 -856.0 
972.0 -897.0 
902.0 -836.0 
965.0 -893.0 
908.0 -845.0 
945.0 -881.0 
933.0 -876.0 
925.0 -860.0 
967.0 -895.0 
931.0 -875.0 
920.0 -855.0 
924.0 -858.0 
923.0 -857.0 
907.0 -844.0 
922.0 -856.0 
972.0 -897.0 
902.0 -836.0 
965.0 -893.0 
908.0 -845.0 
945.0 -881.0 
933.0 -876.0 
925.0 -860.0 
967.0 -895.0 
920.0 -855.0 
907.0 -844.0 
924.0 -858.0 
922.0 -856.0 
923.0 -857.0 
902.0 -836.0 
972.0 -897.0 
965.0 -893.0 
908.0 -845.0 
945.0 -881.0 
933.0 -876.0 
925.0 -860.0 
967.0 -895.0 
920.0 -855.0 
924.0 -858.0 
923.0 -857.0 
922.0 -856.0 
907.0 -844.0 
902.0 -836.0 
972.0 -897.0 
965.0 -893.0 
908.0 -845.0 
945.0 -881.0 
933.0 -876.0 
925.0 -860.0 
967.0 -895.0 
920.0 -855.0 
922.0 -856.0 
924.0 -858.0 
907.0 -844.0 
923.0 -857.0 
972.0 -897.0 
902.0 -836.0 
908.0 -845.0 
945.0 -881.0 
925.0 -860.0 
967.0 -895.0 
920.0 -855.0 
907.0 -844.0 
924.0 -858.0 
923.0 -857.0 
922.0 -856.0 
972.0 -897.0 
902.0 -836.0 
908.0 -845.0 
925.0 -860.0 
967.0 -895.0 
920.0 -855.0 
924.0 -858.0 
923.0 -857.0 
907.0 -844.0 
922.0 -856.0 
972.0 -897.0 
902.0 -836.0 
908.0 -845.0 
925.0 -860.0 
967.0 -895.0 
920.0 -855.0 
924.0 -858.0 
907.0 -844.0 
922.0 -856.0 
923.0 -857.0 
972.0 -897.0 
902.0 -836.0 
908.0 -845.0 
925.0 -860.0 
967.0 -895.0 
920.0 -855.0 
924.0 -858.0 
923.0 -857.0 
922.0 -856.0 
907.0 -844.0 
972.0 -897.0 
902.0 -836.0 
908.0 -845.0 
925.0 -860.0 
967.0 -895.0 
920.0 -855.0 
922.0 -856.0 
923.0 -857.0 
924.0 -858.0 
907.0 -844.0 
972.0 -897.0 
902.0 -836.0 
908.0 -845.0 
925.0 -860.0 
967.0 -895.0 
920.0 -855.0 
922.0 -856.0 
923.0 -857.0 
924.0 -858.0 
907.0 -844.0 
972.0 -897.0 
902.0 -836.0 
908.0 -845.0 
925.0 -860.0 
967.0 -895.0 
920.0 -855.0 
924.0 -858.0 
907.0 -844.0 
923.0 -857.0 
922.0 -856.0 
972.0 -897.0 
902.0 -836.0 
908.0 -845.0 
925.0 -860.0 
967.0 -895.0 
920.0 -855.0 
922.0 -856.0 
924.0 -858.0 
907.0 -844.0 
923.0 -857.0 
902.0 -836.0 
972.0 -897.0 
908.0 -845.0 
925.0 -860.0 
967.0 -895.0 
920.0 -855.0 
922.0 -856.0 
923.0 -857.0 
924.0 -858.0 
907.0 -844.0 
972.0 -897.0 
902.0 -836.0 
908.0 -845.0 
925.0 -860.0 
967.0 -895.0 
920.0 -855.0 
924.0 -858.0 
907.0 -844.0 
922.0 -856.0 
923.0 -857.0 
902.0 -836.0 
972.0 -897.0 
908.0 -845.0 
925.0 -860.0 
967.0 -895.0 
920.0 -855.0 
922.0 -856.0 
907.0 -844.0 
924.0 -858.0 
923.0 -857.0 
902.0 -836.0 
972.0 -897.0 
908.0 -845.0 
925.0 -860.0 
967.0 -895.0 
920.0 -855.0 
924.0 -858.0 
923.0 -857.0 
922.0 -856.0 
907.0 -844.0 
972.0 -897.0 
902.0 -836.0 
908.0 -845.0 
925.0 -860.0 
967.0 -895.0 
920.0 -855.0 
924.0 -858.0 
922.0 -856.0 
907.0 -844.0 
923.0 -857.0 
972.0 -897.0 
902.0 -836.0 
908.0 -845.0 
925.0 -860.0 
967.0 -895.0 
920.0 -855.0 
924.0 -858.0 
907.0 -844.0 
922.0 -856.0 
923.0 -857.0 
972.0 -897.0 
902.0 -836.0 
920.0 -855.0 
908.0 -845.0 
925.0 -860.0 
967.0 -895.0 
924.0 -858.0 
923.0 -857.0 
907.0 -844.0 
922.0 -856.0 
972.0 -897.0 
902.0 -836.0 
920.0 -855.0 
908.0 -845.0 
925.0 -860.0 
967.0 -895.0 
923.0 -857.0 
924.0 -858.0 
922.0 -856.0 
907.0 -844.0 
972.0 -897.0 
902.0 -836.0 
920.0 -855.0 
908.0 -845.0 
925.0 -860.0 
967.0 -895.0 
924.0 -858.0 
923.0 -857.0 
907.0 -844.0 
922.0 -856.0 
972.0 -897.0 
902.0 -836.0 
920.0 -855.0 
923.0 -857.0 
908.0 -845.0 
902.0 -836.0 
902.0 -836.0 
907.0 -844.0 
972.0 -897.0 
923.0 -857.0 
