520.8333333333333 -740.8333333333334
498.3333333333333 -696.6666666666667
502.5 -720.8333333333334
502.49999999999994 -705.0000000000001
503.3333333333333 -722.5000000000002
518.3333333333333 -738.3333333333335
517.5 -737.5000000000001
504.16666666666663 -725.0000000000001
501.66666666666663 -704.1666666666666
501.6666666666666 -702.5
499.16666666666663 -699.1666666666666
515.8333333333333 -735.8333333333336
520.0 -740.0
499.99999999999994 -700.8333333333334
499.16666666666663 -699.1666666666666
515.8333333333333 -735.8333333333336
520.0 -740.0
515.0 -735.0000000000001
512.5 -732.5000000000002
511.6666666666666 -731.666666666667
514.1666666666665 -734.1666666666669
509.16666666666663 -729.1666666666669
500.8333333333333 -701.6666666666666
506.66666666666663 -726.6666666666669
505.83333333333326 -725.8333333333336
508.33333333333326 -728.3333333333336
510.83333333333326 -730.8333333333336
504.99999999999994 -725.0000000000002
507.49999999999994 -727.5000000000002
509.99999999999994 -730.0000000000002
507.49999999999994 -727.5000000000002
509.99999999999994 -730.0000000000002
510.83333333333326 -730.8333333333336
513.3333333333333 -733.3333333333336
499.99999999999994 -700.8333333333334
511.6666666666666 -731.666666666667
505.83333333333326 -725.8333333333336
508.33333333333326 -728.3333333333336
509.16666666666663 -729.1666666666669
506.66666666666663 -726.6666666666669
514.1666666666665 -734.1666666666669
513.3333333333333 -733.3333333333336
500.8333333333333 -701.6666666666666
512.5 -732.5000000000002
515.0 -735.0000000000001
504.99999999999994 -725.0000000000002
502.49999999999994 -705.0000000000001
499.16666666666663 -699.1666666666666
515.8333333333333 -735.8333333333336
509.99999999999994 -730.0000000000002
510.83333333333326 -730.8333333333336
507.49999999999994 -727.5000000000002
505.83333333333326 -725.8333333333336
511.6666666666666 -731.666666666667
499.99999999999994 -700.8333333333334
508.33333333333326 -728.3333333333336
509.16666666666663 -729.1666666666669
506.66666666666663 -726.6666666666669
513.3333333333333 -733.3333333333336
500.8333333333333 -701.6666666666666
514.1666666666665 -734.1666666666669
515.0 -735.0000000000001
512.5 -732.5000000000002
504.99999999999994 -725.0000000000002
502.49999999999994 -705.0000000000001
504.99999999999994 -725.0000000000002
500.8333333333333 -701.6666666666666
500.8333333333333 -701.6666666666666
500.8333333333333 -701.6666666666666
504.99999999999994 -725.0000000000002
500.8333333333333 -701.6666666666666
500.8333333333333 -701.6666666666666
510.83333333333326 -730.8333333333336
510.83333333333326 -730.8333333333336
507.49999999999994 -727.5000000000002
511.6666666666666 -731.666666666667
510.83333333333326 -730.8333333333336
513.3333333333333 -733.3333333333336
505.83333333333326 -725.8333333333336
506.66666666666663 -726.6666666666669
513.3333333333333 -733.3333333333336
509.16666666666663 -729.1666666666669
506.66666666666663 -726.6666666666669
506.66666666666663 -726.6666666666669
507.49999999999994 -727.5000000000002
506.66666666666663 -726.6666666666669
504.99999999999994 -725.0000000000002
505.83333333333326 -725.8333333333336
510.83333333333326 -730.8333333333336
510.83333333333326 -730.8333333333336
506.66666666666663 -726.6666666666669
513.3333333333333 -733.3333333333336
499.99999999999994 -700.8333333333334
513.3333333333333 -733.3333333333336
509.99999999999994 -730.0000000000002
509.16666666666663 -729.1666666666669
506.66666666666663 -726.6666666666669
507.49999999999994 -727.5000000000002
513.3333333333333 -733.3333333333336
506.66666666666663 -726.6666666666669
515.0 -735.0000000000001
507.49999999999994 -727.5000000000002
509.16666666666663 -729.1666666666669
504.99999999999994 -725.0000000000002
513.3333333333333 -733.3333333333336
510.83333333333326 -730.8333333333336
511.6666666666666 -731.666666666667
506.66666666666663 -726.6666666666669
515.0 -735.0000000000001
511.6666666666666 -731.666666666667
513.3333333333333 -733.3333333333336
510.83333333333326 -730.8333333333336
513.3333333333333 -733.3333333333336
509.16666666666663 -729.1666666666669
506.66666666666663 -726.6666666666669
507.49999999999994 -727.5000000000002
513.3333333333333 -733.3333333333336
507.49999999999994 -727.5000000000002
508.33333333333326 -728.3333333333336
506.66666666666663 -726.6666666666669
513.3333333333333 -733.3333333333336
507.49999999999994 -727.5000000000002
509.16666666666663 -729.1666666666669
499.99999999999994 -700.8333333333334
507.49999999999994 -727.5000000000002
504.99999999999994 -725.0000000000002
511.6666666666666 -731.666666666667
504.99999999999994 -725.0000000000002
513.3333333333333 -733.3333333333336
510.83333333333326 -730.8333333333336
504.99999999999994 -725.0000000000002
507.49999999999994 -727.5000000000002
506.66666666666663 -726.6666666666669
507.49999999999994 -727.5000000000002
506.66666666666663 -726.6666666666669
510.83333333333326 -730.8333333333336
510.83333333333326 -730.8333333333336
504.99999999999994 -725.0000000000002
505.83333333333326 -725.8333333333336
513.3333333333333 -733.3333333333336
508.33333333333326 -728.3333333333336
504.99999999999994 -725.0000000000002
505.83333333333326 -725.8333333333336
515.8333333333333 -735.8333333333336
515.0 -735.0000000000001
506.66666666666663 -726.6666666666669
505.83333333333326 -725.8333333333336
507.49999999999994 -727.5000000000002
504.99999999999994 -725.0000000000002
515.8333333333333 -735.8333333333336
505.83333333333326 -725.8333333333336
513.3333333333333 -733.3333333333336
506.66666666666663 -726.6666666666669
507.49999999999994 -727.5000000000002
511.6666666666666 -731.666666666667
504.99999999999994 -725.0000000000002
509.16666666666663 -729.1666666666669
506.66666666666663 -726.6666666666669
507.49999999999994 -727.5000000000002
504.99999999999994 -725.0000000000002
513.3333333333333 -733.3333333333336
515.8333333333333 -735.8333333333336
506.66666666666663 -726.6666666666669
510.83333333333326 -730.8333333333336
504.99999999999994 -725.0000000000002
513.3333333333333 -733.3333333333336
509.16666666666663 -729.1666666666669
510.83333333333326 -730.8333333333336
507.49999999999994 -727.5000000000002
514.1666666666665 -734.1666666666669
515.0 -735.0000000000001
504.99999999999994 -725.0000000000002
505.83333333333326 -725.8333333333336
510.83333333333326 -730.8333333333336
513.3333333333333 -733.3333333333336
509.99999999999994 -730.0000000000002
510.83333333333326 -730.8333333333336
506.66666666666663 -726.6666666666669
513.3333333333333 -733.3333333333336
505.83333333333326 -725.8333333333336
504.99999999999994 -725.0000000000002
511.6666666666666 -731.666666666667
507.49999999999994 -727.5000000000002
511.6666666666666 -731.666666666667
506.66666666666663 -726.6666666666669
508.33333333333326 -728.3333333333336
507.49999999999994 -727.5000000000002
511.6666666666666 -731.666666666667
505.83333333333326 -725.8333333333336
505.83333333333326 -725.8333333333336
506.66666666666663 -726.6666666666669
513.3333333333333 -733.3333333333336
514.1666666666665 -734.1666666666669
509.16666666666663 -729.1666666666669
513.3333333333333 -733.3333333333336
513.3333333333333 -733.3333333333336
504.99999999999994 -725.0000000000002
505.83333333333326 -725.8333333333336
506.66666666666663 -726.6666666666669
505.83333333333326 -725.8333333333336
