498.3333333333333 -696.6666666666667
498.3333333333333 -696.6666666666667
515.8333333333333 -740.8333333333336
502.49999999999994 -705.8333333333335
502.5 -720.8333333333335
499.16666666666663 -699.1666666666667
503.3333333333333 -722.5000000000002
499.99999999999994 -700.8333333333335
500.8333333333333 -701.6666666666667
501.66666666666663 -704.1666666666666
501.6666666666666 -702.5
503.3333333333333 -722.5000000000002
504.99999999999994 -725.8333333333336
503.3333333333333 -722.5000000000002
509.99999999999994 -735.0000000000002
504.16666666666663 -725.0000000000002
509.99999999999994 -735.0000000000002
509.99999999999994 -735.0000000000002
503.3333333333333 -722.5000000000002
511.6666666666666 -736.6666666666669
511.6666666666666 -736.6666666666669
505.83333333333326 -730.8333333333336
507.49999999999994 -733.3333333333336
509.99999999999994 -735.0000000000002
515.8333333333333 -740.8333333333336
505.83333333333326 -730.8333333333336
515.8333333333333 -740.8333333333336
508.33333333333326 -734.166666666667
511.6666666666666 -736.6666666666669
509.99999999999994 -735.0000000000002
509.99999999999994 -735.0000000000002
504.99999999999994 -725.8333333333336
513.3333333333333 -739.166666666667
508.33333333333326 -734.166666666667
502.49999999999994 -705.8333333333335
