515.8333333333333 -757.5000000000002
515.8333333333333 -757.5000000000002
502.5 -733.3333333333335
503.3333333333333 -739.1666666666667
500.83333333333326 -711.666666666667
504.99999999999994 -743.3333333333336
507.49999999999994 -747.5000000000002
502.5 -733.3333333333335
504.99999999999994 -743.3333333333336
499.16666666666663 -709.1666666666669
499.16666666666663 -709.1666666666669
499.99999999999994 -710.8333333333336
507.49999999999994 -747.5000000000002
501.66666666666663 -712.5000000000003
499.99999999999994 -710.8333333333336
501.66666666666663 -712.5000000000003
499.16666666666663 -709.1666666666669
507.49999999999994 -747.5000000000002
499.99999999999994 -710.8333333333336
501.66666666666663 -712.5000000000003
499.16666666666663 -709.1666666666669
499.99999999999994 -710.8333333333336
501.66666666666663 -712.5000000000003
499.16666666666663 -709.1666666666669
499.99999999999994 -710.8333333333336
501.66666666666663 -712.5000000000003
499.16666666666663 -709.1666666666669
499.99999999999994 -710.8333333333336
499.16666666666663 -709.1666666666669
499.99999999999994 -710.8333333333336
499.16666666666663 -709.1666666666669
499.99999999999994 -710.8333333333336
499.16666666666663 -709.1666666666669
499.99999999999994 -710.8333333333336
499.16666666666663 -709.1666666666669
499.99999999999994 -710.8333333333336
499.99999999999994 -710.8333333333336
499.99999999999994 -710.8333333333336
499.16666666666663 -709.1666666666669
502.49999999999994 -713.3333333333337
507.49999999999994 -747.5000000000002
499.99999999999994 -710.8333333333336
508.33333333333326 -748.3333333333336
499.99999999999994 -710.8333333333336
499.16666666666663 -709.1666666666669
499.16666666666663 -709.1666666666669
515.8333333333333 -757.5000000000002
501.66666666666663 -712.5000000000003
500.83333333333326 -711.666666666667
499.99999999999994 -710.8333333333336
499.16666666666663 -709.1666666666669
499.99999999999994 -710.8333333333336
499.99999999999994 -710.8333333333336
498.3333333333333 -707.5000000000002
499.16666666666663 -709.1666666666669
506.66666666666663 -746.6666666666669
515.8333333333333 -757.5000000000002
507.49999999999994 -747.5000000000002
509.1666666666667 -750.8333333333336
499.99999999999994 -710.8333333333336
515.0 -756.666666666667
507.49999999999994 -747.5000000000002
509.1666666666667 -750.8333333333336
499.16666666666663 -709.1666666666669
515.8333333333333 -757.5000000000002
508.33333333333326 -748.3333333333336
507.49999999999994 -747.5000000000002
499.99999999999994 -710.8333333333336
499.99999999999994 -710.8333333333336
515.8333333333333 -757.5000000000002
499.99999999999994 -710.8333333333336
499.16666666666663 -709.1666666666669
508.33333333333326 -748.3333333333336
499.99999999999994 -710.8333333333336
500.83333333333326 -711.666666666667
499.99999999999994 -710.8333333333336
499.99999999999994 -710.8333333333336
499.16666666666663 -709.1666666666669
506.66666666666663 -746.6666666666669
501.66666666666663 -712.5000000000003
501.66666666666663 -712.5000000000003
499.16666666666663 -709.1666666666669
500.83333333333326 -711.666666666667
515.0 -756.666666666667
499.16666666666663 -709.1666666666669
501.66666666666663 -712.5000000000003
515.8333333333333 -757.5000000000002
504.16666666666663 -742.5000000000002
515.8333333333333 -757.5000000000002
507.49999999999994 -747.5000000000002
501.66666666666663 -712.5000000000003
499.99999999999994 -710.8333333333336
511.66666666666663 -754.166666666667
513.3333333333333 -755.8333333333336
499.16666666666663 -709.1666666666669
515.8333333333333 -757.5000000000002
499.16666666666663 -709.1666666666669
509.1666666666667 -750.8333333333336
509.16666666666663 -750.0000000000002
514.1666666666667 -756.6666666666669
507.49999999999994 -747.5000000000002
508.33333333333326 -748.3333333333336
501.66666666666663 -712.5000000000003
510.0 -752.5000000000002
499.16666666666663 -709.1666666666669
510.83333333333337 -753.3333333333336
499.99999999999994 -710.8333333333336
501.66666666666663 -712.5000000000003
499.99999999999994 -710.8333333333336
508.33333333333326 -748.3333333333336
499.16666666666663 -709.1666666666669
508.33333333333326 -748.3333333333336
510.83333333333337 -753.3333333333336
499.99999999999994 -710.8333333333336
507.49999999999994 -747.5000000000002
499.16666666666663 -709.1666666666669
500.83333333333326 -711.666666666667
507.49999999999994 -747.5000000000002
499.99999999999994 -710.8333333333336
499.99999999999994 -710.8333333333336
501.66666666666663 -712.5000000000003
500.83333333333326 -711.666666666667
499.16666666666663 -709.1666666666669
499.16666666666663 -709.1666666666669
507.49999999999994 -747.5000000000002
507.49999999999994 -747.5000000000002
507.49999999999994 -747.5000000000002
507.49999999999994 -747.5000000000002
499.99999999999994 -710.8333333333336
499.16666666666663 -709.1666666666669
501.66666666666663 -712.5000000000003
515.0 -756.666666666667
510.0 -752.5000000000002
499.99999999999994 -710.8333333333336
499.99999999999994 -710.8333333333336
513.3333333333333 -755.8333333333336
499.99999999999994 -710.8333333333336
499.16666666666663 -709.1666666666669
499.16666666666663 -709.1666666666669
499.99999999999994 -710.8333333333336
499.99999999999994 -710.8333333333336
499.99999999999994 -710.8333333333336
499.99999999999994 -710.8333333333336
499.16666666666663 -709.1666666666669
499.16666666666663 -709.1666666666669
499.16666666666663 -709.1666666666669
499.99999999999994 -710.8333333333336
499.16666666666663 -709.1666666666669
499.16666666666663 -709.1666666666669
507.49999999999994 -747.5000000000002
499.99999999999994 -710.8333333333336
499.16666666666663 -709.1666666666669
510.0 -752.5000000000002
499.99999999999994 -710.8333333333336
499.16666666666663 -709.1666666666669
499.99999999999994 -710.8333333333336
499.99999999999994 -710.8333333333336
501.66666666666663 -712.5000000000003
499.16666666666663 -709.1666666666669
499.99999999999994 -710.8333333333336
499.99999999999994 -710.8333333333336
499.99999999999994 -710.8333333333336
500.83333333333326 -711.666666666667
499.16666666666663 -709.1666666666669
499.99999999999994 -710.8333333333336
511.66666666666663 -754.166666666667
499.16666666666663 -709.1666666666669
499.99999999999994 -710.8333333333336
508.33333333333326 -748.3333333333336
507.49999999999994 -747.5000000000002
508.33333333333326 -748.3333333333336
500.83333333333326 -711.666666666667
499.16666666666663 -709.1666666666669
