510.0 -755.8333333333336
505.8333333333333 -747.5000000000001
503.3333333333333 -743.3333333333336
510.0 -755.8333333333336
512.5 -758.3333333333336
512.5 -758.3333333333336
510.0 -755.8333333333336
505.8333333333333 -747.5000000000001
510.0 -755.8333333333336
512.5 -758.3333333333336
505.8333333333333 -747.5000000000001
505.8333333333333 -747.5000000000001
512.5 -758.3333333333336
510.0 -755.8333333333336
512.5 -758.3333333333336
505.0 -745.8333333333336
504.16666666666663 -744.166666666667
510.0 -755.8333333333336
509.1666666666667 -755.0000000000002
510.8333333333333 -756.6666666666669
505.8333333333333 -747.5000000000001
505.8333333333333 -747.5000000000001
510.8333333333333 -756.6666666666669
510.0 -755.8333333333336
512.5 -758.3333333333336
509.1666666666667 -755.0000000000002
499.16666666666663 -718.3333333333336
510.8333333333333 -756.6666666666669
510.0 -755.8333333333336
505.8333333333333 -747.5000000000001
504.16666666666663 -744.166666666667
512.5 -758.3333333333336
510.0 -755.8333333333336
510.0 -755.8333333333336
510.0 -755.8333333333336
509.1666666666667 -755.0000000000002
505.8333333333333 -747.5000000000001
498.3333333333333 -715.0000000000003
505.8333333333333 -747.5000000000001
512.5 -758.3333333333336
513.3333333333333 -759.1666666666669
505.8333333333333 -747.5000000000001
510.8333333333333 -756.6666666666669
511.6666666666667 -757.5000000000002
513.3333333333333 -759.1666666666669
509.1666666666667 -755.0000000000002
509.1666666666667 -755.0000000000002
510.8333333333333 -756.6666666666669
505.8333333333333 -747.5000000000001
510.0 -755.8333333333336
512.5 -758.3333333333336
507.5 -750.8333333333336
504.16666666666663 -744.166666666667
505.8333333333333 -747.5000000000001
511.6666666666667 -757.5000000000002
512.5 -758.3333333333336
511.6666666666667 -757.5000000000002
512.5 -758.3333333333336
513.3333333333333 -759.1666666666669
505.8333333333333 -747.5000000000001
510.8333333333333 -756.6666666666669
505.8333333333333 -747.5000000000001
503.3333333333333 -743.3333333333336
513.3333333333333 -759.1666666666669
505.8333333333333 -747.5000000000001
510.0 -755.8333333333336
509.1666666666667 -755.0000000000002
503.3333333333333 -743.3333333333336
505.8333333333333 -747.5000000000001
505.0 -745.8333333333336
505.0 -745.8333333333336
505.8333333333333 -747.5000000000001
510.0 -755.8333333333336
513.3333333333333 -759.1666666666669
510.0 -755.8333333333336
510.0 -755.8333333333336
499.16666666666663 -718.3333333333336
504.16666666666663 -744.166666666667
503.3333333333333 -743.3333333333336
510.0 -755.8333333333336
512.5 -758.3333333333336
505.8333333333333 -747.5000000000001
507.5 -750.8333333333336
503.3333333333333 -743.3333333333336
503.3333333333333 -743.3333333333336
510.8333333333333 -756.6666666666669
505.8333333333333 -747.5000000000001
511.6666666666667 -757.5000000000002
509.1666666666667 -755.0000000000002
503.3333333333333 -743.3333333333336
510.8333333333333 -756.6666666666669
509.1666666666667 -755.0000000000002
509.1666666666667 -755.0000000000002
512.5 -758.3333333333336
510.0 -755.8333333333336
510.0 -755.8333333333336
505.8333333333333 -747.5000000000001
505.8333333333333 -747.5000000000001
513.3333333333333 -759.1666666666669
510.0 -755.8333333333336
505.8333333333333 -747.5000000000001
511.6666666666667 -757.5000000000002
510.0 -755.8333333333336
505.8333333333333 -747.5000000000001
510.8333333333333 -756.6666666666669
505.8333333333333 -747.5000000000001
509.1666666666667 -755.0000000000002
503.3333333333333 -743.3333333333336
504.16666666666663 -744.166666666667
510.0 -755.8333333333336
505.8333333333333 -747.5000000000001
505.8333333333333 -747.5000000000001
514.1666666666666 -760.0000000000002
505.8333333333333 -747.5000000000001
510.8333333333333 -756.6666666666669
506.66666666666663 -750.0000000000002
510.0 -755.8333333333336
510.0 -755.8333333333336
505.8333333333333 -747.5000000000001
510.8333333333333 -756.6666666666669
510.0 -755.8333333333336
503.3333333333333 -743.3333333333336
513.3333333333333 -759.1666666666669
510.0 -755.8333333333336
510.0 -755.8333333333336
511.6666666666667 -757.5000000000002
512.5 -758.3333333333336
513.3333333333333 -759.1666666666669
510.8333333333333 -756.6666666666669
505.8333333333333 -747.5000000000001
510.0 -755.8333333333336
503.3333333333333 -743.3333333333336
505.8333333333333 -747.5000000000001
505.8333333333333 -747.5000000000001
510.0 -755.8333333333336
510.0 -755.8333333333336
510.0 -755.8333333333336
512.5 -758.3333333333336
513.3333333333333 -759.1666666666669
509.1666666666667 -755.0000000000002
510.0 -755.8333333333336
510.0 -755.8333333333336
503.3333333333333 -743.3333333333336
513.3333333333333 -759.1666666666669
510.0 -755.8333333333336
502.5 -741.6666666666669
510.0 -755.8333333333336
512.5 -758.3333333333336
512.5 -758.3333333333336
511.6666666666667 -757.5000000000002
505.8333333333333 -747.5000000000001
510.0 -755.8333333333336
509.1666666666667 -755.0000000000002
503.3333333333333 -743.3333333333336
505.8333333333333 -747.5000000000001
505.8333333333333 -747.5000000000001
510.8333333333333 -756.6666666666669
509.1666666666667 -755.0000000000002
510.8333333333333 -756.6666666666669
508.33333333333337 -754.1666666666669
