498.3333333333333 -715.0000000000003
514.1666666666666 -760.0000000000002
499.99999999999994 -720.0000000000002
502.5 -741.6666666666669
506.66666666666663 -753.3333333333335
502.5 -741.6666666666669
505.8333333333333 -747.5000000000001
499.16666666666663 -718.3333333333336
503.3333333333333 -743.3333333333336
505.0 -745.8333333333336
499.16666666666663 -718.3333333333336
504.16666666666663 -744.166666666667
505.0 -745.8333333333336
505.8333333333333 -747.5000000000001
504.16666666666663 -744.166666666667
513.3333333333333 -759.1666666666669
503.3333333333333 -743.3333333333336
512.5 -758.3333333333336
513.3333333333333 -759.1666666666669
512.5 -758.3333333333336
505.0 -745.8333333333336
505.8333333333333 -747.5000000000001
504.16666666666663 -744.166666666667
503.3333333333333 -743.3333333333336
513.3333333333333 -759.1666666666669
512.5 -758.3333333333336
505.0 -745.8333333333336
505.8333333333333 -747.5000000000001
504.16666666666663 -744.166666666667
503.3333333333333 -743.3333333333336
513.3333333333333 -759.1666666666669
512.5 -758.3333333333336
505.0 -745.8333333333336
505.8333333333333 -747.5000000000001
504.16666666666663 -744.166666666667
503.3333333333333 -743.3333333333336
513.3333333333333 -759.1666666666669
512.5 -758.3333333333336
512.5 -758.3333333333336
505.8333333333333 -747.5000000000001
512.5 -758.3333333333336
505.8333333333333 -747.5000000000001
505.8333333333333 -747.5000000000001
512.5 -758.3333333333336
512.5 -758.3333333333336
505.8333333333333 -747.5000000000001
505.8333333333333 -747.5000000000001
512.5 -758.3333333333336
505.8333333333333 -747.5000000000001
504.16666666666663 -744.166666666667
512.5 -758.3333333333336
505.8333333333333 -747.5000000000001
505.8333333333333 -747.5000000000001
512.5 -758.3333333333336
505.8333333333333 -747.5000000000001
513.3333333333333 -759.1666666666669
505.8333333333333 -747.5000000000001
512.5 -758.3333333333336
504.16666666666663 -744.166666666667
505.8333333333333 -747.5000000000001
512.5 -758.3333333333336
512.5 -758.3333333333336
513.3333333333333 -759.1666666666669
505.8333333333333 -747.5000000000001
505.8333333333333 -747.5000000000001
503.3333333333333 -743.3333333333336
513.3333333333333 -759.1666666666669
505.8333333333333 -747.5000000000001
503.3333333333333 -743.3333333333336
505.8333333333333 -747.5000000000001
505.8333333333333 -747.5000000000001
513.3333333333333 -759.1666666666669
504.16666666666663 -744.166666666667
503.3333333333333 -743.3333333333336
512.5 -758.3333333333336
505.8333333333333 -747.5000000000001
503.3333333333333 -743.3333333333336
503.3333333333333 -743.3333333333336
505.8333333333333 -747.5000000000001
503.3333333333333 -743.3333333333336
512.5 -758.3333333333336
505.8333333333333 -747.5000000000001
505.8333333333333 -747.5000000000001
513.3333333333333 -759.1666666666669
505.8333333333333 -747.5000000000001
505.8333333333333 -747.5000000000001
505.8333333333333 -747.5000000000001
503.3333333333333 -743.3333333333336
504.16666666666663 -744.166666666667
505.8333333333333 -747.5000000000001
505.8333333333333 -747.5000000000001
505.8333333333333 -747.5000000000001
505.8333333333333 -747.5000000000001
503.3333333333333 -743.3333333333336
513.3333333333333 -759.1666666666669
512.5 -758.3333333333336
513.3333333333333 -759.1666666666669
505.8333333333333 -747.5000000000001
503.3333333333333 -743.3333333333336
505.8333333333333 -747.5000000000001
505.8333333333333 -747.5000000000001
512.5 -758.3333333333336
513.3333333333333 -759.1666666666669
503.3333333333333 -743.3333333333336
513.3333333333333 -759.1666666666669
512.5 -758.3333333333336
512.5 -758.3333333333336
505.8333333333333 -747.5000000000001
503.3333333333333 -743.3333333333336
505.8333333333333 -747.5000000000001
505.8333333333333 -747.5000000000001
505.8333333333333 -747.5000000000001
505.8333333333333 -747.5000000000001
506.66666666666663 -753.3333333333335
510.83333333333326 -757.5000000000002
512.5 -758.3333333333336
512.5 -758.3333333333336
512.5 -758.3333333333336
503.3333333333333 -743.3333333333336
512.5 -758.3333333333336
505.8333333333333 -747.5000000000001
505.8333333333333 -747.5000000000001
505.8333333333333 -747.5000000000001
513.3333333333333 -759.1666666666669
509.99999999999994 -756.6666666666669
513.3333333333333 -759.1666666666669
513.3333333333333 -759.1666666666669
512.5 -758.3333333333336
512.5 -758.3333333333336
505.8333333333333 -747.5000000000001
505.8333333333333 -747.5000000000001
504.16666666666663 -744.166666666667
503.3333333333333 -743.3333333333336
512.5 -758.3333333333336
508.33333333333326 -755.0000000000003
512.5 -758.3333333333336
504.16666666666663 -744.166666666667
503.3333333333333 -743.3333333333336
503.3333333333333 -743.3333333333336
507.49999999999994 -754.1666666666669
512.5 -758.3333333333336
509.99999999999994 -756.6666666666669
503.3333333333333 -743.3333333333336
504.16666666666663 -744.166666666667
505.8333333333333 -747.5000000000001
503.3333333333333 -743.3333333333336
504.16666666666663 -744.166666666667
512.5 -758.3333333333336
