498.3333333333333 -720.8333333333336
513.3333333333333 -762.5000000000001
513.3333333333333 -762.5000000000001
505.83333333333326 -755.0000000000003
508.3333333333333 -757.5000000000001
511.66666666666663 -760.8333333333335
511.66666666666663 -760.8333333333335
509.99999999999994 -759.166666666667
508.3333333333333 -757.5000000000001
509.99999999999994 -759.166666666667
509.16666666666663 -758.3333333333336
509.16666666666663 -758.3333333333336
513.3333333333333 -762.5000000000001
511.66666666666663 -760.8333333333335
508.3333333333333 -757.5000000000001
509.99999999999994 -759.166666666667
509.16666666666663 -758.3333333333336
509.99999999999994 -759.166666666667
509.16666666666663 -758.3333333333336
509.99999999999994 -759.166666666667
509.16666666666663 -758.3333333333336
509.99999999999994 -759.166666666667
509.16666666666663 -758.3333333333336
510.8333333333333 -760.0000000000001
510.8333333333333 -760.0000000000001
502.5 -745.8333333333336
509.16666666666663 -758.3333333333336
510.8333333333333 -760.0000000000001
500.8333333333333 -743.3333333333336
505.83333333333326 -755.0000000000003
510.8333333333333 -760.0000000000001
511.66666666666663 -760.8333333333335
