498.3333333333333 -720.8333333333336
513.3333333333333 -762.5000000000001
513.3333333333333 -762.5000000000001
505.83333333333326 -755.0000000000003
511.66666666666663 -760.8333333333335
511.66666666666663 -760.8333333333335
513.3333333333333 -762.5000000000001
511.66666666666663 -760.8333333333335
500.8333333333333 -743.3333333333336
505.83333333333326 -755.0000000000003
511.66666666666663 -760.8333333333335
501.66666666666663 -744.166666666667
511.66666666666663 -760.8333333333335
511.66666666666663 -760.8333333333335
504.99999999999994 -753.3333333333336
512.5 -761.6666666666669
511.66666666666663 -760.8333333333335
511.66666666666663 -760.8333333333335
500.8333333333333 -743.3333333333336
506.66666666666663 -758.3333333333336
500.0 -741.6666666666669
500.8333333333333 -743.3333333333336
506.66666666666663 -758.3333333333336
501.66666666666663 -744.166666666667
506.66666666666663 -758.3333333333336
506.66666666666663 -758.3333333333336
511.66666666666663 -760.8333333333335
511.66666666666663 -760.8333333333335
511.66666666666663 -760.8333333333335
501.66666666666663 -744.166666666667
500.0 -741.6666666666669
501.66666666666663 -744.166666666667
511.66666666666663 -760.8333333333335
501.66666666666663 -744.166666666667
501.66666666666663 -744.166666666667
512.5 -761.6666666666669
500.8333333333333 -743.3333333333336
501.66666666666663 -744.166666666667
501.66666666666663 -744.166666666667
501.66666666666663 -744.166666666667
513.3333333333333 -762.5000000000001
501.66666666666663 -744.166666666667
513.3333333333333 -762.5000000000001
501.66666666666663 -744.166666666667
505.8333333333333 -756.6666666666669
500.8333333333333 -743.3333333333336
500.8333333333333 -743.3333333333336
500.8333333333333 -743.3333333333336
504.1666666666667 -750.0000000000002
511.66666666666663 -760.8333333333335
501.66666666666663 -744.166666666667
501.66666666666663 -744.166666666667
500.8333333333333 -743.3333333333336
501.66666666666663 -744.166666666667
506.66666666666663 -758.3333333333336
501.66666666666663 -744.166666666667
505.8333333333333 -756.6666666666669
507.49999999999994 -759.166666666667
505.8333333333333 -756.6666666666669
504.99999999999994 -753.3333333333336
500.8333333333333 -743.3333333333336
501.66666666666663 -744.166666666667
501.66666666666663 -744.166666666667
501.66666666666663 -744.166666666667
501.66666666666663 -744.166666666667
500.8333333333333 -743.3333333333336
501.66666666666663 -744.166666666667
511.66666666666663 -760.8333333333335
513.3333333333333 -762.5000000000001
500.0 -741.6666666666669
501.66666666666663 -744.166666666667
501.66666666666663 -744.166666666667
501.66666666666663 -744.166666666667
500.8333333333333 -743.3333333333336
501.66666666666663 -744.166666666667
500.8333333333333 -743.3333333333336
501.66666666666663 -744.166666666667
500.8333333333333 -743.3333333333336
501.66666666666663 -744.166666666667
501.66666666666663 -744.166666666667
500.8333333333333 -743.3333333333336
501.66666666666663 -744.166666666667
501.66666666666663 -744.166666666667
507.49999999999994 -759.166666666667
500.8333333333333 -743.3333333333336
511.66666666666663 -760.8333333333335
511.66666666666663 -760.8333333333335
501.66666666666663 -744.166666666667
501.66666666666663 -744.166666666667
500.8333333333333 -743.3333333333336
511.66666666666663 -760.8333333333335
512.5 -761.6666666666669
501.66666666666663 -744.166666666667
500.8333333333333 -743.3333333333336
501.66666666666663 -744.166666666667
511.66666666666663 -760.8333333333335
501.66666666666663 -744.166666666667
501.66666666666663 -744.166666666667
512.5 -761.6666666666669
501.66666666666663 -744.166666666667
500.8333333333333 -743.3333333333336
501.66666666666663 -744.166666666667
511.66666666666663 -760.8333333333335
503.3333333333333 -748.3333333333336
504.16666666666663 -749.1666666666669
501.66666666666663 -744.166666666667
511.66666666666663 -760.8333333333335
501.66666666666663 -744.166666666667
500.8333333333333 -743.3333333333336
501.66666666666663 -744.166666666667
501.66666666666663 -744.166666666667
500.8333333333333 -743.3333333333336
500.8333333333333 -743.3333333333336
500.8333333333333 -743.3333333333336
501.6666666666667 -745.8333333333335
501.66666666666663 -744.166666666667
500.8333333333333 -743.3333333333336
508.3333333333333 -760.0000000000001
511.66666666666663 -760.8333333333335
502.5 -747.5000000000002
505.8333333333333 -756.6666666666669
505.83333333333326 -755.0000000000003
501.66666666666663 -744.166666666667
504.16666666666663 -749.1666666666669
507.49999999999994 -759.166666666667
506.66666666666663 -758.3333333333336
511.66666666666663 -760.8333333333335
506.66666666666663 -758.3333333333336
505.8333333333333 -756.6666666666669
511.66666666666663 -760.8333333333335
503.3333333333333 -748.3333333333336
501.66666666666663 -744.166666666667
506.66666666666663 -758.3333333333336
505.8333333333333 -756.6666666666669
501.66666666666663 -744.166666666667
500.8333333333333 -743.3333333333336
500.8333333333333 -743.3333333333336
501.6666666666667 -745.8333333333335
505.8333333333333 -756.6666666666669
514.1666666666666 -763.3333333333335
511.66666666666663 -760.8333333333335
500.0 -741.6666666666669
501.66666666666663 -744.166666666667
501.66666666666663 -744.166666666667
500.8333333333333 -743.3333333333336
501.66666666666663 -744.166666666667
503.3333333333333 -748.3333333333336
513.3333333333333 -762.5000000000001
512.5 -761.6666666666669
506.66666666666663 -758.3333333333336
500.8333333333333 -743.3333333333336
501.66666666666663 -744.166666666667
