498.3333333333333 -720.8333333333336
498.3333333333333 -720.8333333333336
518.3333333333333 -763.3333333333336
499.16666666666663 -722.5000000000002
500.0 -741.6666666666669
511.66666666666663 -763.3333333333335
506.66666666666663 -760.0000000000003
503.3333333333333 -751.666666666667
502.5 -749.1666666666669
501.6666666666667 -748.3333333333335
500.0 -741.6666666666669
500.8333333333333 -745.0000000000002
501.66666666666663 -745.0000000000003
505.8333333333333 -757.5000000000001
504.99999999999994 -754.166666666667
505.0 -755.8333333333336
504.16666666666663 -753.3333333333335
505.8333333333333 -757.5000000000001
504.16666666666663 -753.3333333333335
511.66666666666663 -763.3333333333335
500.8333333333333 -745.0000000000002
505.0 -755.8333333333336
504.99999999999994 -754.166666666667
501.66666666666663 -745.0000000000003
511.66666666666663 -763.3333333333335
504.16666666666663 -753.3333333333335
500.0 -741.6666666666669
505.8333333333333 -757.5000000000001
505.0 -755.8333333333336
504.99999999999994 -754.166666666667
511.66666666666663 -763.3333333333335
504.16666666666663 -753.3333333333335
500.0 -741.6666666666669
505.8333333333333 -757.5000000000001
505.0 -755.8333333333336
504.99999999999994 -754.166666666667
511.66666666666663 -763.3333333333335
504.16666666666663 -753.3333333333335
500.0 -741.6666666666669
505.8333333333333 -757.5000000000001
505.0 -755.8333333333336
504.99999999999994 -754.166666666667
511.66666666666663 -763.3333333333335
504.16666666666663 -753.3333333333335
500.0 -741.6666666666669
505.8333333333333 -757.5000000000001
505.0 -755.8333333333336
504.99999999999994 -754.166666666667
511.66666666666663 -763.3333333333335
500.0 -741.6666666666669
505.8333333333333 -757.5000000000001
505.0 -755.8333333333336
504.99999999999994 -754.166666666667
511.66666666666663 -763.3333333333335
500.0 -741.6666666666669
505.8333333333333 -757.5000000000001
505.0 -755.8333333333336
504.99999999999994 -754.166666666667
500.0 -741.6666666666669
505.8333333333333 -757.5000000000001
504.99999999999994 -754.166666666667
505.0 -755.8333333333336
500.0 -741.6666666666669
505.8333333333333 -757.5000000000001
504.99999999999994 -754.166666666667
505.0 -755.8333333333336
500.0 -741.6666666666669
505.8333333333333 -757.5000000000001
504.99999999999994 -754.166666666667
505.0 -755.8333333333336
500.0 -741.6666666666669
505.8333333333333 -757.5000000000001
504.99999999999994 -754.166666666667
505.0 -755.8333333333336
500.0 -741.6666666666669
505.8333333333333 -757.5000000000001
504.99999999999994 -754.166666666667
505.0 -755.8333333333336
500.0 -741.6666666666669
505.8333333333333 -757.5000000000001
504.99999999999994 -754.166666666667
505.0 -755.8333333333336
500.0 -741.6666666666669
505.8333333333333 -757.5000000000001
504.99999999999994 -754.166666666667
505.0 -755.8333333333336
500.0 -741.6666666666669
505.8333333333333 -757.5000000000001
504.99999999999994 -754.166666666667
500.0 -741.6666666666669
504.99999999999994 -754.166666666667
500.0 -741.6666666666669
500.0 -741.6666666666669
500.0 -741.6666666666669
500.0 -741.6666666666669
500.0 -741.6666666666669
500.0 -741.6666666666669
500.0 -741.6666666666669
500.0 -741.6666666666669
505.8333333333333 -757.5000000000001
505.8333333333333 -757.5000000000001
505.8333333333333 -757.5000000000001
505.8333333333333 -757.5000000000001
505.8333333333333 -757.5000000000001
505.8333333333333 -757.5000000000001
505.8333333333333 -757.5000000000001
505.8333333333333 -757.5000000000001
511.66666666666663 -763.3333333333335
511.66666666666663 -763.3333333333335
504.99999999999994 -754.166666666667
505.8333333333333 -757.5000000000001
505.8333333333333 -757.5000000000001
504.99999999999994 -754.166666666667
504.16666666666663 -753.3333333333335
504.99999999999994 -754.166666666667
504.99999999999994 -754.166666666667
504.99999999999994 -754.166666666667
505.8333333333333 -757.5000000000001
504.99999999999994 -754.166666666667
505.8333333333333 -757.5000000000001
504.16666666666663 -753.3333333333335
505.8333333333333 -757.5000000000001
504.99999999999994 -754.166666666667
500.0 -741.6666666666669
511.66666666666663 -763.3333333333335
500.0 -741.6666666666669
505.8333333333333 -757.5000000000001
505.8333333333333 -757.5000000000001
504.99999999999994 -754.166666666667
505.8333333333333 -757.5000000000001
504.99999999999994 -754.166666666667
505.8333333333333 -757.5000000000001
511.66666666666663 -763.3333333333335
505.8333333333333 -757.5000000000001
511.66666666666663 -763.3333333333335
505.8333333333333 -757.5000000000001
505.8333333333333 -757.5000000000001
505.8333333333333 -757.5000000000001
504.16666666666663 -753.3333333333335
505.8333333333333 -757.5000000000001
505.8333333333333 -757.5000000000001
505.0 -755.8333333333336
505.8333333333333 -757.5000000000001
504.99999999999994 -754.166666666667
504.16666666666663 -753.3333333333335
505.0 -755.8333333333336
504.16666666666663 -753.3333333333335
504.99999999999994 -754.166666666667
501.6666666666667 -748.3333333333335
500.0 -741.6666666666669
504.16666666666663 -753.3333333333335
511.66666666666663 -763.3333333333335
504.16666666666663 -753.3333333333335
504.99999999999994 -754.166666666667
509.16666666666663 -762.5000000000002
504.99999999999994 -754.166666666667
505.8333333333333 -757.5000000000001
505.8333333333333 -757.5000000000001
504.99999999999994 -754.166666666667
504.16666666666663 -753.3333333333335
504.16666666666663 -753.3333333333335
505.8333333333333 -757.5000000000001
503.3333333333333 -751.666666666667
505.8333333333333 -757.5000000000001
500.0 -741.6666666666669
505.8333333333333 -757.5000000000001
