498.3333333333333 -720.8333333333336
498.3333333333333 -720.8333333333336
499.16666666666663 -722.5000000000002
506.66666666666663 -760.0000000000003
502.5 -749.1666666666669
501.6666666666667 -748.3333333333335
500.8333333333333 -745.0000000000002
501.66666666666663 -745.0000000000003
500.8333333333333 -745.0000000000002
501.66666666666663 -745.0000000000003
501.6666666666667 -748.3333333333335
509.16666666666663 -762.5000000000002
509.16666666666663 -762.5000000000002
505.8333333333333 -759.1666666666669
501.6666666666667 -748.3333333333335
505.8333333333333 -759.1666666666669
505.0 -757.5000000000003
509.16666666666663 -762.5000000000002
508.3333333333333 -761.6666666666669
509.16666666666663 -762.5000000000002
509.99999999999994 -763.3333333333336
504.99999999999994 -755.8333333333337
509.16666666666663 -762.5000000000002
500.0 -744.1666666666669
504.99999999999994 -755.8333333333337
503.3333333333333 -753.3333333333337
507.49999999999994 -760.8333333333337
511.66666666666663 -765.0000000000002
504.16666666666663 -755.0000000000002
507.49999999999994 -760.8333333333337
509.16666666666663 -762.5000000000002
504.16666666666663 -755.0000000000002
