498.3333333333333 -720.8333333333336
498.3333333333333 -720.8333333333336
510.83333333333326 -770.0000000000002
500.0 -750.8333333333335
499.16666666666663 -722.5000000000002
502.5 -755.0000000000002
508.33333333333326 -767.5000000000002
503.3333333333333 -759.166666666667
501.6666666666667 -753.3333333333335
500.8333333333333 -752.5000000000002
504.99999999999994 -761.6666666666669
505.0 -763.3333333333336
503.3333333333333 -759.166666666667
504.16666666666663 -760.8333333333335
505.8333333333333 -765.0000000000001
509.16666666666663 -768.3333333333335
504.16666666666663 -760.8333333333335
505.8333333333333 -765.0000000000001
509.99999999999994 -769.1666666666669
507.49999999999994 -766.6666666666669
506.66666666666663 -765.8333333333335
507.49999999999994 -766.6666666666669
509.99999999999994 -769.1666666666669
506.66666666666663 -765.8333333333335
500.8333333333333 -752.5000000000002
501.6666666666667 -753.3333333333335
509.16666666666663 -768.3333333333335
505.0 -763.3333333333336
504.99999999999994 -761.6666666666669
503.3333333333333 -759.166666666667
505.8333333333333 -765.0000000000001
504.16666666666663 -760.8333333333335
509.99999999999994 -769.1666666666669
506.66666666666663 -765.8333333333335
507.49999999999994 -766.6666666666669
500.8333333333333 -752.5000000000002
501.6666666666667 -753.3333333333335
509.16666666666663 -768.3333333333335
505.0 -763.3333333333336
504.99999999999994 -761.6666666666669
509.99999999999994 -769.1666666666669
503.3333333333333 -759.166666666667
505.8333333333333 -765.0000000000001
504.16666666666663 -760.8333333333335
507.49999999999994 -766.6666666666669
506.66666666666663 -765.8333333333335
501.6666666666667 -753.3333333333335
509.16666666666663 -768.3333333333335
505.0 -763.3333333333336
504.99999999999994 -761.6666666666669
509.99999999999994 -769.1666666666669
503.3333333333333 -759.166666666667
504.16666666666663 -760.8333333333335
505.8333333333333 -765.0000000000001
507.49999999999994 -766.6666666666669
506.66666666666663 -765.8333333333335
501.6666666666667 -753.3333333333335
509.16666666666663 -768.3333333333335
505.0 -763.3333333333336
504.99999999999994 -761.6666666666669
509.99999999999994 -769.1666666666669
503.3333333333333 -759.166666666667
505.8333333333333 -765.0000000000001
504.16666666666663 -760.8333333333335
507.49999999999994 -766.6666666666669
506.66666666666663 -765.8333333333335
509.16666666666663 -768.3333333333335
501.6666666666667 -753.3333333333335
505.0 -763.3333333333336
504.99999999999994 -761.6666666666669
509.99999999999994 -769.1666666666669
503.3333333333333 -759.166666666667
505.8333333333333 -765.0000000000001
504.16666666666663 -760.8333333333335
507.49999999999994 -766.6666666666669
506.66666666666663 -765.8333333333335
501.6666666666667 -753.3333333333335
509.16666666666663 -768.3333333333335
505.0 -763.3333333333336
504.99999999999994 -761.6666666666669
509.99999999999994 -769.1666666666669
503.3333333333333 -759.166666666667
505.8333333333333 -765.0000000000001
504.16666666666663 -760.8333333333335
507.49999999999994 -766.6666666666669
506.66666666666663 -765.8333333333335
501.6666666666667 -753.3333333333335
509.16666666666663 -768.3333333333335
505.0 -763.3333333333336
504.99999999999994 -761.6666666666669
509.99999999999994 -769.1666666666669
503.3333333333333 -759.166666666667
504.16666666666663 -760.8333333333335
505.8333333333333 -765.0000000000001
509.16666666666663 -768.3333333333335
506.66666666666663 -765.8333333333335
507.49999999999994 -766.6666666666669
501.6666666666667 -753.3333333333335
505.0 -763.3333333333336
504.99999999999994 -761.6666666666669
505.8333333333333 -765.0000000000001
505.8333333333333 -765.0000000000001
501.6666666666667 -753.3333333333335
505.8333333333333 -765.0000000000001
505.8333333333333 -765.0000000000001
501.6666666666667 -753.3333333333335
507.49999999999994 -766.6666666666669
504.99999999999994 -761.6666666666669
505.0 -763.3333333333336
505.8333333333333 -765.0000000000001
506.66666666666663 -765.8333333333335
505.8333333333333 -765.0000000000001
506.66666666666663 -765.8333333333335
505.8333333333333 -765.0000000000001
507.49999999999994 -766.6666666666669
505.8333333333333 -765.0000000000001
505.8333333333333 -765.0000000000001
504.99999999999994 -761.6666666666669
505.8333333333333 -765.0000000000001
507.49999999999994 -766.6666666666669
507.49999999999994 -766.6666666666669
505.8333333333333 -765.0000000000001
505.8333333333333 -765.0000000000001
504.16666666666663 -760.8333333333335
505.8333333333333 -765.0000000000001
504.99999999999994 -761.6666666666669
507.49999999999994 -766.6666666666669
504.99999999999994 -761.6666666666669
506.66666666666663 -765.8333333333335
509.16666666666663 -768.3333333333335
505.8333333333333 -765.0000000000001
505.8333333333333 -765.0000000000001
504.99999999999994 -761.6666666666669
504.99999999999994 -761.6666666666669
505.8333333333333 -765.0000000000001
504.16666666666663 -760.8333333333335
505.8333333333333 -765.0000000000001
506.66666666666663 -765.8333333333335
501.6666666666667 -753.3333333333335
503.3333333333333 -759.166666666667
505.8333333333333 -765.0000000000001
505.8333333333333 -765.0000000000001
505.8333333333333 -765.0000000000001
504.99999999999994 -761.6666666666669
505.8333333333333 -765.0000000000001
507.49999999999994 -766.6666666666669
504.16666666666663 -760.8333333333335
504.16666666666663 -760.8333333333335
505.0 -763.3333333333336
504.16666666666663 -760.8333333333335
509.16666666666663 -768.3333333333335
503.3333333333333 -759.166666666667
507.49999999999994 -766.6666666666669
505.8333333333333 -765.0000000000001
504.99999999999994 -761.6666666666669
509.16666666666663 -768.3333333333335
505.8333333333333 -765.0000000000001
504.16666666666663 -760.8333333333335
504.16666666666663 -760.8333333333335
504.99999999999994 -761.6666666666669
506.66666666666663 -765.8333333333335
504.16666666666663 -760.8333333333335
506.66666666666663 -765.8333333333335
503.3333333333333 -759.166666666667
504.99999999999994 -761.6666666666669
506.66666666666663 -765.8333333333335
503.3333333333333 -759.166666666667
505.8333333333333 -765.0000000000001
505.0 -763.3333333333336
505.0 -763.3333333333336
506.66666666666663 -765.8333333333335
504.16666666666663 -760.8333333333335
509.16666666666663 -768.3333333333335
505.8333333333333 -765.0000000000001
505.8333333333333 -765.0000000000001
505.8333333333333 -765.0000000000001
504.16666666666663 -760.8333333333335
503.3333333333333 -759.166666666667
505.8333333333333 -765.0000000000001
504.16666666666663 -760.8333333333335
504.16666666666663 -760.8333333333335
507.49999999999994 -766.6666666666669
507.49999999999994 -766.6666666666669
505.0 -763.3333333333336
506.66666666666663 -765.8333333333335
505.8333333333333 -765.0000000000001
505.0 -763.3333333333336
506.66666666666663 -765.8333333333335
506.66666666666663 -765.8333333333335
504.16666666666663 -760.8333333333335
505.8333333333333 -765.0000000000001
506.66666666666663 -765.8333333333335
504.16666666666663 -760.8333333333335
505.8333333333333 -765.0000000000001
503.3333333333333 -759.166666666667
506.66666666666663 -765.8333333333335
506.66666666666663 -765.8333333333335
504.16666666666663 -760.8333333333335
505.8333333333333 -765.0000000000001
504.16666666666663 -760.8333333333335
