498.3333333333333 -720.8333333333336
498.3333333333333 -720.8333333333336
513.3333333333333 -773.3333333333336
499.16666666666663 -722.5000000000002
500.0 -752.5000000000002
512.5 -772.5000000000003
509.16666666666663 -772.5000000000002
505.8333333333333 -769.166666666667
506.6666666666667 -770.0000000000002
502.5 -758.3333333333336
503.3333333333333 -762.5000000000002
500.0 -752.5000000000002
499.16666666666663 -722.5000000000002
503.3333333333333 -762.5000000000002
502.5 -758.3333333333336
500.8333333333333 -754.166666666667
504.16666666666663 -764.166666666667
501.66666666666663 -755.0000000000003
504.99999999999994 -765.0000000000003
501.6666666666667 -756.6666666666669
505.0 -766.6666666666669
500.8333333333333 -754.166666666667
504.16666666666663 -764.166666666667
507.5 -770.8333333333336
508.3333333333333 -771.666666666667
507.5 -770.8333333333336
508.3333333333333 -771.666666666667
509.16666666666663 -772.5000000000002
512.5 -772.5000000000003
505.0 -766.6666666666669
501.6666666666667 -756.6666666666669
501.66666666666663 -755.0000000000003
504.99999999999994 -765.0000000000003
500.0 -752.5000000000002
503.3333333333333 -762.5000000000002
502.5 -758.3333333333336
500.8333333333333 -754.166666666667
504.16666666666663 -764.166666666667
507.5 -770.8333333333336
508.3333333333333 -771.666666666667
509.16666666666663 -772.5000000000002
505.0 -766.6666666666669
501.6666666666667 -756.6666666666669
504.99999999999994 -765.0000000000003
500.0 -752.5000000000002
503.3333333333333 -762.5000000000002
502.5 -758.3333333333336
504.16666666666663 -764.166666666667
500.8333333333333 -754.166666666667
508.3333333333333 -771.666666666667
509.16666666666663 -772.5000000000002
505.0 -766.6666666666669
501.6666666666667 -756.6666666666669
507.5 -770.8333333333336
504.99999999999994 -765.0000000000003
500.0 -752.5000000000002
503.3333333333333 -762.5000000000002
502.5 -758.3333333333336
500.8333333333333 -754.166666666667
504.16666666666663 -764.166666666667
508.3333333333333 -771.666666666667
509.16666666666663 -772.5000000000002
501.6666666666667 -756.6666666666669
505.0 -766.6666666666669
507.5 -770.8333333333336
504.99999999999994 -765.0000000000003
500.0 -752.5000000000002
503.3333333333333 -762.5000000000002
502.5 -758.3333333333336
509.16666666666663 -772.5000000000002
500.8333333333333 -754.166666666667
504.16666666666663 -764.166666666667
508.3333333333333 -771.666666666667
501.6666666666667 -756.6666666666669
505.0 -766.6666666666669
507.5 -770.8333333333336
504.99999999999994 -765.0000000000003
500.0 -752.5000000000002
503.3333333333333 -762.5000000000002
502.5 -758.3333333333336
509.16666666666663 -772.5000000000002
500.8333333333333 -754.166666666667
504.16666666666663 -764.166666666667
508.3333333333333 -771.666666666667
505.0 -766.6666666666669
501.6666666666667 -756.6666666666669
507.5 -770.8333333333336
504.99999999999994 -765.0000000000003
500.0 -752.5000000000002
503.3333333333333 -762.5000000000002
502.5 -758.3333333333336
509.16666666666663 -772.5000000000002
500.8333333333333 -754.166666666667
504.16666666666663 -764.166666666667
508.3333333333333 -771.666666666667
501.6666666666667 -756.6666666666669
505.0 -766.6666666666669
507.5 -770.8333333333336
504.99999999999994 -765.0000000000003
500.0 -752.5000000000002
503.3333333333333 -762.5000000000002
502.5 -758.3333333333336
509.16666666666663 -772.5000000000002
500.8333333333333 -754.166666666667
504.16666666666663 -764.166666666667
508.3333333333333 -771.666666666667
501.6666666666667 -756.6666666666669
505.0 -766.6666666666669
507.5 -770.8333333333336
504.99999999999994 -765.0000000000003
509.16666666666663 -772.5000000000002
500.0 -752.5000000000002
503.3333333333333 -762.5000000000002
502.5 -758.3333333333336
500.8333333333333 -754.166666666667
504.16666666666663 -764.166666666667
508.3333333333333 -771.666666666667
501.6666666666667 -756.6666666666669
505.0 -766.6666666666669
507.5 -770.8333333333336
504.99999999999994 -765.0000000000003
509.16666666666663 -772.5000000000002
500.0 -752.5000000000002
501.6666666666667 -756.6666666666669
500.8333333333333 -754.166666666667
503.3333333333333 -762.5000000000002
502.5 -758.3333333333336
504.16666666666663 -764.166666666667
508.3333333333333 -771.666666666667
505.0 -766.6666666666669
507.5 -770.8333333333336
504.99999999999994 -765.0000000000003
509.16666666666663 -772.5000000000002
500.0 -752.5000000000002
501.6666666666667 -756.6666666666669
500.8333333333333 -754.166666666667
503.3333333333333 -762.5000000000002
502.5 -758.3333333333336
504.16666666666663 -764.166666666667
508.3333333333333 -771.666666666667
505.0 -766.6666666666669
507.5 -770.8333333333336
504.99999999999994 -765.0000000000003
509.16666666666663 -772.5000000000002
500.0 -752.5000000000002
501.6666666666667 -756.6666666666669
500.8333333333333 -754.166666666667
503.3333333333333 -762.5000000000002
502.5 -758.3333333333336
504.16666666666663 -764.166666666667
508.3333333333333 -771.666666666667
505.0 -766.6666666666669
507.5 -770.8333333333336
504.99999999999994 -765.0000000000003
500.0 -752.5000000000002
501.6666666666667 -756.6666666666669
500.8333333333333 -754.166666666667
503.3333333333333 -762.5000000000002
502.5 -758.3333333333336
504.16666666666663 -764.166666666667
508.3333333333333 -771.666666666667
505.0 -766.6666666666669
507.5 -770.8333333333336
504.99999999999994 -765.0000000000003
500.0 -752.5000000000002
501.6666666666667 -756.6666666666669
500.8333333333333 -754.166666666667
503.3333333333333 -762.5000000000002
502.5 -758.3333333333336
504.16666666666663 -764.166666666667
508.3333333333333 -771.666666666667
505.0 -766.6666666666669
507.5 -770.8333333333336
504.99999999999994 -765.0000000000003
500.0 -752.5000000000002
501.6666666666667 -756.6666666666669
500.8333333333333 -754.166666666667
503.3333333333333 -762.5000000000002
502.5 -758.3333333333336
504.16666666666663 -764.166666666667
508.3333333333333 -771.666666666667
505.0 -766.6666666666669
507.5 -770.8333333333336
504.99999999999994 -765.0000000000003
500.8333333333333 -754.166666666667
503.3333333333333 -762.5000000000002
502.5 -758.3333333333336
504.16666666666663 -764.166666666667
508.3333333333333 -771.666666666667
505.0 -766.6666666666669
507.5 -770.8333333333336
504.99999999999994 -765.0000000000003
504.16666666666663 -764.166666666667
502.5 -758.3333333333336
507.5 -770.8333333333336
509.16666666666663 -772.5000000000002
503.3333333333333 -762.5000000000002
508.3333333333333 -771.666666666667
504.99999999999994 -765.0000000000003
503.3333333333333 -762.5000000000002
