498.3333333333333 -720.8333333333336
498.3333333333333 -720.8333333333336
517.5 -775.0000000000003
499.16666666666663 -722.5000000000002
500.0 -752.5000000000002
513.3333333333333 -773.3333333333336
503.3333333333333 -765.0000000000002
512.5 -772.5000000000003
509.16666666666663 -772.5000000000002
502.5 -758.3333333333336
506.66666666666663 -770.0000000000003
505.8333333333333 -769.166666666667
500.0 -752.5000000000002
499.16666666666663 -722.5000000000002
500.8333333333333 -754.166666666667
502.5 -758.3333333333336
501.66666666666663 -755.0000000000003
501.6666666666667 -756.6666666666669
507.5 -770.8333333333336
505.8333333333333 -769.166666666667
500.8333333333333 -754.166666666667
508.3333333333333 -771.666666666667
508.3333333333333 -771.666666666667
507.5 -770.8333333333336
503.3333333333333 -765.0000000000002
509.16666666666663 -772.5000000000002
512.5 -772.5000000000003
501.6666666666667 -756.6666666666669
501.66666666666663 -755.0000000000003
500.0 -752.5000000000002
502.5 -758.3333333333336
500.8333333333333 -754.166666666667
508.3333333333333 -771.666666666667
507.5 -770.8333333333336
509.16666666666663 -772.5000000000002
503.3333333333333 -765.0000000000002
512.5 -772.5000000000003
501.6666666666667 -756.6666666666669
500.0 -752.5000000000002
502.5 -758.3333333333336
500.8333333333333 -754.166666666667
507.5 -770.8333333333336
508.3333333333333 -771.666666666667
509.16666666666663 -772.5000000000002
501.6666666666667 -756.6666666666669
500.0 -752.5000000000002
502.5 -758.3333333333336
500.8333333333333 -754.166666666667
507.5 -770.8333333333336
508.3333333333333 -771.666666666667
509.16666666666663 -772.5000000000002
501.6666666666667 -756.6666666666669
500.0 -752.5000000000002
502.5 -758.3333333333336
500.8333333333333 -754.166666666667
508.3333333333333 -771.666666666667
509.16666666666663 -772.5000000000002
501.6666666666667 -756.6666666666669
507.5 -770.8333333333336
500.0 -752.5000000000002
502.5 -758.3333333333336
500.8333333333333 -754.166666666667
508.3333333333333 -771.666666666667
509.16666666666663 -772.5000000000002
501.6666666666667 -756.6666666666669
507.5 -770.8333333333336
500.0 -752.5000000000002
502.5 -758.3333333333336
509.16666666666663 -772.5000000000002
500.8333333333333 -754.166666666667
508.3333333333333 -771.666666666667
501.6666666666667 -756.6666666666669
507.5 -770.8333333333336
500.0 -752.5000000000002
502.5 -758.3333333333336
509.16666666666663 -772.5000000000002
500.8333333333333 -754.166666666667
508.3333333333333 -771.666666666667
501.6666666666667 -756.6666666666669
507.5 -770.8333333333336
500.0 -752.5000000000002
502.5 -758.3333333333336
509.16666666666663 -772.5000000000002
500.8333333333333 -754.166666666667
508.3333333333333 -771.666666666667
501.6666666666667 -756.6666666666669
507.5 -770.8333333333336
500.0 -752.5000000000002
502.5 -758.3333333333336
509.16666666666663 -772.5000000000002
500.8333333333333 -754.166666666667
508.3333333333333 -771.666666666667
501.6666666666667 -756.6666666666669
507.5 -770.8333333333336
509.16666666666663 -772.5000000000002
500.0 -752.5000000000002
502.5 -758.3333333333336
500.8333333333333 -754.166666666667
508.3333333333333 -771.666666666667
501.6666666666667 -756.6666666666669
507.5 -770.8333333333336
509.16666666666663 -772.5000000000002
500.0 -752.5000000000002
501.6666666666667 -756.6666666666669
500.8333333333333 -754.166666666667
502.5 -758.3333333333336
508.3333333333333 -771.666666666667
507.5 -770.8333333333336
509.16666666666663 -772.5000000000002
500.0 -752.5000000000002
501.6666666666667 -756.6666666666669
500.8333333333333 -754.166666666667
502.5 -758.3333333333336
508.3333333333333 -771.666666666667
507.5 -770.8333333333336
509.16666666666663 -772.5000000000002
500.0 -752.5000000000002
501.6666666666667 -756.6666666666669
500.8333333333333 -754.166666666667
502.5 -758.3333333333336
508.3333333333333 -771.666666666667
507.5 -770.8333333333336
500.0 -752.5000000000002
501.6666666666667 -756.6666666666669
500.8333333333333 -754.166666666667
502.5 -758.3333333333336
508.3333333333333 -771.666666666667
507.5 -770.8333333333336
500.0 -752.5000000000002
501.6666666666667 -756.6666666666669
500.8333333333333 -754.166666666667
502.5 -758.3333333333336
508.3333333333333 -771.666666666667
507.5 -770.8333333333336
500.0 -752.5000000000002
501.6666666666667 -756.6666666666669
500.8333333333333 -754.166666666667
502.5 -758.3333333333336
508.3333333333333 -771.666666666667
507.5 -770.8333333333336
500.8333333333333 -754.166666666667
502.5 -758.3333333333336
508.3333333333333 -771.666666666667
507.5 -770.8333333333336
502.5 -758.3333333333336
507.5 -770.8333333333336
509.16666666666663 -772.5000000000002
508.3333333333333 -771.666666666667
500.0 -752.5000000000002
501.6666666666667 -756.6666666666669
500.0 -752.5000000000002
501.6666666666667 -756.6666666666669
507.5 -770.8333333333336
500.8333333333333 -754.166666666667
501.6666666666667 -756.6666666666669
500.8333333333333 -754.166666666667
507.5 -770.8333333333336
502.5 -758.3333333333336
507.5 -770.8333333333336
508.3333333333333 -771.666666666667
508.3333333333333 -771.666666666667
508.3333333333333 -771.666666666667
505.8333333333333 -769.166666666667
507.5 -770.8333333333336
507.5 -770.8333333333336
501.6666666666667 -756.6666666666669
509.16666666666663 -772.5000000000002
506.66666666666663 -770.0000000000003
509.16666666666663 -772.5000000000002
509.16666666666663 -772.5000000000002
500.0 -752.5000000000002
501.6666666666667 -756.6666666666669
500.0 -752.5000000000002
502.5 -758.3333333333336
508.3333333333333 -771.666666666667
507.5 -770.8333333333336
505.0 -767.5000000000002
508.3333333333333 -771.666666666667
501.6666666666667 -756.6666666666669
500.8333333333333 -754.166666666667
508.3333333333333 -771.666666666667
504.16666666666663 -766.666666666667
508.3333333333333 -771.666666666667
500.8333333333333 -754.166666666667
501.6666666666667 -756.6666666666669
501.6666666666667 -756.6666666666669
500.0 -752.5000000000002
