498.3333333333333 -720.8333333333336
516.6666666666667 -779.166666666667
498.3333333333333 -720.8333333333336
499.16666666666663 -723.3333333333335
500.0 -755.0000000000002
512.5 -777.5000000000003
515.8333333333333 -778.3333333333335
501.6666666666667 -759.1666666666669
502.5 -763.3333333333336
510.8333333333333 -775.8333333333336
509.16666666666663 -775.0000000000003
500.8333333333333 -756.666666666667
501.6666666666667 -759.1666666666669
500.0 -755.0000000000002
500.8333333333333 -756.666666666667
503.3333333333333 -765.0000000000002
505.8333333333333 -770.8333333333336
502.5 -763.3333333333336
506.66666666666663 -771.666666666667
507.5 -773.3333333333336
503.3333333333333 -765.0000000000002
505.0 -769.1666666666669
504.99999999999994 -767.5000000000003
515.8333333333333 -778.3333333333335
507.5 -773.3333333333336
511.66666666666663 -776.666666666667
506.66666666666663 -771.666666666667
505.8333333333333 -770.8333333333336
511.66666666666663 -776.666666666667
508.3333333333333 -774.166666666667
508.3333333333333 -774.166666666667
509.16666666666663 -775.0000000000003
504.16666666666663 -766.666666666667
510.8333333333333 -775.8333333333336
504.1666666666667 -767.5000000000002
505.0 -769.1666666666669
504.16666666666663 -766.666666666667
504.1666666666667 -767.5000000000002
504.99999999999994 -767.5000000000003
498.3333333333333 -720.8333333333336
501.6666666666667 -759.1666666666669
500.0 -755.0000000000002
500.8333333333333 -756.666666666667
502.5 -763.3333333333336
503.3333333333333 -765.0000000000002
515.8333333333333 -778.3333333333335
507.5 -773.3333333333336
506.66666666666663 -771.666666666667
505.8333333333333 -770.8333333333336
511.66666666666663 -776.666666666667
508.3333333333333 -774.166666666667
509.16666666666663 -775.0000000000003
510.8333333333333 -775.8333333333336
505.0 -769.1666666666669
504.16666666666663 -766.666666666667
504.1666666666667 -767.5000000000002
504.99999999999994 -767.5000000000003
498.3333333333333 -720.8333333333336
501.6666666666667 -759.1666666666669
500.0 -755.0000000000002
500.8333333333333 -756.666666666667
502.5 -763.3333333333336
503.3333333333333 -765.0000000000002
515.8333333333333 -778.3333333333335
507.5 -773.3333333333336
506.66666666666663 -771.666666666667
505.8333333333333 -770.8333333333336
511.66666666666663 -776.666666666667
508.3333333333333 -774.166666666667
509.16666666666663 -775.0000000000003
510.8333333333333 -775.8333333333336
505.0 -769.1666666666669
504.16666666666663 -766.666666666667
504.1666666666667 -767.5000000000002
504.99999999999994 -767.5000000000003
501.6666666666667 -759.1666666666669
500.0 -755.0000000000002
500.8333333333333 -756.666666666667
502.5 -763.3333333333336
503.3333333333333 -765.0000000000002
515.8333333333333 -778.3333333333335
507.5 -773.3333333333336
506.66666666666663 -771.666666666667
505.8333333333333 -770.8333333333336
511.66666666666663 -776.666666666667
508.3333333333333 -774.166666666667
509.16666666666663 -775.0000000000003
510.8333333333333 -775.8333333333336
505.0 -769.1666666666669
504.16666666666663 -766.666666666667
504.1666666666667 -767.5000000000002
504.99999999999994 -767.5000000000003
501.6666666666667 -759.1666666666669
500.0 -755.0000000000002
500.8333333333333 -756.666666666667
502.5 -763.3333333333336
503.3333333333333 -765.0000000000002
515.8333333333333 -778.3333333333335
507.5 -773.3333333333336
506.66666666666663 -771.666666666667
505.8333333333333 -770.8333333333336
511.66666666666663 -776.666666666667
508.3333333333333 -774.166666666667
509.16666666666663 -775.0000000000003
510.8333333333333 -775.8333333333336
505.0 -769.1666666666669
504.16666666666663 -766.666666666667
504.1666666666667 -767.5000000000002
504.99999999999994 -767.5000000000003
501.6666666666667 -759.1666666666669
500.0 -755.0000000000002
500.8333333333333 -756.666666666667
502.5 -763.3333333333336
503.3333333333333 -765.0000000000002
515.8333333333333 -778.3333333333335
507.5 -773.3333333333336
506.66666666666663 -771.666666666667
505.8333333333333 -770.8333333333336
511.66666666666663 -776.666666666667
508.3333333333333 -774.166666666667
509.16666666666663 -775.0000000000003
510.8333333333333 -775.8333333333336
505.0 -769.1666666666669
504.16666666666663 -766.666666666667
504.1666666666667 -767.5000000000002
504.99999999999994 -767.5000000000003
501.6666666666667 -759.1666666666669
500.0 -755.0000000000002
500.8333333333333 -756.666666666667
502.5 -763.3333333333336
503.3333333333333 -765.0000000000002
515.8333333333333 -778.3333333333335
507.5 -773.3333333333336
506.66666666666663 -771.666666666667
505.8333333333333 -770.8333333333336
508.3333333333333 -774.166666666667
509.16666666666663 -775.0000000000003
510.8333333333333 -775.8333333333336
505.0 -769.1666666666669
504.16666666666663 -766.666666666667
504.1666666666667 -767.5000000000002
504.99999999999994 -767.5000000000003
501.6666666666667 -759.1666666666669
500.0 -755.0000000000002
500.8333333333333 -756.666666666667
502.5 -763.3333333333336
503.3333333333333 -765.0000000000002
515.8333333333333 -778.3333333333335
507.5 -773.3333333333336
506.66666666666663 -771.666666666667
505.8333333333333 -770.8333333333336
508.3333333333333 -774.166666666667
509.16666666666663 -775.0000000000003
510.8333333333333 -775.8333333333336
505.0 -769.1666666666669
504.16666666666663 -766.666666666667
504.1666666666667 -767.5000000000002
504.99999999999994 -767.5000000000003
501.6666666666667 -759.1666666666669
500.0 -755.0000000000002
500.8333333333333 -756.666666666667
502.5 -763.3333333333336
503.3333333333333 -765.0000000000002
507.5 -773.3333333333336
506.66666666666663 -771.666666666667
505.8333333333333 -770.8333333333336
508.3333333333333 -774.166666666667
509.16666666666663 -775.0000000000003
510.8333333333333 -775.8333333333336
505.0 -769.1666666666669
504.16666666666663 -766.666666666667
504.1666666666667 -767.5000000000002
504.99999999999994 -767.5000000000003
501.6666666666667 -759.1666666666669
500.0 -755.0000000000002
500.8333333333333 -756.666666666667
502.5 -763.3333333333336
503.3333333333333 -765.0000000000002
507.5 -773.3333333333336
506.66666666666663 -771.666666666667
505.8333333333333 -770.8333333333336
508.3333333333333 -774.166666666667
509.16666666666663 -775.0000000000003
510.8333333333333 -775.8333333333336
505.0 -769.1666666666669
504.16666666666663 -766.666666666667
504.1666666666667 -767.5000000000002
504.99999999999994 -767.5000000000003
501.6666666666667 -759.1666666666669
500.0 -755.0000000000002
500.8333333333333 -756.666666666667
502.5 -763.3333333333336
503.3333333333333 -765.0000000000002
507.5 -773.3333333333336
506.66666666666663 -771.666666666667
505.8333333333333 -770.8333333333336
508.3333333333333 -774.166666666667
509.16666666666663 -775.0000000000003
510.8333333333333 -775.8333333333336
505.0 -769.1666666666669
