498.3333333333333 -721.6666666666669
515.0 -780.8333333333336
499.16666666666663 -723.3333333333335
500.0 -755.0000000000002
502.5 -765.0000000000003
514.1666666666667 -779.166666666667
503.3333333333333 -766.6666666666671
511.66666666666663 -777.5000000000003
509.16666666666663 -775.8333333333337
501.6666666666667 -759.1666666666669
507.5 -774.1666666666671
512.5 -778.3333333333336
500.8333333333333 -756.666666666667
504.1666666666667 -769.166666666667
501.6666666666667 -759.1666666666669
500.0 -755.0000000000002
504.1666666666667 -769.166666666667
500.8333333333333 -756.666666666667
511.66666666666663 -777.5000000000003
506.66666666666663 -772.5000000000003
505.0 -770.8333333333337
509.16666666666663 -775.8333333333337
512.5 -778.3333333333336
506.66666666666663 -772.5000000000003
505.0 -770.8333333333337
508.3333333333333 -775.0000000000005
505.8333333333333 -771.6666666666671
508.3333333333333 -775.0000000000005
505.8333333333333 -771.6666666666671
501.6666666666667 -759.1666666666669
500.0 -755.0000000000002
500.8333333333333 -756.666666666667
509.16666666666663 -775.8333333333337
512.5 -778.3333333333336
505.0 -770.8333333333337
505.8333333333333 -771.6666666666671
504.1666666666667 -769.166666666667
501.6666666666667 -759.1666666666669
500.0 -755.0000000000002
500.8333333333333 -756.666666666667
509.16666666666663 -775.8333333333337
512.5 -778.3333333333336
505.0 -770.8333333333337
505.8333333333333 -771.6666666666671
504.1666666666667 -769.166666666667
501.6666666666667 -759.1666666666669
500.0 -755.0000000000002
500.8333333333333 -756.666666666667
509.16666666666663 -775.8333333333337
512.5 -778.3333333333336
505.0 -770.8333333333337
505.8333333333333 -771.6666666666671
501.6666666666667 -759.1666666666669
500.0 -755.0000000000002
500.8333333333333 -756.666666666667
509.16666666666663 -775.8333333333337
512.5 -778.3333333333336
505.0 -770.8333333333337
505.8333333333333 -771.6666666666671
501.6666666666667 -759.1666666666669
500.0 -755.0000000000002
500.8333333333333 -756.666666666667
509.16666666666663 -775.8333333333337
512.5 -778.3333333333336
505.0 -770.8333333333337
505.8333333333333 -771.6666666666671
501.6666666666667 -759.1666666666669
500.0 -755.0000000000002
500.8333333333333 -756.666666666667
512.5 -778.3333333333336
505.8333333333333 -771.6666666666671
501.6666666666667 -759.1666666666669
500.0 -755.0000000000002
500.8333333333333 -756.666666666667
512.5 -778.3333333333336
505.8333333333333 -771.6666666666671
501.6666666666667 -759.1666666666669
500.0 -755.0000000000002
500.8333333333333 -756.666666666667
512.5 -778.3333333333336
505.8333333333333 -771.6666666666671
501.6666666666667 -759.1666666666669
500.0 -755.0000000000002
500.8333333333333 -756.666666666667
512.5 -778.3333333333336
501.6666666666667 -759.1666666666669
500.0 -755.0000000000002
500.8333333333333 -756.666666666667
512.5 -778.3333333333336
501.6666666666667 -759.1666666666669
500.0 -755.0000000000002
500.8333333333333 -756.666666666667
501.6666666666667 -759.1666666666669
500.0 -755.0000000000002
500.8333333333333 -756.666666666667
501.6666666666667 -759.1666666666669
500.0 -755.0000000000002
500.8333333333333 -756.666666666667
501.6666666666667 -759.1666666666669
500.0 -755.0000000000002
500.8333333333333 -756.666666666667
501.6666666666667 -759.1666666666669
500.0 -755.0000000000002
500.8333333333333 -756.666666666667
501.6666666666667 -759.1666666666669
500.0 -755.0000000000002
500.8333333333333 -756.666666666667
501.6666666666667 -759.1666666666669
500.0 -755.0000000000002
500.8333333333333 -756.666666666667
501.6666666666667 -759.1666666666669
500.0 -755.0000000000002
500.8333333333333 -756.666666666667
501.6666666666667 -759.1666666666669
500.0 -755.0000000000002
500.8333333333333 -756.666666666667
501.6666666666667 -759.1666666666669
500.0 -755.0000000000002
500.8333333333333 -756.666666666667
501.6666666666667 -759.1666666666669
500.0 -755.0000000000002
500.8333333333333 -756.666666666667
501.6666666666667 -759.1666666666669
500.0 -755.0000000000002
500.8333333333333 -756.666666666667
501.6666666666667 -759.1666666666669
500.0 -755.0000000000002
500.8333333333333 -756.666666666667
501.6666666666667 -759.1666666666669
500.0 -755.0000000000002
500.8333333333333 -756.666666666667
501.6666666666667 -759.1666666666669
500.0 -755.0000000000002
500.8333333333333 -756.666666666667
501.6666666666667 -759.1666666666669
500.0 -755.0000000000002
500.8333333333333 -756.666666666667
501.6666666666667 -759.1666666666669
500.0 -755.0000000000002
500.8333333333333 -756.666666666667
501.6666666666667 -759.1666666666669
500.0 -755.0000000000002
500.8333333333333 -756.666666666667
501.6666666666667 -759.1666666666669
500.0 -755.0000000000002
500.8333333333333 -756.666666666667
501.6666666666667 -759.1666666666669
500.0 -755.0000000000002
500.8333333333333 -756.666666666667
501.6666666666667 -759.1666666666669
500.0 -755.0000000000002
501.6666666666667 -759.1666666666669
501.6666666666667 -759.1666666666669
501.6666666666667 -759.1666666666669
500.0 -755.0000000000002
509.16666666666663 -775.8333333333337
501.6666666666667 -759.1666666666669
500.8333333333333 -756.666666666667
506.66666666666663 -772.5000000000003
500.0 -755.0000000000002
500.0 -755.0000000000002
500.8333333333333 -756.666666666667
501.6666666666667 -759.1666666666669
505.0 -770.8333333333337
500.0 -755.0000000000002
500.0 -755.0000000000002
500.8333333333333 -756.666666666667
505.0 -770.8333333333337
505.0 -770.8333333333337
505.0 -770.8333333333337
500.8333333333333 -756.666666666667
500.0 -755.0000000000002
500.0 -755.0000000000002
501.6666666666667 -759.1666666666669
500.0 -755.0000000000002
500.8333333333333 -756.666666666667
500.0 -755.0000000000002
500.8333333333333 -756.666666666667
504.1666666666667 -769.166666666667
500.0 -755.0000000000002
505.0 -770.8333333333337
501.6666666666667 -759.1666666666669
500.0 -755.0000000000002
500.8333333333333 -756.666666666667
500.0 -755.0000000000002
504.1666666666667 -769.166666666667
500.8333333333333 -756.666666666667
500.0 -755.0000000000002
500.0 -755.0000000000002
500.0 -755.0000000000002
501.6666666666667 -759.1666666666669
501.6666666666667 -759.1666666666669
501.6666666666667 -759.1666666666669
501.6666666666667 -759.1666666666669
501.6666666666667 -759.1666666666669
501.6666666666667 -759.1666666666669
501.6666666666667 -759.1666666666669
500.0 -755.0000000000002
500.0 -755.0000000000002
500.0 -755.0000000000002
