498.3333333333333 -721.6666666666669
514.1666666666667 -787.5000000000003
498.3333333333333 -721.6666666666669
514.1666666666667 -787.5000000000003
500.0 -757.5000000000002
499.16666666666663 -723.3333333333335
505.0 -775.0000000000005
510.0 -780.8333333333337
511.6666666666667 -784.166666666667
507.5 -776.6666666666671
500.8333333333333 -759.166666666667
511.6666666666667 -784.166666666667
501.6666666666667 -761.6666666666669
502.5 -767.5000000000003
501.6666666666667 -761.6666666666669
499.16666666666663 -723.3333333333335
502.5 -767.5000000000003
507.5 -776.6666666666671
504.1666666666667 -771.666666666667
508.3333333333333 -777.5000000000005
508.33333333333337 -778.3333333333336
504.1666666666667 -771.666666666667
508.33333333333337 -778.3333333333336
508.3333333333333 -777.5000000000005
498.3333333333333 -721.6666666666669
514.1666666666667 -787.5000000000003
511.6666666666667 -784.166666666667
499.16666666666663 -723.3333333333335
502.5 -767.5000000000003
507.5 -776.6666666666671
504.1666666666667 -771.666666666667
508.33333333333337 -778.3333333333336
508.3333333333333 -777.5000000000005
514.1666666666667 -787.5000000000003
511.6666666666667 -784.166666666667
502.5 -767.5000000000003
507.5 -776.6666666666671
504.1666666666667 -771.666666666667
508.3333333333333 -777.5000000000005
514.1666666666667 -787.5000000000003
511.6666666666667 -784.166666666667
502.5 -767.5000000000003
507.5 -776.6666666666671
504.1666666666667 -771.666666666667
508.3333333333333 -777.5000000000005
514.1666666666667 -787.5000000000003
511.6666666666667 -784.166666666667
502.5 -767.5000000000003
507.5 -776.6666666666671
504.1666666666667 -771.666666666667
508.3333333333333 -777.5000000000005
514.1666666666667 -787.5000000000003
511.6666666666667 -784.166666666667
502.5 -767.5000000000003
507.5 -776.6666666666671
504.1666666666667 -771.666666666667
508.3333333333333 -777.5000000000005
511.6666666666667 -784.166666666667
502.5 -767.5000000000003
507.5 -776.6666666666671
504.1666666666667 -771.666666666667
508.3333333333333 -777.5000000000005
511.6666666666667 -784.166666666667
502.5 -767.5000000000003
507.5 -776.6666666666671
504.1666666666667 -771.666666666667
508.3333333333333 -777.5000000000005
511.6666666666667 -784.166666666667
502.5 -767.5000000000003
507.5 -776.6666666666671
504.1666666666667 -771.666666666667
508.3333333333333 -777.5000000000005
511.6666666666667 -784.166666666667
502.5 -767.5000000000003
507.5 -776.6666666666671
504.1666666666667 -771.666666666667
508.3333333333333 -777.5000000000005
502.5 -767.5000000000003
507.5 -776.6666666666671
504.1666666666667 -771.666666666667
508.3333333333333 -777.5000000000005
502.5 -767.5000000000003
507.5 -776.6666666666671
504.1666666666667 -771.666666666667
508.3333333333333 -777.5000000000005
502.5 -767.5000000000003
507.5 -776.6666666666671
504.1666666666667 -771.666666666667
508.3333333333333 -777.5000000000005
502.5 -767.5000000000003
507.5 -776.6666666666671
504.1666666666667 -771.666666666667
508.3333333333333 -777.5000000000005
502.5 -767.5000000000003
507.5 -776.6666666666671
504.1666666666667 -771.666666666667
508.3333333333333 -777.5000000000005
502.5 -767.5000000000003
507.5 -776.6666666666671
508.3333333333333 -777.5000000000005
504.1666666666667 -771.666666666667
502.5 -767.5000000000003
507.5 -776.6666666666671
508.3333333333333 -777.5000000000005
504.1666666666667 -771.666666666667
502.5 -767.5000000000003
507.5 -776.6666666666671
508.3333333333333 -777.5000000000005
504.1666666666667 -771.666666666667
502.5 -767.5000000000003
507.5 -776.6666666666671
502.5 -767.5000000000003
502.5 -767.5000000000003
511.6666666666667 -784.166666666667
508.3333333333333 -777.5000000000005
511.6666666666667 -784.166666666667
507.5 -776.6666666666671
502.5 -767.5000000000003
502.5 -767.5000000000003
504.1666666666667 -771.666666666667
508.3333333333333 -777.5000000000005
504.1666666666667 -771.666666666667
504.1666666666667 -771.666666666667
502.5 -767.5000000000003
507.5 -776.6666666666671
507.5 -776.6666666666671
507.5 -776.6666666666671
502.5 -767.5000000000003
508.3333333333333 -777.5000000000005
504.1666666666667 -771.666666666667
502.5 -767.5000000000003
508.3333333333333 -777.5000000000005
504.1666666666667 -771.666666666667
504.1666666666667 -771.666666666667
504.1666666666667 -771.666666666667
508.3333333333333 -777.5000000000005
514.1666666666667 -787.5000000000003
511.6666666666667 -784.166666666667
508.3333333333333 -777.5000000000005
508.3333333333333 -777.5000000000005
507.5 -776.6666666666671
504.1666666666667 -771.666666666667
502.5 -767.5000000000003
504.1666666666667 -771.666666666667
504.1666666666667 -771.666666666667
507.5 -776.6666666666671
502.5 -767.5000000000003
507.5 -776.6666666666671
509.1666666666667 -780.0000000000003
504.1666666666667 -771.666666666667
503.3333333333333 -770.8333333333338
507.5 -776.6666666666671
507.5 -776.6666666666671
507.5 -776.6666666666671
504.1666666666667 -771.666666666667
502.5 -767.5000000000003
502.5 -767.5000000000003
507.5 -776.6666666666671
507.5 -776.6666666666671
508.3333333333333 -777.5000000000005
504.1666666666667 -771.666666666667
508.3333333333333 -777.5000000000005
504.1666666666667 -771.666666666667
502.5 -767.5000000000003
504.1666666666667 -771.666666666667
508.3333333333333 -777.5000000000005
502.5 -767.5000000000003
504.1666666666667 -771.666666666667
507.5 -776.6666666666671
508.3333333333333 -777.5000000000005
508.3333333333333 -777.5000000000005
502.5 -767.5000000000003
504.1666666666667 -771.666666666667
504.1666666666667 -771.666666666667
502.5 -767.5000000000003
502.5 -767.5000000000003
504.1666666666667 -771.666666666667
504.1666666666667 -771.666666666667
507.5 -776.6666666666671
504.1666666666667 -771.666666666667
502.5 -767.5000000000003
508.3333333333333 -777.5000000000005
507.5 -776.6666666666671
