498.3333333333333 -726.6666666666669
521.6666666666667 -795.8333333333337
499.16666666666663 -727.5000000000002
500.0 -758.3333333333337
511.6666666666667 -790.0000000000005
515.0 -792.5000000000003
515.0 -792.5000000000003
501.6666666666667 -762.5000000000003
501.66666666666674 -769.1666666666671
509.1666666666667 -785.8333333333337
510.83333333333337 -787.5000000000005
500.8333333333333 -760.0000000000003
502.50000000000006 -770.8333333333338
504.1666666666667 -775.0000000000005
505.0 -777.5000000000005
503.33333333333337 -773.3333333333338
507.50000000000006 -781.666666666667
507.50000000000006 -781.666666666667
500.0 -758.3333333333337
500.8333333333333 -760.0000000000003
502.50000000000006 -770.8333333333338
503.33333333333337 -773.3333333333338
504.1666666666667 -775.0000000000005
510.00000000000006 -786.6666666666671
499.16666666666663 -727.5000000000002
505.8333333333333 -778.3333333333338
509.1666666666667 -785.8333333333337
505.0 -777.5000000000005
510.00000000000006 -786.6666666666671
510.83333333333337 -787.5000000000005
505.8333333333333 -778.3333333333338
501.6666666666667 -762.5000000000003
501.66666666666674 -769.1666666666671
507.50000000000006 -781.666666666667
500.0 -758.3333333333337
500.8333333333333 -760.0000000000003
502.50000000000006 -770.8333333333338
503.33333333333337 -773.3333333333338
504.1666666666667 -775.0000000000005
510.83333333333337 -787.5000000000005
509.1666666666667 -785.8333333333337
505.0 -777.5000000000005
505.8333333333333 -778.3333333333338
501.6666666666667 -762.5000000000003
501.66666666666674 -769.1666666666671
507.50000000000006 -781.666666666667
500.0 -758.3333333333337
500.8333333333333 -760.0000000000003
502.50000000000006 -770.8333333333338
503.33333333333337 -773.3333333333338
504.1666666666667 -775.0000000000005
510.83333333333337 -787.5000000000005
509.1666666666667 -785.8333333333337
505.8333333333333 -778.3333333333338
501.6666666666667 -762.5000000000003
501.66666666666674 -769.1666666666671
507.50000000000006 -781.666666666667
502.50000000000006 -770.8333333333338
503.33333333333337 -773.3333333333338
504.1666666666667 -775.0000000000005
510.83333333333337 -787.5000000000005
509.1666666666667 -785.8333333333337
505.8333333333333 -778.3333333333338
501.6666666666667 -762.5000000000003
501.66666666666674 -769.1666666666671
501.6666666666667 -762.5000000000003
507.50000000000006 -781.666666666667
507.50000000000006 -781.666666666667
507.50000000000006 -781.666666666667
507.50000000000006 -781.666666666667
507.50000000000006 -781.666666666667
507.50000000000006 -781.666666666667
502.50000000000006 -770.8333333333338
502.50000000000006 -770.8333333333338
510.83333333333337 -787.5000000000005
501.66666666666674 -769.1666666666671
507.50000000000006 -781.666666666667
510.83333333333337 -787.5000000000005
504.1666666666667 -775.0000000000005
510.83333333333337 -787.5000000000005
510.83333333333337 -787.5000000000005
502.50000000000006 -770.8333333333338
502.50000000000006 -770.8333333333338
510.83333333333337 -787.5000000000005
507.50000000000006 -781.666666666667
510.83333333333337 -787.5000000000005
504.1666666666667 -775.0000000000005
510.83333333333337 -787.5000000000005
507.50000000000006 -781.666666666667
510.83333333333337 -787.5000000000005
507.50000000000006 -781.666666666667
510.83333333333337 -787.5000000000005
510.83333333333337 -787.5000000000005
502.50000000000006 -770.8333333333338
509.1666666666667 -785.8333333333337
510.83333333333337 -787.5000000000005
501.66666666666674 -769.1666666666671
510.83333333333337 -787.5000000000005
510.83333333333337 -787.5000000000005
510.83333333333337 -787.5000000000005
510.83333333333337 -787.5000000000005
504.1666666666667 -775.0000000000005
510.83333333333337 -787.5000000000005
507.50000000000006 -781.666666666667
507.50000000000006 -781.666666666667
510.83333333333337 -787.5000000000005
507.50000000000006 -781.666666666667
507.50000000000006 -781.666666666667
507.50000000000006 -781.666666666667
502.50000000000006 -770.8333333333338
516.6666666666667 -793.3333333333337
501.6666666666667 -762.5000000000003
500.0 -758.3333333333337
507.50000000000006 -781.666666666667
507.50000000000006 -781.666666666667
508.33333333333337 -784.166666666667
519.1666666666667 -795.0000000000003
505.83333333333337 -779.1666666666671
507.50000000000006 -781.666666666667
507.50000000000006 -781.666666666667
509.1666666666667 -785.8333333333337
510.83333333333337 -787.5000000000005
505.0 -777.5000000000005
505.0 -777.5000000000005
507.50000000000006 -781.666666666667
500.0 -758.3333333333337
509.1666666666667 -785.8333333333337
519.1666666666667 -795.0000000000003
507.50000000000006 -781.666666666667
507.50000000000006 -781.666666666667
510.83333333333337 -787.5000000000005
507.50000000000006 -781.666666666667
510.83333333333337 -787.5000000000005
512.5 -790.8333333333337
507.50000000000006 -781.666666666667
509.1666666666667 -785.8333333333337
516.6666666666667 -793.3333333333337
510.00000000000006 -786.6666666666671
505.0 -777.5000000000005
505.0 -777.5000000000005
501.66666666666674 -769.1666666666671
