498.3333333333333 -726.6666666666669
520.0 -797.5000000000005
499.16666666666663 -755.8333333333337
516.6666666666667 -795.8333333333338
513.3333333333334 -794.1666666666671
510.83333333333337 -790.0000000000005
500.83333333333337 -767.5000000000003
500.8333333333333 -760.0000000000003
509.1666666666667 -786.6666666666671
511.6666666666667 -790.8333333333337
509.1666666666667 -786.6666666666671
511.6666666666667 -790.8333333333337
505.0 -778.3333333333336
500.0 -758.3333333333337
504.99999999999994 -775.8333333333338
500.0 -758.3333333333337
508.3333333333333 -783.3333333333337
507.5 -781.666666666667
506.6666666666667 -780.8333333333338
508.33333333333337 -785.0000000000005
505.8333333333333 -779.166666666667
501.6666666666667 -769.1666666666671
506.6666666666667 -780.8333333333338
507.5 -781.666666666667
503.3333333333333 -773.3333333333337
504.16666666666663 -775.0000000000005
503.33333333333337 -774.166666666667
501.66666666666674 -770.0000000000003
504.1666666666667 -775.8333333333337
505.83333333333337 -779.1666666666671
502.5 -771.666666666667
502.50000000000006 -771.6666666666671
505.83333333333337 -779.1666666666671
508.3333333333333 -783.3333333333337
501.6666666666667 -769.1666666666671
501.66666666666674 -770.0000000000003
508.33333333333337 -785.0000000000005
502.50000000000006 -771.6666666666671
502.5 -771.666666666667
503.3333333333333 -773.3333333333337
500.8333333333333 -760.0000000000003
503.33333333333337 -774.166666666667
504.16666666666663 -775.0000000000005
504.1666666666667 -775.8333333333337
504.99999999999994 -775.8333333333338
509.1666666666667 -786.6666666666671
511.6666666666667 -790.8333333333337
500.0 -758.3333333333337
506.6666666666667 -780.8333333333338
507.5 -781.666666666667
501.6666666666667 -769.1666666666671
505.83333333333337 -779.1666666666671
508.3333333333333 -783.3333333333337
508.33333333333337 -785.0000000000005
502.50000000000006 -771.6666666666671
500.8333333333333 -760.0000000000003
503.3333333333333 -773.3333333333337
503.33333333333337 -774.166666666667
504.16666666666663 -775.0000000000005
504.1666666666667 -775.8333333333337
504.99999999999994 -775.8333333333338
509.1666666666667 -786.6666666666671
511.6666666666667 -790.8333333333337
500.0 -758.3333333333337
506.6666666666667 -780.8333333333338
507.5 -781.666666666667
501.6666666666667 -769.1666666666671
502.50000000000006 -771.6666666666671
503.3333333333333 -773.3333333333337
500.8333333333333 -760.0000000000003
503.33333333333337 -774.166666666667
504.16666666666663 -775.0000000000005
504.1666666666667 -775.8333333333337
504.99999999999994 -775.8333333333338
511.6666666666667 -790.8333333333337
500.0 -758.3333333333337
507.5 -781.666666666667
501.6666666666667 -769.1666666666671
502.50000000000006 -771.6666666666671
500.8333333333333 -760.0000000000003
504.16666666666663 -775.0000000000005
504.1666666666667 -775.8333333333337
504.99999999999994 -775.8333333333338
500.0 -758.3333333333337
502.50000000000006 -771.6666666666671
504.1666666666667 -775.8333333333337
507.5 -781.666666666667
500.8333333333333 -760.0000000000003
500.0 -758.3333333333337
502.50000000000006 -771.6666666666671
504.1666666666667 -775.8333333333337
507.5 -781.666666666667
500.8333333333333 -760.0000000000003
500.0 -758.3333333333337
502.50000000000006 -771.6666666666671
504.1666666666667 -775.8333333333337
507.5 -781.666666666667
500.8333333333333 -760.0000000000003
500.0 -758.3333333333337
502.50000000000006 -771.6666666666671
504.1666666666667 -775.8333333333337
507.5 -781.666666666667
500.8333333333333 -760.0000000000003
500.0 -758.3333333333337
502.50000000000006 -771.6666666666671
504.1666666666667 -775.8333333333337
507.5 -781.666666666667
500.8333333333333 -760.0000000000003
500.0 -758.3333333333337
502.50000000000006 -771.6666666666671
504.1666666666667 -775.8333333333337
507.5 -781.666666666667
500.8333333333333 -760.0000000000003
500.0 -758.3333333333337
502.50000000000006 -771.6666666666671
504.1666666666667 -775.8333333333337
507.5 -781.666666666667
500.8333333333333 -760.0000000000003
500.0 -758.3333333333337
502.50000000000006 -771.6666666666671
504.1666666666667 -775.8333333333337
507.5 -781.666666666667
500.8333333333333 -760.0000000000003
500.0 -758.3333333333337
504.1666666666667 -775.8333333333337
507.5 -781.666666666667
500.8333333333333 -760.0000000000003
500.0 -758.3333333333337
504.1666666666667 -775.8333333333337
507.5 -781.666666666667
500.0 -758.3333333333337
504.1666666666667 -775.8333333333337
507.5 -781.666666666667
500.0 -758.3333333333337
507.5 -781.666666666667
500.0 -758.3333333333337
507.5 -781.666666666667
500.0 -758.3333333333337
507.5 -781.666666666667
507.5 -781.666666666667
507.5 -781.666666666667
502.50000000000006 -771.6666666666671
500.8333333333333 -760.0000000000003
507.5 -781.666666666667
507.5 -781.666666666667
504.1666666666667 -775.8333333333337
500.0 -758.3333333333337
500.0 -758.3333333333337
507.5 -781.666666666667
504.1666666666667 -775.8333333333337
500.8333333333333 -760.0000000000003
502.50000000000006 -771.6666666666671
504.1666666666667 -775.8333333333337
504.1666666666667 -775.8333333333337
500.0 -758.3333333333337
500.8333333333333 -760.0000000000003
504.1666666666667 -775.8333333333337
507.5 -781.666666666667
504.1666666666667 -775.8333333333337
502.50000000000006 -771.6666666666671
500.8333333333333 -760.0000000000003
502.50000000000006 -771.6666666666671
500.8333333333333 -760.0000000000003
502.50000000000006 -771.6666666666671
504.1666666666667 -775.8333333333337
504.1666666666667 -775.8333333333337
504.99999999999994 -775.8333333333338
500.8333333333333 -760.0000000000003
507.5 -781.666666666667
507.5 -781.666666666667
507.5 -781.666666666667
502.50000000000006 -771.6666666666671
504.1666666666667 -775.8333333333337
507.5 -781.666666666667
504.1666666666667 -775.8333333333337
500.8333333333333 -760.0000000000003
500.8333333333333 -760.0000000000003
507.5 -781.666666666667
507.5 -781.666666666667
504.1666666666667 -775.8333333333337
500.0 -758.3333333333337
500.8333333333333 -760.0000000000003
500.8333333333333 -760.0000000000003
500.8333333333333 -760.0000000000003
507.5 -781.666666666667
504.16666666666663 -775.0000000000005
502.50000000000006 -771.6666666666671
507.5 -781.666666666667
504.1666666666667 -775.8333333333337
504.1666666666667 -775.8333333333337
500.8333333333333 -760.0000000000003
500.0 -758.3333333333337
502.50000000000006 -771.6666666666671
500.8333333333333 -760.0000000000003
500.0 -758.3333333333337
500.8333333333333 -760.0000000000003
507.5 -781.666666666667
502.50000000000006 -771.6666666666671
504.1666666666667 -775.8333333333337
502.50000000000006 -771.6666666666671
