498.3333333333333 -726.6666666666669
520.0 -797.5000000000005
520.0 -797.5000000000005
499.16666666666663 -755.8333333333337
516.6666666666667 -795.8333333333338
513.3333333333334 -794.1666666666671
500.8333333333333 -760.0000000000003
500.83333333333337 -767.5000000000003
502.5 -773.3333333333337
511.6666666666667 -790.8333333333337
507.50000000000006 -783.3333333333337
511.6666666666667 -790.8333333333337
505.0 -778.3333333333337
510.83333333333337 -790.0000000000005
510.8333333333333 -788.3333333333337
504.99999999999994 -775.8333333333338
509.1666666666667 -786.6666666666671
506.6666666666667 -780.8333333333338
499.16666666666663 -755.8333333333337
503.33333333333337 -774.166666666667
510.00000000000006 -787.5000000000003
499.99999999999994 -757.5000000000003
500.0 -758.3333333333337
509.1666666666667 -786.6666666666671
501.6666666666667 -769.1666666666671
506.6666666666667 -780.8333333333338
503.33333333333337 -774.166666666667
510.00000000000006 -787.5000000000003
501.66666666666674 -770.0000000000003
504.1666666666667 -775.8333333333337
501.66666666666674 -770.0000000000003
505.8333333333333 -779.166666666667
505.83333333333337 -779.1666666666671
500.83333333333337 -767.5000000000003
505.83333333333337 -779.1666666666671
501.6666666666667 -769.1666666666671
500.0 -758.3333333333337
499.99999999999994 -757.5000000000003
500.8333333333333 -760.0000000000003
505.8333333333333 -779.166666666667
504.1666666666667 -775.8333333333337
504.99999999999994 -775.8333333333338
511.6666666666667 -790.8333333333337
499.16666666666663 -755.8333333333337
509.1666666666667 -786.6666666666671
506.6666666666667 -780.8333333333338
510.00000000000006 -787.5000000000003
503.33333333333337 -774.166666666667
501.66666666666674 -770.0000000000003
500.83333333333337 -767.5000000000003
505.83333333333337 -779.1666666666671
501.6666666666667 -769.1666666666671
500.0 -758.3333333333337
500.8333333333333 -760.0000000000003
504.1666666666667 -775.8333333333337
504.99999999999994 -775.8333333333338
511.6666666666667 -790.8333333333337
499.16666666666663 -755.8333333333337
509.1666666666667 -786.6666666666671
506.6666666666667 -780.8333333333338
503.33333333333337 -774.166666666667
501.66666666666674 -770.0000000000003
500.83333333333337 -767.5000000000003
505.83333333333337 -779.1666666666671
501.6666666666667 -769.1666666666671
500.0 -758.3333333333337
500.8333333333333 -760.0000000000003
504.1666666666667 -775.8333333333337
504.99999999999994 -775.8333333333338
511.6666666666667 -790.8333333333337
506.6666666666667 -780.8333333333338
501.6666666666667 -769.1666666666671
500.0 -758.3333333333337
501.66666666666674 -770.0000000000003
500.8333333333333 -760.0000000000003
503.33333333333337 -774.166666666667
504.1666666666667 -775.8333333333337
504.99999999999994 -775.8333333333338
511.6666666666667 -790.8333333333337
506.6666666666667 -780.8333333333338
501.6666666666667 -769.1666666666671
500.0 -758.3333333333337
501.66666666666674 -770.0000000000003
500.8333333333333 -760.0000000000003
503.33333333333337 -774.166666666667
504.1666666666667 -775.8333333333337
504.99999999999994 -775.8333333333338
511.6666666666667 -790.8333333333337
506.6666666666667 -780.8333333333338
501.6666666666667 -769.1666666666671
500.0 -758.3333333333337
501.66666666666674 -770.0000000000003
500.8333333333333 -760.0000000000003
503.33333333333337 -774.166666666667
504.1666666666667 -775.8333333333337
504.99999999999994 -775.8333333333338
500.0 -758.3333333333337
501.6666666666667 -769.1666666666671
501.66666666666674 -770.0000000000003
500.8333333333333 -760.0000000000003
503.33333333333337 -774.166666666667
504.1666666666667 -775.8333333333337
504.99999999999994 -775.8333333333338
500.0 -758.3333333333337
501.6666666666667 -769.1666666666671
501.66666666666674 -770.0000000000003
500.8333333333333 -760.0000000000003
503.33333333333337 -774.166666666667
504.1666666666667 -775.8333333333337
504.99999999999994 -775.8333333333338
500.0 -758.3333333333337
501.6666666666667 -769.1666666666671
501.66666666666674 -770.0000000000003
500.8333333333333 -760.0000000000003
503.33333333333337 -774.166666666667
504.1666666666667 -775.8333333333337
500.0 -758.3333333333337
501.6666666666667 -769.1666666666671
500.8333333333333 -760.0000000000003
503.33333333333337 -774.166666666667
504.1666666666667 -775.8333333333337
500.0 -758.3333333333337
500.8333333333333 -760.0000000000003
504.1666666666667 -775.8333333333337
500.0 -758.3333333333337
500.8333333333333 -760.0000000000003
504.1666666666667 -775.8333333333337
500.0 -758.3333333333337
504.1666666666667 -775.8333333333337
500.8333333333333 -760.0000000000003
500.0 -758.3333333333337
504.1666666666667 -775.8333333333337
500.8333333333333 -760.0000000000003
500.0 -758.3333333333337
504.1666666666667 -775.8333333333337
500.8333333333333 -760.0000000000003
500.0 -758.3333333333337
504.1666666666667 -775.8333333333337
500.8333333333333 -760.0000000000003
500.0 -758.3333333333337
504.1666666666667 -775.8333333333337
500.8333333333333 -760.0000000000003
500.0 -758.3333333333337
504.1666666666667 -775.8333333333337
500.8333333333333 -760.0000000000003
500.0 -758.3333333333337
504.1666666666667 -775.8333333333337
500.8333333333333 -760.0000000000003
500.0 -758.3333333333337
504.1666666666667 -775.8333333333337
500.8333333333333 -760.0000000000003
500.0 -758.3333333333337
504.1666666666667 -775.8333333333337
500.8333333333333 -760.0000000000003
500.0 -758.3333333333337
504.1666666666667 -775.8333333333337
500.0 -758.3333333333337
504.1666666666667 -775.8333333333337
507.5 -782.5000000000003
503.33333333333337 -774.166666666667
504.1666666666667 -775.8333333333337
500.8333333333333 -760.0000000000003
510.8333333333333 -788.3333333333337
504.1666666666667 -775.8333333333337
504.1666666666667 -775.8333333333337
504.1666666666667 -775.8333333333337
503.33333333333337 -774.166666666667
500.0 -758.3333333333337
503.33333333333337 -774.166666666667
500.83333333333337 -767.5000000000003
504.1666666666667 -775.8333333333337
509.1666666666667 -786.6666666666671
500.8333333333333 -760.0000000000003
499.16666666666663 -755.8333333333337
503.33333333333337 -774.166666666667
503.33333333333337 -774.166666666667
510.83333333333337 -790.0000000000005
500.83333333333337 -767.5000000000003
500.83333333333337 -767.5000000000003
520.0 -797.5000000000005
499.16666666666663 -755.8333333333337
508.33333333333337 -785.8333333333337
504.1666666666667 -775.8333333333337
504.16666666666663 -775.8333333333336
500.8333333333333 -760.0000000000003
500.8333333333333 -760.0000000000003
