498.3333333333333 -726.6666666666669
517.5 -802.5000000000005
499.16666666666663 -755.8333333333337
499.16666666666663 -755.8333333333337
499.1666666666667 -767.5000000000003
513.3333333333334 -798.3333333333338
515.8333333333334 -800.0000000000005
512.5 -797.5000000000003
509.1666666666667 -791.666666666667
511.6666666666667 -795.0000000000005
503.3333333333333 -777.5000000000005
513.3333333333334 -798.3333333333338
516.6666666666667 -800.8333333333338
515.8333333333334 -800.0000000000005
500.83333333333337 -771.6666666666671
510.83333333333337 -794.1666666666671
505.0 -780.0000000000005
504.1666666666667 -778.3333333333337
510.83333333333337 -794.1666666666671
510.0 -791.6666666666671
505.8333333333333 -782.5000000000003
511.6666666666667 -795.0000000000005
510.00000000000006 -792.5000000000005
504.99999999999994 -779.166666666667
500.0 -769.1666666666671
503.3333333333333 -777.5000000000005
507.5 -786.6666666666671
502.5 -775.8333333333337
506.6666666666667 -785.0000000000003
508.33333333333337 -789.166666666667
516.6666666666667 -800.8333333333338
505.83333333333337 -783.3333333333337
501.66666666666663 -773.3333333333337
508.3333333333333 -788.3333333333337
502.49999999999994 -775.0000000000005
506.66666666666663 -784.1666666666671
504.1666666666667 -778.3333333333337
507.50000000000006 -787.5000000000003
501.6666666666667 -774.166666666667
500.00000000000006 -770.0000000000003
500.8333333333333 -771.666666666667
508.33333333333337 -789.166666666667
505.0 -780.0000000000005
505.8333333333333 -782.5000000000003
499.1666666666667 -767.5000000000003
502.5 -775.8333333333337
506.6666666666667 -785.0000000000003
507.5 -786.6666666666671
500.0 -769.1666666666671
510.00000000000006 -792.5000000000005
500.00000000000006 -770.0000000000003
500.8333333333333 -771.666666666667
501.66666666666663 -773.3333333333337
501.6666666666667 -774.166666666667
502.49999999999994 -775.0000000000005
505.83333333333337 -783.3333333333337
507.50000000000006 -787.5000000000003
506.66666666666663 -784.1666666666671
508.3333333333333 -788.3333333333337
504.99999999999994 -779.166666666667
510.0 -791.6666666666671
499.16666666666663 -755.8333333333337
513.3333333333334 -798.3333333333338
515.8333333333334 -800.0000000000005
500.8333333333333 -771.666666666667
510.83333333333337 -794.1666666666671
511.6666666666667 -795.0000000000005
503.3333333333333 -777.5000000000005
516.6666666666667 -800.8333333333338
504.1666666666667 -778.3333333333337
508.33333333333337 -789.166666666667
505.8333333333333 -782.5000000000003
502.5 -775.8333333333337
506.6666666666667 -785.0000000000003
501.66666666666663 -773.3333333333337
507.5 -786.6666666666671
510.00000000000006 -792.5000000000005
500.00000000000006 -770.0000000000003
501.6666666666667 -774.166666666667
502.49999999999994 -775.0000000000005
505.83333333333337 -783.3333333333337
507.50000000000006 -787.5000000000003
506.66666666666663 -784.1666666666671
508.3333333333333 -788.3333333333337
504.99999999999994 -779.166666666667
510.0 -791.6666666666671
499.16666666666663 -755.8333333333337
513.3333333333334 -798.3333333333338
500.8333333333333 -771.666666666667
510.83333333333337 -794.1666666666671
511.6666666666667 -795.0000000000005
503.3333333333333 -777.5000000000005
516.6666666666667 -800.8333333333338
505.8333333333333 -782.5000000000003
502.5 -775.8333333333337
508.33333333333337 -789.166666666667
506.6666666666667 -785.0000000000003
501.66666666666663 -773.3333333333337
507.5 -786.6666666666671
510.00000000000006 -792.5000000000005
500.00000000000006 -770.0000000000003
501.6666666666667 -774.166666666667
502.49999999999994 -775.0000000000005
505.83333333333337 -783.3333333333337
507.50000000000006 -787.5000000000003
506.66666666666663 -784.1666666666671
508.3333333333333 -788.3333333333337
510.0 -791.6666666666671
499.16666666666663 -755.8333333333337
513.3333333333334 -798.3333333333338
510.83333333333337 -794.1666666666671
511.6666666666667 -795.0000000000005
503.3333333333333 -777.5000000000005
505.8333333333333 -782.5000000000003
502.5 -775.8333333333337
506.6666666666667 -785.0000000000003
508.33333333333337 -789.166666666667
501.66666666666663 -773.3333333333337
507.5 -786.6666666666671
510.00000000000006 -792.5000000000005
500.00000000000006 -770.0000000000003
501.6666666666667 -774.166666666667
502.49999999999994 -775.0000000000005
505.83333333333337 -783.3333333333337
507.50000000000006 -787.5000000000003
508.3333333333333 -788.3333333333337
506.66666666666663 -784.1666666666671
510.0 -791.6666666666671
499.16666666666663 -755.8333333333337
513.3333333333334 -798.3333333333338
510.83333333333337 -794.1666666666671
511.6666666666667 -795.0000000000005
503.3333333333333 -777.5000000000005
505.8333333333333 -782.5000000000003
502.5 -775.8333333333337
508.33333333333337 -789.166666666667
506.6666666666667 -785.0000000000003
507.5 -786.6666666666671
510.00000000000006 -792.5000000000005
500.00000000000006 -770.0000000000003
501.6666666666667 -774.166666666667
502.49999999999994 -775.0000000000005
506.66666666666663 -784.1666666666671
508.3333333333333 -788.3333333333337
499.16666666666663 -755.8333333333337
513.3333333333334 -798.3333333333338
510.83333333333337 -794.1666666666671
511.6666666666667 -795.0000000000005
503.3333333333333 -777.5000000000005
505.8333333333333 -782.5000000000003
506.6666666666667 -785.0000000000003
508.33333333333337 -789.166666666667
507.5 -786.6666666666671
500.00000000000006 -770.0000000000003
510.00000000000006 -792.5000000000005
501.6666666666667 -774.166666666667
506.66666666666663 -784.1666666666671
508.3333333333333 -788.3333333333337
499.16666666666663 -755.8333333333337
513.3333333333334 -798.3333333333338
510.83333333333337 -794.1666666666671
511.6666666666667 -795.0000000000005
503.3333333333333 -777.5000000000005
505.8333333333333 -782.5000000000003
506.6666666666667 -785.0000000000003
508.33333333333337 -789.166666666667
507.5 -786.6666666666671
500.00000000000006 -770.0000000000003
510.00000000000006 -792.5000000000005
501.6666666666667 -774.166666666667
508.3333333333333 -788.3333333333337
506.66666666666663 -784.1666666666671
499.16666666666663 -755.8333333333337
513.3333333333334 -798.3333333333338
510.83333333333337 -794.1666666666671
511.6666666666667 -795.0000000000005
503.3333333333333 -777.5000000000005
505.8333333333333 -782.5000000000003
508.33333333333337 -789.166666666667
506.6666666666667 -785.0000000000003
507.5 -786.6666666666671
510.00000000000006 -792.5000000000005
500.00000000000006 -770.0000000000003
506.66666666666663 -784.1666666666671
508.3333333333333 -788.3333333333337
499.16666666666663 -755.8333333333337
513.3333333333334 -798.3333333333338
510.83333333333337 -794.1666666666671
511.6666666666667 -795.0000000000005
505.8333333333333 -782.5000000000003
506.6666666666667 -785.0000000000003
508.33333333333337 -789.166666666667
507.5 -786.6666666666671
510.00000000000006 -792.5000000000005
506.66666666666663 -784.1666666666671
508.3333333333333 -788.3333333333337
499.16666666666663 -755.8333333333337
513.3333333333334 -798.3333333333338
510.83333333333337 -794.1666666666671
511.6666666666667 -795.0000000000005
