498.3333333333333 -726.6666666666669
516.6666666666667 -802.5000000000005
516.6666666666667 -802.5000000000005
499.16666666666663 -760.8333333333337
510.8333333333333 -797.5000000000003
499.1666666666667 -770.8333333333337
503.3333333333333 -781.666666666667
513.3333333333334 -800.8333333333337
505.8333333333333 -783.3333333333337
515.8333333333333 -801.6666666666671
508.3333333333333 -791.6666666666671
510.0 -795.8333333333337
507.5 -789.1666666666671
506.6666666666667 -787.5000000000003
503.3333333333333 -781.666666666667
501.6666666666667 -778.3333333333337
507.5 -789.1666666666671
510.0 -795.8333333333337
500.83333333333337 -775.8333333333337
502.5 -780.0000000000003
502.5 -780.0000000000003
508.3333333333333 -791.6666666666671
501.66666666666663 -776.666666666667
513.3333333333334 -800.8333333333337
515.8333333333334 -802.5000000000003
500.0 -772.5000000000003
500.8333333333333 -775.0000000000003
500.00000000000006 -773.3333333333337
506.6666666666667 -787.5000000000003
505.8333333333333 -783.3333333333337
499.1666666666667 -770.8333333333337
501.6666666666667 -778.3333333333337
500.00000000000006 -773.3333333333337
500.0 -772.5000000000003
500.8333333333333 -775.0000000000003
515.8333333333333 -801.6666666666671
501.66666666666663 -776.666666666667
515.8333333333334 -802.5000000000003
516.6666666666667 -802.5000000000005
507.5 -789.1666666666671
510.0 -795.8333333333337
508.3333333333333 -791.6666666666671
506.6666666666667 -787.5000000000003
505.8333333333333 -783.3333333333337
499.1666666666667 -770.8333333333337
500.00000000000006 -773.3333333333337
500.0 -772.5000000000003
500.8333333333333 -775.0000000000003
515.8333333333333 -801.6666666666671
501.66666666666663 -776.666666666667
516.6666666666667 -802.5000000000005
508.3333333333333 -791.6666666666671
515.8333333333333 -801.6666666666671
506.6666666666667 -787.5000000000003
505.8333333333333 -783.3333333333337
499.1666666666667 -770.8333333333337
500.00000000000006 -773.3333333333337
500.0 -772.5000000000003
500.8333333333333 -775.0000000000003
516.6666666666667 -802.5000000000005
515.8333333333333 -801.6666666666671
508.3333333333333 -791.6666666666671
506.6666666666667 -787.5000000000003
505.8333333333333 -783.3333333333337
499.1666666666667 -770.8333333333337
500.00000000000006 -773.3333333333337
500.8333333333333 -775.0000000000003
500.0 -772.5000000000003
516.6666666666667 -802.5000000000005
515.8333333333333 -801.6666666666671
508.3333333333333 -791.6666666666671
506.6666666666667 -787.5000000000003
505.8333333333333 -783.3333333333337
499.1666666666667 -770.8333333333337
500.00000000000006 -773.3333333333337
500.8333333333333 -775.0000000000003
516.6666666666667 -802.5000000000005
506.6666666666667 -787.5000000000003
505.8333333333333 -783.3333333333337
500.00000000000006 -773.3333333333337
516.6666666666667 -802.5000000000005
506.6666666666667 -787.5000000000003
505.8333333333333 -783.3333333333337
500.00000000000006 -773.3333333333337
516.6666666666667 -802.5000000000005
506.6666666666667 -787.5000000000003
505.8333333333333 -783.3333333333337
516.6666666666667 -802.5000000000005
506.6666666666667 -787.5000000000003
505.8333333333333 -783.3333333333337
506.6666666666667 -787.5000000000003
505.8333333333333 -783.3333333333337
505.8333333333333 -783.3333333333337
506.6666666666667 -787.5000000000003
505.8333333333333 -783.3333333333337
506.6666666666667 -787.5000000000003
505.8333333333333 -783.3333333333337
506.6666666666667 -787.5000000000003
505.8333333333333 -783.3333333333337
506.6666666666667 -787.5000000000003
505.8333333333333 -783.3333333333337
506.6666666666667 -787.5000000000003
505.8333333333333 -783.3333333333337
505.8333333333333 -783.3333333333337
505.8333333333333 -783.3333333333337
505.8333333333333 -783.3333333333337
505.8333333333333 -783.3333333333337
505.8333333333333 -783.3333333333337
505.8333333333333 -783.3333333333337
505.8333333333333 -783.3333333333337
505.8333333333333 -783.3333333333337
505.8333333333333 -783.3333333333337
505.8333333333333 -783.3333333333337
505.8333333333333 -783.3333333333337
505.8333333333333 -783.3333333333337
505.8333333333333 -783.3333333333337
505.8333333333333 -783.3333333333337
507.5 -789.1666666666671
508.3333333333333 -791.6666666666671
505.8333333333333 -783.3333333333337
500.00000000000006 -773.3333333333337
516.6666666666667 -802.5000000000005
506.6666666666667 -787.5000000000003
500.00000000000006 -773.3333333333337
500.00000000000006 -773.3333333333337
505.8333333333333 -783.3333333333337
500.8333333333333 -775.0000000000003
516.6666666666667 -802.5000000000005
510.0 -795.8333333333337
499.1666666666667 -770.8333333333337
505.83333333333337 -785.0000000000003
499.1666666666667 -770.8333333333337
517.5 -803.3333333333338
512.5 -800.0000000000003
509.1666666666667 -793.3333333333337
506.6666666666667 -787.5000000000003
506.6666666666667 -787.5000000000003
505.8333333333333 -783.3333333333337
505.8333333333333 -783.3333333333337
505.83333333333337 -785.0000000000003
508.3333333333333 -791.6666666666671
515.8333333333333 -801.6666666666671
500.0 -772.5000000000003
500.8333333333333 -775.0000000000003
500.00000000000006 -773.3333333333337
508.3333333333333 -791.6666666666671
516.6666666666667 -802.5000000000005
516.6666666666667 -802.5000000000005
508.3333333333333 -791.6666666666671
505.8333333333333 -783.3333333333337
500.0 -772.5000000000003
505.8333333333333 -783.3333333333337
505.8333333333333 -783.3333333333337
508.3333333333333 -791.6666666666671
511.66666666666663 -799.166666666667
505.8333333333333 -783.3333333333337
506.6666666666667 -787.5000000000003
508.3333333333333 -791.6666666666671
506.6666666666667 -787.5000000000003
505.8333333333333 -783.3333333333337
502.5 -780.0000000000003
505.8333333333333 -783.3333333333337
505.8333333333333 -783.3333333333337
507.5 -789.1666666666671
505.83333333333337 -785.0000000000003
507.5 -789.1666666666671
505.8333333333333 -783.3333333333337
505.8333333333333 -783.3333333333337
508.3333333333333 -791.6666666666671
505.8333333333333 -783.3333333333337
505.8333333333333 -783.3333333333337
508.3333333333333 -791.6666666666671
508.3333333333333 -791.6666666666671
505.8333333333333 -783.3333333333337
515.8333333333333 -801.6666666666671
499.1666666666667 -770.8333333333337
500.8333333333333 -775.0000000000003
509.99999999999994 -795.0000000000003
509.99999999999994 -795.0000000000003
501.6666666666667 -778.3333333333337
505.8333333333333 -783.3333333333337
505.8333333333333 -783.3333333333337
