498.3333333333333 -726.6666666666669
517.5 -803.3333333333338
499.16666666666663 -760.8333333333337
515.0 -802.5000000000003
504.16666666666663 -785.0000000000003
499.16666666666663 -760.8333333333337
499.1666666666667 -770.8333333333337
506.6666666666667 -788.3333333333336
512.5 -800.8333333333337
502.5 -780.8333333333337
516.6666666666667 -802.5000000000005
501.6666666666667 -779.1666666666671
507.5 -789.1666666666671
506.6666666666667 -788.3333333333336
508.3333333333333 -792.5000000000003
509.99999999999994 -795.8333333333336
503.3333333333333 -783.3333333333337
509.1666666666667 -794.1666666666669
501.66666666666663 -776.666666666667
512.5 -800.8333333333337
511.66666666666663 -800.0000000000002
503.3333333333333 -783.3333333333337
510.8333333333333 -798.3333333333336
510.8333333333333 -798.3333333333336
500.00000000000006 -774.1666666666671
511.66666666666663 -800.0000000000002
507.5 -789.1666666666671
508.3333333333333 -792.5000000000003
510.0 -796.666666666667
509.16666666666663 -793.3333333333337
500.8333333333333 -775.0000000000003
500.83333333333337 -775.8333333333337
499.99999999999994 -771.6666666666671
516.6666666666667 -802.5000000000005
500.0 -772.5000000000003
510.0 -796.666666666667
499.1666666666667 -770.8333333333337
509.16666666666663 -793.3333333333337
499.99999999999994 -771.6666666666671
500.00000000000006 -774.1666666666671
500.83333333333337 -775.8333333333337
500.0 -772.5000000000003
500.8333333333333 -775.0000000000003
501.66666666666663 -776.666666666667
499.16666666666663 -760.8333333333337
507.5 -789.1666666666671
516.6666666666667 -802.5000000000005
499.1666666666667 -770.8333333333337
500.0 -772.5000000000003
501.66666666666663 -776.666666666667
500.8333333333333 -775.0000000000003
507.5 -789.1666666666671
516.6666666666667 -802.5000000000005
499.1666666666667 -770.8333333333337
500.0 -772.5000000000003
501.66666666666663 -776.666666666667
500.8333333333333 -775.0000000000003
507.5 -789.1666666666671
516.6666666666667 -802.5000000000005
499.1666666666667 -770.8333333333337
500.0 -772.5000000000003
500.8333333333333 -775.0000000000003
501.66666666666663 -776.666666666667
516.6666666666667 -802.5000000000005
507.5 -789.1666666666671
499.1666666666667 -770.8333333333337
500.0 -772.5000000000003
500.8333333333333 -775.0000000000003
501.66666666666663 -776.666666666667
516.6666666666667 -802.5000000000005
507.5 -789.1666666666671
499.1666666666667 -770.8333333333337
500.0 -772.5000000000003
500.8333333333333 -775.0000000000003
501.66666666666663 -776.666666666667
516.6666666666667 -802.5000000000005
499.1666666666667 -770.8333333333337
500.0 -772.5000000000003
500.8333333333333 -775.0000000000003
516.6666666666667 -802.5000000000005
499.1666666666667 -770.8333333333337
500.8333333333333 -775.0000000000003
500.0 -772.5000000000003
516.6666666666667 -802.5000000000005
499.1666666666667 -770.8333333333337
500.8333333333333 -775.0000000000003
516.6666666666667 -802.5000000000005
516.6666666666667 -802.5000000000005
516.6666666666667 -802.5000000000005
516.6666666666667 -802.5000000000005
507.5 -789.1666666666671
516.6666666666667 -802.5000000000005
500.8333333333333 -775.0000000000003
516.6666666666667 -802.5000000000005
499.1666666666667 -770.8333333333337
499.1666666666667 -770.8333333333337
500.8333333333333 -775.0000000000003
516.6666666666667 -802.5000000000005
507.5 -789.1666666666671
507.5 -789.1666666666671
499.1666666666667 -770.8333333333337
500.8333333333333 -775.0000000000003
499.1666666666667 -770.8333333333337
499.1666666666667 -770.8333333333337
507.5 -789.1666666666671
499.1666666666667 -770.8333333333337
500.0 -772.5000000000003
500.8333333333333 -775.0000000000003
507.5 -789.1666666666671
507.5 -789.1666666666671
500.0 -772.5000000000003
500.0 -772.5000000000003
499.1666666666667 -770.8333333333337
501.66666666666663 -776.666666666667
499.1666666666667 -770.8333333333337
507.5 -789.1666666666671
500.8333333333333 -775.0000000000003
500.00000000000006 -774.1666666666671
500.00000000000006 -774.1666666666671
500.00000000000006 -774.1666666666671
500.8333333333333 -775.0000000000003
501.66666666666663 -776.666666666667
516.6666666666667 -802.5000000000005
500.0 -772.5000000000003
500.8333333333333 -775.0000000000003
499.1666666666667 -770.8333333333337
509.16666666666663 -793.3333333333337
503.3333333333333 -783.3333333333337
500.0 -772.5000000000003
499.1666666666667 -770.8333333333337
510.0 -796.666666666667
509.16666666666663 -793.3333333333337
500.83333333333337 -775.8333333333337
500.00000000000006 -774.1666666666671
500.8333333333333 -775.0000000000003
500.8333333333333 -775.0000000000003
500.0 -772.5000000000003
500.8333333333333 -775.0000000000003
507.5 -789.1666666666671
500.8333333333333 -775.0000000000003
500.83333333333337 -775.8333333333337
510.0 -796.666666666667
516.6666666666667 -802.5000000000005
499.1666666666667 -770.8333333333337
500.00000000000006 -774.1666666666671
507.5 -789.1666666666671
501.66666666666663 -776.666666666667
499.1666666666667 -770.8333333333337
499.1666666666667 -770.8333333333337
516.6666666666667 -802.5000000000005
501.66666666666663 -776.666666666667
501.66666666666663 -776.666666666667
500.8333333333333 -775.0000000000003
516.6666666666667 -802.5000000000005
512.5 -800.8333333333337
500.0 -772.5000000000003
507.5 -789.1666666666671
506.6666666666667 -788.3333333333336
507.5 -789.1666666666671
507.5 -789.1666666666671
507.5 -789.1666666666671
499.1666666666667 -770.8333333333337
500.0 -772.5000000000003
516.6666666666667 -802.5000000000005
516.6666666666667 -802.5000000000005
500.0 -772.5000000000003
510.8333333333333 -798.3333333333336
499.1666666666667 -770.8333333333337
507.5 -789.1666666666671
500.8333333333333 -775.0000000000003
501.66666666666663 -776.666666666667
499.1666666666667 -770.8333333333337
507.5 -789.1666666666671
503.3333333333333 -783.3333333333337
500.0 -772.5000000000003
499.1666666666667 -770.8333333333337
499.1666666666667 -770.8333333333337
500.0 -772.5000000000003
500.8333333333333 -775.0000000000003
500.8333333333333 -775.0000000000003
500.8333333333333 -775.0000000000003
500.8333333333333 -775.0000000000003
500.0 -772.5000000000003
510.0 -796.666666666667
501.66666666666663 -776.666666666667
501.66666666666663 -776.666666666667
500.8333333333333 -775.0000000000003
501.66666666666663 -776.666666666667
511.66666666666663 -800.0000000000002
511.66666666666663 -800.0000000000002
501.66666666666663 -776.666666666667
501.66666666666663 -776.666666666667
499.1666666666667 -770.8333333333337
501.66666666666663 -776.666666666667
499.1666666666667 -770.8333333333337
499.1666666666667 -770.8333333333337
501.66666666666663 -776.666666666667
501.66666666666663 -776.666666666667
499.16666666666663 -760.8333333333337
500.8333333333333 -775.0000000000003
