498.3333333333333 -726.6666666666669
515.0 -805.0000000000003
499.16666666666663 -760.8333333333337
499.1666666666667 -771.666666666667
499.16666666666663 -760.8333333333337
506.66666666666663 -785.8333333333336
504.16666666666663 -785.0000000000003
501.66666666666663 -776.6666666666671
507.5 -790.0000000000002
508.3333333333333 -792.5000000000003
506.6666666666667 -788.3333333333336
501.6666666666667 -779.1666666666671
514.1666666666666 -804.1666666666671
511.66666666666663 -800.0000000000002
512.5 -800.8333333333337
513.3333333333333 -802.5000000000002
508.3333333333333 -792.5000000000003
509.16666666666663 -794.166666666667
510.8333333333333 -798.3333333333336
507.5 -790.0000000000002
503.3333333333333 -783.3333333333337
509.16666666666663 -794.166666666667
510.8333333333333 -798.3333333333336
513.3333333333333 -802.5000000000002
500.00000000000006 -774.1666666666671
503.33333333333326 -781.6666666666671
514.1666666666666 -804.1666666666671
511.66666666666663 -800.0000000000002
509.99999999999994 -795.8333333333336
510.0 -796.666666666667
504.16666666666663 -785.0000000000003
512.5 -800.8333333333337
502.49999999999994 -780.0000000000003
500.8333333333333 -775.0000000000003
502.5 -780.8333333333337
500.83333333333337 -775.8333333333337
499.99999999999994 -771.6666666666671
500.0 -772.5000000000003
506.6666666666667 -788.3333333333336
503.3333333333333 -783.3333333333337
510.0 -796.666666666667
509.99999999999994 -795.8333333333336
500.83333333333337 -775.8333333333337
502.5 -780.8333333333337
503.33333333333326 -781.6666666666671
501.6666666666667 -779.1666666666671
500.00000000000006 -774.1666666666671
502.49999999999994 -780.0000000000003
506.66666666666663 -785.8333333333336
500.8333333333333 -775.0000000000003
500.0 -772.5000000000003
499.99999999999994 -771.6666666666671
499.16666666666663 -760.8333333333337
508.3333333333333 -792.5000000000003
507.5 -790.0000000000002
510.8333333333333 -798.3333333333336
509.16666666666663 -794.166666666667
514.1666666666666 -804.1666666666671
511.66666666666663 -800.0000000000002
504.16666666666663 -785.0000000000003
512.5 -800.8333333333337
506.6666666666667 -788.3333333333336
503.3333333333333 -783.3333333333337
510.0 -796.666666666667
509.99999999999994 -795.8333333333336
502.5 -780.8333333333337
503.33333333333326 -781.6666666666671
501.6666666666667 -779.1666666666671
500.00000000000006 -774.1666666666671
500.83333333333337 -775.8333333333337
500.0 -772.5000000000003
500.8333333333333 -775.0000000000003
499.99999999999994 -771.6666666666671
499.16666666666663 -760.8333333333337
508.3333333333333 -792.5000000000003
510.8333333333333 -798.3333333333336
507.5 -790.0000000000002
509.16666666666663 -794.166666666667
514.1666666666666 -804.1666666666671
511.66666666666663 -800.0000000000002
504.16666666666663 -785.0000000000003
512.5 -800.8333333333337
506.6666666666667 -788.3333333333336
503.3333333333333 -783.3333333333337
510.0 -796.666666666667
509.99999999999994 -795.8333333333336
502.5 -780.8333333333337
501.6666666666667 -779.1666666666671
500.00000000000006 -774.1666666666671
500.83333333333337 -775.8333333333337
500.0 -772.5000000000003
500.8333333333333 -775.0000000000003
499.99999999999994 -771.6666666666671
499.16666666666663 -760.8333333333337
504.16666666666663 -785.0000000000003
506.6666666666667 -788.3333333333336
508.3333333333333 -792.5000000000003
507.5 -790.0000000000002
509.16666666666663 -794.166666666667
510.8333333333333 -798.3333333333336
514.1666666666666 -804.1666666666671
511.66666666666663 -800.0000000000002
512.5 -800.8333333333337
503.3333333333333 -783.3333333333337
510.0 -796.666666666667
509.99999999999994 -795.8333333333336
502.5 -780.8333333333337
501.6666666666667 -779.1666666666671
500.00000000000006 -774.1666666666671
500.83333333333337 -775.8333333333337
500.0 -772.5000000000003
500.8333333333333 -775.0000000000003
499.99999999999994 -771.6666666666671
499.16666666666663 -760.8333333333337
504.16666666666663 -785.0000000000003
506.6666666666667 -788.3333333333336
508.3333333333333 -792.5000000000003
510.8333333333333 -798.3333333333336
509.16666666666663 -794.166666666667
507.5 -790.0000000000002
514.1666666666666 -804.1666666666671
511.66666666666663 -800.0000000000002
512.5 -800.8333333333337
503.3333333333333 -783.3333333333337
510.0 -796.666666666667
509.99999999999994 -795.8333333333336
502.5 -780.8333333333337
501.6666666666667 -779.1666666666671
500.00000000000006 -774.1666666666671
500.83333333333337 -775.8333333333337
500.0 -772.5000000000003
500.8333333333333 -775.0000000000003
504.16666666666663 -785.0000000000003
506.6666666666667 -788.3333333333336
508.3333333333333 -792.5000000000003
503.3333333333333 -783.3333333333337
510.8333333333333 -798.3333333333336
509.16666666666663 -794.166666666667
507.5 -790.0000000000002
511.66666666666663 -800.0000000000002
512.5 -800.8333333333337
502.5 -780.8333333333337
510.0 -796.666666666667
509.99999999999994 -795.8333333333336
501.6666666666667 -779.1666666666671
500.00000000000006 -774.1666666666671
500.83333333333337 -775.8333333333337
500.8333333333333 -775.0000000000003
500.0 -772.5000000000003
504.16666666666663 -785.0000000000003
506.6666666666667 -788.3333333333336
508.3333333333333 -792.5000000000003
503.3333333333333 -783.3333333333337
510.8333333333333 -798.3333333333336
507.5 -790.0000000000002
509.16666666666663 -794.166666666667
511.66666666666663 -800.0000000000002
502.5 -780.8333333333337
510.0 -796.666666666667
509.99999999999994 -795.8333333333336
501.6666666666667 -779.1666666666671
500.00000000000006 -774.1666666666671
500.83333333333337 -775.8333333333337
500.0 -772.5000000000003
500.8333333333333 -775.0000000000003
504.16666666666663 -785.0000000000003
506.6666666666667 -788.3333333333336
508.3333333333333 -792.5000000000003
503.3333333333333 -783.3333333333337
507.5 -790.0000000000002
509.16666666666663 -794.166666666667
510.8333333333333 -798.3333333333336
511.66666666666663 -800.0000000000002
502.5 -780.8333333333337
510.0 -796.666666666667
509.99999999999994 -795.8333333333336
501.6666666666667 -779.1666666666671
500.00000000000006 -774.1666666666671
500.83333333333337 -775.8333333333337
500.0 -772.5000000000003
500.8333333333333 -775.0000000000003
504.16666666666663 -785.0000000000003
506.6666666666667 -788.3333333333336
508.3333333333333 -792.5000000000003
503.3333333333333 -783.3333333333337
507.5 -790.0000000000002
509.16666666666663 -794.166666666667
510.8333333333333 -798.3333333333336
511.66666666666663 -800.0000000000002
502.5 -780.8333333333337
510.0 -796.666666666667
509.99999999999994 -795.8333333333336
501.6666666666667 -779.1666666666671
500.00000000000006 -774.1666666666671
500.83333333333337 -775.8333333333337
500.0 -772.5000000000003
504.16666666666663 -785.0000000000003
506.6666666666667 -788.3333333333336
503.3333333333333 -783.3333333333337
509.16666666666663 -794.166666666667
