498.3333333333333 -726.6666666666669
499.16666666666663 -761.666666666667
499.16666666666663 -761.666666666667
499.16666666666663 -761.666666666667
499.16666666666663 -761.666666666667
510.0 -798.3333333333336
499.1666666666667 -775.0000000000002
499.1666666666667 -775.0000000000002
499.1666666666667 -775.0000000000002
504.99999999999994 -789.166666666667
499.1666666666667 -775.0000000000002
503.3333333333333 -785.8333333333336
513.3333333333333 -804.166666666667
504.99999999999994 -789.166666666667
510.0 -798.3333333333336
503.3333333333333 -785.8333333333336
503.3333333333333 -785.8333333333336
502.49999999999994 -782.5000000000003
505.83333333333326 -790.0000000000003
503.3333333333333 -785.8333333333336
501.66666666666663 -780.8333333333335
499.1666666666667 -775.0000000000002
514.1666666666666 -806.6666666666669
500.8333333333333 -779.1666666666669
499.1666666666667 -775.0000000000002
503.3333333333333 -785.8333333333336
507.49999999999994 -793.3333333333336
507.49999999999994 -793.3333333333336
504.99999999999994 -789.166666666667
506.66666666666663 -791.6666666666669
504.99999999999994 -789.166666666667
501.66666666666663 -780.8333333333335
499.1666666666667 -775.0000000000002
502.49999999999994 -782.5000000000003
502.49999999999994 -782.5000000000003
507.49999999999994 -793.3333333333336
501.66666666666663 -780.8333333333335
504.99999999999994 -789.166666666667
503.3333333333333 -785.8333333333336
503.3333333333333 -785.8333333333336
503.3333333333333 -785.8333333333336
503.3333333333333 -785.8333333333336
513.3333333333333 -804.166666666667
507.49999999999994 -793.3333333333336
504.99999999999994 -789.166666666667
500.8333333333333 -779.1666666666669
499.1666666666667 -775.0000000000002
503.3333333333333 -785.8333333333336
500.8333333333333 -779.1666666666669
500.8333333333333 -779.1666666666669
504.1666666666666 -785.8333333333337
511.66666666666663 -802.5000000000002
502.49999999999994 -782.5000000000003
502.49999999999994 -782.5000000000003
514.1666666666666 -806.6666666666669
504.99999999999994 -789.166666666667
510.8333333333333 -800.8333333333336
505.83333333333326 -790.0000000000003
504.1666666666666 -785.8333333333337
503.3333333333333 -785.8333333333336
504.99999999999994 -789.166666666667
503.3333333333333 -785.8333333333336
499.1666666666667 -775.0000000000002
509.16666666666663 -796.666666666667
503.3333333333333 -785.8333333333336
504.99999999999994 -789.166666666667
500.8333333333333 -779.1666666666669
507.49999999999994 -793.3333333333336
501.66666666666663 -780.8333333333335
504.99999999999994 -789.166666666667
500.83333333333326 -777.5000000000002
499.1666666666667 -775.0000000000002
499.1666666666667 -775.0000000000002
499.1666666666667 -775.0000000000002
510.8333333333333 -800.8333333333336
500.8333333333333 -779.1666666666669
515.0 -807.5000000000003
509.99999999999994 -797.5000000000003
504.99999999999994 -789.166666666667
504.99999999999994 -789.166666666667
500.83333333333326 -777.5000000000002
503.3333333333333 -785.8333333333336
515.0 -807.5000000000003
501.66666666666663 -780.8333333333335
500.83333333333326 -777.5000000000002
512.5 -803.3333333333336
507.49999999999994 -793.3333333333336
501.6666666666667 -782.5000000000002
499.1666666666667 -775.0000000000002
507.49999999999994 -793.3333333333336
504.16666666666663 -788.3333333333336
501.66666666666663 -780.8333333333335
499.99999999999994 -776.6666666666669
501.66666666666663 -780.8333333333335
502.49999999999994 -782.5000000000003
501.66666666666663 -780.8333333333335
502.5 -784.166666666667
500.8333333333333 -779.1666666666669
500.8333333333333 -779.1666666666669
502.49999999999994 -782.5000000000003
518.3333333333334 -809.1666666666671
500.83333333333326 -777.5000000000002
504.1666666666666 -785.8333333333337
506.66666666666663 -791.6666666666669
500.8333333333333 -779.1666666666669
500.8333333333333 -779.1666666666669
500.83333333333326 -777.5000000000002
509.16666666666663 -796.666666666667
509.99999999999994 -797.5000000000003
504.99999999999994 -789.166666666667
507.49999999999994 -793.3333333333336
512.5 -803.3333333333336
507.49999999999994 -793.3333333333336
503.3333333333333 -785.8333333333336
504.16666666666663 -788.3333333333336
507.49999999999994 -793.3333333333336
503.3333333333333 -785.8333333333336
503.3333333333333 -785.8333333333336
501.66666666666663 -780.8333333333335
500.83333333333326 -777.5000000000002
503.3333333333333 -785.8333333333336
499.1666666666667 -775.0000000000002
505.83333333333326 -790.0000000000003
502.5 -784.166666666667
