498.3333333333333 -726.6666666666669
521.6666666666666 -810.8333333333337
521.6666666666666 -810.8333333333337
499.16666666666663 -765.0000000000001
512.5 -807.5000000000002
503.3333333333333 -790.8333333333335
499.1666666666667 -775.8333333333336
505.8333333333333 -795.0000000000001
505.83333333333326 -790.8333333333336
518.3333333333334 -809.1666666666671
508.33333333333326 -795.0000000000002
517.5 -808.3333333333336
515.0 -807.5000000000003
515.0 -807.5000000000003
503.33333333333326 -785.0000000000002
511.66666666666663 -802.5000000000002
509.99999999999994 -798.3333333333336
510.8333333333333 -800.8333333333336
518.3333333333334 -809.1666666666671
510.8333333333333 -800.8333333333336
509.16666666666663 -796.666666666667
509.99999999999994 -798.3333333333336
511.66666666666663 -802.5000000000002
509.16666666666663 -796.666666666667
500.8333333333333 -780.0000000000002
500.83333333333326 -778.3333333333336
517.5 -808.3333333333336
501.66666666666663 -781.6666666666669
499.99999999999994 -776.6666666666669
502.49999999999994 -783.3333333333336
500.0 -777.5000000000002
502.5 -784.166666666667
501.6666666666667 -782.5000000000002
508.33333333333326 -795.0000000000002
500.8333333333333 -780.0000000000002
501.66666666666663 -781.6666666666669
500.0 -777.5000000000002
501.6666666666667 -782.5000000000002
500.83333333333326 -778.3333333333336
502.49999999999994 -783.3333333333336
499.1666666666667 -775.8333333333336
502.5 -784.166666666667
503.33333333333326 -785.0000000000002
499.99999999999994 -776.6666666666669
505.83333333333326 -790.8333333333336
515.0 -807.5000000000003
518.3333333333334 -809.1666666666671
510.8333333333333 -800.8333333333336
509.99999999999994 -798.3333333333336
511.66666666666663 -802.5000000000002
509.16666666666663 -796.666666666667
517.5 -808.3333333333336
508.33333333333326 -795.0000000000002
500.8333333333333 -780.0000000000002
501.66666666666663 -781.6666666666669
500.0 -777.5000000000002
501.6666666666667 -782.5000000000002
505.83333333333326 -790.8333333333336
502.49999999999994 -783.3333333333336
500.83333333333326 -778.3333333333336
499.1666666666667 -775.8333333333336
502.5 -784.166666666667
499.99999999999994 -776.6666666666669
503.33333333333326 -785.0000000000002
515.0 -807.5000000000003
518.3333333333334 -809.1666666666671
510.8333333333333 -800.8333333333336
511.66666666666663 -802.5000000000002
509.99999999999994 -798.3333333333336
508.33333333333326 -795.0000000000002
505.83333333333326 -790.8333333333336
500.8333333333333 -780.0000000000002
501.66666666666663 -781.6666666666669
501.6666666666667 -782.5000000000002
500.0 -777.5000000000002
500.83333333333326 -778.3333333333336
502.49999999999994 -783.3333333333336
499.1666666666667 -775.8333333333336
502.5 -784.166666666667
499.99999999999994 -776.6666666666669
503.33333333333326 -785.0000000000002
515.0 -807.5000000000003
518.3333333333334 -809.1666666666671
510.8333333333333 -800.8333333333336
511.66666666666663 -802.5000000000002
508.33333333333326 -795.0000000000002
505.83333333333326 -790.8333333333336
500.8333333333333 -780.0000000000002
501.66666666666663 -781.6666666666669
501.6666666666667 -782.5000000000002
500.0 -777.5000000000002
500.83333333333326 -778.3333333333336
502.49999999999994 -783.3333333333336
499.1666666666667 -775.8333333333336
502.5 -784.166666666667
499.99999999999994 -776.6666666666669
503.33333333333326 -785.0000000000002
515.0 -807.5000000000003
518.3333333333334 -809.1666666666671
510.8333333333333 -800.8333333333336
511.66666666666663 -802.5000000000002
508.33333333333326 -795.0000000000002
505.83333333333326 -790.8333333333336
500.8333333333333 -780.0000000000002
501.66666666666663 -781.6666666666669
501.6666666666667 -782.5000000000002
500.0 -777.5000000000002
500.83333333333326 -778.3333333333336
502.49999999999994 -783.3333333333336
499.1666666666667 -775.8333333333336
502.5 -784.166666666667
503.33333333333326 -785.0000000000002
499.99999999999994 -776.6666666666669
515.0 -807.5000000000003
511.66666666666663 -802.5000000000002
505.83333333333326 -790.8333333333336
508.33333333333326 -795.0000000000002
500.8333333333333 -780.0000000000002
501.66666666666663 -781.6666666666669
501.6666666666667 -782.5000000000002
500.0 -777.5000000000002
500.83333333333326 -778.3333333333336
502.49999999999994 -783.3333333333336
499.1666666666667 -775.8333333333336
502.5 -784.166666666667
503.33333333333326 -785.0000000000002
499.99999999999994 -776.6666666666669
515.0 -807.5000000000003
505.83333333333326 -790.8333333333336
500.8333333333333 -780.0000000000002
501.66666666666663 -781.6666666666669
500.0 -777.5000000000002
501.6666666666667 -782.5000000000002
500.83333333333326 -778.3333333333336
502.49999999999994 -783.3333333333336
499.1666666666667 -775.8333333333336
502.5 -784.166666666667
503.33333333333326 -785.0000000000002
499.99999999999994 -776.6666666666669
515.0 -807.5000000000003
505.83333333333326 -790.8333333333336
500.8333333333333 -780.0000000000002
501.66666666666663 -781.6666666666669
501.6666666666667 -782.5000000000002
500.0 -777.5000000000002
502.49999999999994 -783.3333333333336
499.1666666666667 -775.8333333333336
502.5 -784.166666666667
503.33333333333326 -785.0000000000002
499.99999999999994 -776.6666666666669
500.8333333333333 -780.0000000000002
501.66666666666663 -781.6666666666669
501.6666666666667 -782.5000000000002
500.0 -777.5000000000002
502.49999999999994 -783.3333333333336
502.5 -784.166666666667
499.1666666666667 -775.8333333333336
503.33333333333326 -785.0000000000002
502.5 -784.166666666667
501.6666666666667 -782.5000000000002
502.5 -784.166666666667
501.6666666666667 -782.5000000000002
502.49999999999994 -783.3333333333336
501.6666666666667 -782.5000000000002
501.66666666666663 -781.6666666666669
502.5 -784.166666666667
502.5 -784.166666666667
500.8333333333333 -780.0000000000002
499.1666666666667 -775.8333333333336
500.8333333333333 -780.0000000000002
502.49999999999994 -783.3333333333336
500.0 -777.5000000000002
501.66666666666663 -781.6666666666669
502.5 -784.166666666667
502.5 -784.166666666667
501.66666666666663 -781.6666666666669
500.8333333333333 -780.0000000000002
501.6666666666667 -782.5000000000002
505.83333333333326 -790.8333333333336
500.8333333333333 -780.0000000000002
500.8333333333333 -780.0000000000002
499.1666666666667 -775.8333333333336
499.99999999999994 -776.6666666666669
503.33333333333326 -785.0000000000002
500.8333333333333 -780.0000000000002
500.0 -777.5000000000002
500.8333333333333 -780.0000000000002
500.8333333333333 -780.0000000000002
521.6666666666666 -810.8333333333337
500.0 -777.5000000000002
501.6666666666667 -782.5000000000002
500.0 -777.5000000000002
502.5 -784.166666666667
500.83333333333326 -778.3333333333336
500.8333333333333 -780.0000000000002
502.49999999999994 -783.3333333333336
502.5 -784.166666666667
500.8333333333333 -780.0000000000002
501.66666666666663 -781.6666666666669
499.1666666666667 -775.8333333333336
