520.0 -815.8333333333337
520.0 -815.8333333333337
498.3333333333333 -727.5000000000002
499.16666666666663 -779.166666666667
516.6666666666667 -811.666666666667
513.3333333333333 -810.8333333333336
518.3333333333334 -814.1666666666671
511.66666666666663 -809.166666666667
500.83333333333326 -782.5000000000002
500.8333333333333 -789.1666666666669
508.33333333333326 -800.8333333333336
509.16666666666663 -804.166666666667
510.8333333333333 -806.666666666667
504.16666666666663 -795.0000000000003
501.66666666666663 -790.8333333333336
503.33333333333326 -793.3333333333336
504.16666666666663 -795.0000000000003
501.66666666666663 -790.8333333333336
502.49999999999994 -792.5000000000003
499.16666666666663 -779.166666666667
499.99999999999994 -780.8333333333336
505.83333333333326 -797.5000000000003
509.99999999999994 -805.0000000000003
510.8333333333333 -806.666666666667
504.99999999999994 -796.666666666667
499.99999999999994 -780.8333333333336
506.66666666666663 -799.166666666667
509.16666666666663 -804.166666666667
506.66666666666663 -799.166666666667
509.99999999999994 -805.0000000000003
505.83333333333326 -797.5000000000003
508.33333333333326 -800.8333333333336
503.33333333333326 -793.3333333333336
504.99999999999994 -796.666666666667
507.49999999999994 -800.0000000000003
502.49999999999994 -792.5000000000003
507.49999999999994 -800.0000000000003
500.8333333333333 -789.1666666666669
500.83333333333326 -782.5000000000002
501.66666666666663 -790.8333333333336
504.16666666666663 -795.0000000000003
499.16666666666663 -779.166666666667
499.99999999999994 -780.8333333333336
510.8333333333333 -806.666666666667
509.16666666666663 -804.166666666667
506.66666666666663 -799.166666666667
509.99999999999994 -805.0000000000003
505.83333333333326 -797.5000000000003
508.33333333333326 -800.8333333333336
503.33333333333326 -793.3333333333336
504.99999999999994 -796.666666666667
502.49999999999994 -792.5000000000003
507.49999999999994 -800.0000000000003
500.8333333333333 -789.1666666666669
500.83333333333326 -782.5000000000002
501.66666666666663 -790.8333333333336
504.16666666666663 -795.0000000000003
499.16666666666663 -779.166666666667
509.16666666666663 -804.166666666667
506.66666666666663 -799.166666666667
505.83333333333326 -797.5000000000003
503.33333333333326 -793.3333333333336
508.33333333333326 -800.8333333333336
502.49999999999994 -792.5000000000003
507.49999999999994 -800.0000000000003
500.8333333333333 -789.1666666666669
500.83333333333326 -782.5000000000002
501.66666666666663 -790.8333333333336
504.16666666666663 -795.0000000000003
499.16666666666663 -779.166666666667
506.66666666666663 -799.166666666667
505.83333333333326 -797.5000000000003
508.33333333333326 -800.8333333333336
503.33333333333326 -793.3333333333336
502.49999999999994 -792.5000000000003
507.49999999999994 -800.0000000000003
500.8333333333333 -789.1666666666669
500.83333333333326 -782.5000000000002
504.16666666666663 -795.0000000000003
501.66666666666663 -790.8333333333336
499.16666666666663 -779.166666666667
506.66666666666663 -799.166666666667
505.83333333333326 -797.5000000000003
508.33333333333326 -800.8333333333336
503.33333333333326 -793.3333333333336
502.49999999999994 -792.5000000000003
507.49999999999994 -800.0000000000003
500.8333333333333 -789.1666666666669
500.83333333333326 -782.5000000000002
504.16666666666663 -795.0000000000003
501.66666666666663 -790.8333333333336
505.83333333333326 -797.5000000000003
506.66666666666663 -799.166666666667
508.33333333333326 -800.8333333333336
503.33333333333326 -793.3333333333336
499.16666666666663 -779.166666666667
502.49999999999994 -792.5000000000003
507.49999999999994 -800.0000000000003
500.83333333333326 -782.5000000000002
500.8333333333333 -789.1666666666669
504.16666666666663 -795.0000000000003
501.66666666666663 -790.8333333333336
505.83333333333326 -797.5000000000003
506.66666666666663 -799.166666666667
508.33333333333326 -800.8333333333336
503.33333333333326 -793.3333333333336
499.16666666666663 -779.166666666667
502.49999999999994 -792.5000000000003
507.49999999999994 -800.0000000000003
500.83333333333326 -782.5000000000002
500.8333333333333 -789.1666666666669
504.16666666666663 -795.0000000000003
501.66666666666663 -790.8333333333336
505.83333333333326 -797.5000000000003
506.66666666666663 -799.166666666667
508.33333333333326 -800.8333333333336
503.33333333333326 -793.3333333333336
499.16666666666663 -779.166666666667
502.49999999999994 -792.5000000000003
507.49999999999994 -800.0000000000003
500.83333333333326 -782.5000000000002
500.8333333333333 -789.1666666666669
504.16666666666663 -795.0000000000003
501.66666666666663 -790.8333333333336
505.83333333333326 -797.5000000000003
506.66666666666663 -799.166666666667
508.33333333333326 -800.8333333333336
503.33333333333326 -793.3333333333336
499.16666666666663 -779.166666666667
502.49999999999994 -792.5000000000003
507.49999999999994 -800.0000000000003
500.8333333333333 -789.1666666666669
504.16666666666663 -795.0000000000003
501.66666666666663 -790.8333333333336
505.83333333333326 -797.5000000000003
506.66666666666663 -799.166666666667
503.33333333333326 -793.3333333333336
508.33333333333326 -800.8333333333336
499.16666666666663 -779.166666666667
502.49999999999994 -792.5000000000003
507.49999999999994 -800.0000000000003
500.8333333333333 -789.1666666666669
501.66666666666663 -790.8333333333336
504.16666666666663 -795.0000000000003
505.83333333333326 -797.5000000000003
506.66666666666663 -799.166666666667
503.33333333333326 -793.3333333333336
502.49999999999994 -792.5000000000003
507.49999999999994 -800.0000000000003
500.8333333333333 -789.1666666666669
501.66666666666663 -790.8333333333336
504.16666666666663 -795.0000000000003
505.83333333333326 -797.5000000000003
506.66666666666663 -799.166666666667
503.33333333333326 -793.3333333333336
502.49999999999994 -792.5000000000003
507.49999999999994 -800.0000000000003
500.8333333333333 -789.1666666666669
504.16666666666663 -795.0000000000003
501.66666666666663 -790.8333333333336
505.83333333333326 -797.5000000000003
506.66666666666663 -799.166666666667
503.33333333333326 -793.3333333333336
502.49999999999994 -792.5000000000003
507.49999999999994 -800.0000000000003
500.8333333333333 -789.1666666666669
501.66666666666663 -790.8333333333336
504.16666666666663 -795.0000000000003
505.83333333333326 -797.5000000000003
506.66666666666663 -799.166666666667
503.33333333333326 -793.3333333333336
502.49999999999994 -792.5000000000003
507.49999999999994 -800.0000000000003
500.8333333333333 -789.1666666666669
504.16666666666663 -795.0000000000003
501.66666666666663 -790.8333333333336
505.83333333333326 -797.5000000000003
506.66666666666663 -799.166666666667
503.33333333333326 -793.3333333333336
502.49999999999994 -792.5000000000003
507.49999999999994 -800.0000000000003
500.8333333333333 -789.1666666666669
501.66666666666663 -790.8333333333336
504.16666666666663 -795.0000000000003
505.83333333333326 -797.5000000000003
506.66666666666663 -799.166666666667
503.33333333333326 -793.3333333333336
502.49999999999994 -792.5000000000003
507.49999999999994 -800.0000000000003
500.8333333333333 -789.1666666666669
501.66666666666663 -790.8333333333336
504.16666666666663 -795.0000000000003
505.83333333333326 -797.5000000000003
506.66666666666663 -799.166666666667
503.33333333333326 -793.3333333333336
502.49999999999994 -792.5000000000003
507.49999999999994 -800.0000000000003
500.8333333333333 -789.1666666666669
501.66666666666663 -790.8333333333336
504.16666666666663 -795.0000000000003
