520.0 -815.8333333333337
520.0 -815.8333333333337
498.3333333333333 -727.5000000000002
499.16666666666663 -779.166666666667
513.3333333333333 -810.8333333333336
516.6666666666666 -810.8333333333337
518.3333333333334 -814.1666666666671
510.8333333333333 -808.3333333333336
516.6666666666667 -811.666666666667
501.66666666666663 -791.6666666666669
503.33333333333326 -795.0000000000002
511.66666666666663 -809.166666666667
512.5 -810.0000000000002
500.8333333333333 -789.1666666666669
508.3333333333333 -802.5000000000003
499.99999999999994 -780.8333333333336
509.99999999999994 -805.0000000000003
500.0 -784.1666666666669
500.8333333333333 -789.1666666666669
502.49999999999994 -792.5000000000003
504.16666666666663 -795.0000000000003
508.33333333333326 -800.8333333333336
499.16666666666663 -779.166666666667
505.83333333333326 -797.5000000000003
504.99999999999994 -796.666666666667
509.16666666666663 -804.166666666667
506.66666666666663 -799.166666666667
500.0 -784.1666666666669
506.66666666666663 -799.166666666667
505.83333333333326 -797.5000000000003
509.99999999999994 -805.0000000000003
519.1666666666666 -815.0000000000003
502.49999999999994 -792.5000000000003
509.16666666666663 -804.166666666667
504.99999999999994 -796.666666666667
507.49999999999994 -800.0000000000003
507.49999999999994 -800.0000000000003
519.1666666666666 -815.0000000000003
504.16666666666663 -795.0000000000003
513.3333333333333 -810.8333333333336
499.99999999999994 -780.8333333333336
508.33333333333326 -800.8333333333336
516.6666666666666 -810.8333333333337
500.8333333333333 -789.1666666666669
502.49999999999994 -792.5000000000003
499.16666666666663 -779.166666666667
500.0 -784.1666666666669
506.66666666666663 -799.166666666667
509.99999999999994 -805.0000000000003
505.83333333333326 -797.5000000000003
504.99999999999994 -796.666666666667
509.16666666666663 -804.166666666667
507.49999999999994 -800.0000000000003
504.16666666666663 -795.0000000000003
513.3333333333333 -810.8333333333336
499.99999999999994 -780.8333333333336
508.33333333333326 -800.8333333333336
500.8333333333333 -789.1666666666669
502.49999999999994 -792.5000000000003
499.16666666666663 -779.166666666667
500.0 -784.1666666666669
506.66666666666663 -799.166666666667
505.83333333333326 -797.5000000000003
509.99999999999994 -805.0000000000003
509.16666666666663 -804.166666666667
504.99999999999994 -796.666666666667
507.49999999999994 -800.0000000000003
504.16666666666663 -795.0000000000003
499.99999999999994 -780.8333333333336
508.33333333333326 -800.8333333333336
500.8333333333333 -789.1666666666669
502.49999999999994 -792.5000000000003
499.16666666666663 -779.166666666667
506.66666666666663 -799.166666666667
509.99999999999994 -805.0000000000003
505.83333333333326 -797.5000000000003
509.16666666666663 -804.166666666667
504.99999999999994 -796.666666666667
507.49999999999994 -800.0000000000003
504.16666666666663 -795.0000000000003
499.99999999999994 -780.8333333333336
508.33333333333326 -800.8333333333336
500.8333333333333 -789.1666666666669
502.49999999999994 -792.5000000000003
499.16666666666663 -779.166666666667
506.66666666666663 -799.166666666667
509.99999999999994 -805.0000000000003
505.83333333333326 -797.5000000000003
509.16666666666663 -804.166666666667
504.99999999999994 -796.666666666667
507.49999999999994 -800.0000000000003
504.16666666666663 -795.0000000000003
499.99999999999994 -780.8333333333336
508.33333333333326 -800.8333333333336
500.8333333333333 -789.1666666666669
502.49999999999994 -792.5000000000003
499.16666666666663 -779.166666666667
506.66666666666663 -799.166666666667
509.99999999999994 -805.0000000000003
505.83333333333326 -797.5000000000003
504.99999999999994 -796.666666666667
509.16666666666663 -804.166666666667
507.49999999999994 -800.0000000000003
504.16666666666663 -795.0000000000003
499.99999999999994 -780.8333333333336
508.33333333333326 -800.8333333333336
500.8333333333333 -789.1666666666669
502.49999999999994 -792.5000000000003
499.16666666666663 -779.166666666667
506.66666666666663 -799.166666666667
509.99999999999994 -805.0000000000003
505.83333333333326 -797.5000000000003
509.16666666666663 -804.166666666667
504.99999999999994 -796.666666666667
507.49999999999994 -800.0000000000003
504.16666666666663 -795.0000000000003
499.99999999999994 -780.8333333333336
508.33333333333326 -800.8333333333336
500.8333333333333 -789.1666666666669
504.16666666666663 -795.0000000000003
499.16666666666663 -779.166666666667
509.16666666666663 -804.166666666667
506.66666666666663 -799.166666666667
505.83333333333326 -797.5000000000003
508.33333333333326 -800.8333333333336
504.99999999999994 -796.666666666667
502.49999999999994 -792.5000000000003
507.49999999999994 -800.0000000000003
499.99999999999994 -780.8333333333336
500.8333333333333 -789.1666666666669
504.16666666666663 -795.0000000000003
499.16666666666663 -779.166666666667
509.16666666666663 -804.166666666667
506.66666666666663 -799.166666666667
505.83333333333326 -797.5000000000003
508.33333333333326 -800.8333333333336
504.99999999999994 -796.666666666667
502.49999999999994 -792.5000000000003
507.49999999999994 -800.0000000000003
499.99999999999994 -780.8333333333336
500.8333333333333 -789.1666666666669
504.16666666666663 -795.0000000000003
499.16666666666663 -779.166666666667
509.16666666666663 -804.166666666667
506.66666666666663 -799.166666666667
505.83333333333326 -797.5000000000003
508.33333333333326 -800.8333333333336
504.99999999999994 -796.666666666667
502.49999999999994 -792.5000000000003
507.49999999999994 -800.0000000000003
499.99999999999994 -780.8333333333336
500.8333333333333 -789.1666666666669
504.16666666666663 -795.0000000000003
499.16666666666663 -779.166666666667
506.66666666666663 -799.166666666667
505.83333333333326 -797.5000000000003
508.33333333333326 -800.8333333333336
504.99999999999994 -796.666666666667
502.49999999999994 -792.5000000000003
507.49999999999994 -800.0000000000003
499.99999999999994 -780.8333333333336
500.8333333333333 -789.1666666666669
504.16666666666663 -795.0000000000003
499.16666666666663 -779.166666666667
506.66666666666663 -799.166666666667
505.83333333333326 -797.5000000000003
508.33333333333326 -800.8333333333336
504.99999999999994 -796.666666666667
502.49999999999994 -792.5000000000003
507.49999999999994 -800.0000000000003
499.99999999999994 -780.8333333333336
500.8333333333333 -789.1666666666669
504.16666666666663 -795.0000000000003
499.16666666666663 -779.166666666667
506.66666666666663 -799.166666666667
505.83333333333326 -797.5000000000003
508.33333333333326 -800.8333333333336
504.99999999999994 -796.666666666667
502.49999999999994 -792.5000000000003
507.49999999999994 -800.0000000000003
499.99999999999994 -780.8333333333336
500.8333333333333 -789.1666666666669
504.16666666666663 -795.0000000000003
499.16666666666663 -779.166666666667
506.66666666666663 -799.166666666667
505.83333333333326 -797.5000000000003
508.33333333333326 -800.8333333333336
504.99999999999994 -796.666666666667
502.49999999999994 -792.5000000000003
507.49999999999994 -800.0000000000003
500.8333333333333 -789.1666666666669
504.16666666666663 -795.0000000000003
499.16666666666663 -779.166666666667
506.66666666666663 -799.166666666667
505.83333333333326 -797.5000000000003
508.33333333333326 -800.8333333333336
502.49999999999994 -792.5000000000003
507.49999999999994 -800.0000000000003
502.49999999999994 -792.5000000000003
508.33333333333326 -800.8333333333336
