505.0 -568.3333333333331
518.3333333333333 -633.3333333333335
511.66666666666663 -626.6666666666669
514.1666666666666 -629.1666666666669
518.3333333333333 -633.3333333333335
511.66666666666663 -626.6666666666669
511.66666666666663 -626.6666666666669
518.3333333333333 -633.3333333333335
510.0 -624.1666666666669
514.1666666666666 -629.1666666666669
514.1666666666666 -629.1666666666669
507.5 -618.3333333333335
510.0 -624.1666666666669
510.8333333333333 -625.0000000000002
508.3333333333333 -619.1666666666669
511.66666666666663 -626.6666666666669
508.3333333333333 -619.1666666666669
507.5 -618.3333333333335
514.1666666666666 -629.1666666666669
510.0 -624.1666666666669
507.5 -618.3333333333335
518.3333333333333 -633.3333333333335
512.5 -627.5000000000002
507.5 -618.3333333333335
515.0 -630.0000000000002
515.0 -630.0000000000002
508.3333333333333 -619.1666666666669
511.66666666666663 -626.6666666666669
515.0 -630.0000000000002
514.1666666666666 -629.1666666666669
518.3333333333333 -633.3333333333335
507.5 -618.3333333333335
520.0 -635.0000000000001
511.66666666666663 -626.6666666666669
514.1666666666666 -629.1666666666669
510.0 -624.1666666666669
516.6666666666666 -631.6666666666669
512.5 -627.5000000000002
511.66666666666663 -626.6666666666669
507.5 -618.3333333333335
514.1666666666666 -629.1666666666669
508.3333333333333 -619.1666666666669
511.66666666666663 -626.6666666666669
516.6666666666666 -631.6666666666669
509.16666666666663 -622.5000000000002
514.1666666666666 -629.1666666666669
512.5 -627.5000000000002
518.3333333333333 -633.3333333333335
511.66666666666663 -626.6666666666669
507.5 -618.3333333333335
507.5 -618.3333333333335
520.0 -635.0000000000001
507.5 -618.3333333333335
510.8333333333333 -625.0000000000002
514.1666666666666 -629.1666666666669
518.3333333333333 -633.3333333333335
514.1666666666666 -629.1666666666669
514.1666666666666 -629.1666666666669
511.66666666666663 -626.6666666666669
517.5 -632.5000000000001
510.0 -624.1666666666669
516.6666666666666 -631.6666666666669
510.0 -624.1666666666669
514.1666666666666 -629.1666666666669
512.5 -627.5000000000002
520.0 -635.0000000000001
520.8333333333333 -635.8333333333335
511.66666666666663 -626.6666666666669
515.0 -630.0000000000002
511.66666666666663 -626.6666666666669
511.66666666666663 -626.6666666666669
510.8333333333333 -625.0000000000002
511.66666666666663 -626.6666666666669
