505.0 -568.3333333333331
518.3333333333333 -645.8333333333334
511.66666666666663 -639.1666666666667
510.0 -636.6666666666667
511.66666666666663 -639.1666666666667
511.66666666666663 -639.1666666666667
510.8333333333333 -637.5000000000001
518.3333333333333 -645.8333333333334
516.6666666666666 -644.1666666666667
510.0 -636.6666666666667
511.66666666666663 -639.1666666666667
511.66666666666663 -639.1666666666667
511.66666666666663 -639.1666666666667
511.66666666666663 -639.1666666666667
511.66666666666663 -639.1666666666667
510.0 -636.6666666666667
516.6666666666666 -644.1666666666667
511.66666666666663 -639.1666666666667
511.66666666666663 -639.1666666666667
518.3333333333333 -645.8333333333334
511.66666666666663 -639.1666666666667
508.3333333333333 -635.0000000000001
510.0 -636.6666666666667
510.0 -636.6666666666667
511.66666666666663 -639.1666666666667
517.5 -645.0000000000001
511.66666666666663 -639.1666666666667
516.6666666666666 -644.1666666666667
510.0 -636.6666666666667
510.0 -636.6666666666667
516.6666666666666 -644.1666666666667
511.66666666666663 -639.1666666666667
510.0 -636.6666666666667
510.0 -636.6666666666667
511.66666666666663 -639.1666666666667
510.0 -636.6666666666667
511.66666666666663 -639.1666666666667
511.66666666666663 -639.1666666666667
516.6666666666666 -644.1666666666667
510.0 -636.6666666666667
518.3333333333333 -645.8333333333334
519.1666666666667 -646.6666666666667
516.6666666666666 -644.1666666666667
516.6666666666666 -644.1666666666667
516.6666666666666 -644.1666666666667
506.6666666666667 -632.5000000000001
518.3333333333333 -645.8333333333334
511.66666666666663 -639.1666666666667
516.6666666666666 -644.1666666666667
511.66666666666663 -639.1666666666667
516.6666666666666 -644.1666666666667
510.0 -636.6666666666667
516.6666666666666 -644.1666666666667
510.0 -636.6666666666667
510.0 -636.6666666666667
511.66666666666663 -639.1666666666667
510.0 -636.6666666666667
511.66666666666663 -639.1666666666667
510.0 -636.6666666666667
517.5 -645.0000000000001
511.66666666666663 -639.1666666666667
511.66666666666663 -639.1666666666667
516.6666666666666 -644.1666666666667
511.66666666666663 -639.1666666666667
511.66666666666663 -639.1666666666667
510.0 -636.6666666666667
518.3333333333333 -645.8333333333334
510.0 -636.6666666666667
516.6666666666666 -644.1666666666667
516.6666666666666 -644.1666666666667
518.3333333333333 -645.8333333333334
511.66666666666663 -639.1666666666667
511.66666666666663 -639.1666666666667
518.3333333333333 -645.8333333333334
511.66666666666663 -639.1666666666667
510.0 -636.6666666666667
510.0 -636.6666666666667
517.5 -645.0000000000001
511.66666666666663 -639.1666666666667
510.0 -636.6666666666667
511.66666666666663 -639.1666666666667
516.6666666666666 -644.1666666666667
510.0 -636.6666666666667
510.0 -636.6666666666667
510.0 -636.6666666666667
508.3333333333333 -635.0000000000001
510.0 -636.6666666666667
516.6666666666666 -644.1666666666667
516.6666666666666 -644.1666666666667
516.6666666666666 -644.1666666666667
511.66666666666663 -639.1666666666667
511.66666666666663 -639.1666666666667
510.8333333333333 -637.5000000000001
511.66666666666663 -639.1666666666667
512.5 -642.5000000000001
516.6666666666666 -644.1666666666667
518.3333333333333 -645.8333333333334
516.6666666666666 -644.1666666666667
516.6666666666666 -644.1666666666667
519.1666666666667 -646.6666666666667
511.66666666666663 -639.1666666666667
516.6666666666666 -644.1666666666667
516.6666666666666 -644.1666666666667
511.66666666666663 -639.1666666666667
511.66666666666663 -639.1666666666667
519.1666666666667 -646.6666666666667
510.0 -636.6666666666667
510.0 -636.6666666666667
511.66666666666663 -639.1666666666667
518.3333333333333 -645.8333333333334
510.0 -636.6666666666667
511.66666666666663 -639.1666666666667
511.66666666666663 -639.1666666666667
511.66666666666663 -639.1666666666667
511.66666666666663 -639.1666666666667
516.6666666666666 -644.1666666666667
510.0 -636.6666666666667
511.66666666666663 -639.1666666666667
510.0 -636.6666666666667
511.66666666666663 -639.1666666666667
511.66666666666663 -639.1666666666667
510.0 -636.6666666666667
511.66666666666663 -639.1666666666667
510.0 -636.6666666666667
516.6666666666666 -644.1666666666667
510.0 -636.6666666666667
511.66666666666663 -639.1666666666667
510.0 -636.6666666666667
510.0 -636.6666666666667
510.0 -636.6666666666667
518.3333333333333 -645.8333333333334
511.66666666666663 -639.1666666666667
518.3333333333333 -645.8333333333334
511.66666666666663 -639.1666666666667
517.5 -645.0000000000001
510.0 -636.6666666666667
510.0 -636.6666666666667
511.66666666666663 -639.1666666666667
518.3333333333333 -645.8333333333334
518.3333333333333 -645.8333333333334
510.0 -636.6666666666667
519.1666666666667 -646.6666666666667
510.0 -636.6666666666667
510.0 -636.6666666666667
511.66666666666663 -639.1666666666667
511.66666666666663 -639.1666666666667
511.66666666666663 -639.1666666666667
516.6666666666666 -644.1666666666667
510.0 -636.6666666666667
517.5 -645.0000000000001
510.0 -636.6666666666667
510.0 -636.6666666666667
518.3333333333333 -645.8333333333334
510.0 -636.6666666666667
511.66666666666663 -639.1666666666667
510.0 -636.6666666666667
506.6666666666667 -632.5000000000001
510.0 -636.6666666666667
511.66666666666663 -639.1666666666667
511.66666666666663 -639.1666666666667
518.3333333333333 -645.8333333333334
511.66666666666663 -639.1666666666667
511.66666666666663 -639.1666666666667
510.0 -636.6666666666667
511.66666666666663 -639.1666666666667
510.0 -636.6666666666667
510.0 -636.6666666666667
516.6666666666666 -644.1666666666667
518.3333333333333 -645.8333333333334
515.8333333333333 -643.3333333333334
520.0 -655.0000000000001
510.0 -636.6666666666667
518.3333333333333 -645.8333333333334
510.0 -636.6666666666667
