505.0 -568.3333333333331
520.0 -655.0000000000001
506.6666666666667 -632.5000000000001
512.5 -642.5000000000001
518.3333333333333 -649.1666666666666
506.6666666666667 -632.5000000000001
508.3333333333333 -635.0000000000001
508.3333333333333 -635.0000000000001
508.3333333333333 -635.0000000000001
506.6666666666667 -632.5000000000001
508.3333333333333 -635.0000000000001
508.3333333333333 -635.0000000000001
506.6666666666667 -632.5000000000001
508.3333333333333 -635.0000000000001
518.3333333333333 -649.1666666666666
506.6666666666667 -632.5000000000001
509.16666666666663 -640.8333333333335
515.0 -646.6666666666667
