504.1666666666667 -634.1666666666667
508.3333333333333 -642.5000000000001
515.8333333333333 -650.8333333333334
517.5 -656.6666666666667
511.66666666666663 -647.5
517.5 -656.6666666666667
510.8333333333333 -643.3333333333335
520.0 -663.3333333333334
512.5 -648.3333333333334
504.1666666666667 -634.1666666666667
511.66666666666663 -647.5
510.8333333333333 -643.3333333333335
506.6666666666667 -640.0
516.6666666666667 -655.8333333333335
515.0 -649.1666666666667
510.8333333333333 -643.3333333333335
515.0 -649.1666666666667
508.3333333333333 -642.5000000000001
505.8333333333333 -637.5000000000001
