512.5 -655.8333333333335
512.5 -655.8333333333335
512.5 -655.8333333333335
520.8333333333333 -669.166666666667
512.5 -655.8333333333335
505.8333333333333 -649.1666666666669
520.0 -666.6666666666669
505.8333333333333 -649.1666666666669
504.1666666666667 -646.6666666666667
517.5 -666.6666666666667
505.8333333333333 -649.1666666666669
520.0 -666.6666666666669
512.5 -655.8333333333335
512.5 -655.8333333333335
504.1666666666667 -646.6666666666667
512.5 -655.8333333333335
520.0 -666.6666666666669
505.8333333333333 -649.1666666666669
512.5 -655.8333333333335
505.8333333333333 -649.1666666666669
504.1666666666667 -646.6666666666667
512.5 -655.8333333333335
504.1666666666667 -646.6666666666667
504.1666666666667 -646.6666666666667
504.1666666666667 -646.6666666666667
514.1666666666667 -662.5000000000001
504.1666666666667 -646.6666666666667
505.8333333333333 -649.1666666666669
506.66666666666663 -650.0000000000002
512.5 -655.8333333333335
512.5 -655.8333333333335
517.5 -666.6666666666667
504.1666666666667 -646.6666666666667
507.5 -651.6666666666669
513.3333333333333 -656.6666666666669
512.5 -655.8333333333335
505.8333333333333 -649.1666666666669
512.5 -655.8333333333335
512.5 -655.8333333333335
514.1666666666667 -662.5000000000001
504.1666666666667 -646.6666666666667
505.8333333333333 -649.1666666666669
512.5 -655.8333333333335
512.5 -655.8333333333335
505.8333333333333 -649.1666666666669
511.66666666666663 -655.0000000000001
512.5 -655.8333333333335
505.8333333333333 -649.1666666666669
514.1666666666667 -662.5000000000001
505.8333333333333 -649.1666666666669
512.5 -655.8333333333335
512.5 -655.8333333333335
504.1666666666667 -646.6666666666667
506.66666666666663 -650.0000000000002
505.8333333333333 -649.1666666666669
512.5 -655.8333333333335
504.1666666666667 -646.6666666666667
504.1666666666667 -646.6666666666667
509.16666666666663 -654.1666666666669
520.0 -666.6666666666669
514.1666666666666 -659.1666666666667
512.5 -655.8333333333335
512.5 -655.8333333333335
517.5 -666.6666666666667
517.5 -666.6666666666667
