510.0 -665.8333333333336
510.8333333333333 -666.6666666666669
515.0 -670.0000000000002
517.5 -672.5000000000002
515.0 -670.0000000000002
515.0 -670.0000000000002
506.66666666666663 -662.5000000000002
515.8333333333333 -670.8333333333336
511.66666666666663 -667.5000000000001
517.5 -672.5000000000002
518.3333333333333 -673.3333333333335
515.0 -670.0000000000002
506.66666666666663 -662.5000000000002
505.8333333333333 -661.666666666667
506.66666666666663 -662.5000000000002
505.8333333333333 -661.666666666667
517.5 -672.5000000000002
510.0 -665.8333333333336
505.8333333333333 -661.666666666667
505.0 -660.0000000000001
505.0 -660.0000000000001
518.3333333333333 -673.3333333333335
510.0 -665.8333333333336
514.1666666666667 -670.0000000000001
506.66666666666663 -662.5000000000002
519.1666666666666 -674.1666666666669
511.6666666666667 -667.5000000000002
512.5 -668.3333333333336
517.5 -672.5000000000002
515.8333333333333 -670.8333333333336
505.0 -660.0000000000001
525.8333333333333 -675.0000000000002
505.8333333333333 -661.666666666667
519.1666666666666 -674.1666666666669
505.0 -660.0000000000001
505.0 -660.0000000000001
504.99999999999994 -659.166666666667
505.0 -660.0000000000001
505.0 -660.0000000000001
506.66666666666663 -662.5000000000002
505.0 -660.0000000000001
505.8333333333333 -661.666666666667
514.1666666666666 -669.1666666666669
505.8333333333333 -661.666666666667
512.5 -668.3333333333336
514.1666666666667 -670.0000000000001
510.8333333333333 -666.6666666666669
510.0 -665.8333333333336
505.8333333333333 -661.666666666667
510.8333333333333 -666.6666666666669
505.0 -660.0000000000001
505.8333333333333 -661.666666666667
505.0 -660.0000000000001
505.8333333333333 -661.666666666667
505.0 -660.0000000000001
506.66666666666663 -662.5000000000002
505.0 -660.0000000000001
505.8333333333333 -661.666666666667
506.66666666666663 -662.5000000000002
505.8333333333333 -661.666666666667
502.5 -659.1666666666669
505.0 -660.0000000000001
504.99999999999994 -659.166666666667
505.0 -660.0000000000001
505.0 -660.0000000000001
506.66666666666663 -662.5000000000002
505.0 -660.0000000000001
518.3333333333333 -673.3333333333335
510.0 -665.8333333333336
505.8333333333333 -661.666666666667
516.6666666666666 -671.6666666666669
509.16666666666663 -665.0000000000001
505.8333333333333 -661.666666666667
505.0 -660.0000000000001
505.0 -660.0000000000001
518.3333333333333 -673.3333333333335
518.3333333333333 -673.3333333333335
505.0 -660.0000000000001
