519.1666666666666 -674.1666666666669
525.8333333333333 -675.0000000000002
519.1666666666666 -674.1666666666669
502.5 -659.1666666666669
519.1666666666666 -674.1666666666669
504.99999999999994 -662.5000000000002
509.16666666666663 -666.6666666666669
502.5 -659.1666666666669
519.1666666666666 -674.1666666666669
504.99999999999994 -662.5000000000002
506.6666666666667 -663.3333333333337
508.3333333333333 -665.8333333333336
502.5 -659.1666666666669
502.5 -659.1666666666669
504.99999999999994 -662.5000000000002
504.99999999999994 -662.5000000000002
504.99999999999994 -662.5000000000002
502.5 -659.1666666666669
510.8333333333333 -668.3333333333336
509.16666666666663 -666.6666666666669
502.5 -659.1666666666669
504.99999999999994 -662.5000000000002
508.3333333333333 -665.8333333333336
502.5 -659.1666666666669
502.5 -659.1666666666669
504.99999999999994 -662.5000000000002
504.99999999999994 -662.5000000000002
504.16666666666663 -661.666666666667
516.6666666666666 -673.3333333333335
513.3333333333333 -670.8333333333335
514.1666666666666 -670.8333333333336
512.5 -670.0000000000002
513.3333333333333 -670.8333333333335
502.5 -659.1666666666669
502.5 -659.1666666666669
504.99999999999994 -662.5000000000002
502.5 -659.1666666666669
502.5 -659.1666666666669
516.6666666666666 -673.3333333333335
504.99999999999994 -662.5000000000002
509.16666666666663 -666.6666666666669
508.3333333333333 -665.8333333333336
504.16666666666663 -661.666666666667
504.99999999999994 -662.5000000000002
504.99999999999994 -662.5000000000002
509.16666666666663 -666.6666666666669
509.16666666666663 -666.6666666666669
515.0 -671.6666666666669
508.3333333333333 -665.8333333333336
504.99999999999994 -662.5000000000002
510.0 -667.5000000000002
515.8333333333333 -672.5000000000002
503.3333333333333 -660.0000000000002
504.99999999999994 -662.5000000000002
516.6666666666666 -673.3333333333335
509.16666666666663 -666.6666666666669
509.16666666666663 -666.6666666666669
504.99999999999994 -662.5000000000002
