505.0 -663.3333333333337
502.5 -660.0000000000001
502.5 -660.0000000000001
504.16666666666663 -662.5000000000002
503.3333333333333 -660.8333333333335
517.5 -675.8333333333335
504.16666666666663 -662.5000000000002
502.5 -660.0000000000001
505.0 -663.3333333333337
504.16666666666663 -662.5000000000002
504.16666666666663 -662.5000000000002
502.5 -660.0000000000001
504.99999999999994 -663.3333333333336
504.16666666666663 -662.5000000000002
503.3333333333333 -660.8333333333335
502.5 -660.0000000000001
517.5 -675.8333333333335
503.3333333333333 -660.8333333333335
516.6666666666667 -675.0000000000001
504.16666666666663 -662.5000000000002
502.5 -660.0000000000001
517.5 -675.8333333333335
504.99999999999994 -663.3333333333336
520.8333333333333 -678.3333333333336
520.8333333333333 -678.3333333333336
513.3333333333333 -672.5
517.5 -675.8333333333335
503.3333333333333 -660.8333333333335
504.16666666666663 -662.5000000000002
520.0 -677.5000000000002
520.8333333333333 -678.3333333333336
514.1666666666667 -672.5000000000002
516.6666666666667 -675.0000000000001
505.8333333333333 -665.0000000000002
517.5 -675.8333333333335
516.6666666666667 -675.0000000000001
503.3333333333333 -660.8333333333335
502.5 -660.0000000000001
502.5 -660.0000000000001
504.99999999999994 -663.3333333333336
504.16666666666663 -662.5000000000002
514.1666666666666 -672.5000000000001
504.16666666666663 -662.5000000000002
504.99999999999994 -663.3333333333336
511.66666666666663 -670.8333333333334
502.5 -660.0000000000001
504.99999999999994 -663.3333333333336
514.1666666666666 -672.5000000000001
516.6666666666667 -675.0000000000001
512.5 -671.6666666666669
506.66666666666663 -665.8333333333335
504.16666666666663 -662.5000000000002
520.8333333333333 -678.3333333333336
502.5 -660.0000000000001
513.3333333333333 -672.5
509.16666666666663 -668.3333333333334
506.66666666666663 -665.8333333333335
510.0 -669.1666666666669
518.3333333333333 -676.6666666666667
502.5 -660.0000000000001
502.5 -660.0000000000001
505.8333333333333 -665.0000000000002
504.16666666666663 -662.5000000000002
503.3333333333333 -660.8333333333335
504.16666666666663 -662.5000000000002
502.5 -660.0000000000001
510.0 -669.1666666666669
514.1666666666667 -672.5000000000002
504.16666666666663 -662.5000000000002
520.8333333333333 -678.3333333333336
515.0 -674.1666666666669
513.3333333333333 -672.5
510.0 -669.1666666666669
506.66666666666663 -665.8333333333335
504.16666666666663 -662.5000000000002
502.5 -660.0000000000001
504.99999999999994 -663.3333333333336
505.8333333333333 -665.0000000000002
502.5 -660.0000000000001
502.5 -660.0000000000001
517.5 -675.8333333333335
503.3333333333333 -660.8333333333335
502.5 -660.0000000000001
502.5 -660.0000000000001
503.3333333333333 -660.8333333333335
508.3333333333333 -667.5000000000001
512.5 -671.6666666666669
502.5 -660.0000000000001
506.66666666666663 -665.8333333333335
504.16666666666663 -662.5000000000002
504.16666666666663 -662.5000000000002
506.66666666666663 -665.8333333333335
509.99999999999994 -668.3333333333336
507.5 -665.8333333333336
507.5 -665.8333333333336
