505.0 -663.3333333333337
504.16666666666663 -662.5000000000002
517.5 -675.8333333333335
504.16666666666663 -662.5000000000002
505.0 -663.3333333333337
504.16666666666663 -662.5000000000002
504.16666666666663 -662.5000000000002
504.99999999999994 -663.3333333333336
504.16666666666663 -662.5000000000002
517.5 -675.8333333333335
504.16666666666663 -662.5000000000002
517.5 -675.8333333333335
504.99999999999994 -663.3333333333336
520.8333333333333 -678.3333333333336
520.8333333333333 -678.3333333333336
517.5 -675.8333333333335
504.16666666666663 -662.5000000000002
520.0 -677.5000000000002
520.8333333333333 -678.3333333333336
505.8333333333333 -665.0000000000002
517.5 -675.8333333333335
504.99999999999994 -663.3333333333336
504.16666666666663 -662.5000000000002
504.16666666666663 -662.5000000000002
504.99999999999994 -663.3333333333336
511.66666666666663 -670.8333333333334
504.99999999999994 -663.3333333333336
512.5 -671.6666666666669
504.16666666666663 -662.5000000000002
520.8333333333333 -678.3333333333336
509.16666666666663 -668.3333333333334
510.0 -669.1666666666669
505.8333333333333 -665.0000000000002
504.16666666666663 -662.5000000000002
504.16666666666663 -662.5000000000002
510.0 -669.1666666666669
504.16666666666663 -662.5000000000002
520.8333333333333 -678.3333333333336
515.0 -674.1666666666669
510.0 -669.1666666666669
504.16666666666663 -662.5000000000002
504.99999999999994 -663.3333333333336
505.8333333333333 -665.0000000000002
517.5 -675.8333333333335
508.3333333333333 -667.5000000000001
512.5 -671.6666666666669
504.16666666666663 -662.5000000000002
504.16666666666663 -662.5000000000002
509.99999999999994 -668.3333333333336
520.8333333333333 -678.3333333333336
517.5 -675.8333333333335
505.8333333333333 -665.0000000000002
506.66666666666663 -665.8333333333336
510.0 -669.1666666666669
517.5 -675.8333333333335
510.0 -669.1666666666669
510.0 -669.1666666666669
520.8333333333333 -678.3333333333336
504.16666666666663 -662.5000000000002
512.5 -671.6666666666669
514.1666666666667 -673.3333333333334
506.6666666666667 -665.8333333333337
504.16666666666663 -662.5000000000002
505.8333333333333 -665.0000000000002
510.0 -669.1666666666669
510.8333333333333 -670.0000000000002
513.3333333333333 -672.5000000000001
504.16666666666663 -662.5000000000002
508.3333333333333 -667.5000000000001
505.8333333333333 -665.0000000000002
507.5 -666.666666666667
506.66666666666663 -665.8333333333336
504.16666666666663 -662.5000000000002
505.8333333333333 -665.0000000000002
510.0 -669.1666666666669
504.16666666666663 -662.5000000000002
504.16666666666663 -662.5000000000002
511.6666666666667 -670.8333333333335
510.0 -669.1666666666669
518.3333333333333 -676.6666666666669
505.8333333333333 -665.0000000000002
504.99999999999994 -663.3333333333336
505.8333333333333 -665.0000000000002
505.8333333333333 -665.0000000000002
514.1666666666667 -673.3333333333334
505.8333333333333 -665.0000000000002
504.16666666666663 -662.5000000000002
511.6666666666667 -670.8333333333335
505.8333333333333 -665.0000000000002
511.6666666666667 -670.8333333333335
517.5 -675.8333333333335
510.8333333333333 -670.0000000000002
517.5 -675.8333333333335
505.8333333333333 -665.0000000000002
517.5 -675.8333333333335
517.5 -675.8333333333335
505.8333333333333 -665.0000000000002
513.3333333333333 -672.5000000000001
520.0 -677.5000000000002
504.99999999999994 -663.3333333333336
504.16666666666663 -662.5000000000002
514.1666666666666 -672.5000000000002
504.16666666666663 -662.5000000000002
505.8333333333333 -665.0000000000002
505.8333333333333 -665.0000000000002
504.16666666666663 -662.5000000000002
520.8333333333333 -678.3333333333336
520.8333333333333 -678.3333333333336
513.3333333333333 -672.5000000000001
515.0 -674.1666666666669
520.8333333333333 -678.3333333333336
514.1666666666667 -673.3333333333334
504.16666666666663 -662.5000000000002
518.3333333333333 -676.6666666666669
512.5 -671.6666666666669
517.5 -675.8333333333335
505.8333333333333 -665.0000000000002
504.99999999999994 -663.3333333333336
504.16666666666663 -662.5000000000002
514.1666666666667 -673.3333333333334
515.8333333333333 -675.0000000000002
504.16666666666663 -662.5000000000002
506.66666666666663 -665.8333333333336
505.8333333333333 -665.0000000000002
505.8333333333333 -665.0000000000002
505.8333333333333 -665.0000000000002
511.66666666666663 -670.8333333333334
511.6666666666667 -670.8333333333335
510.0 -669.1666666666669
504.16666666666663 -662.5000000000002
514.1666666666667 -673.3333333333334
504.16666666666663 -662.5000000000002
504.99999999999994 -663.3333333333336
505.8333333333333 -665.0000000000002
506.66666666666663 -665.8333333333336
517.5 -675.8333333333335
506.66666666666663 -665.8333333333336
511.6666666666667 -670.8333333333335
514.1666666666666 -672.5000000000002
502.49999999999994 -660.8333333333336
505.8333333333333 -665.0000000000002
504.99999999999994 -663.3333333333336
515.0 -674.1666666666669
508.3333333333333 -667.5000000000001
505.8333333333333 -665.0000000000002
504.99999999999994 -663.3333333333336
517.5 -675.8333333333335
505.8333333333333 -665.0000000000002
504.16666666666663 -662.5000000000002
506.66666666666663 -665.8333333333336
517.5 -675.8333333333335
512.5 -671.6666666666669
512.5 -671.6666666666669
512.5 -671.6666666666669
512.5 -671.6666666666669
504.16666666666663 -662.5000000000002
504.16666666666663 -662.5000000000002
506.66666666666663 -665.8333333333336
519.1666666666666 -676.666666666667
504.16666666666663 -662.5000000000002
504.16666666666663 -662.5000000000002
505.8333333333333 -665.0000000000002
505.8333333333333 -665.0000000000002
504.16666666666663 -662.5000000000002
