501.66666666666663 -663.3333333333336
522.5 -685.8333333333335
522.5 -685.8333333333335
501.66666666666663 -663.3333333333336
515.0 -680.8333333333335
503.33333333333326 -666.6666666666669
519.1666666666666 -685.0000000000001
521.6666666666666 -685.0000000000002
514.1666666666666 -680.0000000000001
513.3333333333333 -679.1666666666667
504.16666666666663 -670.0000000000001
509.99999999999994 -675.8333333333336
517.5 -683.3333333333335
512.5 -678.3333333333334
516.6666666666666 -682.5000000000001
516.6666666666666 -682.5000000000001
502.49999999999994 -665.0000000000002
503.3333333333333 -668.3333333333335
502.49999999999994 -665.0000000000002
506.66666666666663 -671.6666666666669
510.8333333333333 -676.6666666666669
511.66666666666663 -677.5000000000002
505.83333333333326 -670.8333333333335
509.16666666666663 -675.0000000000002
508.3333333333333 -674.1666666666669
506.66666666666663 -671.6666666666669
508.3333333333333 -674.1666666666669
509.16666666666663 -675.0000000000002
518.3333333333333 -684.1666666666667
505.83333333333326 -670.8333333333335
518.3333333333333 -684.1666666666667
504.99999999999994 -670.0000000000002
507.49999999999994 -672.5000000000002
507.5 -673.3333333333335
510.8333333333333 -676.6666666666669
511.66666666666663 -677.5000000000002
503.3333333333333 -668.3333333333335
519.1666666666666 -685.0000000000001
521.6666666666666 -685.0000000000002
504.99999999999994 -670.0000000000002
507.5 -673.3333333333335
507.49999999999994 -672.5000000000002
522.5 -685.8333333333335
501.66666666666663 -663.3333333333336
516.6666666666666 -682.5000000000001
502.49999999999994 -665.0000000000002
506.66666666666663 -671.6666666666669
509.16666666666663 -675.0000000000002
508.3333333333333 -674.1666666666669
518.3333333333333 -684.1666666666667
504.99999999999994 -670.0000000000002
510.8333333333333 -676.6666666666669
521.6666666666666 -685.0000000000002
522.5 -685.8333333333335
501.66666666666663 -663.3333333333336
516.6666666666666 -682.5000000000001
502.49999999999994 -665.0000000000002
508.3333333333333 -674.1666666666669
509.16666666666663 -675.0000000000002
504.99999999999994 -670.0000000000002
521.6666666666666 -685.0000000000002
506.66666666666663 -671.6666666666669
522.5 -685.8333333333335
501.66666666666663 -663.3333333333336
516.6666666666666 -682.5000000000001
508.3333333333333 -674.1666666666669
502.49999999999994 -665.0000000000002
521.6666666666666 -685.0000000000002
504.99999999999994 -670.0000000000002
506.66666666666663 -671.6666666666669
522.5 -685.8333333333335
501.66666666666663 -663.3333333333336
508.3333333333333 -674.1666666666669
502.49999999999994 -665.0000000000002
521.6666666666666 -685.0000000000002
504.99999999999994 -670.0000000000002
506.66666666666663 -671.6666666666669
522.5 -685.8333333333335
501.66666666666663 -663.3333333333336
502.49999999999994 -665.0000000000002
521.6666666666666 -685.0000000000002
506.66666666666663 -671.6666666666669
522.5 -685.8333333333335
501.66666666666663 -663.3333333333336
502.49999999999994 -665.0000000000002
522.5 -685.8333333333335
501.66666666666663 -663.3333333333336
502.49999999999994 -665.0000000000002
501.66666666666663 -663.3333333333336
502.49999999999994 -665.0000000000002
502.49999999999994 -665.0000000000002
502.49999999999994 -665.0000000000002
502.49999999999994 -665.0000000000002
502.49999999999994 -665.0000000000002
502.49999999999994 -665.0000000000002
502.49999999999994 -665.0000000000002
502.49999999999994 -665.0000000000002
501.66666666666663 -663.3333333333336
502.49999999999994 -665.0000000000002
502.49999999999994 -665.0000000000002
501.66666666666663 -663.3333333333336
502.49999999999994 -665.0000000000002
501.66666666666663 -663.3333333333336
502.49999999999994 -665.0000000000002
502.49999999999994 -665.0000000000002
502.49999999999994 -665.0000000000002
501.66666666666663 -663.3333333333336
502.49999999999994 -665.0000000000002
502.49999999999994 -665.0000000000002
502.49999999999994 -665.0000000000002
502.49999999999994 -665.0000000000002
502.49999999999994 -665.0000000000002
502.49999999999994 -665.0000000000002
502.49999999999994 -665.0000000000002
502.49999999999994 -665.0000000000002
501.66666666666663 -663.3333333333336
502.49999999999994 -665.0000000000002
502.49999999999994 -665.0000000000002
502.49999999999994 -665.0000000000002
502.49999999999994 -665.0000000000002
502.49999999999994 -665.0000000000002
502.49999999999994 -665.0000000000002
502.49999999999994 -665.0000000000002
502.49999999999994 -665.0000000000002
502.49999999999994 -665.0000000000002
502.49999999999994 -665.0000000000002
502.49999999999994 -665.0000000000002
502.49999999999994 -665.0000000000002
502.49999999999994 -665.0000000000002
501.66666666666663 -663.3333333333336
502.49999999999994 -665.0000000000002
502.49999999999994 -665.0000000000002
502.49999999999994 -665.0000000000002
502.49999999999994 -665.0000000000002
502.49999999999994 -665.0000000000002
502.49999999999994 -665.0000000000002
502.49999999999994 -665.0000000000002
501.66666666666663 -663.3333333333336
502.49999999999994 -665.0000000000002
502.49999999999994 -665.0000000000002
502.49999999999994 -665.0000000000002
502.49999999999994 -665.0000000000002
502.49999999999994 -665.0000000000002
501.66666666666663 -663.3333333333336
502.49999999999994 -665.0000000000002
501.66666666666663 -663.3333333333336
502.49999999999994 -665.0000000000002
502.49999999999994 -665.0000000000002
501.66666666666663 -663.3333333333336
502.49999999999994 -665.0000000000002
502.49999999999994 -665.0000000000002
502.49999999999994 -665.0000000000002
502.49999999999994 -665.0000000000002
502.49999999999994 -665.0000000000002
502.49999999999994 -665.0000000000002
502.49999999999994 -665.0000000000002
502.49999999999994 -665.0000000000002
501.66666666666663 -663.3333333333336
502.49999999999994 -665.0000000000002
502.49999999999994 -665.0000000000002
502.49999999999994 -665.0000000000002
502.49999999999994 -665.0000000000002
502.49999999999994 -665.0000000000002
502.49999999999994 -665.0000000000002
502.49999999999994 -665.0000000000002
501.66666666666663 -663.3333333333336
502.49999999999994 -665.0000000000002
502.49999999999994 -665.0000000000002
502.49999999999994 -665.0000000000002
502.49999999999994 -665.0000000000002
502.49999999999994 -665.0000000000002
502.49999999999994 -665.0000000000002
502.49999999999994 -665.0000000000002
502.49999999999994 -665.0000000000002
502.49999999999994 -665.0000000000002
502.49999999999994 -665.0000000000002
502.49999999999994 -665.0000000000002
502.49999999999994 -665.0000000000002
502.49999999999994 -665.0000000000002
502.49999999999994 -665.0000000000002
506.66666666666663 -671.6666666666669
509.16666666666663 -675.0000000000002
502.49999999999994 -665.0000000000002
502.49999999999994 -665.0000000000002
502.49999999999994 -665.0000000000002
508.3333333333333 -674.1666666666669
502.49999999999994 -665.0000000000002
502.49999999999994 -665.0000000000002
506.66666666666663 -671.6666666666669
502.49999999999994 -665.0000000000002
501.66666666666663 -663.3333333333336
501.66666666666663 -663.3333333333336
501.66666666666663 -663.3333333333336
502.49999999999994 -665.0000000000002
502.49999999999994 -665.0000000000002
502.49999999999994 -665.0000000000002
502.49999999999994 -665.0000000000002
502.49999999999994 -665.0000000000002
502.49999999999994 -665.0000000000002
502.49999999999994 -665.0000000000002
