501.66666666666663 -664.1666666666669
522.5 -686.6666666666669
521.6666666666666 -685.0000000000002
508.3333333333333 -675.0000000000002
504.16666666666663 -670.0000000000001
502.5 -667.5000000000001
519.1666666666666 -685.0000000000001
513.3333333333333 -679.1666666666669
515.8333333333333 -681.6666666666669
505.83333333333326 -670.8333333333336
503.3333333333333 -668.3333333333335
510.8333333333333 -676.6666666666669
504.99999999999994 -670.8333333333335
503.3333333333333 -668.3333333333335
517.5 -683.3333333333335
518.3333333333333 -684.1666666666667
518.3333333333333 -684.1666666666667
517.5 -683.3333333333335
509.99999999999994 -675.8333333333336
510.8333333333333 -676.6666666666669
509.16666666666663 -675.8333333333335
507.5 -673.3333333333335
507.5 -673.3333333333335
519.1666666666666 -685.0000000000001
509.99999999999994 -675.8333333333336
521.6666666666666 -685.0000000000002
504.99999999999994 -670.8333333333335
509.16666666666663 -675.8333333333335
503.3333333333333 -668.3333333333335
518.3333333333333 -684.1666666666667
510.8333333333333 -676.6666666666669
507.5 -673.3333333333335
519.1666666666666 -685.0000000000001
521.6666666666666 -685.0000000000002
509.99999999999994 -675.8333333333336
503.3333333333333 -668.3333333333335
518.3333333333333 -684.1666666666667
510.8333333333333 -676.6666666666669
507.5 -673.3333333333335
519.1666666666666 -685.0000000000001
521.6666666666666 -685.0000000000002
503.3333333333333 -668.3333333333335
510.8333333333333 -676.6666666666669
519.1666666666666 -685.0000000000001
521.6666666666666 -685.0000000000002
507.5 -673.3333333333335
510.8333333333333 -676.6666666666669
503.3333333333333 -668.3333333333335
519.1666666666666 -685.0000000000001
521.6666666666666 -685.0000000000002
510.8333333333333 -676.6666666666669
521.6666666666666 -685.0000000000002
521.6666666666666 -685.0000000000002
521.6666666666666 -685.0000000000002
514.1666666666666 -680.8333333333335
517.5 -683.3333333333335
504.99999999999994 -670.8333333333335
503.3333333333333 -668.3333333333335
502.49999999999994 -665.8333333333335
510.8333333333333 -676.6666666666669
511.66666666666663 -678.3333333333335
509.16666666666663 -675.8333333333335
516.6666666666666 -683.3333333333334
503.3333333333333 -668.3333333333335
509.99999999999994 -675.8333333333336
510.8333333333333 -676.6666666666669
503.3333333333333 -668.3333333333335
503.3333333333333 -668.3333333333335
504.16666666666663 -670.0000000000001
503.3333333333333 -668.3333333333335
502.5 -667.5000000000001
503.3333333333333 -668.3333333333335
506.66666666666663 -672.5000000000002
503.3333333333333 -668.3333333333335
503.3333333333333 -668.3333333333335
507.5 -673.3333333333335
519.1666666666666 -685.0000000000001
