501.66666666666663 -664.1666666666669
522.5 -686.6666666666669
522.5 -686.6666666666669
501.66666666666663 -664.1666666666669
505.83333333333326 -673.3333333333335
502.5 -668.3333333333335
520.0 -686.6666666666667
502.49999999999994 -665.8333333333335
507.5 -674.1666666666669
504.99999999999994 -671.6666666666669
503.3333333333333 -670.0000000000001
509.16666666666663 -675.8333333333335
509.99999999999994 -676.666666666667
511.66666666666663 -678.3333333333335
517.5 -684.1666666666667
512.5 -679.1666666666669
514.1666666666666 -680.8333333333336
518.3333333333333 -685.0000000000001
516.6666666666666 -683.3333333333335
513.3333333333333 -680.0000000000002
519.1666666666666 -685.8333333333335
503.3333333333333 -670.0000000000001
504.16666666666663 -670.8333333333335
504.16666666666663 -670.8333333333335
507.5 -674.1666666666669
508.3333333333333 -675.0000000000002
504.99999999999994 -671.6666666666669
515.0 -681.6666666666669
514.1666666666666 -680.8333333333336
516.6666666666666 -683.3333333333335
519.1666666666666 -685.8333333333335
510.83333333333326 -677.5000000000002
515.8333333333333 -682.5000000000001
511.66666666666663 -678.3333333333335
513.3333333333333 -680.0000000000002
518.3333333333333 -685.0000000000001
515.8333333333333 -682.5000000000001
512.5 -679.1666666666669
509.99999999999994 -676.666666666667
508.3333333333333 -675.0000000000002
510.83333333333326 -677.5000000000002
509.16666666666663 -675.8333333333335
515.0 -681.6666666666669
517.5 -684.1666666666667
502.49999999999994 -665.8333333333335
520.0 -686.6666666666667
501.66666666666663 -664.1666666666669
522.5 -686.6666666666669
507.5 -674.1666666666669
514.1666666666666 -680.8333333333336
519.1666666666666 -685.8333333333335
516.6666666666666 -683.3333333333335
511.66666666666663 -678.3333333333335
513.3333333333333 -680.0000000000002
518.3333333333333 -685.0000000000001
515.8333333333333 -682.5000000000001
512.5 -679.1666666666669
509.99999999999994 -676.666666666667
508.3333333333333 -675.0000000000002
510.83333333333326 -677.5000000000002
509.16666666666663 -675.8333333333335
517.5 -684.1666666666667
502.49999999999994 -665.8333333333335
520.0 -686.6666666666667
522.5 -686.6666666666669
501.66666666666663 -664.1666666666669
507.5 -674.1666666666669
519.1666666666666 -685.8333333333335
516.6666666666666 -683.3333333333335
511.66666666666663 -678.3333333333335
513.3333333333333 -680.0000000000002
518.3333333333333 -685.0000000000001
515.8333333333333 -682.5000000000001
512.5 -679.1666666666669
509.99999999999994 -676.666666666667
508.3333333333333 -675.0000000000002
510.83333333333326 -677.5000000000002
509.16666666666663 -675.8333333333335
517.5 -684.1666666666667
502.49999999999994 -665.8333333333335
520.0 -686.6666666666667
522.5 -686.6666666666669
501.66666666666663 -664.1666666666669
507.5 -674.1666666666669
519.1666666666666 -685.8333333333335
516.6666666666666 -683.3333333333335
511.66666666666663 -678.3333333333335
513.3333333333333 -680.0000000000002
518.3333333333333 -685.0000000000001
515.8333333333333 -682.5000000000001
512.5 -679.1666666666669
508.3333333333333 -675.0000000000002
510.83333333333326 -677.5000000000002
509.16666666666663 -675.8333333333335
517.5 -684.1666666666667
502.49999999999994 -665.8333333333335
520.0 -686.6666666666667
522.5 -686.6666666666669
501.66666666666663 -664.1666666666669
507.5 -674.1666666666669
516.6666666666666 -683.3333333333335
519.1666666666666 -685.8333333333335
511.66666666666663 -678.3333333333335
515.8333333333333 -682.5000000000001
518.3333333333333 -685.0000000000001
508.3333333333333 -675.0000000000002
510.83333333333326 -677.5000000000002
509.16666666666663 -675.8333333333335
517.5 -684.1666666666667
502.49999999999994 -665.8333333333335
520.0 -686.6666666666667
522.5 -686.6666666666669
501.66666666666663 -664.1666666666669
507.5 -674.1666666666669
516.6666666666666 -683.3333333333335
519.1666666666666 -685.8333333333335
511.66666666666663 -678.3333333333335
518.3333333333333 -685.0000000000001
515.8333333333333 -682.5000000000001
508.3333333333333 -675.0000000000002
510.83333333333326 -677.5000000000002
509.16666666666663 -675.8333333333335
517.5 -684.1666666666667
502.49999999999994 -665.8333333333335
520.0 -686.6666666666667
522.5 -686.6666666666669
501.66666666666663 -664.1666666666669
507.5 -674.1666666666669
519.1666666666666 -685.8333333333335
516.6666666666666 -683.3333333333335
511.66666666666663 -678.3333333333335
515.8333333333333 -682.5000000000001
518.3333333333333 -685.0000000000001
508.3333333333333 -675.0000000000002
510.83333333333326 -677.5000000000002
509.16666666666663 -675.8333333333335
517.5 -684.1666666666667
502.49999999999994 -665.8333333333335
520.0 -686.6666666666667
522.5 -686.6666666666669
501.66666666666663 -664.1666666666669
507.5 -674.1666666666669
519.1666666666666 -685.8333333333335
516.6666666666666 -683.3333333333335
511.66666666666663 -678.3333333333335
518.3333333333333 -685.0000000000001
508.3333333333333 -675.0000000000002
509.16666666666663 -675.8333333333335
517.5 -684.1666666666667
502.49999999999994 -665.8333333333335
501.66666666666663 -664.1666666666669
507.5 -674.1666666666669
516.6666666666666 -683.3333333333335
519.1666666666666 -685.8333333333335
511.66666666666663 -678.3333333333335
518.3333333333333 -685.0000000000001
508.3333333333333 -675.0000000000002
509.16666666666663 -675.8333333333335
517.5 -684.1666666666667
502.49999999999994 -665.8333333333335
501.66666666666663 -664.1666666666669
507.5 -674.1666666666669
516.6666666666666 -683.3333333333335
511.66666666666663 -678.3333333333335
508.3333333333333 -675.0000000000002
509.16666666666663 -675.8333333333335
517.5 -684.1666666666667
502.49999999999994 -665.8333333333335
509.16666666666663 -675.8333333333335
509.16666666666663 -675.8333333333335
502.49999999999994 -665.8333333333335
509.16666666666663 -675.8333333333335
502.49999999999994 -665.8333333333335
502.49999999999994 -665.8333333333335
511.66666666666663 -678.3333333333335
511.66666666666663 -678.3333333333335
502.49999999999994 -665.8333333333335
502.49999999999994 -665.8333333333335
502.49999999999994 -665.8333333333335
502.49999999999994 -665.8333333333335
502.49999999999994 -665.8333333333335
509.16666666666663 -675.8333333333335
511.66666666666663 -678.3333333333335
502.49999999999994 -665.8333333333335
502.49999999999994 -665.8333333333335
509.16666666666663 -675.8333333333335
502.49999999999994 -665.8333333333335
502.49999999999994 -665.8333333333335
507.5 -674.1666666666669
509.16666666666663 -675.8333333333335
509.16666666666663 -675.8333333333335
509.16666666666663 -675.8333333333335
509.16666666666663 -675.8333333333335
509.16666666666663 -675.8333333333335
511.66666666666663 -678.3333333333335
508.3333333333333 -675.0000000000002
502.49999999999994 -665.8333333333335
502.49999999999994 -665.8333333333335
511.66666666666663 -678.3333333333335
509.16666666666663 -675.8333333333335
