502.5 -668.3333333333335
507.49999999999994 -675.0000000000002
503.3333333333333 -670.8333333333335
511.66666666666663 -678.3333333333336
505.83333333333326 -673.3333333333335
512.5 -679.1666666666669
514.1666666666666 -680.8333333333336
513.3333333333333 -680.0000000000002
503.3333333333333 -670.8333333333335
505.83333333333326 -673.3333333333335
510.83333333333326 -677.5000000000002
514.1666666666666 -680.8333333333336
510.83333333333326 -677.5000000000002
513.3333333333333 -680.0000000000002
512.5 -679.1666666666669
514.1666666666666 -680.8333333333336
510.83333333333326 -677.5000000000002
513.3333333333333 -680.0000000000002
512.5 -679.1666666666669
514.1666666666666 -680.8333333333336
510.83333333333326 -677.5000000000002
513.3333333333333 -680.0000000000002
512.5 -679.1666666666669
510.83333333333326 -677.5000000000002
513.3333333333333 -680.0000000000002
512.5 -679.1666666666669
513.3333333333333 -680.0000000000002
512.5 -679.1666666666669
510.83333333333326 -677.5000000000002
513.3333333333333 -680.0000000000002
512.5 -679.1666666666669
510.83333333333326 -677.5000000000002
513.3333333333333 -680.0000000000002
512.5 -679.1666666666669
510.83333333333326 -677.5000000000002
512.5 -679.1666666666669
513.3333333333333 -680.0000000000002
510.83333333333326 -677.5000000000002
512.5 -679.1666666666669
501.66666666666663 -665.8333333333336
512.5 -679.1666666666669
505.83333333333326 -673.3333333333335
504.16666666666663 -671.6666666666669
510.83333333333326 -677.5000000000002
504.99999999999994 -672.5000000000002
510.83333333333326 -677.5000000000002
512.5 -679.1666666666669
512.5 -679.1666666666669
504.16666666666663 -671.6666666666669
511.66666666666663 -678.3333333333336
509.16666666666663 -676.666666666667
514.1666666666666 -680.8333333333336
513.3333333333333 -680.0000000000002
519.1666666666666 -688.3333333333335
513.3333333333333 -680.0000000000002
504.16666666666663 -671.6666666666669
513.3333333333333 -680.0000000000002
510.83333333333326 -677.5000000000002
519.1666666666666 -688.3333333333335
506.6666666666666 -674.166666666667
503.3333333333333 -670.8333333333335
502.5 -668.3333333333335
518.3333333333333 -687.5000000000001
513.3333333333333 -680.0000000000002
517.5 -686.6666666666667
515.0 -684.1666666666667
509.16666666666663 -676.666666666667
518.3333333333333 -687.5000000000001
