502.5 -668.3333333333335
507.49999999999994 -675.0000000000002
503.3333333333333 -670.8333333333335
505.83333333333326 -673.3333333333335
503.3333333333333 -670.8333333333335
505.83333333333326 -673.3333333333335
501.66666666666663 -665.8333333333336
505.83333333333326 -673.3333333333335
509.16666666666663 -676.666666666667
519.1666666666666 -688.3333333333335
519.1666666666666 -688.3333333333335
506.6666666666666 -674.166666666667
503.3333333333333 -670.8333333333335
502.5 -668.3333333333335
518.3333333333333 -687.5000000000001
517.5 -686.6666666666667
515.0 -684.1666666666667
509.16666666666663 -676.666666666667
518.3333333333333 -687.5000000000001
513.3333333333333 -681.6666666666669
504.16666666666663 -672.5000000000002
505.83333333333326 -673.3333333333335
520.0 -689.1666666666667
510.0 -679.1666666666669
510.83333333333326 -680.0000000000002
517.5 -686.6666666666667
