514.1666666666666 -683.3333333333335
514.1666666666666 -683.3333333333335
507.5 -676.6666666666669
508.3333333333333 -678.3333333333336
514.1666666666666 -683.3333333333335
514.1666666666666 -683.3333333333335
515.0 -685.0000000000001
507.5 -676.6666666666669
507.5 -676.6666666666669
514.1666666666666 -683.3333333333335
514.1666666666666 -683.3333333333335
514.1666666666666 -683.3333333333335
509.99999999999994 -680.0000000000002
515.8333333333333 -685.8333333333335
507.5 -676.6666666666669
509.16666666666663 -679.166666666667
503.3333333333333 -671.6666666666669
503.3333333333333 -671.6666666666669
507.5 -676.6666666666669
507.5 -676.6666666666669
514.1666666666666 -683.3333333333335
514.1666666666666 -683.3333333333335
508.33333333333326 -676.666666666667
507.5 -676.6666666666669
507.5 -676.6666666666669
506.6666666666666 -675.0000000000002
506.6666666666666 -675.0000000000002
507.49999999999994 -675.8333333333335
503.3333333333333 -671.6666666666669
501.66666666666663 -666.6666666666669
509.16666666666663 -679.166666666667
514.1666666666666 -683.3333333333335
514.1666666666666 -683.3333333333335
514.1666666666666 -683.3333333333335
503.3333333333333 -671.6666666666669
511.66666666666663 -681.6666666666669
507.5 -676.6666666666669
506.6666666666666 -675.0000000000002
514.1666666666666 -683.3333333333335
518.3333333333333 -688.3333333333335
509.16666666666663 -679.166666666667
520.0 -690.0000000000001
503.3333333333333 -671.6666666666669
504.99999999999994 -674.166666666667
507.5 -676.6666666666669
507.49999999999994 -675.8333333333335
517.5 -687.5000000000001
507.5 -676.6666666666669
510.83333333333326 -680.8333333333335
502.5 -670.0000000000001
507.49999999999994 -675.8333333333335
512.5 -682.5000000000002
509.99999999999994 -680.0000000000002
508.3333333333333 -678.3333333333336
503.3333333333333 -671.6666666666669
506.6666666666666 -675.0000000000002
504.16666666666663 -673.3333333333336
514.1666666666666 -683.3333333333335
514.1666666666666 -683.3333333333335
508.3333333333333 -678.3333333333336
514.1666666666666 -683.3333333333335
506.6666666666666 -675.0000000000002
