520.0 -692.5000000000001
501.66666666666663 -670.8333333333336
520.0 -692.5000000000001
501.66666666666663 -670.8333333333336
504.99999999999994 -677.5000000000002
502.49999999999994 -672.5000000000001
507.49999999999994 -680.8333333333336
504.1666666666666 -674.166666666667
503.33333333333326 -673.3333333333336
509.1666666666666 -682.5000000000002
511.6666666666666 -685.0000000000002
506.66666666666663 -679.166666666667
512.5 -685.8333333333335
515.0 -688.3333333333335
505.8333333333333 -678.3333333333336
509.99999999999994 -683.3333333333336
504.1666666666666 -674.166666666667
513.3333333333333 -686.6666666666669
515.8333333333333 -689.1666666666669
514.1666666666666 -687.5000000000002
516.6666666666666 -690.0000000000002
508.33333333333326 -681.666666666667
505.8333333333333 -678.3333333333336
509.99999999999994 -683.3333333333336
506.66666666666663 -679.166666666667
510.83333333333326 -684.166666666667
516.6666666666666 -690.0000000000002
514.1666666666666 -687.5000000000002
519.1666666666666 -691.6666666666669
517.5 -690.8333333333335
518.3333333333333 -691.6666666666667
513.3333333333333 -686.6666666666669
515.8333333333333 -689.1666666666669
508.33333333333326 -681.666666666667
510.83333333333326 -684.166666666667
512.5 -685.8333333333335
517.5 -690.8333333333335
515.0 -688.3333333333335
519.1666666666666 -691.6666666666669
518.3333333333333 -691.6666666666667
520.0 -692.5000000000001
501.66666666666663 -670.8333333333336
504.1666666666666 -674.166666666667
509.99999999999994 -683.3333333333336
505.8333333333333 -678.3333333333336
516.6666666666666 -690.0000000000002
514.1666666666666 -687.5000000000002
513.3333333333333 -686.6666666666669
515.8333333333333 -689.1666666666669
506.66666666666663 -679.166666666667
510.83333333333326 -684.166666666667
508.33333333333326 -681.666666666667
517.5 -690.8333333333335
515.0 -688.3333333333335
519.1666666666666 -691.6666666666669
501.66666666666663 -670.8333333333336
505.8333333333333 -678.3333333333336
509.99999999999994 -683.3333333333336
514.1666666666666 -687.5000000000002
516.6666666666666 -690.0000000000002
519.1666666666666 -691.6666666666669
515.8333333333333 -689.1666666666669
506.66666666666663 -679.166666666667
510.83333333333326 -684.166666666667
515.0 -688.3333333333335
505.8333333333333 -678.3333333333336
509.99999999999994 -683.3333333333336
519.1666666666666 -691.6666666666669
510.83333333333326 -684.166666666667
515.0 -688.3333333333335
509.99999999999994 -683.3333333333336
519.1666666666666 -691.6666666666669
510.83333333333326 -684.166666666667
509.99999999999994 -683.3333333333336
519.1666666666666 -691.6666666666669
510.83333333333326 -684.166666666667
509.99999999999994 -683.3333333333336
519.1666666666666 -691.6666666666669
510.83333333333326 -684.166666666667
509.99999999999994 -683.3333333333336
519.1666666666666 -691.6666666666669
510.83333333333326 -684.166666666667
509.99999999999994 -683.3333333333336
509.99999999999994 -683.3333333333336
509.99999999999994 -683.3333333333336
510.83333333333326 -684.166666666667
509.99999999999994 -683.3333333333336
509.99999999999994 -683.3333333333336
510.83333333333326 -684.166666666667
510.83333333333326 -684.166666666667
509.99999999999994 -683.3333333333336
509.99999999999994 -683.3333333333336
519.1666666666666 -691.6666666666669
510.83333333333326 -684.166666666667
509.99999999999994 -683.3333333333336
519.1666666666666 -691.6666666666669
509.99999999999994 -683.3333333333336
510.83333333333326 -684.166666666667
510.83333333333326 -684.166666666667
510.83333333333326 -684.166666666667
510.83333333333326 -684.166666666667
510.83333333333326 -684.166666666667
510.83333333333326 -684.166666666667
509.99999999999994 -683.3333333333336
509.99999999999994 -683.3333333333336
510.83333333333326 -684.166666666667
509.99999999999994 -683.3333333333336
510.83333333333326 -684.166666666667
510.83333333333326 -684.166666666667
514.1666666666666 -687.5000000000002
515.0 -688.3333333333335
514.1666666666666 -687.5000000000002
519.1666666666666 -691.6666666666669
519.1666666666666 -691.6666666666669
509.99999999999994 -683.3333333333336
509.99999999999994 -683.3333333333336
519.1666666666666 -691.6666666666669
510.83333333333326 -684.166666666667
515.0 -688.3333333333335
519.1666666666666 -691.6666666666669
514.1666666666666 -687.5000000000002
509.99999999999994 -683.3333333333336
514.1666666666666 -687.5000000000002
509.99999999999994 -683.3333333333336
519.1666666666666 -691.6666666666669
509.99999999999994 -683.3333333333336
510.83333333333326 -684.166666666667
509.99999999999994 -683.3333333333336
519.1666666666666 -691.6666666666669
510.83333333333326 -684.166666666667
509.99999999999994 -683.3333333333336
516.6666666666666 -690.0000000000002
509.99999999999994 -683.3333333333336
516.6666666666666 -690.0000000000002
510.83333333333326 -684.166666666667
509.99999999999994 -683.3333333333336
516.6666666666666 -690.0000000000002
510.83333333333326 -684.166666666667
516.6666666666666 -690.0000000000002
519.1666666666666 -691.6666666666669
519.1666666666666 -691.6666666666669
515.8333333333333 -689.1666666666669
509.99999999999994 -683.3333333333336
516.6666666666666 -690.0000000000002
509.99999999999994 -683.3333333333336
510.83333333333326 -684.166666666667
505.8333333333333 -678.3333333333336
515.0 -688.3333333333335
517.5 -690.8333333333335
515.0 -688.3333333333335
515.0 -688.3333333333335
509.99999999999994 -683.3333333333336
510.83333333333326 -684.166666666667
509.99999999999994 -683.3333333333336
510.83333333333326 -684.166666666667
509.99999999999994 -683.3333333333336
509.99999999999994 -683.3333333333336
510.83333333333326 -684.166666666667
510.83333333333326 -684.166666666667
509.99999999999994 -683.3333333333336
517.5 -690.8333333333335
515.0 -688.3333333333335
505.8333333333333 -678.3333333333336
519.1666666666666 -691.6666666666669
509.99999999999994 -683.3333333333336
509.99999999999994 -683.3333333333336
509.99999999999994 -683.3333333333336
510.83333333333326 -684.166666666667
505.8333333333333 -678.3333333333336
510.83333333333326 -684.166666666667
510.83333333333326 -684.166666666667
509.99999999999994 -683.3333333333336
509.99999999999994 -683.3333333333336
509.99999999999994 -683.3333333333336
509.99999999999994 -683.3333333333336
513.3333333333333 -686.6666666666669
516.6666666666666 -690.0000000000002
514.1666666666666 -687.5000000000002
510.83333333333326 -684.166666666667
510.83333333333326 -684.166666666667
516.6666666666666 -690.0000000000002
509.99999999999994 -683.3333333333336
513.3333333333333 -686.6666666666669
509.99999999999994 -683.3333333333336
510.83333333333326 -684.166666666667
516.6666666666666 -690.0000000000002
508.33333333333326 -681.666666666667
515.0 -688.3333333333335
510.83333333333326 -684.166666666667
517.5 -690.8333333333335
518.3333333333333 -691.6666666666667
514.1666666666666 -687.5000000000002
515.8333333333333 -689.1666666666669
505.8333333333333 -678.3333333333336
509.99999999999994 -683.3333333333336
517.5 -690.8333333333335
510.83333333333326 -684.166666666667
510.83333333333326 -684.166666666667
510.83333333333326 -684.166666666667
506.66666666666663 -679.166666666667
