518.3333333333333 -692.5000000000001
501.66666666666663 -673.3333333333336
518.3333333333333 -692.5000000000001
506.6666666666666 -680.0000000000002
503.33333333333326 -675.8333333333336
505.83333333333326 -678.3333333333336
513.3333333333333 -687.5000000000001
507.49999999999994 -681.6666666666667
515.8333333333333 -690.0000000000001
512.5 -685.8333333333336
509.1666666666666 -682.5000000000002
502.49999999999994 -674.166666666667
509.99999999999994 -684.1666666666669
516.6666666666666 -690.8333333333335
504.99999999999994 -677.5000000000002
515.0 -689.1666666666667
504.1666666666666 -676.666666666667
514.1666666666666 -688.3333333333335
516.6666666666666 -690.8333333333335
511.6666666666666 -685.0000000000002
511.6666666666666 -685.0000000000002
502.49999999999994 -674.166666666667
514.1666666666666 -688.3333333333335
517.5 -691.6666666666669
509.1666666666666 -682.5000000000002
517.5 -691.6666666666669
512.5 -685.8333333333336
504.1666666666666 -676.666666666667
504.99999999999994 -677.5000000000002
508.33333333333326 -681.666666666667
510.83333333333326 -684.166666666667
515.0 -689.1666666666667
508.33333333333326 -681.666666666667
509.99999999999994 -684.1666666666669
510.83333333333326 -684.166666666667
516.6666666666666 -690.8333333333335
511.6666666666666 -685.0000000000002
509.1666666666666 -682.5000000000002
517.5 -691.6666666666669
512.5 -685.8333333333336
502.49999999999994 -674.166666666667
504.1666666666666 -676.666666666667
508.33333333333326 -681.666666666667
509.99999999999994 -684.1666666666669
515.0 -689.1666666666667
510.83333333333326 -684.166666666667
516.6666666666666 -690.8333333333335
511.6666666666666 -685.0000000000002
509.1666666666666 -682.5000000000002
517.5 -691.6666666666669
512.5 -685.8333333333336
508.33333333333326 -681.666666666667
510.83333333333326 -684.166666666667
516.6666666666666 -690.8333333333335
511.6666666666666 -685.0000000000002
509.1666666666666 -682.5000000000002
512.5 -685.8333333333336
517.5 -691.6666666666669
508.33333333333326 -681.666666666667
510.83333333333326 -684.166666666667
516.6666666666666 -690.8333333333335
511.6666666666666 -685.0000000000002
517.5 -691.6666666666669
512.5 -685.8333333333336
508.33333333333326 -681.666666666667
510.83333333333326 -684.166666666667
511.6666666666666 -685.0000000000002
512.5 -685.8333333333336
508.33333333333326 -681.666666666667
510.83333333333326 -684.166666666667
511.6666666666666 -685.0000000000002
512.5 -685.8333333333336
508.33333333333326 -681.666666666667
510.83333333333326 -684.166666666667
511.6666666666666 -685.0000000000002
512.5 -685.8333333333336
510.83333333333326 -684.166666666667
508.33333333333326 -681.666666666667
511.6666666666666 -685.0000000000002
512.5 -685.8333333333336
508.33333333333326 -681.666666666667
510.83333333333326 -684.166666666667
508.33333333333326 -681.666666666667
510.83333333333326 -684.166666666667
508.33333333333326 -681.666666666667
510.83333333333326 -684.166666666667
510.83333333333326 -684.166666666667
508.33333333333326 -681.666666666667
508.33333333333326 -681.666666666667
510.83333333333326 -684.166666666667
508.33333333333326 -681.666666666667
510.83333333333326 -684.166666666667
508.33333333333326 -681.666666666667
510.83333333333326 -684.166666666667
510.83333333333326 -684.166666666667
508.33333333333326 -681.666666666667
510.83333333333326 -684.166666666667
510.83333333333326 -684.166666666667
510.83333333333326 -684.166666666667
510.83333333333326 -684.166666666667
510.83333333333326 -684.166666666667
510.83333333333326 -684.166666666667
510.83333333333326 -684.166666666667
510.83333333333326 -684.166666666667
510.83333333333326 -684.166666666667
510.83333333333326 -684.166666666667
510.83333333333326 -684.166666666667
510.83333333333326 -684.166666666667
510.83333333333326 -684.166666666667
510.83333333333326 -684.166666666667
510.83333333333326 -684.166666666667
510.83333333333326 -684.166666666667
510.83333333333326 -684.166666666667
510.83333333333326 -684.166666666667
510.83333333333326 -684.166666666667
510.83333333333326 -684.166666666667
510.83333333333326 -684.166666666667
510.83333333333326 -684.166666666667
510.83333333333326 -684.166666666667
510.83333333333326 -684.166666666667
510.83333333333326 -684.166666666667
510.83333333333326 -684.166666666667
510.83333333333326 -684.166666666667
510.83333333333326 -684.166666666667
510.83333333333326 -684.166666666667
510.83333333333326 -684.166666666667
510.83333333333326 -684.166666666667
510.83333333333326 -684.166666666667
510.83333333333326 -684.166666666667
510.83333333333326 -684.166666666667
510.83333333333326 -684.166666666667
508.33333333333326 -681.666666666667
510.83333333333326 -684.166666666667
510.83333333333326 -684.166666666667
510.83333333333326 -684.166666666667
510.83333333333326 -684.166666666667
510.83333333333326 -684.166666666667
510.83333333333326 -684.166666666667
508.33333333333326 -681.666666666667
510.83333333333326 -684.166666666667
508.33333333333326 -681.666666666667
510.83333333333326 -684.166666666667
510.83333333333326 -684.166666666667
510.83333333333326 -684.166666666667
510.83333333333326 -684.166666666667
512.5 -685.8333333333336
508.33333333333326 -681.666666666667
512.5 -685.8333333333336
510.83333333333326 -684.166666666667
512.5 -685.8333333333336
510.83333333333326 -684.166666666667
510.83333333333326 -684.166666666667
510.83333333333326 -684.166666666667
508.33333333333326 -681.666666666667
510.83333333333326 -684.166666666667
508.33333333333326 -681.666666666667
512.5 -685.8333333333336
508.33333333333326 -681.666666666667
510.83333333333326 -684.166666666667
508.33333333333326 -681.666666666667
510.83333333333326 -684.166666666667
510.83333333333326 -684.166666666667
508.33333333333326 -681.666666666667
508.33333333333326 -681.666666666667
510.83333333333326 -684.166666666667
510.83333333333326 -684.166666666667
509.99999999999994 -684.1666666666669
510.83333333333326 -684.166666666667
511.6666666666666 -685.0000000000002
509.1666666666666 -682.5000000000002
517.5 -691.6666666666669
516.6666666666666 -690.8333333333335
509.99999999999994 -684.1666666666669
510.83333333333326 -684.166666666667
512.5 -685.8333333333336
510.83333333333326 -684.166666666667
508.33333333333326 -681.666666666667
512.5 -685.8333333333336
510.83333333333326 -684.166666666667
514.1666666666666 -688.3333333333335
512.5 -685.8333333333336
510.83333333333326 -684.166666666667
508.33333333333326 -681.666666666667
510.83333333333326 -684.166666666667
517.5 -691.6666666666669
510.83333333333326 -684.166666666667
508.33333333333326 -681.666666666667
510.83333333333326 -684.166666666667
510.83333333333326 -684.166666666667
510.83333333333326 -684.166666666667
510.83333333333326 -684.166666666667
508.33333333333326 -681.666666666667
510.83333333333326 -684.166666666667
508.33333333333326 -681.666666666667
508.33333333333326 -681.666666666667
510.83333333333326 -684.166666666667
510.83333333333326 -684.166666666667
510.83333333333326 -684.166666666667
514.1666666666666 -688.3333333333335
510.83333333333326 -684.166666666667
