505.83333333333326 -679.1666666666669
516.6666666666666 -691.6666666666667
506.6666666666666 -680.0000000000002
506.6666666666666 -680.0000000000002
504.1666666666666 -676.666666666667
504.1666666666666 -676.666666666667
504.1666666666666 -676.666666666667
516.6666666666666 -691.6666666666667
504.1666666666666 -676.666666666667
504.9999999999999 -677.5000000000002
503.33333333333326 -676.6666666666669
516.6666666666666 -691.6666666666667
501.66666666666663 -674.1666666666669
515.0 -690.0
513.3333333333333 -688.3333333333334
508.33333333333326 -683.3333333333336
516.6666666666666 -691.6666666666667
501.66666666666663 -674.1666666666669
510.83333333333326 -686.6666666666669
506.6666666666666 -680.0000000000002
516.6666666666666 -691.6666666666667
504.99999999999994 -678.3333333333335
506.66666666666663 -680.8333333333336
505.83333333333326 -679.1666666666669
515.8333333333333 -690.8333333333334
507.49999999999994 -682.5000000000002
504.1666666666666 -676.666666666667
516.6666666666666 -691.6666666666667
502.49999999999994 -675.0000000000002
509.99999999999994 -685.8333333333335
516.6666666666666 -691.6666666666667
503.33333333333326 -676.6666666666669
502.49999999999994 -675.0000000000002
514.1666666666666 -689.1666666666666
501.66666666666663 -674.1666666666669
506.66666666666663 -680.8333333333336
517.5 -693.3333333333335
508.33333333333326 -683.3333333333336
