503.33333333333326 -680.8333333333336
505.83333333333326 -683.3333333333335
516.6666666666666 -698.3333333333335
500.8333333333333 -676.6666666666669
500.8333333333333 -676.6666666666669
501.66666666666663 -678.3333333333334
506.66666666666663 -689.1666666666667
515.0 -695.0000000000001
504.99999999999994 -682.5000000000001
502.49999999999994 -680.0000000000002
515.0 -695.0000000000001
511.66666666666663 -693.3333333333335
515.0 -695.0000000000001
514.1666666666666 -694.1666666666667
501.66666666666663 -678.3333333333334
501.66666666666663 -678.3333333333334
508.33333333333326 -689.1666666666669
509.16666666666663 -692.5000000000001
508.3333333333333 -690.8333333333334
