503.33333333333326 -680.8333333333336
505.83333333333326 -683.3333333333335
516.6666666666666 -698.3333333333335
500.8333333333333 -676.6666666666669
500.8333333333333 -676.6666666666669
501.66666666666663 -678.3333333333334
506.66666666666663 -689.1666666666667
515.0 -695.0000000000001
504.99999999999994 -682.5000000000001
502.49999999999994 -680.0000000000002
515.0 -695.0000000000001
511.66666666666663 -693.3333333333335
515.0 -695.0000000000001
501.66666666666663 -678.3333333333334
501.66666666666663 -678.3333333333334
509.16666666666663 -692.5000000000001
513.3333333333333 -694.1666666666667
508.3333333333333 -691.6666666666667
504.99999999999994 -682.5000000000001
507.5 -689.1666666666669
505.8333333333333 -684.1666666666669
501.66666666666663 -678.3333333333334
506.66666666666663 -689.1666666666667
508.3333333333333 -691.6666666666667
504.99999999999994 -682.5000000000001
515.8333333333333 -695.8333333333335
503.33333333333326 -680.8333333333336
513.3333333333333 -694.1666666666667
