503.33333333333326 -680.8333333333336
504.99999999999994 -682.5000000000001
502.49999999999994 -680.0000000000002
504.99999999999994 -682.5000000000001
504.99999999999994 -682.5000000000001
503.33333333333326 -680.8333333333336
504.99999999999994 -682.5000000000001
506.66666666666663 -690.0000000000001
504.99999999999994 -682.5000000000001
504.99999999999994 -682.5000000000001
504.99999999999994 -682.5000000000001
503.33333333333326 -680.8333333333336
514.1666666666666 -695.8333333333335
501.66666666666663 -679.1666666666667
514.1666666666666 -695.8333333333335
506.66666666666663 -690.0000000000001
502.49999999999994 -680.0000000000002
515.8333333333333 -697.5000000000001
504.99999999999994 -682.5000000000001
504.99999999999994 -682.5000000000001
506.66666666666663 -690.0000000000001
515.0 -696.6666666666667
515.8333333333333 -697.5000000000001
515.8333333333333 -697.5000000000001
504.99999999999994 -682.5000000000001
503.33333333333326 -680.8333333333336
502.49999999999994 -680.0000000000002
502.49999999999994 -680.0000000000002
502.49999999999994 -680.0000000000002
506.66666666666663 -690.0000000000001
506.66666666666663 -690.0000000000001
504.99999999999994 -682.5000000000001
515.0 -696.6666666666667
500.8333333333333 -677.5000000000002
501.66666666666663 -679.1666666666667
515.8333333333333 -697.5000000000001
501.66666666666663 -679.1666666666667
503.33333333333326 -680.8333333333336
503.33333333333326 -680.8333333333336
503.33333333333326 -680.8333333333336
503.33333333333326 -680.8333333333336
504.99999999999994 -682.5000000000001
503.33333333333326 -680.8333333333336
514.1666666666666 -695.8333333333335
503.33333333333326 -680.8333333333336
504.99999999999994 -682.5000000000001
506.66666666666663 -690.0000000000001
515.8333333333333 -697.5000000000001
515.8333333333333 -697.5000000000001
514.1666666666666 -695.8333333333335
506.66666666666663 -690.0000000000001
506.66666666666663 -690.0000000000001
502.49999999999994 -680.0000000000002
503.33333333333326 -680.8333333333336
504.99999999999994 -682.5000000000001
505.0 -687.5000000000001
505.0 -687.5000000000001
504.16666666666663 -681.6666666666669
503.33333333333326 -680.8333333333336
506.66666666666663 -690.0000000000001
506.66666666666663 -690.0000000000001
502.49999999999994 -680.0000000000002
516.6666666666666 -700.8333333333335
503.33333333333326 -680.8333333333336
502.49999999999994 -680.0000000000002
503.33333333333326 -680.8333333333336
515.8333333333333 -697.5000000000001
502.49999999999994 -680.0000000000002
503.33333333333326 -680.8333333333336
506.66666666666663 -690.0000000000001
504.99999999999994 -682.5000000000001
515.8333333333333 -697.5000000000001
507.49999999999994 -694.1666666666669
506.66666666666663 -690.0000000000001
506.66666666666663 -690.0000000000001
506.66666666666663 -690.0000000000001
509.99999999999994 -695.0000000000001
515.8333333333333 -697.5000000000001
514.1666666666666 -695.8333333333335
502.49999999999994 -680.0000000000002
505.8333333333333 -689.1666666666669
