516.6666666666666 -703.3333333333334
500.8333333333333 -680.0000000000002
516.6666666666666 -703.3333333333334
508.3333333333333 -700.0000000000001
504.99999999999994 -683.3333333333335
505.0 -693.3333333333335
513.3333333333333 -700.8333333333334
507.49999999999994 -697.5
505.8333333333333 -695.8333333333334
502.49999999999994 -680.8333333333335
505.0 -693.3333333333335
504.16666666666663 -682.5000000000001
515.0 -701.6666666666667
515.8333333333333 -702.5000000000001
505.8333333333333 -695.8333333333334
503.33333333333326 -681.6666666666667
506.66666666666663 -696.6666666666667
504.16666666666663 -682.5000000000001
514.1666666666666 -700.8333333333335
503.33333333333326 -681.6666666666667
506.66666666666663 -696.6666666666667
502.49999999999994 -680.8333333333335
515.8333333333333 -702.5000000000001
515.0 -701.6666666666667
514.1666666666666 -700.8333333333335
504.99999999999994 -683.3333333333335
516.6666666666666 -703.3333333333334
505.0 -693.3333333333335
505.8333333333333 -695.8333333333334
504.16666666666663 -682.5000000000001
514.1666666666666 -700.8333333333335
503.33333333333326 -681.6666666666667
502.49999999999994 -680.8333333333335
506.66666666666663 -696.6666666666667
515.8333333333333 -702.5000000000001
515.0 -701.6666666666667
504.99999999999994 -683.3333333333335
516.6666666666666 -703.3333333333334
505.0 -693.3333333333335
504.16666666666663 -682.5000000000001
514.1666666666666 -700.8333333333335
503.33333333333326 -681.6666666666667
505.8333333333333 -695.8333333333334
502.49999999999994 -680.8333333333335
515.8333333333333 -702.5000000000001
515.0 -701.6666666666667
504.99999999999994 -683.3333333333335
516.6666666666666 -703.3333333333334
505.0 -693.3333333333335
504.16666666666663 -682.5000000000001
514.1666666666666 -700.8333333333335
503.33333333333326 -681.6666666666667
502.49999999999994 -680.8333333333335
515.8333333333333 -702.5000000000001
515.0 -701.6666666666667
504.99999999999994 -683.3333333333335
516.6666666666666 -703.3333333333334
505.0 -693.3333333333335
504.16666666666663 -682.5000000000001
514.1666666666666 -700.8333333333335
503.33333333333326 -681.6666666666667
502.49999999999994 -680.8333333333335
515.8333333333333 -702.5000000000001
515.0 -701.6666666666667
505.0 -693.3333333333335
504.16666666666663 -682.5000000000001
503.33333333333326 -681.6666666666667
514.1666666666666 -700.8333333333335
502.49999999999994 -680.8333333333335
515.0 -701.6666666666667
503.33333333333326 -681.6666666666667
515.0 -701.6666666666667
515.0 -701.6666666666667
515.0 -701.6666666666667
503.33333333333326 -681.6666666666667
515.0 -701.6666666666667
505.0 -693.3333333333335
505.0 -693.3333333333335
505.0 -693.3333333333335
505.0 -693.3333333333335
504.16666666666663 -682.5000000000001
515.0 -701.6666666666667
502.49999999999994 -680.8333333333335
505.0 -693.3333333333335
504.16666666666663 -682.5000000000001
505.0 -693.3333333333335
505.0 -693.3333333333335
515.0 -701.6666666666667
502.49999999999994 -680.8333333333335
504.16666666666663 -682.5000000000001
515.0 -701.6666666666667
505.0 -693.3333333333335
505.0 -693.3333333333335
504.16666666666663 -682.5000000000001
505.0 -693.3333333333335
502.49999999999994 -680.8333333333335
515.0 -701.6666666666667
505.0 -693.3333333333335
515.0 -701.6666666666667
505.0 -693.3333333333335
515.0 -701.6666666666667
505.0 -693.3333333333335
505.0 -693.3333333333335
505.0 -693.3333333333335
505.0 -693.3333333333335
505.0 -693.3333333333335
505.0 -693.3333333333335
502.49999999999994 -680.8333333333335
515.8333333333333 -702.5000000000001
505.0 -693.3333333333335
502.49999999999994 -680.8333333333335
505.0 -693.3333333333335
515.0 -701.6666666666667
515.0 -701.6666666666667
515.0 -701.6666666666667
505.0 -693.3333333333335
505.0 -693.3333333333335
505.0 -693.3333333333335
505.0 -693.3333333333335
505.0 -693.3333333333335
504.99999999999994 -683.3333333333335
505.0 -693.3333333333335
505.0 -693.3333333333335
505.8333333333333 -695.8333333333334
505.0 -693.3333333333335
516.6666666666666 -703.3333333333334
504.16666666666663 -682.5000000000001
514.1666666666666 -700.8333333333335
505.0 -693.3333333333335
515.8333333333333 -702.5000000000001
505.0 -693.3333333333335
505.0 -693.3333333333335
505.8333333333333 -695.8333333333334
515.8333333333333 -702.5000000000001
515.0 -701.6666666666667
505.0 -693.3333333333335
515.0 -701.6666666666667
515.0 -701.6666666666667
505.0 -693.3333333333335
505.0 -693.3333333333335
515.8333333333333 -702.5000000000001
505.0 -693.3333333333335
515.8333333333333 -702.5000000000001
515.0 -701.6666666666667
504.99999999999994 -683.3333333333335
515.0 -701.6666666666667
505.0 -693.3333333333335
505.0 -693.3333333333335
515.0 -701.6666666666667
505.0 -693.3333333333335
515.0 -701.6666666666667
514.1666666666666 -700.8333333333335
515.8333333333333 -702.5000000000001
515.8333333333333 -702.5000000000001
505.0 -693.3333333333335
515.8333333333333 -702.5000000000001
516.6666666666666 -703.3333333333334
515.8333333333333 -702.5000000000001
515.0 -701.6666666666667
505.0 -693.3333333333335
505.0 -693.3333333333335
505.0 -693.3333333333335
505.0 -693.3333333333335
505.0 -693.3333333333335
515.0 -701.6666666666667
515.8333333333333 -702.5000000000001
515.0 -701.6666666666667
505.0 -693.3333333333335
516.6666666666666 -703.3333333333334
505.0 -693.3333333333335
515.0 -701.6666666666667
505.0 -693.3333333333335
515.0 -701.6666666666667
514.1666666666666 -700.8333333333335
505.8333333333333 -695.8333333333334
503.33333333333326 -681.6666666666667
503.33333333333326 -681.6666666666667
515.0 -701.6666666666667
515.8333333333333 -702.5000000000001
505.0 -693.3333333333335
515.0 -701.6666666666667
515.0 -701.6666666666667
505.0 -693.3333333333335
505.0 -693.3333333333335
504.99999999999994 -683.3333333333335
502.49999999999994 -680.8333333333335
515.0 -701.6666666666667
504.16666666666663 -682.5000000000001
505.0 -693.3333333333335
505.0 -693.3333333333335
505.0 -693.3333333333335
515.0 -701.6666666666667
505.0 -693.3333333333335
514.1666666666666 -700.8333333333335
515.8333333333333 -702.5000000000001
505.0 -693.3333333333335
504.16666666666663 -682.5000000000001
504.99999999999994 -683.3333333333335
505.8333333333333 -695.8333333333334
505.0 -693.3333333333335
