516.6666666666666 -703.3333333333334
500.8333333333333 -680.0000000000002
516.6666666666666 -703.3333333333334
508.3333333333333 -700.0000000000001
507.49999999999994 -697.5
505.8333333333333 -695.8333333333334
515.0 -701.6666666666667
515.8333333333333 -702.5000000000001
505.8333333333333 -695.8333333333334
506.66666666666663 -696.6666666666667
514.1666666666666 -700.8333333333335
506.66666666666663 -696.6666666666667
515.8333333333333 -702.5000000000001
515.0 -701.6666666666667
514.1666666666666 -700.8333333333335
516.6666666666666 -703.3333333333334
505.8333333333333 -695.8333333333334
506.66666666666663 -696.6666666666667
515.8333333333333 -702.5000000000001
515.0 -701.6666666666667
514.1666666666666 -700.8333333333335
516.6666666666666 -703.3333333333334
505.8333333333333 -695.8333333333334
514.1666666666666 -700.8333333333335
506.66666666666663 -696.6666666666667
515.8333333333333 -702.5000000000001
515.0 -701.6666666666667
516.6666666666666 -703.3333333333334
514.1666666666666 -700.8333333333335
505.8333333333333 -695.8333333333334
515.8333333333333 -702.5000000000001
515.0 -701.6666666666667
516.6666666666666 -703.3333333333334
514.1666666666666 -700.8333333333335
515.8333333333333 -702.5000000000001
515.0 -701.6666666666667
516.6666666666666 -703.3333333333334
514.1666666666666 -700.8333333333335
515.8333333333333 -702.5000000000001
515.0 -701.6666666666667
514.1666666666666 -700.8333333333335
515.0 -701.6666666666667
515.0 -701.6666666666667
515.0 -701.6666666666667
515.0 -701.6666666666667
515.0 -701.6666666666667
515.0 -701.6666666666667
515.0 -701.6666666666667
515.0 -701.6666666666667
515.0 -701.6666666666667
515.0 -701.6666666666667
515.0 -701.6666666666667
515.8333333333333 -702.5000000000001
515.0 -701.6666666666667
515.0 -701.6666666666667
515.0 -701.6666666666667
505.8333333333333 -695.8333333333334
516.6666666666666 -703.3333333333334
514.1666666666666 -700.8333333333335
515.8333333333333 -702.5000000000001
505.8333333333333 -695.8333333333334
515.8333333333333 -702.5000000000001
515.0 -701.6666666666667
515.0 -701.6666666666667
515.0 -701.6666666666667
515.8333333333333 -702.5000000000001
515.8333333333333 -702.5000000000001
515.0 -701.6666666666667
515.0 -701.6666666666667
515.0 -701.6666666666667
515.0 -701.6666666666667
514.1666666666666 -700.8333333333335
515.8333333333333 -702.5000000000001
515.8333333333333 -702.5000000000001
515.8333333333333 -702.5000000000001
516.6666666666666 -703.3333333333334
515.8333333333333 -702.5000000000001
515.0 -701.6666666666667
515.0 -701.6666666666667
515.8333333333333 -702.5000000000001
515.0 -701.6666666666667
515.0 -701.6666666666667
515.0 -701.6666666666667
514.1666666666666 -700.8333333333335
505.8333333333333 -695.8333333333334
515.0 -701.6666666666667
515.8333333333333 -702.5000000000001
515.0 -701.6666666666667
515.0 -701.6666666666667
515.0 -701.6666666666667
515.8333333333333 -702.5000000000001
515.8333333333333 -702.5000000000001
504.16666666666663 -685.0
506.66666666666663 -696.6666666666667
515.8333333333333 -702.5000000000001
514.1666666666666 -700.8333333333335
505.0 -694.1666666666667
505.0 -694.1666666666667
506.66666666666663 -696.6666666666667
507.49999999999994 -697.5
501.66666666666663 -681.6666666666667
515.8333333333333 -702.5000000000001
516.6666666666666 -703.3333333333334
515.0 -701.6666666666667
515.8333333333333 -702.5000000000001
515.0 -701.6666666666667
507.49999999999994 -697.5
515.0 -701.6666666666667
507.5 -698.3333333333335
507.49999999999994 -697.5
505.8333333333333 -695.8333333333334
515.0 -701.6666666666667
515.8333333333333 -702.5000000000001
516.6666666666666 -703.3333333333334
514.1666666666666 -700.8333333333335
515.0 -701.6666666666667
515.0 -701.6666666666667
511.66666666666663 -700.8333333333334
515.0 -701.6666666666667
515.0 -701.6666666666667
514.1666666666666 -700.8333333333335
515.8333333333333 -702.5000000000001
516.6666666666666 -703.3333333333334
506.66666666666663 -696.6666666666667
515.8333333333333 -702.5000000000001
515.0 -701.6666666666667
515.8333333333333 -702.5000000000001
515.0 -701.6666666666667
515.8333333333333 -702.5000000000001
515.0 -701.6666666666667
514.1666666666666 -700.8333333333335
505.8333333333333 -695.8333333333334
515.0 -701.6666666666667
515.0 -701.6666666666667
515.0 -701.6666666666667
515.0 -701.6666666666667
506.66666666666663 -696.6666666666667
