504.16666666666663 -685.0
504.16666666666663 -685.0
504.16666666666663 -685.0
504.16666666666663 -685.0
510.8333333333333 -705.0000000000001
508.3333333333333 -701.6666666666666
510.8333333333333 -705.0000000000001
500.8333333333333 -680.8333333333335
510.8333333333333 -705.0000000000001
510.8333333333333 -705.0000000000001
504.16666666666663 -685.0
509.16666666666663 -702.5
501.66666666666663 -682.5000000000001
505.8333333333333 -698.3333333333334
508.3333333333333 -701.6666666666666
508.3333333333333 -701.6666666666666
518.3333333333333 -710.0000000000001
517.5 -709.1666666666667
504.16666666666663 -685.0
509.16666666666663 -702.5
510.8333333333333 -705.0000000000001
510.8333333333333 -705.0000000000001
510.8333333333333 -705.0000000000001
509.16666666666663 -702.5
510.8333333333333 -705.0000000000001
507.5 -700.8333333333335
510.8333333333333 -705.0000000000001
509.99999999999994 -702.5000000000001
517.5 -709.1666666666667
510.8333333333333 -705.0000000000001
510.8333333333333 -705.0000000000001
510.8333333333333 -705.0000000000001
508.3333333333333 -701.6666666666666
511.66666666666663 -706.6666666666667
504.16666666666663 -685.0
505.0 -695.8333333333335
505.0 -695.8333333333335
518.3333333333333 -710.0000000000001
