504.16666666666663 -685.0
504.16666666666663 -685.0
504.16666666666663 -685.0
504.16666666666663 -685.0
500.8333333333333 -680.8333333333335
504.16666666666663 -685.0
501.66666666666663 -682.5000000000001
505.8333333333333 -698.3333333333334
504.16666666666663 -685.0
507.5 -700.8333333333335
511.66666666666663 -706.6666666666667
504.16666666666663 -685.0
518.3333333333333 -710.8333333333334
500.8333333333333 -680.8333333333335
507.5 -700.8333333333335
517.5 -710.0
510.8333333333333 -705.8333333333334
501.66666666666663 -682.5000000000001
510.8333333333333 -705.8333333333334
505.0 -696.6666666666667
504.16666666666663 -685.0
501.66666666666663 -682.5000000000001
510.8333333333333 -705.8333333333334
505.0 -696.6666666666667
518.3333333333333 -710.8333333333334
505.0 -696.6666666666667
517.5 -710.0
501.66666666666663 -682.5000000000001
511.66666666666663 -706.6666666666667
518.3333333333333 -710.8333333333334
507.5 -700.8333333333335
501.66666666666663 -682.5000000000001
509.16666666666663 -703.3333333333335
518.3333333333333 -710.8333333333334
506.66666666666663 -699.1666666666667
508.3333333333333 -703.3333333333334
506.66666666666663 -699.1666666666667
