502.49999999999994 -685.0000000000002
515.8333333333333 -711.6666666666666
514.1666666666666 -710.8333333333334
505.8333333333333 -701.6666666666667
517.5 -713.3333333333334
505.0 -700.8333333333335
517.5 -713.3333333333334
505.8333333333333 -701.6666666666667
505.8333333333333 -701.6666666666667
505.8333333333333 -701.6666666666667
505.8333333333333 -701.6666666666667
515.8333333333333 -711.6666666666666
505.8333333333333 -701.6666666666667
504.16666666666663 -690.0
508.3333333333333 -707.5000000000001
508.3333333333333 -707.5000000000001
510.8333333333333 -710.0000000000001
520.8333333333333 -715.0
501.66666666666663 -685.0000000000001
507.5 -705.8333333333335
508.3333333333333 -707.5000000000001
508.3333333333333 -707.5000000000001
508.3333333333333 -707.5000000000001
507.5 -705.8333333333335
501.66666666666663 -685.0000000000001
500.8333333333333 -683.3333333333335
508.3333333333333 -707.5000000000001
500.8333333333333 -683.3333333333335
505.8333333333333 -701.6666666666667
501.66666666666663 -685.0000000000001
505.8333333333333 -701.6666666666667
505.8333333333333 -701.6666666666667
507.5 -705.8333333333335
