500.8333333333333 -690.8333333333334
513.3333333333333 -724.1666666666669
500.8333333333333 -690.8333333333334
501.66666666666663 -693.3333333333334
502.5 -710.0000000000001
512.5 -720.8333333333334
509.16666666666663 -720.0000000000001
504.16666666666663 -714.1666666666669
508.3333333333333 -719.1666666666669
503.3333333333333 -711.6666666666667
502.5 -710.0000000000001
505.0 -715.0000000000001
505.8333333333333 -716.6666666666667
503.3333333333333 -711.6666666666667
507.5 -718.3333333333335
506.66666666666663 -717.5000000000001
505.8333333333333 -716.6666666666667
506.66666666666663 -717.5000000000001
507.5 -718.3333333333335
509.16666666666663 -720.0000000000001
505.0 -715.0000000000001
512.5 -720.8333333333334
500.8333333333333 -690.8333333333334
502.5 -710.0000000000001
503.3333333333333 -711.6666666666667
505.8333333333333 -716.6666666666667
506.66666666666663 -717.5000000000001
507.5 -718.3333333333335
509.16666666666663 -720.0000000000001
505.0 -715.0000000000001
512.5 -720.8333333333334
500.8333333333333 -690.8333333333334
502.5 -710.0000000000001
503.3333333333333 -711.6666666666667
505.8333333333333 -716.6666666666667
506.66666666666663 -717.5000000000001
507.5 -718.3333333333335
509.16666666666663 -720.0000000000001
505.0 -715.0000000000001
512.5 -720.8333333333334
502.5 -710.0000000000001
503.3333333333333 -711.6666666666667
505.8333333333333 -716.6666666666667
506.66666666666663 -717.5000000000001
509.16666666666663 -720.0000000000001
505.0 -715.0000000000001
512.5 -720.8333333333334
502.5 -710.0000000000001
502.5 -710.0000000000001
502.5 -710.0000000000001
502.5 -710.0000000000001
502.5 -710.0000000000001
502.5 -710.0000000000001
502.5 -710.0000000000001
502.5 -710.0000000000001
503.3333333333333 -711.6666666666667
502.5 -710.0000000000001
502.5 -710.0000000000001
502.5 -710.0000000000001
502.5 -710.0000000000001
503.3333333333333 -711.6666666666667
502.5 -710.0000000000001
503.3333333333333 -711.6666666666667
505.0 -715.0000000000001
509.16666666666663 -720.0000000000001
502.5 -710.0000000000001
503.3333333333333 -711.6666666666667
503.3333333333333 -711.6666666666667
505.0 -715.0000000000001
502.5 -710.0000000000001
503.3333333333333 -711.6666666666667
505.8333333333333 -716.6666666666667
509.16666666666663 -720.0000000000001
503.3333333333333 -711.6666666666667
502.5 -710.0000000000001
502.5 -710.0000000000001
503.3333333333333 -711.6666666666667
505.8333333333333 -716.6666666666667
503.3333333333333 -711.6666666666667
502.5 -710.0000000000001
502.5 -710.0000000000001
506.66666666666663 -717.5000000000001
505.8333333333333 -716.6666666666667
503.3333333333333 -711.6666666666667
505.8333333333333 -716.6666666666667
505.0 -715.0000000000001
503.3333333333333 -711.6666666666667
505.8333333333333 -716.6666666666667
502.5 -710.0000000000001
503.3333333333333 -711.6666666666667
503.3333333333333 -711.6666666666667
505.8333333333333 -716.6666666666667
506.66666666666663 -717.5000000000001
505.8333333333333 -716.6666666666667
505.8333333333333 -716.6666666666667
509.16666666666663 -720.0000000000001
506.66666666666663 -717.5000000000001
506.66666666666663 -717.5000000000001
506.66666666666663 -717.5000000000001
509.16666666666663 -720.0000000000001
503.3333333333333 -711.6666666666667
505.8333333333333 -716.6666666666667
505.8333333333333 -716.6666666666667
505.8333333333333 -716.6666666666667
505.8333333333333 -716.6666666666667
509.16666666666663 -720.0000000000001
506.66666666666663 -717.5000000000001
503.3333333333333 -711.6666666666667
503.3333333333333 -711.6666666666667
505.0 -715.0000000000001
505.0 -715.0000000000001
503.3333333333333 -711.6666666666667
502.5 -710.0000000000001
505.0 -715.0000000000001
505.8333333333333 -716.6666666666667
505.0 -715.0000000000001
503.3333333333333 -711.6666666666667
502.5 -710.0000000000001
506.66666666666663 -717.5000000000001
505.0 -715.0000000000001
506.66666666666663 -717.5000000000001
509.16666666666663 -720.0000000000001
505.0 -715.0000000000001
505.0 -715.0000000000001
503.3333333333333 -711.6666666666667
505.0 -715.0000000000001
505.8333333333333 -716.6666666666667
506.66666666666663 -717.5000000000001
505.0 -715.0000000000001
503.3333333333333 -711.6666666666667
503.3333333333333 -711.6666666666667
506.66666666666663 -717.5000000000001
505.0 -715.0000000000001
505.8333333333333 -716.6666666666667
502.5 -710.0000000000001
503.3333333333333 -711.6666666666667
502.5 -710.0000000000001
505.8333333333333 -716.6666666666667
509.16666666666663 -720.0000000000001
506.66666666666663 -717.5000000000001
503.3333333333333 -711.6666666666667
505.8333333333333 -716.6666666666667
502.5 -710.0000000000001
505.8333333333333 -716.6666666666667
505.0 -715.0000000000001
505.0 -715.0000000000001
506.66666666666663 -717.5000000000001
509.16666666666663 -720.0000000000001
505.8333333333333 -716.6666666666667
502.5 -710.0000000000001
502.5 -710.0000000000001
502.5 -710.0000000000001
505.8333333333333 -716.6666666666667
502.5 -710.0000000000001
505.0 -715.0000000000001
505.8333333333333 -716.6666666666667
512.5 -720.8333333333334
502.5 -710.0000000000001
505.8333333333333 -716.6666666666667
502.5 -710.0000000000001
503.3333333333333 -711.6666666666667
505.0 -715.0000000000001
505.8333333333333 -716.6666666666667
505.0 -715.0000000000001
506.66666666666663 -717.5000000000001
505.8333333333333 -716.6666666666667
502.5 -710.0000000000001
502.5 -710.0000000000001
505.8333333333333 -716.6666666666667
506.66666666666663 -717.5000000000001
505.8333333333333 -716.6666666666667
505.8333333333333 -716.6666666666667
505.8333333333333 -716.6666666666667
506.66666666666663 -717.5000000000001
505.0 -715.0000000000001
505.8333333333333 -716.6666666666667
505.8333333333333 -716.6666666666667
503.3333333333333 -711.6666666666667
503.3333333333333 -711.6666666666667
502.5 -710.0000000000001
505.8333333333333 -716.6666666666667
505.0 -715.0000000000001
505.0 -715.0000000000001
502.5 -710.0000000000001
505.8333333333333 -716.6666666666667
505.8333333333333 -716.6666666666667
505.0 -715.0000000000001
503.3333333333333 -711.6666666666667
506.66666666666663 -717.5000000000001
503.3333333333333 -711.6666666666667
505.0 -715.0000000000001
503.3333333333333 -711.6666666666667
505.0 -715.0000000000001
506.66666666666663 -717.5000000000001
505.0 -715.0000000000001
505.0 -715.0000000000001
502.5 -710.0000000000001
503.3333333333333 -711.6666666666667
503.3333333333333 -711.6666666666667
502.5 -710.0000000000001
