498.3333333333333 -693.3333333333335
520.8333333333333 -735.8333333333336
520.8333333333333 -735.8333333333336
519.1666666666666 -734.166666666667
502.49999999999994 -703.3333333333334
515.0 -730.0000000000003
501.66666666666663 -700.0000000000001
500.8333333333333 -699.1666666666667
515.0 -730.0000000000003
514.1666666666666 -729.166666666667
512.5 -727.5000000000003
503.3333333333333 -716.6666666666669
503.3333333333333 -716.6666666666669
499.16666666666663 -695.0000000000001
499.16666666666663 -695.0000000000001
507.49999999999994 -722.5000000000002
513.3333333333333 -728.3333333333336
513.3333333333333 -728.3333333333336
507.49999999999994 -722.5000000000002
503.3333333333333 -716.6666666666669
507.49999999999994 -722.5000000000002
513.3333333333333 -728.3333333333336
503.3333333333333 -716.6666666666669
507.49999999999994 -722.5000000000002
513.3333333333333 -728.3333333333336
503.3333333333333 -716.6666666666669
507.49999999999994 -722.5000000000002
513.3333333333333 -728.3333333333336
503.3333333333333 -716.6666666666669
507.49999999999994 -722.5000000000002
513.3333333333333 -728.3333333333336
503.3333333333333 -716.6666666666669
513.3333333333333 -728.3333333333336
503.3333333333333 -716.6666666666669
513.3333333333333 -728.3333333333336
503.3333333333333 -716.6666666666669
513.3333333333333 -728.3333333333336
503.3333333333333 -716.6666666666669
513.3333333333333 -728.3333333333336
503.3333333333333 -716.6666666666669
513.3333333333333 -728.3333333333336
503.3333333333333 -716.6666666666669
513.3333333333333 -728.3333333333336
503.3333333333333 -716.6666666666669
513.3333333333333 -728.3333333333336
513.3333333333333 -728.3333333333336
513.3333333333333 -728.3333333333336
513.3333333333333 -728.3333333333336
513.3333333333333 -728.3333333333336
513.3333333333333 -728.3333333333336
507.49999999999994 -722.5000000000002
519.1666666666666 -734.166666666667
513.3333333333333 -728.3333333333336
507.49999999999994 -722.5000000000002
513.3333333333333 -728.3333333333336
503.3333333333333 -716.6666666666669
512.5 -727.5000000000003
513.3333333333333 -728.3333333333336
515.0 -730.0000000000003
503.3333333333333 -716.6666666666669
513.3333333333333 -728.3333333333336
513.3333333333333 -728.3333333333336
512.5 -727.5000000000003
513.3333333333333 -728.3333333333336
505.8333333333333 -720.8333333333336
516.6666666666666 -731.6666666666667
507.49999999999994 -722.5000000000002
502.5 -715.0000000000002
513.3333333333333 -728.3333333333336
514.1666666666666 -729.166666666667
515.0 -730.0000000000003
503.3333333333333 -716.6666666666669
513.3333333333333 -728.3333333333336
507.49999999999994 -722.5000000000002
511.66666666666663 -726.666666666667
509.16666666666663 -724.166666666667
509.99999999999994 -725.0000000000002
513.3333333333333 -728.3333333333336
502.49999999999994 -703.3333333333334
503.3333333333333 -716.6666666666669
513.3333333333333 -728.3333333333336
513.3333333333333 -728.3333333333336
507.49999999999994 -722.5000000000002
513.3333333333333 -728.3333333333336
513.3333333333333 -728.3333333333336
510.83333333333326 -725.8333333333336
507.49999999999994 -722.5000000000002
513.3333333333333 -728.3333333333336
513.3333333333333 -728.3333333333336
507.49999999999994 -722.5000000000002
503.3333333333333 -716.6666666666669
507.49999999999994 -722.5000000000002
514.1666666666666 -729.166666666667
510.83333333333326 -725.8333333333336
514.1666666666666 -729.166666666667
507.49999999999994 -722.5000000000002
504.16666666666663 -719.166666666667
507.49999999999994 -722.5000000000002
513.3333333333333 -728.3333333333336
503.3333333333333 -716.6666666666669
513.3333333333333 -728.3333333333336
507.49999999999994 -722.5000000000002
507.49999999999994 -722.5000000000002
507.49999999999994 -722.5000000000002
513.3333333333333 -728.3333333333336
513.3333333333333 -728.3333333333336
506.66666666666663 -722.5000000000001
515.0 -730.0000000000003
513.3333333333333 -728.3333333333336
510.83333333333326 -725.8333333333336
512.5 -727.5000000000003
513.3333333333333 -728.3333333333336
508.33333333333326 -723.3333333333335
512.5 -727.5000000000003
520.0 -735.0000000000001
502.5 -715.0000000000002
513.3333333333333 -728.3333333333336
499.99999999999994 -698.3333333333334
513.3333333333333 -728.3333333333336
513.3333333333333 -728.3333333333336
503.3333333333333 -716.6666666666669
502.49999999999994 -703.3333333333334
499.16666666666663 -695.0000000000001
510.83333333333326 -725.8333333333336
513.3333333333333 -728.3333333333336
507.49999999999994 -722.5000000000002
507.49999999999994 -722.5000000000002
517.5 -732.5000000000002
513.3333333333333 -728.3333333333336
513.3333333333333 -728.3333333333336
515.0 -730.0000000000003
