498.3333333333333 -693.3333333333335
520.8333333333333 -735.8333333333336
520.8333333333333 -735.8333333333336
519.1666666666666 -734.166666666667
502.49999999999994 -703.3333333333334
500.8333333333333 -699.1666666666667
499.16666666666663 -695.0000000000001
499.16666666666663 -695.0000000000001
519.1666666666666 -734.166666666667
502.49999999999994 -703.3333333333334
504.16666666666663 -719.166666666667
506.66666666666663 -722.5000000000001
499.99999999999994 -698.3333333333334
502.49999999999994 -703.3333333333334
499.16666666666663 -695.0000000000001
517.5 -732.5000000000002
511.66666666666663 -727.5
502.49999999999994 -703.3333333333334
512.5 -728.3333333333336
504.16666666666663 -719.166666666667
504.16666666666663 -719.166666666667
512.5 -728.3333333333336
507.49999999999994 -723.3333333333336
499.16666666666663 -695.0000000000001
499.16666666666663 -695.0000000000001
502.5 -715.8333333333335
503.3333333333333 -717.5000000000002
504.99999999999994 -720.0000000000003
504.99999999999994 -720.0000000000003
519.1666666666666 -734.166666666667
511.66666666666663 -727.5
503.3333333333333 -717.5000000000002
519.1666666666666 -734.166666666667
504.99999999999994 -720.0000000000003
504.99999999999994 -720.0000000000003
502.5 -715.8333333333335
503.3333333333333 -717.5000000000002
512.5 -728.3333333333336
520.0 -735.0000000000002
517.5 -732.5000000000002
514.1666666666666 -730.0000000000002
504.99999999999994 -720.0000000000003
504.99999999999994 -720.0000000000003
509.16666666666663 -724.1666666666671
518.3333333333333 -733.3333333333335
499.99999999999994 -698.3333333333334
511.66666666666663 -727.5
501.66666666666663 -700.8333333333334
509.99999999999994 -725.0000000000003
513.3333333333333 -729.166666666667
504.99999999999994 -720.0000000000003
502.49999999999994 -703.3333333333334
512.5 -728.3333333333336
503.3333333333333 -717.5000000000002
507.49999999999994 -723.3333333333336
504.99999999999994 -720.0000000000003
504.16666666666663 -719.166666666667
520.8333333333333 -735.8333333333336
516.6666666666666 -731.6666666666669
505.83333333333326 -720.8333333333336
503.3333333333333 -717.5000000000002
504.99999999999994 -720.0000000000003
506.66666666666663 -722.5000000000001
504.16666666666663 -719.166666666667
515.0 -730.8333333333335
519.1666666666666 -734.166666666667
504.99999999999994 -720.0000000000003
512.5 -728.3333333333336
510.83333333333326 -726.6666666666669
519.1666666666666 -734.166666666667
