502.5 -718.3333333333334
503.3333333333333 -720.0
506.66666666666663 -724.166666666667
504.16666666666663 -721.6666666666669
500.8333333333333 -701.6666666666666
505.83333333333326 -723.3333333333336
518.3333333333333 -735.0000000000002
512.5 -730.0000000000002
512.5 -730.0000000000002
504.99999999999994 -722.5000000000003
504.99999999999994 -722.5000000000003
518.3333333333333 -735.0000000000002
502.5 -718.3333333333334
500.8333333333333 -701.6666666666666
512.5 -730.0000000000002
518.3333333333333 -735.0000000000002
518.3333333333333 -735.0000000000002
518.3333333333333 -735.0000000000002
518.3333333333333 -735.0000000000002
518.3333333333333 -735.0000000000002
518.3333333333333 -735.0000000000002
518.3333333333333 -735.0000000000002
518.3333333333333 -735.0000000000002
518.3333333333333 -735.0000000000002
518.3333333333333 -735.0000000000002
518.3333333333333 -735.0000000000002
518.3333333333333 -735.0000000000002
518.3333333333333 -735.0000000000002
498.3333333333333 -696.6666666666666
499.99999999999994 -700.0
499.16666666666663 -698.3333333333334
499.16666666666663 -698.3333333333334
518.3333333333333 -735.0000000000002
501.6666666666666 -701.6666666666667
504.99999999999994 -722.5000000000003
518.3333333333333 -735.0000000000002
518.3333333333333 -735.0000000000002
501.6666666666666 -701.6666666666667
518.3333333333333 -735.0000000000002
499.16666666666663 -698.3333333333334
506.66666666666663 -724.166666666667
499.16666666666663 -698.3333333333334
504.99999999999994 -722.5000000000003
518.3333333333333 -735.0000000000002
512.5 -730.0000000000002
502.49999999999994 -705.0
512.5 -730.0000000000002
518.3333333333333 -735.0000000000002
512.5 -730.0000000000002
512.5 -730.0000000000002
515.0 -734.166666666667
506.66666666666663 -724.166666666667
509.99999999999994 -729.166666666667
518.3333333333333 -735.0000000000002
512.5 -730.0000000000002
504.99999999999994 -722.5000000000003
520.8333333333333 -737.5000000000002
509.99999999999994 -729.166666666667
504.99999999999994 -722.5000000000003
509.16666666666663 -728.3333333333337
501.66666666666663 -703.3333333333334
501.66666666666663 -703.3333333333334
508.33333333333326 -727.5000000000002
515.0 -734.166666666667
500.8333333333333 -701.6666666666666
506.66666666666663 -724.166666666667
518.3333333333333 -735.0000000000002
518.3333333333333 -735.0000000000002
518.3333333333333 -735.0000000000002
518.3333333333333 -735.0000000000002
504.16666666666663 -721.6666666666669
513.3333333333333 -732.5000000000002
512.5 -730.0000000000002
502.49999999999994 -705.0
506.66666666666663 -724.166666666667
519.1666666666666 -735.8333333333335
518.3333333333333 -735.0000000000002
514.1666666666665 -733.3333333333336
507.49999999999994 -726.666666666667
507.49999999999994 -726.666666666667
518.3333333333333 -735.0000000000002
