1080.0 -663.0 
1106.0 -681.0 
1107.0 -670.0 
1091.0 -660.0 
1095.0 -680.0 
1100.0 -678.0 
1085.0 -674.0 
1087.0 -661.0 
1086.0 -675.0 
1083.0 -667.0 
1103.0 -668.0 
1088.0 -662.0 
1084.0 -668.0 
1085.0 -666.0 
1106.0 -667.0 
1104.0 -673.0 
1082.0 -664.0 
1080.0 -672.0 
1080.0 -665.0 
1080.0 -672.0 
1091.0 -677.0 
1091.0 -679.0 
1080.0 -664.0 
1084.0 -660.0 
1082.0 -670.0 
1082.0 -673.0 
1090.0 -678.0 
1080.0 -669.0 
1090.0 -676.0 
1104.0 -677.0 
1082.0 -671.0 
1103.0 -669.0 
1102.0 -674.0 
1102.0 -664.0 
1100.0 -663.0 
1105.0 -672.0 
1103.0 -665.0 
1104.0 -679.0 
1105.0 -671.0 
1096.0 -662.0 
1105.0 -666.0 
1106.0 -675.0 
1104.0 -680.0 
1102.0 -676.0 
1095.0 -661.0 
1091.0 -660.0 
1090.0 -666.0 
1104.0 -673.0 
1096.0 -662.0 
1105.0 -672.0 
1102.0 -674.0 
1101.0 -675.0 
1099.0 -676.0 
1093.0 -677.0 
1089.0 -672.0 
1097.0 -678.0 
1092.0 -674.0 
1098.0 -666.0 
1094.0 -668.0 
1086.0 -674.0 
1083.0 -673.0 
1082.0 -670.0 
1094.0 -675.0 
1092.0 -668.0 
1088.0 -662.0 
1098.0 -670.0 
1089.0 -670.0 
1103.0 -671.0 
1100.0 -665.0 
1105.0 -670.0 
1101.0 -669.0 
1084.0 -670.0 
1102.0 -672.0 
1091.0 -664.0 
1090.0 -676.0 
1093.0 -663.0 
1097.0 -675.0 
1099.0 -670.0 
1087.0 -670.0 
1095.0 -679.0 
1096.0 -670.0 
1106.0 -667.0 
1103.0 -665.0 
1100.0 -663.0 
1095.0 -661.0 
1080.0 -663.0 
1105.0 -671.0 
1105.0 -670.0 
1104.0 -680.0 
1104.0 -679.0 
1102.0 -664.0 
1105.0 -666.0 
1091.0 -660.0 
1105.0 -671.0 
1099.0 -676.0 
1101.0 -669.0 
1104.0 -673.0 
1096.0 -662.0 
1086.0 -674.0 
1083.0 -673.0 
1084.0 -671.0 
1090.0 -665.0 
1098.0 -663.0 
1088.0 -664.0 
1097.0 -678.0 
1094.0 -665.0 
1082.0 -670.0 
1091.0 -676.0 
1099.0 -675.0 
1093.0 -679.0 
1085.0 -670.0 
1092.0 -674.0 
1089.0 -669.0 
1087.0 -670.0 
1101.0 -669.0 
1106.0 -667.0 
1095.0 -661.0 
1080.0 -665.0 
1105.0 -672.0 
1105.0 -666.0 
1102.0 -664.0 
1100.0 -663.0 
1103.0 -665.0 
1105.0 -670.0 
1104.0 -679.0 
1103.0 -680.0 
1091.0 -660.0 
1084.0 -671.0 
1104.0 -679.0 
1101.0 -669.0 
1096.0 -662.0 
1099.0 -676.0 
1097.0 -664.0 
1090.0 -675.0 
1083.0 -673.0 
1103.0 -670.0 
1086.0 -674.0 
1087.0 -670.0 
1089.0 -671.0 
1098.0 -670.0 
1102.0 -672.0 
1088.0 -663.0 
1082.0 -670.0 
1084.0 -670.0 
1091.0 -669.0 
1085.0 -670.0 
1100.0 -675.0 
1093.0 -675.0 
1092.0 -674.0 
1094.0 -675.0 
1096.0 -664.0 
1106.0 -667.0 
1105.0 -670.0 
1080.0 -663.0 
1105.0 -672.0 
1103.0 -680.0 
1100.0 -675.0 
1095.0 -661.0 
1103.0 -665.0 
1100.0 -663.0 
1105.0 -666.0 
1104.0 -673.0 
1091.0 -660.0 
1088.0 -668.0 
1104.0 -679.0 
1096.0 -662.0 
1101.0 -669.0 
1099.0 -676.0 
1102.0 -672.0 
1083.0 -673.0 
1097.0 -669.0 
1085.0 -670.0 
1088.0 -668.0 
1094.0 -665.0 
1091.0 -676.0 
1099.0 -678.0 
1096.0 -667.0 
1095.0 -674.0 
1103.0 -670.0 
1082.0 -670.0 
1092.0 -668.0 
1089.0 -669.0 
1087.0 -671.0 
1093.0 -677.0 
1090.0 -663.0 
1100.0 -668.0 
1098.0 -663.0 
1106.0 -667.0 
1095.0 -661.0 
1104.0 -673.0 
1103.0 -680.0 
1103.0 -665.0 
1105.0 -666.0 
1100.0 -675.0 
1100.0 -663.0 
1105.0 -670.0 
1091.0 -660.0 
1106.0 -667.0 
1104.0 -673.0 
1101.0 -669.0 
1103.0 -671.0 
1099.0 -676.0 
1096.0 -662.0 
1083.0 -673.0 
1093.0 -663.0 
1092.0 -668.0 
1084.0 -670.0 
1082.0 -670.0 
1094.0 -675.0 
1101.0 -667.0 
1098.0 -663.0 
1088.0 -668.0 
1097.0 -666.0 
1096.0 -667.0 
1085.0 -670.0 
1090.0 -672.0 
1102.0 -670.0 
1099.0 -664.0 
1103.0 -671.0 
1087.0 -667.0 
1089.0 -668.0 
1100.0 -665.0 
1102.0 -668.0 
1080.0 -663.0 
1088.0 -675.0 
1085.0 -667.0 
1100.0 -664.0 
1105.0 -666.0 
1105.0 -670.0 
1100.0 -663.0 
1095.0 -661.0 
1103.0 -680.0 
1104.0 -679.0 
1103.0 -665.0 
1100.0 -675.0 
1091.0 -660.0 
1104.0 -673.0 
1101.0 -669.0 
1087.0 -670.0 
1085.0 -669.0 
1099.0 -676.0 
1096.0 -662.0 
1095.0 -661.0 
1083.0 -673.0 
1082.0 -664.0 
1092.0 -674.0 
1093.0 -675.0 
1089.0 -671.0 
1091.0 -669.0 
1084.0 -660.0 
1090.0 -670.0 
1100.0 -667.0 
1103.0 -670.0 
1085.0 -663.0 
1094.0 -675.0 
1087.0 -670.0 
1097.0 -669.0 
1088.0 -663.0 
1095.0 -670.0 
1099.0 -675.0 
1096.0 -664.0 
1098.0 -665.0 
1105.0 -670.0 
1105.0 -666.0 
1080.0 -665.0 
1100.0 -663.0 
1101.0 -667.0 
1103.0 -665.0 
1100.0 -675.0 
1100.0 -679.0 
1103.0 -671.0 
1100.0 -664.0 
1100.0 -668.0 
1095.0 -679.0 
1105.0 -666.0 
1091.0 -660.0 
1104.0 -673.0 
1103.0 -665.0 
1101.0 -669.0 
1085.0 -669.0 
1099.0 -676.0 
1096.0 -662.0 
1082.0 -670.0 
1097.0 -666.0 
1083.0 -673.0 
1087.0 -670.0 
1090.0 -665.0 
1089.0 -669.0 
1094.0 -675.0 
1093.0 -675.0 
1102.0 -672.0 
1088.0 -669.0 
1092.0 -668.0 
1099.0 -678.0 
1095.0 -663.0 
1098.0 -663.0 
1096.0 -665.0 
1103.0 -670.0 
1100.0 -677.0 
1084.0 -670.0 
