381 -1164.9466666666667 300
382 -1164.9466666666667 300
383 -1164.87 300
384 -1164.7133333333334 300
385 -1164.4666666666667 300
386 -1163.8633333333332 300
387 -1164.8766666666668 300
388 -1164.7866666666666 300
389 -1164.74 300
390 -1164.56 300
391 -1164.7533333333333 300
392 -1164.76 300
393 -1164.6666666666667 300
394 -1164.6133333333332 300
395 -1164.6 300
396 -1164.7 300
397 -1164.63 300
398 -1164.54 300
399 -1164.4 300
400 -1164.1866666666667 300
401 -1163.61 300
402 -1163.19 300
403 -1162.0466666666666 300
404 -1161.17 300
405 -1163.0166666666667 300
406 -1163.3833333333334 300
407 -1162.7633333333333 300
408 -1161.0766666666666 300
409 -1159.0333333333333 300
410 -1155.9166666666667 300
411 -1155.8933333333334 300
412 -1155.37 300
413 -1155.24 300
414 -1154.9766666666667 300
415 -1154.5933333333332 300
416 -1153.9533333333334 300
417 -1152.4266666666667 300
418 -1149.3033333333333 300
419 -1144.6066666666666 300
420 -1142.5666666666666 300
421 -1142.6033333333332 300
422 -1142.6 300
423 -1142.8833333333334 300
424 -1143.2533333333333 300
425 -1143.5166666666667 300
426 -1143.48 300
427 -1142.44 300
428 -1144.99 300
429 -1145.7733333333333 300
430 -1146.12 300
431 -1152.63 300
432 -1152.63 300
433 -1152.5433333333333 300
434 -1152.4533333333334 300
435 -1152.0566666666666 300
436 -1151.68 300
437 -1151.15 300
438 -1148.77 300
439 -1146.8166666666666 300
440 -1142.9066666666668 300
441 -1139.3833333333334 300
442 -1134.9366666666667 300
443 -1135.1033333333332 300
444 -1135.78 300
445 -1136.02 300
446 -1136.51 300
447 -1136.9933333333333 300
448 -1137.5333333333333 300
449 -1134.41 300
450 -1119.86 300
451 -1119.47 300
452 -1119.84 300
453 -1119.92 300
454 -1120.5633333333333 300
455 -1121.2533333333333 300
456 -1120.28 300
457 -1123.6233333333332 300
458 -1121.2466666666667 300
459 -1115.26 300
460 -1119.2366666666667 300
461 -1116.6366666666668 300
462 -1115.5466666666666 300
463 -1115.4133333333334 300
464 -1114.6666666666667 300
465 -1113.5 300
466 -1110.15 300
467 -1107.2266666666667 300
468 -1108.9733333333334 300
469 -1111.2533333333333 300
470 -1107.5133333333333 300
471 -1109.3366666666666 300
472 -1112.3033333333333 300
473 -1113.79 300
474 -1113.13 300
475 -1111.5066666666667 300
476 -1113.3566666666666 300
477 -1114.86 300
478 -1113.58 300
479 -1110.73 300
480 -1107.5866666666666 300
481 -1106.0466666666666 300
482 -1103.69 300
483 -1101.53 300
484 -1098.3733333333332 300
485 -1089.4033333333334 300
486 -1089.0033333333333 300
487 -1087.2866666666666 300
488 -1084.32 300
489 -1080.9266666666667 300
490 -1081.0133333333333 300
491 -1081.41 300
492 -1081.7133333333334 300
493 -1082.0166666666667 300
494 -1082.6233333333332 300
495 -1082.0733333333333 300
496 -1078.6366666666668 300
497 -1078.5933333333332 300
498 -1078.6033333333332 300
499 -1078.51 300
500 -1078.4166666666667 300
501 -1078.6033333333332 300
502 -1078.1166666666666 300
503 -1078.1366666666668 300
504 -1077.33 300
505 -1076.3966666666668 300
506 -1076.33 300
507 -1075.9633333333334 300
508 -1075.7066666666667 300
509 -1075.6733333333334 300
510 -1075.8766666666668 300
511 -1075.8633333333332 300
512 -1075.9433333333334 300
513 -1076.0 300
514 -1076.0666666666666 300
515 -1075.9233333333334 300
516 -1075.9433333333334 300
517 -1075.9933333333333 300
518 -1075.7666666666667 300
519 -1075.3533333333332 300
520 -1075.2266666666667 300
521 -1074.8066666666666 300
522 -1073.7966666666666 300
523 -1071.44 300
524 -1068.7133333333334 300
525 -1070.1166666666666 300
526 -1072.1733333333334 300
527 -1073.4466666666667 300
528 -1072.4833333333333 300
529 -1069.5766666666666 300
530 -1066.11 300
531 -1061.9066666666668 300
532 -1060.0866666666666 300
533 -1057.5866666666666 300
534 -1051.2233333333334 300
535 -1042.3066666666666 300
536 -1042.3933333333334 300
537 -1041.78 300
538 -1041.9133333333334 300
539 -1041.7033333333334 300
540 -1041.53 300
541 -1041.5933333333332 300
542 -1041.5766666666666 300
543 -1042.2266666666667 300
544 -1041.8133333333333 300
545 -1040.36 300
546 -1039.8066666666666 300
547 -1042.8933333333334 300
548 -1043.3066666666666 300
549 -1042.45 300
550 -1041.4566666666667 300
551 -1043.8433333333332 300
552 -1047.08 300
553 -1048.7633333333333 300
554 -1049.56 300
555 -1039.8966666666668 300
556 -1041.7233333333334 300
557 -1041.77 300
558 -1041.86 300
559 -1041.39 300
560 -1040.7866666666666 300
561 -1040.06 300
562 -1037.6166666666666 300
563 -1036.32 300
564 -1037.18 300
565 -1037.4333333333334 300
566 -1038.3633333333332 300
567 -1039.01 300
568 -1040.6833333333334 300
569 -1043.0966666666666 300
570 -1046.6633333333334 300
571 -1049.99 300
572 -1052.39 300
573 -1056.0066666666667 300
574 -1059.96 300
575 -1060.1466666666668 300
576 -1058.53 300
577 -1050.88 300
578 -1051.93 300
579 -1053.6866666666667 300
580 -1048.59 300
581 -1049.38 300
582 -1039.5266666666666 300
583 -1038.6366666666668 300
584 -1038.5933333333332 300
585 -1038.55 300
586 -1038.6033333333332 300
587 -1036.64 300
588 -1036.5433333333333 300
589 -1036.3066666666666 300
590 -1035.93 300
591 -1035.0633333333333 300
592 -1034.22 300
593 -1032.68 300
594 -1029.5033333333333 300
595 -1021.38 300
596 -1021.0333333333333 300
597 -1018.8566666666667 300
598 -1019.3733333333333 300
599 -1020.1466666666666 300
600 -1021.2066666666667 300
601 -1022.1833333333333 300
602 -1022.69 300
603 -1023.5833333333334 300
604 -1024.48 300
605 -1026.1366666666668 300
606 -1022.0266666666666 300
607 -1019.36 300
608 -1019.3333333333334 300
609 -1017.0933333333334 300
610 -1018.14 300
611 -1020.2933333333333 300
612 -1022.4666666666667 300
613 -1023.4833333333333 300
614 -1017.2266666666667 300
615 -1016.8366666666667 300
616 -1016.88 300
617 -1014.93 300
618 -1014.9766666666667 300
619 -1014.9066666666666 300
620 -1014.9066666666666 300
621 -1014.7133333333334 300
622 -1014.4833333333333 300
623 -1014.4833333333333 300
624 -1014.4833333333333 300
625 -1014.18 300
626 -1014.18 300
627 -1014.18 300
628 -1014.18 300
629 -1014.18 300
630 -1014.0933333333334 300
631 -1013.9533333333334 300
632 -1013.8566666666667 300
633 -1013.8033333333333 300
634 -1013.8466666666667 300
635 -1013.89 300
636 -1013.89 300
637 -1013.89 300
638 -1013.9 300
639 -1013.9 300
640 -1014.0833333333334 300
641 -1014.1266666666667 300
642 -1014.0733333333334 300
643 -1014.15 300
644 -1014.2833333333333 300
645 -1014.77 300
646 -1015.02 300
647 -1014.5633333333334 300
648 -1013.6033333333334 300
649 -1013.1633333333333 300
650 -1013.7366666666667 300
651 -1015.3333333333334 300
652 -1015.2366666666667 300
653 -1014.99 300
654 -1014.6433333333333 300
655 -1014.2766666666666 300
656 -1013.9466666666667 300
657 -1013.27 300
658 -1011.6166666666667 300
659 -1007.17 300
660 -998.08 300
661 -998.1733333333333 300
662 -998.16 300
663 -998.0466666666666 300
664 -998.61 300
665 -999.2866666666666 300
666 -999.1566666666666 300
667 -999.72 300
668 -999.9433333333334 300
669 -998.46 300
670 -998.0733333333334 300
671 -995.8433333333334 300
672 -998.12 300
673 -999.6 300
674 -999.2633333333333 300
675 -998.0933333333334 300
676 -995.5966666666667 300
677 -991.0133333333333 300
678 -988.8533333333334 300
679 -988.7666666666667 300
680 -988.1733333333333 300
681 -986.97 300
682 -984.1733333333333 300
683 -976.47 300
684 -976.5133333333333 300
685 -976.5566666666666 300
686 -977.7266666666667 300
687 -979.66 300
688 -981.9133333333333 300
689 -985.6333333333333 300
690 -985.0266666666666 300
691 -983.4666666666667 300
692 -979.79 300
693 -979.2266666666667 300
694 -974.4266666666666 300
695 -974.5166666666667 300
696 -974.1 300
697 -973.8833333333333 300
698 -974.0566666666666 300
699 -974.0566666666666 300
700 -974.0566666666666 300
701 -973.6633333333333 300
702 -973.84 300
703 -973.84 300
704 -973.8833333333333 300
705 -974.0566666666666 300
706 -974.1433333333333 300
707 -974.4466666666667 300
708 -974.75 300
709 -975.4733333333334 300
710 -976.0466666666666 300
711 -976.87 300
712 -977.2566666666667 300
713 -976.64 300
714 -973.8233333333334 300
715 -973.81 300
716 -973.5933333333334 300
717 -973.24 300
718 -973.1166666666667 300
719 -973.6966666666667 300
720 -973.7433333333333 300
721 -973.6066666666667 300
722 -973.6666666666666 300
723 -973.8333333333334 300
724 -973.5833333333334 300
725 -973.85 300
726 -972.9866666666667 300
727 -971.0 300
728 -966.37 300
729 -962.5366666666666 300
730 -962.5833333333334 300
731 -962.4533333333334 300
732 -962.3966666666666 300
733 -962.2666666666667 300
734 -962.14 300
735 -960.9233333333333 300
736 -958.0533333333333 300
737 -956.9033333333333 300
738 -959.7166666666667 300
739 -963.29 300
740 -968.2 300
741 -974.25 300
742 -980.8166666666667 300
743 -980.8966666666666 300
744 -984.0433333333333 300
745 -976.94 300
746 -963.1 300
747 -963.19 300
748 -963.28 300
749 -963.47 300
750 -963.66 300
751 -963.75 300
752 -963.93 300
753 -964.02 300
754 -964.21 300
755 -964.3 300
756 -964.62 300
757 -965.0266666666666 300
758 -965.1166666666667 300
759 -965.1166666666667 300
760 -965.1633333333333 300
761 -960.5366666666666 300
762 -960.5366666666666 300
763 -960.4933333333333 300
764 -960.58 300
765 -960.4933333333333 300
766 -960.4933333333333 300
767 -960.1866666666666 300
768 -959.62 300
769 -958.66 300
770 -956.4366666666666 300
771 -953.6433333333333 300
772 -953.4233333333333 300
773 -954.0833333333334 300
774 -955.31 300
775 -954.1233333333333 300
776 -954.0866666666667 300
777 -955.33 300
778 -951.44 300
779 -951.78 300
780 -952.1233333333333 300
781 -953.11 300
782 -948.9966666666667 300
783 -949.17 300
784 -949.3433333333334 300
785 -949.7333333333333 300
786 -950.6433333333333 300
787 -952.16 300
788 -954.59 300
789 -956.7533333333333 300
790 -956.3633333333333 300
791 -958.8333333333334 300
792 -959.44 300
793 -959.8766666666667 300
794 -959.92 300
795 -959.92 300
796 -960.0066666666667 300
797 -960.05 300
798 -959.92 300
799 -960.02 300
800 -960.02 300
801 -960.02 300
802 -960.02 300
803 -959.9766666666667 300
804 -960.0766666666667 300
805 -959.8866666666667 300
806 -959.8866666666667 300
807 -959.93 300
808 -959.93 300
809 -959.9733333333334 300
810 -960.07 300
811 -960.07 300
812 -960.1133333333333 300
813 -960.0266666666666 300
814 -959.9833333333333 300
815 -959.8933333333333 300
816 -959.9533333333334 300
817 -959.9333333333333 300
818 -959.8766666666667 300
819 -959.93 300
820 -959.93 300
821 -959.93 300
822 -959.93 300
823 -959.9266666666666 300
824 -959.9233333333333 300
825 -959.93 300
826 -959.93 300
827 -960.0266666666666 300
828 -960.0266666666666 300
829 -959.8766666666667 300
830 -959.8733333333333 300
831 -960.1166666666667 300
832 -959.3133333333334 300
833 -959.41 300
834 -959.2166666666667 300
835 -959.2166666666667 300
836 -959.2166666666667 300
837 -959.0766666666667 300
838 -959.0333333333333 300
839 -958.9466666666667 300
840 -958.7733333333333 300
841 -958.9866666666667 300
842 -958.9866666666667 300
843 -958.7266666666667 300
844 -958.2 300
845 -957.2033333333334 300
846 -956.39 300
847 -953.8333333333334 300
848 -957.6466666666666 300
849 -958.08 300
850 -958.1666666666666 300
851 -957.7333333333333 300
852 -957.56 300
853 -956.6933333333334 300
854 -955.3166666666667 300
855 -953.8366666666667 300
856 -957.3433333333334 300
857 -957.1266666666667 300
858 -956.91 300
859 -955.9066666666666 300
860 -954.5166666666667 300
861 -953.9066666666666 300
862 -950.94 300
863 -945.2033333333334 300
864 -943.12 300
865 -939.3833333333333 300
866 -934.83 300
867 -929.4766666666667 300
868 -926.62 300
869 -927.5166666666667 300
870 -928.6733333333333 300
871 -930.94 300
872 -934.12 300
873 -938.02 300
874 -938.3966666666666 300
875 -938.7333333333333 300
876 -938.9633333333334 300
877 -939.2533333333333 300
878 -939.74 300
879 -940.3366666666667 300
880 -940.7233333333334 300
881 -939.0566666666666 300
882 -939.1266666666667 300
883 -939.26 300
884 -940.0933333333334 300
885 -940.98 300
886 -941.9133333333333 300
887 -944.03 300
888 -947.5766666666667 300
889 -945.7466666666667 300
890 -945.8866666666667 300
891 -945.93 300
892 -945.94 300
893 -944.7266666666667 300
894 -944.6833333333333 300
895 -944.4533333333334 300
896 -944.28 300
897 -943.8766666666667 300
898 -943.4 300
899 -942.7366666666667 300
900 -944.3033333333333 300
901 -944.3033333333333 300
902 -944.3033333333333 300
903 -944.3633333333333 300
904 -944.3633333333333 300
905 -944.3633333333333 300
906 -944.3633333333333 300
907 -944.4066666666666 300
908 -944.4966666666667 300
909 -944.4966666666667 300
910 -944.54 300
911 -944.6266666666667 300
912 -944.67 300
913 -944.7566666666667 300
914 -944.7566666666667 300
915 -944.8 300
916 -944.8 300
917 -944.8 300
918 -944.7566666666667 300
919 -944.8 300
920 -944.7566666666667 300
921 -944.8 300
922 -944.93 300
923 -944.7 300
924 -944.7333333333333 300
925 -944.95 300
926 -944.95 300
927 -945.0366666666666 300
928 -945.23 300
929 -945.23 300
930 -945.3266666666667 300
931 -945.5633333333334 300
932 -945.52 300
933 -945.55 300
934 -945.68 300
935 -945.68 300
936 -945.7266666666667 300
937 -945.77 300
938 -945.8566666666667 300
939 -945.8566666666667 300
940 -946.0733333333334 300
941 -946.16 300
942 -946.0466666666666 300
943 -944.65 300
944 -944.4733333333334 300
945 -944.47 300
946 -944.34 300
947 -944.3366666666667 300
948 -944.3333333333334 300
949 -944.33 300
950 -944.3266666666667 300
951 -944.32 300
952 -944.32 300
953 -944.3566666666667 300
954 -944.3633333333333 300
955 -944.3133333333334 300
956 -944.3166666666667 300
957 -944.3966666666666 300
958 -944.3666666666667 300
959 -944.3633333333333 300
960 -944.36 300
961 -944.3566666666667 300
962 -944.3866666666667 300
963 -944.3666666666667 300
964 -944.3133333333334 300
965 -944.2533333333333 300
966 -944.1766666666666 300
967 -944.0266666666666 300
968 -944.06 300
969 -944.11 300
970 -944.1833333333333 300
971 -944.2666666666667 300
972 -944.5266666666666 300
973 -944.59 300
974 -944.88 300
975 -945.3066666666666 300
976 -945.6566666666666 300
977 -945.7633333333333 300
978 -945.9933333333333 300
979 -944.43 300
980 -944.4733333333334 300
981 -944.4733333333334 300
982 -944.47 300
983 -944.47 300
984 -944.4566666666667 300
985 -944.3966666666666 300
986 -944.3866666666667 300
987 -944.6 300
988 -944.6566666666666 300
989 -944.5233333333333 300
990 -944.1966666666667 300
991 -943.8933333333333 300
992 -943.7866666666666 300
993 -943.71 300
994 -943.71 300
995 -943.7533333333333 300
996 -943.8 300
997 -943.7966666666666 300
998 -943.8433333333334 300
999 -943.8433333333334 300
1000 -943.5866666666667 300
1001 -943.5866666666667 300
1002 -943.5866666666667 300
1003 -943.59 300
1004 -943.59 300
1005 -943.5933333333334 300
1006 -943.5966666666667 300
1007 -943.5966666666667 300
1008 -943.5966666666667 300
1009 -943.5966666666667 300
1010 -943.6433333333333 300
1011 -943.6866666666666 300
1012 -943.6866666666666 300
1013 -943.6866666666666 300
1014 -943.6433333333333 300
1015 -943.6833333333333 300
1016 -943.68 300
1017 -943.7666666666667 300
1018 -943.8566666666667 300
1019 -943.8966666666666 300
1020 -944.33 300
1021 -944.94 300
1022 -945.8166666666667 300
1023 -947.04 300
1024 -943.6166666666667 300
1025 -941.6633333333333 300
1026 -940.5833333333334 300
1027 -939.01 300
1028 -941.6533333333333 300
1029 -943.82 300
1030 -943.8633333333333 300
1031 -943.5666666666667 300
1032 -943.5233333333333 300
1033 -943.5233333333333 300
1034 -943.5766666666667 300
1035 -943.5333333333333 300
1036 -943.3166666666667 300
1037 -942.97 300
1038 -942.2766666666666 300
1039 -940.9333333333333 300
1040 -940.8033333333333 300
1041 -938.4766666666667 300
1042 -939.04 300
1043 -939.3866666666667 300
1044 -939.7766666666666 300
1045 -938.19 300
1046 -933.6366666666667 300
1047 -933.7666666666667 300
1048 -932.1633333333333 300
1049 -932.5566666666666 300
1050 -933.3366666666667 300
1051 -934.29 300
1052 -935.6333333333333 300
1053 -938.1466666666666 300
1054 -938.0666666666667 300
1055 -938.11 300
1056 -933.5066666666667 300
1057 -933.8233333333334 300
1058 -934.3033333333333 300
1059 -934.91 300
1060 -935.4766666666667 300
1061 -936.2766666666666 300
1062 -933.7866666666666 300
1063 -934.1366666666667 300
1064 -934.4833333333333 300
1065 -932.1466666666666 300
1066 -932.0533333333333 300
1067 -931.85 300
1068 -931.51 300
1069 -930.67 300
1070 -929.4 300
1071 -926.9233333333333 300
1072 -924.0766666666667 300
1073 -922.1466666666666 300
1074 -921.4833333333333 300
1075 -920.41 300
1076 -919.1066666666667 300
1077 -919.24 300
1078 -919.33 300
1079 -919.33 300
1080 -919.29 300
1081 -919.2066666666667 300
1082 -919.0366666666666 300
1083 -918.6166666666667 300
1084 -917.71 300
1085 -915.6333333333333 300
1086 -911.4733333333334 300
1087 -910.5166666666667 300
1088 -911.0 300
1089 -911.26 300
1090 -911.48 300
1091 -911.8366666666667 300
1092 -912.97 300
1093 -913.3633333333333 300
1094 -913.2066666666667 300
1095 -910.5266666666666 300
1096 -911.49 300
1097 -910.6333333333333 300
1098 -905.7433333333333 300
1099 -907.1366666666667 300
1100 -908.03 300
1101 -911.5466666666666 300
1102 -911.7266666666667 300
1103 -911.5633333333334 300
1104 -910.7066666666667 300
1105 -909.6133333333333 300
1106 -907.89 300
1107 -910.89 300
1108 -912.4133333333333 300
1109 -916.38 300
1110 -917.5233333333333 300
1111 -919.89 300
1112 -922.8933333333333 300
1113 -916.0466666666666 300
1114 -916.65 300
1115 -916.6466666666666 300
1116 -916.6433333333333 300
1117 -916.6366666666667 300
1118 -916.67 300
1119 -916.68 300
1120 -916.6166666666667 300
1121 -916.5566666666666 300
1122 -916.3166666666667 300
1123 -916.2166666666667 300
1124 -916.2133333333334 300
1125 -916.2266666666667 300
1126 -916.2366666666667 300
1127 -916.2466666666667 300
1128 -916.3733333333333 300
1129 -916.2966666666666 300
1130 -916.1933333333334 300
1131 -916.02 300
1132 -915.71 300
1133 -915.7333333333333 300
1134 -914.9066666666666 300
1135 -913.9133333333333 300
1136 -912.5733333333334 300
1137 -910.2633333333333 300
1138 -904.5633333333334 300
1139 -904.52 300
1140 -904.35 300
1141 -904.1333333333333 300
1142 -903.8266666666667 300
1143 -903.1766666666666 300
1144 -901.3566666666667 300
1145 -897.8866666666667 300
1146 -897.0566666666666 300
1147 -897.0166666666667 300
1148 -896.9733333333334 300
1149 -897.0566666666666 300
1150 -896.79 300
1151 -896.46 300
1152 -896.8533333333334 300
1153 -895.6 300
1154 -896.4333333333333 300
1155 -896.7066666666667 300
1156 -896.9066666666666 300
1157 -897.0366666666666 300
1158 -897.3833333333333 300
1159 -898.04 300
1160 -900.2066666666667 300
1161 -901.4633333333334 300
1162 -901.55 300
1163 -901.7166666666667 300
1164 -902.1066666666667 300
1165 -902.0533333333333 300
1166 -902.0133333333333 300
1167 -903.0633333333334 300
1168 -903.2366666666667 300
1169 -903.02 300
1170 -902.6833333333333 300
1171 -901.5566666666666 300
1172 -902.5433333333333 300
1173 -902.6733333333333 300
1174 -902.63 300
1175 -902.8466666666667 300
1176 -902.9333333333333 300
1177 -902.7466666666667 300
1178 -902.5266666666666 300
1179 -902.44 300
1180 -901.8266666666667 300
1181 -900.92 300
1182 -900.7466666666667 300
1183 -900.2266666666667 300
1184 -898.3633333333333 300
1185 -898.45 300
1186 -898.4066666666666 300
1187 -898.4933333333333 300
1188 -898.5366666666666 300
1189 -898.6233333333333 300
1190 -898.7533333333333 300
1191 -898.97 300
1192 -899.4133333333333 300
1193 -899.89 300
1194 -900.4 300
1195 -900.6733333333333 300
1196 -899.6033333333334 300
1197 -898.6266666666667 300
1198 -897.45 300
1199 -899.3266666666667 300
1200 -898.7733333333333 300
1201 -898.86 300
1202 -899.0333333333333 300
1203 -899.2066666666667 300
1204 -899.2933333333333 300
1205 -899.5966666666667 300
1206 -900.2033333333334 300
1207 -900.7666666666667 300
1208 -899.5966666666667 300
1209 -899.1166666666667 300
1210 -899.8033333333333 300
1211 -900.3166666666667 300
1212 -900.8233333333334 300
1213 -899.3733333333333 300
1214 -900.15 300
1215 -901.9766666666667 300
1216 -901.0533333333333 300
1217 -902.9066666666666 300
1218 -902.9066666666666 300
1219 -902.9066666666666 300
1220 -902.82 300
1221 -902.7866666666666 300
1222 -902.3966666666666 300
1223 -901.8333333333334 300
1224 -900.88 300
1225 -899.2233333333334 300
1226 -898.5966666666667 300
1227 -898.6833333333333 300
1228 -898.7266666666667 300
1229 -898.3366666666667 300
1230 -898.1566666666666 300
1231 -897.9366666666666 300
1232 -897.45 300
1233 -897.0166666666667 300
1234 -895.7766666666666 300
1235 -894.07 300
1236 -890.09 300
1237 -881.06 300
1238 -869.4233333333333 300
1239 -869.4233333333333 300
1240 -869.4233333333333 300
1241 -869.3833333333333 300
1242 -869.43 300
1243 -869.5 300
1244 -869.5466666666666 300
1245 -869.55 300
1246 -869.55 300
1247 -869.56 300
1248 -869.44 300
1249 -869.25 300
1250 -869.0033333333333 300
1251 -868.1266666666667 300
1252 -866.09 300
1253 -863.3566666666667 300
1254 -863.5333333333333 300
1255 -861.9633333333334 300
1256 -862.06 300
1257 -862.1466666666666 300
1258 -862.28 300
1259 -861.9033333333333 300
1260 -861.21 300
1261 -859.4633333333334 300
1262 -858.97 300
1263 -859.1233333333333 300
1264 -858.1266666666667 300
1265 -858.0833333333334 300
1266 -858.1966666666667 300
1267 -858.1533333333333 300
1268 -858.1133333333333 300
1269 -858.07 300
1270 -857.69 300
1271 -856.9866666666667 300
1272 -854.9933333333333 300
1273 -851.4933333333333 300
1274 -850.4533333333334 300
1275 -851.4066666666666 300
1276 -852.8833333333333 300
1277 -855.7 300
1278 -854.4833333333333 300
1279 -857.41 300
1280 -857.2366666666667 300
1281 -856.1866666666666 300
1282 -854.15 300
1283 -854.5833333333334 300
1284 -850.5966666666667 300
1285 -849.5133333333333 300
1286 -850.0766666666667 300
1287 -850.7966666666666 300
1288 -851.4466666666667 300
1289 -851.36 300
1290 -850.0 300
1291 -850.2433333333333 300
1292 -850.53 300
1293 -850.8766666666667 300
1294 -851.4866666666667 300
1295 -852.31 300
1296 -853.3333333333334 300
1297 -853.8166666666667 300
1298 -851.5933333333334 300
1299 -852.3333333333334 300
1300 -853.4666666666667 300
1301 -854.8166666666667 300
1302 -856.25 300
1303 -855.9766666666667 300
1304 -854.51 300
1305 -852.84 300
1306 -853.71 300
1307 -854.9266666666666 300
1308 -852.54 300
1309 -854.54 300
1310 -853.9233333333333 300
1311 -852.92 300
1312 -852.7433333333333 300
1313 -849.3066666666666 300
1314 -845.9166666666666 300
1315 -845.96 300
1316 -845.96 300
1317 -846.0 300
1318 -846.0866666666667 300
1319 -846.0866666666667 300
1320 -846.0866666666667 300
1321 -846.1733333333333 300
1322 -846.2833333333333 300
1323 -846.33 300
1324 -846.4433333333334 300
1325 -846.5366666666666 300
1326 -846.6433333333333 300
1327 -846.7866666666666 300
1328 -846.9933333333333 300
1329 -847.29 300
1330 -847.33 300
1331 -847.37 300
1332 -847.41 300
1333 -847.45 300
1334 -847.49 300
1335 -847.4466666666667 300
1336 -847.6 300
1337 -847.6733333333333 300
1338 -847.7133333333334 300
1339 -847.93 300
1340 -848.1033333333334 300
1341 -848.0066666666667 300
1342 -848.0833333333334 300
1343 -848.2 300
1344 -848.2766666666666 300
1345 -848.25 300
1346 -846.95 300
1347 -846.9866666666667 300
1348 -847.0633333333334 300
1349 -847.2 300
1350 -847.2366666666667 300
1351 -846.8733333333333 300
1352 -846.8733333333333 300
1353 -846.83 300
1354 -846.8233333333334 300
1355 -846.82 300
1356 -846.8133333333334 300
1357 -846.78 300
1358 -846.5933333333334 300
1359 -845.7166666666667 300
1360 -844.4366666666666 300
1361 -841.4033333333333 300
1362 -841.26 300
1363 -841.47 300
1364 -841.4433333333334 300
1365 -841.6966666666667 300
1366 -842.8533333333334 300
1367 -845.18 300
1368 -845.8666666666667 300
1369 -845.8233333333334 300
1370 -845.9033333333333 300
1371 -845.8533333333334 300
1372 -845.5666666666667 300
1373 -845.4833333333333 300
1374 -845.3533333333334 300
1375 -845.22 300
1376 -845.17 300
1377 -843.2633333333333 300
1378 -842.13 300
1379 -842.2966666666666 300
1380 -842.2533333333333 300
1381 -842.3333333333334 300
1382 -837.48 300
1383 -837.61 300
1384 -837.61 300
1385 -837.6533333333333 300
1386 -837.74 300
1387 -837.7833333333333 300
1388 -837.87 300
1389 -837.9566666666667 300
1390 -837.87 300
1391 -838.0 300
1392 -838.0433333333333 300
1393 -838.0 300
1394 -838.1733333333333 300
1395 -838.3033333333333 300
1396 -839.2566666666667 300
1397 -839.9366666666666 300
1398 -840.11 300
1399 -840.11 300
1400 -840.1533333333333 300
1401 -840.2833333333333 300
1402 -840.3266666666667 300
1403 -840.37 300
1404 -838.81 300
1405 -838.16 300
1406 -838.29 300
1407 -838.5066666666667 300
1408 -837.5533333333333 300
1409 -837.64 300
1410 -837.64 300
1411 -837.77 300
1412 -837.8566666666667 300
1413 -837.9433333333334 300
1414 -838.03 300
1415 -838.0733333333334 300
1416 -838.16 300
1417 -838.3766666666667 300
1418 -838.42 300
1419 -838.4633333333334 300
1420 -840.2833333333333 300
1421 -842.4066666666666 300
1422 -842.4066666666666 300
1423 -842.2333333333333 300
1424 -842.1466666666666 300
1425 -842.1033333333334 300
1426 -841.93 300
1427 -841.9733333333334 300
1428 -841.8866666666667 300
1429 -841.7566666666667 300
1430 -841.6266666666667 300
1431 -841.7566666666667 300
1432 -841.67 300
1433 -841.67 300
1434 -841.4966666666667 300
1435 -839.73 300
1436 -837.42 300
1437 -837.5066666666667 300
1438 -837.5066666666667 300
1439 -837.68 300
1440 -837.7233333333334 300
1441 -837.8933333333333 300
1442 -837.98 300
1443 -838.0233333333333 300
1444 -838.11 300
1445 -838.02 300
1446 -838.1966666666667 300
1447 -838.1933333333334 300
1448 -838.3666666666667 300
1449 -838.7966666666666 300
1450 -838.7966666666666 300
1451 -838.88 300
1452 -838.92 300
1453 -838.96 300
1454 -839.0433333333333 300
1455 -836.7733333333333 300
1456 -837.34 300
1457 -837.51 300
1458 -837.77 300
1459 -837.86 300
1460 -837.9033333333333 300
1461 -837.9466666666667 300
1462 -838.0733333333334 300
1463 -838.1133333333333 300
1464 -838.1633333333333 300
1465 -838.25 300
1466 -838.29 300
1467 -838.4166666666666 300
1468 -834.5466666666666 300
1469 -834.5866666666667 300
1470 -834.54 300
1471 -834.58 300
1472 -834.62 300
1473 -834.7733333333333 300
1474 -835.1433333333333 300
1475 -835.5833333333334 300
1476 -835.6533333333333 300
1477 -835.7866666666666 300
1478 -836.9066666666666 300
1479 -837.68 300
1480 -837.6833333333333 300
1481 -837.6333333333333 300
1482 -837.6266666666667 300
1483 -838.6033333333334 300
1484 -839.77 300
1485 -841.9133333333333 300
1486 -841.75 300
1487 -841.57 300
1488 -841.52 300
1489 -841.3866666666667 300
1490 -841.3366666666667 300
1491 -840.1966666666667 300
1492 -838.0133333333333 300
1493 -834.7566666666667 300
1494 -831.9766666666667 300
1495 -832.1166666666667 300
1496 -832.2166666666667 300
1497 -832.2066666666667 300
1498 -832.19 300
1499 -832.1533333333333 300
1500 -832.1133333333333 300
1501 -832.12 300
1502 -832.21 300
1503 -832.2833333333333 300
1504 -832.3466666666667 300
1505 -832.4466666666667 300
1506 -831.9933333333333 300
1507 -831.24 300
1508 -829.87 300
1509 -829.8266666666667 300
1510 -829.7833333333333 300
1511 -829.7833333333333 300
1512 -829.74 300
1513 -829.74 300
1514 -829.7433333333333 300
1515 -828.27 300
1516 -824.8933333333333 300
1517 -820.2133333333334 300
1518 -820.2133333333334 300
1519 -820.26 300
1520 -820.35 300
1521 -820.3933333333333 300
1522 -820.4833333333333 300
1523 -820.4833333333333 300
1524 -820.6166666666667 300
1525 -820.6166666666667 300
1526 -820.66 300
1527 -820.7933333333333 300
1528 -820.7933333333333 300
1529 -820.7933333333333 300
1530 -820.7933333333333 300
1531 -820.9733333333334 300
1532 -821.0166666666667 300
1533 -821.1033333333334 300
1534 -821.1033333333334 300
1535 -821.28 300
1536 -821.3666666666667 300
1537 -821.4533333333334 300
1538 -821.54 300
1539 -821.5866666666667 300
1540 -820.8033333333333 300
1541 -820.8933333333333 300
1542 -820.8933333333333 300
1543 -820.98 300
1544 -821.02 300
1545 -821.11 300
1546 -821.1466666666666 300
1547 -821.3633333333333 300
1548 -821.4033333333333 300
1549 -821.4866666666667 300
1550 -820.8233333333334 300
1551 -820.9133333333333 300
1552 -821.1166666666667 300
1553 -821.1166666666667 300
1554 -821.2066666666667 300
1555 -821.2533333333333 300
1556 -821.3033333333333 300
1557 -821.1666666666666 300
1558 -821.2566666666667 300
1559 -821.4833333333333 300
1560 -821.6666666666666 300
1561 -821.8533333333334 300
1562 -822.0366666666666 300
1563 -822.1266666666667 300
1564 -822.3566666666667 300
1565 -822.4933333333333 300
1566 -819.2933333333333 300
1567 -819.3866666666667 300
1568 -819.3866666666667 300
1569 -819.4333333333333 300
1570 -819.48 300
1571 -819.5266666666666 300
1572 -819.4833333333333 300
1573 -819.4833333333333 300
1574 -819.53 300
1575 -819.53 300
1576 -819.5766666666667 300
1577 -819.48 300
1578 -819.48 300
1579 -819.48 300
1580 -819.48 300
1581 -819.5266666666666 300
1582 -819.5266666666666 300
1583 -819.5733333333334 300
1584 -819.5766666666667 300
1585 -819.6733333333333 300
1586 -819.6766666666666 300
1587 -819.8266666666667 300
1588 -819.8566666666667 300
1589 -819.8566666666667 300
1590 -819.8566666666667 300
1591 -819.8566666666667 300
1592 -819.86 300
1593 -819.86 300
1594 -819.9066666666666 300
1595 -819.9466666666667 300
1596 -819.9933333333333 300
1597 -820.0366666666666 300
1598 -820.0366666666666 300
1599 -820.0833333333334 300
1600 -820.18 300
1601 -820.1833333333333 300
1602 -820.1866666666666 300
1603 -820.1433333333333 300
1604 -820.1466666666666 300
1605 -820.1466666666666 300
1606 -820.54 300
1607 -820.63 300
1608 -820.72 300
1609 -820.7666666666667 300
1610 -820.7666666666667 300
1611 -820.8133333333334 300
1612 -820.8133333333334 300
1613 -820.9466666666667 300
1614 -821.0366666666666 300
1615 -821.1233333333333 300
1616 -821.35 300
1617 -821.3466666666667 300
1618 -821.5266666666666 300
1619 -821.5666666666667 300
1620 -821.6133333333333 300
1621 -821.7033333333334 300
1622 -821.79 300
1623 -821.8766666666667 300
1624 -821.96 300
1625 -821.1366666666667 300
1626 -821.18 300
1627 -821.2633333333333 300
1628 -821.3066666666666 300
1629 -821.3466666666667 300
1630 -821.3866666666667 300
1631 -821.65 300
1632 -821.7433333333333 300
1633 -821.8333333333334 300
1634 -821.88 300
1635 -821.9666666666667 300
1636 -822.01 300
1637 -822.1 300
1638 -822.52 300
1639 -822.8733333333333 300
1640 -823.37 300
1641 -824.2066666666667 300
1642 -824.05 300
1643 -824.1366666666667 300
1644 -824.17 300
1645 -825.0133333333333 300
1646 -826.0 300
1647 -827.6333333333333 300
1648 -828.5766666666667 300
1649 -827.0533333333333 300
1650 -827.0666666666667 300
1651 -827.01 300
1652 -826.97 300
1653 -826.9733333333334 300
1654 -826.7833333333333 300
1655 -829.3033333333333 300
1656 -829.04 300
1657 -828.9933333333333 300
1658 -828.9366666666666 300
1659 -828.8333333333334 300
1660 -827.2633333333333 300
1661 -824.72 300
1662 -819.64 300
1663 -819.75 300
1664 -819.8466666666667 300
1665 -819.8833333333333 300
1666 -819.93 300
1667 -819.9133333333333 300
1668 -819.56 300
1669 -819.0066666666667 300
1670 -819.18 300
1671 -819.3966666666666 300
1672 -819.5066666666667 300
1673 -819.71 300
1674 -819.83 300
1675 -819.8566666666667 300
1676 -817.1366666666667 300
1677 -817.14 300
1678 -817.15 300
1679 -817.11 300
1680 -817.2 300
1681 -817.3 300
1682 -817.2566666666667 300
1683 -817.2566666666667 300
1684 -817.2166666666667 300
1685 -817.1766666666666 300
1686 -817.0533333333333 300
1687 -817.0133333333333 300
1688 -817.1733333333333 300
1689 -817.1333333333333 300
1690 -817.0933333333334 300
1691 -817.0966666666667 300
1692 -817.1066666666667 300
1693 -817.07 300
1694 -817.0266666666666 300
1695 -817.09 300
1696 -817.0533333333333 300
1697 -817.0133333333333 300
1698 -816.2633333333333 300
1699 -814.3166666666667 300
1700 -810.2966666666666 300
1701 -809.4033333333333 300
1702 -809.5433333333333 300
1703 -810.0066666666667 300
1704 -810.6933333333334 300
1705 -811.83 300
1706 -813.7466666666667 300
1707 -813.43 300
1708 -810.9 300
1709 -807.57 300
1710 -808.1133333333333 300
1711 -809.1066666666667 300
1712 -810.5633333333334 300
1713 -812.9966666666667 300
1714 -814.6866666666666 300
1715 -814.8533333333334 300
1716 -813.33 300
1717 -809.7466666666667 300
1718 -806.4033333333333 300
1719 -806.4433333333334 300
1720 -806.2233333333334 300
1721 -805.5366666666666 300
1722 -805.6333333333333 300
1723 -805.7233333333334 300
1724 -805.9666666666667 300
1725 -804.8533333333334 300
1726 -804.89 300
1727 -804.8866666666667 300
1728 -804.7433333333333 300
1729 -804.7266666666667 300
1730 -804.3766666666667 300
1731 -805.6666666666666 300
1732 -805.5733333333334 300
1733 -805.6 300
1734 -805.2966666666666 300
1735 -805.34 300
1736 -805.39 300
1737 -805.47 300
1738 -805.6133333333333 300
1739 -805.71 300
1740 -805.8166666666667 300
1741 -805.6766666666666 300
1742 -805.9066666666666 300
1743 -805.9566666666667 300
1744 -804.56 300
1745 -804.5766666666667 300
1746 -804.6866666666666 300
1747 -804.66 300
1748 -804.6966666666667 300
1749 -804.77 300
1750 -804.8533333333334 300
1751 -805.0033333333333 300
1752 -804.9033333333333 300
1753 -804.54 300
1754 -804.5466666666666 300
1755 -804.5566666666666 300
1756 -804.57 300
1757 -804.6733333333333 300
1758 -804.6866666666666 300
1759 -804.7133333333334 300
1760 -804.5533333333333 300
1761 -804.43 300
1762 -804.45 300
1763 -804.4766666666667 300
1764 -804.5333333333333 300
1765 -804.6666666666666 300
1766 -804.9266666666666 300
1767 -805.2333333333333 300
1768 -805.48 300
1769 -805.3733333333333 300
1770 -805.38 300
1771 -805.4 300
1772 -805.41 300
1773 -805.13 300
1774 -805.23 300
1775 -805.33 300
1776 -805.53 300
1777 -805.79 300
1778 -806.3866666666667 300
1779 -807.4566666666667 300
1780 -810.3166666666667 300
1781 -814.2466666666667 300
1782 -821.87 300
1783 -822.8833333333333 300
1784 -827.1033333333334 300
1785 -823.7266666666667 300
1786 -828.7133333333334 300
1787 -826.7633333333333 300
1788 -826.87 300
1789 -822.7766666666666 300
1790 -825.8033333333333 300
1791 -831.0566666666666 300
1792 -831.5466666666666 300
1793 -830.6066666666667 300
1794 -830.0833333333334 300
1795 -829.6066666666667 300
1796 -827.3233333333334 300
1797 -826.2133333333334 300
1798 -828.2 300
1799 -831.04 300
1800 -832.8566666666667 300
1801 -832.77 300
1802 -832.6833333333333 300
1803 -831.8666666666667 300
1804 -830.5733333333334 300
1805 -828.12 300
1806 -826.0533333333333 300
1807 -824.4033333333333 300
1808 -825.63 300
1809 -826.7166666666667 300
1810 -823.34 300
1811 -823.2766666666666 300
1812 -824.3733333333333 300
1813 -824.3666666666667 300
1814 -824.6766666666666 300
1815 -825.5733333333334 300
1816 -822.37 300
1817 -822.2233333333334 300
1818 -821.91 300
1819 -820.9766666666667 300
1820 -819.9366666666666 300
1821 -820.09 300
1822 -817.26 300
1823 -817.3 300
1824 -817.3466666666667 300
1825 -817.3233333333334 300
1826 -817.33 300
1827 -817.2433333333333 300
1828 -816.72 300
1829 -816.52 300
1830 -816.2 300
1831 -815.68 300
1832 -815.66 300
1833 -815.5966666666667 300
1834 -815.5166666666667 300
1835 -815.4366666666666 300
1836 -815.1966666666667 300
1837 -814.96 300
1838 -814.72 300
1839 -814.2566666666667 300
1840 -813.3133333333334 300
1841 -811.25 300
1842 -807.7633333333333 300
1843 -807.7633333333333 300
1844 -806.5 300
1845 -806.5 300
1846 -806.6766666666666 300
1847 -806.7566666666667 300
1848 -806.9166666666666 300
1849 -807.1733333333333 300
1850 -807.43 300
1851 -807.65 300
1852 -807.8266666666667 300
1853 -811.8466666666667 300
1854 -816.4866666666667 300
1855 -816.5033333333333 300
1856 -816.5033333333333 300
1857 -816.5033333333333 300
1858 -816.5033333333333 300
1859 -816.52 300
1860 -816.5366666666666 300
1861 -816.5366666666666 300
1862 -816.5966666666667 300
1863 -816.5966666666667 300
1864 -816.5966666666667 300
1865 -816.6633333333333 300
1866 -816.8566666666667 300
1867 -816.89 300
1868 -816.9066666666666 300
1869 -817.0033333333333 300
1870 -817.02 300
1871 -817.0366666666666 300
1872 -816.9766666666667 300
1873 -816.88 300
1874 -816.6833333333333 300
1875 -816.3333333333334 300
1876 -816.2466666666667 300
1877 -816.13 300
1878 -815.6866666666666 300
1879 -815.3133333333334 300
1880 -814.65 300
1881 -813.21 300
1882 -811.34 300
1883 -809.61 300
1884 -809.8433333333334 300
1885 -809.92 300
1886 -810.1666666666666 300
1887 -810.4133333333333 300
1888 -810.78 300
1889 -808.6666666666666 300
1890 -808.8366666666667 300
1891 -808.9133333333333 300
1892 -809.1433333333333 300
1893 -809.22 300
1894 -809.2966666666666 300
1895 -812.11 300
1896 -815.1666666666666 300
1897 -819.6833333333333 300
1898 -819.8033333333333 300
1899 -819.8333333333334 300
1900 -820.4966666666667 300
1901 -821.3433333333334 300
1902 -821.2933333333333 300
1903 -821.2933333333333 300
1904 -821.2866666666666 300
1905 -821.2366666666667 300
1906 -821.2366666666667 300
1907 -821.23 300
1908 -821.2066666666667 300
1909 -821.1566666666666 300
1910 -821.1066666666667 300
1911 -821.0066666666667 300
1912 -820.7566666666667 300
1913 -820.2566666666667 300
1914 -819.5566666666666 300
1915 -817.9 300
1916 -814.6 300
1917 -809.2 300
1918 -809.25 300
1919 -809.25 300
1920 -809.3933333333333 300
1921 -809.63 300
1922 -809.8 300
1923 -809.93 300
1924 -810.03 300
1925 -810.1733333333333 300
1926 -810.3233333333334 300
1927 -810.56 300
1928 -810.6766666666666 300
1929 -810.7233333333334 300
1930 -810.89 300
1931 -810.5033333333333 300
1932 -810.5966666666667 300
1933 -810.6133333333333 300
1934 -810.74 300
1935 -810.7633333333333 300
1936 -810.9566666666667 300
1937 -811.08 300
1938 -809.9066666666666 300
1939 -808.13 300
1940 -808.14 300
1941 -808.15 300
1942 -808.31 300
1943 -808.3166666666667 300
1944 -808.3833333333333 300
1945 -808.57 300
1946 -808.93 300
1947 -809.07 300
1948 -808.9066666666666 300
1949 -809.04 300
1950 -809.6166666666667 300
1951 -809.3466666666667 300
1952 -809.34 300
1953 -809.4266666666666 300
1954 -809.7 300
1955 -809.79 300
1956 -809.9266666666666 300
1957 -810.0 300
1958 -810.1266666666667 300
1959 -810.2566666666667 300
1960 -810.3566666666667 300
1961 -810.2833333333333 300
1962 -810.6533333333333 300
1963 -807.6433333333333 300
1964 -807.5766666666667 300
1965 -805.37 300
1966 -805.42 300
1967 -805.4233333333333 300
1968 -805.43 300
1969 -805.4333333333333 300
1970 -805.44 300
1971 -805.4366666666666 300
1972 -805.44 300
1973 -805.4866666666667 300
1974 -805.4866666666667 300
1975 -805.5333333333333 300
1976 -805.5366666666666 300
1977 -805.54 300
1978 -805.59 300
1979 -805.5933333333334 300
1980 -805.6433333333333 300
1981 -805.6933333333334 300
1982 -805.7433333333333 300
1983 -805.7466666666667 300
1984 -805.7566666666667 300
1985 -805.81 300
1986 -805.8133333333334 300
1987 -805.8266666666667 300
1988 -805.8366666666667 300
1989 -805.8433333333334 300
1990 -805.85 300
1991 -805.9 300
1992 -805.9533333333334 300
1993 -805.9833333333333 300
1994 -806.0033333333333 300
1995 -805.89 300
1996 -805.8266666666667 300
1997 -805.92 300
1998 -806.0166666666667 300
1999 -806.11 300
2000 -806.2033333333334 300
2001 -806.25 300
2002 -806.2966666666666 300
2003 -806.3433333333334 300
2004 -806.4366666666666 300
2005 -806.4833333333333 300
2006 -806.62 300
2007 -806.7133333333334 300
2008 -806.7133333333334 300
2009 -806.76 300
2010 -806.8533333333334 300
2011 -806.95 300
2012 -806.9966666666667 300
2013 -807.1833333333333 300
2014 -807.23 300
2015 -807.4133333333333 300
2016 -807.7466666666667 300
2017 -808.1233333333333 300
2018 -808.2633333333333 300
2019 -807.4366666666666 300
2020 -807.3866666666667 300
2021 -807.44 300
2022 -807.5333333333333 300
2023 -807.63 300
2024 -807.9133333333333 300
2025 -807.92 300
2026 -808.0366666666666 300
2027 -808.28 300
2028 -806.65 300
2029 -806.6966666666667 300
2030 -806.6966666666667 300
2031 -806.7433333333333 300
2032 -806.8333333333334 300
2033 -806.8733333333333 300
2034 -806.9633333333334 300
2035 -806.1833333333333 300
2036 -806.2333333333333 300
2037 -806.32 300
2038 -806.28 300
2039 -806.2833333333333 300
2040 -806.2866666666666 300
2041 -806.3333333333334 300
2042 -806.3366666666667 300
2043 -806.34 300
2044 -806.3866666666667 300
2045 -806.4833333333333 300
2046 -806.4866666666667 300
2047 -806.5766666666667 300
2048 -806.58 300
2049 -806.5833333333334 300
2050 -806.5866666666667 300
2051 -806.6766666666666 300
2052 -806.7233333333334 300
2053 -806.7666666666667 300
2054 -806.9166666666666 300
2055 -807.1033333333334 300
2056 -806.98 300
2057 -807.0266666666666 300
2058 -807.0366666666666 300
2059 -807.1033333333334 300
2060 -805.6633333333333 300
2061 -805.6633333333333 300
2062 -805.7066666666667 300
2063 -805.7566666666667 300
2064 -805.85 300
2065 -805.85 300
2066 -805.8966666666666 300
2067 -805.9466666666667 300
2068 -805.9433333333334 300
2069 -805.9833333333333 300
2070 -806.07 300
2071 -806.0666666666667 300
2072 -805.1566666666666 300
2073 -805.1133333333333 300
2074 -805.1133333333333 300
2075 -805.1133333333333 300
2076 -805.1166666666667 300
2077 -805.1166666666667 300
2078 -805.12 300
2079 -805.1233333333333 300
2080 -805.1233333333333 300
2081 -805.1266666666667 300
2082 -805.1266666666667 300
2083 -805.1266666666667 300
2084 -805.1266666666667 300
2085 -805.0733333333334 300
2086 -805.0733333333334 300
2087 -805.0733333333334 300
2088 -805.0733333333334 300
2089 -805.0733333333334 300
2090 -805.0733333333334 300
2091 -805.0733333333334 300
2092 -805.0733333333334 300
2093 -805.16 300
2094 -805.16 300
2095 -805.15 300
2096 -805.15 300
2097 -805.15 300
2098 -805.1933333333334 300
2099 -805.2366666666667 300
2100 -805.2366666666667 300
2101 -805.3666666666667 300
2102 -805.3666666666667 300
2103 -805.3666666666667 300
2104 -805.4966666666667 300
2105 -805.4966666666667 300
2106 -805.54 300
2107 -805.54 300
2108 -805.54 300
2109 -805.54 300
2110 -805.54 300
2111 -805.5833333333334 300
2112 -805.6266666666667 300
2113 -805.6266666666667 300
2114 -805.6266666666667 300
2115 -805.6266666666667 300
2116 -805.67 300
2117 -805.7133333333334 300
2118 -805.76 300
2119 -805.8033333333333 300
2120 -805.9333333333333 300
2121 -805.98 300
2122 -806.0233333333333 300
2123 -805.6333333333333 300
2124 -805.68 300
2125 -805.59 300
2126 -805.64 300
2127 -805.6466666666666 300
2128 -805.6933333333334 300
2129 -805.7933333333333 300
2130 -805.8233333333334 300
2131 -805.85 300
2132 -805.9266666666666 300
2133 -806.4 300
2134 -806.77 300
2135 -806.7966666666666 300
2136 -806.81 300
2137 -807.1333333333333 300
2138 -806.3433333333334 300
2139 -806.35 300
2140 -806.41 300
2141 -806.0366666666666 300
2142 -806.04 300
2143 -806.0533333333333 300
2144 -806.1566666666666 300
2145 -806.1666666666666 300
2146 -806.3666666666667 300
2147 -806.4666666666667 300
2148 -806.69 300
2149 -806.7266666666667 300
2150 -806.6433333333333 300
2151 -806.6566666666666 300
2152 -806.7533333333333 300
2153 -806.7666666666667 300
2154 -806.7766666666666 300
2155 -806.8733333333333 300
2156 -806.89 300
2157 -806.9033333333333 300
2158 -806.9233333333333 300
2159 -807.07 300
2160 -807.17 300
2161 -807.27 300
2162 -807.29 300
2163 -807.3966666666666 300
2164 -807.5566666666666 300
2165 -807.8 300
2166 -807.8966666666666 300
2167 -807.8533333333334 300
2168 -807.85 300
2169 -807.9333333333333 300
2170 -808.0133333333333 300
2171 -808.05 300
2172 -808.05 300
2173 -808.0466666666666 300
2174 -808.2066666666667 300
2175 -808.2033333333334 300
2176 -808.3233333333334 300
2177 -808.36 300
2178 -808.4833333333333 300
2179 -808.6033333333334 300
2180 -808.7233333333334 300
2181 -806.7233333333334 300
2182 -806.8 300
2183 -806.8366666666667 300
2184 -806.8333333333334 300
2185 -806.91 300
2186 -806.9466666666667 300
2187 -806.9866666666667 300
2188 -807.12 300
2189 -807.16 300
2190 -807.1966666666667 300
2191 -807.16 300
2192 -807.2966666666666 300
2193 -807.3366666666667 300
2194 -807.3833333333333 300
2195 -807.4266666666666 300
2196 -807.3266666666667 300
2197 -807.37 300
2198 -807.37 300
2199 -807.41 300
2200 -807.41 300
2201 -807.45 300
2202 -807.53 300
2203 -807.58 300
2204 -807.65 300
2205 -807.7066666666667 300
2206 -807.7533333333333 300
2207 -806.9033333333333 300
2208 -806.9566666666667 300
2209 -806.96 300
2210 -806.9633333333334 300
2211 -806.7266666666667 300
2212 -806.6866666666666 300
2213 -806.7366666666667 300
2214 -806.7 300
2215 -806.71 300
2216 -806.7566666666667 300
2217 -806.7266666666667 300
2218 -806.5666666666667 300
2219 -805.29 300
2220 -805.11 300
2221 -805.2433333333333 300
2222 -805.34 300
2223 -805.3566666666667 300
2224 -805.3666666666667 300
2225 -805.3066666666666 300
2226 -805.3033333333333 300
2227 -805.31 300
2228 -805.3233333333334 300
2229 -805.43 300
2230 -805.4333333333333 300
2231 -805.4333333333333 300
2232 -805.4533333333334 300
2233 -805.4533333333334 300
2234 -805.4766666666667 300
2235 -805.4866666666667 300
2236 -805.5 300
2237 -805.52 300
2238 -805.5266666666666 300
2239 -805.5333333333333 300
2240 -805.5333333333333 300
2241 -805.55 300
2242 -805.5633333333334 300
2243 -805.56 300
2244 -805.5566666666666 300
2245 -805.5566666666666 300
2246 -805.5566666666666 300
2247 -805.5633333333334 300
2248 -805.57 300
2249 -805.57 300
2250 -805.58 300
2251 -805.59 300
2252 -805.59 300
2253 -805.5966666666667 300
2254 -805.6066666666667 300
2255 -805.6133333333333 300
2256 -805.61 300
2257 -805.6066666666667 300
2258 -805.7133333333334 300
2259 -805.56 300
2260 -805.58 300
2261 -805.7233333333334 300
2262 -805.7333333333333 300
2263 -805.7333333333333 300
2264 -805.6533333333333 300
2265 -805.6533333333333 300
2266 -805.6233333333333 300
2267 -805.5433333333333 300
2268 -805.5433333333333 300
2269 -805.4633333333334 300
2270 -805.42 300
2271 -805.2833333333333 300
2272 -805.1566666666666 300
2273 -804.99 300
2274 -804.86 300
2275 -805.1233333333333 300
2276 -804.6466666666666 300
2277 -804.6 300
2278 -804.6 300
2279 -804.7366666666667 300
2280 -803.8966666666666 300
2281 -803.01 300
2282 -802.8733333333333 300
2283 -802.9166666666666 300
2284 -802.6933333333334 300
2285 -802.6066666666667 300
2286 -802.4533333333334 300
2287 -802.5433333333333 300
2288 -802.3633333333333 300
2289 -802.0966666666667 300
2290 -801.83 300
2291 -801.48 300
2292 -801.87 300
2293 -802.0233333333333 300
2294 -801.9433333333334 300
2295 -802.9733333333334 300
2296 -802.8933333333333 300
2297 -802.9033333333333 300
2298 -802.5633333333334 300
2299 -802.5633333333334 300
2300 -801.1133333333333 300
2301 -801.0366666666666 300
2302 -799.1566666666666 300
2303 -797.93 300
2304 -797.5433333333333 300
2305 -797.63 300
2306 -797.7166666666667 300
2307 -797.94 300
2308 -798.2833333333333 300
2309 -798.4933333333333 300
2310 -798.4133333333333 300
2311 -798.33 300
2312 -798.3366666666667 300
2313 -796.1933333333334 300
2314 -796.1533333333333 300
2315 -796.16 300
2316 -796.12 300
2317 -796.17 300
2318 -796.2633333333333 300
2319 -796.2233333333334 300
2320 -796.41 300
2321 -796.4566666666667 300
2322 -796.46 300
2323 -796.6033333333334 300
2324 -796.6933333333334 300
2325 -796.8333333333334 300
2326 -796.8366666666667 300
2327 -796.8833333333333 300
2328 -797.3333333333334 300
2329 -795.19 300
2330 -795.32 300
2331 -794.83 300
2332 -793.4566666666667 300
2333 -793.46 300
2334 -793.25 300
2335 -793.2933333333333 300
2336 -793.2933333333333 300
2337 -793.2966666666666 300
2338 -793.2966666666666 300
2339 -793.2966666666666 300
2340 -793.3 300
2341 -793.3033333333333 300
2342 -793.2966666666666 300
2343 -793.3 300
2344 -793.3066666666666 300
2345 -793.3133333333334 300
2346 -793.3133333333334 300
2347 -793.32 300
2348 -793.3133333333334 300
2349 -793.3466666666667 300
2350 -793.35 300
2351 -793.3466666666667 300
2352 -793.3466666666667 300
2353 -793.3433333333334 300
2354 -793.3866666666667 300
2355 -793.4633333333334 300
2356 -793.46 300
2357 -793.4566666666667 300
2358 -793.4533333333334 300
2359 -793.4533333333334 300
2360 -793.5 300
2361 -793.4933333333333 300
2362 -793.43 300
2363 -793.4366666666666 300
2364 -793.44 300
2365 -793.4066666666666 300
2366 -793.41 300
2367 -793.4466666666667 300
2368 -793.4633333333334 300
2369 -793.4666666666667 300
2370 -793.47 300
2371 -793.4733333333334 300
2372 -793.4766666666667 300
2373 -793.4766666666667 300
2374 -793.4833333333333 300
2375 -793.49 300
2376 -793.5033333333333 300
2377 -793.51 300
2378 -793.6733333333333 300
2379 -793.5933333333334 300
2380 -793.6166666666667 300
2381 -793.62 300
2382 -793.6233333333333 300
2383 -793.63 300
2384 -793.63 300
2385 -793.6333333333333 300
2386 -793.64 300
2387 -793.6433333333333 300
2388 -793.32 300
2389 -793.0966666666667 300
2390 -793.0966666666667 300
2391 -793.0966666666667 300
2392 -793.0966666666667 300
2393 -793.0966666666667 300
2394 -793.0566666666666 300
2395 -793.0566666666666 300
2396 -793.1 300
2397 -793.1 300
2398 -793.1 300
2399 -793.0966666666667 300
2400 -793.0966666666667 300
2401 -793.14 300
2402 -793.14 300
2403 -793.14 300
2404 -793.14 300
2405 -793.14 300
2406 -793.1333333333333 300
2407 -793.1333333333333 300
2408 -793.1333333333333 300
2409 -793.1333333333333 300
2410 -793.1333333333333 300
2411 -793.1333333333333 300
2412 -793.1333333333333 300
2413 -793.09 300
2414 -793.09 300
2415 -793.1766666666666 300
2416 -793.1333333333333 300
2417 -793.1333333333333 300
2418 -793.22 300
2419 -793.22 300
2420 -793.26 300
2421 -793.26 300
2422 -793.26 300
2423 -793.26 300
2424 -793.26 300
2425 -793.26 300
2426 -793.26 300
2427 -793.3 300
2428 -793.3 300
2429 -793.3 300
2430 -793.3433333333334 300
2431 -793.3433333333334 300
2432 -793.3433333333334 300
2433 -793.3433333333334 300
2434 -793.3433333333334 300
2435 -793.3866666666667 300
2436 -793.3433333333334 300
2437 -793.3866666666667 300
2438 -793.2566666666667 300
2439 -792.9966666666667 300
2440 -792.6933333333334 300
2441 -791.6533333333333 300
2442 -791.5233333333333 300
2443 -791.5933333333334 300
2444 -791.55 300
2445 -791.5533333333333 300
2446 -791.6833333333333 300
2447 -790.99 300
2448 -789.82 300
2449 -788.4933333333333 300
2450 -788.58 300
2451 -788.7533333333333 300
2452 -788.7966666666666 300
2453 -788.8833333333333 300
2454 -788.97 300
2455 -788.97 300
2456 -789.1866666666666 300
2457 -789.2733333333333 300
2458 -789.3166666666667 300
2459 -789.36 300
2460 -789.3166666666667 300
2461 -789.4033333333333 300
2462 -789.49 300
2463 -789.1 300
2464 -789.23 300
2465 -789.5333333333333 300
2466 -789.7066666666667 300
2467 -789.7933333333333 300
2468 -790.01 300
2469 -790.0533333333333 300
2470 -790.0966666666667 300
2471 -790.0966666666667 300
2472 -790.2266666666667 300
2473 -790.3133333333334 300
2474 -790.4 300
2475 -790.4 300
2476 -790.5733333333334 300
2477 -793.1833333333333 300
2478 -793.27 300
2479 -793.27 300
2480 -793.27 300
2481 -793.27 300
2482 -793.27 300
2483 -793.27 300
2484 -793.27 300
2485 -793.1733333333333 300
2486 -793.1733333333333 300
2487 -793.1733333333333 300
2488 -793.1733333333333 300
2489 -793.1733333333333 300
2490 -793.1733333333333 300
2491 -793.09 300
2492 -793.09 300
2493 -793.09 300
2494 -793.0933333333334 300
2495 -793.0933333333334 300
2496 -793.09 300
2497 -793.1366666666667 300
2498 -793.18 300
2499 -793.1833333333333 300
2500 -793.1333333333333 300
2501 -793.1333333333333 300
2502 -793.1333333333333 300
2503 -793.1333333333333 300
2504 -793.1366666666667 300
2505 -793.18 300
2506 -793.18 300
2507 -793.1366666666667 300
2508 -793.1366666666667 300
2509 -793.1366666666667 300
2510 -793.1366666666667 300
2511 -793.1366666666667 300
2512 -793.09 300
2513 -793.09 300
2514 -793.09 300
2515 -793.09 300
2516 -793.0866666666667 300
2517 -793.0833333333334 300
2518 -793.08 300
2519 -793.0766666666667 300
2520 -793.0666666666667 300
2521 -793.0633333333334 300
2522 -793.06 300
2523 -793.0533333333333 300
2524 -793.0366666666666 300
2525 -793.0133333333333 300
2526 -792.98 300
2527 -793.0166666666667 300
2528 -793.27 300
2529 -793.3133333333334 300
2530 -793.2766666666666 300
2531 -793.2766666666666 300
2532 -793.2766666666666 300
2533 -793.2766666666666 300
2534 -793.2766666666666 300
2535 -793.2333333333333 300
2536 -793.2333333333333 300
2537 -793.2333333333333 300
2538 -793.2333333333333 300
2539 -793.2333333333333 300
2540 -793.2333333333333 300
2541 -793.2333333333333 300
2542 -793.2333333333333 300
2543 -793.2333333333333 300
2544 -793.2333333333333 300
2545 -793.2333333333333 300
2546 -793.2333333333333 300
2547 -793.2766666666666 300
2548 -793.2766666666666 300
2549 -793.2766666666666 300
2550 -793.2766666666666 300
2551 -793.2766666666666 300
2552 -793.2766666666666 300
2553 -793.2766666666666 300
2554 -793.2766666666666 300
2555 -793.28 300
2556 -793.3233333333334 300
2557 -793.3233333333334 300
2558 -793.3233333333334 300
2559 -793.3233333333334 300
2560 -793.3233333333334 300
2561 -793.3233333333334 300
2562 -793.3266666666667 300
2563 -793.37 300
2564 -793.37 300
2565 -793.37 300
2566 -793.37 300
2567 -793.37 300
2568 -793.37 300
2569 -793.37 300
2570 -793.37 300
2571 -793.37 300
2572 -793.4133333333333 300
2573 -793.4166666666666 300
2574 -793.4133333333333 300
2575 -793.4133333333333 300
2576 -793.4133333333333 300
2577 -793.4133333333333 300
2578 -793.4133333333333 300
2579 -793.4133333333333 300
2580 -793.4133333333333 300
2581 -793.4133333333333 300
2582 -793.1933333333334 300
2583 -793.1933333333334 300
2584 -793.1933333333334 300
2585 -793.1966666666667 300
2586 -793.1966666666667 300
2587 -793.1966666666667 300
2588 -793.24 300
2589 -793.24 300
2590 -793.2366666666667 300
2591 -793.2366666666667 300
2592 -793.2366666666667 300
2593 -793.2366666666667 300
2594 -793.2366666666667 300
2595 -793.1933333333334 300
2596 -793.15 300
2597 -793.0633333333334 300
2598 -793.02 300
2599 -792.9766666666667 300
2600 -792.89 300
2601 -793.01 300
2602 -793.0933333333334 300
2603 -793.05 300
2604 -792.9933333333333 300
2605 -792.65 300
2606 -792.35 300
2607 -792.05 300
2608 -791.65 300
2609 -791.65 300
2610 -791.75 300
2611 -792.75 300
2612 -792.65 300
2613 -792.75 300
2614 -792.65 300
2615 -792.25 300
2616 -791.0533333333333 300
2617 -788.7533333333333 300
2618 -783.1533333333333 300
2619 -780.9533333333334 300
2620 -781.0533333333333 300
2621 -781.2966666666666 300
2622 -781.4966666666667 300
2623 -784.6 300
2624 -788.85 300
2625 -787.5066666666667 300
2626 -789.2 300
2627 -786.65 300
2628 -790.3366666666667 300
2629 -789.1633333333333 300
2630 -789.1666666666666 300
2631 -786.3966666666666 300
2632 -781.8433333333334 300
2633 -779.76 300
2634 -779.74 300
2635 -778.0033333333333 300
2636 -778.8233333333334 300
2637 -779.1166666666667 300
2638 -779.4033333333333 300
2639 -779.6933333333334 300
2640 -780.2133333333334 300
2641 -783.7666666666667 300
2642 -790.52 300
2643 -789.4866666666667 300
2644 -787.43 300
2645 -786.9433333333334 300
2646 -783.66 300
2647 -788.9766666666667 300
2648 -791.1233333333333 300
2649 -791.0733333333334 300
2650 -790.34 300
2651 -789.0566666666666 300
2652 -786.4733333333334 300
2653 -781.32 300
2654 -776.2833333333333 300
2655 -776.1433333333333 300
2656 -776.06 300
2657 -775.9733333333334 300
2658 -775.02 300
2659 -774.9866666666667 300
2660 -773.7966666666666 300
2661 -771.5766666666667 300
2662 -767.85 300
2663 -766.94 300
2664 -767.8066666666666 300
2665 -767.1266666666667 300
2666 -766.65 300
2667 -765.9733333333334 300
2668 -764.2 300
2669 -760.1866666666666 300
2670 -758.3666666666667 300
2671 -758.2833333333333 300
2672 -758.1566666666666 300
2673 -754.1033333333334 300
2674 -754.1866666666666 300
2675 -754.41 300
2676 -754.4933333333333 300
2677 -754.58 300
2678 -754.58 300
2679 -754.9 300
2680 -755.3566666666667 300
2681 -756.1733333333333 300
2682 -756.66 300
2683 -757.0866666666667 300
2684 -758.3333333333334 300
2685 -760.3633333333333 300
2686 -763.2533333333333 300
2687 -765.6566666666666 300
2688 -765.4633333333334 300
2689 -765.3766666666667 300
2690 -765.3333333333334 300
2691 -765.3 300
2692 -765.27 300
2693 -765.2466666666667 300
2694 -765.2566666666667 300
2695 -765.2233333333334 300
2696 -765.1833333333333 300
2697 -765.2433333333333 300
2698 -765.31 300
2699 -765.18 300
2700 -765.3266666666667 300
2701 -765.3133333333334 300
2702 -765.3733333333333 300
2703 -765.5133333333333 300
2704 -765.3766666666667 300
2705 -767.4266666666666 300
2706 -767.7833333333333 300
2707 -768.23 300
2708 -768.6066666666667 300
2709 -768.7133333333334 300
2710 -768.9766666666667 300
2711 -769.19 300
2712 -769.3133333333334 300
2713 -769.64 300
2714 -769.8766666666667 300
2715 -770.2366666666667 300
2716 -770.8833333333333 300
2717 -770.49 300
2718 -767.08 300
2719 -767.14 300
2720 -767.4166666666666 300
2721 -767.73 300
2722 -768.2366666666667 300
2723 -768.5433333333333 300
2724 -768.8933333333333 300
2725 -769.5 300
2726 -770.0066666666667 300
2727 -771.0133333333333 300
2728 -774.4233333333333 300
2729 -776.8333333333334 300
2730 -780.1733333333333 300
2731 -784.0133333333333 300
2732 -787.5233333333333 300
2733 -788.8466666666667 300
2734 -790.56 300
2735 -792.5933333333334 300
2736 -791.5666666666667 300
2737 -789.96 300
2738 -786.29 300
2739 -784.4766666666667 300
2740 -784.5966666666667 300
2741 -784.6733333333333 300
2742 -784.7133333333334 300
2743 -784.8733333333333 300
2744 -785.0733333333334 300
2745 -785.3133333333334 300
2746 -785.6833333333333 300
2747 -786.1066666666667 300
2748 -786.3866666666667 300
2749 -786.8666666666667 300
2750 -787.59 300
2751 -784.8266666666667 300
2752 -784.2566666666667 300
2753 -784.2966666666666 300
2754 -784.3366666666667 300
2755 -784.3766666666667 300
2756 -784.5 300
2757 -784.83 300
2758 -785.1933333333334 300
2759 -785.7266666666667 300
2760 -786.1 300
2761 -786.5133333333333 300
2762 -787.0633333333334 300
2763 -788.3533333333334 300
2764 -789.8066666666666 300
2765 -790.2033333333334 300
2766 -790.1633333333333 300
2767 -788.1966666666667 300
2768 -785.1066666666667 300
2769 -784.0266666666666 300
2770 -784.1 300
2771 -784.17 300
2772 -784.1666666666666 300
2773 -784.2033333333334 300
2774 -784.28 300
2775 -784.3133333333334 300
2776 -784.39 300
2777 -784.4266666666666 300
2778 -784.4966666666667 300
2779 -784.5333333333333 300
2780 -784.6466666666666 300
2781 -784.68 300
2782 -784.92 300
2783 -784.9933333333333 300
2784 -785.0666666666667 300
2785 -785.1066666666667 300
2786 -785.1433333333333 300
2787 -785.18 300
2788 -785.2166666666667 300
2789 -785.29 300
2790 -785.3633333333333 300
2791 -785.4766666666667 300
2792 -785.55 300
2793 -785.7633333333333 300
2794 -785.1566666666666 300
2795 -785.3333333333334 300
2796 -785.4 300
2797 -785.35 300
2798 -785.2866666666666 300
2799 -785.0966666666667 300
2800 -784.7833333333333 300
2801 -784.3866666666667 300
2802 -783.16 300
2803 -781.75 300
2804 -781.9166666666666 300
2805 -781.99 300
2806 -782.07 300
2807 -782.2366666666667 300
2808 -775.2766666666666 300
2809 -773.8233333333334 300
2810 -773.8666666666667 300
2811 -773.91 300
2812 -773.91 300
2813 -774.0333333333333 300
2814 -774.0766666666667 300
2815 -774.28 300
2816 -774.3233333333334 300
2817 -774.3233333333334 300
2818 -774.6533333333333 300
2819 -774.7766666666666 300
2820 -774.9833333333333 300
2821 -775.31 300
2822 -775.4133333333333 300
2823 -774.3933333333333 300
2824 -774.3933333333333 300
2825 -774.4733333333334 300
2826 -774.4733333333334 300
2827 -774.5533333333333 300
2828 -774.6333333333333 300
2829 -774.7133333333334 300
2830 -775.0366666666666 300
2831 -775.1133333333333 300
2832 -775.1933333333334 300
2833 -775.2766666666666 300
2834 -775.6 300
2835 -776.0833333333334 300
2836 -776.7266666666667 300
2837 -777.14 300
2838 -777.89 300
2839 -778.95 300
2840 -779.6 300
2841 -781.16 300
2842 -782.0133333333333 300
2843 -782.2733333333333 300
2844 -782.3733333333333 300
2845 -782.5333333333333 300
2846 -782.8166666666667 300
2847 -782.7 300
2848 -782.7 300
2849 -782.5833333333334 300
2850 -782.7866666666666 300
2851 -782.91 300
2852 -783.0766666666667 300
2853 -783.2 300
2854 -783.5033333333333 300
2855 -783.7066666666667 300
2856 -783.59 300
2857 -783.8366666666667 300
2858 -783.9 300
2859 -784.1466666666666 300
2860 -784.2333333333333 300
2861 -784.56 300
2862 -784.69 300
2863 -785.0633333333334 300
2864 -785.2133333333334 300
2865 -785.2666666666667 300
2866 -785.6366666666667 300
2867 -789.2766666666666 300
2868 -792.0433333333333 300
2869 -791.97 300
2870 -791.94 300
2871 -791.94 300
2872 -791.8666666666667 300
2873 -791.8666666666667 300
2874 -791.83 300
2875 -790.81 300
2876 -789.0766666666667 300
2877 -787.1166666666667 300
2878 -787.19 300
2879 -787.3 300
2880 -787.3366666666667 300
2881 -787.4466666666667 300
2882 -787.52 300
2883 -787.6133333333333 300
2884 -787.7633333333333 300
2885 -788.04 300
2886 -788.1766666666666 300
2887 -788.25 300
2888 -788.9466666666667 300
2889 -789.8266666666667 300
2890 -786.9866666666667 300
2891 -787.4166666666666 300
2892 -787.7466666666667 300
2893 -787.9933333333333 300
2894 -783.6466666666666 300
2895 -783.38 300
2896 -783.38 300
2897 -783.38 300
2898 -783.4766666666667 300
2899 -783.6166666666667 300
2900 -783.6733333333333 300
2901 -783.7733333333333 300
2902 -784.21 300
2903 -784.67 300
2904 -785.32 300
2905 -786.4633333333334 300
2906 -788.7933333333333 300
2907 -791.6866666666666 300
2908 -794.7733333333333 300
2909 -795.8533333333334 300
2910 -796.2266666666667 300
2911 -796.2366666666667 300
2912 -796.2466666666667 300
2913 -796.2566666666667 300
2914 -796.2866666666666 300
2915 -796.2966666666666 300
2916 -795.97 300
2917 -795.9666666666667 300
2918 -795.88 300
2919 -795.9666666666667 300
2920 -796.0033333333333 300
2921 -796.2266666666667 300
2922 -796.2666666666667 300
2923 -796.3866666666667 300
2924 -796.5033333333333 300
2925 -796.59 300
2926 -796.96 300
2927 -797.6366666666667 300
2928 -798.1966666666667 300
2929 -798.5233333333333 300
2930 -796.1833333333333 300
2931 -794.8766666666667 300
2932 -794.88 300
2933 -794.8833333333333 300
2934 -794.8833333333333 300
2935 -794.8833333333333 300
2936 -794.89 300
2937 -794.8933333333333 300
2938 -794.9033333333333 300
2939 -794.91 300
2940 -794.9133333333333 300
2941 -794.91 300
2942 -794.93 300
2943 -794.9333333333333 300
2944 -794.9566666666667 300
2945 -794.9933333333333 300
2946 -795.0233333333333 300
2947 -795.0633333333334 300
2948 -795.1566666666666 300
2949 -795.27 300
2950 -795.3366666666667 300
2951 -795.3133333333334 300
2952 -795.3266666666667 300
2953 -795.36 300
2954 -795.5 300
2955 -795.6433333333333 300
2956 -795.7033333333334 300
2957 -795.7033333333334 300
2958 -795.7033333333334 300
2959 -795.4866666666667 300
2960 -795.4866666666667 300
2961 -795.4866666666667 300
2962 -795.49 300
2963 -795.49 300
2964 -795.49 300
2965 -795.49 300
2966 -795.59 300
2967 -795.59 300
2968 -795.4033333333333 300
2969 -795.5433333333333 300
2970 -795.64 300
2971 -795.93 300
2972 -796.51 300
2973 -798.2466666666667 300
2974 -802.3 300
2975 -811.6633333333333 300
2976 -821.8066666666666 300
2977 -821.8 300
2978 -820.8766666666667 300
2979 -822.8533333333334 300
2980 -822.76 300
2981 -822.22 300
2982 -821.2366666666667 300
2983 -819.9933333333333 300
2984 -817.3133333333334 300
2985 -818.0633333333334 300
2986 -818.7633333333333 300
2987 -821.5833333333334 300
2988 -821.5833333333334 300
2989 -821.5266666666666 300
2990 -821.5266666666666 300
2991 -821.64 300
2992 -821.64 300
2993 -821.64 300
2994 -821.5833333333334 300
2995 -821.5833333333334 300
2996 -821.5266666666666 300
2997 -821.5266666666666 300
2998 -821.47 300
2999 -821.25 300
3000 -821.25 300
