255 -1259.6966666666667 300
256 -1259.8333333333333 300
257 -1259.5133333333333 300
258 -1258.51 300
259 -1257.4466666666667 300
260 -1257.95 300
261 -1257.78 300
262 -1257.16 300
263 -1255.9666666666667 300
264 -1252.66 300
265 -1248.7466666666667 300
266 -1246.4 300
267 -1244.3166666666666 300
268 -1242.5166666666667 300
269 -1240.87 300
270 -1237.33 300
271 -1233.4133333333334 300
272 -1231.04 300
273 -1232.11 300
274 -1229.7566666666667 300
275 -1232.7566666666667 300
276 -1227.2066666666667 300
277 -1225.63 300
278 -1222.52 300
279 -1222.5866666666666 300
280 -1227.9433333333334 300
281 -1227.9633333333334 300
282 -1229.37 300
283 -1232.2466666666667 300
284 -1233.79 300
285 -1226.93 300
286 -1214.5466666666666 300
287 -1214.77 300
288 -1215.0466666666666 300
289 -1213.7766666666666 300
290 -1217.57 300
291 -1218.6266666666668 300
292 -1209.9333333333334 300
293 -1210.0633333333333 300
294 -1210.0266666666666 300
295 -1210.8533333333332 300
296 -1210.1433333333334 300
297 -1212.5966666666666 300
298 -1205.5333333333333 300
299 -1204.0733333333333 300
300 -1202.39 300
301 -1204.6333333333334 300
302 -1191.59 300
303 -1191.87 300
304 -1192.25 300
305 -1190.5966666666666 300
306 -1187.2266666666667 300
307 -1179.3133333333333 300
308 -1177.35 300
309 -1173.52 300
310 -1168.9266666666667 300
311 -1170.1966666666667 300
312 -1164.8533333333332 300
313 -1165.0066666666667 300
314 -1164.4933333333333 300
315 -1162.4033333333334 300
316 -1157.2 300
317 -1152.67 300
318 -1154.8133333333333 300
319 -1155.29 300
320 -1158.2466666666667 300
321 -1158.5633333333333 300
322 -1150.12 300
323 -1146.7733333333333 300
324 -1150.4466666666667 300
325 -1148.6266666666668 300
326 -1146.1566666666668 300
327 -1139.5566666666666 300
328 -1141.6933333333334 300
329 -1133.1266666666668 300
330 -1129.0766666666666 300
331 -1119.1533333333334 300
332 -1119.4466666666667 300
333 -1118.9366666666667 300
334 -1119.1566666666668 300
335 -1119.0366666666666 300
336 -1118.8833333333334 300
337 -1118.1866666666667 300
338 -1117.37 300
339 -1115.94 300
340 -1113.41 300
341 -1111.4766666666667 300
342 -1112.1166666666666 300
343 -1112.5933333333332 300
344 -1105.74 300
345 -1093.4266666666667 300
346 -1091.5 300
347 -1087.1866666666667 300
348 -1086.7933333333333 300
349 -1086.0 300
350 -1084.4166666666667 300
351 -1081.3233333333333 300
352 -1075.73 300
353 -1068.7266666666667 300
354 -1061.25 300
355 -1056.7266666666667 300
356 -1053.2433333333333 300
357 -1053.4 300
358 -1053.5766666666666 300
359 -1050.46 300
360 -1051.34 300
361 -1053.8033333333333 300
362 -1056.6966666666667 300
363 -1054.5366666666666 300
364 -1040.5366666666666 300
365 -1041.72 300
366 -1043.6633333333334 300
367 -1043.3366666666666 300
368 -1045.0466666666666 300
369 -1043.8566666666666 300
370 -1040.69 300
371 -1036.0833333333333 300
372 -1035.0533333333333 300
373 -1036.31 300
374 -1036.3033333333333 300
375 -1035.1866666666667 300
376 -1033.3766666666668 300
377 -1036.31 300
378 -1035.8533333333332 300
379 -1034.9366666666667 300
380 -1032.25 300
381 -1036.4 300
382 -1036.2233333333334 300
383 -1029.1833333333334 300
384 -1026.4266666666667 300
385 -1019.0633333333334 300
386 -1014.7766666666666 300
387 -1010.3866666666667 300
388 -1009.94 300
389 -1010.06 300
390 -1009.84 300
391 -1009.0466666666666 300
392 -1002.8933333333333 300
393 -999.9233333333333 300
394 -998.7133333333334 300
395 -995.85 300
396 -995.4833333333333 300
397 -995.8233333333334 300
398 -997.4033333333333 300
399 -1000.1466666666666 300
400 -1000.0766666666667 300
401 -997.7966666666666 300
402 -996.4866666666667 300
403 -994.15 300
404 -988.4966666666667 300
405 -991.6333333333333 300
406 -995.1933333333334 300
407 -993.7533333333333 300
408 -997.2033333333334 300
409 -995.06 300
410 -990.1066666666667 300
411 -987.3066666666666 300
412 -986.68 300
413 -989.53 300
414 -989.67 300
415 -989.7133333333334 300
416 -988.5166666666667 300
417 -988.7133333333334 300
418 -988.4633333333334 300
419 -989.1166666666667 300
420 -985.6466666666666 300
421 -986.3433333333334 300
422 -986.4733333333334 300
423 -984.6866666666666 300
424 -981.33 300
425 -983.2 300
426 -984.4033333333333 300
427 -984.9966666666667 300
428 -978.38 300
429 -977.62 300
430 -975.8766666666667 300
431 -974.13 300
432 -971.2 300
433 -973.2433333333333 300
434 -974.57 300
435 -974.2066666666667 300
436 -971.0133333333333 300
437 -970.8433333333334 300
438 -973.6933333333334 300
439 -975.5566666666666 300
440 -973.0133333333333 300
441 -973.8233333333334 300
442 -974.2733333333333 300
443 -976.0566666666666 300
444 -976.47 300
445 -972.5133333333333 300
446 -973.3066666666666 300
447 -974.18 300
448 -979.4366666666666 300
449 -968.7633333333333 300
450 -962.12 300
451 -965.9666666666667 300
452 -971.51 300
453 -968.0333333333333 300
454 -964.72 300
455 -964.5366666666666 300
456 -965.93 300
457 -968.1733333333333 300
458 -968.53 300
459 -965.2266666666667 300
460 -962.88 300
461 -967.2133333333334 300
462 -966.4633333333334 300
463 -964.6333333333333 300
464 -962.74 300
465 -963.57 300
466 -964.19 300
467 -966.7966666666666 300
468 -966.0733333333334 300
469 -966.3366666666667 300
470 -965.7466666666667 300
471 -963.7766666666666 300
472 -959.8166666666667 300
473 -959.8833333333333 300
474 -962.68 300
475 -962.3133333333334 300
476 -965.8433333333334 300
477 -964.72 300
478 -962.6333333333333 300
479 -962.5933333333334 300
480 -963.1133333333333 300
481 -962.9633333333334 300
482 -962.14 300
483 -961.7733333333333 300
484 -959.5633333333334 300
485 -958.4033333333333 300
486 -958.78 300
487 -958.6533333333333 300
488 -959.0066666666667 300
489 -959.7 300
490 -958.19 300
491 -958.7666666666667 300
492 -959.4933333333333 300
493 -959.8466666666667 300
494 -959.9766666666667 300
495 -960.9966666666667 300
496 -960.7066666666667 300
497 -958.38 300
498 -958.7133333333334 300
499 -958.6566666666666 300
500 -959.9433333333334 300
501 -960.3833333333333 300
502 -960.5366666666666 300
503 -960.6966666666667 300
504 -960.87 300
505 -960.94 300
506 -956.6766666666666 300
507 -955.98 300
508 -954.3133333333334 300
509 -951.8 300
510 -950.12 300
511 -947.79 300
512 -946.2366666666667 300
513 -944.4733333333334 300
514 -935.37 300
515 -935.2833333333333 300
516 -933.8933333333333 300
517 -932.5033333333333 300
518 -931.27 300
519 -927.6866666666666 300
520 -926.7533333333333 300
521 -929.2633333333333 300
522 -927.7733333333333 300
523 -928.2666666666667 300
524 -926.6233333333333 300
525 -926.88 300
526 -923.5733333333334 300
527 -919.7566666666667 300
528 -917.92 300
529 -910.7233333333334 300
530 -902.1966666666667 300
531 -904.7 300
532 -909.6233333333333 300
533 -914.2133333333334 300
534 -911.0866666666667 300
535 -907.4133333333333 300
536 -907.6866666666666 300
537 -905.27 300
538 -905.41 300
539 -905.82 300
540 -906.6266666666667 300
541 -898.9333333333333 300
542 -899.3266666666667 300
543 -901.8433333333334 300
544 -895.75 300
545 -895.0433333333333 300
546 -894.94 300
547 -898.9166666666666 300
548 -893.38 300
549 -885.37 300
550 -887.4266666666666 300
551 -889.2166666666667 300
552 -889.9566666666667 300
553 -888.3633333333333 300
554 -885.4866666666667 300
555 -881.7566666666667 300
556 -881.4666666666667 300
557 -881.01 300
558 -879.8633333333333 300
559 -876.38 300
560 -874.6166666666667 300
561 -875.23 300
562 -876.0966666666667 300
563 -877.6733333333333 300
564 -878.2366666666667 300
565 -879.2466666666667 300
566 -878.2233333333334 300
567 -879.9733333333334 300
568 -880.9233333333333 300
569 -880.97 300
570 -880.8733333333333 300
571 -876.26 300
572 -877.5 300
573 -873.7533333333333 300
574 -874.3966666666666 300
575 -875.8833333333333 300
576 -877.6866666666666 300
577 -876.7366666666667 300
578 -875.0566666666666 300
579 -873.0266666666666 300
580 -869.9666666666667 300
581 -866.3933333333333 300
582 -864.1766666666666 300
583 -863.23 300
584 -859.8 300
585 -858.9466666666667 300
586 -856.71 300
587 -854.22 300
588 -859.4666666666667 300
589 -865.3433333333334 300
590 -863.6 300
591 -864.5333333333333 300
592 -863.3833333333333 300
593 -860.94 300
594 -856.7766666666666 300
595 -854.02 300
596 -850.4533333333334 300
597 -852.4466666666667 300
598 -847.1066666666667 300
599 -851.1966666666667 300
600 -841.5533333333333 300
601 -844.7566666666667 300
602 -848.13 300
603 -848.3633333333333 300
604 -843.9966666666667 300
605 -837.0833333333334 300
606 -838.0433333333333 300
607 -838.97 300
608 -841.82 300
609 -843.2266666666667 300
610 -842.5766666666667 300
611 -844.5833333333334 300
612 -847.8633333333333 300
613 -850.6333333333333 300
614 -856.1566666666666 300
615 -864.3766666666667 300
616 -864.5066666666667 300
617 -864.2933333333333 300
618 -863.7133333333334 300
619 -861.5633333333334 300
620 -859.3733333333333 300
621 -853.8366666666667 300
622 -850.4566666666667 300
623 -848.4533333333334 300
624 -852.6433333333333 300
625 -853.3033333333333 300
626 -854.8333333333334 300
627 -853.7366666666667 300
628 -854.8333333333334 300
629 -847.2 300
630 -848.1 300
631 -849.5833333333334 300
632 -851.4166666666666 300
633 -854.2466666666667 300
634 -853.23 300
635 -850.93 300
636 -834.1133333333333 300
637 -832.27 300
638 -833.1333333333333 300
639 -833.7966666666666 300
640 -835.2266666666667 300
641 -831.12 300
642 -831.31 300
643 -834.2066666666667 300
644 -831.1733333333333 300
645 -829.0566666666666 300
646 -829.5333333333333 300
647 -827.7333333333333 300
648 -828.0233333333333 300
649 -828.4666666666667 300
650 -828.8633333333333 300
651 -829.1566666666666 300
652 -828.85 300
653 -829.1766666666666 300
654 -829.2266666666667 300
655 -829.55 300
656 -827.7733333333333 300
657 -829.4833333333333 300
658 -831.12 300
659 -832.1766666666666 300
660 -820.4166666666666 300
661 -820.84 300
662 -814.98 300
663 -813.06 300
664 -813.31 300
665 -814.4366666666666 300
666 -815.7033333333334 300
667 -817.6966666666667 300
668 -818.6066666666667 300
669 -819.6066666666667 300
670 -820.9466666666667 300
671 -825.3633333333333 300
672 -823.1966666666667 300
673 -818.2233333333334 300
674 -810.0766666666667 300
675 -810.0233333333333 300
676 -810.0233333333333 300
677 -809.98 300
678 -809.1133333333333 300
679 -810.5 300
680 -809.8066666666666 300
681 -807.9433333333334 300
682 -803.23 300
683 -799.2433333333333 300
684 -799.8933333333333 300
685 -800.5433333333333 300
686 -800.75 300
687 -802.19 300
688 -797.7266666666667 300
689 -796.6766666666666 300
690 -796.6366666666667 300
691 -796.6366666666667 300
692 -796.8533333333334 300
693 -797.1566666666666 300
694 -797.3266666666667 300
695 -797.8433333333334 300
696 -798.2 300
697 -798.5033333333333 300
698 -799.3733333333333 300
699 -799.9466666666667 300
700 -800.3466666666667 300
701 -800.8666666666667 300
702 -801.34 300
703 -801.88 300
704 -800.5266666666666 300
705 -799.3333333333334 300
706 -799.55 300
707 -799.9533333333334 300
708 -800.0833333333334 300
709 -800.92 300
710 -801.18 300
711 -801.4833333333333 300
712 -802.0566666666666 300
713 -802.5333333333333 300
714 -801.42 300
715 -801.8 300
716 -801.8133333333334 300
717 -801.9866666666667 300
718 -802.37 300
719 -802.39 300
720 -802.07 300
721 -800.1533333333333 300
722 -798.2566666666667 300
723 -801.81 300
724 -806.7733333333333 300
725 -809.8933333333333 300
726 -794.33 300
727 -793.9433333333334 300
728 -793.25 300
729 -792.44 300
730 -791.12 300
731 -788.89 300
732 -786.3166666666667 300
733 -780.7366666666667 300
734 -781.58 300
735 -774.7666666666667 300
736 -776.41 300
737 -778.04 300
738 -775.8833333333333 300
739 -779.0733333333334 300
740 -780.08 300
741 -778.3033333333333 300
742 -777.0333333333333 300
743 -777.4366666666666 300
744 -778.2066666666667 300
745 -779.4866666666667 300
746 -781.5366666666666 300
747 -783.86 300
748 -780.4566666666667 300
749 -778.49 300
750 -777.51 300
751 -777.56 300
752 -777.78 300
753 -777.83 300
754 -775.3133333333334 300
755 -775.4033333333333 300
756 -775.36 300
757 -775.2733333333333 300
758 -774.9266666666666 300
759 -775.36 300
760 -774.4033333333333 300
761 -774.4466666666667 300
762 -773.54 300
763 -771.7633333333333 300
764 -768.09 300
765 -766.1733333333333 300
766 -766.6166666666667 300
767 -767.2233333333334 300
768 -768.24 300
769 -769.5933333333334 300
770 -772.04 300
771 -774.6366666666667 300
772 -774.2933333333333 300
773 -777.6733333333333 300
774 -776.7566666666667 300
775 -773.97 300
776 -772.7133333333334 300
777 -770.94 300
778 -767.3766666666667 300
779 -768.72 300
780 -772.36 300
781 -778.1766666666666 300
782 -783.43 300
783 -781.1766666666666 300
784 -776.1933333333334 300
785 -775.76 300
786 -775.9333333333333 300
787 -776.2366666666667 300
788 -776.6933333333334 300
789 -777.7333333333333 300
790 -780.2033333333334 300
791 -782.5533333333333 300
792 -781.47 300
793 -779.4233333333333 300
794 -775.52 300
795 -775.3033333333333 300
796 -774.35 300
797 -772.0966666666667 300
798 -768.9766666666667 300
799 -769.2366666666667 300
800 -769.3666666666667 300
801 -769.4533333333334 300
802 -769.54 300
803 -769.54 300
804 -768.24 300
805 -768.1533333333333 300
806 -766.0733333333334 300
807 -766.2033333333334 300
808 -766.6833333333333 300
809 -766.95 300
810 -767.21 300
811 -768.2966666666666 300
812 -770.42 300
813 -772.6866666666666 300
814 -771.5633333333334 300
815 -771.3066666666666 300
816 -772.1333333333333 300
817 -770.8866666666667 300
818 -771.34 300
819 -768.3266666666667 300
820 -764.04 300
821 -764.2166666666667 300
822 -764.3433333333334 300
823 -764.91 300
824 -766.0866666666667 300
825 -766.9633333333334 300
826 -768.3733333333333 300
827 -770.2733333333333 300
828 -772.5366666666666 300
829 -774.56 300
830 -774.0966666666667 300
831 -772.4266666666666 300
832 -772.3433333333334 300
833 -770.3566666666667 300
834 -771.92 300
835 -774.3566666666667 300
836 -776.3166666666667 300
837 -776.95 300
838 -776.98 300
839 -777.0066666666667 300
840 -776.92 300
841 -776.5233333333333 300
842 -774.7033333333334 300
843 -774.4166666666666 300
844 -773.16 300
845 -770.31 300
846 -770.1033333333334 300
847 -770.54 300
848 -770.7 300
849 -771.4366666666666 300
850 -773.78 300
851 -772.5366666666666 300
852 -774.66 300
853 -775.53 300
854 -777.2666666666667 300
855 -775.6866666666666 300
856 -776.04 300
857 -772.52 300
858 -770.9333333333333 300
859 -768.9166666666666 300
860 -765.0933333333334 300
861 -761.5366666666666 300
862 -762.2133333333334 300
863 -762.1333333333333 300
864 -762.8433333333334 300
865 -763.2 300
866 -763.52 300
867 -764.2166666666667 300
868 -764.9033333333333 300
869 -765.66 300
870 -766.1166666666667 300
871 -766.1366666666667 300
872 -768.8233333333334 300
873 -770.7633333333333 300
874 -772.1533333333333 300
875 -770.3766666666667 300
876 -768.99 300
877 -766.5166666666667 300
878 -763.2666666666667 300
879 -766.3433333333334 300
880 -766.6633333333333 300
881 -767.53 300
882 -767.76 300
883 -768.67 300
884 -769.7966666666666 300
885 -770.7066666666667 300
886 -768.54 300
887 -765.4633333333334 300
888 -767.37 300
889 -763.2533333333333 300
890 -763.3 300
891 -763.36 300
892 -763.49 300
893 -763.62 300
894 -763.7066666666667 300
895 -763.8366666666667 300
896 -763.9666666666667 300
897 -763.9233333333333 300
898 -764.28 300
899 -764.4233333333333 300
900 -764.6533333333333 300
901 -764.92 300
902 -765.2333333333333 300
903 -765.55 300
904 -766.2166666666667 300
905 -766.6633333333333 300
906 -767.14 300
907 -765.6733333333333 300
908 -765.6833333333333 300
909 -767.6566666666666 300
910 -764.7533333333333 300
911 -764.4633333333334 300
912 -768.31 300
913 -770.25 300
914 -768.8366666666667 300
915 -765.3566666666667 300
916 -762.6033333333334 300
917 -764.7433333333333 300
918 -758.0466666666666 300
919 -753.24 300
920 -753.5666666666667 300
921 -752.2266666666667 300
922 -752.5433333333333 300
923 -753.2166666666667 300
924 -753.54 300
925 -753.9133333333333 300
926 -752.3366666666667 300
927 -753.18 300
928 -753.1633333333333 300
929 -753.13 300
930 -753.1133333333333 300
931 -753.0466666666666 300
932 -753.0133333333333 300
933 -752.8633333333333 300
934 -752.6466666666666 300
935 -752.2966666666666 300
936 -751.65 300
937 -750.8133333333334 300
938 -748.6033333333334 300
939 -748.3466666666667 300
940 -748.4333333333333 300
941 -748.45 300
942 -748.48 300
943 -748.5433333333333 300
944 -748.7166666666667 300
945 -749.01 300
946 -749.58 300
947 -750.4966666666667 300
948 -751.5066666666667 300
949 -752.9133333333333 300
950 -754.9966666666667 300
951 -759.82 300
952 -759.8333333333334 300
953 -759.4333333333333 300
954 -759.14 300
955 -758.34 300
956 -756.61 300
957 -754.6133333333333 300
958 -754.72 300
959 -754.6433333333333 300
960 -754.6366666666667 300
961 -754.4466666666667 300
962 -754.17 300
963 -753.5633333333334 300
964 -752.65 300
965 -751.09 300
966 -748.78 300
967 -740.2233333333334 300
968 -740.32 300
969 -740.8366666666667 300
970 -741.45 300
971 -742.2833333333333 300
972 -743.3466666666667 300
973 -745.3233333333334 300
974 -744.0433333333333 300
975 -742.7066666666667 300
976 -744.2533333333333 300
977 -745.0066666666667 300
978 -747.9066666666666 300
979 -752.6966666666667 300
980 -751.3666666666667 300
981 -752.11 300
982 -751.3066666666666 300
983 -748.4966666666667 300
984 -744.0366666666666 300
985 -736.8533333333334 300
986 -736.4533333333334 300
987 -735.4266666666666 300
988 -736.67 300
989 -737.03 300
990 -737.1166666666667 300
991 -738.4966666666667 300
992 -735.9566666666667 300
993 -728.0866666666667 300
994 -728.1833333333333 300
995 -728.26 300
996 -728.3133333333334 300
997 -727.77 300
998 -726.9766666666667 300
999 -724.4233333333333 300
1000 -725.6966666666667 300
1001 -728.0666666666667 300
1002 -733.7133333333334 300
1003 -734.01 300
1004 -734.2166666666667 300
1005 -733.55 300
1006 -733.5766666666667 300
1007 -733.6466666666666 300
1008 -733.5733333333334 300
1009 -733.3466666666667 300
1010 -732.8666666666667 300
1011 -733.3633333333333 300
1012 -732.73 300
1013 -734.28 300
1014 -733.1866666666666 300
1015 -733.0233333333333 300
1016 -732.4766666666667 300
1017 -731.5833333333334 300
1018 -729.6633333333333 300
1019 -727.07 300
1020 -726.4566666666667 300
1021 -726.67 300
1022 -725.69 300
1023 -727.0433333333333 300
1024 -728.57 300
1025 -729.43 300
1026 -731.1066666666667 300
1027 -730.46 300
1028 -729.1666666666666 300
1029 -727.61 300
1030 -724.4033333333333 300
1031 -724.6133333333333 300
1032 -724.7966666666666 300
1033 -724.7966666666666 300
1034 -724.8833333333333 300
1035 -725.0833333333334 300
1036 -724.77 300
1037 -725.29 300
1038 -725.1966666666667 300
1039 -725.7266666666667 300
1040 -726.21 300
1041 -726.6066666666667 300
1042 -727.7433333333333 300
1043 -726.7433333333333 300
1044 -725.3366666666667 300
1045 -725.2933333333333 300
1046 -725.0766666666667 300
1047 -724.5566666666666 300
1048 -723.82 300
1049 -722.39 300
1050 -718.52 300
1051 -714.4866666666667 300
1052 -714.6633333333333 300
1053 -714.9633333333334 300
1054 -715.15 300
1055 -715.4133333333333 300
1056 -715.8033333333333 300
1057 -715.9766666666667 300
1058 -715.62 300
1059 -711.7266666666667 300
1060 -712.41 300
1061 -715.3133333333334 300
1062 -715.4866666666667 300
1063 -716.03 300
1064 -716.06 300
1065 -716.5366666666666 300
1066 -717.1866666666666 300
1067 -719.05 300
1068 -719.31 300
1069 -715.6266666666667 300
1070 -712.2 300
1071 -712.2866666666666 300
1072 -712.3266666666667 300
1073 -712.3266666666667 300
1074 -712.41 300
1075 -712.37 300
1076 -712.4133333333333 300
1077 -712.64 300
1078 -712.8133333333334 300
1079 -712.8933333333333 300
1080 -712.9866666666667 300
1081 -713.0033333333333 300
1082 -713.1333333333333 300
1083 -713.3066666666666 300
1084 -713.4366666666666 300
1085 -713.7933333333333 300
1086 -714.8966666666666 300
1087 -716.64 300
1088 -718.83 300
1089 -719.8266666666667 300
1090 -722.5966666666667 300
1091 -721.3366666666667 300
1092 -724.2333333333333 300
1093 -724.5033333333333 300
1094 -724.24 300
1095 -727.6333333333333 300
1096 -725.11 300
1097 -724.9633333333334 300
1098 -725.0533333333333 300
1099 -725.0533333333333 300
1100 -725.0933333333334 300
1101 -725.2933333333333 300
1102 -725.4233333333333 300
1103 -725.5966666666667 300
1104 -725.9433333333334 300
1105 -725.9166666666666 300
1106 -726.07 300
1107 -726.18 300
1108 -726.2666666666667 300
1109 -725.5833333333334 300
1110 -725.67 300
1111 -725.5466666666666 300
1112 -725.76 300
1113 -725.53 300
1114 -725.4233333333333 300
1115 -725.4666666666667 300
1116 -725.5533333333333 300
1117 -725.34 300
1118 -724.9066666666666 300
1119 -724.9066666666666 300
1120 -724.91 300
1121 -725.0066666666667 300
1122 -725.3533333333334 300
1123 -725.4066666666666 300
1124 -725.67 300
1125 -726.4366666666666 300
1126 -727.43 300
1127 -725.36 300
1128 -724.96 300
1129 -724.9166666666666 300
1130 -724.44 300
1131 -724.4633333333334 300
1132 -724.3333333333334 300
1133 -724.32 300
1134 -725.1466666666666 300
1135 -725.19 300
1136 -725.19 300
1137 -725.19 300
1138 -725.19 300
1139 -725.2866666666666 300
1140 -725.3866666666667 300
1141 -725.3866666666667 300
1142 -725.55 300
1143 -725.6466666666666 300
1144 -725.59 300
1145 -725.5633333333334 300
1146 -725.6066666666667 300
1147 -725.62 300
1148 -725.62 300
1149 -725.5133333333333 300
1150 -725.47 300
1151 -725.2433333333333 300
1152 -725.46 300
1153 -725.5 300
1154 -725.5966666666667 300
1155 -725.5566666666666 300
1156 -725.84 300
1157 -726.1 300
1158 -726.3666666666667 300
1159 -726.5366666666666 300
1160 -726.8433333333334 300
1161 -727.34 300
1162 -727.5533333333333 300
1163 -728.0166666666667 300
1164 -728.17 300
1165 -727.4666666666667 300
1166 -727.53 300
1167 -727.69 300
1168 -727.7566666666667 300
1169 -725.4033333333333 300
1170 -725.5233333333333 300
1171 -725.7566666666667 300
1172 -725.8833333333333 300
1173 -726.0433333333333 300
1174 -726.5666666666667 300
1175 -726.95 300
1176 -727.49 300
1177 -728.0433333333333 300
1178 -728.4833333333333 300
1179 -728.6466666666666 300
1180 -728.3933333333333 300
1181 -729.91 300
1182 -730.2733333333333 300
1183 -730.8266666666667 300
1184 -731.6566666666666 300
1185 -731.6333333333333 300
1186 -731.08 300
1187 -730.1833333333333 300
1188 -728.7866666666666 300
1189 -728.9666666666667 300
1190 -729.27 300
1191 -730.0666666666667 300
1192 -730.9 300
1193 -732.4733333333334 300
1194 -734.84 300
1195 -735.15 300
1196 -734.3333333333334 300
1197 -732.57 300
1198 -730.2566666666667 300
1199 -730.7233333333334 300
1200 -731.5966666666667 300
1201 -732.6933333333334 300
1202 -729.99 300
1203 -730.19 300
1204 -730.7333333333333 300
1205 -731.5266666666666 300
1206 -732.9966666666667 300
1207 -733.9366666666666 300
1208 -732.4533333333334 300
1209 -730.16 300
1210 -728.7 300
1211 -728.8033333333333 300
1212 -729.26 300
1213 -729.4633333333334 300
1214 -729.38 300
1215 -727.81 300
1216 -727.9866666666667 300
1217 -727.8266666666667 300
1218 -728.0333333333333 300
1219 -728.5033333333333 300
1220 -728.68 300
1221 -728.8366666666667 300
1222 -728.96 300
1223 -729.2533333333333 300
1224 -729.6233333333333 300
1225 -730.26 300
1226 -730.03 300
1227 -729.08 300
1228 -729.2566666666667 300
1229 -729.43 300
1230 -729.5633333333334 300
1231 -729.88 300
1232 -729.8833333333333 300
1233 -729.8733333333333 300
1234 -730.4766666666667 300
1235 -731.1366666666667 300
1236 -732.14 300
1237 -732.0533333333333 300
1238 -732.0533333333333 300
1239 -732.05 300
1240 -732.2433333333333 300
1241 -732.42 300
1242 -732.6 300
1243 -734.2766666666666 300
1244 -733.82 300
1245 -733.45 300
1246 -733.4 300
1247 -733.5933333333334 300
1248 -733.63 300
1249 -733.4533333333334 300
1250 -733.9966666666667 300
1251 -732.92 300
1252 -730.7566666666667 300
1253 -727.42 300
1254 -724.34 300
1255 -724.07 300
1256 -723.7366666666667 300
1257 -723.5666666666667 300
1258 -723.4666666666667 300
1259 -723.34 300
1260 -722.9666666666667 300
1261 -722.33 300
1262 -720.9733333333334 300
1263 -718.6633333333333 300
1264 -719.46 300
1265 -721.49 300
1266 -721.7733333333333 300
1267 -721.35 300
1268 -722.0666666666667 300
1269 -720.9933333333333 300
1270 -721.6566666666666 300
1271 -719.4133333333333 300
1272 -714.9233333333333 300
1273 -714.9233333333333 300
1274 -715.6366666666667 300
1275 -716.9633333333334 300
1276 -717.48 300
1277 -718.57 300
1278 -720.4766666666667 300
1279 -722.9966666666667 300
1280 -722.96 300
1281 -722.65 300
1282 -722.32 300
1283 -722.0033333333333 300
1284 -721.2633333333333 300
1285 -720.2966666666666 300
1286 -718.05 300
1287 -714.7366666666667 300
1288 -712.08 300
1289 -711.74 300
1290 -711.77 300
1291 -711.4266666666666 300
1292 -710.9133333333333 300
1293 -711.0866666666667 300
1294 -711.1766666666666 300
1295 -711.3133333333334 300
1296 -711.9666666666667 300
1297 -712.8366666666667 300
1298 -713.2066666666667 300
1299 -713.1933333333334 300
1300 -712.8866666666667 300
1301 -712.89 300
1302 -712.7633333333333 300
1303 -711.56 300
1304 -710.44 300
1305 -710.5766666666667 300
1306 -713.8333333333334 300
1307 -715.8733333333333 300
1308 -715.9633333333334 300
1309 -715.92 300
1310 -715.8133333333334 300
1311 -716.0166666666667 300
1312 -715.8966666666666 300
1313 -715.9033333333333 300
1314 -715.6466666666666 300
1315 -716.5233333333333 300
1316 -712.9 300
1317 -711.45 300
1318 -711.4566666666667 300
1319 -711.2366666666667 300
1320 -711.2366666666667 300
1321 -711.24 300
1322 -711.24 300
1323 -711.24 300
1324 -711.3333333333334 300
1325 -711.4466666666667 300
1326 -711.4433333333334 300
1327 -711.38 300
1328 -711.43 300
1329 -711.4766666666667 300
1330 -711.4833333333333 300
1331 -711.57 300
1332 -711.66 300
1333 -711.0833333333334 300
1334 -711.13 300
1335 -711.22 300
1336 -711.4833333333333 300
1337 -711.9233333333333 300
1338 -712.7533333333333 300
1339 -712.9366666666666 300
1340 -713.05 300
1341 -713.2566666666667 300
1342 -713.5266666666666 300
1343 -714.03 300
1344 -713.8166666666667 300
1345 -713.85 300
1346 -714.2833333333333 300
1347 -714.8033333333333 300
1348 -715.32 300
1349 -715.8333333333334 300
1350 -716.0933333333334 300
1351 -716.9166666666666 300
1352 -717.65 300
1353 -717.9533333333334 300
1354 -716.09 300
1355 -713.48 300
1356 -713.1766666666666 300
1357 -712.5266666666666 300
1358 -711.8333333333334 300
1359 -709.9733333333334 300
1360 -710.02 300
1361 -710.15 300
1362 -710.3666666666667 300
1363 -711.8833333333333 300
1364 -711.9266666666666 300
1365 -713.4866666666667 300
1366 -716.9933333333333 300
1367 -719.9833333333333 300
1368 -719.1166666666667 300
1369 -716.7766666666666 300
1370 -713.6133333333333 300
1371 -713.3066666666666 300
1372 -713.3066666666666 300
1373 -713.36 300
1374 -713.36 300
1375 -713.6666666666666 300
1376 -714.1866666666666 300
1377 -714.7066666666667 300
1378 -715.3133333333334 300
1379 -716.05 300
1380 -717.2666666666667 300
1381 -718.9966666666667 300
1382 -720.47 300
1383 -723.33 300
1384 -723.33 300
1385 -723.2866666666666 300
1386 -723.08 300
1387 -723.1066666666667 300
1388 -722.34 300
1389 -725.1 300
1390 -725.7133333333334 300
1391 -725.3066666666666 300
1392 -725.6966666666667 300
1393 -726.0433333333333 300
1394 -726.65 300
1395 -727.31 300
1396 -728.15 300
1397 -728.92 300
1398 -724.89 300
1399 -724.88 300
1400 -725.27 300
1401 -725.66 300
1402 -725.9633333333334 300
1403 -726.2666666666667 300
1404 -726.6133333333333 300
1405 -727.48 300
1406 -728.3133333333334 300
1407 -728.66 300
1408 -725.8433333333334 300
1409 -725.67 300
1410 -724.4933333333333 300
1411 -724.71 300
1412 -724.7966666666666 300
1413 -724.7033333333334 300
1414 -724.7466666666667 300
1415 -724.7433333333333 300
1416 -725.0566666666666 300
1417 -725.1 300
1418 -725.23 300
1419 -725.2833333333333 300
1420 -725.3266666666667 300
1421 -725.1966666666667 300
1422 -724.8033333333333 300
1423 -724.34 300
1424 -724.3366666666667 300
1425 -724.3333333333334 300
1426 -723.03 300
1427 -722.9966666666667 300
1428 -722.69 300
1429 -722.21 300
1430 -721.0 300
1431 -722.8733333333333 300
1432 -722.45 300
1433 -721.4766666666667 300
1434 -719.54 300
1435 -717.19 300
1436 -719.5666666666667 300
1437 -722.3733333333333 300
1438 -723.2466666666667 300
1439 -722.9766666666667 300
1440 -723.42 300
1441 -723.3866666666667 300
1442 -723.55 300
1443 -723.5766666666667 300
1444 -723.5833333333334 300
1445 -723.6266666666667 300
1446 -724.0066666666667 300
1447 -724.0166666666667 300
1448 -723.94 300
1449 -723.5333333333333 300
1450 -723.36 300
1451 -723.3133333333334 300
1452 -723.27 300
1453 -723.2233333333334 300
1454 -723.1766666666666 300
1455 -723.1333333333333 300
1456 -723.09 300
1457 -723.0333333333333 300
1458 -722.2066666666667 300
1459 -720.9433333333334 300
1460 -717.2966666666666 300
1461 -713.0933333333334 300
1462 -713.6566666666666 300
1463 -714.3466666666667 300
1464 -715.9066666666666 300
1465 -718.3866666666667 300
1466 -722.3466666666667 300
1467 -723.6933333333334 300
1468 -723.3466666666667 300
1469 -723.0 300
1470 -722.2633333333333 300
1471 -721.18 300
1472 -722.6966666666667 300
1473 -724.5266666666666 300
1474 -724.53 300
1475 -724.9966666666667 300
1476 -724.2133333333334 300
1477 -724.17 300
1478 -724.0833333333334 300
1479 -723.91 300
1480 -722.87 300
1481 -721.7433333333333 300
1482 -719.9266666666666 300
1483 -722.2733333333333 300
1484 -722.4 300
1485 -724.3666666666667 300
1486 -724.3266666666667 300
1487 -724.1433333333333 300
1488 -724.23 300
1489 -724.1 300
1490 -724.3666666666667 300
1491 -724.0833333333334 300
1492 -723.8666666666667 300
1493 -723.3033333333333 300
1494 -722.7833333333333 300
1495 -721.6133333333333 300
1496 -719.23 300
1497 -714.2466666666667 300
1498 -712.4266666666666 300
1499 -712.4266666666666 300
1500 -712.4266666666666 300
1501 -712.5566666666666 300
1502 -712.5566666666666 300
1503 -712.73 300
1504 -712.73 300
1505 -712.9033333333333 300
1506 -712.9033333333333 300
1507 -711.9933333333333 300
1508 -711.9933333333333 300
1509 -712.0833333333334 300
1510 -712.2633333333333 300
1511 -712.2633333333333 300
1512 -712.2633333333333 300
1513 -712.2233333333334 300
1514 -712.2666666666667 300
1515 -712.3633333333333 300
1516 -712.36 300
1517 -712.49 300
1518 -712.4366666666666 300
1519 -712.34 300
1520 -712.3833333333333 300
1521 -712.47 300
1522 -712.47 300
1523 -712.7066666666667 300
1524 -712.7933333333333 300
1525 -712.75 300
1526 -710.6266666666667 300
1527 -710.3633333333333 300
1528 -710.32 300
1529 -710.4066666666666 300
1530 -710.45 300
1531 -710.4933333333333 300
1532 -710.41 300
1533 -710.41 300
1534 -710.41 300
1535 -710.4566666666667 300
1536 -710.4133333333333 300
1537 -710.3266666666667 300
1538 -710.2833333333333 300
1539 -710.1533333333333 300
1540 -709.8933333333333 300
1541 -709.4166666666666 300
1542 -708.55 300
1543 -707.1233333333333 300
1544 -709.5733333333334 300
1545 -709.7866666666666 300
1546 -709.18 300
1547 -708.79 300
1548 -708.1833333333333 300
1549 -706.0166666666667 300
1550 -702.2466666666667 300
1551 -698.7033333333334 300
1552 -698.7466666666667 300
1553 -698.78 300
1554 -698.9533333333334 300
1555 -698.9533333333334 300
1556 -698.9533333333334 300
1557 -698.9533333333334 300
1558 -698.9533333333334 300
1559 -698.9966666666667 300
1560 -699.04 300
1561 -699.0833333333334 300
1562 -699.04 300
1563 -699.04 300
1564 -699.1266666666667 300
1565 -699.3133333333334 300
1566 -699.41 300
1567 -699.6133333333333 300
1568 -699.6333333333333 300
1569 -699.7133333333334 300
1570 -700.1033333333334 300
1571 -700.6666666666666 300
1572 -700.6666666666666 300
1573 -699.7 300
1574 -699.6566666666666 300
1575 -699.6566666666666 300
1576 -699.7866666666666 300
1577 -700.0466666666666 300
1578 -700.09 300
1579 -700.4366666666666 300
1580 -700.5233333333333 300
1581 -698.2266666666667 300
1582 -697.7066666666667 300
1583 -697.49 300
1584 -697.2733333333333 300
1585 -696.71 300
1586 -694.9766666666667 300
1587 -693.09 300
1588 -689.6866666666666 300
1589 -690.6833333333333 300
1590 -691.8966666666666 300
1591 -693.1533333333333 300
1592 -696.1866666666666 300
1593 -697.6266666666667 300
1594 -697.95 300
1595 -697.9266666666666 300
1596 -697.45 300
1597 -697.09 300
1598 -695.8966666666666 300
1599 -696.1766666666666 300
1600 -698.17 300
1601 -698.7866666666666 300
1602 -698.5266666666666 300
1603 -698.18 300
1604 -698.2033333333334 300
1605 -698.2633333333333 300
1606 -697.57 300
1607 -692.6133333333333 300
1608 -687.1533333333333 300
1609 -686.6533333333333 300
1610 -684.8533333333334 300
1611 -684.9033333333333 300
1612 -685.1 300
1613 -685.53 300
1614 -686.0166666666667 300
1615 -685.9833333333333 300
1616 -685.8733333333333 300
1617 -685.8733333333333 300
1618 -686.26 300
1619 -686.55 300
1620 -687.3233333333334 300
1621 -687.53 300
1622 -687.8033333333333 300
1623 -687.7066666666667 300
1624 -688.19 300
1625 -688.5766666666667 300
1626 -689.1566666666666 300
1627 -690.0266666666666 300
1628 -690.51 300
1629 -691.4766666666667 300
1630 -692.68 300
1631 -693.6366666666667 300
1632 -693.7333333333333 300
1633 -689.5766666666667 300
1634 -687.3633333333333 300
1635 -687.3633333333333 300
1636 -687.5033333333333 300
1637 -687.6 300
1638 -687.6966666666667 300
1639 -687.89 300
1640 -687.89 300
1641 -688.0833333333334 300
1642 -688.18 300
1643 -687.5033333333333 300
1644 -687.6 300
1645 -687.6 300
1646 -687.6966666666667 300
1647 -685.45 300
1648 -684.0966666666667 300
1649 -684.0966666666667 300
1650 -684.0966666666667 300
1651 -684.0966666666667 300
1652 -684.0966666666667 300
1653 -684.1 300
1654 -684.08 300
1655 -683.9 300
1656 -683.8666666666667 300
1657 -683.64 300
1658 -683.1866666666666 300
1659 -682.6833333333333 300
1660 -681.2266666666667 300
1661 -679.3 300
1662 -673.8366666666667 300
1663 -663.42 300
1664 -653.1933333333334 300
1665 -653.1933333333334 300
1666 -653.4633333333334 300
1667 -653.62 300
1668 -654.1866666666666 300
1669 -654.4566666666667 300
1670 -654.7533333333333 300
1671 -655.0333333333333 300
1672 -654.4933333333333 300
1673 -652.4133333333333 300
1674 -651.69 300
1675 -651.8033333333333 300
1676 -651.6833333333333 300
1677 -651.78 300
1678 -651.78 300
1679 -651.78 300
1680 -651.9366666666666 300
1681 -651.98 300
1682 -652.0766666666667 300
1683 -652.2866666666666 300
1684 -652.48 300
1685 -652.9633333333334 300
1686 -653.6566666666666 300
1687 -655.2033333333334 300
1688 -656.3533333333334 300
1689 -655.2066666666667 300
1690 -651.8133333333334 300
1691 -652.2333333333333 300
1692 -652.8466666666667 300
1693 -654.2433333333333 300
1694 -656.64 300
1695 -659.4 300
1696 -658.8933333333333 300
1697 -655.8566666666667 300
1698 -655.7966666666666 300
1699 -658.6266666666667 300
1700 -663.09 300
1701 -664.63 300
1702 -667.76 300
1703 -668.9233333333333 300
1704 -668.6666666666666 300
1705 -665.2233333333334 300
1706 -665.5066666666667 300
1707 -666.0866666666667 300
1708 -667.0366666666666 300
1709 -668.31 300
1710 -670.33 300
1711 -668.1833333333333 300
1712 -671.0733333333334 300
1713 -677.0466666666666 300
1714 -687.6133333333333 300
1715 -691.84 300
1716 -692.0666666666667 300
1717 -692.2833333333333 300
1718 -692.49 300
1719 -693.0433333333333 300
1720 -694.8066666666666 300
1721 -697.99 300
1722 -705.0 300
1723 -705.0 300
1724 -705.0 300
1725 -705.0 300
1726 -705.0 300
1727 -705.0 300
1728 -705.0 300
1729 -705.0 300
1730 -705.0 300
1731 -705.0 300
1732 -705.0 300
1733 -705.0 300
1734 -705.0 300
1735 -705.0033333333333 300
1736 -705.0466666666666 300
1737 -705.0033333333333 300
1738 -705.0033333333333 300
1739 -705.0 300
1740 -705.0433333333333 300
1741 -705.0433333333333 300
1742 -705.0866666666667 300
1743 -705.0866666666667 300
1744 -705.13 300
1745 -705.23 300
1746 -705.3266666666667 300
1747 -705.81 300
1748 -706.1 300
1749 -706.9266666666666 300
1750 -707.8066666666666 300
1751 -707.9033333333333 300
1752 -708.04 300
1753 -708.32 300
1754 -708.5133333333333 300
1755 -708.8033333333333 300
1756 -706.29 300
1757 -706.87 300
1758 -707.16 300
1759 -707.2566666666667 300
1760 -707.6433333333333 300
1761 -708.0333333333333 300
1762 -708.5233333333333 300
1763 -708.9133333333333 300
1764 -710.2733333333333 300
1765 -711.8733333333333 300
1766 -715.8666666666667 300
1767 -717.9766666666667 300
1768 -719.73 300
1769 -722.62 300
1770 -727.7966666666666 300
1771 -729.1266666666667 300
1772 -726.04 300
1773 -720.2833333333333 300
1774 -709.07 300
1775 -705.42 300
1776 -705.42 300
1777 -705.42 300
1778 -705.3766666666667 300
1779 -705.3333333333334 300
1780 -705.29 300
1781 -705.2466666666667 300
1782 -705.2033333333334 300
1783 -705.16 300
1784 -705.1166666666667 300
1785 -705.3466666666667 300
1786 -705.3466666666667 300
1787 -705.0033333333333 300
1788 -704.3633333333333 300
1789 -704.9166666666666 300
1790 -704.55 300
1791 -704.1033333333334 300
1792 -704.6 300
1793 -703.9466666666667 300
1794 -706.33 300
1795 -703.94 300
1796 -702.49 300
1797 -699.63 300
1798 -698.9 300
1799 -700.2566666666667 300
1800 -703.0066666666667 300
1801 -707.27 300
1802 -708.1466666666666 300
1803 -708.1333333333333 300
1804 -708.1233333333333 300
1805 -707.9566666666667 300
1806 -707.4733333333334 300
1807 -707.8166666666667 300
1808 -708.13 300
1809 -708.6833333333333 300
1810 -709.2833333333333 300
1811 -709.49 300
1812 -709.0666666666667 300
1813 -708.98 300
1814 -708.9866666666667 300
1815 -708.8633333333333 300
1816 -709.26 300
1817 -709.5066666666667 300
1818 -709.82 300
1819 -710.46 300
1820 -710.8833333333333 300
1821 -710.8866666666667 300
1822 -710.9966666666667 300
1823 -711.5366666666666 300
1824 -710.6666666666666 300
1825 -711.4733333333334 300
1826 -711.5466666666666 300
1827 -711.3566666666667 300
1828 -711.12 300
1829 -711.5633333333334 300
1830 -707.9266666666666 300
1831 -706.5833333333334 300
1832 -706.5833333333334 300
1833 -706.5833333333334 300
1834 -706.63 300
1835 -706.6366666666667 300
1836 -706.6366666666667 300
1837 -706.5633333333334 300
1838 -706.4333333333333 300
1839 -706.2966666666666 300
1840 -706.28 300
1841 -706.3 300
1842 -706.2466666666667 300
1843 -706.3733333333333 300
1844 -706.48 300
1845 -706.1533333333333 300
1846 -706.1533333333333 300
1847 -706.1533333333333 300
1848 -706.11 300
1849 -706.0233333333333 300
1850 -705.6333333333333 300
1851 -704.8966666666666 300
1852 -703.2066666666667 300
1853 -700.1733333333333 300
1854 -699.1333333333333 300
1855 -699.22 300
1856 -699.3066666666666 300
1857 -699.22 300
1858 -699.22 300
1859 -699.13 300
1860 -698.87 300
1861 -698.3033333333333 300
1862 -697.4733333333334 300
1863 -697.6933333333334 300
1864 -694.8466666666667 300
1865 -693.54 300
1866 -693.5266666666666 300
1867 -693.5066666666667 300
1868 -693.5033333333333 300
1869 -693.3666666666667 300
1870 -693.1833333333333 300
1871 -692.5766666666667 300
1872 -692.5833333333334 300
1873 -692.5866666666667 300
1874 -692.59 300
1875 -692.5966666666667 300
1876 -692.6033333333334 300
1877 -692.61 300
1878 -692.6266666666667 300
1879 -692.5966666666667 300
1880 -692.6133333333333 300
1881 -692.6266666666667 300
1882 -692.5966666666667 300
1883 -692.7533333333333 300
1884 -692.7933333333333 300
1885 -692.8266666666667 300
1886 -692.7033333333334 300
1887 -692.46 300
1888 -692.4233333333333 300
1889 -692.35 300
1890 -691.9366666666666 300
1891 -692.6066666666667 300
1892 -692.6033333333334 300
1893 -692.5666666666667 300
1894 -692.72 300
1895 -692.68 300
1896 -692.5533333333333 300
1897 -692.5233333333333 300
1898 -692.0933333333334 300
1899 -691.04 300
1900 -692.6033333333334 300
1901 -692.7933333333333 300
1902 -692.96 300
1903 -693.74 300
1904 -695.6 300
1905 -699.3566666666667 300
1906 -702.0 300
1907 -702.8233333333334 300
1908 -705.1633333333333 300
1909 -705.1633333333333 300
1910 -705.2066666666667 300
1911 -705.2066666666667 300
1912 -705.2066666666667 300
1913 -705.2066666666667 300
1914 -705.25 300
1915 -705.39 300
1916 -705.4766666666667 300
1917 -705.5633333333334 300
1918 -705.8766666666667 300
1919 -706.0933333333334 300
1920 -706.6566666666666 300
1921 -707.48 300
1922 -709.1166666666667 300
1923 -711.0233333333333 300
1924 -711.72 300
1925 -711.6333333333333 300
1926 -711.8366666666667 300
1927 -711.9333333333333 300
1928 -711.8033333333333 300
1929 -711.89 300
1930 -711.8033333333333 300
1931 -711.8966666666666 300
1932 -712.01 300
1933 -712.7366666666667 300
1934 -713.6866666666666 300
1935 -714.8733333333333 300
1936 -716.73 300
1937 -717.54 300
1938 -718.02 300
1939 -717.21 300
1940 -708.9333333333333 300
1941 -708.9766666666667 300
1942 -709.16 300
1943 -709.3466666666667 300
1944 -709.6066666666667 300
1945 -710.3633333333333 300
1946 -710.9833333333333 300
1947 -711.7766666666666 300
1948 -714.7166666666667 300
1949 -719.0333333333333 300
1950 -719.0133333333333 300
1951 -718.9366666666666 300
1952 -718.33 300
1953 -718.2066666666667 300
1954 -717.8833333333333 300
1955 -717.6966666666667 300
1956 -716.93 300
1957 -716.23 300
1958 -714.55 300
1959 -711.65 300
1960 -711.5166666666667 300
1961 -711.6333333333333 300
1962 -711.8033333333333 300
1963 -711.8833333333333 300
1964 -711.94 300
1965 -711.96 300
1966 -711.9066666666666 300
1967 -711.97 300
1968 -711.6866666666666 300
1969 -711.3533333333334 300
1970 -710.6833333333333 300
1971 -709.14 300
1972 -705.1133333333333 300
1973 -704.2933333333333 300
1974 -704.9333333333333 300
1975 -706.1266666666667 300
1976 -708.2266666666667 300
1977 -712.8233333333334 300
1978 -712.7266666666667 300
1979 -711.76 300
1980 -709.35 300
1981 -707.8966666666666 300
1982 -709.7633333333333 300
1983 -709.8366666666667 300
1984 -711.37 300
1985 -711.3733333333333 300
1986 -713.2366666666667 300
1987 -716.4566666666667 300
1988 -720.4966666666667 300
1989 -716.2333333333333 300
1990 -716.3133333333334 300
1991 -716.2266666666667 300
1992 -715.6033333333334 300
1993 -715.5133333333333 300
1994 -717.03 300
1995 -716.8533333333334 300
1996 -716.7633333333333 300
1997 -716.6733333333333 300
1998 -716.5833333333334 300
1999 -716.4933333333333 300
2000 -716.4133333333333 300
2001 -715.9633333333334 300
2002 -715.2566666666667 300
2003 -713.7366666666667 300
2004 -710.7466666666667 300
2005 -705.87 300
2006 -694.56 300
2007 -694.6 300
2008 -694.7466666666667 300
2009 -695.0233333333333 300
2010 -695.3033333333333 300
2011 -695.4533333333334 300
2012 -695.5533333333333 300
2013 -695.8133333333334 300
2014 -696.49 300
2015 -697.0166666666667 300
2016 -697.4833333333333 300
2017 -698.38 300
2018 -700.0666666666667 300
2019 -701.3233333333334 300
2020 -702.4466666666667 300
2021 -703.2866666666666 300
2022 -702.1966666666667 300
2023 -703.5966666666667 300
2024 -705.59 300
2025 -708.3533333333334 300
2026 -710.1733333333333 300
2027 -711.0833333333334 300
2028 -711.8 300
2029 -714.6166666666667 300
2030 -718.9433333333334 300
2031 -718.4366666666666 300
2032 -718.5433333333333 300
2033 -718.5533333333333 300
2034 -718.5533333333333 300
2035 -718.5533333333333 300
2036 -718.5533333333333 300
2037 -718.5566666666666 300
2038 -718.5566666666666 300
2039 -718.5566666666666 300
2040 -718.5133333333333 300
2041 -718.5133333333333 300
2042 -718.5133333333333 300
2043 -718.5233333333333 300
2044 -718.5666666666667 300
2045 -718.5766666666667 300
2046 -718.58 300
2047 -718.59 300
2048 -718.59 300
2049 -718.6 300
2050 -718.6 300
2051 -718.6 300
2052 -718.5566666666666 300
2053 -718.47 300
2054 -718.34 300
2055 -718.0366666666666 300
2056 -717.3866666666667 300
2057 -716.4333333333333 300
2058 -716.6233333333333 300
2059 -716.43 300
2060 -717.0366666666666 300
2061 -717.8633333333333 300
2062 -718.6666666666666 300
2063 -718.76 300
2064 -718.3633333333333 300
2065 -718.3633333333333 300
2066 -718.3633333333333 300
2067 -718.4066666666666 300
2068 -718.4066666666666 300
2069 -718.41 300
2070 -718.41 300
2071 -718.4166666666666 300
2072 -718.46 300
2073 -718.3833333333333 300
2074 -718.3833333333333 300
2075 -718.3833333333333 300
2076 -718.3833333333333 300
2077 -718.4933333333333 300
2078 -718.35 300
2079 -718.4133333333333 300
2080 -718.4133333333333 300
2081 -718.4166666666666 300
2082 -718.2766666666666 300
2083 -718.3633333333333 300
2084 -718.3633333333333 300
2085 -718.3733333333333 300
2086 -718.3733333333333 300
2087 -718.3733333333333 300
2088 -718.3233333333334 300
2089 -718.28 300
2090 -718.3733333333333 300
2091 -718.3933333333333 300
2092 -718.3933333333333 300
2093 -718.3433333333334 300
2094 -718.3433333333334 300
2095 -718.3533333333334 300
2096 -718.3633333333333 300
2097 -718.3633333333333 300
2098 -718.3733333333333 300
2099 -718.3933333333333 300
2100 -718.3933333333333 300
2101 -718.3933333333333 300
2102 -718.3933333333333 300
2103 -718.3933333333333 300
2104 -718.36 300
2105 -718.36 300
2106 -718.36 300
2107 -718.36 300
2108 -718.37 300
2109 -718.37 300
2110 -718.3266666666667 300
2111 -718.3266666666667 300
2112 -718.2833333333333 300
2113 -718.38 300
2114 -718.37 300
2115 -718.37 300
2116 -718.37 300
2117 -718.37 300
2118 -718.37 300
2119 -718.37 300
2120 -718.37 300
2121 -718.33 300
2122 -718.48 300
2123 -718.4833333333333 300
2124 -718.5833333333334 300
2125 -718.6833333333333 300
2126 -718.8833333333333 300
2127 -719.2 300
2128 -719.4466666666667 300
2129 -718.4866666666667 300
2130 -718.5833333333334 300
2131 -718.5933333333334 300
2132 -718.5966666666667 300
2133 -718.5966666666667 300
2134 -718.4133333333333 300
2135 -718.3166666666667 300
2136 -718.23 300
2137 -718.1433333333333 300
2138 -718.0566666666666 300
2139 -717.97 300
2140 -717.9033333333333 300
2141 -717.5233333333333 300
2142 -717.4266666666666 300
2143 -717.33 300
2144 -717.2333333333333 300
2145 -717.1366666666667 300
2146 -716.3166666666667 300
2147 -716.22 300
2148 -715.9866666666667 300
2149 -715.8466666666667 300
2150 -715.61 300
2151 -715.4733333333334 300
2152 -714.7733333333333 300
2153 -713.9966666666667 300
2154 -711.9 300
2155 -710.3333333333334 300
2156 -713.2766666666666 300
2157 -718.3733333333333 300
2158 -718.3333333333334 300
2159 -718.29 300
2160 -718.2466666666667 300
2161 -718.2266666666667 300
2162 -718.4433333333334 300
2163 -718.54 300
2164 -718.7 300
2165 -718.7966666666666 300
2166 -718.9933333333333 300
2167 -719.09 300
2168 -719.3966666666666 300
2169 -719.4533333333334 300
2170 -719.4666666666667 300
2171 -719.5433333333333 300
2172 -719.5533333333333 300
2173 -719.5566666666666 300
2174 -719.56 300
2175 -719.5733333333334 300
2176 -719.5866666666667 300
2177 -719.59 300
2178 -719.5933333333334 300
2179 -719.5966666666667 300
2180 -719.6 300
2181 -719.7033333333334 300
2182 -719.75 300
2183 -719.7566666666667 300
2184 -719.87 300
2185 -719.9333333333333 300
2186 -719.9 300
2187 -720.1233333333333 300
2188 -720.1533333333333 300
2189 -720.2566666666667 300
2190 -720.3266666666667 300
2191 -720.41 300
2192 -720.5233333333333 300
2193 -720.6133333333333 300
2194 -720.4166666666666 300
2195 -720.33 300
2196 -718.83 300
2197 -718.38 300
2198 -718.35 300
2199 -718.2766666666666 300
2200 -718.2133333333334 300
2201 -718.14 300
2202 -718.0666666666667 300
2203 -717.88 300
2204 -717.5333333333333 300
2205 -716.6366666666667 300
2206 -715.3066666666666 300
2207 -718.0533333333333 300
2208 -718.02 300
2209 -717.9866666666667 300
2210 -718.9933333333333 300
2211 -719.0033333333333 300
2212 -719.0866666666667 300
2213 -719.1166666666667 300
2214 -719.1766666666666 300
2215 -719.2066666666667 300
2216 -719.2266666666667 300
2217 -719.3733333333333 300
2218 -719.3933333333333 300
2219 -719.3466666666667 300
2220 -719.4466666666667 300
2221 -719.5366666666666 300
2222 -719.3066666666666 300
2223 -718.16 300
2224 -718.16 300
2225 -718.1566666666666 300
2226 -718.1566666666666 300
2227 -718.1566666666666 300
2228 -718.1566666666666 300
2229 -718.1266666666667 300
2230 -718.1266666666667 300
2231 -718.1266666666667 300
2232 -718.1266666666667 300
2233 -718.1733333333333 300
2234 -718.1733333333333 300
2235 -718.1733333333333 300
2236 -718.12 300
2237 -718.12 300
2238 -718.12 300
2239 -718.12 300
2240 -718.1233333333333 300
2241 -718.1233333333333 300
2242 -718.1233333333333 300
2243 -718.1233333333333 300
2244 -718.1766666666666 300
2245 -718.1766666666666 300
2246 -718.18 300
2247 -718.1366666666667 300
2248 -718.2233333333334 300
2249 -718.1766666666666 300
2250 -718.1333333333333 300
2251 -718.2166666666667 300
2252 -718.2166666666667 300
2253 -718.2166666666667 300
2254 -718.2166666666667 300
2255 -718.2166666666667 300
2256 -718.2166666666667 300
2257 -718.26 300
2258 -718.26 300
2259 -718.2166666666667 300
2260 -718.2166666666667 300
2261 -718.2166666666667 300
2262 -718.2166666666667 300
2263 -718.2166666666667 300
2264 -718.2166666666667 300
2265 -718.2166666666667 300
2266 -718.2166666666667 300
2267 -718.12 300
2268 -718.12 300
2269 -718.12 300
2270 -718.1233333333333 300
2271 -718.12 300
2272 -718.12 300
2273 -718.1533333333333 300
2274 -718.12 300
2275 -718.0766666666667 300
2276 -717.9866666666667 300
2277 -717.9866666666667 300
2278 -717.9433333333334 300
2279 -717.9 300
2280 -717.7466666666667 300
2281 -717.13 300
2282 -715.83 300
2283 -713.5333333333333 300
2284 -707.8133333333334 300
2285 -705.2466666666667 300
2286 -705.2466666666667 300
2287 -705.2466666666667 300
2288 -705.25 300
2289 -705.25 300
2290 -705.2066666666667 300
2291 -705.0766666666667 300
2292 -704.91 300
2293 -704.6466666666666 300
2294 -703.6466666666666 300
2295 -702.9933333333333 300
2296 -702.2133333333334 300
2297 -700.6533333333333 300
2298 -697.1866666666666 300
2299 -692.26 300
2300 -692.26 300
2301 -692.2166666666667 300
2302 -692.2166666666667 300
2303 -692.2166666666667 300
2304 -692.2166666666667 300
2305 -692.2166666666667 300
2306 -692.2166666666667 300
2307 -692.2166666666667 300
2308 -692.27 300
2309 -692.27 300
2310 -692.2266666666667 300
2311 -691.9666666666667 300
2312 -691.9233333333333 300
2313 -691.88 300
2314 -691.8366666666667 300
2315 -691.7066666666667 300
2316 -691.3166666666667 300
2317 -690.6666666666666 300
2318 -691.9666666666667 300
2319 -691.9233333333333 300
2320 -691.88 300
2321 -691.84 300
2322 -691.83 300
2323 -691.7866666666666 300
2324 -691.84 300
2325 -691.7966666666666 300
2326 -691.6233333333333 300
2327 -691.32 300
2328 -690.41 300
2329 -688.98 300
2330 -685.5133333333333 300
2331 -679.3966666666666 300
2332 -679.3533333333334 300
2333 -679.35 300
2334 -679.3933333333333 300
2335 -679.5433333333333 300
2336 -679.2633333333333 300
2337 -679.2633333333333 300
2338 -679.3066666666666 300
2339 -679.4033333333333 300
2340 -679.4033333333333 300
2341 -679.5 300
2342 -679.79 300
2343 -679.8333333333334 300
2344 -679.8333333333334 300
2345 -679.3066666666666 300
2346 -679.3066666666666 300
2347 -679.35 300
2348 -679.35 300
2349 -679.24 300
2350 -679.24 300
2351 -679.1966666666667 300
2352 -679.1 300
2353 -679.1 300
2354 -679.1433333333333 300
2355 -679.1433333333333 300
2356 -679.1433333333333 300
2357 -679.1433333333333 300
2358 -679.1433333333333 300
2359 -679.1 300
2360 -679.1433333333333 300
2361 -679.1433333333333 300
2362 -679.1433333333333 300
2363 -679.1466666666666 300
2364 -679.1466666666666 300
2365 -679.2466666666667 300
2366 -679.2533333333333 300
2367 -679.3 300
2368 -679.3033333333333 300
2369 -679.3166666666667 300
2370 -679.32 300
2371 -679.32 300
2372 -679.1333333333333 300
2373 -679.1333333333333 300
2374 -679.1333333333333 300
2375 -679.1333333333333 300
2376 -679.1333333333333 300
2377 -679.1333333333333 300
2378 -679.1366666666667 300
2379 -679.1366666666667 300
2380 -679.1366666666667 300
2381 -679.1366666666667 300
2382 -679.1366666666667 300
2383 -679.13 300
2384 -679.13 300
2385 -679.13 300
2386 -679.0866666666667 300
2387 -679.0466666666666 300
2388 -678.9166666666666 300
2389 -679.0466666666666 300
2390 -679.0466666666666 300
2391 -679.0466666666666 300
2392 -679.0466666666666 300
2393 -679.1766666666666 300
2394 -679.2133333333334 300
2395 -679.1466666666666 300
2396 -679.1466666666666 300
2397 -679.1466666666666 300
2398 -679.1466666666666 300
2399 -679.14 300
2400 -679.14 300
2401 -679.14 300
2402 -679.14 300
2403 -679.14 300
2404 -679.14 300
2405 -679.14 300
2406 -679.14 300
2407 -679.14 300
2408 -679.2366666666667 300
2409 -679.43 300
2410 -679.5266666666666 300
2411 -679.8166666666667 300
2412 -679.9133333333333 300
2413 -680.1066666666667 300
2414 -680.1066666666667 300
2415 -680.3 300
2416 -680.6866666666666 300
2417 -680.6866666666666 300
2418 -680.69 300
2419 -680.69 300
2420 -680.55 300
2421 -680.6433333333333 300
2422 -680.6433333333333 300
2423 -680.6433333333333 300
2424 -680.6433333333333 300
2425 -680.6866666666666 300
2426 -680.7833333333333 300
2427 -680.88 300
2428 -681.02 300
2429 -681.46 300
2430 -681.46 300
2431 -681.46 300
2432 -681.46 300
2433 -681.5566666666666 300
2434 -681.6533333333333 300
2435 -681.6533333333333 300
2436 -681.6533333333333 300
2437 -681.75 300
2438 -681.8 300
2439 -681.8966666666666 300
2440 -682.14 300
2441 -682.2366666666667 300
2442 -682.15 300
2443 -681.9966666666667 300
2444 -679.1966666666667 300
2445 -679.1966666666667 300
2446 -679.1966666666667 300
2447 -679.1966666666667 300
2448 -679.1966666666667 300
2449 -679.1966666666667 300
2450 -679.1966666666667 300
2451 -679.1533333333333 300
2452 -679.2 300
2453 -679.1566666666666 300
2454 -679.07 300
2455 -678.9833333333333 300
2456 -678.7666666666667 300
2457 -678.6466666666666 300
2458 -678.0366666666666 300
2459 -677.1266666666667 300
2460 -674.8733333333333 300
2461 -671.0166666666667 300
2462 -670.01 300
2463 -670.0966666666667 300
2464 -670.14 300
2465 -670.1833333333333 300
2466 -670.7466666666667 300
2467 -671.4833333333333 300
2468 -672.61 300
2469 -674.17 300
2470 -676.9 300
2471 -677.7233333333334 300
2472 -676.5966666666667 300
2473 -677.7666666666667 300
2474 -676.4666666666667 300
2475 -675.2966666666666 300
2476 -672.74 300
2477 -669.75 300
2478 -670.0966666666667 300
2479 -670.53 300
2480 -671.44 300
2481 -672.0466666666666 300
2482 -673.1733333333333 300
2483 -674.2133333333334 300
2484 -676.2066666666667 300
2485 -677.03 300
2486 -675.9466666666667 300
2487 -673.92 300
2488 -669.0233333333333 300
2489 -667.2466666666667 300
2490 -666.6966666666667 300
2491 -666.74 300
2492 -666.7833333333333 300
2493 -666.7833333333333 300
2494 -666.8266666666667 300
2495 -666.8266666666667 300
2496 -666.8266666666667 300
2497 -666.8266666666667 300
2498 -666.8266666666667 300
2499 -666.87 300
2500 -666.87 300
2501 -666.87 300
2502 -666.87 300
2503 -666.87 300
2504 -666.87 300
2505 -666.87 300
2506 -666.87 300
2507 -666.87 300
2508 -666.3166666666667 300
2509 -666.3166666666667 300
2510 -666.3166666666667 300
2511 -666.3166666666667 300
2512 -666.3166666666667 300
2513 -666.3166666666667 300
2514 -666.3166666666667 300
2515 -666.36 300
2516 -666.36 300
2517 -666.4566666666667 300
2518 -666.4566666666667 300
2519 -666.5033333333333 300
2520 -666.5033333333333 300
2521 -666.5033333333333 300
2522 -666.4066666666666 300
2523 -666.4066666666666 300
2524 -666.4933333333333 300
2525 -666.4933333333333 300
2526 -666.4933333333333 300
2527 -666.4933333333333 300
2528 -666.4933333333333 300
2529 -666.4933333333333 300
2530 -666.4933333333333 300
2531 -666.4933333333333 300
2532 -666.4933333333333 300
2533 -666.4933333333333 300
2534 -666.4933333333333 300
2535 -666.4933333333333 300
2536 -666.4933333333333 300
2537 -666.4933333333333 300
2538 -666.4933333333333 300
2539 -666.54 300
2540 -666.54 300
2541 -666.54 300
2542 -666.54 300
2543 -666.54 300
2544 -666.68 300
2545 -666.5366666666666 300
2546 -666.5366666666666 300
2547 -666.5366666666666 300
2548 -666.5366666666666 300
2549 -666.58 300
2550 -666.6233333333333 300
2551 -666.6666666666666 300
2552 -666.6666666666666 300
2553 -666.6666666666666 300
2554 -666.6666666666666 300
2555 -666.6666666666666 300
2556 -666.6666666666666 300
2557 -666.6666666666666 300
2558 -666.6666666666666 300
2559 -666.6666666666666 300
2560 -666.6233333333333 300
2561 -666.6233333333333 300
2562 -666.6233333333333 300
2563 -666.58 300
2564 -666.45 300
2565 -666.32 300
2566 -666.1033333333334 300
2567 -665.4533333333334 300
2568 -664.8033333333333 300
2569 -662.68 300
2570 -661.5533333333333 300
2571 -661.5533333333333 300
2572 -661.5533333333333 300
2573 -661.5966666666667 300
2574 -661.77 300
2575 -661.9 300
2576 -662.03 300
2577 -661.9866666666667 300
2578 -662.03 300
2579 -662.16 300
2580 -662.2033333333334 300
2581 -662.3333333333334 300
2582 -662.3333333333334 300
2583 -664.8066666666666 300
2584 -666.6233333333333 300
2585 -666.6233333333333 300
2586 -666.58 300
2587 -666.5366666666666 300
2588 -666.5433333333333 300
2589 -666.5566666666666 300
2590 -666.4833333333333 300
2591 -666.41 300
2592 -666.3066666666666 300
2593 -666.1366666666667 300
2594 -665.7566666666667 300
2595 -665.4633333333334 300
2596 -665.47 300
2597 -665.4333333333333 300
2598 -664.2633333333333 300
2599 -662.5 300
2600 -665.2266666666667 300
2601 -664.0766666666667 300
2602 -662.2766666666666 300
2603 -657.99 300
2604 -658.1233333333333 300
2605 -658.3133333333334 300
2606 -658.6833333333333 300
2607 -659.3833333333333 300
2608 -657.96 300
2609 -658.6166666666667 300
2610 -659.05 300
2611 -659.1466666666666 300
2612 -659.1966666666667 300
2613 -659.7233333333334 300
2614 -660.62 300
2615 -658.0966666666667 300
2616 -658.3433333333334 300
2617 -658.6833333333333 300
2618 -659.2166666666667 300
2619 -659.62 300
2620 -660.3166666666667 300
2621 -661.21 300
2622 -662.3433333333334 300
2623 -663.0633333333334 300
2624 -659.7433333333333 300
2625 -660.3666666666667 300
2626 -655.9033333333333 300
2627 -655.95 300
2628 -655.95 300
2629 -656.09 300
2630 -656.1733333333333 300
2631 -656.2733333333333 300
2632 -656.28 300
2633 -656.42 300
2634 -656.5033333333333 300
2635 -656.5866666666667 300
2636 -656.71 300
2637 -656.9933333333333 300
2638 -655.17 300
2639 -655.2133333333334 300
2640 -655.22 300
2641 -654.96 300
2642 -654.6333333333333 300
2643 -654.7233333333334 300
2644 -654.82 300
2645 -654.82 300
2646 -654.8733333333333 300
2647 -655.1733333333333 300
2648 -655.5166666666667 300
2649 -656.0166666666667 300
2650 -656.4633333333334 300
2651 -656.65 300
2652 -656.71 300
2653 -657.11 300
2654 -657.4933333333333 300
2655 -657.7033333333334 300
2656 -657.7066666666667 300
2657 -657.9766666666667 300
2658 -658.3166666666667 300
2659 -658.5966666666667 300
2660 -657.2533333333333 300
2661 -657.4166666666666 300
2662 -657.7066666666667 300
2663 -657.76 300
2664 -657.9766666666667 300
2665 -658.0866666666667 300
2666 -658.2933333333333 300
2667 -658.6066666666667 300
2668 -658.8233333333334 300
2669 -658.9766666666667 300
2670 -656.4233333333333 300
2671 -656.5766666666667 300
2672 -656.8266666666667 300
2673 -657.03 300
2674 -657.1466666666666 300
2675 -657.3 300
2676 -657.56 300
2677 -657.7666666666667 300
2678 -657.9966666666667 300
2679 -656.9733333333334 300
2680 -657.29 300
2681 -657.1 300
2682 -657.4633333333334 300
2683 -657.4366666666666 300
2684 -657.81 300
2685 -658.1666666666666 300
2686 -658.3766666666667 300
2687 -658.48 300
2688 -659.3933333333333 300
2689 -659.93 300
2690 -660.61 300
2691 -661.45 300
2692 -659.1333333333333 300
2693 -656.36 300
2694 -656.51 300
2695 -656.6166666666667 300
2696 -656.82 300
2697 -657.18 300
2698 -656.59 300
2699 -656.7833333333333 300
2700 -657.0 300
2701 -656.8633333333333 300
2702 -656.81 300
2703 -657.08 300
2704 -657.56 300
2705 -658.19 300
2706 -658.6633333333333 300
2707 -658.95 300
2708 -659.5333333333333 300
2709 -660.3 300
2710 -661.1933333333334 300
2711 -658.4833333333333 300
2712 -658.15 300
2713 -658.5766666666667 300
2714 -656.7266666666667 300
2715 -656.6633333333333 300
2716 -654.6833333333333 300
2717 -654.8833333333333 300
2718 -654.9366666666666 300
2719 -653.6833333333333 300
2720 -653.78 300
2721 -653.78 300
2722 -653.79 300
2723 -653.8866666666667 300
2724 -654.0233333333333 300
2725 -654.0233333333333 300
2726 -654.11 300
2727 -654.1533333333333 300
2728 -654.3333333333334 300
2729 -654.0766666666667 300
2730 -654.25 300
2731 -654.4666666666667 300
2732 -655.25 300
2733 -656.5933333333334 300
2734 -659.4566666666667 300
2735 -663.5766666666667 300
2736 -663.5333333333333 300
2737 -663.71 300
2738 -663.7533333333333 300
2739 -665.53 300
2740 -665.6633333333333 300
2741 -665.9266666666666 300
2742 -666.19 300
2743 -666.4066666666666 300
2744 -666.3166666666667 300
2745 -666.3633333333333 300
2746 -666.45 300
2747 -666.5366666666666 300
2748 -666.71 300
2749 -666.7133333333334 300
2750 -667.0166666666667 300
2751 -667.8066666666666 300
2752 -668.58 300
2753 -669.7933333333333 300
2754 -672.45 300
2755 -674.11 300
2756 -676.2866666666666 300
2757 -678.25 300
2758 -683.3833333333333 300
2759 -687.88 300
2760 -688.82 300
2761 -687.14 300
2762 -685.7633333333333 300
2763 -683.2133333333334 300
2764 -677.1466666666666 300
2765 -677.1233333333333 300
2766 -677.8833333333333 300
2767 -679.4166666666666 300
2768 -673.58 300
2769 -670.8033333333333 300
2770 -670.8933333333333 300
2771 -670.7166666666667 300
2772 -670.8066666666666 300
2773 -670.96 300
2774 -671.1466666666666 300
2775 -671.41 300
2776 -672.0066666666667 300
2777 -672.3633333333333 300
2778 -672.3266666666667 300
2779 -672.43 300
2780 -672.49 300
2781 -672.5533333333333 300
2782 -672.6133333333333 300
2783 -672.71 300
2784 -672.7366666666667 300
2785 -672.6333333333333 300
2786 -672.73 300
2787 -672.8633333333333 300
2788 -672.96 300
2789 -673.09 300
2790 -673.3733333333333 300
2791 -673.5033333333333 300
2792 -673.66 300
2793 -673.6566666666666 300
2794 -674.0366666666666 300
2795 -674.1233333333333 300
2796 -674.1566666666666 300
2797 -670.4 300
2798 -670.4533333333334 300
2799 -670.7866666666666 300
2800 -671.0466666666666 300
2801 -671.4466666666667 300
2802 -672.0133333333333 300
2803 -672.9033333333333 300
2804 -673.0166666666667 300
2805 -673.0333333333333 300
2806 -673.1066666666667 300
2807 -673.8433333333334 300
2808 -674.5366666666666 300
2809 -674.55 300
2810 -674.7266666666667 300
2811 -674.87 300
2812 -672.0066666666667 300
2813 -672.05 300
2814 -672.2566666666667 300
2815 -672.3 300
2816 -672.4233333333333 300
2817 -672.6733333333333 300
2818 -672.9866666666667 300
2819 -673.26 300
2820 -673.6233333333333 300
2821 -673.8466666666667 300
2822 -674.1366666666667 300
2823 -674.9066666666666 300
2824 -675.6866666666666 300
2825 -676.5266666666666 300
2826 -676.9433333333334 300
2827 -677.0933333333334 300
2828 -677.2366666666667 300
2829 -677.3866666666667 300
2830 -677.5 300
2831 -677.5733333333334 300
2832 -677.7566666666667 300
2833 -677.7733333333333 300
2834 -677.8433333333334 300
2835 -677.97 300
2836 -678.11 300
2837 -678.2766666666666 300
2838 -678.48 300
2839 -678.5833333333334 300
2840 -678.5833333333334 300
2841 -678.74 300
2842 -678.7033333333334 300
2843 -678.79 300
2844 -678.8666666666667 300
2845 -678.63 300
2846 -678.6566666666666 300
2847 -678.81 300
2848 -678.9533333333334 300
2849 -676.6133333333333 300
2850 -676.7566666666667 300
2851 -676.9433333333334 300
2852 -677.0866666666667 300
2853 -677.4766666666667 300
2854 -677.59 300
2855 -677.7333333333333 300
2856 -677.8866666666667 300
2857 -678.0 300
2858 -678.1866666666666 300
2859 -677.7 300
2860 -677.8433333333334 300
2861 -677.99 300
2862 -678.02 300
2863 -677.3966666666666 300
2864 -677.5833333333334 300
2865 -677.5933333333334 300
2866 -677.6033333333334 300
2867 -677.7666666666667 300
2868 -677.9166666666666 300
2869 -678.1366666666667 300
2870 -678.1566666666666 300
2871 -678.24 300
2872 -678.88 300
2873 -679.41 300
2874 -677.4566666666667 300
2875 -677.8433333333334 300
2876 -677.9533333333334 300
2877 -678.9433333333334 300
2878 -678.9533333333334 300
2879 -678.9466666666667 300
2880 -680.5933333333334 300
2881 -683.1133333333333 300
2882 -683.43 300
2883 -683.3366666666667 300
2884 -683.2166666666667 300
2885 -683.18 300
2886 -683.1233333333333 300
2887 -683.05 300
2888 -682.96 300
2889 -682.8666666666667 300
2890 -682.8533333333334 300
2891 -682.8233333333334 300
2892 -683.0166666666667 300
2893 -682.99 300
2894 -683.21 300
2895 -683.2666666666667 300
2896 -683.5666666666667 300
2897 -683.6466666666666 300
2898 -683.08 300
2899 -681.3866666666667 300
2900 -679.39 300
2901 -675.5066666666667 300
2902 -673.5033333333333 300
2903 -673.5033333333333 300
2904 -673.7366666666667 300
2905 -673.91 300
2906 -674.2166666666667 300
2907 -674.78 300
2908 -675.9266666666666 300
2909 -677.8733333333333 300
2910 -679.7633333333333 300
2911 -681.27 300
2912 -682.0633333333334 300
2913 -683.6133333333333 300
2914 -684.2 300
2915 -684.2333333333333 300
2916 -684.2266666666667 300
2917 -684.23 300
2918 -684.26 300
2919 -684.2633333333333 300
2920 -684.2666666666667 300
2921 -684.1166666666667 300
2922 -683.96 300
2923 -683.8266666666667 300
2924 -683.5233333333333 300
2925 -683.94 300
2926 -681.3066666666666 300
2927 -681.3333333333334 300
2928 -679.72 300
2929 -677.7866666666666 300
2930 -676.69 300
2931 -674.6133333333333 300
2932 -674.7933333333333 300
2933 -674.84 300
2934 -673.2066666666667 300
2935 -673.37 300
2936 -672.7766666666666 300
2937 -672.3 300
2938 -672.3866666666667 300
2939 -672.42 300
2940 -672.42 300
2941 -672.5366666666666 300
2942 -672.57 300
2943 -672.57 300
2944 -672.57 300
2945 -672.6566666666666 300
2946 -672.9366666666666 300
2947 -673.1433333333333 300
2948 -673.3166666666667 300
2949 -673.5066666666667 300
2950 -673.69 300
2951 -673.7133333333334 300
2952 -673.8 300
2953 -674.02 300
2954 -674.2466666666667 300
2955 -674.36 300
2956 -674.62 300
2957 -674.99 300
2958 -675.1766666666666 300
2959 -675.3866666666667 300
2960 -675.64 300
2961 -674.55 300
2962 -674.3766666666667 300
2963 -674.9 300
2964 -675.2033333333334 300
2965 -675.7233333333334 300
2966 -676.2066666666667 300
2967 -677.42 300
2968 -679.4266666666666 300
2969 -682.95 300
2970 -687.4766666666667 300
2971 -687.93 300
2972 -687.93 300
2973 -688.1066666666667 300
2974 -688.12 300
2975 -688.0433333333333 300
2976 -688.1133333333333 300
2977 -688.06 300
2978 -688.1 300
2979 -688.2233333333334 300
2980 -688.4233333333333 300
2981 -688.2633333333333 300
2982 -688.1866666666666 300
2983 -687.98 300
2984 -688.1133333333333 300
2985 -687.2433333333333 300
2986 -687.3766666666667 300
2987 -687.51 300
2988 -688.71 300
2989 -689.8966666666666 300
2990 -691.8033333333333 300
2991 -693.4033333333333 300
2992 -693.4033333333333 300
2993 -693.35 300
2994 -693.35 300
2995 -693.27 300
2996 -693.23 300
2997 -693.22 300
2998 -691.5 300
2999 -690.9133333333333 300
3000 -690.37 300
3001 -690.0 300
3002 -689.9066666666666 300
3003 -689.84 300
3004 -689.7466666666667 300
3005 -689.6533333333333 300
3006 -689.6133333333333 300
3007 -689.52 300
3008 -689.4666666666667 300
3009 -689.3733333333333 300
3010 -689.28 300
3011 -689.1866666666666 300
3012 -689.0933333333334 300
3013 -689.0 300
3014 -688.96 300
3015 -688.9766666666667 300
3016 -688.9233333333333 300
3017 -688.87 300
3018 -688.8166666666667 300
3019 -688.7633333333333 300
3020 -688.6433333333333 300
3021 -688.59 300
3022 -688.4966666666667 300
3023 -688.4033333333333 300
3024 -688.3366666666667 300
3025 -688.2166666666667 300
3026 -688.1233333333333 300
3027 -688.0033333333333 300
3028 -687.91 300
3029 -687.79 300
3030 -687.67 300
3031 -687.55 300
3032 -687.4566666666667 300
3033 -687.3633333333333 300
3034 -687.2833333333333 300
3035 -687.1633333333333 300
3036 -687.0433333333333 300
3037 -684.91 300
3038 -682.6433333333333 300
3039 -682.6566666666666 300
3040 -682.6433333333333 300
3041 -683.4133333333333 300
3042 -683.2266666666667 300
3043 -683.8566666666667 300
3044 -683.8866666666667 300
3045 -683.8733333333333 300
3046 -683.8733333333333 300
3047 -683.8466666666667 300
3048 -683.8333333333334 300
3049 -683.92 300
3050 -683.9633333333334 300
3051 -683.9933333333333 300
3052 -683.8033333333333 300
3053 -683.56 300
3054 -683.17 300
3055 -682.4466666666667 300
3056 -681.48 300
3057 -681.4366666666666 300
3058 -681.4066666666666 300
3059 -681.3966666666666 300
3060 -681.3533333333334 300
3061 -681.3233333333334 300
3062 -681.6033333333334 300
3063 -681.6166666666667 300
3064 -681.63 300
3065 -681.6 300
3066 -681.6166666666667 300
3067 -681.6066666666667 300
3068 -681.6466666666666 300
3069 -681.65 300
3070 -680.4033333333333 300
3071 -680.4033333333333 300
3072 -680.4033333333333 300
3073 -680.5 300
3074 -680.5033333333333 300
3075 -680.5033333333333 300
3076 -680.5466666666666 300
3077 -680.5466666666666 300
3078 -680.6566666666666 300
3079 -680.76 300
3080 -680.76 300
3081 -680.7733333333333 300
3082 -680.82 300
3083 -680.82 300
3084 -680.82 300
3085 -680.6866666666666 300
3086 -680.69 300
3087 -680.6933333333334 300
3088 -680.71 300
3089 -680.71 300
3090 -680.4433333333334 300
3091 -680.4566666666667 300
3092 -680.5033333333333 300
3093 -680.5066666666667 300
3094 -680.5466666666666 300
3095 -680.5466666666666 300
3096 -680.46 300
3097 -680.4166666666666 300
3098 -680.3733333333333 300
3099 -680.33 300
3100 -680.3766666666667 300
3101 -680.3766666666667 300
3102 -680.38 300
3103 -680.4233333333333 300
3104 -680.38 300
3105 -680.25 300
3106 -680.0366666666666 300
3107 -680.4266666666666 300
3108 -680.3833333333333 300
3109 -680.4666666666667 300
3110 -680.46 300
3111 -680.4666666666667 300
3112 -680.4733333333334 300
3113 -680.4733333333334 300
3114 -680.4466666666667 300
3115 -680.4466666666667 300
3116 -680.4533333333334 300
3117 -680.4533333333334 300
3118 -680.4566666666667 300
3119 -680.46 300
3120 -680.45 300
3121 -680.45 300
3122 -680.5433333333333 300
3123 -680.4433333333334 300
3124 -680.44 300
3125 -680.44 300
3126 -680.4333333333333 300
3127 -680.76 300
3128 -680.9433333333334 300
3129 -680.9033333333333 300
3130 -681.1933333333334 300
3131 -681.1466666666666 300
3132 -681.15 300
3133 -681.1533333333333 300
3134 -681.22 300
3135 -681.22 300
3136 -681.3466666666667 300
3137 -680.7166666666667 300
3138 -680.7366666666667 300
3139 -680.7866666666666 300
3140 -680.7833333333333 300
3141 -680.7933333333333 300
3142 -680.76 300
3143 -680.3866666666667 300
3144 -680.4366666666666 300
3145 -680.44 300
3146 -680.4433333333334 300
3147 -680.4466666666667 300
3148 -680.0866666666667 300
3149 -680.0866666666667 300
3150 -680.0566666666666 300
3151 -679.97 300
3152 -679.8833333333333 300
3153 -679.4033333333333 300
3154 -680.0933333333334 300
3155 -680.0733333333334 300
3156 -680.12 300
3157 -680.12 300
3158 -680.0333333333333 300
3159 -680.0333333333333 300
3160 -680.0333333333333 300
3161 -680.13 300
3162 -680.1466666666666 300
3163 -680.1633333333333 300
3164 -680.11 300
3165 -679.7166666666667 300
3166 -679.8133333333334 300
3167 -679.8166666666667 300
3168 -679.8133333333334 300
3169 -679.8166666666667 300
3170 -679.8166666666667 300
3171 -679.8166666666667 300
3172 -679.8166666666667 300
3173 -679.8166666666667 300
3174 -679.82 300
3175 -679.82 300
3176 -679.7966666666666 300
3177 -679.7 300
3178 -679.8333333333334 300
3179 -679.82 300
3180 -679.4933333333333 300
3181 -678.8066666666666 300
3182 -677.3233333333334 300
3183 -677.3866666666667 300
3184 -677.3433333333334 300
3185 -677.3 300
3186 -677.2566666666667 300
3187 -677.3 300
3188 -677.3533333333334 300
3189 -677.31 300
3190 -677.37 300
3191 -677.37 300
3192 -677.3866666666667 300
3193 -677.4466666666667 300
3194 -674.96 300
3195 -669.6966666666667 300
3196 -669.6966666666667 300
3197 -669.7566666666667 300
3198 -669.8466666666667 300
3199 -669.8033333333333 300
3200 -669.91 300
3201 -669.9966666666667 300
3202 -670.14 300
3203 -670.2266666666667 300
3204 -670.3366666666667 300
3205 -670.56 300
3206 -670.78 300
3207 -670.8833333333333 300
3208 -671.1133333333333 300
3209 -671.41 300
3210 -671.41 300
3211 -671.5733333333334 300
3212 -671.7366666666667 300
3213 -671.8833333333333 300
3214 -671.9866666666667 300
3215 -672.03 300
3216 -672.1333333333333 300
3217 -672.2366666666667 300
3218 -672.3833333333333 300
3219 -671.4566666666667 300
3220 -671.5766666666667 300
3221 -671.7433333333333 300
3222 -672.0 300
3223 -672.1066666666667 300
3224 -672.2266666666667 300
3225 -672.3933333333333 300
3226 -672.44 300
3227 -672.8166666666667 300
3228 -673.0233333333333 300
3229 -673.22 300
3230 -672.8266666666667 300
3231 -672.9333333333333 300
3232 -673.04 300
3233 -673.2066666666667 300
3234 -673.8233333333334 300
3235 -674.3366666666667 300
3236 -675.3433333333334 300
3237 -676.72 300
3238 -679.0066666666667 300
3239 -679.39 300
3240 -679.37 300
3241 -677.0666666666667 300
3242 -675.3133333333334 300
3243 -675.4333333333333 300
3244 -675.7 300
3245 -675.7333333333333 300
3246 -676.5266666666666 300
3247 -677.7 300
3248 -679.23 300
3249 -680.1233333333333 300
3250 -680.2166666666667 300
3251 -680.1433333333333 300
3252 -680.01 300
3253 -679.95 300
3254 -680.28 300
3255 -680.0666666666667 300
3256 -679.9466666666667 300
3257 -676.5933333333334 300
3258 -676.63 300
3259 -676.69 300
3260 -676.69 300
3261 -676.7366666666667 300
3262 -678.4166666666666 300
3263 -679.74 300
3264 -679.77 300
3265 -679.02 300
3266 -679.0366666666666 300
3267 -679.22 300
3268 -679.3233333333334 300
3269 -681.1833333333333 300
3270 -681.9 300
3271 -680.3933333333333 300
3272 -677.62 300
3273 -672.41 300
3274 -671.11 300
3275 -671.32 300
3276 -671.4766666666667 300
3277 -671.7766666666666 300
3278 -671.93 300
3279 -672.1466666666666 300
3280 -672.3933333333333 300
3281 -672.5866666666667 300
3282 -672.8266666666667 300
3283 -672.95 300
3284 -673.3566666666667 300
3285 -673.93 300
3286 -674.7133333333334 300
3287 -675.07 300
3288 -676.15 300
3289 -677.12 300
3290 -678.87 300
3291 -680.5533333333333 300
3292 -683.5066666666667 300
3293 -681.6666666666666 300
3294 -681.1666666666666 300
3295 -681.3333333333334 300
3296 -681.42 300
3297 -681.4 300
3298 -681.4266666666666 300
3299 -681.4666666666667 300
3300 -681.5466666666666 300
3301 -682.12 300
3302 -682.29 300
3303 -682.65 300
3304 -683.5433333333333 300
3305 -683.5966666666667 300
3306 -683.6833333333333 300
3307 -683.6466666666666 300
3308 -683.68 300
3309 -683.83 300
3310 -683.9166666666666 300
3311 -684.0033333333333 300
3312 -684.0966666666667 300
3313 -684.1466666666666 300
3314 -684.2933333333333 300
3315 -684.3333333333334 300
3316 -684.3933333333333 300
3317 -684.41 300
3318 -682.8833333333333 300
3319 -682.9433333333334 300
3320 -682.9766666666667 300
3321 -683.03 300
3322 -683.03 300
3323 -683.0233333333333 300
3324 -683.0566666666666 300
3325 -683.09 300
3326 -683.1566666666666 300
3327 -683.21 300
3328 -683.2166666666667 300
3329 -683.19 300
3330 -683.0833333333334 300
3331 -683.6733333333333 300
3332 -683.7333333333333 300
3333 -684.2833333333333 300
3334 -684.51 300
3335 -684.72 300
3336 -684.8266666666667 300
3337 -684.8333333333334 300
3338 -684.9466666666667 300
3339 -685.0133333333333 300
3340 -683.9766666666667 300
3341 -682.0066666666667 300
3342 -682.07 300
3343 -682.1266666666667 300
3344 -682.1266666666667 300
3345 -682.14 300
3346 -682.1533333333333 300
3347 -682.0433333333333 300
3348 -682.0433333333333 300
3349 -682.1066666666667 300
3350 -682.1133333333333 300
3351 -682.14 300
3352 -682.1533333333333 300
3353 -682.6633333333333 300
3354 -682.8166666666667 300
3355 -682.8233333333334 300
3356 -682.8166666666667 300
3357 -682.81 300
3358 -682.3833333333333 300
3359 -682.3766666666667 300
3360 -682.37 300
3361 -682.4066666666666 300
3362 -682.4066666666666 300
3363 -682.4 300
3364 -682.3933333333333 300
3365 -682.43 300
3366 -682.43 300
3367 -682.4233333333333 300
3368 -682.4166666666666 300
3369 -682.41 300
3370 -682.3966666666666 300
3371 -682.39 300
3372 -682.3833333333333 300
3373 -682.3766666666667 300
3374 -682.37 300
3375 -682.3866666666667 300
3376 -682.3666666666667 300
3377 -682.36 300
3378 -682.1466666666666 300
3379 -681.5966666666667 300
3380 -680.8433333333334 300
3381 -680.8566666666667 300
3382 -680.8566666666667 300
3383 -680.8566666666667 300
3384 -680.9133333333333 300
3385 -681.1133333333333 300
3386 -681.2633333333333 300
3387 -681.4633333333334 300
3388 -681.52 300
3389 -680.4333333333333 300
3390 -680.4533333333334 300
3391 -680.4666666666667 300
3392 -680.4666666666667 300
3393 -680.51 300
3394 -680.51 300
3395 -680.51 300
3396 -680.5666666666667 300
3397 -680.5166666666667 300
3398 -680.56 300
3399 -680.56 300
3400 -680.5733333333334 300
3401 -680.63 300
3402 -680.64 300
3403 -680.6533333333333 300
3404 -680.8066666666666 300
3405 -681.1033333333334 300
3406 -681.78 300
3407 -682.0866666666667 300
3408 -683.1233333333333 300
3409 -684.7033333333334 300
3410 -687.11 300
3411 -690.6066666666667 300
3412 -693.3966666666666 300
3413 -693.8533333333334 300
3414 -688.3266666666667 300
3415 -686.8933333333333 300
3416 -686.8866666666667 300
3417 -686.94 300
3418 -686.97 300
3419 -687.0066666666667 300
3420 -687.06 300
3421 -687.18 300
3422 -687.2033333333334 300
3423 -687.2266666666667 300
3424 -687.28 300
3425 -687.6266666666667 300
3426 -688.02 300
3427 -688.6233333333333 300
3428 -689.8533333333334 300
3429 -689.8966666666666 300
3430 -689.86 300
3431 -689.6933333333334 300
3432 -689.6633333333333 300
3433 -688.2333333333333 300
3434 -686.39 300
3435 -682.39 300
3436 -682.2633333333333 300
3437 -682.3066666666666 300
3438 -682.3133333333334 300
3439 -682.4233333333333 300
3440 -682.43 300
3441 -682.4433333333334 300
3442 -682.4366666666666 300
3443 -682.4433333333334 300
3444 -682.45 300
3445 -682.4566666666667 300
3446 -682.4633333333334 300
3447 -682.4766666666667 300
3448 -682.4766666666667 300
3449 -682.4766666666667 300
3450 -682.4833333333333 300
3451 -682.49 300
3452 -682.3666666666667 300
3453 -682.3733333333333 300
3454 -682.4266666666666 300
3455 -682.4733333333334 300
3456 -682.57 300
3457 -682.6666666666666 300
3458 -682.7733333333333 300
3459 -682.9266666666666 300
3460 -683.1633333333333 300
3461 -683.2666666666667 300
3462 -683.0933333333334 300
3463 -682.8333333333334 300
3464 -682.2766666666666 300
3465 -681.8633333333333 300
3466 -681.8633333333333 300
3467 -681.8633333333333 300
3468 -681.92 300
3469 -681.9266666666666 300
3470 -681.9266666666666 300
3471 -681.9266666666666 300
3472 -681.9633333333334 300
3473 -681.97 300
3474 -681.97 300
3475 -681.97 300
3476 -681.9333333333333 300
3477 -681.9466666666667 300
3478 -681.9466666666667 300
3479 -681.9466666666667 300
3480 -681.9466666666667 300
3481 -681.96 300
3482 -681.9666666666667 300
3483 -681.9666666666667 300
3484 -681.9733333333334 300
3485 -682.03 300
3486 -682.0733333333334 300
3487 -682.1066666666667 300
3488 -682.2333333333333 300
3489 -682.29 300
3490 -682.3666666666667 300
3491 -682.2166666666667 300
3492 -682.2233333333334 300
3493 -682.2233333333334 300
3494 -682.2666666666667 300
3495 -682.2733333333333 300
3496 -682.28 300
3497 -682.3133333333334 300
3498 -682.3333333333334 300
3499 -682.36 300
3500 -682.3733333333333 300
3501 -682.3866666666667 300
3502 -682.3933333333333 300
3503 -682.53 300
3504 -682.5566666666666 300
3505 -682.8133333333334 300
3506 -682.8766666666667 300
3507 -683.0533333333333 300
3508 -683.32 300
3509 -683.6566666666666 300
3510 -684.16 300
3511 -684.54 300
3512 -684.48 300
3513 -684.39 300
3514 -684.26 300
3515 -684.0766666666667 300
3516 -683.8766666666667 300
3517 -683.3866666666667 300
3518 -684.33 300
3519 -684.11 300
3520 -683.76 300
3521 -683.6633333333333 300
3522 -683.67 300
3523 -683.7133333333334 300
3524 -683.7633333333333 300
3525 -683.8066666666666 300
3526 -683.8866666666667 300
3527 -683.96 300
3528 -684.0 300
3529 -684.12 300
3530 -684.3933333333333 300
3531 -684.4366666666666 300
3532 -684.5933333333334 300
3533 -684.6366666666667 300
3534 -684.65 300
3535 -684.7333333333333 300
3536 -684.7266666666667 300
3537 -682.9933333333333 300
3538 -683.0066666666667 300
3539 -683.02 300
3540 -683.3166666666667 300
3541 -683.5233333333333 300
3542 -683.6233333333333 300
3543 -683.6466666666666 300
3544 -683.64 300
3545 -683.6766666666666 300
3546 -683.7 300
3547 -683.7 300
3548 -683.7066666666667 300
3549 -683.5166666666667 300
3550 -683.1433333333333 300
3551 -682.7133333333334 300
3552 -682.72 300
3553 -682.7266666666667 300
3554 -682.74 300
3555 -682.79 300
3556 -682.8233333333334 300
3557 -682.9166666666666 300
3558 -682.79 300
3559 -682.7966666666666 300
3560 -682.8033333333333 300
3561 -682.8466666666667 300
3562 -682.8133333333334 300
3563 -682.8666666666667 300
3564 -682.88 300
3565 -682.8966666666666 300
3566 -682.9133333333333 300
3567 -682.9233333333333 300
3568 -683.0666666666667 300
3569 -683.0833333333334 300
3570 -683.2233333333334 300
3571 -683.3533333333334 300
3572 -683.55 300
3573 -683.8133333333334 300
3574 -683.8566666666667 300
3575 -683.8933333333333 300
3576 -683.92 300
3577 -683.9133333333333 300
3578 -683.9466666666667 300
3579 -683.92 300
3580 -683.9766666666667 300
3581 -684.0 300
3582 -683.9966666666667 300
3583 -683.9966666666667 300
3584 -684.0266666666666 300
3585 -684.04 300
3586 -684.0233333333333 300
3587 -683.9733333333334 300
3588 -683.99 300
3589 -683.99 300
3590 -683.9966666666667 300
3591 -684.06 300
3592 -684.0833333333334 300
3593 -684.0733333333334 300
3594 -684.1066666666667 300
3595 -684.1466666666666 300
3596 -684.1366666666667 300
3597 -684.2 300
3598 -684.23 300
3599 -682.5166666666667 300
3600 -682.43 300
3601 -682.4166666666666 300
3602 -682.41 300
3603 -682.4333333333333 300
3604 -682.4433333333334 300
3605 -682.42 300
3606 -682.3933333333333 300
3607 -682.3566666666667 300
3608 -682.3133333333334 300
3609 -682.27 300
3610 -682.2333333333333 300
3611 -682.19 300
3612 -682.1866666666666 300
3613 -682.1766666666666 300
3614 -682.1933333333334 300
3615 -682.19 300
3616 -682.2 300
3617 -682.21 300
3618 -682.2133333333334 300
3619 -682.21 300
3620 -682.2066666666667 300
3621 -682.2033333333334 300
3622 -682.23 300
3623 -682.2566666666667 300
3624 -682.2633333333333 300
3625 -682.2633333333333 300
3626 -682.2566666666667 300
3627 -682.2566666666667 300
3628 -682.25 300
3629 -682.2533333333333 300
3630 -682.2533333333333 300
3631 -682.2433333333333 300
3632 -682.2366666666667 300
3633 -682.2366666666667 300
3634 -682.23 300
3635 -682.28 300
3636 -682.3033333333333 300
3637 -682.28 300
3638 -682.3833333333333 300
3639 -682.3833333333333 300
3640 -682.5933333333334 300
3641 -682.67 300
3642 -682.75 300
3643 -682.5433333333333 300
3644 -682.4366666666666 300
3645 -682.4266666666666 300
3646 -682.42 300
3647 -682.3666666666667 300
3648 -682.1866666666666 300
3649 -681.9466666666667 300
3650 -681.85 300
3651 -681.86 300
3652 -681.8666666666667 300
3653 -681.8733333333333 300
3654 -681.8833333333333 300
3655 -681.89 300
3656 -681.9 300
3657 -681.9 300
3658 -681.9033333333333 300
3659 -681.92 300
3660 -681.93 300
3661 -681.8366666666667 300
3662 -681.8466666666667 300
3663 -681.8533333333334 300
3664 -681.86 300
3665 -681.87 300
3666 -681.88 300
3667 -681.8933333333333 300
3668 -681.91 300
3669 -681.9133333333333 300
3670 -682.0 300
3671 -681.83 300
3672 -681.84 300
3673 -681.6533333333333 300
3674 -681.52 300
3675 -681.29 300
3676 -680.2666666666667 300
3677 -678.54 300
3678 -674.4833333333333 300
3679 -675.1466666666666 300
3680 -673.39 300
3681 -673.5433333333333 300
3682 -673.6866666666666 300
3683 -673.9233333333333 300
3684 -674.4133333333333 300
3685 -674.7 300
3686 -675.1733333333333 300
3687 -675.28 300
3688 -675.33 300
3689 -675.52 300
3690 -675.81 300
3691 -675.9066666666666 300
3692 -676.0466666666666 300
3693 -676.2866666666666 300
3694 -676.8766666666667 300
3695 -677.1166666666667 300
3696 -677.21 300
3697 -677.26 300
3698 -676.85 300
3699 -671.9566666666667 300
3700 -671.8066666666666 300
3701 -671.95 300
3702 -671.95 300
3703 -672.0433333333333 300
3704 -671.9 300
3705 -671.9466666666667 300
3706 -672.0866666666667 300
3707 -672.1333333333333 300
3708 -672.3233333333334 300
3709 -672.8866666666667 300
3710 -673.73 300
3711 -674.1033333333334 300
3712 -674.01 300
3713 -674.1033333333334 300
3714 -674.1966666666667 300
3715 -674.34 300
3716 -674.5233333333333 300
3717 -675.5933333333334 300
3718 -672.0466666666666 300
3719 -672.2833333333333 300
3720 -672.7133333333334 300
3721 -673.3833333333333 300
3722 -673.95 300
3723 -673.29 300
3724 -672.4166666666666 300
3725 -672.5133333333333 300
3726 -672.8766666666667 300
3727 -673.1 300
3728 -673.15 300
3729 -673.3833333333333 300
3730 -673.52 300
3731 -673.93 300
3732 -674.1566666666666 300
3733 -674.48 300
3734 -674.6633333333333 300
3735 -674.8433333333334 300
3736 -675.5633333333334 300
3737 -676.7333333333333 300
3738 -678.34 300
3739 -678.4633333333334 300
3740 -680.9666666666667 300
3741 -681.59 300
3742 -684.5466666666666 300
3743 -684.6966666666667 300
3744 -683.3466666666667 300
3745 -682.3566666666667 300
3746 -682.4 300
3747 -682.3933333333333 300
3748 -682.5666666666667 300
3749 -682.5933333333334 300
3750 -682.57 300
3751 -682.7966666666666 300
3752 -682.9966666666667 300
3753 -683.3633333333333 300
3754 -683.5466666666666 300
3755 -683.8566666666667 300
3756 -683.7066666666667 300
3757 -683.71 300
3758 -683.7033333333334 300
3759 -683.6966666666667 300
3760 -683.6833333333333 300
3761 -683.7066666666667 300
3762 -683.73 300
3763 -683.6733333333333 300
3764 -683.6966666666667 300
3765 -683.64 300
3766 -683.6266666666667 300
3767 -683.57 300
3768 -683.5133333333333 300
3769 -683.4566666666667 300
3770 -683.4 300
3771 -683.3433333333334 300
3772 -683.2866666666666 300
3773 -683.2366666666667 300
3774 -682.7133333333334 300
3775 -681.9566666666667 300
3776 -680.6933333333334 300
3777 -678.8733333333333 300
3778 -678.9166666666666 300
3779 -676.12 300
3780 -675.98 300
3781 -676.14 300
3782 -676.1466666666666 300
3783 -676.2633333333333 300
3784 -676.27 300
3785 -676.3133333333334 300
3786 -676.4366666666666 300
3787 -676.5166666666667 300
3788 -676.56 300
3789 -676.6033333333334 300
3790 -676.6833333333333 300
3791 -676.7633333333333 300
3792 -676.8433333333334 300
3793 -676.9233333333333 300
3794 -676.9166666666666 300
3795 -677.8966666666666 300
3796 -679.4633333333334 300
3797 -681.5566666666666 300
3798 -682.2133333333334 300
3799 -682.1466666666666 300
3800 -682.0733333333334 300
3801 -682.0866666666667 300
3802 -682.1366666666667 300
3803 -682.15 300
3804 -682.12 300
3805 -682.4933333333333 300
3806 -682.6433333333333 300
3807 -682.67 300
3808 -682.7333333333333 300
3809 -682.76 300
3810 -682.7666666666667 300
3811 -682.9633333333334 300
3812 -683.0366666666666 300
3813 -683.0866666666667 300
3814 -683.1966666666667 300
3815 -683.3166666666667 300
3816 -683.1 300
3817 -682.4633333333334 300
3818 -681.3533333333334 300
3819 -680.42 300
3820 -680.42 300
3821 -680.4266666666666 300
3822 -680.4333333333333 300
3823 -680.44 300
3824 -680.4533333333334 300
3825 -679.5166666666667 300
3826 -677.2333333333333 300
3827 -673.89 300
3828 -674.03 300
3829 -672.17 300
3830 -672.2666666666667 300
3831 -672.3633333333333 300
3832 -672.6433333333333 300
3833 -673.1266666666667 300
3834 -673.8833333333333 300
3835 -674.9833333333333 300
3836 -676.4766666666667 300
3837 -679.2633333333333 300
3838 -684.29 300
3839 -692.8466666666667 300
3840 -697.8433333333334 300
3841 -698.1466666666666 300
3842 -698.0533333333333 300
3843 -697.9133333333333 300
3844 -697.7266666666667 300
3845 -697.6 300
3846 -697.4766666666667 300
3847 -697.3333333333334 300
3848 -697.15 300
3849 -697.0433333333333 300
3850 -696.9333333333333 300
3851 -696.7366666666667 300
3852 -696.5533333333333 300
3853 -697.2033333333334 300
3854 -697.0966666666667 300
3855 -697.0566666666666 300
3856 -696.9833333333333 300
3857 -696.8633333333333 300
3858 -696.7566666666667 300
3859 -695.8366666666667 300
3860 -694.2166666666667 300
3861 -692.5733333333334 300
3862 -692.58 300
3863 -692.6333333333333 300
3864 -692.7533333333333 300
3865 -692.7033333333334 300
3866 -692.65 300
3867 -692.73 300
3868 -692.7233333333334 300
3869 -692.7733333333333 300
3870 -692.78 300
3871 -692.5833333333334 300
3872 -692.5766666666667 300
3873 -690.55 300
3874 -688.26 300
3875 -688.4866666666667 300
3876 -688.7 300
3877 -688.9266666666666 300
3878 -686.7533333333333 300
3879 -686.86 300
3880 -687.0266666666666 300
3881 -687.18 300
3882 -687.2866666666666 300
3883 -687.44 300
3884 -687.6533333333333 300
3885 -687.82 300
3886 -687.9866666666667 300
3887 -688.0466666666666 300
3888 -688.2566666666667 300
3889 -688.41 300
3890 -688.6366666666667 300
3891 -688.85 300
3892 -689.0633333333334 300
3893 -685.9733333333334 300
3894 -686.0666666666667 300
3895 -686.11 300
3896 -686.2033333333334 300
3897 -686.3566666666667 300
3898 -686.4933333333333 300
3899 -686.69 300
3900 -686.84 300
3901 -686.8466666666667 300
3902 -687.0 300
3903 -687.18 300
3904 -687.22 300
3905 -687.4166666666666 300
3906 -687.4133333333333 300
3907 -687.84 300
3908 -687.94 300
3909 -688.3533333333334 300
3910 -688.5033333333333 300
3911 -688.5466666666666 300
3912 -688.5866666666667 300
3913 -688.6266666666667 300
3914 -688.67 300
3915 -688.81 300
3916 -689.0 300
3917 -690.4333333333333 300
3918 -690.5166666666667 300
3919 -690.8533333333334 300
3920 -690.9466666666667 300
3921 -691.0033333333333 300
3922 -690.96 300
3923 -690.9966666666667 300
3924 -690.9733333333334 300
3925 -692.2766666666666 300
3926 -692.02 300
3927 -692.11 300
3928 -692.1166666666667 300
3929 -692.5266666666666 300
3930 -692.33 300
3931 -692.6133333333333 300
3932 -692.64 300
3933 -692.55 300
3934 -692.26 300
3935 -692.0166666666667 300
3936 -691.66 300
3937 -690.6966666666667 300
3938 -690.71 300
3939 -690.6433333333333 300
3940 -690.72 300
3941 -690.4766666666667 300
3942 -690.1233333333333 300
3943 -689.7 300
3944 -689.2766666666666 300
3945 -689.0333333333333 300
3946 -688.7066666666667 300
3947 -688.4766666666667 300
3948 -688.1366666666667 300
3949 -688.1 300
3950 -688.0633333333334 300
3951 -690.4333333333333 300
3952 -690.4466666666667 300
3953 -690.28 300
3954 -690.19 300
3955 -689.8833333333333 300
3956 -689.5766666666667 300
3957 -689.3666666666667 300
3958 -689.1566666666666 300
3959 -688.7433333333333 300
3960 -687.4566666666667 300
3961 -681.93 300
3962 -681.48 300
3963 -681.5433333333333 300
3964 -682.6933333333334 300
3965 -685.56 300
3966 -684.2233333333334 300
3967 -676.57 300
3968 -672.43 300
3969 -672.53 300
3970 -672.6666666666666 300
3971 -672.7633333333333 300
3972 -673.21 300
3973 -673.06 300
3974 -673.1566666666666 300
3975 -673.2966666666666 300
3976 -673.6566666666666 300
3977 -674.0533333333333 300
3978 -674.2466666666667 300
3979 -674.4966666666667 300
3980 -674.7033333333334 300
3981 -674.8433333333334 300
3982 -675.2033333333334 300
3983 -675.4966666666667 300
3984 -675.79 300
3985 -671.33 300
3986 -671.5233333333333 300
3987 -671.6633333333333 300
3988 -671.76 300
3989 -671.9 300
3990 -672.31 300
3991 -672.7333333333333 300
3992 -672.96 300
3993 -673.1966666666667 300
3994 -673.3266666666667 300
3995 -673.4133333333333 300
3996 -673.7466666666667 300
3997 -673.9733333333334 300
3998 -674.2933333333333 300
3999 -674.38 300
4000 -675.74 300
