881.0 -849.0 
799.0 -815.0 
881.0 -849.0 
799.0 -815.0 
825.0 -841.0 
871.0 -842.0 
801.0 -821.0 
800.0 -816.0 
873.0 -845.0 
805.0 -825.0 
819.0 -838.0 
801.0 -821.0 
810.0 -829.0 
812.0 -832.0 
819.0 -838.0 
812.0 -832.0 
815.0 -835.0 
805.0 -825.0 
807.0 -827.0 
878.0 -846.0 
807.0 -827.0 
817.0 -836.0 
880.0 -847.0 
810.0 -829.0 
815.0 -835.0 
873.0 -845.0 
871.0 -842.0 
878.0 -846.0 
817.0 -836.0 
880.0 -847.0 
800.0 -816.0 
881.0 -849.0 
799.0 -815.0 
801.0 -821.0 
819.0 -838.0 
812.0 -832.0 
805.0 -825.0 
807.0 -827.0 
810.0 -829.0 
815.0 -835.0 
873.0 -845.0 
871.0 -842.0 
878.0 -846.0 
817.0 -836.0 
880.0 -847.0 
800.0 -816.0 
881.0 -849.0 
799.0 -815.0 
801.0 -821.0 
812.0 -832.0 
805.0 -825.0 
819.0 -838.0 
807.0 -827.0 
810.0 -829.0 
815.0 -835.0 
873.0 -845.0 
878.0 -846.0 
817.0 -836.0 
800.0 -816.0 
880.0 -847.0 
881.0 -849.0 
799.0 -815.0 
801.0 -821.0 
812.0 -832.0 
805.0 -825.0 
819.0 -838.0 
807.0 -827.0 
810.0 -829.0 
815.0 -835.0 
873.0 -845.0 
878.0 -846.0 
817.0 -836.0 
800.0 -816.0 
880.0 -847.0 
799.0 -815.0 
881.0 -849.0 
801.0 -821.0 
805.0 -825.0 
819.0 -838.0 
807.0 -827.0 
810.0 -829.0 
815.0 -835.0 
873.0 -845.0 
817.0 -836.0 
878.0 -846.0 
880.0 -847.0 
800.0 -816.0 
881.0 -849.0 
799.0 -815.0 
801.0 -821.0 
805.0 -825.0 
819.0 -838.0 
807.0 -827.0 
810.0 -829.0 
815.0 -835.0 
873.0 -845.0 
878.0 -846.0 
817.0 -836.0 
880.0 -847.0 
800.0 -816.0 
881.0 -849.0 
799.0 -815.0 
801.0 -821.0 
805.0 -825.0 
819.0 -838.0 
807.0 -827.0 
810.0 -829.0 
815.0 -835.0 
873.0 -845.0 
878.0 -846.0 
817.0 -836.0 
880.0 -847.0 
800.0 -816.0 
881.0 -849.0 
799.0 -815.0 
801.0 -821.0 
805.0 -825.0 
819.0 -838.0 
807.0 -827.0 
810.0 -829.0 
815.0 -835.0 
873.0 -845.0 
817.0 -836.0 
878.0 -846.0 
880.0 -847.0 
800.0 -816.0 
881.0 -849.0 
799.0 -815.0 
801.0 -821.0 
805.0 -825.0 
819.0 -838.0 
807.0 -827.0 
810.0 -829.0 
815.0 -835.0 
873.0 -845.0 
878.0 -846.0 
817.0 -836.0 
880.0 -847.0 
800.0 -816.0 
881.0 -849.0 
799.0 -815.0 
801.0 -821.0 
805.0 -825.0 
819.0 -838.0 
807.0 -827.0 
810.0 -829.0 
815.0 -835.0 
873.0 -845.0 
878.0 -846.0 
817.0 -836.0 
880.0 -847.0 
800.0 -816.0 
881.0 -849.0 
799.0 -815.0 
801.0 -821.0 
805.0 -825.0 
819.0 -838.0 
807.0 -827.0 
810.0 -829.0 
815.0 -835.0 
873.0 -845.0 
817.0 -836.0 
878.0 -846.0 
880.0 -847.0 
800.0 -816.0 
881.0 -849.0 
799.0 -815.0 
801.0 -821.0 
805.0 -825.0 
819.0 -838.0 
807.0 -827.0 
810.0 -829.0 
815.0 -835.0 
873.0 -845.0 
878.0 -846.0 
817.0 -836.0 
880.0 -847.0 
800.0 -816.0 
799.0 -815.0 
801.0 -821.0 
805.0 -825.0 
819.0 -838.0 
807.0 -827.0 
810.0 -829.0 
815.0 -835.0 
873.0 -845.0 
878.0 -846.0 
817.0 -836.0 
880.0 -847.0 
799.0 -815.0 
801.0 -821.0 
805.0 -825.0 
819.0 -838.0 
807.0 -827.0 
810.0 -829.0 
815.0 -835.0 
873.0 -845.0 
878.0 -846.0 
817.0 -836.0 
880.0 -847.0 
799.0 -815.0 
801.0 -821.0 
805.0 -825.0 
819.0 -838.0 
807.0 -827.0 
810.0 -829.0 
873.0 -845.0 
878.0 -846.0 
817.0 -836.0 
815.0 -835.0 
880.0 -847.0 
799.0 -815.0 
801.0 -821.0 
805.0 -825.0 
819.0 -838.0 
807.0 -827.0 
810.0 -829.0 
873.0 -845.0 
878.0 -846.0 
817.0 -836.0 
815.0 -835.0 
880.0 -847.0 
799.0 -815.0 
801.0 -821.0 
805.0 -825.0 
819.0 -838.0 
807.0 -827.0 
810.0 -829.0 
873.0 -845.0 
878.0 -846.0 
817.0 -836.0 
815.0 -835.0 
880.0 -847.0 
799.0 -815.0 
801.0 -821.0 
805.0 -825.0 
819.0 -838.0 
807.0 -827.0 
810.0 -829.0 
873.0 -845.0 
878.0 -846.0 
817.0 -836.0 
815.0 -835.0 
880.0 -847.0 
799.0 -815.0 
801.0 -821.0 
805.0 -825.0 
819.0 -838.0 
807.0 -827.0 
810.0 -829.0 
873.0 -845.0 
878.0 -846.0 
817.0 -836.0 
815.0 -835.0 
880.0 -847.0 
799.0 -815.0 
801.0 -821.0 
805.0 -825.0 
819.0 -838.0 
807.0 -827.0 
810.0 -829.0 
873.0 -845.0 
878.0 -846.0 
817.0 -836.0 
815.0 -835.0 
880.0 -847.0 
799.0 -815.0 
801.0 -821.0 
805.0 -825.0 
819.0 -838.0 
807.0 -827.0 
810.0 -829.0 
873.0 -845.0 
817.0 -836.0 
878.0 -846.0 
815.0 -835.0 
880.0 -847.0 
799.0 -815.0 
801.0 -821.0 
805.0 -825.0 
819.0 -838.0 
807.0 -827.0 
810.0 -829.0 
873.0 -845.0 
878.0 -846.0 
817.0 -836.0 
815.0 -835.0 
880.0 -847.0 
799.0 -815.0 
801.0 -821.0 
805.0 -825.0 
819.0 -838.0 
807.0 -827.0 
873.0 -845.0 
878.0 -846.0 
817.0 -836.0 
815.0 -835.0 
880.0 -847.0 
799.0 -815.0 
801.0 -821.0 
