366 -1114.39 300
367 -1114.4933333333333 300
368 -1113.08 300
369 -1111.1333333333334 300
370 -1112.3266666666666 300
371 -1108.97 300
372 -1106.3566666666666 300
373 -1110.5166666666667 300
374 -1106.8166666666666 300
375 -1096.8233333333333 300
376 -1095.2266666666667 300
377 -1092.8366666666666 300
378 -1093.44 300
379 -1091.91 300
380 -1092.1233333333332 300
381 -1093.73 300
382 -1092.5066666666667 300
383 -1093.78 300
384 -1094.76 300
385 -1096.78 300
386 -1091.14 300
387 -1078.5866666666666 300
388 -1069.57 300
389 -1072.25 300
390 -1075.6466666666668 300
391 -1067.7033333333334 300
392 -1064.2933333333333 300
393 -1064.6433333333334 300
394 -1064.4133333333334 300
395 -1063.6866666666667 300
396 -1063.6533333333334 300
397 -1064.0166666666667 300
398 -1064.3266666666666 300
399 -1064.3166666666666 300
400 -1064.72 300
401 -1065.7633333333333 300
402 -1067.21 300
403 -1068.9866666666667 300
404 -1070.3166666666666 300
405 -1071.0666666666666 300
406 -1069.8166666666666 300
407 -1069.4566666666667 300
408 -1069.3266666666666 300
409 -1070.7566666666667 300
410 -1071.02 300
411 -1069.3566666666666 300
412 -1071.0633333333333 300
413 -1072.8466666666666 300
414 -1072.19 300
415 -1071.2433333333333 300
416 -1069.51 300
417 -1068.83 300
418 -1069.47 300
419 -1068.9366666666667 300
420 -1066.9633333333334 300
421 -1065.1666666666667 300
422 -1065.1033333333332 300
423 -1064.5933333333332 300
424 -1064.45 300
425 -1064.1566666666668 300
426 -1065.4 300
427 -1066.18 300
428 -1067.87 300
429 -1070.1266666666668 300
430 -1070.4866666666667 300
431 -1069.6633333333334 300
432 -1070.89 300
433 -1069.1933333333334 300
434 -1066.6566666666668 300
435 -1067.7333333333333 300
436 -1069.39 300
437 -1071.41 300
438 -1070.5466666666666 300
439 -1068.8366666666666 300
440 -1066.6166666666666 300
441 -1063.8133333333333 300
442 -1064.1366666666668 300
443 -1064.5833333333333 300
444 -1060.54 300
445 -1060.3533333333332 300
446 -1060.1233333333332 300
447 -1060.16 300
448 -1060.1666666666667 300
449 -1060.1766666666667 300
450 -1060.1933333333334 300
451 -1060.1866666666667 300
452 -1060.0733333333333 300
453 -1059.8633333333332 300
454 -1059.9933333333333 300
455 -1060.0666666666666 300
456 -1059.8533333333332 300
457 -1059.8333333333333 300
458 -1059.9233333333334 300
459 -1060.1866666666667 300
460 -1059.9866666666667 300
461 -1059.99 300
462 -1060.08 300
463 -1060.2966666666666 300
464 -1060.2233333333334 300
465 -1060.0833333333333 300
466 -1059.99 300
467 -1059.78 300
468 -1059.71 300
469 -1059.78 300
470 -1059.9566666666667 300
471 -1060.28 300
472 -1060.4633333333334 300
473 -1060.7033333333334 300
474 -1060.75 300
475 -1060.7766666666666 300
476 -1060.4733333333334 300
477 -1060.66 300
478 -1060.53 300
479 -1060.31 300
480 -1060.2733333333333 300
481 -1060.0533333333333 300
482 -1059.6333333333334 300
483 -1059.5866666666666 300
484 -1059.56 300
485 -1059.5966666666666 300
486 -1059.3233333333333 300
487 -1059.0466666666666 300
488 -1058.2133333333334 300
489 -1058.1566666666668 300
490 -1058.1166666666666 300
491 -1057.9666666666667 300
492 -1058.0866666666666 300
493 -1057.5766666666666 300
494 -1056.6566666666668 300
495 -1055.1733333333334 300
496 -1053.66 300
497 -1055.2066666666667 300
498 -1052.7 300
499 -1053.9866666666667 300
500 -1052.41 300
501 -1048.7666666666667 300
502 -1049.5033333333333 300
503 -1050.31 300
504 -1052.25 300
505 -1054.8666666666666 300
506 -1057.62 300
507 -1058.3633333333332 300
508 -1057.7766666666666 300
509 -1058.2 300
510 -1057.58 300
511 -1056.4533333333334 300
512 -1056.5933333333332 300
513 -1053.9833333333333 300
514 -1057.1833333333334 300
515 -1057.8233333333333 300
516 -1056.8233333333333 300
517 -1054.5733333333333 300
518 -1057.3466666666666 300
519 -1058.4266666666667 300
520 -1058.9666666666667 300
521 -1058.9233333333334 300
522 -1058.7966666666666 300
523 -1059.2833333333333 300
524 -1059.1233333333332 300
525 -1059.1166666666666 300
526 -1059.35 300
527 -1059.4133333333334 300
528 -1059.5133333333333 300
529 -1059.8566666666666 300
530 -1060.2733333333333 300
531 -1060.6866666666667 300
532 -1059.93 300
533 -1059.2 300
534 -1059.36 300
535 -1059.9766666666667 300
536 -1060.9733333333334 300
537 -1062.6133333333332 300
538 -1064.2433333333333 300
539 -1063.76 300
540 -1059.16 300
541 -1059.0366666666666 300
542 -1058.95 300
543 -1058.95 300
544 -1058.9066666666668 300
545 -1058.69 300
546 -1058.2566666666667 300
547 -1059.08 300
548 -1059.08 300
549 -1059.1766666666667 300
550 -1059.1333333333334 300
551 -1059.1366666666668 300
552 -1059.1366666666668 300
553 -1059.1366666666668 300
554 -1059.0233333333333 300
555 -1059.12 300
556 -1059.0233333333333 300
557 -1059.11 300
558 -1058.86 300
559 -1058.5033333333333 300
560 -1058.3633333333332 300
561 -1057.5666666666666 300
562 -1057.6833333333334 300
563 -1057.57 300
564 -1058.45 300
565 -1057.59 300
566 -1056.1133333333332 300
567 -1052.87 300
568 -1045.0933333333332 300
569 -1031.26 300
570 -1028.3 300
571 -1029.4133333333334 300
572 -1028.32 300
573 -1025.24 300
574 -1025.2633333333333 300
575 -1025.28 300
576 -1025.4066666666668 300
577 -1025.6333333333334 300
578 -1026.03 300
579 -1025.9866666666667 300
580 -1026.0033333333333 300
581 -1026.0066666666667 300
582 -1026.14 300
583 -1026.4666666666667 300
584 -1027.1333333333334 300
585 -1028.21 300
586 -1029.8433333333332 300
587 -1030.68 300
588 -1031.6233333333332 300
589 -1026.8566666666666 300
590 -1027.45 300
591 -1028.71 300
592 -1031.66 300
593 -1036.93 300
594 -1038.6566666666668 300
595 -1038.4133333333334 300
596 -1038.0066666666667 300
597 -1036.98 300
598 -1036.0733333333333 300
599 -1034.51 300
600 -1031.1933333333334 300
601 -1030.4733333333334 300
602 -1030.51 300
603 -1030.84 300
604 -1031.69 300
605 -1032.61 300
606 -1033.8066666666666 300
607 -1035.24 300
608 -1037.4333333333334 300
609 -1037.4 300
610 -1036.66 300
611 -1034.7566666666667 300
612 -1036.4766666666667 300
613 -1038.3733333333332 300
614 -1038.03 300
615 -1037.2633333333333 300
616 -1035.7433333333333 300
617 -1038.16 300
618 -1037.8333333333333 300
619 -1037.1566666666668 300
620 -1036.5933333333332 300
621 -1036.51 300
622 -1035.4733333333334 300
623 -1033.8733333333332 300
624 -1031.26 300
625 -1028.84 300
626 -1027.64 300
627 -1024.41 300
628 -1025.8433333333332 300
629 -1024.24 300
630 -1023.07 300
631 -1023.3966666666666 300
632 -1023.34 300
633 -1024.4866666666667 300
634 -1019.8833333333333 300
635 -1018.6566666666666 300
636 -1012.0233333333333 300
637 -1015.4533333333334 300
638 -1015.3666666666667 300
639 -1015.3833333333333 300
640 -1015.21 300
641 -1015.6766666666666 300
642 -1015.4666666666667 300
643 -1015.78 300
644 -1017.2 300
645 -1017.4966666666667 300
646 -1012.59 300
647 -1002.5733333333334 300
648 -990.8633333333333 300
649 -991.0833333333334 300
650 -991.04 300
651 -990.91 300
652 -991.18 300
653 -990.9233333333333 300
654 -990.3366666666667 300
655 -986.63 300
656 -983.3033333333333 300
657 -976.19 300
658 -976.6766666666666 300
659 -977.41 300
660 -977.6166666666667 300
661 -977.16 300
662 -977.72 300
663 -978.52 300
664 -979.28 300
665 -980.65 300
666 -981.7966666666666 300
667 -981.1566666666666 300
668 -979.8766666666667 300
669 -977.85 300
670 -978.5066666666667 300
671 -978.9466666666667 300
672 -979.7466666666667 300
673 -980.6066666666667 300
674 -981.2933333333333 300
675 -979.29 300
676 -976.4633333333334 300
677 -976.1966666666667 300
678 -975.5866666666667 300
679 -975.4166666666666 300
680 -975.09 300
681 -974.0933333333334 300
682 -972.0033333333333 300
683 -967.6733333333333 300
684 -965.2433333333333 300
685 -965.5 300
686 -965.5866666666667 300
687 -965.9866666666667 300
688 -966.0733333333334 300
689 -966.26 300
690 -966.7166666666667 300
691 -967.25 300
692 -967.7666666666667 300
693 -967.03 300
694 -967.1166666666667 300
695 -967.22 300
696 -967.35 300
697 -967.4366666666666 300
698 -967.87 300
699 -968.5166666666667 300
700 -969.2966666666666 300
701 -970.2066666666667 300
702 -971.2033333333334 300
703 -973.4566666666667 300
704 -974.2366666666667 300
705 -973.0666666666667 300
706 -975.3166666666667 300
707 -974.71 300
708 -974.2766666666666 300
709 -973.84 300
710 -972.2766666666666 300
711 -970.6733333333333 300
712 -971.9266666666666 300
713 -973.01 300
714 -974.8733333333333 300
715 -973.9633333333334 300
716 -972.01 300
717 -968.9733333333334 300
718 -962.6966666666667 300
719 -962.74 300
720 -962.8266666666667 300
721 -962.83 300
722 -962.9166666666666 300
723 -963.0566666666666 300
724 -963.1933333333334 300
725 -963.3 300
726 -963.5633333333334 300
727 -963.8833333333333 300
728 -964.22 300
729 -964.5 300
730 -963.9133333333333 300
731 -964.2 300
732 -963.9566666666667 300
733 -964.1233333333333 300
734 -964.1633333333333 300
735 -964.2033333333334 300
736 -964.2366666666667 300
737 -962.2733333333333 300
738 -962.13 300
739 -961.81 300
740 -961.4633333333334 300
741 -960.9 300
742 -959.6433333333333 300
743 -956.9666666666667 300
744 -951.6033333333334 300
745 -951.7766666666666 300
746 -952.0366666666666 300
747 -952.21 300
748 -952.2966666666666 300
749 -952.6433333333333 300
750 -953.25 300
751 -953.8133333333334 300
752 -954.8533333333334 300
753 -956.7166666666667 300
754 -958.7933333333333 300
755 -962.0433333333333 300
756 -962.52 300
757 -962.52 300
758 -962.3266666666667 300
759 -962.5366666666666 300
760 -962.5366666666666 300
761 -962.5366666666666 300
762 -962.4566666666667 300
763 -962.4566666666667 300
764 -962.4566666666667 300
765 -962.5433333333333 300
766 -962.4166666666666 300
767 -962.4166666666666 300
768 -962.4566666666667 300
769 -962.4566666666667 300
770 -962.6666666666666 300
771 -962.6666666666666 300
772 -962.6666666666666 300
773 -962.7033333333334 300
774 -962.7766666666666 300
775 -962.7766666666666 300
776 -962.7766666666666 300
777 -962.69 300
778 -962.6466666666666 300
779 -962.7066666666667 300
780 -962.96 300
781 -963.0566666666666 300
782 -963.0566666666666 300
783 -963.1766666666666 300
784 -963.1733333333333 300
785 -963.2033333333334 300
786 -963.19 300
787 -963.17 300
788 -963.1366666666667 300
789 -963.2433333333333 300
790 -963.26 300
791 -963.18 300
792 -963.19 300
793 -963.2 300
794 -963.2 300
795 -963.2 300
796 -963.2 300
797 -963.24 300
798 -963.32 300
799 -963.2766666666666 300
800 -963.3166666666667 300
801 -963.2766666666666 300
802 -963.2733333333333 300
803 -962.9333333333333 300
804 -962.4966666666667 300
805 -961.6233333333333 300
806 -959.32 300
807 -955.5066666666667 300
808 -956.2833333333333 300
809 -956.7566666666667 300
810 -957.5366666666666 300
811 -957.53 300
812 -958.2633333333333 300
813 -958.61 300
814 -957.3533333333334 300
815 -954.4633333333334 300
816 -953.6666666666666 300
817 -953.97 300
818 -954.14 300
819 -954.57 300
820 -955.0833333333334 300
821 -955.51 300
822 -956.0666666666667 300
823 -957.0033333333333 300
824 -958.1133333333333 300
825 -958.7333333333333 300
826 -958.8833333333333 300
827 -958.31 300
828 -958.0333333333333 300
829 -959.16 300
830 -957.4233333333333 300
831 -953.5666666666667 300
832 -953.7666666666667 300
833 -953.9766666666667 300
834 -953.96 300
835 -953.5233333333333 300
836 -953.5666666666667 300
837 -953.5666666666667 300
838 -953.7733333333333 300
839 -953.7733333333333 300
840 -953.7733333333333 300
841 -953.8566666666667 300
842 -953.6833333333333 300
843 -952.9633333333334 300
844 -953.0066666666667 300
845 -953.09 300
846 -953.1733333333333 300
847 -953.3433333333334 300
848 -953.43 300
849 -953.4333333333333 300
850 -953.39 300
851 -953.4733333333334 300
852 -953.81 300
853 -953.81 300
854 -954.0733333333334 300
855 -954.3933333333333 300
856 -954.6433333333333 300
857 -954.77 300
858 -954.9833333333333 300
859 -955.2266666666667 300
860 -955.2266666666667 300
861 -955.31 300
862 -955.4366666666666 300
863 -955.52 300
864 -955.6866666666666 300
865 -955.98 300
866 -956.1066666666667 300
867 -955.84 300
868 -955.9233333333333 300
869 -956.09 300
870 -956.1733333333333 300
871 -956.4233333333333 300
872 -956.59 300
873 -956.9633333333334 300
874 -957.2566666666667 300
875 -957.7166666666667 300
876 -957.9666666666667 300
877 -958.28 300
878 -953.18 300
879 -952.73 300
880 -954.04 300
881 -954.0733333333334 300
882 -953.6833333333333 300
883 -953.08 300
884 -950.9266666666666 300
885 -948.8966666666666 300
886 -945.9566666666667 300
887 -946.0433333333333 300
888 -948.0 300
889 -950.95 300
890 -951.3566666666667 300
891 -951.3566666666667 300
892 -951.3566666666667 300
893 -951.3566666666667 300
894 -951.3566666666667 300
895 -951.41 300
896 -951.3633333333333 300
897 -951.3166666666667 300
898 -951.27 300
899 -951.2233333333334 300
900 -951.1766666666666 300
901 -951.13 300
902 -951.0833333333334 300
903 -951.0366666666666 300
904 -950.99 300
905 -950.94 300
906 -950.9366666666666 300
907 -950.88 300
908 -950.7033333333334 300
909 -950.6333333333333 300
910 -949.7 300
911 -948.12 300
912 -948.2466666666667 300
913 -948.3466666666667 300
914 -948.45 300
915 -948.49 300
916 -951.9933333333333 300
917 -952.1833333333333 300
918 -952.3766666666667 300
919 -952.4133333333333 300
920 -952.47 300
921 -953.32 300
922 -953.8033333333333 300
923 -954.34 300
924 -955.04 300
925 -955.5133333333333 300
926 -956.4533333333334 300
927 -957.31 300
928 -952.57 300
929 -951.98 300
930 -949.8366666666667 300
931 -946.89 300
932 -947.25 300
933 -947.5333333333333 300
934 -947.8966666666666 300
935 -948.1266666666667 300
936 -948.3066666666666 300
937 -948.6266666666667 300
938 -949.1733333333333 300
939 -951.0066666666667 300
940 -952.2733333333333 300
941 -953.9266666666666 300
942 -956.3066666666666 300
943 -958.7733333333333 300
944 -959.9833333333333 300
945 -952.6466666666666 300
946 -954.6166666666667 300
947 -953.75 300
948 -953.8133333333334 300
949 -948.7033333333334 300
950 -946.9433333333334 300
951 -942.6266666666667 300
952 -941.9 300
953 -941.9 300
954 -942.04 300
955 -942.2233333333334 300
956 -942.2233333333334 300
957 -942.1266666666667 300
958 -942.1266666666667 300
959 -942.1666666666666 300
960 -942.1233333333333 300
961 -942.08 300
962 -942.2566666666667 300
963 -942.3 300
964 -942.19 300
965 -942.19 300
966 -942.41 300
967 -942.5933333333334 300
968 -942.8733333333333 300
969 -942.7866666666666 300
970 -942.9566666666667 300
971 -942.9566666666667 300
972 -943.29 300
973 -943.5833333333334 300
974 -943.72 300
975 -943.9433333333334 300
976 -943.9866666666667 300
977 -944.1433333333333 300
978 -944.5033333333333 300
979 -944.8566666666667 300
980 -944.69 300
981 -938.2366666666667 300
982 -938.2366666666667 300
983 -938.52 300
984 -938.56 300
985 -938.7 300
986 -938.7366666666667 300
987 -938.7766666666666 300
988 -938.87 300
989 -938.78 300
990 -939.0033333333333 300
991 -939.0433333333333 300
992 -938.9566666666667 300
993 -939.1733333333333 300
994 -939.0866666666667 300
995 -939.2233333333334 300
996 -939.2366666666667 300
997 -939.02 300
998 -940.2366666666667 300
999 -940.2766666666666 300
1000 -940.32 300
1001 -940.7233333333334 300
1002 -939.5433333333333 300
1003 -939.6266666666667 300
1004 -939.8433333333334 300
1005 -939.5933333333334 300
1006 -939.99 300
1007 -940.33 300
1008 -940.6733333333333 300
1009 -941.1866666666666 300
1010 -941.7466666666667 300
1011 -935.6933333333334 300
1012 -935.6933333333334 300
1013 -935.6933333333334 300
1014 -935.6933333333334 300
1015 -935.6966666666667 300
1016 -935.6966666666667 300
1017 -935.6966666666667 300
1018 -935.74 300
1019 -935.74 300
1020 -935.7433333333333 300
1021 -935.7433333333333 300
1022 -935.7866666666666 300
1023 -935.7866666666666 300
1024 -935.6933333333334 300
1025 -935.6933333333334 300
1026 -935.65 300
1027 -935.65 300
1028 -935.6933333333334 300
1029 -935.65 300
1030 -935.4333333333333 300
1031 -935.3033333333333 300
1032 -934.9566666666667 300
1033 -934.6966666666667 300
1034 -933.7433333333333 300
1035 -931.9666666666667 300
1036 -935.0866666666667 300
1037 -934.48 300
1038 -932.7466666666667 300
1039 -935.9533333333334 300
1040 -935.7 300
1041 -935.7 300
1042 -935.66 300
1043 -935.66 300
1044 -935.6633333333333 300
1045 -935.6666666666666 300
1046 -935.67 300
1047 -935.5966666666667 300
1048 -935.7766666666666 300
1049 -935.7833333333333 300
1050 -935.88 300
1051 -936.0566666666666 300
1052 -936.19 300
1053 -936.5566666666666 300
1054 -936.83 300
1055 -936.8866666666667 300
1056 -936.9866666666667 300
1057 -936.83 300
1058 -936.0266666666666 300
1059 -936.1166666666667 300
1060 -936.1733333333333 300
1061 -936.2366666666667 300
1062 -936.4733333333334 300
1063 -936.6566666666666 300
1064 -936.45 300
1065 -936.45 300
1066 -936.4466666666667 300
1067 -936.44 300
1068 -936.4433333333334 300
1069 -936.4366666666666 300
1070 -936.4366666666666 300
1071 -936.4366666666666 300
1072 -936.43 300
1073 -936.4366666666666 300
1074 -936.4333333333333 300
1075 -936.4266666666666 300
1076 -936.44 300
1077 -936.4333333333333 300
1078 -936.4733333333334 300
1079 -936.4633333333334 300
1080 -936.49 300
1081 -936.4866666666667 300
1082 -936.48 300
1083 -936.48 300
1084 -936.4833333333333 300
1085 -936.4766666666667 300
1086 -936.4666666666667 300
1087 -936.4633333333334 300
1088 -936.52 300
1089 -936.5166666666667 300
1090 -936.5566666666666 300
1091 -936.59 300
1092 -936.5833333333334 300
1093 -936.5833333333334 300
1094 -936.6166666666667 300
1095 -936.6066666666667 300
1096 -936.6 300
1097 -936.63 300
1098 -936.62 300
1099 -936.61 300
1100 -936.6 300
1101 -936.59 300
1102 -936.5833333333334 300
1103 -936.4666666666667 300
1104 -936.51 300
1105 -936.6566666666666 300
1106 -936.77 300
1107 -936.8766666666667 300
1108 -937.0833333333334 300
1109 -937.2333333333333 300
1110 -937.23 300
1111 -937.2266666666667 300
1112 -937.2233333333334 300
1113 -937.2266666666667 300
1114 -937.2233333333334 300
1115 -937.3 300
1116 -937.2966666666666 300
1117 -937.2833333333333 300
1118 -937.3166666666667 300
1119 -937.29 300
1120 -937.15 300
1121 -936.7033333333334 300
1122 -936.6233333333333 300
1123 -936.6233333333333 300
1124 -936.5733333333334 300
1125 -936.6033333333334 300
1126 -935.9966666666667 300
1127 -935.3233333333334 300
1128 -933.8166666666667 300
1129 -931.0166666666667 300
1130 -928.7033333333334 300
1131 -927.16 300
1132 -927.4166666666666 300
1133 -927.6833333333333 300
1134 -928.1166666666667 300
1135 -925.28 300
1136 -925.3233333333334 300
1137 -925.28 300
1138 -925.42 300
1139 -925.4633333333334 300
1140 -925.5066666666667 300
1141 -925.55 300
1142 -925.5933333333334 300
1143 -925.9066666666666 300
1144 -926.0366666666666 300
1145 -926.22 300
1146 -926.49 300
1147 -926.5766666666667 300
1148 -926.75 300
1149 -926.9233333333333 300
1150 -927.2266666666667 300
1151 -927.4966666666667 300
1152 -927.5833333333334 300
1153 -926.1533333333333 300
1154 -926.1533333333333 300
1155 -926.1533333333333 300
1156 -926.1966666666667 300
1157 -926.3366666666667 300
1158 -926.3366666666667 300
1159 -926.3366666666667 300
1160 -926.3366666666667 300
1161 -926.3233333333334 300
1162 -926.4533333333334 300
1163 -926.73 300
1164 -927.0933333333334 300
1165 -927.1366666666667 300
1166 -927.32 300
1167 -927.5466666666666 300
1168 -925.9433333333334 300
1169 -926.1333333333333 300
1170 -926.3666666666667 300
1171 -926.75 300
1172 -927.0366666666666 300
1173 -927.7433333333333 300
1174 -929.57 300
1175 -931.8333333333334 300
1176 -934.22 300
1177 -934.8 300
1178 -935.2266666666667 300
1179 -936.19 300
1180 -937.6766666666666 300
1181 -939.6633333333333 300
1182 -938.4733333333334 300
1183 -949.5166666666667 300
1184 -948.6633333333333 300
1185 -945.6333333333333 300
1186 -946.7066666666667 300
1187 -943.2433333333333 300
1188 -935.8933333333333 300
1189 -935.68 300
1190 -935.68 300
1191 -935.7333333333333 300
1192 -935.73 300
1193 -935.8133333333334 300
1194 -935.8133333333334 300
1195 -935.8133333333334 300
1196 -935.7333333333333 300
1197 -935.6366666666667 300
1198 -935.6366666666667 300
1199 -935.6366666666667 300
1200 -935.68 300
1201 -935.5833333333334 300
1202 -935.5833333333334 300
1203 -935.5833333333334 300
1204 -935.5833333333334 300
1205 -935.5833333333334 300
1206 -935.6266666666667 300
1207 -935.63 300
1208 -935.5966666666667 300
1209 -935.5966666666667 300
1210 -935.64 300
1211 -935.5966666666667 300
1212 -935.6 300
1213 -935.6 300
1214 -935.6033333333334 300
1215 -935.6033333333334 300
1216 -935.6066666666667 300
1217 -935.6066666666667 300
1218 -935.65 300
1219 -935.65 300
1220 -935.6933333333334 300
1221 -935.6966666666667 300
1222 -935.75 300
1223 -935.71 300
1224 -935.7133333333334 300
1225 -935.7133333333334 300
1226 -935.7133333333334 300
1227 -935.7133333333334 300
1228 -935.7133333333334 300
1229 -935.7666666666667 300
1230 -935.82 300
1231 -935.8233333333334 300
1232 -935.8266666666667 300
1233 -935.8833333333333 300
1234 -935.89 300
1235 -935.8566666666667 300
1236 -935.8566666666667 300
1237 -935.9 300
1238 -935.8266666666667 300
1239 -935.8266666666667 300
1240 -935.8266666666667 300
1241 -935.8266666666667 300
1242 -935.82 300
1243 -935.82 300
1244 -935.73 300
1245 -935.7766666666666 300
1246 -935.7733333333333 300
1247 -935.7733333333333 300
1248 -935.7733333333333 300
1249 -935.7733333333333 300
1250 -935.7733333333333 300
1251 -935.7733333333333 300
1252 -935.7733333333333 300
1253 -935.7733333333333 300
1254 -935.7733333333333 300
1255 -935.82 300
1256 -935.82 300
1257 -935.82 300
1258 -935.82 300
1259 -935.8633333333333 300
1260 -935.8633333333333 300
1261 -935.86 300
1262 -935.8533333333334 300
1263 -935.8566666666667 300
1264 -935.8466666666667 300
1265 -935.8433333333334 300
1266 -935.8366666666667 300
1267 -935.8866666666667 300
1268 -935.86 300
1269 -935.8333333333334 300
1270 -935.7866666666666 300
1271 -935.5966666666667 300
1272 -935.71 300
1273 -935.7466666666667 300
1274 -935.8566666666667 300
1275 -935.8166666666667 300
1276 -936.1 300
1277 -936.42 300
1278 -936.74 300
1279 -937.0966666666667 300
1280 -937.57 300
1281 -937.57 300
1282 -937.5233333333333 300
1283 -936.2933333333333 300
1284 -936.2966666666666 300
1285 -936.3 300
1286 -936.28 300
1287 -936.34 300
1288 -936.2966666666666 300
1289 -936.34 300
1290 -936.35 300
1291 -936.36 300
1292 -936.4133333333333 300
1293 -936.4633333333334 300
1294 -936.4733333333334 300
1295 -936.36 300
1296 -936.36 300
1297 -936.1933333333334 300
1298 -936.2466666666667 300
1299 -936.2433333333333 300
1300 -936.2366666666667 300
1301 -936.2833333333333 300
1302 -936.28 300
1303 -936.25 300
1304 -936.2166666666667 300
1305 -936.1466666666666 300
1306 -936.0033333333333 300
1307 -935.8933333333333 300
1308 -935.5233333333333 300
1309 -935.3833333333333 300
1310 -935.3866666666667 300
1311 -935.3866666666667 300
1312 -935.3866666666667 300
1313 -935.4466666666667 300
1314 -935.4466666666667 300
1315 -935.4533333333334 300
1316 -934.2533333333333 300
1317 -934.24 300
1318 -934.2366666666667 300
1319 -934.2366666666667 300
1320 -934.2366666666667 300
1321 -934.2366666666667 300
1322 -934.2133333333334 300
1323 -934.21 300
1324 -934.2 300
1325 -934.2 300
1326 -934.1966666666667 300
1327 -934.1866666666666 300
1328 -934.1766666666666 300
1329 -934.14 300
1330 -934.15 300
1331 -934.1966666666667 300
1332 -934.2166666666667 300
1333 -934.2133333333334 300
1334 -934.16 300
1335 -934.1566666666666 300
1336 -934.15 300
1337 -934.14 300
1338 -934.1033333333334 300
1339 -934.1266666666667 300
1340 -934.12 300
1341 -934.2166666666667 300
1342 -934.2366666666667 300
1343 -934.1666666666666 300
1344 -934.0666666666667 300
1345 -933.8966666666666 300
1346 -933.5966666666667 300
1347 -933.4933333333333 300
1348 -933.5066666666667 300
1349 -933.5233333333333 300
1350 -933.4733333333334 300
1351 -933.48 300
1352 -933.4866666666667 300
1353 -933.4966666666667 300
1354 -933.5466666666666 300
1355 -933.5666666666667 300
1356 -933.5366666666666 300
1357 -933.5466666666666 300
1358 -933.5633333333334 300
1359 -933.47 300
1360 -933.49 300
1361 -933.5033333333333 300
1362 -933.5166666666667 300
1363 -933.4333333333333 300
1364 -933.44 300
1365 -933.45 300
1366 -933.4566666666667 300
1367 -933.4566666666667 300
1368 -933.4566666666667 300
1369 -933.4633333333334 300
1370 -933.4666666666667 300
1371 -933.4466666666667 300
1372 -933.5533333333333 300
1373 -933.49 300
1374 -933.49 300
1375 -933.4933333333333 300
1376 -933.4533333333334 300
1377 -933.4533333333334 300
1378 -933.3666666666667 300
1379 -933.1933333333334 300
1380 -932.6333333333333 300
1381 -931.8533333333334 300
1382 -931.5066666666667 300
1383 -929.6033333333334 300
1384 -929.2133333333334 300
1385 -930.8166666666667 300
1386 -928.13 300
1387 -923.8766666666667 300
1388 -923.9633333333334 300
1389 -924.3966666666666 300
1390 -924.53 300
1391 -924.8366666666667 300
1392 -924.9666666666667 300
1393 -925.49 300
1394 -926.2266666666667 300
1395 -925.3166666666667 300
1396 -922.7866666666666 300
1397 -921.6466666666666 300
1398 -921.96 300
1399 -922.18 300
1400 -922.03 300
1401 -921.88 300
1402 -921.9666666666667 300
1403 -922.0533333333333 300
1404 -922.0533333333333 300
1405 -922.0966666666667 300
1406 -922.3133333333334 300
1407 -922.3566666666667 300
1408 -922.0533333333333 300
1409 -921.2733333333333 300
1410 -921.23 300
1411 -921.2733333333333 300
1412 -921.3166666666667 300
1413 -921.4033333333333 300
1414 -921.5866666666667 300
1415 -921.63 300
1416 -921.9633333333334 300
1417 -922.1566666666666 300
1418 -922.6733333333333 300
1419 -923.1033333333334 300
1420 -922.8866666666667 300
1421 -922.93 300
1422 -923.0166666666667 300
1423 -923.06 300
1424 -923.05 300
1425 -923.0933333333334 300
1426 -923.2233333333334 300
1427 -922.8333333333334 300
1428 -922.8333333333334 300
1429 -922.9633333333334 300
1430 -922.9666666666667 300
1431 -922.7733333333333 300
1432 -922.82 300
1433 -922.8633333333333 300
1434 -922.8633333333333 300
1435 -922.8666666666667 300
1436 -922.9433333333334 300
1437 -922.25 300
1438 -922.2933333333333 300
1439 -922.2833333333333 300
1440 -922.2833333333333 300
1441 -922.1866666666666 300
1442 -922.2733333333333 300
1443 -921.63 300
1444 -921.62 300
1445 -921.6633333333333 300
1446 -921.7966666666666 300
1447 -921.88 300
1448 -921.88 300
1449 -922.0533333333333 300
1450 -922.3133333333334 300
1451 -922.27 300
1452 -922.0966666666667 300
1453 -922.0533333333333 300
1454 -922.0966666666667 300
1455 -922.0966666666667 300
1456 -922.14 300
1457 -922.14 300
1458 -922.1833333333333 300
1459 -922.1833333333333 300
1460 -922.27 300
1461 -922.3133333333334 300
1462 -922.4433333333334 300
1463 -922.4866666666667 300
1464 -922.66 300
1465 -922.7466666666667 300
1466 -923.0066666666667 300
1467 -923.2666666666667 300
1468 -923.57 300
1469 -923.7866666666666 300
1470 -923.96 300
1471 -924.0466666666666 300
1472 -924.22 300
1473 -924.61 300
1474 -924.9566666666667 300
1475 -925.7366666666667 300
1476 -926.5166666666667 300
1477 -927.8133333333334 300
1478 -928.6933333333334 300
1479 -930.6433333333333 300
1480 -932.3733333333333 300
1481 -932.1533333333333 300
1482 -932.8433333333334 300
1483 -932.9233333333333 300
1484 -932.8733333333333 300
1485 -932.7866666666666 300
1486 -932.5533333333333 300
1487 -932.46 300
1488 -932.4566666666667 300
1489 -932.4566666666667 300
1490 -932.41 300
1491 -932.41 300
1492 -932.3633333333333 300
1493 -932.3633333333333 300
1494 -932.3166666666667 300
1495 -932.3166666666667 300
1496 -932.2233333333334 300
1497 -932.2233333333334 300
1498 -932.13 300
1499 -932.08 300
1500 -932.08 300
1501 -932.0333333333333 300
1502 -931.9866666666667 300
1503 -931.94 300
1504 -931.8466666666667 300
1505 -931.2733333333333 300
1506 -931.04 300
1507 -931.0866666666667 300
1508 -931.1333333333333 300
1509 -931.2266666666667 300
1510 -931.2733333333333 300
1511 -933.1866666666666 300
1512 -933.1866666666666 300
1513 -933.2266666666667 300
1514 -933.1833333333333 300
1515 -933.2233333333334 300
1516 -933.2233333333334 300
1517 -933.1833333333333 300
1518 -933.2266666666667 300
1519 -933.2266666666667 300
1520 -933.2266666666667 300
1521 -933.2266666666667 300
1522 -933.2266666666667 300
1523 -933.2266666666667 300
1524 -933.2266666666667 300
1525 -933.2266666666667 300
1526 -933.2266666666667 300
1527 -933.2266666666667 300
1528 -933.2266666666667 300
1529 -933.2266666666667 300
1530 -933.2266666666667 300
1531 -933.2266666666667 300
1532 -933.2266666666667 300
1533 -933.2266666666667 300
1534 -933.2266666666667 300
1535 -933.2266666666667 300
1536 -933.2266666666667 300
1537 -933.2266666666667 300
1538 -933.2266666666667 300
1539 -933.2266666666667 300
1540 -933.2266666666667 300
1541 -933.2266666666667 300
1542 -933.2266666666667 300
1543 -933.1033333333334 300
1544 -933.1033333333334 300
1545 -933.1033333333334 300
1546 -933.1033333333334 300
1547 -933.1 300
1548 -933.1 300
1549 -933.1433333333333 300
1550 -933.1433333333333 300
1551 -933.1433333333333 300
1552 -933.1866666666666 300
1553 -933.1866666666666 300
1554 -933.1866666666666 300
1555 -933.1866666666666 300
1556 -933.1866666666666 300
1557 -933.1866666666666 300
1558 -933.1866666666666 300
1559 -933.09 300
1560 -933.09 300
1561 -933.0466666666666 300
1562 -933.0466666666666 300
1563 -933.0466666666666 300
1564 -932.95 300
1565 -932.95 300
1566 -932.95 300
1567 -932.95 300
1568 -932.8533333333334 300
1569 -932.8533333333334 300
1570 -932.8533333333334 300
1571 -932.8533333333334 300
1572 -932.8533333333334 300
1573 -932.7066666666667 300
1574 -933.0933333333334 300
1575 -933.19 300
1576 -933.1866666666666 300
1577 -933.0833333333334 300
1578 -933.0833333333334 300
1579 -933.0833333333334 300
1580 -933.0833333333334 300
1581 -933.0833333333334 300
1582 -933.0833333333334 300
1583 -933.0833333333334 300
1584 -933.1266666666667 300
1585 -933.1266666666667 300
1586 -933.1266666666667 300
1587 -933.1266666666667 300
1588 -933.1266666666667 300
1589 -933.1266666666667 300
1590 -933.17 300
1591 -933.17 300
1592 -933.17 300
1593 -933.17 300
1594 -933.17 300
1595 -933.17 300
1596 -933.17 300
1597 -933.17 300
1598 -933.17 300
1599 -933.13 300
1600 -933.13 300
1601 -933.13 300
1602 -933.13 300
1603 -933.13 300
1604 -933.13 300
1605 -933.13 300
1606 -933.13 300
1607 -933.13 300
1608 -933.13 300
1609 -933.13 300
1610 -933.13 300
1611 -933.1733333333333 300
1612 -933.1733333333333 300
1613 -933.1733333333333 300
1614 -933.1733333333333 300
1615 -933.1733333333333 300
1616 -933.1733333333333 300
1617 -933.1733333333333 300
1618 -933.1733333333333 300
1619 -933.1733333333333 300
1620 -933.1733333333333 300
1621 -933.1733333333333 300
1622 -933.2166666666667 300
1623 -933.2133333333334 300
1624 -933.17 300
1625 -933.1666666666666 300
1626 -933.1666666666666 300
1627 -933.1633333333333 300
1628 -933.16 300
1629 -933.16 300
1630 -933.1566666666666 300
1631 -933.1533333333333 300
1632 -933.15 300
1633 -933.1466666666666 300
1634 -933.1266666666667 300
1635 -933.2233333333334 300
1636 -933.2166666666667 300
1637 -933.2233333333334 300
1638 -933.2666666666667 300
1639 -933.2666666666667 300
1640 -933.31 300
1641 -933.31 300
1642 -933.2233333333334 300
1643 -933.2233333333334 300
1644 -933.2666666666667 300
1645 -933.2666666666667 300
1646 -933.2666666666667 300
1647 -933.2633333333333 300
1648 -933.2566666666667 300
1649 -933.2566666666667 300
1650 -933.2533333333333 300
1651 -933.25 300
1652 -933.2433333333333 300
1653 -933.2366666666667 300
1654 -933.2333333333333 300
1655 -933.23 300
1656 -933.2266666666667 300
1657 -933.2233333333334 300
1658 -933.2133333333334 300
1659 -933.2133333333334 300
1660 -933.2066666666667 300
1661 -933.2 300
1662 -933.1933333333334 300
1663 -933.1833333333333 300
1664 -933.16 300
1665 -933.1566666666666 300
1666 -933.1233333333333 300
1667 -933.1233333333333 300
1668 -933.1266666666667 300
1669 -933.1233333333333 300
1670 -933.18 300
1671 -933.18 300
1672 -933.1966666666667 300
1673 -933.19 300
1674 -933.18 300
1675 -933.1766666666666 300
1676 -933.1066666666667 300
1677 -933.1033333333334 300
1678 -933.0966666666667 300
1679 -933.0933333333334 300
1680 -933.1133333333333 300
1681 -933.1033333333334 300
1682 -933.1066666666667 300
1683 -933.0933333333334 300
1684 -933.0333333333333 300
1685 -932.9966666666667 300
1686 -932.8933333333333 300
1687 -932.9066666666666 300
1688 -932.9833333333333 300
1689 -933.05 300
1690 -932.9933333333333 300
1691 -932.8966666666666 300
1692 -932.84 300
1693 -932.74 300
1694 -932.69 300
1695 -932.6333333333333 300
1696 -932.5733333333334 300
1697 -932.43 300
1698 -932.84 300
1699 -932.8333333333334 300
1700 -932.7033333333334 300
1701 -932.63 300
1702 -932.5466666666666 300
1703 -932.4733333333334 300
1704 -932.42 300
1705 -932.3633333333333 300
1706 -932.3666666666667 300
1707 -932.3466666666667 300
1708 -932.2433333333333 300
1709 -932.1466666666666 300
1710 -932.0566666666666 300
1711 -931.9533333333334 300
1712 -931.8633333333333 300
1713 -931.7733333333333 300
1714 -931.68 300
1715 -931.5833333333334 300
1716 -931.54 300
1717 -931.5366666666666 300
1718 -931.4866666666667 300
1719 -932.85 300
1720 -932.8633333333333 300
1721 -932.86 300
1722 -932.9466666666667 300
1723 -932.9033333333333 300
1724 -932.9 300
1725 -932.8933333333333 300
1726 -932.8866666666667 300
1727 -932.8366666666667 300
1728 -932.83 300
1729 -932.78 300
1730 -932.7666666666667 300
1731 -932.7133333333334 300
1732 -932.6633333333333 300
1733 -932.61 300
1734 -932.5566666666666 300
1735 -932.5066666666667 300
1736 -932.4533333333334 300
1737 -932.4033333333333 300
1738 -932.3466666666667 300
1739 -932.2866666666666 300
1740 -932.2366666666667 300
1741 -932.1866666666666 300
1742 -932.18 300
1743 -932.1733333333333 300
1744 -932.1666666666666 300
1745 -932.16 300
1746 -932.15 300
1747 -932.1933333333334 300
1748 -932.18 300
1749 -932.17 300
1750 -932.1666666666666 300
1751 -932.16 300
1752 -932.11 300
1753 -932.15 300
1754 -932.1466666666666 300
1755 -932.1466666666666 300
1756 -932.14 300
1757 -932.1333333333333 300
1758 -932.13 300
1759 -932.1766666666666 300
1760 -932.1733333333333 300
1761 -932.1666666666666 300
1762 -932.1666666666666 300
1763 -932.16 300
1764 -932.2033333333334 300
1765 -932.2 300
1766 -932.1933333333334 300
1767 -932.1866666666666 300
1768 -932.19 300
1769 -932.24 300
1770 -932.2433333333333 300
1771 -932.2433333333333 300
1772 -932.24 300
1773 -932.24 300
1774 -932.2366666666667 300
1775 -932.2366666666667 300
1776 -932.27 300
1777 -932.25 300
1778 -932.2433333333333 300
1779 -932.29 300
1780 -932.28 300
1781 -932.2666666666667 300
1782 -932.27 300
1783 -932.3166666666667 300
1784 -932.3066666666666 300
1785 -932.2966666666666 300
1786 -932.2866666666666 300
1787 -932.2766666666666 300
1788 -932.31 300
1789 -932.3033333333333 300
1790 -932.2966666666666 300
1791 -932.2866666666666 300
1792 -932.2133333333334 300
1793 -932.2133333333334 300
1794 -932.19 300
1795 -932.0866666666667 300
1796 -932.0866666666667 300
1797 -932.0366666666666 300
1798 -931.9866666666667 300
1799 -931.88 300
1800 -931.8866666666667 300
1801 -931.74 300
1802 -931.7533333333333 300
1803 -931.4833333333333 300
1804 -931.7166666666667 300
1805 -931.6233333333333 300
1806 -931.5766666666667 300
1807 -931.4366666666666 300
1808 -931.3466666666667 300
1809 -931.3433333333334 300
1810 -931.2466666666667 300
1811 -931.2466666666667 300
1812 -931.0433333333333 300
1813 -931.0433333333333 300
1814 -931.0433333333333 300
1815 -930.9533333333334 300
1816 -930.8633333333333 300
1817 -930.7733333333333 300
1818 -930.7266666666667 300
1819 -930.5433333333333 300
1820 -930.3133333333334 300
1821 -929.6166666666667 300
1822 -929.9433333333334 300
1823 -929.8566666666667 300
1824 -929.6266666666667 300
1825 -929.67 300
1826 -929.63 300
1827 -930.1966666666667 300
1828 -930.1033333333334 300
1829 -930.1033333333334 300
1830 -930.0133333333333 300
1831 -929.9233333333333 300
1832 -929.6966666666667 300
1833 -929.6966666666667 300
1834 -929.6533333333333 300
1835 -929.65 300
1836 -929.7 300
1837 -929.6533333333333 300
1838 -929.82 300
1839 -929.5066666666667 300
1840 -929.0966666666667 300
1841 -929.19 300
1842 -929.1933333333334 300
1843 -929.2 300
1844 -929.07 300
1845 -929.12 300
1846 -929.1133333333333 300
1847 -929.25 300
1848 -929.2066666666667 300
1849 -929.1166666666667 300
1850 -929.5433333333333 300
1851 -930.5733333333334 300
1852 -930.0233333333333 300
1853 -930.03 300
1854 -930.03 300
1855 -929.9433333333334 300
1856 -929.76 300
1857 -930.24 300
1858 -930.1033333333334 300
1859 -930.0933333333334 300
1860 -929.9566666666667 300
1861 -929.7266666666667 300
1862 -929.54 300
1863 -929.2233333333334 300
1864 -928.9933333333333 300
1865 -928.81 300
1866 -928.5833333333334 300
1867 -928.3066666666666 300
1868 -928.0033333333333 300
1869 -928.14 300
1870 -928.0033333333333 300
1871 -928.05 300
1872 -927.96 300
1873 -927.9133333333333 300
1874 -927.5466666666666 300
1875 -927.4966666666667 300
1876 -927.54 300
1877 -927.45 300
1878 -926.6833333333333 300
1879 -926.8633333333333 300
1880 -926.53 300
1881 -926.3933333333333 300
1882 -926.4933333333333 300
1883 -926.78 300
1884 -927.0633333333334 300
1885 -927.4366666666666 300
1886 -927.8133333333334 300
1887 -928.0033333333333 300
1888 -928.42 300
1889 -928.6966666666667 300
1890 -928.2433333333333 300
1891 -928.4266666666666 300
1892 -928.4766666666667 300
1893 -928.4766666666667 300
1894 -928.4766666666667 300
1895 -928.43 300
1896 -929.4966666666667 300
1897 -928.2133333333334 300
1898 -928.3366666666667 300
1899 -928.5933333333334 300
1900 -928.7333333333333 300
1901 -928.8633333333333 300
1902 -928.9933333333333 300
1903 -928.7633333333333 300
1904 -928.4033333333333 300
1905 -929.02 300
1906 -927.7766666666666 300
1907 -928.0566666666666 300
1908 -928.3866666666667 300
1909 -928.1566666666666 300
1910 -927.8333333333334 300
1911 -928.2166666666667 300
1912 -928.17 300
1913 -928.1233333333333 300
1914 -927.99 300
1915 -927.8966666666666 300
1916 -928.2333333333333 300
1917 -928.23 300
1918 -928.2766666666666 300
1919 -928.7366666666667 300
1920 -929.11 300
1921 -929.2033333333334 300
1922 -928.9233333333333 300
1923 -928.69 300
1924 -928.69 300
1925 -928.7366666666667 300
1926 -928.1733333333333 300
1927 -928.3633333333333 300
1928 -930.4133333333333 300
1929 -931.5366666666666 300
1930 -931.5433333333333 300
1931 -931.2966666666666 300
1932 -932.5833333333334 300
1933 -932.55 300
1934 -932.4233333333333 300
1935 -932.31 300
1936 -932.24 300
1937 -931.9333333333333 300
1938 -931.64 300
1939 -931.5766666666667 300
1940 -931.4666666666667 300
1941 -931.31 300
1942 -931.2533333333333 300
1943 -931.1833333333333 300
1944 -931.0466666666666 300
1945 -930.9733333333334 300
1946 -930.9066666666666 300
1947 -930.8 300
1948 -929.8 300
1949 -929.6533333333333 300
1950 -929.7533333333333 300
1951 -929.7566666666667 300
1952 -929.8366666666667 300
1953 -929.7366666666667 300
1954 -929.5266666666666 300
1955 -929.3266666666667 300
1956 -929.0333333333333 300
1957 -928.74 300
1958 -928.66 300
1959 -927.9466666666667 300
1960 -926.8966666666666 300
1961 -927.0633333333334 300
1962 -927.35 300
1963 -927.3133333333334 300
1964 -927.2433333333333 300
1965 -927.21 300
1966 -927.1733333333333 300
1967 -927.1733333333333 300
1968 -927.1733333333333 300
1969 -927.1333333333333 300
1970 -927.4233333333333 300
1971 -927.55 300
1972 -927.8533333333334 300
1973 -927.93 300
1974 -928.1533333333333 300
1975 -928.4533333333334 300
1976 -928.7966666666666 300
1977 -929.0966666666667 300
1978 -929.1866666666666 300
1979 -928.6866666666666 300
1980 -928.7433333333333 300
1981 -928.87 300
1982 -928.96 300
1983 -929.0466666666666 300
1984 -929.0466666666666 300
1985 -929.09 300
1986 -929.1333333333333 300
1987 -928.33 300
1988 -928.5433333333333 300
1989 -928.5466666666666 300
1990 -928.5066666666667 300
1991 -927.88 300
1992 -928.64 300
1993 -928.6433333333333 300
1994 -928.89 300
1995 -929.0566666666666 300
1996 -929.19 300
1997 -929.19 300
1998 -929.19 300
1999 -929.23 300
2000 -929.31 300
2001 -929.35 300
2002 -928.87 300
2003 -928.84 300
2004 -928.9666666666667 300
2005 -929.09 300
2006 -929.17 300
2007 -929.2866666666666 300
2008 -928.9833333333333 300
2009 -929.07 300
2010 -929.1066666666667 300
2011 -929.1433333333333 300
2012 -929.7433333333333 300
2013 -929.9233333333333 300
2014 -929.9733333333334 300
2015 -929.6366666666667 300
2016 -929.7733333333333 300
2017 -929.7833333333333 300
2018 -929.8266666666667 300
2019 -929.7866666666666 300
2020 -929.8266666666667 300
2021 -929.83 300
2022 -929.83 300
2023 -929.8333333333334 300
2024 -930.1766666666666 300
2025 -930.22 300
2026 -930.2666666666667 300
2027 -930.2566666666667 300
2028 -930.2533333333333 300
2029 -929.9566666666667 300
2030 -930.09 300
2031 -930.05 300
2032 -930.0 300
2033 -929.2966666666666 300
2034 -929.43 300
2035 -929.5666666666667 300
2036 -929.6033333333334 300
2037 -929.64 300
2038 -929.6733333333333 300
2039 -929.67 300
2040 -929.71 300
2041 -929.54 300
2042 -929.5833333333334 300
2043 -930.1666666666666 300
2044 -930.21 300
2045 -930.2033333333334 300
2046 -930.24 300
2047 -930.0033333333333 300
2048 -929.9933333333333 300
2049 -930.0233333333333 300
2050 -930.0533333333333 300
2051 -929.1166666666667 300
2052 -929.3566666666667 300
2053 -929.06 300
2054 -929.3366666666667 300
2055 -929.37 300
2056 -929.45 300
2057 -929.5233333333333 300
2058 -929.5933333333334 300
2059 -929.5966666666667 300
2060 -929.6266666666667 300
2061 -929.5866666666667 300
2062 -929.66 300
2063 -929.62 300
2064 -929.0066666666667 300
2065 -928.5433333333333 300
2066 -928.5166666666667 300
2067 -928.7233333333334 300
2068 -928.94 300
2069 -929.11 300
2070 -929.1166666666667 300
2071 -929.16 300
2072 -928.89 300
2073 -929.0133333333333 300
2074 -929.06 300
2075 -929.1866666666666 300
2076 -929.2366666666667 300
2077 -929.3133333333334 300
2078 -929.36 300
2079 -927.5966666666667 300
2080 -927.3066666666666 300
2081 -927.4833333333333 300
2082 -927.7866666666666 300
2083 -927.9966666666667 300
2084 -928.2466666666667 300
2085 -928.4833333333333 300
2086 -928.9133333333333 300
2087 -929.6833333333333 300
2088 -929.0566666666666 300
2089 -929.18 300
2090 -929.5133333333333 300
2091 -929.6666666666666 300
2092 -929.0966666666667 300
2093 -929.1366666666667 300
2094 -929.3066666666666 300
2095 -929.3433333333334 300
2096 -929.3833333333333 300
2097 -929.4133333333333 300
2098 -929.4066666666666 300
2099 -929.8233333333334 300
2100 -929.9033333333333 300
2101 -929.95 300
2102 -929.9933333333333 300
2103 -929.9933333333333 300
2104 -929.9866666666667 300
2105 -929.9366666666666 300
2106 -929.8966666666666 300
2107 -929.77 300
2108 -929.8466666666667 300
2109 -929.77 300
2110 -929.7666666666667 300
2111 -929.5866666666667 300
2112 -929.66 300
2113 -929.6566666666666 300
2114 -930.06 300
2115 -930.15 300
2116 -930.1133333333333 300
2117 -929.8266666666667 300
2118 -929.8766666666667 300
2119 -930.39 300
2120 -930.52 300
2121 -930.5266666666666 300
2122 -929.79 300
2123 -929.44 300
2124 -929.5533333333333 300
2125 -929.5866666666667 300
2126 -929.7766666666666 300
2127 -929.8533333333334 300
2128 -929.88 300
2129 -930.1266666666667 300
2130 -930.28 300
2131 -929.4633333333334 300
2132 -930.07 300
2133 -930.4833333333333 300
2134 -930.2633333333333 300
2135 -930.35 300
2136 -930.06 300
2137 -930.2633333333333 300
2138 -929.36 300
2139 -929.48 300
2140 -929.53 300
2141 -928.24 300
2142 -927.78 300
2143 -928.0733333333334 300
2144 -929.0166666666667 300
2145 -929.2266666666667 300
2146 -930.3433333333334 300
2147 -930.4333333333333 300
2148 -930.3533333333334 300
2149 -930.5266666666666 300
2150 -930.77 300
2151 -930.8033333333333 300
2152 -930.89 300
2153 -930.96 300
2154 -930.9466666666667 300
2155 -929.7 300
2156 -927.8366666666667 300
2157 -928.6033333333334 300
2158 -929.22 300
2159 -929.7133333333334 300
2160 -929.9166666666666 300
2161 -929.8766666666667 300
2162 -930.04 300
2163 -930.0766666666667 300
2164 -930.0766666666667 300
2165 -930.1466666666666 300
2166 -930.2666666666667 300
2167 -930.3033333333333 300
2168 -930.1566666666666 300
2169 -930.2033333333334 300
2170 -930.1033333333334 300
2171 -930.14 300
2172 -929.9466666666667 300
2173 -929.6766666666666 300
2174 -929.6366666666667 300
2175 -929.4466666666667 300
2176 -929.26 300
2177 -928.3 300
2178 -928.38 300
2179 -928.4233333333333 300
2180 -928.51 300
2181 -928.44 300
2182 -928.4466666666667 300
2183 -928.53 300
2184 -928.5333333333333 300
2185 -928.6133333333333 300
2186 -928.69 300
2187 -928.69 300
2188 -928.69 300
2189 -928.77 300
2190 -928.8066666666666 300
2191 -928.8433333333334 300
2192 -928.8466666666667 300
2193 -928.9233333333333 300
2194 -928.92 300
2195 -928.96 300
2196 -928.9633333333334 300
2197 -928.96 300
2198 -928.7066666666667 300
2199 -928.9433333333334 300
2200 -929.0966666666667 300
2201 -929.18 300
2202 -929.1433333333333 300
2203 -929.15 300
2204 -929.1533333333333 300
2205 -929.1566666666666 300
2206 -929.1566666666666 300
2207 -929.1233333333333 300
2208 -929.05 300
2209 -929.0066666666667 300
2210 -929.01 300
2211 -929.0066666666667 300
2212 -929.28 300
2213 -929.5633333333334 300
2214 -931.2 300
2215 -931.44 300
2216 -931.2866666666666 300
2217 -931.3366666666667 300
2218 -931.38 300
2219 -931.23 300
2220 -931.12 300
2221 -930.8866666666667 300
2222 -930.2266666666667 300
2223 -930.11 300
2224 -929.88 300
2225 -929.93 300
2226 -929.82 300
2227 -929.6333333333333 300
2228 -929.44 300
2229 -928.28 300
2230 -928.3266666666667 300
2231 -928.4566666666667 300
2232 -928.5366666666666 300
2233 -928.3066666666666 300
2234 -927.5833333333334 300
2235 -927.6233333333333 300
2236 -927.7066666666667 300
2237 -927.5933333333334 300
2238 -927.4766666666667 300
2239 -927.4433333333334 300
2240 -927.4866666666667 300
2241 -927.4933333333333 300
2242 -927.5766666666667 300
2243 -927.46 300
2244 -927.5333333333333 300
2245 -927.5366666666666 300
2246 -927.66 300
2247 -927.7333333333333 300
2248 -927.8166666666667 300
2249 -927.8166666666667 300
2250 -927.8966666666666 300
2251 -927.98 300
2252 -928.02 300
2253 -928.6266666666667 300
2254 -928.71 300
2255 -928.95 300
2256 -929.1066666666667 300
2257 -929.19 300
2258 -929.27 300
2259 -929.3566666666667 300
2260 -929.4366666666666 300
2261 -929.52 300
2262 -930.5 300
2263 -930.3433333333334 300
2264 -930.3866666666667 300
2265 -931.0333333333333 300
2266 -932.3566666666667 300
2267 -932.36 300
2268 -932.3733333333333 300
2269 -932.34 300
2270 -932.3433333333334 300
2271 -932.2666666666667 300
2272 -932.23 300
2273 -932.1066666666667 300
2274 -932.0266666666666 300
2275 -932.0 300
2276 -931.8866666666667 300
2277 -931.8566666666667 300
2278 -931.78 300
2279 -932.0233333333333 300
2280 -932.07 300
2281 -932.0366666666666 300
2282 -932.0 300
2283 -932.0466666666666 300
2284 -932.0166666666667 300
2285 -931.9 300
2286 -931.8633333333333 300
2287 -931.83 300
2288 -931.7933333333333 300
2289 -931.76 300
2290 -931.7233333333334 300
2291 -931.6866666666666 300
2292 -931.6533333333333 300
2293 -931.42 300
2294 -931.4266666666666 300
2295 -931.4733333333334 300
2296 -931.56 300
2297 -930.9666666666667 300
2298 -931.13 300
2299 -932.8133333333334 300
2300 -932.8133333333334 300
2301 -932.82 300
2302 -932.8266666666667 300
2303 -932.8333333333334 300
2304 -932.8366666666667 300
2305 -932.8433333333334 300
2306 -932.8466666666667 300
2307 -932.8533333333334 300
2308 -932.86 300
2309 -932.8766666666667 300
2310 -932.89 300
2311 -932.8966666666666 300
2312 -932.9366666666666 300
2313 -932.8733333333333 300
2314 -932.7066666666667 300
2315 -932.61 300
2316 -932.4266666666666 300
2317 -932.4233333333333 300
2318 -932.33 300
2319 -932.2333333333333 300
2320 -932.0433333333333 300
2321 -931.7633333333333 300
2322 -931.57 300
2323 -931.28 300
2324 -930.62 300
2325 -929.1233333333333 300
2326 -927.4933333333333 300
2327 -926.4833333333333 300
2328 -926.4833333333333 300
2329 -926.67 300
2330 -926.77 300
2331 -926.48 300
2332 -926.4666666666667 300
2333 -926.3666666666667 300
2334 -923.5733333333334 300
2335 -922.8166666666667 300
2336 -922.72 300
2337 -922.9133333333333 300
2338 -923.2033333333334 300
2339 -925.8933333333333 300
2340 -926.08 300
2341 -926.1666666666666 300
2342 -925.9566666666667 300
2343 -926.3433333333334 300
2344 -926.23 300
2345 -926.53 300
2346 -926.4266666666666 300
2347 -926.12 300
2348 -926.1066666666667 300
2349 -926.0033333333333 300
2350 -925.89 300
2351 -925.4733333333334 300
2352 -925.0566666666666 300
2353 -924.6433333333333 300
2354 -924.2233333333334 300
2355 -923.8066666666666 300
2356 -922.2266666666667 300
2357 -922.3233333333334 300
2358 -922.7166666666667 300
2359 -917.29 300
2360 -917.3933333333333 300
2361 -917.4933333333333 300
2362 -917.7866666666666 300
2363 -917.79 300
2364 -918.0266666666666 300
2365 -918.26 300
2366 -918.3033333333333 300
2367 -918.4 300
2368 -918.7333333333333 300
2369 -918.8766666666667 300
2370 -918.78 300
2371 -918.63 300
2372 -918.58 300
2373 -918.62 300
2374 -918.6633333333333 300
2375 -918.9966666666667 300
2376 -919.33 300
2377 -919.4666666666667 300
2378 -919.9966666666667 300
2379 -920.3866666666667 300
2380 -920.72 300
2381 -921.0533333333333 300
2382 -921.1966666666667 300
2383 -921.33 300
2384 -921.2766666666666 300
2385 -921.5066666666667 300
2386 -921.54 300
2387 -921.5733333333334 300
2388 -921.71 300
2389 -921.6933333333334 300
2390 -921.7366666666667 300
2391 -920.1766666666666 300
2392 -920.7633333333333 300
2393 -920.9533333333334 300
2394 -921.1433333333333 300
2395 -921.1433333333333 300
2396 -921.3766666666667 300
2397 -922.4466666666667 300
2398 -922.5233333333333 300
2399 -922.57 300
2400 -922.7066666666667 300
2401 -921.8266666666667 300
2402 -922.7 300
2403 -922.6933333333334 300
2404 -922.63 300
2405 -922.5233333333333 300
2406 -923.52 300
2407 -923.7133333333334 300
2408 -923.2666666666667 300
2409 -922.82 300
2410 -922.57 300
2411 -921.93 300
2412 -921.49 300
2413 -921.0433333333333 300
2414 -920.6033333333334 300
2415 -919.77 300
2416 -919.1333333333333 300
2417 -918.3066666666666 300
2418 -918.3 300
2419 -917.72 300
2420 -913.2333333333333 300
2421 -913.2366666666667 300
2422 -914.2066666666667 300
2423 -914.1166666666667 300
2424 -913.7766666666666 300
2425 -913.39 300
2426 -912.7666666666667 300
2427 -912.5733333333334 300
2428 -914.88 300
2429 -914.8333333333334 300
2430 -914.45 300
2431 -914.07 300
2432 -913.8766666666667 300
2433 -913.34 300
2434 -916.49 300
2435 -916.2633333333333 300
2436 -916.2133333333334 300
2437 -916.2633333333333 300
2438 -915.93 300
2439 -911.2566666666667 300
2440 -912.0733333333334 300
2441 -913.0266666666666 300
2442 -913.5 300
2443 -913.3566666666667 300
2444 -913.69 300
2445 -913.6833333333333 300
2446 -914.06 300
2447 -913.84 300
2448 -917.82 300
2449 -918.5933333333334 300
2450 -921.5066666666667 300
2451 -921.9566666666667 300
2452 -921.1633333333333 300
2453 -921.3633333333333 300
2454 -921.5566666666666 300
2455 -921.3133333333334 300
2456 -916.7233333333334 300
2457 -917.1533333333333 300
2458 -917.9666666666667 300
2459 -918.1666666666666 300
2460 -917.72 300
2461 -917.18 300
2462 -916.7466666666667 300
2463 -916.3133333333334 300
2464 -919.2 300
2465 -916.7266666666667 300
2466 -918.4066666666666 300
2467 -918.7366666666667 300
2468 -918.3533333333334 300
2469 -917.8166666666667 300
2470 -917.09 300
2471 -916.46 300
2472 -916.0666666666667 300
2473 -915.54 300
2474 -915.1533333333333 300
2475 -916.5966666666667 300
2476 -918.18 300
2477 -917.75 300
2478 -917.5533333333333 300
2479 -917.1233333333333 300
2480 -916.9833333333333 300
2481 -913.3433333333334 300
2482 -913.48 300
2483 -913.5166666666667 300
2484 -911.85 300
2485 -911.9133333333333 300
2486 -911.0233333333333 300
2487 -910.61 300
2488 -911.1833333333333 300
2489 -911.4166666666666 300
2490 -911.1433333333333 300
2491 -911.3366666666667 300
2492 -911.5666666666667 300
2493 -911.6766666666666 300
2494 -911.4533333333334 300
2495 -911.3133333333334 300
2496 -911.2633333333333 300
2497 -910.84 300
2498 -910.5233333333333 300
2499 -910.8166666666667 300
2500 -909.6733333333333 300
2501 -909.8633333333333 300
2502 -906.5866666666667 300
2503 -907.7833333333333 300
2504 -908.4966666666667 300
2505 -909.79 300
2506 -910.9066666666666 300
2507 -915.64 300
2508 -919.5133333333333 300
2509 -922.8966666666666 300
2510 -926.0333333333333 300
2511 -927.2633333333333 300
2512 -926.98 300
2513 -926.52 300
2514 -926.0533333333333 300
2515 -925.8633333333333 300
2516 -925.4 300
2517 -924.9333333333333 300
2518 -926.2466666666667 300
2519 -925.5966666666667 300
2520 -924.8533333333334 300
2521 -922.7666666666667 300
2522 -922.59 300
2523 -922.1233333333333 300
2524 -921.66 300
2525 -921.19 300
2526 -920.91 300
2527 -915.96 300
2528 -913.06 300
2529 -913.54 300
2530 -913.34 300
2531 -913.8233333333334 300
2532 -914.0133333333333 300
2533 -914.4 300
2534 -914.8833333333333 300
2535 -915.0766666666667 300
2536 -915.3633333333333 300
2537 -914.6833333333333 300
2538 -913.8133333333334 300
2539 -912.69 300
2540 -912.7066666666667 300
2541 -912.9966666666667 300
2542 -913.38 300
2543 -912.6066666666667 300
2544 -911.74 300
2545 -910.87 300
2546 -915.16 300
2547 -915.3533333333334 300
2548 -915.8866666666667 300
2549 -916.2733333333333 300
2550 -916.5666666666667 300
2551 -917.0933333333334 300
2552 -917.6833333333333 300
2553 -918.7833333333333 300
2554 -920.2733333333333 300
2555 -921.3766666666667 300
2556 -921.6933333333334 300
2557 -921.83 300
2558 -923.0266666666666 300
2559 -924.01 300
2560 -920.32 300
2561 -922.1333333333333 300
2562 -923.56 300
2563 -923.1933333333334 300
2564 -922.69 300
2565 -925.6733333333333 300
2566 -922.3633333333333 300
2567 -921.25 300
2568 -920.95 300
2569 -920.8866666666667 300
2570 -920.61 300
2571 -920.33 300
2572 -919.8533333333334 300
2573 -919.2533333333333 300
2574 -918.84 300
2575 -918.4266666666666 300
2576 -918.04 300
2577 -917.52 300
2578 -917.2566666666667 300
2579 -918.3666666666667 300
2580 -918.52 300
2581 -919.3766666666667 300
2582 -917.6966666666667 300
2583 -918.1133333333333 300
2584 -917.84 300
2585 -918.7533333333333 300
2586 -918.7533333333333 300
2587 -918.52 300
2588 -920.06 300
2589 -920.0866666666667 300
2590 -923.3233333333334 300
2591 -921.8366666666667 300
2592 -922.51 300
2593 -922.36 300
2594 -922.36 300
2595 -920.7233333333334 300
2596 -920.8 300
2597 -920.5333333333333 300
2598 -922.2733333333333 300
2599 -921.7133333333334 300
2600 -921.5333333333333 300
2601 -920.66 300
2602 -915.8533333333334 300
2603 -916.12 300
2604 -916.0166666666667 300
2605 -915.7966666666666 300
2606 -914.6466666666666 300
2607 -913.3933333333333 300
2608 -912.05 300
2609 -910.7066666666667 300
2610 -909.3633333333333 300
2611 -908.43 300
2612 -907.74 300
2613 -907.1666666666666 300
2614 -906.5866666666667 300
2615 -906.5433333333333 300
2616 -906.3233333333334 300
2617 -906.1466666666666 300
2618 -906.19 300
2619 -906.19 300
2620 -906.0533333333333 300
2621 -905.8766666666667 300
2622 -905.7866666666666 300
2623 -905.7433333333333 300
2624 -905.88 300
2625 -906.0166666666667 300
2626 -906.0166666666667 300
2627 -906.0166666666667 300
2628 -905.9733333333334 300
2629 -905.8366666666667 300
2630 -905.7533333333333 300
2631 -905.6166666666667 300
2632 -905.5733333333334 300
2633 -904.0466666666666 300
2634 -904.4966666666667 300
2635 -904.25 300
2636 -904.65 300
2637 -904.8733333333333 300
2638 -905.3233333333334 300
2639 -905.55 300
2640 -905.78 300
2641 -905.3966666666666 300
2642 -905.89 300
2643 -904.9933333333333 300
2644 -905.1733333333333 300
2645 -905.9633333333334 300
2646 -906.7766666666666 300
2647 -906.9533333333334 300
2648 -907.0433333333333 300
2649 -907.45 300
2650 -908.7533333333333 300
2651 -909.82 300
2652 -911.8166666666667 300
2653 -913.7533333333333 300
2654 -913.1766666666666 300
2655 -913.05 300
2656 -913.8566666666667 300
2657 -914.0933333333334 300
2658 -914.8166666666667 300
2659 -914.9133333333333 300
2660 -915.0533333333333 300
2661 -915.4666666666667 300
2662 -916.2733333333333 300
2663 -916.5933333333334 300
2664 -916.71 300
2665 -918.7733333333333 300
2666 -919.2866666666666 300
2667 -919.2033333333334 300
2668 -919.3066666666666 300
2669 -919.1866666666666 300
2670 -918.95 300
2671 -918.34 300
2672 -917.54 300
2673 -916.9666666666667 300
2674 -916.29 300
2675 -915.62 300
2676 -914.9433333333334 300
2677 -915.5266666666666 300
2678 -915.35 300
2679 -915.5866666666667 300
2680 -916.2633333333333 300
2681 -912.6166666666667 300
2682 -912.8566666666667 300
2683 -913.06 300
2684 -912.0833333333334 300
2685 -911.64 300
2686 -911.17 300
2687 -910.6933333333334 300
2688 -910.2166666666667 300
2689 -909.6566666666666 300
2690 -909.3533333333334 300
2691 -909.3166666666667 300
2692 -908.9533333333334 300
2693 -909.22 300
2694 -909.2866666666666 300
2695 -909.3833333333333 300
2696 -910.0233333333333 300
2697 -910.09 300
2698 -910.03 300
2699 -910.3666666666667 300
2700 -910.1666666666666 300
2701 -910.3266666666667 300
2702 -910.39 300
2703 -910.4533333333334 300
2704 -910.1533333333333 300
2705 -910.1166666666667 300
2706 -910.9733333333334 300
2707 -912.7 300
2708 -913.1733333333333 300
2709 -915.0533333333333 300
2710 -915.4166666666666 300
2711 -915.8 300
2712 -916.3133333333334 300
2713 -916.4266666666666 300
2714 -917.5233333333333 300
2715 -917.66 300
2716 -917.5433333333333 300
2717 -917.3266666666667 300
2718 -918.02 300
2719 -918.4 300
2720 -918.8033333333333 300
2721 -919.1366666666667 300
2722 -919.18 300
2723 -918.9366666666666 300
2724 -919.99 300
2725 -919.9066666666666 300
2726 -922.1933333333334 300
2727 -922.4233333333333 300
2728 -923.98 300
2729 -927.81 300
2730 -928.4866666666667 300
2731 -928.33 300
2732 -928.2533333333333 300
2733 -927.9566666666667 300
2734 -927.7733333333333 300
2735 -926.2733333333333 300
2736 -926.09 300
2737 -925.57 300
2738 -925.6933333333334 300
2739 -923.8366666666667 300
2740 -923.5733333333334 300
2741 -924.6933333333334 300
2742 -924.3333333333334 300
2743 -924.0266666666666 300
2744 -921.5433333333333 300
2745 -921.2066666666667 300
2746 -917.2633333333333 300
2747 -914.59 300
2748 -914.9966666666667 300
2749 -915.54 300
2750 -915.2366666666667 300
2751 -915.4333333333333 300
2752 -916.0666666666667 300
2753 -916.23 300
2754 -915.04 300
2755 -916.2 300
2756 -913.35 300
2757 -914.2866666666666 300
2758 -915.1433333333333 300
2759 -916.18 300
2760 -916.8 300
2761 -916.2566666666667 300
2762 -915.9066666666666 300
2763 -915.6833333333333 300
2764 -916.26 300
2765 -911.36 300
2766 -911.5533333333333 300
2767 -912.03 300
2768 -912.4733333333334 300
2769 -912.9066666666666 300
2770 -914.07 300
2771 -914.8 300
2772 -914.5833333333334 300
2773 -913.6566666666666 300
2774 -912.71 300
2775 -912.2133333333334 300
2776 -903.45 300
2777 -903.44 300
2778 -900.42 300
2779 -900.68 300
2780 -900.88 300
2781 -901.1133333333333 300
2782 -900.5466666666666 300
2783 -900.88 300
2784 -901.0133333333333 300
2785 -901.3466666666667 300
2786 -901.78 300
2787 -902.29 300
2788 -902.7766666666666 300
2789 -903.1366666666667 300
2790 -903.4466666666667 300
2791 -903.8066666666666 300
2792 -904.14 300
2793 -904.5133333333333 300
2794 -904.7966666666666 300
2795 -905.3033333333333 300
2796 -905.7866666666666 300
2797 -906.3933333333333 300
2798 -906.8766666666667 300
2799 -907.3 300
2800 -907.7466666666667 300
2801 -908.2033333333334 300
2802 -908.7266666666667 300
2803 -908.9633333333334 300
2804 -910.4 300
2805 -909.1133333333333 300
2806 -905.7233333333334 300
2807 -906.0033333333333 300
2808 -906.36 300
2809 -908.1533333333333 300
2810 -910.2733333333333 300
2811 -910.5733333333334 300
2812 -910.9 300
2813 -910.9266666666666 300
2814 -911.8733333333333 300
2815 -913.1166666666667 300
2816 -913.9933333333333 300
2817 -915.0033333333333 300
2818 -916.6866666666666 300
2819 -910.8366666666667 300
2820 -905.65 300
2821 -904.4733333333334 300
2822 -904.8166666666667 300
2823 -905.21 300
2824 -904.7233333333334 300
2825 -903.4966666666667 300
2826 -903.7033333333334 300
2827 -903.91 300
2828 -904.07 300
2829 -904.4433333333334 300
2830 -904.04 300
2831 -904.9666666666667 300
2832 -906.0066666666667 300
2833 -909.2933333333333 300
2834 -906.4533333333334 300
2835 -908.7133333333334 300
2836 -910.52 300
2837 -910.2066666666667 300
2838 -909.2066666666667 300
2839 -908.92 300
2840 -909.2133333333334 300
2841 -909.52 300
2842 -913.7833333333333 300
2843 -913.9766666666667 300
2844 -908.9966666666667 300
2845 -909.1566666666666 300
2846 -909.0833333333334 300
2847 -909.2366666666667 300
2848 -909.1566666666666 300
2849 -909.0566666666666 300
2850 -908.7566666666667 300
2851 -908.97 300
2852 -909.2433333333333 300
2853 -909.2233333333334 300
2854 -909.4633333333334 300
2855 -909.39 300
2856 -909.5466666666666 300
2857 -909.7 300
2858 -909.9766666666667 300
2859 -910.2133333333334 300
2860 -910.2433333333333 300
2861 -910.92 300
2862 -910.94 300
2863 -911.0933333333334 300
2864 -911.25 300
2865 -911.5366666666666 300
2866 -913.3566666666667 300
2867 -913.4066666666666 300
2868 -913.4733333333334 300
2869 -913.5 300
2870 -911.79 300
2871 -911.8933333333333 300
2872 -912.32 300
2873 -912.7466666666667 300
2874 -913.33 300
2875 -913.4233333333333 300
2876 -913.29 300
2877 -913.24 300
2878 -903.2266666666667 300
2879 -904.0666666666667 300
2880 -904.5633333333334 300
2881 -901.6766666666666 300
2882 -901.5033333333333 300
2883 -901.3166666666667 300
2884 -900.1633333333333 300
2885 -897.4933333333333 300
2886 -897.4433333333334 300
2887 -897.5266666666666 300
2888 -897.3133333333334 300
2889 -896.7866666666666 300
2890 -897.2166666666667 300
2891 -899.0766666666667 300
2892 -901.4133333333333 300
2893 -903.59 300
2894 -905.6166666666667 300
2895 -905.1466666666666 300
2896 -902.2366666666667 300
2897 -902.51 300
2898 -902.9533333333334 300
2899 -905.03 300
2900 -908.7566666666667 300
2901 -909.7233333333334 300
2902 -909.9266666666666 300
2903 -909.8933333333333 300
2904 -909.85 300
2905 -909.7133333333334 300
2906 -909.8466666666667 300
2907 -909.8533333333334 300
2908 -909.8 300
2909 -909.9366666666666 300
2910 -910.0266666666666 300
2911 -910.0666666666667 300
2912 -910.03 300
2913 -910.0366666666666 300
2914 -909.4066666666666 300
2915 -909.5466666666666 300
2916 -909.5066666666667 300
2917 -909.5633333333334 300
2918 -909.95 300
2919 -909.78 300
2920 -909.9366666666666 300
2921 -909.8066666666666 300
2922 -909.68 300
2923 -909.8166666666667 300
2924 -909.8166666666667 300
2925 -908.8166666666667 300
2926 -909.0666666666667 300
2927 -909.1033333333334 300
2928 -908.98 300
2929 -908.7166666666667 300
2930 -908.1166666666667 300
2931 -907.5166666666667 300
2932 -907.08 300
2933 -906.49 300
2934 -905.5566666666666 300
2935 -904.6166666666667 300
2936 -903.68 300
2937 -902.7433333333333 300
2938 -902.7466666666667 300
2939 -905.37 300
2940 -905.4933333333333 300
2941 -905.6733333333333 300
2942 -905.8533333333334 300
2943 -906.0166666666667 300
2944 -905.85 300
2945 -905.7633333333333 300
2946 -906.6766666666666 300
2947 -906.72 300
2948 -906.7166666666667 300
2949 -907.1533333333333 300
2950 -907.3666666666667 300
2951 -907.1533333333333 300
2952 -906.94 300
2953 -906.5933333333334 300
2954 -906.38 300
2955 -906.29 300
2956 -906.2433333333333 300
2957 -906.4133333333333 300
2958 -906.5033333333333 300
2959 -906.6733333333333 300
2960 -906.85 300
2961 -906.85 300
2962 -906.97 300
2963 -907.1433333333333 300
2964 -907.1866666666666 300
2965 -907.3966666666666 300
2966 -907.52 300
2967 -907.31 300
2968 -907.3166666666667 300
2969 -907.3633333333333 300
2970 -907.28 300
2971 -907.1533333333333 300
2972 -907.1133333333333 300
2973 -908.8833333333333 300
2974 -908.8833333333333 300
2975 -911.5133333333333 300
2976 -912.2366666666667 300
2977 -912.3966666666666 300
2978 -912.52 300
2979 -912.5133333333333 300
2980 -912.6733333333333 300
2981 -912.9233333333333 300
2982 -912.92 300
2983 -912.9166666666666 300
2984 -912.91 300
2985 -912.6933333333334 300
2986 -912.4366666666666 300
2987 -912.7033333333334 300
2988 -912.78 300
2989 -912.6833333333333 300
2990 -912.7133333333334 300
2991 -912.66 300
2992 -912.4833333333333 300
2993 -912.0966666666667 300
2994 -911.8733333333333 300
2995 -911.6533333333333 300
2996 -911.3066666666666 300
2997 -911.0 300
2998 -910.6966666666667 300
2999 -910.16 300
3000 -909.9366666666666 300
