510.8333333333333 -650.8333333333334
509.1666666666667 -649.1666666666666
525.0 -662.5000000000001
510.8333333333333 -650.8333333333334
520.0 -658.3333333333334
510.8333333333333 -650.8333333333334
510.8333333333333 -650.8333333333334
515.0 -654.1666666666667
524.1666666666667 -661.6666666666667
515.0 -654.1666666666667
520.0 -658.3333333333334
520.0 -658.3333333333334
525.0 -662.5000000000001
508.3333333333333 -648.3333333333334
524.1666666666667 -661.6666666666667
512.5 -651.6666666666667
520.0 -658.3333333333334
525.0 -662.5000000000001
525.0 -662.5000000000001
508.3333333333333 -648.3333333333334
510.0 -650.0000000000001
520.0 -658.3333333333334
514.1666666666667 -652.5
515.0 -654.1666666666667
520.0 -658.3333333333334
510.8333333333333 -650.8333333333334
507.5 -646.6666666666666
520.0 -658.3333333333334
520.0 -658.3333333333334
514.1666666666667 -652.5
512.5 -651.6666666666667
521.6666666666667 -660.0000000000001
520.0 -658.3333333333334
525.0 -662.5000000000001
515.0 -654.1666666666667
515.0 -654.1666666666667
525.0 -662.5000000000001
515.8333333333333 -655.8333333333334
520.8333333333333 -659.1666666666667
514.1666666666667 -652.5
514.1666666666667 -652.5
520.0 -658.3333333333334
517.5 -657.5000000000001
525.0 -662.5000000000001
515.0 -654.1666666666667
520.0 -658.3333333333334
524.1666666666667 -661.6666666666667
