510.8333333333333 -650.8333333333334
510.8333333333333 -650.8333333333334
510.8333333333333 -650.8333333333334
510.8333333333333 -650.8333333333334
508.3333333333333 -648.3333333333334
508.3333333333333 -648.3333333333334
510.0 -650.0000000000001
510.8333333333333 -650.8333333333334
507.5 -646.6666666666666
517.5 -657.5000000000001
510.8333333333333 -650.8333333333334
510.0 -650.0000000000001
510.8333333333333 -650.8333333333334
510.8333333333333 -650.8333333333334
510.8333333333333 -650.8333333333334
510.8333333333333 -650.8333333333334
510.8333333333333 -650.8333333333334
510.8333333333333 -650.8333333333334
510.8333333333333 -650.8333333333334
510.8333333333333 -650.8333333333334
510.8333333333333 -650.8333333333334
510.8333333333333 -650.8333333333334
510.8333333333333 -650.8333333333334
510.8333333333333 -650.8333333333334
510.8333333333333 -650.8333333333334
510.8333333333333 -650.8333333333334
510.8333333333333 -650.8333333333334
519.1666666666667 -661.6666666666667
510.8333333333333 -650.8333333333334
510.8333333333333 -650.8333333333334
510.8333333333333 -650.8333333333334
510.8333333333333 -650.8333333333334
510.8333333333333 -650.8333333333334
517.5 -657.5000000000001
510.8333333333333 -650.8333333333334
510.8333333333333 -650.8333333333334
523.3333333333334 -666.6666666666666
510.8333333333333 -650.8333333333334
510.8333333333333 -650.8333333333334
510.8333333333333 -650.8333333333334
517.5 -657.5000000000001
519.1666666666667 -661.6666666666667
510.8333333333333 -650.8333333333334
510.8333333333333 -650.8333333333334
509.16666666666663 -649.1666666666667
510.8333333333333 -650.8333333333334
510.8333333333333 -650.8333333333334
510.8333333333333 -650.8333333333334
509.16666666666663 -649.1666666666667
510.8333333333333 -650.8333333333334
510.0 -650.0000000000001
510.8333333333333 -650.8333333333334
519.1666666666667 -661.6666666666667
509.16666666666663 -649.1666666666667
510.8333333333333 -650.8333333333334
510.8333333333333 -650.8333333333334
517.5 -657.5000000000001
510.8333333333333 -650.8333333333334
510.8333333333333 -650.8333333333334
508.3333333333333 -648.3333333333334
510.8333333333333 -650.8333333333334
510.8333333333333 -650.8333333333334
510.8333333333333 -650.8333333333334
510.8333333333333 -650.8333333333334
511.66666666666663 -657.5
510.8333333333333 -650.8333333333334
510.8333333333333 -650.8333333333334
508.3333333333333 -648.3333333333334
510.8333333333333 -650.8333333333334
510.8333333333333 -650.8333333333334
520.0 -664.1666666666666
510.8333333333333 -650.8333333333334
517.5 -657.5000000000001
510.8333333333333 -650.8333333333334
510.8333333333333 -650.8333333333334
510.8333333333333 -650.8333333333334
510.8333333333333 -650.8333333333334
510.8333333333333 -650.8333333333334
510.8333333333333 -650.8333333333334
510.8333333333333 -650.8333333333334
510.8333333333333 -650.8333333333334
510.8333333333333 -650.8333333333334
