508.3333333333333 -648.3333333333334
508.3333333333333 -648.3333333333334
507.5 -646.6666666666666
523.3333333333334 -666.6666666666666
509.16666666666663 -649.1666666666667
509.16666666666663 -649.1666666666667
509.16666666666663 -649.1666666666667
508.3333333333333 -648.3333333333334
511.66666666666663 -657.5
508.3333333333333 -648.3333333333334
520.8333333333333 -664.9999999999999
514.1666666666667 -659.1666666666666
515.0 -660.0
509.16666666666663 -649.1666666666667
507.5 -646.6666666666666
510.8333333333333 -656.6666666666665
511.66666666666663 -657.5
510.8333333333333 -656.6666666666665
511.66666666666663 -657.5
520.8333333333333 -664.9999999999999
514.1666666666667 -659.1666666666666
514.1666666666667 -659.1666666666666
511.66666666666663 -657.5
509.16666666666663 -649.1666666666667
510.8333333333333 -656.6666666666665
521.6666666666667 -665.8333333333334
508.3333333333333 -648.3333333333334
511.66666666666663 -657.5
524.1666666666667 -667.4999999999999
507.5 -646.6666666666666
511.66666666666663 -657.5
510.8333333333333 -656.6666666666665
523.3333333333334 -666.6666666666666
509.16666666666663 -649.1666666666667
510.8333333333333 -656.6666666666665
511.66666666666663 -657.5
510.8333333333333 -656.6666666666665
510.8333333333333 -656.6666666666665
510.8333333333333 -656.6666666666665
515.0 -660.0
520.8333333333333 -664.9999999999999
511.66666666666663 -657.5
510.8333333333333 -656.6666666666665
510.8333333333333 -656.6666666666665
520.8333333333333 -664.9999999999999
514.1666666666667 -659.1666666666666
511.66666666666663 -657.5
510.8333333333333 -656.6666666666665
523.3333333333334 -666.6666666666666
510.8333333333333 -656.6666666666665
510.8333333333333 -656.6666666666665
510.8333333333333 -656.6666666666665
514.1666666666667 -659.1666666666666
516.6666666666666 -662.5
519.1666666666667 -664.1666666666666
508.3333333333333 -648.3333333333334
510.8333333333333 -656.6666666666665
509.16666666666663 -649.1666666666667
510.8333333333333 -656.6666666666665
515.0 -660.0
510.8333333333333 -656.6666666666665
510.8333333333333 -656.6666666666665
515.8333333333333 -661.6666666666666
515.0 -660.0
510.8333333333333 -656.6666666666665
511.66666666666663 -657.5
520.8333333333333 -664.9999999999999
515.8333333333333 -661.6666666666666
510.8333333333333 -656.6666666666665
510.8333333333333 -656.6666666666665
509.16666666666663 -649.1666666666667
509.16666666666663 -649.1666666666667
514.1666666666667 -659.1666666666666
520.8333333333333 -664.9999999999999
511.66666666666663 -657.5
508.3333333333333 -648.3333333333334
510.8333333333333 -656.6666666666665
510.8333333333333 -656.6666666666665
511.66666666666663 -657.5
515.0 -660.0
509.16666666666663 -649.1666666666667
516.6666666666666 -662.5
516.6666666666666 -662.5
515.8333333333333 -661.6666666666666
510.0 -654.9999999999999
510.8333333333333 -656.6666666666665
