507.5 -646.6666666666666
525.0 -668.3333333333334
525.0 -668.3333333333334
507.5 -646.6666666666666
509.16666666666663 -649.1666666666667
510.0 -655.8333333333333
520.8333333333333 -665.8333333333334
523.3333333333333 -666.6666666666666
516.6666666666666 -663.3333333333333
519.1666666666666 -664.1666666666666
508.3333333333333 -648.3333333333334
517.5 -663.3333333333334
524.1666666666667 -667.5
520.0 -665.0
509.16666666666663 -649.1666666666667
508.3333333333333 -648.3333333333334
510.0 -655.8333333333333
517.5 -663.3333333333334
523.3333333333333 -666.6666666666666
519.1666666666666 -664.1666666666666
520.0 -665.0
520.8333333333333 -665.8333333333334
524.1666666666666 -667.4999999999999
524.1666666666666 -667.4999999999999
507.5 -646.6666666666666
509.16666666666663 -649.1666666666667
508.3333333333333 -648.3333333333334
517.5 -663.3333333333334
519.1666666666666 -664.1666666666666
520.0 -665.0
520.8333333333333 -665.8333333333334
524.1666666666666 -667.4999999999999
507.5 -646.6666666666666
509.16666666666663 -649.1666666666667
508.3333333333333 -648.3333333333334
517.5 -663.3333333333334
519.1666666666666 -664.1666666666666
520.0 -665.0
520.8333333333333 -665.8333333333334
507.5 -646.6666666666666
509.16666666666663 -649.1666666666667
508.3333333333333 -648.3333333333334
517.5 -663.3333333333334
519.1666666666666 -664.1666666666666
520.0 -665.0
520.8333333333333 -665.8333333333334
507.5 -646.6666666666666
509.16666666666663 -649.1666666666667
508.3333333333333 -648.3333333333334
517.5 -663.3333333333334
520.0 -665.0
520.8333333333333 -665.8333333333334
507.5 -646.6666666666666
509.16666666666663 -649.1666666666667
508.3333333333333 -648.3333333333334
517.5 -663.3333333333334
520.0 -665.0
520.8333333333333 -665.8333333333334
507.5 -646.6666666666666
509.16666666666663 -649.1666666666667
508.3333333333333 -648.3333333333334
517.5 -663.3333333333334
520.0 -665.0
507.5 -646.6666666666666
509.16666666666663 -649.1666666666667
508.3333333333333 -648.3333333333334
517.5 -663.3333333333334
520.0 -665.0
507.5 -646.6666666666666
509.16666666666663 -649.1666666666667
508.3333333333333 -648.3333333333334
517.5 -663.3333333333334
520.0 -665.0
507.5 -646.6666666666666
509.16666666666663 -649.1666666666667
508.3333333333333 -648.3333333333334
517.5 -663.3333333333334
520.0 -665.0
507.5 -646.6666666666666
509.16666666666663 -649.1666666666667
508.3333333333333 -648.3333333333334
517.5 -663.3333333333334
520.0 -665.0
509.16666666666663 -649.1666666666667
508.3333333333333 -648.3333333333334
517.5 -663.3333333333334
520.0 -665.0
509.16666666666663 -649.1666666666667
508.3333333333333 -648.3333333333334
517.5 -663.3333333333334
520.0 -665.0
509.16666666666663 -649.1666666666667
508.3333333333333 -648.3333333333334
520.0 -665.0
509.16666666666663 -649.1666666666667
508.3333333333333 -648.3333333333334
520.0 -665.0
509.16666666666663 -649.1666666666667
508.3333333333333 -648.3333333333334
520.0 -665.0
508.3333333333333 -648.3333333333334
509.16666666666663 -649.1666666666667
509.16666666666663 -649.1666666666667
508.3333333333333 -648.3333333333334
508.3333333333333 -648.3333333333334
509.16666666666663 -649.1666666666667
509.16666666666663 -649.1666666666667
509.16666666666663 -649.1666666666667
517.5 -663.3333333333334
520.0 -665.0
519.1666666666666 -664.1666666666666
520.0 -665.0
509.16666666666663 -649.1666666666667
519.1666666666666 -664.1666666666666
520.0 -665.0
520.0 -665.0
520.0 -665.0
520.0 -665.0
509.16666666666663 -649.1666666666667
519.1666666666666 -664.1666666666666
520.0 -665.0
510.8333333333333 -659.1666666666666
517.5 -663.3333333333334
520.0 -665.0
520.0 -665.0
517.5 -663.3333333333334
511.66666666666663 -661.6666666666666
520.8333333333333 -665.8333333333334
520.8333333333333 -665.8333333333334
517.5 -663.3333333333334
520.0 -665.0
509.16666666666663 -649.1666666666667
509.16666666666663 -649.1666666666667
509.16666666666663 -649.1666666666667
