507.5 -646.6666666666666
525.0 -668.3333333333334
525.0 -668.3333333333334
507.5 -646.6666666666666
509.16666666666663 -649.1666666666667
510.0 -655.8333333333333
508.3333333333333 -648.3333333333334
524.1666666666667 -667.5
509.16666666666663 -649.1666666666667
508.3333333333333 -648.3333333333334
510.0 -655.8333333333333
524.1666666666666 -667.4999999999999
524.1666666666666 -667.4999999999999
507.5 -646.6666666666666
509.16666666666663 -649.1666666666667
508.3333333333333 -648.3333333333334
524.1666666666666 -667.4999999999999
507.5 -646.6666666666666
509.16666666666663 -649.1666666666667
508.3333333333333 -648.3333333333334
507.5 -646.6666666666666
509.16666666666663 -649.1666666666667
508.3333333333333 -648.3333333333334
507.5 -646.6666666666666
509.16666666666663 -649.1666666666667
508.3333333333333 -648.3333333333334
507.5 -646.6666666666666
509.16666666666663 -649.1666666666667
508.3333333333333 -648.3333333333334
507.5 -646.6666666666666
509.16666666666663 -649.1666666666667
508.3333333333333 -648.3333333333334
507.5 -646.6666666666666
509.16666666666663 -649.1666666666667
508.3333333333333 -648.3333333333334
507.5 -646.6666666666666
509.16666666666663 -649.1666666666667
508.3333333333333 -648.3333333333334
507.5 -646.6666666666666
509.16666666666663 -649.1666666666667
508.3333333333333 -648.3333333333334
507.5 -646.6666666666666
509.16666666666663 -649.1666666666667
508.3333333333333 -648.3333333333334
509.16666666666663 -649.1666666666667
508.3333333333333 -648.3333333333334
509.16666666666663 -649.1666666666667
508.3333333333333 -648.3333333333334
509.16666666666663 -649.1666666666667
508.3333333333333 -648.3333333333334
509.16666666666663 -649.1666666666667
508.3333333333333 -648.3333333333334
509.16666666666663 -649.1666666666667
508.3333333333333 -648.3333333333334
508.3333333333333 -648.3333333333334
509.16666666666663 -649.1666666666667
509.16666666666663 -649.1666666666667
508.3333333333333 -648.3333333333334
508.3333333333333 -648.3333333333334
509.16666666666663 -649.1666666666667
509.16666666666663 -649.1666666666667
509.16666666666663 -649.1666666666667
509.16666666666663 -649.1666666666667
509.16666666666663 -649.1666666666667
510.8333333333333 -659.1666666666666
511.66666666666663 -661.6666666666666
509.16666666666663 -649.1666666666667
509.16666666666663 -649.1666666666667
509.16666666666663 -649.1666666666667
508.3333333333333 -648.3333333333334
509.16666666666663 -649.1666666666667
508.3333333333333 -648.3333333333334
508.3333333333333 -648.3333333333334
508.3333333333333 -648.3333333333334
516.6666666666666 -666.6666666666666
515.8333333333333 -664.1666666666666
507.5 -646.6666666666666
509.16666666666663 -649.1666666666667
509.16666666666663 -649.1666666666667
509.16666666666663 -649.1666666666667
