511.66666666666663 -661.6666666666666
511.66666666666663 -661.6666666666666
511.66666666666663 -661.6666666666666
511.66666666666663 -661.6666666666666
511.66666666666663 -661.6666666666666
511.66666666666663 -661.6666666666666
511.66666666666663 -661.6666666666666
515.8333333333333 -665.8333333333334
515.8333333333333 -665.8333333333334
515.8333333333333 -665.8333333333334
511.66666666666663 -661.6666666666666
508.3333333333333 -650.8333333333334
511.66666666666663 -661.6666666666666
515.8333333333333 -665.8333333333334
524.1666666666667 -670.8333333333334
511.66666666666663 -661.6666666666666
511.66666666666663 -661.6666666666666
510.8333333333333 -660.8333333333334
525.0 -671.6666666666666
516.6666666666666 -667.4999999999999
511.66666666666663 -661.6666666666666
515.8333333333333 -665.8333333333334
511.66666666666663 -661.6666666666666
511.66666666666663 -661.6666666666666
509.16666666666663 -651.6666666666667
520.0 -667.5000000000001
520.0 -667.5000000000001
511.66666666666663 -661.6666666666666
520.8333333333333 -670.0
515.8333333333333 -665.8333333333334
511.66666666666663 -661.6666666666666
511.66666666666663 -661.6666666666666
511.66666666666663 -661.6666666666666
511.66666666666663 -661.6666666666666
510.0 -660.0
515.8333333333333 -665.8333333333334
520.0 -667.5000000000001
510.8333333333333 -660.8333333333334
508.3333333333333 -650.8333333333334
511.66666666666663 -661.6666666666666
515.8333333333333 -665.8333333333334
511.66666666666663 -661.6666666666666
520.0 -667.5000000000001
511.66666666666663 -661.6666666666666
511.66666666666663 -661.6666666666666
511.66666666666663 -661.6666666666666
511.66666666666663 -661.6666666666666
508.3333333333333 -650.8333333333334
515.8333333333333 -665.8333333333334
511.66666666666663 -661.6666666666666
511.66666666666663 -661.6666666666666
512.5 -662.5
524.1666666666667 -670.8333333333334
510.0 -660.0
520.0 -667.5000000000001
515.8333333333333 -665.8333333333334
511.66666666666663 -661.6666666666666
511.66666666666663 -661.6666666666666
525.0 -671.6666666666666
515.8333333333333 -665.8333333333334
511.66666666666663 -661.6666666666666
515.8333333333333 -665.8333333333334
520.0 -667.5000000000001
515.8333333333333 -665.8333333333334
511.66666666666663 -661.6666666666666
515.8333333333333 -665.8333333333334
520.0 -667.5000000000001
515.8333333333333 -665.8333333333334
515.8333333333333 -665.8333333333334
515.8333333333333 -665.8333333333334
515.0 -664.1666666666666
509.16666666666663 -651.6666666666667
511.66666666666663 -661.6666666666666
515.8333333333333 -665.8333333333334
515.8333333333333 -665.8333333333334
515.8333333333333 -665.8333333333334
507.5 -648.3333333333333
508.3333333333333 -650.8333333333334
