525.0 -671.6666666666666
512.5 -662.5
525.0 -671.6666666666666
525.0 -671.6666666666666
512.5 -662.5
525.0 -671.6666666666666
507.5 -649.1666666666666
512.5 -662.5
513.3333333333333 -665.8333333333334
522.5 -670.8333333333334
512.5 -662.5
507.5 -649.1666666666666
522.5 -670.8333333333334
512.5 -662.5
509.16666666666663 -661.6666666666666
512.5 -662.5
512.5 -662.5
511.66666666666663 -662.4999999999999
514.1666666666666 -666.6666666666666
512.5 -662.5
516.6666666666666 -668.3333333333333
512.5 -662.5
512.5 -662.5
512.5 -662.5
520.0 -669.9999999999999
522.5 -670.8333333333334
509.16666666666663 -661.6666666666666
512.5 -662.5
516.6666666666666 -668.3333333333333
522.5 -670.8333333333334
525.0 -671.6666666666666
517.5 -668.3333333333334
512.5 -662.5
512.5 -662.5
513.3333333333333 -665.8333333333334
518.3333333333333 -669.1666666666666
509.16666666666663 -661.6666666666666
512.5 -662.5
512.5 -662.5
512.5 -662.5
514.1666666666666 -666.6666666666666
511.66666666666663 -662.4999999999999
512.5 -662.5
520.8333333333333 -670.8333333333333
508.3333333333333 -660.8333333333333
518.3333333333333 -669.1666666666666
520.0 -669.9999999999999
525.0 -671.6666666666666
