507.5 -649.1666666666666
513.3333333333333 -665.8333333333334
507.5 -649.1666666666666
509.16666666666663 -661.6666666666666
514.1666666666666 -666.6666666666666
516.6666666666666 -668.3333333333333
509.16666666666663 -661.6666666666666
516.6666666666666 -668.3333333333333
517.5 -668.3333333333334
513.3333333333333 -665.8333333333334
518.3333333333333 -669.1666666666666
509.16666666666663 -661.6666666666666
514.1666666666666 -666.6666666666666
508.3333333333333 -660.8333333333333
518.3333333333333 -669.1666666666666
509.16666666666663 -661.6666666666666
518.3333333333333 -669.1666666666666
509.16666666666663 -661.6666666666666
518.3333333333333 -669.1666666666666
509.16666666666663 -661.6666666666666
517.5 -668.3333333333334
510.8333333333333 -664.1666666666666
518.3333333333333 -669.1666666666666
514.1666666666666 -666.6666666666666
524.1666666666666 -673.3333333333333
509.16666666666663 -661.6666666666666
513.3333333333333 -665.8333333333334
518.3333333333333 -669.1666666666666
518.3333333333333 -669.1666666666666
514.1666666666666 -666.6666666666666
508.3333333333333 -660.8333333333333
520.8333333333333 -672.5
520.0 -671.6666666666666
