508.3333333333333 -662.4999999999999
520.8333333333333 -673.3333333333333
525.0 -674.1666666666666
510.8333333333333 -664.9999999999999
511.66666666666663 -665.8333333333333
511.66666666666663 -665.8333333333333
514.1666666666666 -668.3333333333333
512.5 -666.6666666666666
520.8333333333333 -673.3333333333333
511.66666666666663 -665.8333333333333
513.3333333333333 -667.4999999999999
510.8333333333333 -664.9999999999999
509.16666666666663 -663.3333333333333
520.8333333333333 -673.3333333333333
515.0 -669.1666666666666
514.1666666666666 -668.3333333333333
511.66666666666663 -665.8333333333333
515.0 -669.1666666666666
509.16666666666663 -663.3333333333333
520.8333333333333 -673.3333333333333
514.1666666666666 -668.3333333333333
509.16666666666663 -663.3333333333333
509.16666666666663 -663.3333333333333
512.5 -666.6666666666666
510.0 -664.1666666666666
508.3333333333333 -662.4999999999999
515.0 -669.1666666666666
514.1666666666666 -668.3333333333333
513.3333333333333 -667.4999999999999
513.3333333333333 -667.4999999999999
510.8333333333333 -664.9999999999999
508.3333333333333 -662.4999999999999
510.8333333333333 -664.9999999999999
509.16666666666663 -663.3333333333333
509.16666666666663 -663.3333333333333
514.1666666666666 -668.3333333333333
515.8333333333333 -671.6666666666666
510.8333333333333 -664.9999999999999
510.8333333333333 -664.9999999999999
507.5 -660.8333333333333
510.8333333333333 -664.9999999999999
509.16666666666663 -663.3333333333333
511.66666666666663 -665.8333333333333
514.1666666666666 -668.3333333333333
509.16666666666663 -663.3333333333333
516.6666666666666 -672.5
515.0 -669.1666666666666
520.8333333333333 -673.3333333333333
