508.3333333333333 -662.4999999999999
509.16666666666663 -663.3333333333333
509.16666666666663 -663.3333333333333
509.16666666666663 -663.3333333333333
509.16666666666663 -663.3333333333333
508.3333333333333 -662.4999999999999
508.3333333333333 -662.4999999999999
509.16666666666663 -663.3333333333333
509.16666666666663 -663.3333333333333
509.16666666666663 -663.3333333333333
509.16666666666663 -663.3333333333333
516.6666666666666 -672.5
508.3333333333333 -662.4999999999999
511.66666666666663 -668.3333333333333
507.5 -661.6666666666666
508.3333333333333 -662.4999999999999
508.3333333333333 -662.4999999999999
515.8333333333333 -672.4999999999999
513.3333333333333 -669.9999999999999
510.0 -665.8333333333334
508.3333333333333 -662.4999999999999
520.8333333333333 -674.1666666666666
