507.5 -664.1666666666666
507.5 -664.1666666666666
515.8333333333333 -676.6666666666666
513.3333333333333 -669.9999999999999
514.1666666666666 -674.9999999999999
510.83333333333337 -668.3333333333334
514.1666666666666 -674.9999999999999
513.3333333333333 -669.9999999999999
508.3333333333333 -664.9999999999999
508.3333333333333 -664.9999999999999
510.83333333333337 -668.3333333333334
509.16666666666663 -665.8333333333333
509.16666666666663 -665.8333333333333
507.5 -664.1666666666666
513.3333333333333 -669.9999999999999
508.3333333333333 -664.9999999999999
509.16666666666663 -665.8333333333333
513.3333333333333 -669.9999999999999
508.3333333333333 -664.9999999999999
509.16666666666663 -665.8333333333333
508.3333333333333 -664.9999999999999
508.3333333333333 -664.9999999999999
508.3333333333333 -664.9999999999999
513.3333333333333 -669.9999999999999
508.3333333333333 -664.9999999999999
509.16666666666663 -665.8333333333333
509.16666666666663 -665.8333333333333
509.16666666666663 -665.8333333333333
508.3333333333333 -664.9999999999999
513.3333333333333 -669.9999999999999
513.3333333333333 -669.9999999999999
513.3333333333333 -669.9999999999999
508.3333333333333 -664.9999999999999
509.16666666666663 -665.8333333333333
509.16666666666663 -665.8333333333333
513.3333333333333 -669.9999999999999
513.3333333333333 -669.9999999999999
509.16666666666663 -665.8333333333333
509.16666666666663 -665.8333333333333
509.16666666666663 -665.8333333333333
513.3333333333333 -669.9999999999999
509.16666666666663 -665.8333333333333
513.3333333333333 -669.9999999999999
509.16666666666663 -665.8333333333333
508.3333333333333 -664.9999999999999
508.3333333333333 -664.9999999999999
509.16666666666663 -665.8333333333333
509.16666666666663 -665.8333333333333
508.3333333333333 -664.9999999999999
509.16666666666663 -665.8333333333333
509.16666666666663 -665.8333333333333
508.3333333333333 -664.9999999999999
509.16666666666663 -665.8333333333333
508.3333333333333 -664.9999999999999
509.16666666666663 -665.8333333333333
513.3333333333333 -669.9999999999999
508.3333333333333 -664.9999999999999
508.3333333333333 -664.9999999999999
509.16666666666663 -665.8333333333333
508.3333333333333 -664.9999999999999
513.3333333333333 -669.9999999999999
508.3333333333333 -664.9999999999999
508.3333333333333 -664.9999999999999
508.3333333333333 -664.9999999999999
509.16666666666663 -665.8333333333333
513.3333333333333 -669.9999999999999
513.3333333333333 -669.9999999999999
509.16666666666663 -665.8333333333333
508.3333333333333 -664.9999999999999
513.3333333333333 -669.9999999999999
509.16666666666663 -665.8333333333333
513.3333333333333 -669.9999999999999
508.3333333333333 -664.9999999999999
513.3333333333333 -669.9999999999999
508.3333333333333 -664.9999999999999
508.3333333333333 -664.9999999999999
509.16666666666663 -665.8333333333333
508.3333333333333 -664.9999999999999
513.3333333333333 -669.9999999999999
508.3333333333333 -664.9999999999999
508.3333333333333 -664.9999999999999
509.16666666666663 -665.8333333333333
508.3333333333333 -664.9999999999999
513.3333333333333 -669.9999999999999
509.16666666666663 -665.8333333333333
513.3333333333333 -669.9999999999999
509.16666666666663 -665.8333333333333
509.16666666666663 -665.8333333333333
509.16666666666663 -665.8333333333333
509.16666666666663 -665.8333333333333
509.16666666666663 -665.8333333333333
508.3333333333333 -664.9999999999999
509.16666666666663 -665.8333333333333
513.3333333333333 -669.9999999999999
508.3333333333333 -664.9999999999999
509.16666666666663 -665.8333333333333
508.3333333333333 -664.9999999999999
513.3333333333333 -669.9999999999999
508.3333333333333 -664.9999999999999
513.3333333333333 -669.9999999999999
509.16666666666663 -665.8333333333333
509.16666666666663 -665.8333333333333
513.3333333333333 -669.9999999999999
508.3333333333333 -664.9999999999999
509.16666666666663 -665.8333333333333
508.3333333333333 -664.9999999999999
508.3333333333333 -664.9999999999999
513.3333333333333 -669.9999999999999
508.3333333333333 -664.9999999999999
513.3333333333333 -669.9999999999999
513.3333333333333 -669.9999999999999
513.3333333333333 -669.9999999999999
513.3333333333333 -669.9999999999999
513.3333333333333 -669.9999999999999
513.3333333333333 -669.9999999999999
513.3333333333333 -669.9999999999999
508.3333333333333 -664.9999999999999
509.16666666666663 -665.8333333333333
513.3333333333333 -669.9999999999999
508.3333333333333 -664.9999999999999
508.3333333333333 -664.9999999999999
513.3333333333333 -669.9999999999999
509.16666666666663 -665.8333333333333
513.3333333333333 -669.9999999999999
509.16666666666663 -665.8333333333333
508.3333333333333 -664.9999999999999
509.16666666666663 -665.8333333333333
509.16666666666663 -665.8333333333333
508.3333333333333 -664.9999999999999
508.3333333333333 -664.9999999999999
509.16666666666663 -665.8333333333333
508.3333333333333 -664.9999999999999
508.3333333333333 -664.9999999999999
508.3333333333333 -664.9999999999999
508.3333333333333 -664.9999999999999
508.3333333333333 -664.9999999999999
509.16666666666663 -665.8333333333333
509.16666666666663 -665.8333333333333
508.3333333333333 -664.9999999999999
513.3333333333333 -669.9999999999999
510.83333333333337 -668.3333333333334
509.16666666666663 -665.8333333333333
513.3333333333333 -669.9999999999999
513.3333333333333 -669.9999999999999
508.3333333333333 -664.9999999999999
508.3333333333333 -664.9999999999999
513.3333333333333 -669.9999999999999
508.3333333333333 -664.9999999999999
509.1666666666667 -666.6666666666666
508.3333333333333 -664.9999999999999
513.3333333333333 -669.9999999999999
513.3333333333333 -669.9999999999999
508.3333333333333 -664.9999999999999
508.3333333333333 -664.9999999999999
513.3333333333333 -669.9999999999999
507.5 -664.1666666666666
508.3333333333333 -664.9999999999999
508.3333333333333 -664.9999999999999
508.3333333333333 -664.9999999999999
508.3333333333333 -664.9999999999999
508.3333333333333 -664.9999999999999
508.3333333333333 -664.9999999999999
508.3333333333333 -664.9999999999999
513.3333333333333 -669.9999999999999
508.3333333333333 -664.9999999999999
513.3333333333333 -669.9999999999999
510.0 -667.4999999999999
508.3333333333333 -664.9999999999999
509.16666666666663 -665.8333333333333
508.3333333333333 -664.9999999999999
509.16666666666663 -665.8333333333333
513.3333333333333 -669.9999999999999
509.16666666666663 -665.8333333333333
514.1666666666666 -674.9999999999999
513.3333333333333 -669.9999999999999
509.16666666666663 -665.8333333333333
514.1666666666666 -674.9999999999999
509.16666666666663 -665.8333333333333
508.3333333333333 -664.9999999999999
508.3333333333333 -664.9999999999999
509.16666666666663 -665.8333333333333
512.5 -669.1666666666666
