515.8333333333333 -682.4999999999998
513.3333333333333 -679.1666666666665
513.3333333333333 -679.1666666666665
514.1666666666666 -679.9999999999998
514.1666666666666 -679.9999999999998
513.3333333333333 -679.1666666666665
514.1666666666666 -679.9999999999998
514.1666666666666 -679.9999999999998
514.1666666666666 -679.9999999999998
513.3333333333333 -679.1666666666665
513.3333333333333 -679.1666666666665
513.3333333333333 -679.1666666666665
513.3333333333333 -679.1666666666665
516.6666666666665 -683.3333333333331
515.0 -681.6666666666665
515.0 -681.6666666666665
513.3333333333333 -679.1666666666665
515.8333333333333 -682.4999999999998
509.16666666666663 -674.9999999999998
513.3333333333333 -679.1666666666665
513.3333333333333 -679.1666666666665
511.6666666666667 -676.6666666666665
513.3333333333333 -679.1666666666665
513.3333333333333 -679.1666666666665
514.1666666666666 -679.9999999999998
513.3333333333333 -679.1666666666665
514.1666666666666 -679.9999999999998
515.0 -681.6666666666665
513.3333333333333 -679.1666666666665
507.5 -672.4999999999998
514.1666666666666 -679.9999999999998
515.8333333333333 -682.4999999999998
513.3333333333333 -679.1666666666665
511.6666666666667 -676.6666666666665
515.0 -681.6666666666665
509.16666666666663 -674.9999999999998
514.1666666666666 -679.9999999999998
510.83333333333326 -675.8333333333333
513.3333333333333 -679.1666666666665
513.3333333333333 -679.1666666666665
513.3333333333333 -679.1666666666665
513.3333333333333 -679.1666666666665
