507.5 -681.6666666666665
507.5 -681.6666666666665
507.5 -681.6666666666665
507.5 -681.6666666666665
507.5 -681.6666666666665
507.5 -681.6666666666665
507.5 -681.6666666666665
507.5 -681.6666666666665
507.5 -681.6666666666665
507.5 -681.6666666666665
507.5 -681.6666666666665
513.3333333333333 -690.8333333333333
507.5 -681.6666666666665
507.5 -681.6666666666665
507.5 -681.6666666666665
507.5 -681.6666666666665
507.5 -681.6666666666665
508.3333333333333 -685.8333333333333
515.0 -691.6666666666665
507.5 -681.6666666666665
507.5 -681.6666666666665
507.5 -681.6666666666665
512.5 -687.4999999999999
512.5 -687.4999999999999
508.3333333333333 -685.8333333333333
