513.3333333333333 -690.8333333333333
508.3333333333333 -688.3333333333333
507.5 -684.9999999999999
512.5 -689.9999999999999
507.5 -684.9999999999999
507.5 -684.9999999999999
507.5 -684.9999999999999
512.5 -689.9999999999999
512.5 -689.9999999999999
507.5 -684.9999999999999
512.5 -689.9999999999999
507.5 -684.9999999999999
507.5 -684.9999999999999
513.3333333333333 -690.8333333333333
507.5 -684.9999999999999
507.5 -684.9999999999999
514.1666666666666 -692.4999999999998
507.5 -684.9999999999999
512.5 -689.9999999999999
516.6666666666666 -694.1666666666665
512.5 -689.9999999999999
515.0 -693.3333333333331
512.5 -689.9999999999999
513.3333333333333 -690.8333333333333
