508.3333333333333 -688.3333333333333
507.5 -685.8333333333333
508.3333333333333 -688.3333333333333
507.5 -685.8333333333333
507.5 -685.8333333333333
507.5 -685.8333333333333
509.16666666666663 -689.9999999999999
507.5 -685.8333333333333
510.83333333333326 -691.6666666666665
507.5 -685.8333333333333
507.5 -685.8333333333333
507.5 -685.8333333333333
514.1666666666666 -694.9999999999999
512.5 -693.3333333333333
507.5 -685.8333333333333
507.5 -685.8333333333333
507.5 -685.8333333333333
508.3333333333333 -688.3333333333333
507.5 -685.8333333333333
509.16666666666663 -689.9999999999999
507.5 -685.8333333333333
507.5 -685.8333333333333
507.5 -685.8333333333333
507.5 -685.8333333333333
507.5 -685.8333333333333
507.5 -685.8333333333333
507.5 -685.8333333333333
507.5 -685.8333333333333
