513.3333333333333 -697.4999999999998
507.5 -689.9999999999999
508.3333333333333 -692.4999999999998
508.3333333333333 -692.4999999999998
509.16666666666663 -693.3333333333333
508.3333333333333 -692.4999999999998
513.3333333333333 -697.4999999999998
510.83333333333326 -694.9999999999999
513.3333333333333 -697.4999999999998
508.3333333333333 -692.4999999999998
513.3333333333333 -697.4999999999998
509.16666666666663 -693.3333333333333
513.3333333333333 -697.4999999999998
514.1666666666666 -698.3333333333331
