507.5 -689.9999999999999
509.16666666666663 -693.3333333333333
510.83333333333326 -694.9999999999999
509.16666666666663 -693.3333333333333
514.1666666666666 -698.3333333333331
515.0 -699.1666666666664
513.3333333333333 -697.4999999999999
521.6666666666666 -700.8333333333331
507.5 -689.9999999999999
508.3333333333333 -692.4999999999999
513.3333333333333 -697.4999999999999
512.5 -695.8333333333331
507.5 -689.9999999999999
509.16666666666663 -693.3333333333333
509.16666666666663 -693.3333333333333
509.16666666666663 -693.3333333333333
515.8333333333333 -699.9999999999998
513.3333333333333 -697.4999999999999
507.5 -689.9999999999999
509.99999999999994 -694.1666666666665
