511.6666666666667 -704.1666666666665
511.6666666666667 -704.1666666666665
511.6666666666667 -704.1666666666665
507.5 -703.3333333333331
511.6666666666667 -704.1666666666665
511.6666666666667 -704.1666666666665
511.6666666666667 -704.1666666666665
507.5 -703.3333333333331
506.6666666666667 -699.1666666666665
517.5 -710.8333333333331
506.6666666666667 -699.1666666666665
511.6666666666667 -704.1666666666665
511.6666666666667 -704.1666666666665
511.6666666666667 -704.1666666666665
512.5 -708.3333333333331
507.5 -703.3333333333331
512.5 -708.3333333333331
511.6666666666667 -704.1666666666665
512.5 -708.3333333333331
512.5 -708.3333333333331
