511.6666666666667 -714.1666666666666
511.6666666666667 -714.1666666666666
511.6666666666667 -714.1666666666666
506.6666666666667 -709.1666666666665
506.6666666666667 -709.1666666666665
506.6666666666667 -709.1666666666665
506.6666666666667 -709.1666666666665
511.6666666666667 -714.1666666666666
511.6666666666667 -714.1666666666666
506.6666666666667 -709.1666666666665
506.6666666666667 -709.1666666666665
506.6666666666667 -709.1666666666665
507.50000000000006 -709.9999999999999
506.6666666666667 -709.1666666666665
506.6666666666667 -709.1666666666665
511.6666666666667 -714.1666666666666
506.6666666666667 -709.1666666666665
506.6666666666667 -709.1666666666665
511.6666666666667 -714.1666666666666
506.6666666666667 -709.1666666666665
506.6666666666667 -709.1666666666665
506.6666666666667 -709.1666666666665
507.50000000000006 -709.9999999999999
506.6666666666667 -709.1666666666665
506.6666666666667 -709.1666666666665
506.6666666666667 -709.1666666666665
506.6666666666667 -709.1666666666665
506.6666666666667 -709.1666666666665
506.6666666666667 -709.1666666666665
506.6666666666667 -709.1666666666665
506.6666666666667 -709.1666666666665
506.6666666666667 -709.1666666666665
506.6666666666667 -709.1666666666665
506.6666666666667 -709.1666666666665
506.6666666666667 -709.1666666666665
506.6666666666667 -709.1666666666665
506.6666666666667 -709.1666666666665
506.6666666666667 -709.1666666666665
