506.6666666666667 -709.1666666666665
506.6666666666667 -709.1666666666665
506.6666666666667 -709.1666666666665
506.6666666666667 -709.1666666666665
506.6666666666667 -709.1666666666665
506.6666666666667 -709.1666666666665
506.6666666666667 -709.1666666666665
507.50000000000006 -709.9999999999999
506.6666666666667 -709.1666666666665
506.6666666666667 -709.1666666666665
506.6666666666667 -709.1666666666665
506.6666666666667 -709.1666666666665
506.6666666666667 -709.1666666666665
506.6666666666667 -709.1666666666665
506.6666666666667 -709.1666666666665
507.50000000000006 -709.9999999999999
506.6666666666667 -709.1666666666665
506.6666666666667 -709.1666666666665
506.6666666666667 -709.1666666666665
506.6666666666667 -709.1666666666665
506.6666666666667 -709.1666666666665
506.6666666666667 -709.1666666666665
506.6666666666667 -709.1666666666665
506.6666666666667 -709.1666666666665
506.6666666666667 -709.1666666666665
506.6666666666667 -709.1666666666665
506.6666666666667 -709.1666666666665
506.6666666666667 -709.1666666666665
506.6666666666667 -709.1666666666665
506.6666666666667 -709.1666666666665
506.6666666666667 -709.1666666666665
506.6666666666667 -709.1666666666665
506.6666666666667 -709.1666666666665
506.6666666666667 -709.1666666666665
506.6666666666667 -709.1666666666665
506.6666666666667 -709.1666666666665
506.6666666666667 -709.1666666666665
506.6666666666667 -709.1666666666665
506.6666666666667 -709.1666666666665
506.6666666666667 -709.1666666666665
506.6666666666667 -709.1666666666665
506.6666666666667 -709.1666666666665
506.6666666666667 -709.1666666666665
506.6666666666667 -709.1666666666665
506.6666666666667 -709.1666666666665
506.6666666666667 -709.1666666666665
506.6666666666667 -709.1666666666665
506.6666666666667 -709.1666666666665
506.6666666666667 -709.1666666666665
506.6666666666667 -709.1666666666665
513.3333333333333 -719.1666666666666
506.6666666666667 -709.1666666666665
506.6666666666667 -709.1666666666665
506.6666666666667 -709.1666666666665
506.6666666666667 -709.1666666666665
506.6666666666667 -709.1666666666665
506.6666666666667 -709.1666666666665
506.6666666666667 -709.1666666666665
506.6666666666667 -709.1666666666665
506.6666666666667 -709.1666666666665
506.6666666666667 -709.1666666666665
506.6666666666667 -709.1666666666665
506.6666666666667 -709.1666666666665
506.6666666666667 -709.1666666666665
506.6666666666667 -709.1666666666665
506.6666666666667 -709.1666666666665
506.6666666666667 -709.1666666666665
506.6666666666667 -709.1666666666665
506.6666666666667 -709.1666666666665
506.6666666666667 -709.1666666666665
506.6666666666667 -709.1666666666665
506.6666666666667 -709.1666666666665
506.6666666666667 -709.1666666666665
506.6666666666667 -709.1666666666665
506.6666666666667 -709.1666666666665
506.6666666666667 -709.1666666666665
506.6666666666667 -709.1666666666665
506.6666666666667 -709.1666666666665
506.6666666666667 -709.1666666666665
506.6666666666667 -709.1666666666665
506.6666666666667 -709.1666666666665
506.6666666666667 -709.1666666666665
506.6666666666667 -709.1666666666665
506.6666666666667 -709.1666666666665
506.6666666666667 -709.1666666666665
506.6666666666667 -709.1666666666665
506.6666666666667 -709.1666666666665
506.6666666666667 -709.1666666666665
506.6666666666667 -709.1666666666665
506.6666666666667 -709.1666666666665
506.6666666666667 -709.1666666666665
506.6666666666667 -709.1666666666665
506.6666666666667 -709.1666666666665
506.6666666666667 -709.1666666666665
506.6666666666667 -709.1666666666665
508.3333333333333 -714.1666666666666
506.6666666666667 -709.1666666666665
506.6666666666667 -709.1666666666665
506.6666666666667 -709.1666666666665
506.6666666666667 -709.1666666666665
506.6666666666667 -709.1666666666665
506.6666666666667 -709.1666666666665
506.6666666666667 -709.1666666666665
506.6666666666667 -709.1666666666665
506.6666666666667 -709.1666666666665
506.6666666666667 -709.1666666666665
506.6666666666667 -709.1666666666665
506.6666666666667 -709.1666666666665
506.6666666666667 -709.1666666666665
506.6666666666667 -709.1666666666665
506.6666666666667 -709.1666666666665
506.6666666666667 -709.1666666666665
506.6666666666667 -709.1666666666665
506.6666666666667 -709.1666666666665
506.6666666666667 -709.1666666666665
506.6666666666667 -709.1666666666665
506.6666666666667 -709.1666666666665
506.6666666666667 -709.1666666666665
506.6666666666667 -709.1666666666665
506.6666666666667 -709.1666666666665
506.6666666666667 -709.1666666666665
506.6666666666667 -709.1666666666665
506.6666666666667 -709.1666666666665
506.6666666666667 -709.1666666666665
506.6666666666667 -709.1666666666665
506.6666666666667 -709.1666666666665
506.6666666666667 -709.1666666666665
506.6666666666667 -709.1666666666665
507.50000000000006 -709.9999999999999
506.6666666666667 -709.1666666666665
506.6666666666667 -709.1666666666665
506.6666666666667 -709.1666666666665
506.6666666666667 -709.1666666666665
506.6666666666667 -709.1666666666665
506.6666666666667 -709.1666666666665
506.6666666666667 -709.1666666666665
506.6666666666667 -709.1666666666665
506.6666666666667 -709.1666666666665
506.6666666666667 -709.1666666666665
506.6666666666667 -709.1666666666665
508.3333333333333 -714.1666666666666
506.6666666666667 -709.1666666666665
506.6666666666667 -709.1666666666665
506.6666666666667 -709.1666666666665
506.6666666666667 -709.1666666666665
506.6666666666667 -709.1666666666665
506.6666666666667 -709.1666666666665
513.3333333333333 -719.1666666666666
506.6666666666667 -709.1666666666665
506.6666666666667 -709.1666666666665
506.6666666666667 -709.1666666666665
506.6666666666667 -709.1666666666665
506.6666666666667 -709.1666666666665
506.6666666666667 -709.1666666666665
506.6666666666667 -709.1666666666665
506.6666666666667 -709.1666666666665
506.6666666666667 -709.1666666666665
506.6666666666667 -709.1666666666665
506.6666666666667 -709.1666666666665
506.6666666666667 -709.1666666666665
506.6666666666667 -709.1666666666665
506.6666666666667 -709.1666666666665
506.6666666666667 -709.1666666666665
506.6666666666667 -709.1666666666665
506.6666666666667 -709.1666666666665
506.6666666666667 -709.1666666666665
506.6666666666667 -709.1666666666665
506.6666666666667 -709.1666666666665
506.6666666666667 -709.1666666666665
506.6666666666667 -709.1666666666665
506.6666666666667 -709.1666666666665
506.6666666666667 -709.1666666666665
506.6666666666667 -709.1666666666665
507.50000000000006 -709.9999999999999
506.6666666666667 -709.1666666666665
506.6666666666667 -709.1666666666665
506.6666666666667 -709.1666666666665
506.6666666666667 -709.1666666666665
506.6666666666667 -709.1666666666665
506.6666666666667 -709.1666666666665
506.6666666666667 -709.1666666666665
506.6666666666667 -709.1666666666665
