506.6666666666667 -714.1666666666666
506.6666666666667 -714.1666666666666
506.6666666666667 -714.1666666666666
506.6666666666667 -714.1666666666666
506.6666666666667 -714.1666666666666
506.6666666666667 -714.1666666666666
506.6666666666667 -714.1666666666666
506.6666666666667 -714.1666666666666
513.3333333333333 -724.1666666666666
506.6666666666667 -714.1666666666666
506.6666666666667 -714.1666666666666
513.3333333333333 -724.1666666666666
506.6666666666667 -714.1666666666666
506.6666666666667 -714.1666666666666
506.6666666666667 -714.1666666666666
508.3333333333333 -720.0
506.6666666666667 -714.1666666666666
506.6666666666667 -714.1666666666666
506.6666666666667 -714.1666666666666
506.6666666666667 -714.1666666666666
506.6666666666667 -714.1666666666666
506.6666666666667 -714.1666666666666
513.3333333333333 -724.1666666666666
506.6666666666667 -714.1666666666666
506.6666666666667 -714.1666666666666
513.3333333333333 -724.1666666666666
506.6666666666667 -714.1666666666666
506.6666666666667 -714.1666666666666
506.6666666666667 -714.1666666666666
506.6666666666667 -714.1666666666666
506.6666666666667 -714.1666666666666
506.6666666666667 -714.1666666666666
506.6666666666667 -714.1666666666666
506.6666666666667 -714.1666666666666
506.6666666666667 -714.1666666666666
513.3333333333333 -724.1666666666666
507.5 -715.8333333333333
506.6666666666667 -714.1666666666666
506.6666666666667 -714.1666666666666
506.6666666666667 -714.1666666666666
506.6666666666667 -714.1666666666666
506.6666666666667 -714.1666666666666
512.5 -720.8333333333333
506.6666666666667 -714.1666666666666
506.6666666666667 -714.1666666666666
506.6666666666667 -714.1666666666666
506.6666666666667 -714.1666666666666
506.6666666666667 -714.1666666666666
506.6666666666667 -714.1666666666666
506.6666666666667 -714.1666666666666
506.6666666666667 -714.1666666666666
506.6666666666667 -714.1666666666666
515.0 -724.9999999999999
513.3333333333333 -724.1666666666666
506.6666666666667 -714.1666666666666
506.6666666666667 -714.1666666666666
507.5 -715.8333333333333
