508.3333333333333 -720.0
508.3333333333333 -720.0
508.3333333333333 -720.0
519.9999999999999 -730.0
508.3333333333333 -720.0
508.3333333333333 -720.0
508.3333333333333 -720.0
508.3333333333333 -720.0
509.1666666666667 -720.8333333333334
508.3333333333333 -720.0
508.3333333333333 -720.0
508.3333333333333 -720.0
508.3333333333333 -720.0
519.9999999999999 -730.0
519.9999999999999 -730.0
506.6666666666667 -718.3333333333334
508.3333333333333 -720.0
508.3333333333333 -720.0
508.3333333333333 -720.0
508.3333333333333 -720.0
508.3333333333333 -720.0
508.3333333333333 -720.0
508.3333333333333 -720.0
512.5 -723.3333333333334
512.5 -723.3333333333334
512.5 -723.3333333333334
508.3333333333333 -720.0
507.5 -719.1666666666667
508.3333333333333 -720.0
508.3333333333333 -720.0
508.3333333333333 -720.0
508.3333333333333 -720.0
512.5 -723.3333333333334
508.3333333333333 -720.0
513.3333333333333 -725.8333333333334
519.9999999999999 -730.0
508.3333333333333 -720.0
525.0 -730.0000000000001
509.1666666666667 -720.8333333333334
509.1666666666667 -720.8333333333334
508.3333333333333 -720.0
508.3333333333333 -720.0
508.3333333333333 -720.0
508.3333333333333 -720.0
508.3333333333333 -720.0
508.3333333333333 -720.0
