519.9999999999999 -730.0
519.9999999999999 -730.0
519.9999999999999 -730.0
506.6666666666667 -718.3333333333334
512.5 -723.3333333333334
512.5 -723.3333333333334
512.5 -723.3333333333334
512.5 -723.3333333333334
519.9999999999999 -730.0
525.0 -730.0000000000001
519.9999999999999 -730.0
512.5 -723.3333333333334
519.9999999999999 -730.0
519.1666666666666 -729.1666666666666
512.5 -723.3333333333334
508.3333333333333 -721.6666666666667
512.5 -723.3333333333334
506.6666666666667 -718.3333333333334
519.9999999999999 -730.0
512.5 -723.3333333333334
513.3333333333333 -726.6666666666667
512.5 -723.3333333333334
512.5 -723.3333333333334
512.5 -723.3333333333334
512.5 -723.3333333333334
512.5 -723.3333333333334
512.5 -723.3333333333334
512.5 -723.3333333333334
507.5 -720.8333333333334
519.9999999999999 -730.0
508.3333333333333 -721.6666666666667
