519.9999999999999 -730.0
519.9999999999999 -730.0
519.9999999999999 -730.0
506.6666666666667 -718.3333333333334
519.9999999999999 -730.0
519.9999999999999 -730.0
519.9999999999999 -730.0
519.1666666666666 -729.1666666666666
508.3333333333333 -721.6666666666667
506.6666666666667 -718.3333333333334
519.9999999999999 -730.0
513.3333333333333 -726.6666666666667
507.5 -720.8333333333334
519.9999999999999 -730.0
508.3333333333333 -721.6666666666667
511.6666666666667 -723.3333333333334
512.5 -725.0
513.3333333333333 -726.6666666666667
507.5 -720.8333333333334
512.5 -725.0
509.1666666666667 -722.5000000000001
520.8333333333333 -731.6666666666666
508.3333333333333 -721.6666666666667
508.3333333333333 -721.6666666666667
512.5 -725.0
