506.6666666666667 -718.3333333333334
519.1666666666666 -729.1666666666666
506.6666666666667 -718.3333333333334
513.3333333333333 -726.6666666666667
507.5 -720.8333333333334
511.6666666666667 -723.3333333333334
512.5 -725.0
513.3333333333333 -726.6666666666667
507.5 -720.8333333333334
512.5 -725.0
509.1666666666667 -722.5000000000001
512.5 -725.0
509.1666666666667 -722.5000000000001
507.5 -720.8333333333334
507.5 -720.8333333333334
512.5 -725.0
512.5 -725.0
507.5 -720.8333333333334
507.5 -720.8333333333334
519.9999999999999 -731.6666666666666
513.3333333333333 -726.6666666666667
516.6666666666666 -728.3333333333334
508.3333333333333 -722.5
