506.6666666666667 -718.3333333333334
506.6666666666667 -718.3333333333334
519.9999999999999 -731.6666666666666
516.6666666666666 -730.0000000000001
512.5 -727.5
516.6666666666666 -730.0000000000001
519.1666666666666 -730.8333333333333
519.9999999999999 -731.6666666666666
519.1666666666666 -730.8333333333333
508.3333333333333 -723.3333333333334
516.6666666666666 -730.0000000000001
515.8333333333333 -729.1666666666667
519.9999999999999 -731.6666666666666
507.5 -722.5
519.1666666666666 -730.8333333333333
519.1666666666666 -730.8333333333333
519.1666666666666 -730.8333333333333
519.9999999999999 -731.6666666666666
513.3333333333333 -728.3333333333334
