506.6666666666667 -718.3333333333334
506.6666666666667 -718.3333333333334
516.6666666666666 -730.0000000000001
512.5 -727.5
516.6666666666666 -730.0000000000001
508.3333333333333 -723.3333333333334
516.6666666666666 -730.0000000000001
515.8333333333333 -729.1666666666667
507.5 -722.5
513.3333333333333 -728.3333333333334
513.3333333333333 -728.3333333333334
519.1666666666666 -731.6666666666666
508.3333333333333 -723.3333333333334
507.5 -722.5
519.1666666666666 -731.6666666666666
515.8333333333333 -729.1666666666667
510.8333333333333 -724.1666666666667
512.5 -727.5
513.3333333333333 -728.3333333333334
512.5 -727.5
513.3333333333333 -728.3333333333334
508.3333333333333 -723.3333333333334
507.5 -722.5
512.5 -727.5
512.5 -727.5
508.3333333333333 -723.3333333333334
519.1666666666666 -731.6666666666666
512.5 -727.5
524.1666666666665 -732.5
515.8333333333333 -729.1666666666667
520.8333333333333 -732.4999999999999
510.8333333333333 -724.1666666666667
515.8333333333333 -729.1666666666667
507.5 -722.5
512.5 -727.5
512.5 -727.5
516.6666666666666 -730.0000000000001
515.8333333333333 -729.1666666666667
510.8333333333333 -724.1666666666667
