506.6666666666667 -718.3333333333334
506.6666666666667 -718.3333333333334
516.6666666666666 -730.0000000000001
512.5 -727.5
516.6666666666666 -730.0000000000001
516.6666666666666 -730.0000000000001
507.5 -722.5
519.1666666666666 -731.6666666666666
507.5 -722.5
519.1666666666666 -731.6666666666666
512.5 -727.5
512.5 -727.5
507.5 -722.5
512.5 -727.5
512.5 -727.5
519.1666666666666 -731.6666666666666
512.5 -727.5
507.5 -722.5
512.5 -727.5
512.5 -727.5
516.6666666666666 -730.0000000000001
506.6666666666667 -718.3333333333334
512.5 -727.5
507.5 -722.5
519.9999999999999 -732.4999999999999
516.6666666666666 -730.0000000000001
522.4999999999999 -734.1666666666665
512.5 -727.5
519.1666666666666 -731.6666666666666
508.3333333333333 -724.1666666666667
507.5 -722.5
512.5 -727.5
507.5 -722.5
520.8333333333334 -732.5
519.1666666666666 -731.6666666666666
512.5 -727.5
519.1666666666666 -731.6666666666666
507.5 -722.5
512.5 -727.5
512.5 -727.5
519.1666666666666 -731.6666666666666
519.1666666666666 -731.6666666666666
513.3333333333333 -729.1666666666667
512.5 -727.5
520.8333333333334 -732.5
519.9999999999999 -732.4999999999999
512.5 -727.5
513.3333333333333 -729.1666666666667
519.9999999999999 -732.4999999999999
519.9999999999999 -732.4999999999999
507.5 -722.5
519.1666666666666 -731.6666666666666
519.1666666666666 -731.6666666666666
519.1666666666666 -731.6666666666666
516.6666666666666 -730.0000000000001
512.5 -727.5
513.3333333333333 -729.1666666666667
512.5 -727.5
521.6666666666666 -733.3333333333333
512.5 -727.5
512.5 -727.5
516.6666666666666 -730.0000000000001
516.6666666666666 -730.0000000000001
