506.6666666666667 -718.3333333333334
506.6666666666667 -718.3333333333334
507.5 -722.5
507.5 -722.5
507.5 -722.5
507.5 -722.5
506.6666666666667 -718.3333333333334
507.5 -722.5
508.3333333333333 -724.1666666666667
507.5 -722.5
507.5 -722.5
507.5 -722.5
513.3333333333333 -729.1666666666667
513.3333333333333 -729.1666666666667
507.5 -722.5
513.3333333333333 -729.1666666666667
508.3333333333333 -724.1666666666667
516.6666666666666 -731.6666666666667
507.5 -722.5
512.5 -728.3333333333334
513.3333333333333 -729.1666666666667
506.6666666666667 -718.3333333333334
522.4999999999999 -735.0
507.5 -722.5
513.3333333333333 -729.1666666666667
515.8333333333333 -730.8333333333334
519.1666666666666 -732.5
510.8333333333333 -726.6666666666667
513.3333333333333 -729.1666666666667
522.4999999999999 -735.0
521.6666666666666 -734.1666666666665
513.3333333333333 -729.1666666666667
523.3333333333333 -735.8333333333333
512.5 -728.3333333333334
515.0 -730.0
520.8333333333334 -733.3333333333333
506.6666666666667 -718.3333333333334
