510.8333333333333 -726.6666666666667
519.1666666666666 -733.3333333333333
512.5 -729.1666666666667
510.8333333333333 -726.6666666666667
507.5 -724.1666666666667
506.6666666666667 -720.0
519.9999999999999 -734.1666666666665
515.8333333333333 -731.6666666666667
516.6666666666666 -732.5000000000001
522.4999999999999 -736.6666666666666
516.6666666666666 -732.5000000000001
519.9999999999999 -734.1666666666665
516.6666666666666 -732.5000000000001
513.3333333333333 -730.8333333333334
519.9999999999999 -734.1666666666665
512.5 -729.1666666666667
513.3333333333333 -730.8333333333334
522.4999999999999 -736.6666666666666
508.3333333333333 -725.0
519.9999999999999 -734.1666666666665
510.0 -725.8333333333334
516.6666666666666 -732.5000000000001
