505.0 -717.5
524.9999999999999 -740.8333333333333
524.9999999999999 -740.8333333333333
505.0 -717.5
506.66666666666663 -723.3333333333334
515.0 -735.0000000000001
505.8333333333333 -718.3333333333334
510.0 -730.0
505.8333333333333 -718.3333333333334
510.0 -730.0
505.0 -717.5
505.8333333333333 -718.3333333333334
505.0 -717.5
505.0 -717.5
505.0 -717.5
505.8333333333333 -718.3333333333334
508.3333333333333 -728.3333333333334
505.0 -717.5
505.0 -717.5
510.0 -730.0
507.5 -727.5000000000001
505.0 -717.5
505.0 -717.5
509.16666666666663 -729.1666666666667
505.0 -717.5
505.8333333333333 -718.3333333333334
505.0 -717.5
505.0 -717.5
510.0 -730.0
513.3333333333333 -733.3333333333334
510.0 -730.0
505.8333333333333 -718.3333333333334
505.8333333333333 -718.3333333333334
506.66666666666663 -723.3333333333334
510.0 -730.0
505.0 -717.5
513.3333333333333 -733.3333333333334
505.0 -717.5
505.0 -717.5
505.0 -717.5
505.8333333333333 -718.3333333333334
515.8333333333333 -736.6666666666667
507.5 -727.5000000000001
510.0 -730.0
508.3333333333333 -728.3333333333334
505.8333333333333 -718.3333333333334
505.0 -717.5
507.5 -727.5000000000001
505.8333333333333 -718.3333333333334
505.8333333333333 -718.3333333333334
505.8333333333333 -718.3333333333334
515.0 -735.0000000000001
510.0 -730.0
505.0 -717.5
507.5 -727.5000000000001
505.0 -717.5
505.8333333333333 -718.3333333333334
505.0 -717.5
505.0 -717.5
505.8333333333333 -718.3333333333334
506.66666666666663 -723.3333333333334
505.0 -717.5
505.0 -717.5
510.0 -730.0
505.8333333333333 -718.3333333333334
507.5 -727.5000000000001
505.8333333333333 -718.3333333333334
510.0 -730.0
513.3333333333333 -733.3333333333334
505.8333333333333 -718.3333333333334
505.0 -717.5
507.5 -727.5000000000001
505.0 -717.5
505.0 -717.5
505.0 -717.5
508.3333333333333 -728.3333333333334
509.16666666666663 -729.1666666666667
506.66666666666663 -723.3333333333334
505.0 -717.5
508.3333333333333 -728.3333333333334
508.3333333333333 -728.3333333333334
507.5 -727.5000000000001
507.5 -727.5000000000001
505.0 -717.5
505.0 -717.5
505.8333333333333 -718.3333333333334
519.1666666666666 -740.0000000000001
510.0 -730.0
505.0 -717.5
510.0 -730.0
511.66666666666663 -730.0000000000001
505.0 -717.5
505.8333333333333 -718.3333333333334
513.3333333333333 -733.3333333333334
513.3333333333333 -733.3333333333334
506.66666666666663 -723.3333333333334
507.5 -727.5000000000001
505.0 -717.5
510.0 -730.0
505.0 -717.5
505.8333333333333 -718.3333333333334
505.0 -717.5
505.0 -717.5
505.0 -717.5
507.5 -727.5000000000001
505.8333333333333 -718.3333333333334
508.3333333333333 -728.3333333333334
508.3333333333333 -728.3333333333334
507.5 -727.5000000000001
508.3333333333333 -728.3333333333334
509.16666666666663 -729.1666666666667
515.0 -735.0000000000001
508.3333333333333 -728.3333333333334
507.5 -727.5000000000001
505.8333333333333 -718.3333333333334
512.5 -732.5000000000001
505.0 -717.5
505.0 -717.5
505.0 -717.5
507.5 -727.5000000000001
512.5 -732.5000000000001
505.8333333333333 -718.3333333333334
508.3333333333333 -728.3333333333334
505.8333333333333 -718.3333333333334
505.0 -717.5
507.5 -727.5000000000001
507.5 -727.5000000000001
505.0 -717.5
505.0 -717.5
505.8333333333333 -718.3333333333334
507.5 -727.5000000000001
505.0 -717.5
505.8333333333333 -718.3333333333334
507.5 -727.5000000000001
505.0 -717.5
505.0 -717.5
507.5 -727.5000000000001
506.66666666666663 -723.3333333333334
505.0 -717.5
505.8333333333333 -718.3333333333334
507.5 -727.5000000000001
505.0 -717.5
507.5 -727.5000000000001
505.8333333333333 -718.3333333333334
505.0 -717.5
505.8333333333333 -718.3333333333334
505.0 -717.5
505.0 -717.5
508.3333333333333 -728.3333333333334
505.0 -717.5
505.8333333333333 -718.3333333333334
512.5 -732.5000000000001
510.0 -730.0
505.0 -717.5
512.5 -732.5000000000001
510.0 -730.0
515.0 -735.0000000000001
505.0 -717.5
506.66666666666663 -723.3333333333334
508.3333333333333 -728.3333333333334
515.8333333333333 -736.6666666666667
507.5 -727.5000000000001
505.0 -717.5
505.0 -717.5
