515.8333333333333 -736.6666666666667
519.1666666666666 -740.0000000000001
511.66666666666663 -730.0000000000001
515.8333333333333 -736.6666666666667
507.5 -728.3333333333334
519.1666666666666 -740.0000000000001
520.8333333333333 -741.6666666666667
506.66666666666663 -725.8333333333334
517.5 -737.5000000000001
514.1666666666666 -735.0000000000001
507.49999999999994 -726.6666666666667
507.49999999999994 -726.6666666666667
506.66666666666663 -725.8333333333334
507.49999999999994 -726.6666666666667
509.16666666666663 -730.0
505.0 -718.3333333333334
505.0 -718.3333333333334
506.66666666666663 -725.8333333333334
512.5 -733.3333333333334
