504.16666666666663 -717.5
526.6666666666666 -745.8333333333333
504.16666666666663 -717.5
516.6666666666667 -740.0000000000001
506.66666666666663 -727.5
520.8333333333333 -742.5000000000001
519.1666666666666 -741.6666666666667
515.0 -738.3333333333335
524.1666666666666 -743.3333333333333
524.9999999999999 -744.1666666666666
525.8333333333334 -745.0
510.8333333333333 -734.1666666666667
511.6666666666667 -735.0000000000001
513.3333333333333 -735.8333333333335
508.3333333333333 -730.8333333333334
509.1666666666667 -732.5000000000001
508.3333333333333 -730.8333333333334
513.3333333333333 -735.8333333333335
504.99999999999994 -718.3333333333333
509.1666666666667 -732.5000000000001
511.6666666666667 -735.0000000000001
506.66666666666663 -727.5
507.49999999999994 -728.3333333333334
510.0 -733.3333333333335
507.5 -729.1666666666667
510.0 -733.3333333333335
524.1666666666666 -743.3333333333333
507.5 -729.1666666666667
507.49999999999994 -728.3333333333334
504.99999999999994 -718.3333333333333
504.16666666666663 -717.5
506.66666666666663 -727.5
510.0 -733.3333333333335
524.1666666666666 -743.3333333333333
507.49999999999994 -728.3333333333334
507.5 -729.1666666666667
504.99999999999994 -718.3333333333333
504.16666666666663 -717.5
506.66666666666663 -727.5
524.1666666666666 -743.3333333333333
507.49999999999994 -728.3333333333334
507.5 -729.1666666666667
504.99999999999994 -718.3333333333333
504.16666666666663 -717.5
506.66666666666663 -727.5
524.1666666666666 -743.3333333333333
507.49999999999994 -728.3333333333334
507.5 -729.1666666666667
504.99999999999994 -718.3333333333333
504.16666666666663 -717.5
506.66666666666663 -727.5
507.49999999999994 -728.3333333333334
507.5 -729.1666666666667
504.99999999999994 -718.3333333333333
504.16666666666663 -717.5
506.66666666666663 -727.5
507.5 -729.1666666666667
504.99999999999994 -718.3333333333333
504.16666666666663 -717.5
506.66666666666663 -727.5
507.5 -729.1666666666667
504.16666666666663 -717.5
506.66666666666663 -727.5
507.5 -729.1666666666667
504.16666666666663 -717.5
506.66666666666663 -727.5
507.5 -729.1666666666667
504.16666666666663 -717.5
506.66666666666663 -727.5
507.5 -729.1666666666667
506.66666666666663 -727.5
507.5 -729.1666666666667
506.66666666666663 -727.5
507.5 -729.1666666666667
506.66666666666663 -727.5
507.5 -729.1666666666667
507.5 -729.1666666666667
507.5 -729.1666666666667
507.5 -729.1666666666667
507.5 -729.1666666666667
506.66666666666663 -727.5
507.5 -729.1666666666667
506.66666666666663 -727.5
507.5 -729.1666666666667
506.66666666666663 -727.5
507.5 -729.1666666666667
504.16666666666663 -717.5
507.5 -729.1666666666667
507.5 -729.1666666666667
506.66666666666663 -727.5
524.1666666666666 -743.3333333333333
504.16666666666663 -717.5
507.49999999999994 -728.3333333333334
506.66666666666663 -727.5
504.99999999999994 -718.3333333333333
524.1666666666666 -743.3333333333333
504.16666666666663 -717.5
506.66666666666663 -727.5
507.5 -729.1666666666667
507.5 -729.1666666666667
507.49999999999994 -728.3333333333334
504.16666666666663 -717.5
507.5 -729.1666666666667
504.16666666666663 -717.5
507.5 -729.1666666666667
506.66666666666663 -727.5
506.66666666666663 -727.5
504.16666666666663 -717.5
507.5 -729.1666666666667
507.49999999999994 -728.3333333333334
506.66666666666663 -727.5
509.1666666666667 -732.5000000000001
507.5 -729.1666666666667
507.5 -729.1666666666667
507.49999999999994 -728.3333333333334
504.16666666666663 -717.5
507.49999999999994 -728.3333333333334
506.66666666666663 -727.5
509.1666666666667 -732.5000000000001
507.49999999999994 -728.3333333333334
504.99999999999994 -718.3333333333333
507.5 -729.1666666666667
504.16666666666663 -717.5
504.16666666666663 -717.5
504.16666666666663 -717.5
504.16666666666663 -717.5
504.16666666666663 -717.5
504.16666666666663 -717.5
506.66666666666663 -727.5
506.66666666666663 -727.5
506.66666666666663 -727.5
506.66666666666663 -727.5
504.16666666666663 -717.5
504.16666666666663 -717.5
504.16666666666663 -717.5
504.99999999999994 -718.3333333333333
507.5 -729.1666666666667
507.49999999999994 -728.3333333333334
506.66666666666663 -727.5
506.66666666666663 -727.5
508.3333333333333 -730.8333333333334
524.1666666666666 -743.3333333333333
504.16666666666663 -717.5
504.16666666666663 -717.5
508.3333333333333 -730.8333333333334
508.3333333333333 -730.8333333333334
510.8333333333333 -734.1666666666667
506.66666666666663 -727.5
507.5 -729.1666666666667
505.0 -720.0
506.66666666666663 -727.5
504.16666666666663 -717.5
504.16666666666663 -717.5
507.5 -729.1666666666667
504.99999999999994 -718.3333333333333
508.3333333333333 -730.8333333333334
507.5 -729.1666666666667
510.0 -733.3333333333335
507.49999999999994 -728.3333333333334
514.1666666666667 -737.5000000000001
515.0 -738.3333333333335
