526.6666666666666 -745.8333333333333
504.16666666666663 -718.3333333333333
504.16666666666663 -718.3333333333333
520.8333333333333 -744.1666666666667
506.66666666666663 -728.3333333333334
505.8333333333333 -720.8333333333334
525.8333333333334 -745.0
511.6666666666667 -735.8333333333335
520.0 -742.5000000000002
519.1666666666666 -742.5
513.3333333333333 -736.6666666666667
506.66666666666663 -728.3333333333334
507.5 -730.0000000000001
505.0 -720.0
514.1666666666666 -737.5000000000001
505.0 -720.0
514.1666666666666 -737.5000000000001
515.8333333333334 -740.0000000000001
508.3333333333333 -730.8333333333334
509.16666666666663 -731.6666666666667
510.8333333333333 -734.1666666666667
505.8333333333333 -720.8333333333334
510.83333333333337 -735.0000000000001
509.1666666666667 -732.5000000000001
510.0 -733.3333333333335
507.5 -730.0000000000001
515.0 -738.3333333333335
516.6666666666667 -740.0000000000002
513.3333333333333 -736.6666666666667
518.3333333333333 -741.6666666666667
515.8333333333333 -739.1666666666667
515.0 -738.3333333333335
510.0 -733.3333333333335
508.3333333333333 -730.8333333333334
518.3333333333333 -741.6666666666667
517.5 -740.8333333333335
525.8333333333334 -745.0
517.5 -740.8333333333335
516.6666666666667 -740.0000000000002
510.83333333333337 -735.0000000000001
509.1666666666667 -732.5000000000001
509.16666666666663 -731.6666666666667
515.8333333333333 -739.1666666666667
510.8333333333333 -734.1666666666667
515.8333333333334 -740.0000000000001
504.16666666666663 -718.3333333333333
506.66666666666663 -728.3333333333334
505.0 -720.0
505.8333333333333 -720.8333333333334
507.5 -730.0000000000001
515.0 -738.3333333333335
510.0 -733.3333333333335
508.3333333333333 -730.8333333333334
518.3333333333333 -741.6666666666667
517.5 -740.8333333333335
525.8333333333334 -745.0
510.83333333333337 -735.0000000000001
509.1666666666667 -732.5000000000001
509.16666666666663 -731.6666666666667
515.8333333333333 -739.1666666666667
510.8333333333333 -734.1666666666667
504.16666666666663 -718.3333333333333
506.66666666666663 -728.3333333333334
505.0 -720.0
505.8333333333333 -720.8333333333334
507.5 -730.0000000000001
515.0 -738.3333333333335
510.0 -733.3333333333335
508.3333333333333 -730.8333333333334
518.3333333333333 -741.6666666666667
517.5 -740.8333333333335
510.83333333333337 -735.0000000000001
509.1666666666667 -732.5000000000001
509.16666666666663 -731.6666666666667
515.8333333333333 -739.1666666666667
510.8333333333333 -734.1666666666667
504.16666666666663 -718.3333333333333
506.66666666666663 -728.3333333333334
505.0 -720.0
505.8333333333333 -720.8333333333334
507.5 -730.0000000000001
515.0 -738.3333333333335
510.0 -733.3333333333335
508.3333333333333 -730.8333333333334
517.5 -740.8333333333335
510.83333333333337 -735.0000000000001
509.1666666666667 -732.5000000000001
509.16666666666663 -731.6666666666667
515.8333333333333 -739.1666666666667
510.8333333333333 -734.1666666666667
504.16666666666663 -718.3333333333333
506.66666666666663 -728.3333333333334
505.0 -720.0
505.8333333333333 -720.8333333333334
507.5 -730.0000000000001
515.8333333333333 -739.1666666666667
510.0 -733.3333333333335
508.3333333333333 -730.8333333333334
515.0 -738.3333333333335
517.5 -740.8333333333335
509.1666666666667 -732.5000000000001
509.16666666666663 -731.6666666666667
510.8333333333333 -734.1666666666667
504.16666666666663 -718.3333333333333
506.66666666666663 -728.3333333333334
505.0 -720.0
505.8333333333333 -720.8333333333334
507.5 -730.0000000000001
515.8333333333333 -739.1666666666667
510.0 -733.3333333333335
508.3333333333333 -730.8333333333334
515.0 -738.3333333333335
517.5 -740.8333333333335
509.1666666666667 -732.5000000000001
509.16666666666663 -731.6666666666667
510.8333333333333 -734.1666666666667
504.16666666666663 -718.3333333333333
506.66666666666663 -728.3333333333334
505.0 -720.0
505.8333333333333 -720.8333333333334
507.5 -730.0000000000001
515.8333333333333 -739.1666666666667
510.0 -733.3333333333335
508.3333333333333 -730.8333333333334
515.0 -738.3333333333335
509.1666666666667 -732.5000000000001
509.16666666666663 -731.6666666666667
510.8333333333333 -734.1666666666667
504.16666666666663 -718.3333333333333
506.66666666666663 -728.3333333333334
505.0 -720.0
505.8333333333333 -720.8333333333334
507.5 -730.0000000000001
515.8333333333333 -739.1666666666667
510.0 -733.3333333333335
508.3333333333333 -730.8333333333334
515.0 -738.3333333333335
509.1666666666667 -732.5000000000001
509.16666666666663 -731.6666666666667
510.8333333333333 -734.1666666666667
504.16666666666663 -718.3333333333333
506.66666666666663 -728.3333333333334
505.0 -720.0
505.8333333333333 -720.8333333333334
507.5 -730.0000000000001
515.8333333333333 -739.1666666666667
510.0 -733.3333333333335
508.3333333333333 -730.8333333333334
515.0 -738.3333333333335
509.1666666666667 -732.5000000000001
509.16666666666663 -731.6666666666667
510.8333333333333 -734.1666666666667
504.16666666666663 -718.3333333333333
506.66666666666663 -728.3333333333334
505.8333333333333 -720.8333333333334
507.5 -730.0000000000001
515.8333333333333 -739.1666666666667
510.0 -733.3333333333335
508.3333333333333 -730.8333333333334
515.0 -738.3333333333335
509.1666666666667 -732.5000000000001
509.16666666666663 -731.6666666666667
510.8333333333333 -734.1666666666667
504.16666666666663 -718.3333333333333
506.66666666666663 -728.3333333333334
505.8333333333333 -720.8333333333334
515.8333333333333 -739.1666666666667
510.0 -733.3333333333335
508.3333333333333 -730.8333333333334
515.0 -738.3333333333335
509.1666666666667 -732.5000000000001
509.16666666666663 -731.6666666666667
510.8333333333333 -734.1666666666667
504.16666666666663 -718.3333333333333
506.66666666666663 -728.3333333333334
505.8333333333333 -720.8333333333334
515.8333333333333 -739.1666666666667
510.0 -733.3333333333335
508.3333333333333 -730.8333333333334
515.0 -738.3333333333335
509.1666666666667 -732.5000000000001
509.16666666666663 -731.6666666666667
510.8333333333333 -734.1666666666667
504.16666666666663 -718.3333333333333
506.66666666666663 -728.3333333333334
505.8333333333333 -720.8333333333334
515.8333333333333 -739.1666666666667
510.0 -733.3333333333335
508.3333333333333 -730.8333333333334
515.0 -738.3333333333335
509.1666666666667 -732.5000000000001
509.16666666666663 -731.6666666666667
510.8333333333333 -734.1666666666667
508.3333333333333 -730.8333333333334
509.1666666666667 -732.5000000000001
510.0 -733.3333333333335
510.0 -733.3333333333335
509.1666666666667 -732.5000000000001
509.1666666666667 -732.5000000000001
508.3333333333333 -730.8333333333334
