504.16666666666663 -718.3333333333333
521.6666666666666 -745.8333333333335
504.16666666666663 -718.3333333333333
508.3333333333333 -733.3333333333335
516.6666666666666 -741.6666666666667
506.66666666666663 -728.3333333333334
505.8333333333333 -723.3333333333334
507.5 -730.0000000000001
505.8333333333333 -723.3333333333334
505.0 -720.0
506.66666666666663 -728.3333333333334
507.5 -730.0000000000001
515.8333333333333 -740.0000000000001
520.8333333333333 -745.0000000000001
515.8333333333333 -740.0000000000001
504.99999999999994 -719.1666666666666
505.0 -720.0
520.8333333333333 -745.0000000000001
515.0 -739.1666666666667
508.3333333333333 -733.3333333333335
515.0 -739.1666666666667
504.99999999999994 -719.1666666666666
504.16666666666663 -718.3333333333333
505.8333333333333 -723.3333333333334
506.66666666666663 -728.3333333333334
507.5 -730.0000000000001
515.8333333333333 -740.0000000000001
505.0 -720.0
515.0 -739.1666666666667
504.16666666666663 -718.3333333333333
505.8333333333333 -723.3333333333334
506.66666666666663 -728.3333333333334
507.5 -730.0000000000001
515.8333333333333 -740.0000000000001
505.0 -720.0
515.0 -739.1666666666667
504.16666666666663 -718.3333333333333
505.8333333333333 -723.3333333333334
506.66666666666663 -728.3333333333334
507.5 -730.0000000000001
505.0 -720.0
515.0 -739.1666666666667
504.16666666666663 -718.3333333333333
506.66666666666663 -728.3333333333334
505.0 -720.0
507.5 -730.0000000000001
515.0 -739.1666666666667
504.16666666666663 -718.3333333333333
506.66666666666663 -728.3333333333334
505.0 -720.0
507.5 -730.0000000000001
504.16666666666663 -718.3333333333333
506.66666666666663 -728.3333333333334
505.0 -720.0
507.5 -730.0000000000001
504.16666666666663 -718.3333333333333
506.66666666666663 -728.3333333333334
505.0 -720.0
507.5 -730.0000000000001
504.16666666666663 -718.3333333333333
506.66666666666663 -728.3333333333334
505.0 -720.0
507.5 -730.0000000000001
504.16666666666663 -718.3333333333333
506.66666666666663 -728.3333333333334
505.0 -720.0
507.5 -730.0000000000001
504.16666666666663 -718.3333333333333
506.66666666666663 -728.3333333333334
505.0 -720.0
507.5 -730.0000000000001
504.16666666666663 -718.3333333333333
506.66666666666663 -728.3333333333334
505.0 -720.0
507.5 -730.0000000000001
504.16666666666663 -718.3333333333333
506.66666666666663 -728.3333333333334
505.0 -720.0
507.5 -730.0000000000001
504.16666666666663 -718.3333333333333
506.66666666666663 -728.3333333333334
505.0 -720.0
507.5 -730.0000000000001
504.16666666666663 -718.3333333333333
506.66666666666663 -728.3333333333334
505.0 -720.0
507.5 -730.0000000000001
504.16666666666663 -718.3333333333333
506.66666666666663 -728.3333333333334
505.0 -720.0
507.5 -730.0000000000001
504.16666666666663 -718.3333333333333
506.66666666666663 -728.3333333333334
505.0 -720.0
507.5 -730.0000000000001
506.66666666666663 -728.3333333333334
507.5 -730.0000000000001
506.66666666666663 -728.3333333333334
504.16666666666663 -718.3333333333333
509.1666666666667 -735.0000000000001
506.66666666666663 -728.3333333333334
504.16666666666663 -718.3333333333333
515.0 -739.1666666666667
505.0 -720.0
505.0 -720.0
506.66666666666663 -728.3333333333334
506.66666666666663 -728.3333333333334
505.8333333333333 -723.3333333333334
507.5 -730.0000000000001
505.0 -720.0
510.0 -735.8333333333335
507.5 -730.0000000000001
506.66666666666663 -728.3333333333334
508.3333333333333 -733.3333333333335
508.3333333333333 -733.3333333333335
516.6666666666666 -741.6666666666667
507.5 -730.0000000000001
507.5 -730.0000000000001
506.66666666666663 -728.3333333333334
512.5 -738.3333333333335
506.66666666666663 -728.3333333333334
515.0 -739.1666666666667
504.16666666666663 -718.3333333333333
507.5 -730.0000000000001
505.0 -720.0
504.16666666666663 -718.3333333333333
507.5 -730.0000000000001
505.0 -720.0
505.0 -720.0
504.16666666666663 -718.3333333333333
504.16666666666663 -718.3333333333333
508.3333333333333 -733.3333333333335
507.5 -730.0000000000001
505.0 -720.0
503.3333333333333 -714.1666666666666
507.5 -730.0000000000001
504.16666666666663 -718.3333333333333
511.66666666666663 -736.6666666666667
506.66666666666663 -728.3333333333334
506.66666666666663 -728.3333333333334
504.16666666666663 -718.3333333333333
508.3333333333333 -733.3333333333335
505.0 -720.0
505.0 -720.0
504.16666666666663 -718.3333333333333
507.5 -730.0000000000001
508.3333333333333 -733.3333333333335
505.8333333333333 -723.3333333333334
516.6666666666666 -741.6666666666667
510.0 -735.8333333333335
507.5 -730.0000000000001
505.0 -720.0
504.16666666666663 -718.3333333333333
521.6666666666666 -745.8333333333335
506.66666666666663 -728.3333333333334
521.6666666666666 -745.8333333333335
515.8333333333333 -740.0000000000001
510.0 -735.8333333333335
515.8333333333333 -740.0000000000001
520.8333333333333 -745.0000000000001
505.0 -720.0
506.66666666666663 -728.3333333333334
506.66666666666663 -728.3333333333334
508.3333333333333 -733.3333333333335
504.16666666666663 -718.3333333333333
505.0 -720.0
507.5 -730.0000000000001
504.16666666666663 -718.3333333333333
518.3333333333333 -744.1666666666667
521.6666666666666 -745.8333333333335
505.0 -720.0
506.66666666666663 -728.3333333333334
506.66666666666663 -728.3333333333334
506.66666666666663 -728.3333333333334
505.0 -720.0
506.66666666666663 -728.3333333333334
509.1666666666667 -735.0000000000001
510.0 -735.8333333333335
509.1666666666667 -735.0000000000001
506.66666666666663 -728.3333333333334
504.16666666666663 -718.3333333333333
504.16666666666663 -718.3333333333333
507.5 -730.0000000000001
504.16666666666663 -718.3333333333333
504.16666666666663 -718.3333333333333
504.16666666666663 -718.3333333333333
517.5 -743.3333333333335
508.3333333333333 -733.3333333333335
507.5 -730.0000000000001
505.8333333333333 -723.3333333333334
506.66666666666663 -728.3333333333334
506.66666666666663 -728.3333333333334
516.6666666666666 -741.6666666666667
508.3333333333333 -733.3333333333335
