513.3333333333333 -747.5000000000002
505.8333333333333 -731.6666666666667
504.16666666666663 -726.6666666666667
507.49999999999994 -735.0000000000001
521.6666666666666 -754.1666666666669
506.66666666666663 -734.1666666666669
506.66666666666663 -734.1666666666669
506.66666666666663 -734.1666666666669
506.66666666666663 -734.1666666666669
506.66666666666663 -734.1666666666669
520.8333333333333 -753.3333333333336
504.16666666666663 -726.6666666666667
521.6666666666666 -754.1666666666669
520.8333333333333 -753.3333333333336
505.0 -728.3333333333335
519.9999999999999 -752.5000000000002
505.8333333333333 -731.6666666666667
520.8333333333333 -753.3333333333336
520.8333333333333 -753.3333333333336
504.16666666666663 -726.6666666666667
515.0 -748.3333333333335
519.9999999999999 -752.5000000000002
506.66666666666663 -734.1666666666669
517.5 -751.6666666666669
506.66666666666663 -734.1666666666669
511.66666666666663 -745.8333333333335
503.3333333333333 -722.5
515.0 -748.3333333333335
513.3333333333333 -747.5000000000002
510.8333333333333 -745.0000000000002
505.8333333333333 -731.6666666666667
513.3333333333333 -747.5000000000002
507.5 -735.8333333333335
515.0 -748.3333333333335
515.0 -748.3333333333335
515.0 -748.3333333333335
510.0 -744.166666666667
506.66666666666663 -734.1666666666669
517.5 -751.6666666666669
515.0 -748.3333333333335
512.5 -746.666666666667
515.0 -748.3333333333335
510.8333333333333 -745.0000000000002
506.66666666666663 -734.1666666666669
521.6666666666666 -754.1666666666669
510.0 -744.166666666667
505.8333333333333 -731.6666666666667
513.3333333333333 -747.5000000000002
515.0 -748.3333333333335
512.5 -746.666666666667
510.0 -744.166666666667
508.3333333333333 -740.0000000000001
506.66666666666663 -734.1666666666669
509.99999999999994 -743.3333333333335
522.4999999999999 -755.0000000000002
508.3333333333333 -740.0000000000001
517.5 -751.6666666666669
521.6666666666666 -754.1666666666669
520.8333333333333 -753.3333333333336
511.66666666666663 -745.8333333333335
508.3333333333333 -740.0000000000001
515.0 -748.3333333333335
512.5 -746.666666666667
508.3333333333333 -740.0000000000001
506.66666666666663 -734.1666666666669
515.0 -748.3333333333335
511.66666666666663 -745.8333333333335
516.6666666666666 -750.8333333333335
509.99999999999994 -743.3333333333335
508.3333333333333 -740.0000000000001
511.66666666666663 -745.8333333333335
517.5 -751.6666666666669
515.0 -748.3333333333335
520.8333333333333 -753.3333333333336
515.0 -748.3333333333335
508.3333333333333 -740.0000000000001
510.0 -744.166666666667
512.5 -746.666666666667
510.0 -744.166666666667
509.16666666666663 -742.5000000000002
509.16666666666663 -742.5000000000002
516.6666666666666 -750.8333333333335
509.16666666666663 -742.5000000000002
515.8333333333333 -750.0000000000002
517.5 -751.6666666666669
511.66666666666663 -745.8333333333335
516.6666666666666 -750.8333333333335
510.0 -744.166666666667
517.5 -751.6666666666669
509.16666666666663 -742.5000000000002
517.5 -751.6666666666669
520.8333333333333 -753.3333333333336
519.9999999999999 -752.5000000000002
517.5 -751.6666666666669
510.0 -744.166666666667
510.8333333333333 -745.0000000000002
509.99999999999994 -743.3333333333335
510.0 -744.166666666667
515.0 -748.3333333333335
510.8333333333333 -745.0000000000002
511.66666666666663 -745.8333333333335
