503.3333333333333 -722.5
509.16666666666663 -745.8333333333336
505.8333333333333 -732.5000000000001
508.3333333333333 -742.5000000000001
518.3333333333333 -755.0000000000002
504.16666666666663 -726.6666666666667
505.0 -728.3333333333335
508.3333333333333 -742.5000000000001
517.5 -754.166666666667
504.16666666666663 -726.6666666666667
505.0 -728.3333333333335
506.66666666666663 -734.1666666666669
506.66666666666663 -734.1666666666669
518.3333333333333 -755.0000000000002
517.5 -754.166666666667
508.3333333333333 -742.5000000000001
504.16666666666663 -726.6666666666667
505.0 -728.3333333333335
506.66666666666663 -734.1666666666669
508.3333333333333 -742.5000000000001
504.16666666666663 -726.6666666666667
506.66666666666663 -734.1666666666669
504.16666666666663 -726.6666666666667
506.66666666666663 -734.1666666666669
504.16666666666663 -726.6666666666667
506.66666666666663 -734.1666666666669
506.66666666666663 -734.1666666666669
506.66666666666663 -734.1666666666669
506.66666666666663 -734.1666666666669
506.66666666666663 -734.1666666666669
506.66666666666663 -734.1666666666669
506.66666666666663 -734.1666666666669
506.66666666666663 -734.1666666666669
506.66666666666663 -734.1666666666669
506.66666666666663 -734.1666666666669
506.66666666666663 -734.1666666666669
506.66666666666663 -734.1666666666669
506.66666666666663 -734.1666666666669
506.66666666666663 -734.1666666666669
506.66666666666663 -734.1666666666669
506.66666666666663 -734.1666666666669
506.66666666666663 -734.1666666666669
506.66666666666663 -734.1666666666669
506.66666666666663 -734.1666666666669
506.66666666666663 -734.1666666666669
506.66666666666663 -734.1666666666669
506.66666666666663 -734.1666666666669
506.66666666666663 -734.1666666666669
506.66666666666663 -734.1666666666669
506.66666666666663 -734.1666666666669
515.8333333333333 -753.3333333333336
508.3333333333333 -742.5000000000001
506.66666666666663 -734.1666666666669
505.0 -728.3333333333335
506.66666666666663 -734.1666666666669
504.16666666666663 -726.6666666666667
506.66666666666663 -734.1666666666669
506.66666666666663 -734.1666666666669
506.66666666666663 -734.1666666666669
510.8333333333333 -747.5000000000003
506.66666666666663 -734.1666666666669
506.66666666666663 -734.1666666666669
506.66666666666663 -734.1666666666669
506.66666666666663 -734.1666666666669
510.8333333333333 -747.5000000000003
508.3333333333333 -742.5000000000001
513.3333333333333 -750.0000000000003
506.66666666666663 -734.1666666666669
506.66666666666663 -734.1666666666669
518.3333333333333 -755.0000000000002
518.3333333333334 -755.8333333333336
506.66666666666663 -734.1666666666669
509.16666666666663 -745.8333333333336
504.16666666666663 -726.6666666666667
506.66666666666663 -734.1666666666669
506.66666666666663 -734.1666666666669
509.99999999999994 -745.8333333333337
506.66666666666663 -734.1666666666669
517.5 -754.166666666667
505.0 -728.3333333333335
510.8333333333333 -747.5000000000003
512.5 -750.0000000000002
518.3333333333333 -755.0000000000002
507.49999999999994 -737.5000000000002
506.66666666666663 -734.1666666666669
506.66666666666663 -734.1666666666669
506.66666666666663 -734.1666666666669
506.66666666666663 -734.1666666666669
514.1666666666666 -750.8333333333336
