503.3333333333333 -722.5
509.16666666666663 -745.8333333333336
505.8333333333333 -732.5000000000001
504.16666666666663 -726.6666666666667
505.0 -728.3333333333335
504.16666666666663 -726.6666666666667
505.0 -728.3333333333335
504.16666666666663 -726.6666666666667
505.0 -728.3333333333335
504.16666666666663 -726.6666666666667
504.16666666666663 -726.6666666666667
504.16666666666663 -726.6666666666667
515.8333333333333 -753.3333333333336
505.0 -728.3333333333335
504.16666666666663 -726.6666666666667
510.8333333333333 -747.5000000000003
510.8333333333333 -747.5000000000003
513.3333333333333 -750.0000000000003
518.3333333333334 -755.8333333333336
509.16666666666663 -745.8333333333336
504.16666666666663 -726.6666666666667
505.0 -728.3333333333335
510.8333333333333 -747.5000000000003
512.5 -750.0000000000002
509.99999999999994 -746.666666666667
517.5 -755.0000000000002
512.5 -750.0000000000002
510.8333333333333 -747.5000000000003
511.66666666666663 -749.166666666667
513.3333333333333 -750.0000000000003
504.16666666666663 -726.6666666666667
515.0 -751.666666666667
504.16666666666663 -726.6666666666667
509.16666666666663 -745.8333333333336
512.5 -750.0000000000002
506.66666666666663 -739.1666666666669
512.5 -750.0000000000002
509.16666666666663 -745.8333333333336
515.8333333333333 -753.3333333333336
509.99999999999994 -746.666666666667
513.3333333333334 -750.8333333333337
507.49999999999994 -742.5000000000002
504.16666666666663 -726.6666666666667
511.66666666666663 -749.166666666667
505.0 -728.3333333333335
