508.3333333333333 -748.3333333333336
504.99999999999994 -732.5000000000001
508.3333333333333 -748.3333333333336
510.8333333333333 -751.666666666667
508.3333333333333 -748.3333333333336
508.3333333333333 -748.3333333333336
505.8333333333333 -743.3333333333336
508.3333333333333 -748.3333333333336
510.8333333333333 -751.666666666667
508.3333333333333 -748.3333333333336
503.3333333333333 -725.8333333333334
508.3333333333333 -748.3333333333336
508.3333333333333 -748.3333333333336
504.99999999999994 -732.5000000000001
508.3333333333333 -748.3333333333336
508.3333333333333 -748.3333333333336
518.3333333333333 -760.0000000000002
510.8333333333333 -751.666666666667
515.8333333333333 -756.666666666667
508.3333333333333 -748.3333333333336
509.1666666666667 -750.0000000000002
510.8333333333333 -751.666666666667
515.8333333333333 -756.666666666667
515.8333333333333 -756.666666666667
508.3333333333333 -748.3333333333336
508.3333333333333 -748.3333333333336
504.99999999999994 -732.5000000000001
508.3333333333333 -748.3333333333336
508.3333333333333 -748.3333333333336
505.8333333333333 -743.3333333333336
510.8333333333333 -751.666666666667
509.1666666666667 -750.0000000000002
505.8333333333333 -743.3333333333336
508.3333333333333 -748.3333333333336
505.8333333333333 -743.3333333333336
517.5 -759.166666666667
510.8333333333333 -751.666666666667
515.8333333333333 -756.666666666667
510.8333333333333 -751.666666666667
510.8333333333333 -751.666666666667
508.3333333333333 -748.3333333333336
508.3333333333333 -748.3333333333336
509.1666666666667 -750.0000000000002
509.1666666666667 -750.0000000000002
510.0 -750.8333333333336
508.3333333333333 -748.3333333333336
515.8333333333333 -756.666666666667
506.6666666666667 -745.0000000000002
508.3333333333333 -748.3333333333336
509.1666666666667 -750.0000000000002
508.3333333333333 -748.3333333333336
508.3333333333333 -748.3333333333336
508.3333333333333 -748.3333333333336
508.3333333333333 -748.3333333333336
509.1666666666667 -750.0000000000002
511.6666666666667 -752.5000000000002
508.3333333333333 -748.3333333333336
510.8333333333333 -751.666666666667
515.8333333333333 -756.666666666667
515.8333333333333 -756.666666666667
509.1666666666667 -750.0000000000002
509.1666666666667 -750.0000000000002
508.3333333333333 -748.3333333333336
509.1666666666667 -750.0000000000002
513.3333333333333 -755.0000000000002
508.3333333333333 -748.3333333333336
507.5 -745.8333333333336
508.3333333333333 -748.3333333333336
518.3333333333333 -760.0000000000002
510.8333333333333 -751.666666666667
516.6666666666667 -757.5000000000002
508.3333333333333 -748.3333333333336
510.8333333333333 -751.666666666667
506.6666666666667 -745.0000000000002
510.8333333333333 -751.666666666667
508.3333333333333 -748.3333333333336
509.1666666666667 -750.0000000000002
518.3333333333333 -760.0000000000002
511.6666666666667 -752.5000000000002
515.0 -755.8333333333336
511.6666666666667 -752.5000000000002
508.3333333333333 -748.3333333333336
505.8333333333333 -743.3333333333336
508.3333333333333 -748.3333333333336
508.3333333333333 -748.3333333333336
515.8333333333333 -756.666666666667
504.99999999999994 -732.5000000000001
508.3333333333333 -748.3333333333336
515.0 -755.8333333333336
509.1666666666667 -750.0000000000002
511.6666666666667 -752.5000000000002
509.1666666666667 -750.0000000000002
507.5 -745.8333333333336
504.16666666666663 -729.1666666666669
510.8333333333333 -751.666666666667
505.8333333333333 -743.3333333333336
508.3333333333333 -748.3333333333336
506.6666666666667 -745.0000000000002
508.3333333333333 -748.3333333333336
509.1666666666667 -750.0000000000002
