504.99999999999994 -732.5000000000001
505.8333333333333 -743.3333333333336
503.3333333333333 -725.8333333333334
504.99999999999994 -732.5000000000001
504.99999999999994 -732.5000000000001
505.8333333333333 -743.3333333333336
505.8333333333333 -743.3333333333336
505.8333333333333 -743.3333333333336
517.5 -759.166666666667
506.6666666666667 -745.0000000000002
513.3333333333333 -755.0000000000002
507.5 -745.8333333333336
506.6666666666667 -745.0000000000002
515.0 -755.8333333333336
505.8333333333333 -743.3333333333336
504.99999999999994 -732.5000000000001
515.0 -755.8333333333336
507.5 -745.8333333333336
504.16666666666663 -729.1666666666669
505.8333333333333 -743.3333333333336
506.6666666666667 -745.0000000000002
508.33333333333326 -752.5000000000002
513.3333333333333 -755.0000000000002
515.8333333333333 -757.5000000000002
513.3333333333333 -755.0000000000002
505.8333333333333 -743.3333333333336
510.8333333333333 -752.5000000000003
505.8333333333333 -743.3333333333336
505.8333333333333 -743.3333333333336
506.6666666666667 -745.0000000000002
515.0 -755.8333333333336
515.0 -755.8333333333336
505.8333333333333 -743.3333333333336
505.8333333333333 -743.3333333333336
505.8333333333333 -743.3333333333336
515.0 -755.8333333333336
515.0 -755.8333333333336
505.8333333333333 -743.3333333333336
506.6666666666667 -745.0000000000002
513.3333333333333 -755.0000000000002
515.0 -755.8333333333336
506.6666666666667 -745.0000000000002
505.8333333333333 -743.3333333333336
505.8333333333333 -743.3333333333336
507.5 -745.8333333333336
515.0 -755.8333333333336
510.8333333333333 -752.5000000000003
515.0 -755.8333333333336
504.99999999999994 -732.5000000000001
505.8333333333333 -743.3333333333336
505.8333333333333 -743.3333333333336
518.3333333333333 -760.8333333333336
510.8333333333333 -752.5000000000003
513.3333333333333 -755.0000000000002
505.8333333333333 -743.3333333333336
