503.3333333333333 -733.3333333333335
516.6666666666666 -762.5000000000002
516.6666666666666 -762.5000000000002
504.16666666666663 -737.5000000000002
504.99999999999994 -745.0000000000001
513.3333333333333 -759.1666666666669
508.33333333333326 -753.3333333333336
505.83333333333326 -748.3333333333335
504.99999999999994 -745.0000000000001
511.66666666666663 -757.5000000000002
511.66666666666663 -757.5000000000002
505.83333333333326 -748.3333333333335
506.66666666666663 -750.0000000000002
509.16666666666663 -755.0000000000001
515.0 -760.8333333333335
515.8333333333333 -761.666666666667
509.16666666666663 -755.0000000000001
514.1666666666666 -760.0000000000001
510.83333333333326 -756.666666666667
510.0 -755.8333333333336
506.66666666666663 -750.0000000000002
514.1666666666666 -760.0000000000001
515.0 -760.8333333333335
510.83333333333326 -756.666666666667
515.8333333333333 -761.666666666667
507.5 -750.8333333333336
509.99999999999994 -755.8333333333335
507.49999999999994 -750.8333333333335
507.5 -750.8333333333336
509.99999999999994 -755.8333333333335
507.49999999999994 -750.8333333333335
516.6666666666666 -762.5000000000002
504.99999999999994 -745.0000000000001
511.66666666666663 -757.5000000000002
505.83333333333326 -748.3333333333335
509.16666666666663 -755.0000000000001
506.66666666666663 -750.0000000000002
514.1666666666666 -760.0000000000001
509.99999999999994 -755.8333333333335
510.83333333333326 -756.666666666667
515.0 -760.8333333333335
515.8333333333333 -761.666666666667
507.49999999999994 -750.8333333333335
516.6666666666666 -762.5000000000002
505.83333333333326 -748.3333333333335
511.66666666666663 -757.5000000000002
514.1666666666666 -760.0000000000001
509.16666666666663 -755.0000000000001
506.66666666666663 -750.0000000000002
509.99999999999994 -755.8333333333335
510.83333333333326 -756.666666666667
515.0 -760.8333333333335
515.8333333333333 -761.666666666667
507.49999999999994 -750.8333333333335
516.6666666666666 -762.5000000000002
505.83333333333326 -748.3333333333335
511.66666666666663 -757.5000000000002
514.1666666666666 -760.0000000000001
509.16666666666663 -755.0000000000001
506.66666666666663 -750.0000000000002
509.99999999999994 -755.8333333333335
510.83333333333326 -756.666666666667
507.49999999999994 -750.8333333333335
515.0 -760.8333333333335
515.8333333333333 -761.666666666667
509.16666666666663 -755.0000000000001
505.83333333333326 -748.3333333333335
509.16666666666663 -755.0000000000001
510.83333333333326 -756.666666666667
505.83333333333326 -748.3333333333335
505.83333333333326 -748.3333333333335
505.83333333333326 -748.3333333333335
509.16666666666663 -755.0000000000001
506.66666666666663 -750.0000000000002
510.83333333333326 -756.666666666667
511.66666666666663 -757.5000000000002
509.16666666666663 -755.0000000000001
509.99999999999994 -755.8333333333335
505.83333333333326 -748.3333333333335
511.66666666666663 -757.5000000000002
509.16666666666663 -755.0000000000001
505.83333333333326 -748.3333333333335
509.99999999999994 -755.8333333333335
509.16666666666663 -755.0000000000001
514.1666666666666 -760.0000000000001
510.83333333333326 -756.666666666667
509.99999999999994 -755.8333333333335
509.99999999999994 -755.8333333333335
509.99999999999994 -755.8333333333335
505.83333333333326 -748.3333333333335
509.16666666666663 -755.0000000000001
510.83333333333326 -756.666666666667
509.99999999999994 -755.8333333333335
507.49999999999994 -750.8333333333335
509.99999999999994 -755.8333333333335
511.66666666666663 -757.5000000000002
515.0 -760.8333333333335
509.99999999999994 -755.8333333333335
509.99999999999994 -755.8333333333335
511.66666666666663 -757.5000000000002
509.99999999999994 -755.8333333333335
515.8333333333333 -761.666666666667
510.83333333333326 -756.666666666667
505.83333333333326 -748.3333333333335
510.83333333333326 -756.666666666667
505.83333333333326 -748.3333333333335
506.66666666666663 -750.0000000000002
511.66666666666663 -757.5000000000002
514.1666666666666 -760.0000000000001
511.66666666666663 -757.5000000000002
511.66666666666663 -757.5000000000002
510.83333333333326 -756.666666666667
510.83333333333326 -756.666666666667
515.0 -760.8333333333335
509.16666666666663 -755.0000000000001
515.8333333333333 -761.666666666667
516.6666666666666 -762.5000000000002
507.49999999999994 -750.8333333333335
505.83333333333326 -748.3333333333335
515.0 -760.8333333333335
511.66666666666663 -757.5000000000002
515.8333333333333 -761.666666666667
515.8333333333333 -761.666666666667
515.8333333333333 -761.666666666667
506.66666666666663 -750.0000000000002
510.83333333333326 -756.666666666667
505.83333333333326 -748.3333333333335
515.8333333333333 -761.666666666667
516.6666666666666 -762.5000000000002
515.8333333333333 -761.666666666667
510.83333333333326 -756.666666666667
510.83333333333326 -756.666666666667
509.16666666666663 -755.0000000000001
505.83333333333326 -748.3333333333335
505.83333333333326 -748.3333333333335
515.8333333333333 -761.666666666667
509.99999999999994 -755.8333333333335
505.83333333333326 -748.3333333333335
505.83333333333326 -748.3333333333335
515.0 -760.8333333333335
510.83333333333326 -756.666666666667
516.6666666666666 -762.5000000000002
507.49999999999994 -750.8333333333335
509.16666666666663 -755.0000000000001
509.16666666666663 -755.0000000000001
510.83333333333326 -756.666666666667
515.0 -760.8333333333335
510.83333333333326 -756.666666666667
509.99999999999994 -755.8333333333335
505.83333333333326 -748.3333333333335
510.83333333333326 -756.666666666667
505.83333333333326 -748.3333333333335
516.6666666666666 -762.5000000000002
510.83333333333326 -756.666666666667
515.0 -760.8333333333335
515.8333333333333 -761.666666666667
510.83333333333326 -756.666666666667
511.66666666666663 -757.5000000000002
515.8333333333333 -761.666666666667
510.83333333333326 -756.666666666667
505.83333333333326 -748.3333333333335
514.1666666666666 -760.0000000000001
505.83333333333326 -748.3333333333335
509.16666666666663 -755.0000000000001
515.8333333333333 -761.666666666667
505.83333333333326 -748.3333333333335
510.83333333333326 -756.666666666667
505.83333333333326 -748.3333333333335
511.66666666666663 -757.5000000000002
505.83333333333326 -748.3333333333335
511.66666666666663 -757.5000000000002
505.83333333333326 -748.3333333333335
505.83333333333326 -748.3333333333335
505.83333333333326 -748.3333333333335
511.66666666666663 -757.5000000000002
510.83333333333326 -756.666666666667
509.99999999999994 -755.8333333333335
511.66666666666663 -757.5000000000002
509.16666666666663 -755.0000000000001
509.16666666666663 -755.0000000000001
510.83333333333326 -756.666666666667
509.16666666666663 -755.0000000000001
509.99999999999994 -755.8333333333335
510.83333333333326 -756.666666666667
510.83333333333326 -756.666666666667
510.83333333333326 -756.666666666667
510.83333333333326 -756.666666666667
511.66666666666663 -757.5000000000002
509.16666666666663 -755.0000000000001
511.66666666666663 -757.5000000000002
509.16666666666663 -755.0000000000001
505.83333333333326 -748.3333333333335
505.83333333333326 -748.3333333333335
511.66666666666663 -757.5000000000002
510.83333333333326 -756.666666666667
507.49999999999994 -750.8333333333335
505.83333333333326 -748.3333333333335
515.8333333333333 -761.666666666667
506.66666666666663 -750.0000000000002
511.66666666666663 -757.5000000000002
