515.8333333333333 -765.0000000000002
515.8333333333333 -765.0000000000002
508.33333333333326 -756.6666666666669
507.49999999999994 -754.1666666666669
506.66666666666663 -753.3333333333335
507.49999999999994 -754.1666666666669
506.66666666666663 -753.3333333333335
507.49999999999994 -754.1666666666669
507.49999999999994 -754.1666666666669
507.49999999999994 -754.1666666666669
506.66666666666663 -753.3333333333335
507.49999999999994 -754.1666666666669
507.49999999999994 -754.1666666666669
509.16666666666663 -759.1666666666669
515.8333333333333 -765.0000000000002
503.3333333333333 -734.1666666666667
506.66666666666663 -753.3333333333335
507.49999999999994 -754.1666666666669
504.99999999999994 -745.8333333333335
507.49999999999994 -754.1666666666669
507.49999999999994 -754.1666666666669
505.83333333333326 -752.5000000000002
506.66666666666663 -753.3333333333335
507.49999999999994 -754.1666666666669
507.49999999999994 -754.1666666666669
508.33333333333326 -756.6666666666669
504.16666666666663 -740.0000000000002
503.3333333333333 -734.1666666666667
515.8333333333333 -765.0000000000002
507.49999999999994 -754.1666666666669
514.1666666666666 -764.1666666666669
505.83333333333326 -752.5000000000002
510.83333333333326 -760.8333333333335
507.49999999999994 -754.1666666666669
507.49999999999994 -754.1666666666669
505.83333333333326 -752.5000000000002
510.83333333333326 -760.8333333333335
507.49999999999994 -754.1666666666669
506.66666666666663 -753.3333333333335
506.66666666666663 -753.3333333333335
507.49999999999994 -754.1666666666669
507.49999999999994 -754.1666666666669
