503.3333333333333 -734.1666666666667
503.3333333333333 -734.1666666666667
504.16666666666663 -740.8333333333335
503.3333333333333 -734.1666666666667
503.3333333333333 -734.1666666666667
504.16666666666663 -740.8333333333335
504.16666666666663 -740.8333333333335
504.16666666666663 -740.8333333333335
504.16666666666663 -740.8333333333335
504.16666666666663 -740.8333333333335
515.0 -765.8333333333336
514.1666666666666 -765.0000000000002
515.8333333333333 -766.6666666666669
514.1666666666666 -765.0000000000002
515.8333333333333 -766.6666666666669
514.1666666666666 -765.0000000000002
514.1666666666666 -765.0000000000002
514.1666666666666 -765.0000000000002
513.3333333333333 -764.1666666666669
515.0 -765.8333333333336
515.8333333333333 -766.6666666666669
515.0 -765.8333333333336
508.33333333333326 -760.0000000000002
507.49999999999994 -758.3333333333336
514.1666666666666 -765.0000000000002
507.49999999999994 -758.3333333333336
514.1666666666666 -765.0000000000002
505.83333333333326 -755.8333333333336
515.8333333333333 -766.6666666666669
506.66666666666663 -757.5000000000002
515.8333333333333 -766.6666666666669
504.99999999999994 -748.3333333333335
514.1666666666666 -765.0000000000002
514.1666666666666 -765.0000000000002
515.0 -765.8333333333336
515.8333333333333 -766.6666666666669
514.1666666666666 -765.0000000000002
514.1666666666666 -765.0000000000002
515.0 -765.8333333333336
514.1666666666666 -765.0000000000002
515.0 -765.8333333333336
506.66666666666663 -757.5000000000002
505.83333333333326 -755.8333333333336
515.0 -765.8333333333336
515.8333333333333 -766.6666666666669
514.1666666666666 -765.0000000000002
515.8333333333333 -766.6666666666669
514.1666666666666 -765.0000000000002
515.0 -765.8333333333336
514.1666666666666 -765.0000000000002
514.1666666666666 -765.0000000000002
515.8333333333333 -766.6666666666669
504.16666666666663 -740.8333333333335
515.8333333333333 -766.6666666666669
514.1666666666666 -765.0000000000002
515.0 -765.8333333333336
515.8333333333333 -766.6666666666669
506.66666666666663 -757.5000000000002
513.3333333333333 -764.1666666666669
515.8333333333333 -766.6666666666669
514.1666666666666 -765.0000000000002
509.16666666666663 -761.6666666666669
513.3333333333333 -764.1666666666669
507.49999999999994 -758.3333333333336
515.8333333333333 -766.6666666666669
515.8333333333333 -766.6666666666669
514.1666666666666 -765.0000000000002
511.66666666666663 -762.5000000000002
515.0 -765.8333333333336
511.66666666666663 -762.5000000000002
514.1666666666666 -765.0000000000002
515.0 -765.8333333333336
514.1666666666666 -765.0000000000002
