503.3333333333333 -734.1666666666667
515.8333333333333 -769.1666666666669
503.3333333333333 -734.1666666666667
515.8333333333333 -769.1666666666669
504.16666666666663 -740.8333333333336
504.99999999999994 -749.1666666666669
505.83333333333326 -755.8333333333336
504.16666666666663 -740.8333333333336
504.99999999999994 -749.1666666666669
511.66666666666663 -765.0000000000002
513.3333333333333 -765.8333333333336
508.33333333333326 -760.8333333333336
507.49999999999994 -758.3333333333336
514.1666666666666 -767.5000000000002
505.83333333333326 -755.8333333333336
508.33333333333326 -760.8333333333336
509.16666666666663 -762.5000000000002
506.66666666666663 -757.5000000000002
514.1666666666666 -767.5000000000002
506.66666666666663 -757.5000000000002
509.16666666666663 -762.5000000000002
513.3333333333333 -765.8333333333336
515.0 -768.3333333333336
510.83333333333326 -764.1666666666669
510.83333333333326 -764.1666666666669
507.49999999999994 -758.3333333333336
509.99999999999994 -763.3333333333336
509.99999999999994 -763.3333333333336
515.0 -768.3333333333336
503.3333333333333 -734.1666666666667
515.8333333333333 -769.1666666666669
504.99999999999994 -749.1666666666669
513.3333333333333 -765.8333333333336
510.83333333333326 -764.1666666666669
505.83333333333326 -755.8333333333336
508.33333333333326 -760.8333333333336
514.1666666666666 -767.5000000000002
506.66666666666663 -757.5000000000002
509.16666666666663 -762.5000000000002
507.49999999999994 -758.3333333333336
509.99999999999994 -763.3333333333336
515.0 -768.3333333333336
503.3333333333333 -734.1666666666667
515.8333333333333 -769.1666666666669
513.3333333333333 -765.8333333333336
510.83333333333326 -764.1666666666669
505.83333333333326 -755.8333333333336
508.33333333333326 -760.8333333333336
514.1666666666666 -767.5000000000002
506.66666666666663 -757.5000000000002
509.16666666666663 -762.5000000000002
507.49999999999994 -758.3333333333336
509.99999999999994 -763.3333333333336
515.0 -768.3333333333336
503.3333333333333 -734.1666666666667
515.8333333333333 -769.1666666666669
513.3333333333333 -765.8333333333336
510.83333333333326 -764.1666666666669
505.83333333333326 -755.8333333333336
508.33333333333326 -760.8333333333336
514.1666666666666 -767.5000000000002
506.66666666666663 -757.5000000000002
509.16666666666663 -762.5000000000002
507.49999999999994 -758.3333333333336
509.99999999999994 -763.3333333333336
515.0 -768.3333333333336
503.3333333333333 -734.1666666666667
515.8333333333333 -769.1666666666669
513.3333333333333 -765.8333333333336
510.83333333333326 -764.1666666666669
505.83333333333326 -755.8333333333336
508.33333333333326 -760.8333333333336
514.1666666666666 -767.5000000000002
506.66666666666663 -757.5000000000002
509.16666666666663 -762.5000000000002
507.49999999999994 -758.3333333333336
509.99999999999994 -763.3333333333336
515.0 -768.3333333333336
503.3333333333333 -734.1666666666667
515.8333333333333 -769.1666666666669
513.3333333333333 -765.8333333333336
510.83333333333326 -764.1666666666669
505.83333333333326 -755.8333333333336
508.33333333333326 -760.8333333333336
514.1666666666666 -767.5000000000002
506.66666666666663 -757.5000000000002
509.16666666666663 -762.5000000000002
507.49999999999994 -758.3333333333336
509.99999999999994 -763.3333333333336
515.0 -768.3333333333336
515.8333333333333 -769.1666666666669
513.3333333333333 -765.8333333333336
510.83333333333326 -764.1666666666669
505.83333333333326 -755.8333333333336
508.33333333333326 -760.8333333333336
514.1666666666666 -767.5000000000002
506.66666666666663 -757.5000000000002
509.16666666666663 -762.5000000000002
507.49999999999994 -758.3333333333336
509.99999999999994 -763.3333333333336
515.0 -768.3333333333336
515.8333333333333 -769.1666666666669
513.3333333333333 -765.8333333333336
510.83333333333326 -764.1666666666669
505.83333333333326 -755.8333333333336
508.33333333333326 -760.8333333333336
514.1666666666666 -767.5000000000002
509.16666666666663 -762.5000000000002
506.66666666666663 -757.5000000000002
507.49999999999994 -758.3333333333336
509.99999999999994 -763.3333333333336
515.0 -768.3333333333336
515.8333333333333 -769.1666666666669
513.3333333333333 -765.8333333333336
510.83333333333326 -764.1666666666669
505.83333333333326 -755.8333333333336
508.33333333333326 -760.8333333333336
514.1666666666666 -767.5000000000002
506.66666666666663 -757.5000000000002
509.16666666666663 -762.5000000000002
507.49999999999994 -758.3333333333336
509.99999999999994 -763.3333333333336
515.0 -768.3333333333336
515.8333333333333 -769.1666666666669
513.3333333333333 -765.8333333333336
510.83333333333326 -764.1666666666669
505.83333333333326 -755.8333333333336
508.33333333333326 -760.8333333333336
514.1666666666666 -767.5000000000002
506.66666666666663 -757.5000000000002
509.16666666666663 -762.5000000000002
507.49999999999994 -758.3333333333336
509.99999999999994 -763.3333333333336
515.0 -768.3333333333336
515.8333333333333 -769.1666666666669
513.3333333333333 -765.8333333333336
510.83333333333326 -764.1666666666669
505.83333333333326 -755.8333333333336
508.33333333333326 -760.8333333333336
514.1666666666666 -767.5000000000002
506.66666666666663 -757.5000000000002
509.16666666666663 -762.5000000000002
507.49999999999994 -758.3333333333336
509.99999999999994 -763.3333333333336
515.0 -768.3333333333336
515.8333333333333 -769.1666666666669
513.3333333333333 -765.8333333333336
510.83333333333326 -764.1666666666669
505.83333333333326 -755.8333333333336
508.33333333333326 -760.8333333333336
514.1666666666666 -767.5000000000002
506.66666666666663 -757.5000000000002
509.16666666666663 -762.5000000000002
507.49999999999994 -758.3333333333336
509.99999999999994 -763.3333333333336
515.0 -768.3333333333336
515.8333333333333 -769.1666666666669
513.3333333333333 -765.8333333333336
510.83333333333326 -764.1666666666669
505.83333333333326 -755.8333333333336
508.33333333333326 -760.8333333333336
514.1666666666666 -767.5000000000002
509.16666666666663 -762.5000000000002
506.66666666666663 -757.5000000000002
507.49999999999994 -758.3333333333336
509.99999999999994 -763.3333333333336
515.0 -768.3333333333336
515.8333333333333 -769.1666666666669
513.3333333333333 -765.8333333333336
510.83333333333326 -764.1666666666669
505.83333333333326 -755.8333333333336
508.33333333333326 -760.8333333333336
514.1666666666666 -767.5000000000002
506.66666666666663 -757.5000000000002
509.16666666666663 -762.5000000000002
507.49999999999994 -758.3333333333336
509.99999999999994 -763.3333333333336
515.0 -768.3333333333336
515.8333333333333 -769.1666666666669
513.3333333333333 -765.8333333333336
510.83333333333326 -764.1666666666669
505.83333333333326 -755.8333333333336
508.33333333333326 -760.8333333333336
506.66666666666663 -757.5000000000002
509.16666666666663 -762.5000000000002
514.1666666666666 -767.5000000000002
507.49999999999994 -758.3333333333336
509.99999999999994 -763.3333333333336
515.0 -768.3333333333336
507.49999999999994 -758.3333333333336
506.66666666666663 -757.5000000000002
505.83333333333326 -755.8333333333336
506.66666666666663 -757.5000000000002
507.49999999999994 -758.3333333333336
506.66666666666663 -757.5000000000002
507.49999999999994 -758.3333333333336
505.83333333333326 -755.8333333333336
506.66666666666663 -757.5000000000002
509.99999999999994 -763.3333333333336
507.49999999999994 -758.3333333333336
