503.3333333333333 -734.1666666666667
516.6666666666666 -770.0000000000002
503.3333333333333 -734.1666666666667
516.6666666666666 -770.0000000000002
504.16666666666663 -740.8333333333336
504.99999999999994 -749.1666666666669
508.33333333333326 -761.6666666666669
504.16666666666663 -740.8333333333336
504.99999999999994 -749.1666666666669
506.66666666666663 -758.3333333333335
515.8333333333333 -769.166666666667
510.83333333333326 -764.166666666667
510.83333333333326 -764.166666666667
516.6666666666666 -770.0000000000002
503.3333333333333 -734.1666666666667
504.16666666666663 -740.8333333333336
504.99999999999994 -749.1666666666669
516.6666666666666 -770.0000000000002
503.3333333333333 -734.1666666666667
504.16666666666663 -740.8333333333336
504.99999999999994 -749.1666666666669
503.3333333333333 -734.1666666666667
516.6666666666666 -770.0000000000002
504.99999999999994 -749.1666666666669
516.6666666666666 -770.0000000000002
503.3333333333333 -734.1666666666667
504.99999999999994 -749.1666666666669
503.3333333333333 -734.1666666666667
516.6666666666666 -770.0000000000002
504.99999999999994 -749.1666666666669
516.6666666666666 -770.0000000000002
503.3333333333333 -734.1666666666667
504.99999999999994 -749.1666666666669
503.3333333333333 -734.1666666666667
504.99999999999994 -749.1666666666669
504.99999999999994 -749.1666666666669
504.99999999999994 -749.1666666666669
504.99999999999994 -749.1666666666669
504.99999999999994 -749.1666666666669
507.49999999999994 -759.1666666666669
516.6666666666666 -770.0000000000002
507.49999999999994 -759.1666666666669
504.99999999999994 -749.1666666666669
516.6666666666666 -770.0000000000002
505.83333333333326 -756.6666666666669
515.0 -769.1666666666669
510.83333333333326 -764.166666666667
516.6666666666666 -770.0000000000002
507.49999999999994 -759.1666666666669
509.16666666666663 -764.1666666666669
504.99999999999994 -749.1666666666669
516.6666666666666 -770.0000000000002
515.8333333333333 -769.166666666667
504.16666666666663 -740.8333333333336
516.6666666666666 -770.0000000000002
504.99999999999994 -749.1666666666669
516.6666666666666 -770.0000000000002
503.3333333333333 -734.1666666666667
505.83333333333326 -756.6666666666669
508.33333333333326 -761.6666666666669
515.8333333333333 -769.166666666667
516.6666666666666 -770.0000000000002
515.8333333333333 -769.166666666667
516.6666666666666 -770.0000000000002
504.99999999999994 -749.1666666666669
516.6666666666666 -770.0000000000002
508.33333333333326 -761.6666666666669
516.6666666666666 -770.0000000000002
515.8333333333333 -769.166666666667
516.6666666666666 -770.0000000000002
511.66666666666663 -765.8333333333337
516.6666666666666 -770.0000000000002
508.33333333333326 -761.6666666666669
514.1666666666666 -768.3333333333336
516.6666666666666 -770.0000000000002
504.99999999999994 -749.1666666666669
