516.6666666666666 -771.666666666667
515.8333333333333 -770.8333333333337
509.99999999999994 -765.0000000000002
503.3333333333333 -739.1666666666667
506.66666666666663 -763.3333333333335
509.99999999999994 -765.0000000000002
509.99999999999994 -765.0000000000002
509.99999999999994 -765.0000000000002
507.5 -765.0000000000001
509.99999999999994 -765.0000000000002
509.99999999999994 -765.0000000000002
516.6666666666666 -771.666666666667
509.99999999999994 -765.0000000000002
509.99999999999994 -765.0000000000002
512.5 -770.0000000000001
507.49999999999994 -764.1666666666667
509.99999999999994 -765.0000000000002
509.99999999999994 -765.0000000000002
515.8333333333333 -770.8333333333337
507.5 -765.0000000000001
509.99999999999994 -765.0000000000002
507.5 -765.0000000000001
504.99999999999994 -752.5000000000002
509.99999999999994 -765.0000000000002
509.99999999999994 -765.0000000000002
505.83333333333326 -761.6666666666669
515.0 -770.0000000000002
509.99999999999994 -765.0000000000002
516.6666666666666 -771.666666666667
510.83333333333326 -767.5000000000001
517.5 -774.166666666667
507.5 -765.0000000000001
506.66666666666663 -763.3333333333335
504.16666666666663 -743.3333333333336
509.99999999999994 -765.0000000000002
512.5 -770.0000000000001
509.99999999999994 -765.0000000000002
515.0 -770.0000000000002
515.0 -770.0000000000002
515.0 -770.0000000000002
515.0 -770.0000000000002
507.5 -765.0000000000001
509.99999999999994 -765.0000000000002
509.99999999999994 -765.0000000000002
509.99999999999994 -765.0000000000002
515.0 -770.0000000000002
509.99999999999994 -765.0000000000002
512.5 -770.0000000000001
