516.6666666666666 -771.666666666667
515.8333333333333 -770.8333333333337
503.3333333333333 -739.1666666666667
516.6666666666666 -771.666666666667
512.5 -770.0000000000001
515.8333333333333 -770.8333333333337
504.99999999999994 -752.5000000000002
515.0 -770.0000000000002
516.6666666666666 -771.666666666667
510.83333333333326 -767.5000000000001
517.5 -774.166666666667
504.16666666666663 -743.3333333333336
512.5 -770.0000000000001
515.0 -770.0000000000002
515.0 -770.0000000000002
515.0 -770.0000000000002
515.0 -770.0000000000002
515.0 -770.0000000000002
512.5 -770.0000000000001
515.8333333333333 -770.8333333333337
505.83333333333326 -762.5000000000002
510.83333333333326 -767.5000000000001
515.0 -770.0000000000002
518.3333333333333 -775.0000000000002
504.16666666666663 -743.3333333333336
515.8333333333333 -770.8333333333337
515.0 -770.0000000000002
516.6666666666666 -771.666666666667
515.0 -770.0000000000002
515.8333333333333 -770.8333333333337
516.6666666666666 -771.666666666667
515.0 -770.0000000000002
507.49999999999994 -765.0000000000002
508.33333333333326 -765.8333333333336
515.0 -770.0000000000002
511.6666666666666 -767.5000000000002
512.5 -770.0000000000001
505.83333333333326 -762.5000000000002
512.5 -770.0000000000001
515.0 -770.0000000000002
510.83333333333326 -767.5000000000001
516.6666666666666 -771.666666666667
507.49999999999994 -765.0000000000002
516.6666666666666 -771.666666666667
515.0 -770.0000000000002
509.16666666666663 -766.6666666666669
515.8333333333333 -770.8333333333337
512.5 -770.0000000000001
515.0 -770.0000000000002
511.66666666666663 -769.1666666666667
507.49999999999994 -765.0000000000002
516.6666666666666 -771.666666666667
515.0 -770.0000000000002
516.6666666666666 -771.666666666667
515.0 -770.0000000000002
516.6666666666667 -773.3333333333336
516.6666666666666 -771.666666666667
515.8333333333333 -770.8333333333337
508.33333333333326 -765.8333333333336
506.66666666666663 -764.1666666666667
