503.3333333333333 -739.1666666666667
504.99999999999994 -752.5000000000002
517.5 -774.166666666667
504.16666666666663 -743.3333333333336
505.83333333333326 -762.5000000000002
518.3333333333333 -775.0000000000002
504.16666666666663 -743.3333333333336
507.49999999999994 -765.0000000000002
508.33333333333326 -765.8333333333336
505.83333333333326 -762.5000000000002
507.49999999999994 -765.0000000000002
509.16666666666663 -766.6666666666669
507.49999999999994 -765.0000000000002
516.6666666666667 -773.3333333333336
508.33333333333326 -765.8333333333336
509.16666666666663 -766.6666666666669
508.33333333333326 -765.8333333333336
506.66666666666663 -764.1666666666669
509.16666666666663 -766.6666666666669
512.5 -770.0000000000002
508.33333333333326 -765.8333333333336
508.33333333333326 -765.8333333333336
512.5 -770.0000000000002
505.83333333333326 -762.5000000000002
508.33333333333326 -765.8333333333336
517.5 -774.166666666667
514.1666666666667 -773.3333333333335
508.33333333333326 -765.8333333333336
508.33333333333326 -765.8333333333336
509.16666666666663 -766.6666666666669
505.83333333333326 -762.5000000000002
509.16666666666663 -766.6666666666669
508.33333333333326 -765.8333333333336
514.1666666666667 -773.3333333333335
509.16666666666663 -766.6666666666669
507.49999999999994 -765.0000000000002
508.33333333333326 -765.8333333333336
507.49999999999994 -765.0000000000002
507.49999999999994 -765.0000000000002
509.16666666666663 -766.6666666666669
509.16666666666663 -766.6666666666669
508.33333333333326 -765.8333333333336
508.33333333333326 -765.8333333333336
505.83333333333326 -762.5000000000002
509.16666666666663 -766.6666666666669
508.33333333333326 -765.8333333333336
513.3333333333333 -772.5000000000002
508.33333333333326 -765.8333333333336
510.0 -769.1666666666669
512.5 -770.0000000000002
505.83333333333326 -762.5000000000002
508.33333333333326 -765.8333333333336
506.66666666666663 -764.1666666666669
509.99999999999994 -767.5000000000001
512.5 -770.0000000000002
508.33333333333326 -765.8333333333336
509.16666666666663 -766.6666666666669
508.33333333333326 -765.8333333333336
505.83333333333326 -762.5000000000002
505.83333333333326 -762.5000000000002
506.66666666666663 -764.1666666666669
505.83333333333326 -762.5000000000002
508.33333333333326 -765.8333333333336
509.16666666666663 -766.6666666666669
506.66666666666663 -764.1666666666669
506.66666666666663 -764.1666666666669
507.49999999999994 -765.0000000000002
507.49999999999994 -765.0000000000002
505.83333333333326 -762.5000000000002
512.5 -770.0000000000002
508.33333333333326 -765.8333333333336
508.33333333333326 -765.8333333333336
508.33333333333326 -765.8333333333336
505.83333333333326 -762.5000000000002
