503.3333333333333 -741.6666666666669
515.8333333333333 -779.1666666666669
503.3333333333333 -741.6666666666669
515.8333333333333 -779.1666666666669
504.16666666666663 -743.3333333333336
504.99999999999994 -766.6666666666667
504.99999999999994 -766.6666666666667
504.16666666666663 -743.3333333333336
505.83333333333326 -768.3333333333335
515.0 -778.3333333333335
514.1666666666665 -777.5000000000002
509.99999999999994 -773.3333333333335
512.5 -775.8333333333336
505.83333333333326 -768.3333333333335
511.66666666666663 -775.0000000000001
507.49999999999994 -770.8333333333336
510.8333333333333 -774.166666666667
509.99999999999994 -773.3333333333335
509.1666666666666 -772.5000000000002
507.49999999999994 -770.8333333333336
508.33333333333326 -771.666666666667
512.5 -775.8333333333336
510.8333333333333 -774.166666666667
511.66666666666663 -775.0000000000001
509.1666666666666 -772.5000000000002
508.33333333333326 -771.666666666667
513.3333333333333 -776.666666666667
506.6666666666666 -769.166666666667
506.66666666666663 -770.0000000000001
514.1666666666665 -777.5000000000002
513.3333333333333 -776.666666666667
515.0 -778.3333333333335
506.66666666666663 -770.0000000000001
506.6666666666666 -769.166666666667
503.3333333333333 -741.6666666666669
515.8333333333333 -779.1666666666669
504.99999999999994 -766.6666666666667
504.16666666666663 -743.3333333333336
505.83333333333326 -768.3333333333335
509.99999999999994 -773.3333333333335
507.49999999999994 -770.8333333333336
512.5 -775.8333333333336
510.8333333333333 -774.166666666667
511.66666666666663 -775.0000000000001
509.1666666666666 -772.5000000000002
508.33333333333326 -771.666666666667
514.1666666666665 -777.5000000000002
513.3333333333333 -776.666666666667
515.0 -778.3333333333335
506.66666666666663 -770.0000000000001
506.6666666666666 -769.166666666667
503.3333333333333 -741.6666666666669
515.8333333333333 -779.1666666666669
504.99999999999994 -766.6666666666667
504.16666666666663 -743.3333333333336
505.83333333333326 -768.3333333333335
509.99999999999994 -773.3333333333335
507.49999999999994 -770.8333333333336
512.5 -775.8333333333336
510.8333333333333 -774.166666666667
511.66666666666663 -775.0000000000001
509.1666666666666 -772.5000000000002
508.33333333333326 -771.666666666667
514.1666666666665 -777.5000000000002
513.3333333333333 -776.666666666667
515.0 -778.3333333333335
506.66666666666663 -770.0000000000001
506.6666666666666 -769.166666666667
503.3333333333333 -741.6666666666669
515.8333333333333 -779.1666666666669
504.99999999999994 -766.6666666666667
504.16666666666663 -743.3333333333336
505.83333333333326 -768.3333333333335
509.99999999999994 -773.3333333333335
507.49999999999994 -770.8333333333336
512.5 -775.8333333333336
510.8333333333333 -774.166666666667
511.66666666666663 -775.0000000000001
509.1666666666666 -772.5000000000002
508.33333333333326 -771.666666666667
514.1666666666665 -777.5000000000002
513.3333333333333 -776.666666666667
515.0 -778.3333333333335
506.66666666666663 -770.0000000000001
506.6666666666666 -769.166666666667
515.8333333333333 -779.1666666666669
503.3333333333333 -741.6666666666669
504.99999999999994 -766.6666666666667
504.16666666666663 -743.3333333333336
505.83333333333326 -768.3333333333335
509.99999999999994 -773.3333333333335
507.49999999999994 -770.8333333333336
512.5 -775.8333333333336
510.8333333333333 -774.166666666667
511.66666666666663 -775.0000000000001
509.1666666666666 -772.5000000000002
508.33333333333326 -771.666666666667
514.1666666666665 -777.5000000000002
513.3333333333333 -776.666666666667
515.0 -778.3333333333335
506.66666666666663 -770.0000000000001
506.6666666666666 -769.166666666667
503.3333333333333 -741.6666666666669
515.8333333333333 -779.1666666666669
504.99999999999994 -766.6666666666667
504.16666666666663 -743.3333333333336
505.83333333333326 -768.3333333333335
509.99999999999994 -773.3333333333335
507.49999999999994 -770.8333333333336
512.5 -775.8333333333336
510.8333333333333 -774.166666666667
511.66666666666663 -775.0000000000001
509.1666666666666 -772.5000000000002
508.33333333333326 -771.666666666667
514.1666666666665 -777.5000000000002
513.3333333333333 -776.666666666667
515.0 -778.3333333333335
506.66666666666663 -770.0000000000001
506.6666666666666 -769.166666666667
515.8333333333333 -779.1666666666669
503.3333333333333 -741.6666666666669
504.99999999999994 -766.6666666666667
504.16666666666663 -743.3333333333336
505.83333333333326 -768.3333333333335
509.99999999999994 -773.3333333333335
507.49999999999994 -770.8333333333336
512.5 -775.8333333333336
510.8333333333333 -774.166666666667
511.66666666666663 -775.0000000000001
509.1666666666666 -772.5000000000002
508.33333333333326 -771.666666666667
514.1666666666665 -777.5000000000002
513.3333333333333 -776.666666666667
515.0 -778.3333333333335
506.66666666666663 -770.0000000000001
506.6666666666666 -769.166666666667
515.8333333333333 -779.1666666666669
503.3333333333333 -741.6666666666669
504.99999999999994 -766.6666666666667
504.16666666666663 -743.3333333333336
505.83333333333326 -768.3333333333335
509.99999999999994 -773.3333333333335
507.49999999999994 -770.8333333333336
512.5 -775.8333333333336
510.8333333333333 -774.166666666667
511.66666666666663 -775.0000000000001
509.1666666666666 -772.5000000000002
508.33333333333326 -771.666666666667
514.1666666666665 -777.5000000000002
513.3333333333333 -776.666666666667
515.0 -778.3333333333335
506.66666666666663 -770.0000000000001
506.6666666666666 -769.166666666667
515.8333333333333 -779.1666666666669
503.3333333333333 -741.6666666666669
504.99999999999994 -766.6666666666667
504.16666666666663 -743.3333333333336
505.83333333333326 -768.3333333333335
509.99999999999994 -773.3333333333335
507.49999999999994 -770.8333333333336
512.5 -775.8333333333336
510.8333333333333 -774.166666666667
511.66666666666663 -775.0000000000001
509.1666666666666 -772.5000000000002
508.33333333333326 -771.666666666667
514.1666666666665 -777.5000000000002
513.3333333333333 -776.666666666667
515.0 -778.3333333333335
506.66666666666663 -770.0000000000001
506.6666666666666 -769.166666666667
515.8333333333333 -779.1666666666669
503.3333333333333 -741.6666666666669
504.99999999999994 -766.6666666666667
504.16666666666663 -743.3333333333336
505.83333333333326 -768.3333333333335
509.99999999999994 -773.3333333333335
507.49999999999994 -770.8333333333336
512.5 -775.8333333333336
510.8333333333333 -774.166666666667
511.66666666666663 -775.0000000000001
509.1666666666666 -772.5000000000002
508.33333333333326 -771.666666666667
514.1666666666665 -777.5000000000002
513.3333333333333 -776.666666666667
515.0 -778.3333333333335
506.66666666666663 -770.0000000000001
506.6666666666666 -769.166666666667
515.8333333333333 -779.1666666666669
503.3333333333333 -741.6666666666669
504.99999999999994 -766.6666666666667
504.16666666666663 -743.3333333333336
505.83333333333326 -768.3333333333335
509.99999999999994 -773.3333333333335
507.49999999999994 -770.8333333333336
512.5 -775.8333333333336
510.8333333333333 -774.166666666667
511.66666666666663 -775.0000000000001
509.1666666666666 -772.5000000000002
508.33333333333326 -771.666666666667
514.1666666666665 -777.5000000000002
