517.5 -780.8333333333335
503.3333333333333 -745.0000000000002
517.5 -780.8333333333335
504.16666666666663 -746.666666666667
504.99999999999994 -766.6666666666667
509.1666666666666 -775.0000000000002
512.4999999999999 -775.8333333333335
515.8333333333333 -779.1666666666669
504.99999999999994 -766.6666666666667
508.33333333333326 -772.5000000000002
505.83333333333326 -769.1666666666667
504.16666666666663 -746.666666666667
515.8333333333333 -779.1666666666669
515.0 -778.3333333333335
505.83333333333326 -769.1666666666667
507.49999999999994 -771.6666666666669
507.49999999999994 -771.6666666666669
508.33333333333326 -772.5000000000002
506.6666666666666 -770.0000000000002
506.66666666666663 -770.8333333333334
515.0 -778.3333333333335
506.66666666666663 -770.8333333333334
506.6666666666666 -770.0000000000002
512.4999999999999 -775.8333333333335
504.99999999999994 -766.6666666666667
515.8333333333333 -779.1666666666669
505.83333333333326 -769.1666666666667
507.49999999999994 -771.6666666666669
508.33333333333326 -772.5000000000002
515.0 -778.3333333333335
506.66666666666663 -770.8333333333334
512.4999999999999 -775.8333333333335
515.8333333333333 -779.1666666666669
504.99999999999994 -766.6666666666667
505.83333333333326 -769.1666666666667
507.49999999999994 -771.6666666666669
508.33333333333326 -772.5000000000002
515.0 -778.3333333333335
506.66666666666663 -770.8333333333334
512.4999999999999 -775.8333333333335
515.8333333333333 -779.1666666666669
504.99999999999994 -766.6666666666667
505.83333333333326 -769.1666666666667
507.49999999999994 -771.6666666666669
508.33333333333326 -772.5000000000002
515.0 -778.3333333333335
506.66666666666663 -770.8333333333334
512.4999999999999 -775.8333333333335
515.8333333333333 -779.1666666666669
504.99999999999994 -766.6666666666667
505.83333333333326 -769.1666666666667
507.49999999999994 -771.6666666666669
508.33333333333326 -772.5000000000002
515.0 -778.3333333333335
512.4999999999999 -775.8333333333335
515.8333333333333 -779.1666666666669
504.99999999999994 -766.6666666666667
505.83333333333326 -769.1666666666667
507.49999999999994 -771.6666666666669
515.0 -778.3333333333335
512.4999999999999 -775.8333333333335
515.8333333333333 -779.1666666666669
504.99999999999994 -766.6666666666667
515.0 -778.3333333333335
512.4999999999999 -775.8333333333335
515.8333333333333 -779.1666666666669
504.99999999999994 -766.6666666666667
515.0 -778.3333333333335
512.4999999999999 -775.8333333333335
515.8333333333333 -779.1666666666669
504.99999999999994 -766.6666666666667
515.0 -778.3333333333335
512.4999999999999 -775.8333333333335
515.8333333333333 -779.1666666666669
504.99999999999994 -766.6666666666667
515.0 -778.3333333333335
512.4999999999999 -775.8333333333335
515.8333333333333 -779.1666666666669
504.99999999999994 -766.6666666666667
515.0 -778.3333333333335
512.4999999999999 -775.8333333333335
515.8333333333333 -779.1666666666669
504.99999999999994 -766.6666666666667
515.0 -778.3333333333335
512.4999999999999 -775.8333333333335
515.8333333333333 -779.1666666666669
504.99999999999994 -766.6666666666667
515.0 -778.3333333333335
515.8333333333333 -779.1666666666669
504.99999999999994 -766.6666666666667
515.0 -778.3333333333335
515.8333333333333 -779.1666666666669
504.99999999999994 -766.6666666666667
515.0 -778.3333333333335
515.8333333333333 -779.1666666666669
504.99999999999994 -766.6666666666667
515.0 -778.3333333333335
515.8333333333333 -779.1666666666669
504.99999999999994 -766.6666666666667
515.0 -778.3333333333335
515.8333333333333 -779.1666666666669
504.99999999999994 -766.6666666666667
515.0 -778.3333333333335
515.8333333333333 -779.1666666666669
504.99999999999994 -766.6666666666667
515.0 -778.3333333333335
515.8333333333333 -779.1666666666669
504.99999999999994 -766.6666666666667
515.0 -778.3333333333335
515.8333333333333 -779.1666666666669
504.99999999999994 -766.6666666666667
515.0 -778.3333333333335
515.8333333333333 -779.1666666666669
504.99999999999994 -766.6666666666667
515.0 -778.3333333333335
515.8333333333333 -779.1666666666669
504.99999999999994 -766.6666666666667
515.0 -778.3333333333335
515.8333333333333 -779.1666666666669
515.0 -778.3333333333335
515.8333333333333 -779.1666666666669
515.0 -778.3333333333335
515.8333333333333 -779.1666666666669
515.8333333333333 -779.1666666666669
515.0 -778.3333333333335
515.0 -778.3333333333335
515.0 -778.3333333333335
515.0 -778.3333333333335
515.8333333333333 -779.1666666666669
512.4999999999999 -775.8333333333335
504.99999999999994 -766.6666666666667
512.4999999999999 -775.8333333333335
515.0 -778.3333333333335
515.0 -778.3333333333335
507.49999999999994 -771.6666666666669
515.8333333333333 -779.1666666666669
515.8333333333333 -779.1666666666669
515.0 -778.3333333333335
515.0 -778.3333333333335
512.4999999999999 -775.8333333333335
515.0 -778.3333333333335
508.33333333333326 -772.5000000000002
515.8333333333333 -779.1666666666669
515.8333333333333 -779.1666666666669
515.8333333333333 -779.1666666666669
515.8333333333333 -779.1666666666669
515.0 -778.3333333333335
512.4999999999999 -775.8333333333335
515.0 -778.3333333333335
515.0 -778.3333333333335
515.0 -778.3333333333335
515.0 -778.3333333333335
515.8333333333333 -779.1666666666669
515.0 -778.3333333333335
515.0 -778.3333333333335
515.8333333333333 -779.1666666666669
515.0 -778.3333333333335
512.5 -777.5000000000002
515.0 -778.3333333333335
515.8333333333333 -779.1666666666669
515.0 -778.3333333333335
515.8333333333333 -779.1666666666669
515.0 -778.3333333333335
