517.5 -780.8333333333335
503.3333333333333 -745.0000000000002
517.5 -780.8333333333335
504.16666666666663 -746.666666666667
504.99999999999994 -766.6666666666667
509.1666666666666 -775.0000000000002
504.99999999999994 -766.6666666666667
508.33333333333326 -772.5000000000002
505.83333333333326 -769.1666666666667
504.16666666666663 -746.666666666667
505.83333333333326 -769.1666666666667
507.49999999999994 -771.6666666666669
507.49999999999994 -771.6666666666669
508.33333333333326 -772.5000000000002
506.6666666666666 -770.0000000000002
506.66666666666663 -770.8333333333334
506.66666666666663 -770.8333333333334
506.6666666666666 -770.0000000000002
504.99999999999994 -766.6666666666667
505.83333333333326 -769.1666666666667
507.49999999999994 -771.6666666666669
508.33333333333326 -772.5000000000002
506.66666666666663 -770.8333333333334
504.99999999999994 -766.6666666666667
505.83333333333326 -769.1666666666667
507.49999999999994 -771.6666666666669
508.33333333333326 -772.5000000000002
506.66666666666663 -770.8333333333334
504.99999999999994 -766.6666666666667
505.83333333333326 -769.1666666666667
507.49999999999994 -771.6666666666669
508.33333333333326 -772.5000000000002
506.66666666666663 -770.8333333333334
504.99999999999994 -766.6666666666667
505.83333333333326 -769.1666666666667
507.49999999999994 -771.6666666666669
508.33333333333326 -772.5000000000002
504.99999999999994 -766.6666666666667
505.83333333333326 -769.1666666666667
507.49999999999994 -771.6666666666669
504.99999999999994 -766.6666666666667
504.99999999999994 -766.6666666666667
504.99999999999994 -766.6666666666667
504.99999999999994 -766.6666666666667
504.99999999999994 -766.6666666666667
504.99999999999994 -766.6666666666667
504.99999999999994 -766.6666666666667
504.99999999999994 -766.6666666666667
504.99999999999994 -766.6666666666667
504.99999999999994 -766.6666666666667
504.99999999999994 -766.6666666666667
504.99999999999994 -766.6666666666667
504.99999999999994 -766.6666666666667
504.99999999999994 -766.6666666666667
504.99999999999994 -766.6666666666667
504.99999999999994 -766.6666666666667
504.99999999999994 -766.6666666666667
504.99999999999994 -766.6666666666667
507.49999999999994 -771.6666666666669
508.33333333333326 -772.5000000000002
512.5 -777.5000000000002
505.83333333333326 -769.1666666666667
507.49999999999994 -771.6666666666669
507.49999999999994 -771.6666666666669
504.99999999999994 -766.6666666666667
505.83333333333326 -769.1666666666667
505.83333333333326 -769.1666666666667
505.83333333333326 -769.1666666666667
505.83333333333326 -769.1666666666667
509.99999999999994 -775.8333333333335
504.99999999999994 -766.6666666666667
514.9999999999999 -780.0000000000002
506.6666666666666 -770.0000000000002
508.33333333333326 -772.5000000000002
504.99999999999994 -766.6666666666667
504.99999999999994 -766.6666666666667
508.33333333333326 -772.5000000000002
507.49999999999994 -771.6666666666669
512.5 -777.5000000000002
504.99999999999994 -766.6666666666667
508.33333333333326 -772.5000000000002
509.1666666666666 -775.0000000000002
506.66666666666663 -770.8333333333334
506.6666666666666 -770.0000000000002
509.99999999999994 -775.8333333333335
507.49999999999994 -771.6666666666669
508.33333333333326 -772.5000000000002
505.83333333333326 -769.1666666666667
506.6666666666666 -770.0000000000002
508.33333333333326 -772.5000000000002
507.49999999999994 -771.6666666666669
507.49999999999994 -771.6666666666669
