504.16666666666663 -746.666666666667
516.6666666666666 -782.5000000000001
507.49999999999994 -775.8333333333335
504.16666666666663 -746.666666666667
515.0 -780.8333333333335
515.8333333333333 -781.6666666666667
507.49999999999994 -775.8333333333335
515.8333333333333 -781.6666666666667
515.0 -780.8333333333335
504.16666666666663 -746.666666666667
515.0 -780.8333333333335
504.16666666666663 -746.666666666667
504.16666666666663 -746.666666666667
504.16666666666663 -746.666666666667
504.16666666666663 -746.666666666667
504.99999999999994 -772.5000000000001
515.0 -780.8333333333335
516.6666666666666 -782.5000000000001
515.0 -780.8333333333335
509.99999999999994 -777.5000000000002
512.5 -780.8333333333334
516.6666666666666 -782.5000000000001
522.4999999999999 -786.6666666666669
507.49999999999994 -775.8333333333335
516.6666666666666 -782.5000000000001
518.3333333333333 -782.5000000000002
509.99999999999994 -777.5000000000002
515.8333333333333 -781.6666666666667
507.49999999999994 -775.8333333333335
502.5 -745.0000000000002
519.1666666666666 -783.3333333333335
515.0 -780.8333333333335
507.49999999999994 -775.8333333333335
515.8333333333333 -781.6666666666667
508.3333333333333 -776.6666666666669
510.83333333333326 -779.1666666666667
516.6666666666666 -782.5000000000001
509.16666666666663 -777.5000000000001
516.6666666666666 -782.5000000000001
516.6666666666666 -782.5000000000001
519.1666666666666 -783.3333333333335
520.8333333333333 -785.0000000000002
505.8333333333333 -774.1666666666666
515.0 -780.8333333333335
515.0 -780.8333333333335
