502.5 -745.0000000000002
502.5 -745.0000000000002
502.5 -745.0000000000002
502.5 -745.0000000000002
502.5 -745.0000000000002
502.5 -745.0000000000002
502.5 -745.0000000000002
504.16666666666663 -747.5000000000003
502.5 -745.0000000000002
504.16666666666663 -747.5000000000003
504.16666666666663 -747.5000000000003
502.5 -745.0000000000002
502.5 -745.0000000000002
519.1666666666665 -785.8333333333334
502.5 -745.0000000000002
521.6666666666665 -787.5000000000001
521.6666666666665 -787.5000000000001
512.5 -782.5000000000001
507.49999999999994 -777.5000000000001
509.16666666666663 -779.1666666666667
520.0 -786.6666666666667
515.0 -784.1666666666669
519.1666666666665 -785.8333333333334
521.6666666666665 -787.5000000000001
511.6666666666666 -781.6666666666669
521.6666666666665 -787.5000000000001
521.6666666666665 -787.5000000000001
515.0 -784.1666666666669
522.4999999999999 -789.1666666666669
519.1666666666665 -785.8333333333334
502.5 -745.0000000000002
510.83333333333326 -780.8333333333335
521.6666666666665 -787.5000000000001
519.1666666666665 -785.8333333333334
519.1666666666665 -785.8333333333334
508.33333333333326 -778.3333333333335
510.83333333333326 -780.8333333333335
519.1666666666665 -785.8333333333334
519.1666666666665 -785.8333333333334
503.3333333333333 -747.5000000000002
504.1666666666667 -749.1666666666669
507.49999999999994 -777.5000000000001
505.8333333333333 -775.8333333333335
513.3333333333333 -782.5000000000002
515.8333333333333 -785.0000000000002
519.1666666666666 -785.8333333333335
522.4999999999999 -789.1666666666669
519.1666666666665 -785.8333333333334
512.5 -782.5000000000001
507.49999999999994 -777.5000000000001
506.66666666666663 -776.6666666666669
520.0 -786.6666666666667
510.83333333333326 -780.8333333333335
502.5 -745.0000000000002
508.33333333333326 -778.3333333333335
504.99999999999994 -774.1666666666669
521.6666666666665 -787.5000000000001
521.6666666666665 -787.5000000000001
502.5 -745.0000000000002
523.3333333333333 -790.0000000000002
509.99999999999994 -780.0000000000001
519.1666666666665 -785.8333333333334
