502.5 -748.3333333333336
521.6666666666665 -791.6666666666669
503.3333333333333 -749.166666666667
504.16666666666663 -777.5000000000002
512.5 -786.6666666666669
516.6666666666666 -788.3333333333336
520.0 -790.8333333333336
514.1666666666665 -787.5000000000001
510.83333333333326 -785.0000000000001
518.3333333333333 -790.0000000000001
509.16666666666663 -783.3333333333336
507.49999999999994 -781.6666666666669
514.1666666666665 -787.5000000000001
510.83333333333326 -785.0000000000001
507.49999999999994 -781.6666666666669
509.16666666666663 -783.3333333333336
504.99999999999994 -778.3333333333336
505.8333333333333 -780.0000000000002
505.8333333333333 -780.0000000000002
504.99999999999994 -778.3333333333336
517.5 -789.1666666666669
504.16666666666663 -777.5000000000002
503.3333333333333 -749.166666666667
506.66666666666663 -780.8333333333336
518.3333333333333 -790.0000000000001
506.66666666666663 -780.8333333333336
509.99999999999994 -784.1666666666669
509.99999999999994 -784.1666666666669
517.5 -789.1666666666669
510.83333333333326 -785.0000000000001
507.49999999999994 -781.6666666666669
509.16666666666663 -783.3333333333336
517.5 -789.1666666666669
505.8333333333333 -780.0000000000002
504.99999999999994 -778.3333333333336
504.16666666666663 -777.5000000000002
503.3333333333333 -749.166666666667
506.66666666666663 -780.8333333333336
509.99999999999994 -784.1666666666669
518.3333333333333 -790.0000000000001
510.83333333333326 -785.0000000000001
507.49999999999994 -781.6666666666669
510.83333333333326 -785.0000000000001
507.49999999999994 -781.6666666666669
510.83333333333326 -785.0000000000001
507.49999999999994 -781.6666666666669
507.49999999999994 -781.6666666666669
507.49999999999994 -781.6666666666669
507.49999999999994 -781.6666666666669
506.66666666666663 -780.8333333333336
507.49999999999994 -781.6666666666669
510.83333333333326 -785.0000000000001
507.49999999999994 -781.6666666666669
507.49999999999994 -781.6666666666669
507.49999999999994 -781.6666666666669
507.49999999999994 -781.6666666666669
506.66666666666663 -780.8333333333336
510.83333333333326 -785.0000000000001
506.66666666666663 -780.8333333333336
507.49999999999994 -781.6666666666669
507.49999999999994 -781.6666666666669
507.49999999999994 -781.6666666666669
506.66666666666663 -780.8333333333336
507.49999999999994 -781.6666666666669
506.66666666666663 -780.8333333333336
507.49999999999994 -781.6666666666669
506.66666666666663 -780.8333333333336
506.66666666666663 -780.8333333333336
506.66666666666663 -780.8333333333336
503.3333333333333 -749.166666666667
506.66666666666663 -780.8333333333336
507.49999999999994 -781.6666666666669
510.83333333333326 -785.0000000000001
507.49999999999994 -781.6666666666669
507.49999999999994 -781.6666666666669
506.66666666666663 -780.8333333333336
510.83333333333326 -785.0000000000001
506.66666666666663 -780.8333333333336
505.8333333333333 -780.0000000000002
506.66666666666663 -780.8333333333336
507.49999999999994 -781.6666666666669
507.49999999999994 -781.6666666666669
507.49999999999994 -781.6666666666669
506.66666666666663 -780.8333333333336
506.66666666666663 -780.8333333333336
506.66666666666663 -780.8333333333336
507.49999999999994 -781.6666666666669
506.66666666666663 -780.8333333333336
506.66666666666663 -780.8333333333336
507.49999999999994 -781.6666666666669
507.49999999999994 -781.6666666666669
510.83333333333326 -785.0000000000001
506.66666666666663 -780.8333333333336
507.49999999999994 -781.6666666666669
509.99999999999994 -784.1666666666669
504.16666666666663 -777.5000000000002
504.99999999999994 -778.3333333333336
506.66666666666663 -780.8333333333336
506.66666666666663 -780.8333333333336
507.49999999999994 -781.6666666666669
507.49999999999994 -781.6666666666669
506.66666666666663 -780.8333333333336
510.83333333333326 -785.0000000000001
510.83333333333326 -785.0000000000001
507.49999999999994 -781.6666666666669
509.99999999999994 -784.1666666666669
507.49999999999994 -781.6666666666669
507.49999999999994 -781.6666666666669
503.3333333333333 -749.166666666667
509.99999999999994 -784.1666666666669
506.66666666666663 -780.8333333333336
505.8333333333333 -780.0000000000002
509.99999999999994 -784.1666666666669
507.49999999999994 -781.6666666666669
509.99999999999994 -784.1666666666669
510.83333333333326 -785.0000000000001
504.16666666666663 -777.5000000000002
507.49999999999994 -781.6666666666669
506.66666666666663 -780.8333333333336
507.49999999999994 -781.6666666666669
509.99999999999994 -784.1666666666669
506.66666666666663 -780.8333333333336
507.49999999999994 -781.6666666666669
503.3333333333333 -749.166666666667
510.83333333333326 -785.0000000000001
509.99999999999994 -784.1666666666669
505.8333333333333 -780.0000000000002
506.66666666666663 -780.8333333333336
506.66666666666663 -780.8333333333336
504.16666666666663 -777.5000000000002
503.3333333333333 -749.166666666667
506.66666666666663 -780.8333333333336
505.8333333333333 -780.0000000000002
506.66666666666663 -780.8333333333336
506.66666666666663 -780.8333333333336
506.66666666666663 -780.8333333333336
506.66666666666663 -780.8333333333336
507.49999999999994 -781.6666666666669
506.66666666666663 -780.8333333333336
509.99999999999994 -784.1666666666669
507.49999999999994 -781.6666666666669
506.66666666666663 -780.8333333333336
504.16666666666663 -777.5000000000002
518.3333333333333 -790.0000000000001
507.49999999999994 -781.6666666666669
506.66666666666663 -780.8333333333336
507.49999999999994 -781.6666666666669
506.66666666666663 -780.8333333333336
509.99999999999994 -784.1666666666669
506.66666666666663 -780.8333333333336
509.99999999999994 -784.1666666666669
507.49999999999994 -781.6666666666669
504.16666666666663 -777.5000000000002
507.49999999999994 -781.6666666666669
506.66666666666663 -780.8333333333336
506.66666666666663 -780.8333333333336
507.49999999999994 -781.6666666666669
507.49999999999994 -781.6666666666669
507.49999999999994 -781.6666666666669
509.99999999999994 -784.1666666666669
506.66666666666663 -780.8333333333336
506.66666666666663 -780.8333333333336
507.49999999999994 -781.6666666666669
506.66666666666663 -780.8333333333336
507.49999999999994 -781.6666666666669
506.66666666666663 -780.8333333333336
505.8333333333333 -780.0000000000002
504.99999999999994 -778.3333333333336
506.66666666666663 -780.8333333333336
517.5 -789.1666666666669
510.83333333333326 -785.0000000000001
504.16666666666663 -777.5000000000002
506.66666666666663 -780.8333333333336
506.66666666666663 -780.8333333333336
506.66666666666663 -780.8333333333336
509.16666666666663 -783.3333333333336
509.99999999999994 -784.1666666666669
506.66666666666663 -780.8333333333336
509.99999999999994 -784.1666666666669
506.66666666666663 -780.8333333333336
509.16666666666663 -783.3333333333336
509.99999999999994 -784.1666666666669
507.49999999999994 -781.6666666666669
507.49999999999994 -781.6666666666669
506.66666666666663 -780.8333333333336
505.8333333333333 -780.0000000000002
509.99999999999994 -784.1666666666669
517.5 -789.1666666666669
509.99999999999994 -784.1666666666669
510.83333333333326 -785.0000000000001
507.49999999999994 -781.6666666666669
507.49999999999994 -781.6666666666669
506.66666666666663 -780.8333333333336
506.66666666666663 -780.8333333333336
506.66666666666663 -780.8333333333336
507.49999999999994 -781.6666666666669
518.3333333333333 -790.0000000000001
507.49999999999994 -781.6666666666669
509.99999999999994 -784.1666666666669
510.83333333333326 -785.0000000000001
