502.5 -749.166666666667
517.5 -792.5000000000002
511.6666666666666 -788.3333333333336
509.99999999999994 -787.5000000000002
507.49999999999994 -785.0000000000002
506.66666666666663 -784.1666666666669
506.66666666666663 -784.1666666666669
506.66666666666663 -784.1666666666669
507.49999999999994 -785.0000000000002
506.66666666666663 -784.1666666666669
504.16666666666663 -780.8333333333335
504.16666666666663 -780.8333333333335
507.49999999999994 -785.0000000000002
506.66666666666663 -784.1666666666669
507.49999999999994 -785.0000000000002
506.66666666666663 -784.1666666666669
506.66666666666663 -784.1666666666669
506.66666666666663 -784.1666666666669
506.66666666666663 -784.1666666666669
504.99999999999994 -781.6666666666669
