520.8333333333333 -796.666666666667
501.66666666666663 -777.5000000000003
501.66666666666663 -777.5000000000003
520.8333333333333 -796.666666666667
506.66666666666663 -788.3333333333336
513.3333333333333 -791.666666666667
502.49999999999994 -778.3333333333336
503.3333333333333 -782.5000000000002
509.16666666666663 -791.6666666666669
505.8333333333333 -785.8333333333336
519.1666666666666 -795.0000000000003
508.3333333333333 -790.8333333333336
507.5 -790.0000000000003
515.0 -792.5000000000003
504.16666666666663 -783.3333333333336
505.0 -785.0000000000002
517.5 -795.0000000000002
520.0 -796.6666666666669
513.3333333333333 -791.666666666667
503.3333333333333 -782.5000000000002
505.0 -785.0000000000002
516.6666666666666 -794.166666666667
504.16666666666663 -783.3333333333336
505.8333333333333 -785.8333333333336
507.5 -790.0000000000003
516.6666666666666 -794.166666666667
515.8333333333333 -793.3333333333336
515.8333333333333 -793.3333333333336
515.0 -792.5000000000003
502.49999999999994 -778.3333333333336
517.5 -795.0000000000002
520.0 -796.6666666666669
519.1666666666666 -795.0000000000003
509.16666666666663 -791.6666666666669
501.66666666666663 -777.5000000000003
520.8333333333333 -796.666666666667
513.3333333333333 -791.666666666667
503.3333333333333 -782.5000000000002
505.0 -785.0000000000002
504.16666666666663 -783.3333333333336
509.16666666666663 -791.6666666666669
516.6666666666666 -794.166666666667
502.49999999999994 -778.3333333333336
515.8333333333333 -793.3333333333336
515.0 -792.5000000000003
507.5 -790.0000000000003
505.8333333333333 -785.8333333333336
517.5 -795.0000000000002
520.0 -796.6666666666669
519.1666666666666 -795.0000000000003
501.66666666666663 -777.5000000000003
520.8333333333333 -796.666666666667
513.3333333333333 -791.666666666667
503.3333333333333 -782.5000000000002
505.0 -785.0000000000002
504.16666666666663 -783.3333333333336
509.16666666666663 -791.6666666666669
516.6666666666666 -794.166666666667
502.49999999999994 -778.3333333333336
515.8333333333333 -793.3333333333336
515.0 -792.5000000000003
507.5 -790.0000000000003
505.8333333333333 -785.8333333333336
520.0 -796.6666666666669
517.5 -795.0000000000002
519.1666666666666 -795.0000000000003
501.66666666666663 -777.5000000000003
520.8333333333333 -796.666666666667
513.3333333333333 -791.666666666667
503.3333333333333 -782.5000000000002
505.0 -785.0000000000002
504.16666666666663 -783.3333333333336
509.16666666666663 -791.6666666666669
516.6666666666666 -794.166666666667
515.0 -792.5000000000003
502.49999999999994 -778.3333333333336
515.8333333333333 -793.3333333333336
505.8333333333333 -785.8333333333336
517.5 -795.0000000000002
519.1666666666666 -795.0000000000003
520.8333333333333 -796.666666666667
513.3333333333333 -791.666666666667
503.3333333333333 -782.5000000000002
505.0 -785.0000000000002
504.16666666666663 -783.3333333333336
516.6666666666666 -794.166666666667
515.0 -792.5000000000003
502.49999999999994 -778.3333333333336
515.8333333333333 -793.3333333333336
505.8333333333333 -785.8333333333336
517.5 -795.0000000000002
519.1666666666666 -795.0000000000003
520.8333333333333 -796.666666666667
513.3333333333333 -791.666666666667
503.3333333333333 -782.5000000000002
505.0 -785.0000000000002
504.16666666666663 -783.3333333333336
516.6666666666666 -794.166666666667
502.49999999999994 -778.3333333333336
515.0 -792.5000000000003
515.8333333333333 -793.3333333333336
505.8333333333333 -785.8333333333336
517.5 -795.0000000000002
520.8333333333333 -796.666666666667
513.3333333333333 -791.666666666667
503.3333333333333 -782.5000000000002
505.0 -785.0000000000002
504.16666666666663 -783.3333333333336
516.6666666666666 -794.166666666667
502.49999999999994 -778.3333333333336
515.0 -792.5000000000003
515.8333333333333 -793.3333333333336
505.8333333333333 -785.8333333333336
517.5 -795.0000000000002
520.8333333333333 -796.666666666667
503.3333333333333 -782.5000000000002
505.0 -785.0000000000002
504.16666666666663 -783.3333333333336
513.3333333333333 -791.666666666667
516.6666666666666 -794.166666666667
502.49999999999994 -778.3333333333336
515.8333333333333 -793.3333333333336
515.0 -792.5000000000003
505.8333333333333 -785.8333333333336
517.5 -795.0000000000002
520.8333333333333 -796.666666666667
503.3333333333333 -782.5000000000002
505.0 -785.0000000000002
504.16666666666663 -783.3333333333336
513.3333333333333 -791.666666666667
516.6666666666666 -794.166666666667
515.0 -792.5000000000003
502.49999999999994 -778.3333333333336
515.8333333333333 -793.3333333333336
505.8333333333333 -785.8333333333336
517.5 -795.0000000000002
520.8333333333333 -796.666666666667
503.3333333333333 -782.5000000000002
505.0 -785.0000000000002
504.16666666666663 -783.3333333333336
513.3333333333333 -791.666666666667
516.6666666666666 -794.166666666667
502.49999999999994 -778.3333333333336
515.8333333333333 -793.3333333333336
515.0 -792.5000000000003
505.8333333333333 -785.8333333333336
517.5 -795.0000000000002
520.8333333333333 -796.666666666667
503.3333333333333 -782.5000000000002
505.0 -785.0000000000002
504.16666666666663 -783.3333333333336
513.3333333333333 -791.666666666667
516.6666666666666 -794.166666666667
515.8333333333333 -793.3333333333336
502.49999999999994 -778.3333333333336
515.0 -792.5000000000003
505.8333333333333 -785.8333333333336
517.5 -795.0000000000002
520.8333333333333 -796.666666666667
503.3333333333333 -782.5000000000002
505.0 -785.0000000000002
504.16666666666663 -783.3333333333336
513.3333333333333 -791.666666666667
516.6666666666666 -794.166666666667
515.0 -792.5000000000003
502.49999999999994 -778.3333333333336
515.8333333333333 -793.3333333333336
505.8333333333333 -785.8333333333336
517.5 -795.0000000000002
520.8333333333333 -796.666666666667
505.0 -785.0000000000002
504.16666666666663 -783.3333333333336
513.3333333333333 -791.666666666667
516.6666666666666 -794.166666666667
515.8333333333333 -793.3333333333336
515.0 -792.5000000000003
502.49999999999994 -778.3333333333336
505.8333333333333 -785.8333333333336
517.5 -795.0000000000002
520.8333333333333 -796.666666666667
505.0 -785.0000000000002
504.16666666666663 -783.3333333333336
516.6666666666666 -794.166666666667
515.0 -792.5000000000003
502.49999999999994 -778.3333333333336
505.8333333333333 -785.8333333333336
517.5 -795.0000000000002
520.8333333333333 -796.666666666667
505.0 -785.0000000000002
516.6666666666666 -794.166666666667
517.5 -795.0000000000002
516.6666666666666 -794.166666666667
513.3333333333333 -791.666666666667
517.5 -795.0000000000002
520.8333333333333 -796.666666666667
505.0 -785.0000000000002
513.3333333333333 -791.666666666667
505.0 -785.0000000000002
504.16666666666663 -783.3333333333336
505.0 -785.0000000000002
