501.66666666666663 -777.5000000000003
523.3333333333333 -798.3333333333336
501.66666666666663 -777.5000000000003
523.3333333333333 -798.3333333333336
516.6666666666666 -796.6666666666669
505.0 -787.5000000000002
512.5 -793.3333333333336
512.5 -793.3333333333336
502.49999999999994 -778.3333333333336
504.16666666666663 -783.3333333333336
503.3333333333333 -782.5000000000002
520.8333333333333 -796.666666666667
522.4999999999999 -797.5000000000003
507.49999999999994 -788.3333333333337
509.99999999999994 -791.666666666667
507.5 -790.0000000000003
505.8333333333333 -788.3333333333336
509.99999999999994 -791.666666666667
503.3333333333333 -782.5000000000002
504.16666666666663 -783.3333333333336
502.49999999999994 -778.3333333333336
508.3333333333333 -790.8333333333336
509.16666666666663 -791.6666666666669
508.3333333333333 -790.8333333333336
520.8333333333333 -796.666666666667
507.5 -790.0000000000003
509.16666666666663 -791.6666666666669
505.8333333333333 -788.3333333333336
523.3333333333333 -798.3333333333336
501.66666666666663 -777.5000000000003
503.3333333333333 -782.5000000000002
504.16666666666663 -783.3333333333336
507.5 -790.0000000000003
502.49999999999994 -778.3333333333336
508.3333333333333 -790.8333333333336
520.8333333333333 -796.666666666667
509.16666666666663 -791.6666666666669
501.66666666666663 -777.5000000000003
503.3333333333333 -782.5000000000002
504.16666666666663 -783.3333333333336
507.5 -790.0000000000003
502.49999999999994 -778.3333333333336
508.3333333333333 -790.8333333333336
520.8333333333333 -796.666666666667
509.16666666666663 -791.6666666666669
501.66666666666663 -777.5000000000003
520.8333333333333 -796.666666666667
503.3333333333333 -782.5000000000002
504.16666666666663 -783.3333333333336
507.5 -790.0000000000003
502.49999999999994 -778.3333333333336
508.3333333333333 -790.8333333333336
509.16666666666663 -791.6666666666669
501.66666666666663 -777.5000000000003
520.8333333333333 -796.666666666667
503.3333333333333 -782.5000000000002
504.16666666666663 -783.3333333333336
507.5 -790.0000000000003
502.49999999999994 -778.3333333333336
508.3333333333333 -790.8333333333336
509.16666666666663 -791.6666666666669
501.66666666666663 -777.5000000000003
520.8333333333333 -796.666666666667
503.3333333333333 -782.5000000000002
504.16666666666663 -783.3333333333336
507.5 -790.0000000000003
502.49999999999994 -778.3333333333336
508.3333333333333 -790.8333333333336
509.16666666666663 -791.6666666666669
501.66666666666663 -777.5000000000003
520.8333333333333 -796.666666666667
503.3333333333333 -782.5000000000002
504.16666666666663 -783.3333333333336
507.5 -790.0000000000003
502.49999999999994 -778.3333333333336
508.3333333333333 -790.8333333333336
509.16666666666663 -791.6666666666669
501.66666666666663 -777.5000000000003
520.8333333333333 -796.666666666667
503.3333333333333 -782.5000000000002
504.16666666666663 -783.3333333333336
507.5 -790.0000000000003
502.49999999999994 -778.3333333333336
509.16666666666663 -791.6666666666669
520.8333333333333 -796.666666666667
503.3333333333333 -782.5000000000002
504.16666666666663 -783.3333333333336
507.5 -790.0000000000003
502.49999999999994 -778.3333333333336
509.16666666666663 -791.6666666666669
520.8333333333333 -796.666666666667
503.3333333333333 -782.5000000000002
504.16666666666663 -783.3333333333336
502.49999999999994 -778.3333333333336
509.16666666666663 -791.6666666666669
520.8333333333333 -796.666666666667
503.3333333333333 -782.5000000000002
504.16666666666663 -783.3333333333336
509.16666666666663 -791.6666666666669
502.49999999999994 -778.3333333333336
520.8333333333333 -796.666666666667
503.3333333333333 -782.5000000000002
504.16666666666663 -783.3333333333336
509.16666666666663 -791.6666666666669
502.49999999999994 -778.3333333333336
520.8333333333333 -796.666666666667
503.3333333333333 -782.5000000000002
504.16666666666663 -783.3333333333336
509.16666666666663 -791.6666666666669
502.49999999999994 -778.3333333333336
520.8333333333333 -796.666666666667
503.3333333333333 -782.5000000000002
504.16666666666663 -783.3333333333336
502.49999999999994 -778.3333333333336
520.8333333333333 -796.666666666667
502.49999999999994 -778.3333333333336
520.8333333333333 -796.666666666667
508.3333333333333 -790.8333333333336
509.16666666666663 -791.6666666666669
503.3333333333333 -782.5000000000002
507.5 -790.0000000000003
508.3333333333333 -790.8333333333336
503.3333333333333 -782.5000000000002
507.5 -790.0000000000003
502.49999999999994 -778.3333333333336
509.16666666666663 -791.6666666666669
508.3333333333333 -790.8333333333336
503.3333333333333 -782.5000000000002
501.66666666666663 -777.5000000000003
504.16666666666663 -783.3333333333336
523.3333333333333 -798.3333333333336
504.16666666666663 -783.3333333333336
523.3333333333333 -798.3333333333336
504.16666666666663 -783.3333333333336
503.3333333333333 -782.5000000000002
504.16666666666663 -783.3333333333336
509.99999999999994 -791.666666666667
508.3333333333333 -790.8333333333336
503.3333333333333 -782.5000000000002
507.5 -790.0000000000003
520.8333333333333 -796.666666666667
509.16666666666663 -791.6666666666669
503.3333333333333 -782.5000000000002
503.3333333333333 -782.5000000000002
504.16666666666663 -783.3333333333336
503.3333333333333 -782.5000000000002
520.8333333333333 -796.666666666667
504.16666666666663 -783.3333333333336
509.16666666666663 -791.6666666666669
509.16666666666663 -791.6666666666669
504.16666666666663 -783.3333333333336
508.3333333333333 -790.8333333333336
503.3333333333333 -782.5000000000002
502.49999999999994 -778.3333333333336
507.5 -790.0000000000003
509.16666666666663 -791.6666666666669
509.99999999999994 -791.666666666667
507.5 -790.0000000000003
509.16666666666663 -791.6666666666669
520.8333333333333 -796.666666666667
504.16666666666663 -783.3333333333336
503.3333333333333 -782.5000000000002
503.3333333333333 -782.5000000000002
508.3333333333333 -790.8333333333336
504.16666666666663 -783.3333333333336
509.16666666666663 -791.6666666666669
520.8333333333333 -796.666666666667
504.16666666666663 -783.3333333333336
509.16666666666663 -791.6666666666669
503.3333333333333 -782.5000000000002
520.8333333333333 -796.666666666667
508.3333333333333 -790.8333333333336
507.5 -790.0000000000003
508.3333333333333 -790.8333333333336
508.3333333333333 -790.8333333333336
508.3333333333333 -790.8333333333336
509.16666666666663 -791.6666666666669
509.16666666666663 -791.6666666666669
508.3333333333333 -790.8333333333336
503.3333333333333 -782.5000000000002
509.16666666666663 -791.6666666666669
508.3333333333333 -790.8333333333336
504.16666666666663 -783.3333333333336
507.5 -790.0000000000003
509.16666666666663 -791.6666666666669
508.3333333333333 -790.8333333333336
508.3333333333333 -790.8333333333336
520.8333333333333 -796.666666666667
504.16666666666663 -783.3333333333336
504.16666666666663 -783.3333333333336
508.3333333333333 -790.8333333333336
504.16666666666663 -783.3333333333336
508.3333333333333 -790.8333333333336
508.3333333333333 -790.8333333333336
504.16666666666663 -783.3333333333336
503.3333333333333 -782.5000000000002
502.49999999999994 -778.3333333333336
508.3333333333333 -790.8333333333336
508.3333333333333 -790.8333333333336
505.8333333333333 -788.3333333333336
