501.66666666666663 -780.0000000000002
520.0 -800.8333333333336
501.66666666666663 -780.0000000000002
515.8333333333333 -796.6666666666669
502.49999999999994 -780.8333333333336
503.3333333333333 -785.0000000000002
517.5 -798.3333333333336
517.5 -798.3333333333336
512.5 -795.0000000000003
515.8333333333333 -796.6666666666669
511.66666666666663 -795.0000000000002
506.6666666666667 -790.0000000000002
504.16666666666663 -785.8333333333336
505.0 -787.5000000000002
512.5 -795.0000000000003
509.99999999999994 -793.3333333333336
503.3333333333333 -785.0000000000002
510.0 -793.3333333333337
505.0 -787.5000000000002
502.49999999999994 -780.8333333333336
504.16666666666663 -785.8333333333336
509.16666666666663 -792.5000000000002
505.8333333333333 -788.3333333333336
507.5 -790.8333333333336
507.5 -790.8333333333336
508.3333333333333 -791.666666666667
505.8333333333333 -788.3333333333336
506.66666666666663 -789.166666666667
508.3333333333333 -791.666666666667
510.8333333333333 -794.166666666667
510.8333333333333 -794.166666666667
509.16666666666663 -792.5000000000002
506.66666666666663 -789.166666666667
501.66666666666663 -780.0000000000002
512.5 -795.0000000000003
503.3333333333333 -785.0000000000002
505.0 -787.5000000000002
502.49999999999994 -780.8333333333336
504.16666666666663 -785.8333333333336
505.8333333333333 -788.3333333333336
509.16666666666663 -792.5000000000002
508.3333333333333 -791.666666666667
510.8333333333333 -794.166666666667
507.5 -790.8333333333336
501.66666666666663 -780.0000000000002
512.5 -795.0000000000003
503.3333333333333 -785.0000000000002
505.0 -787.5000000000002
502.49999999999994 -780.8333333333336
504.16666666666663 -785.8333333333336
508.3333333333333 -791.666666666667
505.8333333333333 -788.3333333333336
501.66666666666663 -780.0000000000002
503.3333333333333 -785.0000000000002
505.0 -787.5000000000002
502.49999999999994 -780.8333333333336
504.16666666666663 -785.8333333333336
508.3333333333333 -791.666666666667
505.8333333333333 -788.3333333333336
501.66666666666663 -780.0000000000002
503.3333333333333 -785.0000000000002
505.0 -787.5000000000002
502.49999999999994 -780.8333333333336
504.16666666666663 -785.8333333333336
508.3333333333333 -791.666666666667
505.8333333333333 -788.3333333333336
501.66666666666663 -780.0000000000002
503.3333333333333 -785.0000000000002
505.0 -787.5000000000002
502.49999999999994 -780.8333333333336
504.16666666666663 -785.8333333333336
505.8333333333333 -788.3333333333336
501.66666666666663 -780.0000000000002
503.3333333333333 -785.0000000000002
505.0 -787.5000000000002
504.16666666666663 -785.8333333333336
505.8333333333333 -788.3333333333336
501.66666666666663 -780.0000000000002
503.3333333333333 -785.0000000000002
505.0 -787.5000000000002
504.16666666666663 -785.8333333333336
505.8333333333333 -788.3333333333336
501.66666666666663 -780.0000000000002
503.3333333333333 -785.0000000000002
505.0 -787.5000000000002
504.16666666666663 -785.8333333333336
505.8333333333333 -788.3333333333336
501.66666666666663 -780.0000000000002
503.3333333333333 -785.0000000000002
505.0 -787.5000000000002
504.16666666666663 -785.8333333333336
505.8333333333333 -788.3333333333336
503.3333333333333 -785.0000000000002
505.0 -787.5000000000002
504.16666666666663 -785.8333333333336
505.8333333333333 -788.3333333333336
503.3333333333333 -785.0000000000002
505.0 -787.5000000000002
504.16666666666663 -785.8333333333336
505.8333333333333 -788.3333333333336
503.3333333333333 -785.0000000000002
505.0 -787.5000000000002
504.16666666666663 -785.8333333333336
505.8333333333333 -788.3333333333336
503.3333333333333 -785.0000000000002
505.0 -787.5000000000002
504.16666666666663 -785.8333333333336
505.8333333333333 -788.3333333333336
503.3333333333333 -785.0000000000002
505.0 -787.5000000000002
504.16666666666663 -785.8333333333336
505.8333333333333 -788.3333333333336
503.3333333333333 -785.0000000000002
505.0 -787.5000000000002
504.16666666666663 -785.8333333333336
505.8333333333333 -788.3333333333336
503.3333333333333 -785.0000000000002
505.0 -787.5000000000002
504.16666666666663 -785.8333333333336
505.8333333333333 -788.3333333333336
503.3333333333333 -785.0000000000002
505.0 -787.5000000000002
504.16666666666663 -785.8333333333336
505.8333333333333 -788.3333333333336
503.3333333333333 -785.0000000000002
505.0 -787.5000000000002
504.16666666666663 -785.8333333333336
505.8333333333333 -788.3333333333336
503.3333333333333 -785.0000000000002
505.0 -787.5000000000002
504.16666666666663 -785.8333333333336
505.8333333333333 -788.3333333333336
505.8333333333333 -788.3333333333336
505.0 -787.5000000000002
505.8333333333333 -788.3333333333336
505.8333333333333 -788.3333333333336
508.3333333333333 -791.666666666667
505.8333333333333 -788.3333333333336
505.0 -787.5000000000002
503.3333333333333 -785.0000000000002
505.8333333333333 -788.3333333333336
505.8333333333333 -788.3333333333336
505.0 -787.5000000000002
505.8333333333333 -788.3333333333336
505.8333333333333 -788.3333333333336
505.8333333333333 -788.3333333333336
505.8333333333333 -788.3333333333336
505.0 -787.5000000000002
505.8333333333333 -788.3333333333336
505.8333333333333 -788.3333333333336
505.8333333333333 -788.3333333333336
505.8333333333333 -788.3333333333336
504.16666666666663 -785.8333333333336
503.3333333333333 -785.0000000000002
508.3333333333333 -791.666666666667
505.8333333333333 -788.3333333333336
503.3333333333333 -785.0000000000002
505.0 -787.5000000000002
501.66666666666663 -780.0000000000002
505.0 -787.5000000000002
505.0 -787.5000000000002
502.49999999999994 -780.8333333333336
505.8333333333333 -788.3333333333336
505.8333333333333 -788.3333333333336
505.0 -787.5000000000002
503.3333333333333 -785.0000000000002
505.0 -787.5000000000002
505.0 -787.5000000000002
505.8333333333333 -788.3333333333336
505.8333333333333 -788.3333333333336
505.0 -787.5000000000002
505.0 -787.5000000000002
505.0 -787.5000000000002
504.16666666666663 -785.8333333333336
505.8333333333333 -788.3333333333336
505.8333333333333 -788.3333333333336
504.16666666666663 -785.8333333333336
505.0 -787.5000000000002
505.8333333333333 -788.3333333333336
503.3333333333333 -785.0000000000002
503.3333333333333 -785.0000000000002
505.0 -787.5000000000002
503.3333333333333 -785.0000000000002
505.8333333333333 -788.3333333333336
505.8333333333333 -788.3333333333336
508.3333333333333 -791.666666666667
505.0 -787.5000000000002
501.66666666666663 -780.0000000000002
503.3333333333333 -785.0000000000002
508.3333333333333 -791.666666666667
505.0 -787.5000000000002
507.5 -790.8333333333336
505.8333333333333 -788.3333333333336
505.8333333333333 -788.3333333333336
505.8333333333333 -788.3333333333336
503.3333333333333 -785.0000000000002
505.8333333333333 -788.3333333333336
505.0 -787.5000000000002
505.8333333333333 -788.3333333333336
504.16666666666663 -785.8333333333336
