501.66666666666663 -780.0000000000002
520.0 -800.8333333333336
520.0 -800.8333333333336
501.66666666666663 -780.0000000000002
503.33333333333326 -785.0000000000002
512.4999999999999 -795.8333333333336
502.49999999999994 -781.666666666667
515.0 -795.8333333333337
519.1666666666666 -800.0000000000002
516.6666666666666 -797.5000000000003
509.16666666666663 -792.5000000000003
511.66666666666663 -795.0000000000003
502.49999999999994 -781.666666666667
504.16666666666663 -785.8333333333336
505.0 -787.5000000000002
505.0 -787.5000000000002
504.16666666666663 -785.8333333333336
505.8333333333333 -788.3333333333336
507.5 -790.8333333333336
508.3333333333333 -791.666666666667
510.8333333333333 -794.166666666667
507.5 -790.8333333333336
505.8333333333333 -788.3333333333336
508.3333333333333 -791.666666666667
517.5 -798.3333333333336
518.3333333333333 -799.1666666666669
515.8333333333333 -796.666666666667
515.8333333333333 -796.666666666667
518.3333333333333 -799.1666666666669
506.66666666666663 -789.166666666667
510.8333333333333 -794.166666666667
506.6666666666667 -790.0000000000002
517.5 -798.3333333333336
509.99999999999994 -793.3333333333336
510.0 -793.3333333333337
515.0 -795.8333333333337
506.6666666666667 -790.0000000000002
506.66666666666663 -789.166666666667
510.0 -793.3333333333337
509.99999999999994 -793.3333333333336
501.66666666666663 -780.0000000000002
520.0 -800.8333333333336
502.49999999999994 -781.666666666667
505.0 -787.5000000000002
504.16666666666663 -785.8333333333336
505.8333333333333 -788.3333333333336
507.5 -790.8333333333336
508.3333333333333 -791.666666666667
518.3333333333333 -799.1666666666669
517.5 -798.3333333333336
510.8333333333333 -794.166666666667
515.8333333333333 -796.666666666667
515.0 -795.8333333333337
506.6666666666667 -790.0000000000002
506.66666666666663 -789.166666666667
510.0 -793.3333333333337
509.99999999999994 -793.3333333333336
501.66666666666663 -780.0000000000002
515.8333333333333 -796.666666666667
517.5 -798.3333333333336
505.0 -787.5000000000002
504.16666666666663 -785.8333333333336
505.8333333333333 -788.3333333333336
507.5 -790.8333333333336
508.3333333333333 -791.666666666667
510.8333333333333 -794.166666666667
515.0 -795.8333333333337
506.6666666666667 -790.0000000000002
509.99999999999994 -793.3333333333336
506.66666666666663 -789.166666666667
510.0 -793.3333333333337
501.66666666666663 -780.0000000000002
517.5 -798.3333333333336
505.0 -787.5000000000002
504.16666666666663 -785.8333333333336
507.5 -790.8333333333336
505.8333333333333 -788.3333333333336
508.3333333333333 -791.666666666667
510.8333333333333 -794.166666666667
509.99999999999994 -793.3333333333336
506.66666666666663 -789.166666666667
510.0 -793.3333333333337
501.66666666666663 -780.0000000000002
505.0 -787.5000000000002
504.16666666666663 -785.8333333333336
507.5 -790.8333333333336
505.8333333333333 -788.3333333333336
508.3333333333333 -791.666666666667
510.8333333333333 -794.166666666667
506.66666666666663 -789.166666666667
510.0 -793.3333333333337
501.66666666666663 -780.0000000000002
505.0 -787.5000000000002
504.16666666666663 -785.8333333333336
507.5 -790.8333333333336
505.8333333333333 -788.3333333333336
508.3333333333333 -791.666666666667
510.8333333333333 -794.166666666667
506.66666666666663 -789.166666666667
501.66666666666663 -780.0000000000002
505.0 -787.5000000000002
504.16666666666663 -785.8333333333336
507.5 -790.8333333333336
505.8333333333333 -788.3333333333336
508.3333333333333 -791.666666666667
510.8333333333333 -794.166666666667
506.66666666666663 -789.166666666667
501.66666666666663 -780.0000000000002
505.0 -787.5000000000002
504.16666666666663 -785.8333333333336
505.8333333333333 -788.3333333333336
508.3333333333333 -791.666666666667
510.8333333333333 -794.166666666667
507.5 -790.8333333333336
501.66666666666663 -780.0000000000002
505.0 -787.5000000000002
504.16666666666663 -785.8333333333336
508.3333333333333 -791.666666666667
505.8333333333333 -788.3333333333336
501.66666666666663 -780.0000000000002
505.0 -787.5000000000002
504.16666666666663 -785.8333333333336
508.3333333333333 -791.666666666667
505.8333333333333 -788.3333333333336
501.66666666666663 -780.0000000000002
505.0 -787.5000000000002
504.16666666666663 -785.8333333333336
508.3333333333333 -791.666666666667
505.8333333333333 -788.3333333333336
501.66666666666663 -780.0000000000002
505.0 -787.5000000000002
504.16666666666663 -785.8333333333336
505.8333333333333 -788.3333333333336
501.66666666666663 -780.0000000000002
505.0 -787.5000000000002
504.16666666666663 -785.8333333333336
505.8333333333333 -788.3333333333336
501.66666666666663 -780.0000000000002
505.0 -787.5000000000002
504.16666666666663 -785.8333333333336
505.8333333333333 -788.3333333333336
501.66666666666663 -780.0000000000002
505.0 -787.5000000000002
504.16666666666663 -785.8333333333336
505.8333333333333 -788.3333333333336
501.66666666666663 -780.0000000000002
505.0 -787.5000000000002
504.16666666666663 -785.8333333333336
505.8333333333333 -788.3333333333336
505.0 -787.5000000000002
504.16666666666663 -785.8333333333336
505.8333333333333 -788.3333333333336
505.0 -787.5000000000002
504.16666666666663 -785.8333333333336
505.8333333333333 -788.3333333333336
505.0 -787.5000000000002
504.16666666666663 -785.8333333333336
505.8333333333333 -788.3333333333336
505.0 -787.5000000000002
504.16666666666663 -785.8333333333336
505.8333333333333 -788.3333333333336
505.0 -787.5000000000002
504.16666666666663 -785.8333333333336
505.8333333333333 -788.3333333333336
505.0 -787.5000000000002
504.16666666666663 -785.8333333333336
505.8333333333333 -788.3333333333336
505.0 -787.5000000000002
504.16666666666663 -785.8333333333336
505.8333333333333 -788.3333333333336
505.0 -787.5000000000002
504.16666666666663 -785.8333333333336
505.8333333333333 -788.3333333333336
505.0 -787.5000000000002
504.16666666666663 -785.8333333333336
505.8333333333333 -788.3333333333336
505.0 -787.5000000000002
504.16666666666663 -785.8333333333336
505.8333333333333 -788.3333333333336
505.8333333333333 -788.3333333333336
505.0 -787.5000000000002
505.8333333333333 -788.3333333333336
505.8333333333333 -788.3333333333336
508.3333333333333 -791.666666666667
505.8333333333333 -788.3333333333336
505.0 -787.5000000000002
505.8333333333333 -788.3333333333336
505.8333333333333 -788.3333333333336
505.0 -787.5000000000002
505.8333333333333 -788.3333333333336
505.8333333333333 -788.3333333333336
505.8333333333333 -788.3333333333336
505.8333333333333 -788.3333333333336
505.0 -787.5000000000002
505.8333333333333 -788.3333333333336
505.8333333333333 -788.3333333333336
505.8333333333333 -788.3333333333336
505.8333333333333 -788.3333333333336
504.16666666666663 -785.8333333333336
508.3333333333333 -791.666666666667
