501.6666666666666 -780.0000000000002
519.9999999999999 -800.8333333333336
501.6666666666666 -780.0000000000002
519.9999999999999 -800.8333333333336
502.4999999999999 -781.666666666667
503.33333333333326 -785.0000000000002
515.0 -795.8333333333337
512.4999999999999 -795.8333333333336
502.4999999999999 -781.666666666667
503.33333333333326 -785.0000000000002
517.4999999999999 -798.3333333333336
509.9999999999999 -793.3333333333337
509.9999999999999 -793.3333333333337
504.1666666666666 -785.8333333333336
509.1666666666666 -792.5000000000003
505.8333333333332 -787.5000000000003
510.83333333333326 -794.1666666666671
504.1666666666666 -785.8333333333336
509.1666666666666 -792.5000000000003
518.3333333333333 -799.166666666667
510.83333333333326 -794.1666666666671
517.4999999999999 -798.3333333333336
516.6666666666665 -797.5000000000003
519.1666666666665 -800.0000000000002
519.1666666666665 -800.0000000000002
515.8333333333333 -796.6666666666671
518.3333333333333 -799.166666666667
504.9999999999999 -786.666666666667
511.6666666666666 -795.0000000000003
506.6666666666666 -789.166666666667
511.6666666666666 -795.0000000000003
508.33333333333326 -791.666666666667
505.83333333333326 -788.3333333333336
508.3333333333332 -790.8333333333337
516.6666666666665 -797.5000000000003
515.8333333333333 -796.6666666666671
507.4999999999999 -790.0000000000003
506.66666666666663 -790.0000000000002
504.99999999999994 -787.5000000000002
507.49999999999994 -790.8333333333336
512.4999999999999 -795.8333333333336
515.0 -795.8333333333337
508.33333333333326 -791.666666666667
505.83333333333326 -788.3333333333336
504.9999999999999 -786.666666666667
506.6666666666666 -789.166666666667
506.66666666666663 -790.0000000000002
504.99999999999994 -787.5000000000002
507.49999999999994 -790.8333333333336
507.4999999999999 -790.0000000000003
508.3333333333332 -790.8333333333337
501.6666666666666 -780.0000000000002
519.9999999999999 -800.8333333333336
502.4999999999999 -781.666666666667
503.33333333333326 -785.0000000000002
504.1666666666666 -785.8333333333336
509.1666666666666 -792.5000000000003
510.83333333333326 -794.1666666666671
517.4999999999999 -798.3333333333336
519.1666666666665 -800.0000000000002
511.6666666666666 -795.0000000000003
516.6666666666665 -797.5000000000003
515.8333333333333 -796.6666666666671
512.4999999999999 -795.8333333333336
515.0 -795.8333333333337
505.83333333333326 -788.3333333333336
508.33333333333326 -791.666666666667
506.6666666666666 -789.166666666667
504.9999999999999 -786.666666666667
504.99999999999994 -787.5000000000002
506.66666666666663 -790.0000000000002
507.49999999999994 -790.8333333333336
507.4999999999999 -790.0000000000003
519.9999999999999 -800.8333333333336
501.6666666666666 -780.0000000000002
502.4999999999999 -781.666666666667
503.33333333333326 -785.0000000000002
504.1666666666666 -785.8333333333336
505.83333333333326 -788.3333333333336
517.4999999999999 -798.3333333333336
519.1666666666665 -800.0000000000002
509.1666666666666 -792.5000000000003
511.6666666666666 -795.0000000000003
516.6666666666665 -797.5000000000003
512.4999999999999 -795.8333333333336
515.0 -795.8333333333337
508.33333333333326 -791.666666666667
504.99999999999994 -787.5000000000002
504.9999999999999 -786.666666666667
506.6666666666666 -789.166666666667
507.49999999999994 -790.8333333333336
506.66666666666663 -790.0000000000002
507.4999999999999 -790.0000000000003
519.9999999999999 -800.8333333333336
501.6666666666666 -780.0000000000002
502.4999999999999 -781.666666666667
503.33333333333326 -785.0000000000002
508.33333333333326 -791.666666666667
504.1666666666666 -785.8333333333336
505.83333333333326 -788.3333333333336
517.4999999999999 -798.3333333333336
519.1666666666665 -800.0000000000002
509.1666666666666 -792.5000000000003
511.6666666666666 -795.0000000000003
516.6666666666665 -797.5000000000003
512.4999999999999 -795.8333333333336
515.0 -795.8333333333337
507.49999999999994 -790.8333333333336
504.99999999999994 -787.5000000000002
504.9999999999999 -786.666666666667
506.6666666666666 -789.166666666667
506.66666666666663 -790.0000000000002
507.4999999999999 -790.0000000000003
501.6666666666666 -780.0000000000002
519.9999999999999 -800.8333333333336
502.4999999999999 -781.666666666667
503.33333333333326 -785.0000000000002
504.1666666666666 -785.8333333333336
508.33333333333326 -791.666666666667
505.83333333333326 -788.3333333333336
517.4999999999999 -798.3333333333336
519.1666666666665 -800.0000000000002
509.1666666666666 -792.5000000000003
511.6666666666666 -795.0000000000003
516.6666666666665 -797.5000000000003
512.4999999999999 -795.8333333333336
515.0 -795.8333333333337
504.99999999999994 -787.5000000000002
507.49999999999994 -790.8333333333336
506.6666666666666 -789.166666666667
504.9999999999999 -786.666666666667
506.66666666666663 -790.0000000000002
507.4999999999999 -790.0000000000003
519.9999999999999 -800.8333333333336
502.4999999999999 -781.666666666667
503.33333333333326 -785.0000000000002
504.1666666666666 -785.8333333333336
508.33333333333326 -791.666666666667
505.83333333333326 -788.3333333333336
517.4999999999999 -798.3333333333336
519.1666666666665 -800.0000000000002
509.1666666666666 -792.5000000000003
511.6666666666666 -795.0000000000003
516.6666666666665 -797.5000000000003
512.4999999999999 -795.8333333333336
515.0 -795.8333333333337
504.99999999999994 -787.5000000000002
507.49999999999994 -790.8333333333336
504.9999999999999 -786.666666666667
506.6666666666666 -789.166666666667
506.66666666666663 -790.0000000000002
507.4999999999999 -790.0000000000003
503.33333333333326 -785.0000000000002
504.1666666666666 -785.8333333333336
505.83333333333326 -788.3333333333336
508.33333333333326 -791.666666666667
519.1666666666665 -800.0000000000002
509.1666666666666 -792.5000000000003
511.6666666666666 -795.0000000000003
516.6666666666665 -797.5000000000003
512.4999999999999 -795.8333333333336
515.0 -795.8333333333337
507.49999999999994 -790.8333333333336
504.99999999999994 -787.5000000000002
504.9999999999999 -786.666666666667
506.6666666666666 -789.166666666667
506.66666666666663 -790.0000000000002
507.4999999999999 -790.0000000000003
503.33333333333326 -785.0000000000002
504.1666666666666 -785.8333333333336
508.33333333333326 -791.666666666667
505.83333333333326 -788.3333333333336
519.1666666666665 -800.0000000000002
509.1666666666666 -792.5000000000003
511.6666666666666 -795.0000000000003
516.6666666666665 -797.5000000000003
512.4999999999999 -795.8333333333336
515.0 -795.8333333333337
507.49999999999994 -790.8333333333336
504.99999999999994 -787.5000000000002
504.9999999999999 -786.666666666667
506.6666666666666 -789.166666666667
506.66666666666663 -790.0000000000002
507.4999999999999 -790.0000000000003
503.33333333333326 -785.0000000000002
505.83333333333326 -788.3333333333336
504.1666666666666 -785.8333333333336
508.33333333333326 -791.666666666667
519.1666666666665 -800.0000000000002
509.1666666666666 -792.5000000000003
511.6666666666666 -795.0000000000003
516.6666666666665 -797.5000000000003
515.0 -795.8333333333337
504.99999999999994 -787.5000000000002
507.49999999999994 -790.8333333333336
506.6666666666666 -789.166666666667
506.66666666666663 -790.0000000000002
507.4999999999999 -790.0000000000003
503.33333333333326 -785.0000000000002
504.1666666666666 -785.8333333333336
