501.6666666666666 -781.666666666667
501.6666666666666 -781.666666666667
506.6666666666666 -793.3333333333336
509.9999999999999 -797.5000000000003
506.6666666666666 -793.3333333333336
517.4999999999999 -803.3333333333336
501.6666666666666 -781.666666666667
504.1666666666666 -790.0000000000002
501.6666666666666 -781.666666666667
509.9999999999999 -797.5000000000003
504.9999999999999 -790.8333333333336
509.1666666666666 -796.666666666667
511.6666666666666 -799.166666666667
504.9999999999999 -790.8333333333336
509.9999999999999 -797.5000000000003
507.4999999999999 -794.166666666667
509.1666666666666 -796.666666666667
510.8333333333332 -798.3333333333337
502.4999999999999 -785.8333333333337
507.4999999999999 -794.166666666667
501.6666666666666 -781.666666666667
507.4999999999999 -794.166666666667
517.4999999999999 -803.3333333333336
514.1666666666665 -801.666666666667
509.9999999999999 -797.5000000000003
503.3333333333332 -786.666666666667
517.4999999999999 -803.3333333333336
519.9999999999999 -805.8333333333336
504.1666666666666 -790.0000000000002
504.1666666666665 -787.5000000000003
517.4999999999999 -803.3333333333336
514.1666666666665 -801.666666666667
518.3333333333333 -804.1666666666669
509.9999999999999 -797.5000000000003
504.9999999999999 -790.8333333333336
509.1666666666666 -796.666666666667
504.9999999999999 -790.8333333333336
503.3333333333332 -786.666666666667
518.3333333333333 -804.1666666666669
504.9999999999999 -790.8333333333336
504.1666666666666 -790.0000000000002
