501.6666666666666 -784.166666666667
501.6666666666666 -784.166666666667
521.6666666666665 -807.5000000000002
521.6666666666665 -807.5000000000002
515.8333333333333 -803.3333333333336
518.3333333333333 -804.1666666666669
504.1666666666665 -787.5000000000003
504.1666666666666 -790.0000000000002
502.4999999999999 -785.8333333333337
514.9999999999999 -802.5000000000002
520.8333333333333 -806.6666666666669
512.4999999999999 -800.0000000000003
511.6666666666665 -799.1666666666671
519.1666666666665 -805.0000000000002
519.9999999999999 -805.8333333333336
502.4999999999999 -785.8333333333337
510.8333333333332 -798.3333333333337
509.9999999999999 -797.5000000000003
504.9999999999999 -790.8333333333336
507.49999999999994 -795.0000000000002
503.3333333333332 -786.6666666666671
510.8333333333332 -798.3333333333337
509.9999999999999 -797.5000000000003
504.9999999999999 -790.8333333333336
519.9999999999999 -805.8333333333336
513.3333333333333 -800.8333333333337
514.9999999999999 -802.5000000000002
512.4999999999999 -800.0000000000003
514.1666666666665 -801.666666666667
519.1666666666665 -805.0000000000002
513.3333333333333 -800.8333333333337
511.6666666666665 -799.1666666666671
503.3333333333332 -786.6666666666671
507.4999999999999 -794.166666666667
505.8333333333332 -791.666666666667
509.1666666666666 -796.666666666667
506.6666666666666 -793.3333333333336
514.1666666666665 -801.666666666667
508.3333333333332 -795.0000000000003
509.1666666666665 -795.8333333333337
506.6666666666665 -792.5000000000003
508.33333333333326 -795.8333333333336
520.8333333333333 -806.6666666666669
518.3333333333333 -804.1666666666669
505.83333333333326 -792.5000000000002
504.1666666666666 -790.0000000000002
506.6666666666666 -793.3333333333336
509.1666666666666 -796.666666666667
505.8333333333332 -791.666666666667
507.4999999999999 -794.166666666667
504.1666666666665 -787.5000000000003
508.33333333333326 -795.8333333333336
505.83333333333326 -792.5000000000002
506.6666666666665 -792.5000000000003
509.1666666666665 -795.8333333333337
508.3333333333332 -795.0000000000003
521.6666666666665 -807.5000000000002
502.4999999999999 -785.8333333333337
504.9999999999999 -790.8333333333336
510.8333333333332 -798.3333333333337
509.9999999999999 -797.5000000000003
519.9999999999999 -805.8333333333336
514.9999999999999 -802.5000000000002
512.4999999999999 -800.0000000000003
519.1666666666665 -805.0000000000002
513.3333333333333 -800.8333333333337
511.6666666666665 -799.1666666666671
503.3333333333332 -786.6666666666671
514.1666666666665 -801.666666666667
520.8333333333333 -806.6666666666669
518.3333333333333 -804.1666666666669
504.1666666666666 -790.0000000000002
509.1666666666666 -796.666666666667
506.6666666666666 -793.3333333333336
505.8333333333332 -791.666666666667
507.4999999999999 -794.166666666667
504.1666666666665 -787.5000000000003
505.83333333333326 -792.5000000000002
508.33333333333326 -795.8333333333336
509.1666666666665 -795.8333333333337
506.6666666666665 -792.5000000000003
508.3333333333332 -795.0000000000003
521.6666666666665 -807.5000000000002
502.4999999999999 -785.8333333333337
510.8333333333332 -798.3333333333337
504.9999999999999 -790.8333333333336
509.9999999999999 -797.5000000000003
519.9999999999999 -805.8333333333336
512.4999999999999 -800.0000000000003
514.9999999999999 -802.5000000000002
519.1666666666665 -805.0000000000002
513.3333333333333 -800.8333333333337
511.6666666666665 -799.1666666666671
503.3333333333332 -786.6666666666671
514.1666666666665 -801.666666666667
518.3333333333333 -804.1666666666669
520.8333333333333 -806.6666666666669
504.1666666666666 -790.0000000000002
506.6666666666666 -793.3333333333336
509.1666666666666 -796.666666666667
505.8333333333332 -791.666666666667
507.4999999999999 -794.166666666667
504.1666666666665 -787.5000000000003
508.33333333333326 -795.8333333333336
505.83333333333326 -792.5000000000002
509.1666666666665 -795.8333333333337
506.6666666666665 -792.5000000000003
508.3333333333332 -795.0000000000003
521.6666666666665 -807.5000000000002
502.4999999999999 -785.8333333333337
509.9999999999999 -797.5000000000003
504.9999999999999 -790.8333333333336
510.8333333333332 -798.3333333333337
519.9999999999999 -805.8333333333336
514.9999999999999 -802.5000000000002
512.4999999999999 -800.0000000000003
519.1666666666665 -805.0000000000002
513.3333333333333 -800.8333333333337
511.6666666666665 -799.1666666666671
503.3333333333332 -786.6666666666671
514.1666666666665 -801.666666666667
520.8333333333333 -806.6666666666669
518.3333333333333 -804.1666666666669
504.1666666666666 -790.0000000000002
509.1666666666666 -796.666666666667
506.6666666666666 -793.3333333333336
507.4999999999999 -794.166666666667
505.8333333333332 -791.666666666667
504.1666666666665 -787.5000000000003
505.83333333333326 -792.5000000000002
508.33333333333326 -795.8333333333336
509.1666666666665 -795.8333333333337
506.6666666666665 -792.5000000000003
508.3333333333332 -795.0000000000003
502.4999999999999 -785.8333333333337
509.9999999999999 -797.5000000000003
504.9999999999999 -790.8333333333336
510.8333333333332 -798.3333333333337
519.9999999999999 -805.8333333333336
514.9999999999999 -802.5000000000002
512.4999999999999 -800.0000000000003
519.1666666666665 -805.0000000000002
511.6666666666665 -799.1666666666671
503.3333333333332 -786.6666666666671
514.1666666666665 -801.666666666667
518.3333333333333 -804.1666666666669
520.8333333333333 -806.6666666666669
504.1666666666666 -790.0000000000002
509.1666666666666 -796.666666666667
506.6666666666666 -793.3333333333336
505.8333333333332 -791.666666666667
507.4999999999999 -794.166666666667
504.1666666666665 -787.5000000000003
505.83333333333326 -792.5000000000002
508.33333333333326 -795.8333333333336
509.1666666666665 -795.8333333333337
506.6666666666665 -792.5000000000003
508.3333333333332 -795.0000000000003
504.9999999999999 -790.8333333333336
510.8333333333332 -798.3333333333337
509.9999999999999 -797.5000000000003
507.4999999999999 -794.166666666667
519.9999999999999 -805.8333333333336
514.9999999999999 -802.5000000000002
512.4999999999999 -800.0000000000003
519.1666666666665 -805.0000000000002
503.3333333333332 -786.6666666666671
514.1666666666665 -801.666666666667
518.3333333333333 -804.1666666666669
520.8333333333333 -806.6666666666669
504.1666666666666 -790.0000000000002
506.6666666666666 -793.3333333333336
509.1666666666666 -796.666666666667
508.3333333333332 -795.0000000000003
505.8333333333332 -791.666666666667
504.1666666666665 -787.5000000000003
505.83333333333326 -792.5000000000002
508.33333333333326 -795.8333333333336
506.6666666666665 -792.5000000000003
509.1666666666665 -795.8333333333337
510.8333333333332 -798.3333333333337
509.9999999999999 -797.5000000000003
504.9999999999999 -790.8333333333336
507.4999999999999 -794.166666666667
519.9999999999999 -805.8333333333336
514.9999999999999 -802.5000000000002
512.4999999999999 -800.0000000000003
519.1666666666665 -805.0000000000002
503.3333333333332 -786.6666666666671
514.1666666666665 -801.666666666667
520.8333333333333 -806.6666666666669
518.3333333333333 -804.1666666666669
504.1666666666666 -790.0000000000002
506.6666666666666 -793.3333333333336
509.1666666666666 -796.666666666667
508.3333333333332 -795.0000000000003
505.8333333333332 -791.666666666667
504.1666666666665 -787.5000000000003
508.33333333333326 -795.8333333333336
506.6666666666665 -792.5000000000003
