501.6666666666666 -784.166666666667
521.6666666666665 -807.5000000000002
501.6666666666666 -784.166666666667
521.6666666666665 -807.5000000000002
515.8333333333333 -805.0000000000002
519.9999999999999 -805.8333333333336
513.3333333333333 -802.5000000000002
514.9999999999999 -804.166666666667
509.9999999999999 -798.3333333333336
510.8333333333332 -800.0000000000003
509.1666666666665 -797.5000000000003
512.4999999999999 -801.6666666666669
511.6666666666666 -800.8333333333336
504.1666666666665 -787.5000000000003
504.1666666666666 -790.0000000000002
502.4999999999999 -785.8333333333337
520.8333333333333 -806.6666666666669
519.9999999999999 -805.8333333333336
502.4999999999999 -785.8333333333337
504.9999999999999 -790.8333333333336
504.9999999999999 -790.8333333333336
503.3333333333332 -786.6666666666671
503.3333333333332 -786.6666666666671
507.4999999999999 -794.166666666667
505.8333333333332 -791.666666666667
506.6666666666666 -793.3333333333336
508.3333333333332 -795.0000000000003
506.6666666666665 -792.5000000000003
520.8333333333333 -806.6666666666669
505.83333333333326 -792.5000000000002
508.33333333333326 -795.8333333333336
507.49999999999994 -795.0000000000002
508.33333333333326 -795.8333333333336
504.1666666666666 -790.0000000000002
506.6666666666666 -793.3333333333336
505.8333333333332 -791.666666666667
507.4999999999999 -794.166666666667
504.1666666666665 -787.5000000000003
507.49999999999994 -795.0000000000002
505.83333333333326 -792.5000000000002
506.6666666666665 -792.5000000000003
508.3333333333332 -795.0000000000003
501.6666666666666 -784.166666666667
521.6666666666665 -807.5000000000002
519.9999999999999 -805.8333333333336
502.4999999999999 -785.8333333333337
504.9999999999999 -790.8333333333336
503.3333333333332 -786.6666666666671
520.8333333333333 -806.6666666666669
508.33333333333326 -795.8333333333336
504.1666666666666 -790.0000000000002
506.6666666666666 -793.3333333333336
505.8333333333332 -791.666666666667
507.4999999999999 -794.166666666667
504.1666666666665 -787.5000000000003
507.49999999999994 -795.0000000000002
505.83333333333326 -792.5000000000002
506.6666666666665 -792.5000000000003
508.3333333333332 -795.0000000000003
501.6666666666666 -784.166666666667
521.6666666666665 -807.5000000000002
519.9999999999999 -805.8333333333336
502.4999999999999 -785.8333333333337
504.9999999999999 -790.8333333333336
503.3333333333332 -786.6666666666671
520.8333333333333 -806.6666666666669
504.1666666666666 -790.0000000000002
506.6666666666666 -793.3333333333336
505.8333333333332 -791.666666666667
507.4999999999999 -794.166666666667
504.1666666666665 -787.5000000000003
507.49999999999994 -795.0000000000002
508.33333333333326 -795.8333333333336
505.83333333333326 -792.5000000000002
506.6666666666665 -792.5000000000003
508.3333333333332 -795.0000000000003
501.6666666666666 -784.166666666667
521.6666666666665 -807.5000000000002
519.9999999999999 -805.8333333333336
502.4999999999999 -785.8333333333337
504.9999999999999 -790.8333333333336
503.3333333333332 -786.6666666666671
520.8333333333333 -806.6666666666669
504.1666666666666 -790.0000000000002
506.6666666666666 -793.3333333333336
507.4999999999999 -794.166666666667
505.8333333333332 -791.666666666667
504.1666666666665 -787.5000000000003
507.49999999999994 -795.0000000000002
508.33333333333326 -795.8333333333336
505.83333333333326 -792.5000000000002
506.6666666666665 -792.5000000000003
508.3333333333332 -795.0000000000003
501.6666666666666 -784.166666666667
521.6666666666665 -807.5000000000002
502.4999999999999 -785.8333333333337
504.9999999999999 -790.8333333333336
519.9999999999999 -805.8333333333336
503.3333333333332 -786.6666666666671
520.8333333333333 -806.6666666666669
504.1666666666666 -790.0000000000002
506.6666666666666 -793.3333333333336
505.8333333333332 -791.666666666667
507.4999999999999 -794.166666666667
504.1666666666665 -787.5000000000003
507.49999999999994 -795.0000000000002
505.83333333333326 -792.5000000000002
508.33333333333326 -795.8333333333336
508.3333333333332 -795.0000000000003
506.6666666666665 -792.5000000000003
501.6666666666666 -784.166666666667
521.6666666666665 -807.5000000000002
502.4999999999999 -785.8333333333337
504.9999999999999 -790.8333333333336
519.9999999999999 -805.8333333333336
503.3333333333332 -786.6666666666671
520.8333333333333 -806.6666666666669
504.1666666666666 -790.0000000000002
506.6666666666666 -793.3333333333336
507.4999999999999 -794.166666666667
505.8333333333332 -791.666666666667
504.1666666666665 -787.5000000000003
507.49999999999994 -795.0000000000002
505.83333333333326 -792.5000000000002
508.33333333333326 -795.8333333333336
506.6666666666665 -792.5000000000003
508.3333333333332 -795.0000000000003
501.6666666666666 -784.166666666667
521.6666666666665 -807.5000000000002
502.4999999999999 -785.8333333333337
504.9999999999999 -790.8333333333336
519.9999999999999 -805.8333333333336
503.3333333333332 -786.6666666666671
520.8333333333333 -806.6666666666669
504.1666666666666 -790.0000000000002
506.6666666666666 -793.3333333333336
507.4999999999999 -794.166666666667
505.8333333333332 -791.666666666667
504.1666666666665 -787.5000000000003
507.49999999999994 -795.0000000000002
508.33333333333326 -795.8333333333336
505.83333333333326 -792.5000000000002
506.6666666666665 -792.5000000000003
508.3333333333332 -795.0000000000003
521.6666666666665 -807.5000000000002
502.4999999999999 -785.8333333333337
504.9999999999999 -790.8333333333336
503.3333333333332 -786.6666666666671
520.8333333333333 -806.6666666666669
504.1666666666666 -790.0000000000002
506.6666666666666 -793.3333333333336
505.8333333333332 -791.666666666667
507.4999999999999 -794.166666666667
505.83333333333326 -792.5000000000002
507.49999999999994 -795.0000000000002
508.33333333333326 -795.8333333333336
508.3333333333332 -795.0000000000003
521.6666666666665 -807.5000000000002
504.9999999999999 -790.8333333333336
520.8333333333333 -806.6666666666669
506.6666666666666 -793.3333333333336
507.4999999999999 -794.166666666667
505.83333333333326 -792.5000000000002
508.33333333333326 -795.8333333333336
508.3333333333332 -795.0000000000003
521.6666666666665 -807.5000000000002
506.6666666666666 -793.3333333333336
505.83333333333326 -792.5000000000002
506.6666666666666 -793.3333333333336
508.3333333333332 -795.0000000000003
508.33333333333326 -795.8333333333336
508.3333333333332 -795.0000000000003
505.83333333333326 -792.5000000000002
506.6666666666666 -793.3333333333336
505.8333333333332 -791.666666666667
505.8333333333332 -791.666666666667
508.3333333333332 -795.0000000000003
508.3333333333332 -795.0000000000003
505.8333333333332 -791.666666666667
506.6666666666666 -793.3333333333336
505.83333333333326 -792.5000000000002
507.4999999999999 -794.166666666667
504.9999999999999 -790.8333333333336
506.6666666666666 -793.3333333333336
508.3333333333332 -795.0000000000003
506.6666666666666 -793.3333333333336
508.3333333333332 -795.0000000000003
507.4999999999999 -794.166666666667
504.9999999999999 -790.8333333333336
508.3333333333332 -795.0000000000003
506.6666666666666 -793.3333333333336
507.4999999999999 -794.166666666667
506.6666666666666 -793.3333333333336
505.8333333333332 -791.666666666667
508.33333333333326 -795.8333333333336
505.8333333333332 -791.666666666667
501.6666666666666 -784.166666666667
506.6666666666666 -793.3333333333336
504.1666666666666 -790.0000000000002
506.6666666666666 -793.3333333333336
