501.6666666666666 -784.166666666667
501.6666666666666 -784.166666666667
520.8333333333333 -808.3333333333335
515.8333333333333 -805.0000000000002
519.9999999999999 -807.5000000000002
502.4999999999999 -787.5000000000002
514.9999999999999 -804.166666666667
512.4999999999999 -801.666666666667
510.8333333333332 -800.0000000000003
510.8333333333332 -800.0000000000003
501.6666666666666 -784.166666666667
501.6666666666666 -784.166666666667
501.6666666666666 -784.166666666667
501.6666666666666 -784.166666666667
501.6666666666666 -784.166666666667
501.6666666666666 -784.166666666667
501.6666666666666 -784.166666666667
512.4999999999999 -801.666666666667
510.8333333333332 -800.0000000000003
514.9999999999999 -804.166666666667
512.4999999999999 -801.666666666667
510.8333333333332 -800.0000000000003
511.6666666666665 -800.8333333333336
512.4999999999999 -801.666666666667
514.1666666666665 -803.3333333333336
501.6666666666666 -784.166666666667
519.9999999999999 -807.5000000000002
514.9999999999999 -804.166666666667
502.4999999999999 -787.5000000000002
511.6666666666665 -800.8333333333336
512.4999999999999 -801.666666666667
504.1666666666666 -791.6666666666669
504.1666666666666 -791.6666666666669
518.3333333333333 -805.8333333333336
511.6666666666665 -800.8333333333336
511.6666666666665 -800.8333333333336
504.1666666666665 -789.1666666666671
519.9999999999999 -807.5000000000002
511.6666666666665 -800.8333333333336
504.1666666666666 -791.6666666666669
512.4999999999999 -801.666666666667
510.8333333333332 -800.0000000000003
502.4999999999999 -787.5000000000002
512.4999999999999 -801.666666666667
503.3333333333332 -788.3333333333337
510.8333333333332 -800.0000000000003
506.6666666666666 -795.8333333333336
518.3333333333333 -805.8333333333336
510.8333333333332 -800.0000000000003
518.3333333333333 -805.8333333333336
519.9999999999999 -807.5000000000002
512.4999999999999 -801.666666666667
514.1666666666665 -803.3333333333336
510.8333333333332 -800.0000000000003
510.8333333333332 -800.0000000000003
504.1666666666666 -791.6666666666669
510.8333333333332 -800.0000000000003
518.3333333333333 -805.8333333333336
510.8333333333332 -800.0000000000003
511.6666666666665 -800.8333333333336
512.4999999999999 -801.666666666667
518.3333333333333 -805.8333333333336
502.4999999999999 -787.5000000000002
512.4999999999999 -801.666666666667
507.4999999999999 -796.666666666667
510.8333333333332 -800.0000000000003
504.1666666666666 -791.6666666666669
514.9999999999999 -804.166666666667
504.1666666666666 -791.6666666666669
510.8333333333332 -800.0000000000003
512.4999999999999 -801.666666666667
512.4999999999999 -801.666666666667
512.4999999999999 -801.666666666667
512.4999999999999 -801.666666666667
511.6666666666665 -800.8333333333336
512.4999999999999 -801.666666666667
511.6666666666665 -800.8333333333336
510.8333333333332 -800.0000000000003
520.8333333333333 -808.3333333333335
514.9999999999999 -804.166666666667
510.8333333333332 -800.0000000000003
514.9999999999999 -804.166666666667
514.1666666666665 -803.3333333333336
512.4999999999999 -801.666666666667
503.3333333333332 -788.3333333333337
518.3333333333333 -805.8333333333336
512.4999999999999 -801.666666666667
512.4999999999999 -801.666666666667
511.6666666666665 -800.8333333333336
503.3333333333332 -788.3333333333337
511.6666666666665 -800.8333333333336
510.8333333333332 -800.0000000000003
513.3333333333333 -802.5000000000003
512.4999999999999 -801.666666666667
510.8333333333332 -800.0000000000003
519.9999999999999 -807.5000000000002
519.9999999999999 -807.5000000000002
520.8333333333333 -808.3333333333335
510.8333333333332 -800.0000000000003
515.8333333333333 -805.0000000000002
511.6666666666665 -800.8333333333336
510.8333333333332 -800.0000000000003
511.6666666666665 -800.8333333333336
512.4999999999999 -801.666666666667
510.8333333333332 -800.0000000000003
519.1666666666665 -806.666666666667
512.4999999999999 -801.666666666667
504.1666666666665 -789.1666666666671
518.3333333333333 -805.8333333333336
512.4999999999999 -801.666666666667
502.4999999999999 -787.5000000000002
525.8333333333333 -809.166666666667
518.3333333333333 -805.8333333333336
507.4999999999999 -796.666666666667
512.4999999999999 -801.666666666667
511.6666666666665 -800.8333333333336
510.8333333333332 -800.0000000000003
512.4999999999999 -801.666666666667
513.3333333333333 -802.5000000000003
502.4999999999999 -787.5000000000002
512.4999999999999 -801.666666666667
504.9999999999999 -793.3333333333336
509.1666666666666 -799.166666666667
512.4999999999999 -801.666666666667
510.8333333333332 -800.0000000000003
511.6666666666665 -800.8333333333336
511.6666666666665 -800.8333333333336
519.9999999999999 -807.5000000000002
508.3333333333332 -797.5000000000003
514.1666666666665 -803.3333333333336
510.8333333333332 -800.0000000000003
510.8333333333332 -800.0000000000003
505.8333333333332 -794.166666666667
513.3333333333333 -802.5000000000003
519.1666666666665 -806.666666666667
510.8333333333332 -800.0000000000003
510.8333333333332 -800.0000000000003
519.9999999999999 -807.5000000000002
510.8333333333332 -800.0000000000003
515.8333333333333 -805.0000000000002
519.1666666666665 -806.666666666667
510.8333333333332 -800.0000000000003
512.4999999999999 -801.666666666667
512.4999999999999 -801.666666666667
510.8333333333332 -800.0000000000003
510.8333333333332 -800.0000000000003
510.8333333333332 -800.0000000000003
511.6666666666665 -800.8333333333336
510.8333333333332 -800.0000000000003
518.3333333333333 -805.8333333333336
512.4999999999999 -801.666666666667
510.8333333333332 -800.0000000000003
