501.6666666666666 -784.166666666667
501.6666666666666 -784.166666666667
515.8333333333333 -805.0000000000002
519.9999999999999 -807.5000000000002
501.6666666666666 -784.166666666667
501.6666666666666 -784.166666666667
501.6666666666666 -784.166666666667
501.6666666666666 -784.166666666667
501.6666666666666 -784.166666666667
501.6666666666666 -784.166666666667
501.6666666666666 -784.166666666667
501.6666666666666 -784.166666666667
519.9999999999999 -807.5000000000002
504.1666666666666 -791.6666666666669
504.1666666666666 -791.6666666666669
518.3333333333333 -805.8333333333336
504.1666666666665 -789.1666666666671
519.9999999999999 -807.5000000000002
504.1666666666666 -791.6666666666669
506.6666666666666 -795.8333333333336
518.3333333333333 -805.8333333333336
518.3333333333333 -805.8333333333336
519.9999999999999 -807.5000000000002
504.1666666666666 -791.6666666666669
518.3333333333333 -805.8333333333336
518.3333333333333 -805.8333333333336
507.4999999999999 -796.666666666667
504.1666666666666 -791.6666666666669
504.1666666666666 -791.6666666666669
518.3333333333333 -805.8333333333336
519.9999999999999 -807.5000000000002
519.9999999999999 -807.5000000000002
515.8333333333333 -805.0000000000002
519.1666666666665 -806.666666666667
504.1666666666665 -789.1666666666671
518.3333333333333 -805.8333333333336
518.3333333333333 -805.8333333333336
507.4999999999999 -796.666666666667
504.9999999999999 -793.3333333333336
509.1666666666666 -799.166666666667
519.9999999999999 -807.5000000000002
508.3333333333332 -797.5000000000003
505.8333333333332 -794.166666666667
519.1666666666665 -806.666666666667
519.9999999999999 -807.5000000000002
515.8333333333333 -805.0000000000002
519.1666666666665 -806.666666666667
518.3333333333333 -805.8333333333336
508.3333333333332 -797.5000000000003
518.3333333333333 -805.8333333333336
512.4999999999999 -802.5000000000002
518.3333333333333 -805.8333333333336
518.3333333333333 -805.8333333333336
515.8333333333333 -805.0000000000002
519.9999999999999 -807.5000000000002
518.3333333333333 -805.8333333333336
510.8333333333332 -800.8333333333336
502.4999999999999 -788.3333333333337
507.4999999999999 -796.666666666667
509.9999999999999 -800.0000000000003
518.3333333333333 -805.8333333333336
518.3333333333333 -805.8333333333336
518.3333333333333 -805.8333333333336
519.9999999999999 -807.5000000000002
506.6666666666666 -795.8333333333336
506.6666666666666 -795.8333333333336
514.1666666666665 -804.166666666667
512.4999999999999 -802.5000000000002
519.9999999999999 -807.5000000000002
519.9999999999999 -807.5000000000002
520.8333333333333 -809.166666666667
513.3333333333333 -803.3333333333336
