501.6666666666666 -784.166666666667
501.6666666666666 -784.166666666667
501.6666666666666 -784.166666666667
501.6666666666666 -784.166666666667
501.6666666666666 -784.166666666667
501.6666666666666 -784.166666666667
501.6666666666666 -784.166666666667
501.6666666666666 -784.166666666667
501.6666666666666 -784.166666666667
501.6666666666666 -784.166666666667
503.3333333333332 -790.8333333333336
510.8333333333332 -802.5000000000003
506.6666666666666 -797.5000000000002
519.1666666666665 -809.166666666667
501.6666666666666 -784.166666666667
510.8333333333332 -802.5000000000003
507.4999999999999 -798.3333333333336
519.1666666666665 -809.166666666667
505.8333333333332 -795.8333333333336
508.3333333333332 -799.166666666667
508.3333333333332 -799.166666666667
507.4999999999999 -798.3333333333336
514.1666666666665 -805.8333333333336
514.1666666666665 -805.8333333333336
511.6666666666665 -803.3333333333336
507.4999999999999 -798.3333333333336
513.3333333333333 -805.0000000000003
509.9999999999999 -801.666666666667
509.1666666666666 -800.8333333333336
508.3333333333332 -799.166666666667
504.9999999999999 -795.0000000000002
509.9999999999999 -801.666666666667
507.4999999999999 -798.3333333333336
507.4999999999999 -798.3333333333336
507.4999999999999 -798.3333333333336
521.6666666666665 -811.666666666667
510.8333333333332 -802.5000000000003
510.8333333333332 -802.5000000000003
504.9999999999999 -795.0000000000002
505.8333333333332 -795.8333333333336
506.6666666666666 -797.5000000000002
507.4999999999999 -798.3333333333336
508.3333333333332 -799.166666666667
518.3333333333333 -808.3333333333335
505.8333333333332 -795.8333333333336
505.8333333333332 -795.8333333333336
509.9999999999999 -801.666666666667
504.9999999999999 -795.0000000000002
507.4999999999999 -798.3333333333336
507.4999999999999 -798.3333333333336
519.1666666666665 -809.166666666667
514.1666666666665 -805.8333333333336
508.3333333333332 -799.166666666667
509.1666666666666 -800.8333333333336
510.8333333333332 -802.5000000000003
519.1666666666665 -809.166666666667
505.8333333333332 -795.8333333333336
502.4999999999999 -790.0000000000002
504.1666666666666 -794.1666666666669
507.4999999999999 -798.3333333333336
510.8333333333332 -802.5000000000003
515.8333333333333 -807.5000000000002
521.6666666666665 -811.666666666667
501.6666666666666 -784.166666666667
502.4999999999999 -790.0000000000002
519.1666666666665 -809.166666666667
507.4999999999999 -798.3333333333336
504.9999999999999 -795.0000000000002
519.1666666666665 -809.166666666667
504.9999999999999 -795.0000000000002
521.6666666666665 -811.666666666667
509.1666666666665 -800.0000000000003
507.4999999999999 -798.3333333333336
518.3333333333333 -808.3333333333335
507.4999999999999 -798.3333333333336
506.6666666666666 -797.5000000000002
509.9999999999999 -801.666666666667
505.8333333333332 -795.8333333333336
519.1666666666665 -809.166666666667
513.3333333333333 -805.0000000000003
506.6666666666666 -797.5000000000002
512.4999999999999 -804.166666666667
509.9999999999999 -801.666666666667
513.3333333333333 -805.0000000000003
509.9999999999999 -801.666666666667
503.3333333333332 -790.8333333333336
511.6666666666665 -803.3333333333336
506.6666666666666 -797.5000000000002
505.8333333333332 -795.8333333333336
514.1666666666665 -805.8333333333336
508.3333333333332 -799.166666666667
514.1666666666665 -805.8333333333336
509.9999999999999 -801.666666666667
509.1666666666665 -800.0000000000003
506.6666666666666 -797.5000000000002
507.4999999999999 -798.3333333333336
505.8333333333332 -795.8333333333336
519.1666666666665 -809.166666666667
512.4999999999999 -804.166666666667
508.3333333333332 -799.166666666667
521.6666666666665 -811.666666666667
514.1666666666665 -805.8333333333336
504.1666666666666 -794.1666666666669
509.9999999999999 -801.666666666667
519.9999999999999 -810.0000000000002
520.8333333333333 -810.8333333333336
502.4999999999999 -790.0000000000002
504.9999999999999 -795.0000000000002
518.3333333333333 -808.3333333333335
520.8333333333333 -810.8333333333336
