519.1666666666665 -811.666666666667
518.3333333333333 -810.8333333333337
504.1666666666665 -792.5000000000003
505.8333333333332 -796.666666666667
505.8333333333332 -796.666666666667
501.6666666666666 -786.666666666667
502.4999999999999 -790.8333333333337
504.1666666666665 -792.5000000000003
504.9999999999999 -795.8333333333336
509.1666666666666 -801.666666666667
504.1666666666665 -792.5000000000003
504.1666666666665 -792.5000000000003
504.9999999999999 -795.8333333333336
509.1666666666666 -801.666666666667
504.9999999999999 -795.8333333333336
504.1666666666665 -792.5000000000003
505.8333333333332 -796.666666666667
505.8333333333332 -796.666666666667
504.9999999999999 -795.8333333333336
504.1666666666665 -792.5000000000003
509.1666666666666 -801.666666666667
504.9999999999999 -795.8333333333336
504.9999999999999 -795.8333333333336
503.3333333333332 -791.6666666666671
504.1666666666665 -792.5000000000003
502.4999999999999 -790.8333333333337
515.8333333333333 -808.3333333333336
504.9999999999999 -795.8333333333336
504.9999999999999 -795.8333333333336
515.8333333333333 -808.3333333333336
504.9999999999999 -795.8333333333336
504.9999999999999 -795.8333333333336
504.1666666666665 -792.5000000000003
521.6666666666665 -812.5000000000002
509.9999999999999 -804.166666666667
503.3333333333332 -791.6666666666671
502.4999999999999 -790.8333333333337
504.1666666666666 -795.0000000000002
515.8333333333333 -808.3333333333336
505.8333333333332 -796.666666666667
504.9999999999999 -795.8333333333336
502.4999999999999 -790.8333333333337
504.1666666666666 -795.0000000000002
515.8333333333333 -808.3333333333336
504.1666666666666 -795.0000000000002
515.8333333333333 -808.3333333333336
504.9999999999999 -795.8333333333336
503.3333333333332 -791.6666666666671
504.9999999999999 -795.8333333333336
507.4999999999999 -800.8333333333337
504.9999999999999 -795.8333333333336
515.8333333333333 -808.3333333333336
515.8333333333333 -808.3333333333336
504.9999999999999 -795.8333333333336
504.9999999999999 -795.8333333333336
515.8333333333333 -808.3333333333336
502.4999999999999 -790.8333333333337
504.1666666666665 -792.5000000000003
509.1666666666666 -801.666666666667
505.8333333333332 -796.666666666667
504.9999999999999 -795.8333333333336
509.1666666666666 -801.666666666667
504.1666666666666 -795.0000000000002
509.1666666666666 -801.666666666667
504.9999999999999 -795.8333333333336
504.1666666666665 -792.5000000000003
515.8333333333333 -808.3333333333336
505.8333333333332 -796.666666666667
513.3333333333333 -807.5000000000003
504.9999999999999 -795.8333333333336
504.1666666666665 -792.5000000000003
505.8333333333332 -796.666666666667
505.8333333333332 -796.666666666667
502.4999999999999 -790.8333333333337
515.8333333333333 -808.3333333333336
510.8333333333332 -805.0000000000003
503.3333333333332 -791.6666666666671
504.1666666666665 -792.5000000000003
504.1666666666665 -792.5000000000003
505.8333333333332 -796.666666666667
515.8333333333333 -808.3333333333336
504.1666666666666 -795.0000000000002
509.9999999999999 -804.166666666667
503.3333333333332 -791.6666666666671
509.1666666666666 -801.666666666667
504.9999999999999 -795.8333333333336
509.1666666666666 -801.666666666667
505.8333333333332 -796.666666666667
504.1666666666666 -795.0000000000002
510.8333333333332 -805.0000000000003
504.1666666666665 -792.5000000000003
503.3333333333332 -791.6666666666671
502.4999999999999 -790.8333333333337
504.9999999999999 -795.8333333333336
505.83333333333326 -798.3333333333336
504.1666666666666 -795.0000000000002
509.9999999999999 -804.166666666667
512.4999999999999 -806.666666666667
506.6666666666666 -799.166666666667
504.9999999999999 -795.8333333333336
515.8333333333333 -808.3333333333336
504.1666666666665 -792.5000000000003
