501.6666666666666 -786.666666666667
521.6666666666665 -814.166666666667
501.6666666666666 -786.666666666667
521.6666666666665 -814.166666666667
516.6666666666665 -810.0000000000002
504.9999999999999 -797.5000000000003
505.83333333333326 -800.0000000000002
502.4999999999999 -790.8333333333337
514.1666666666665 -808.3333333333337
512.4999999999998 -806.6666666666671
520.0 -813.3333333333337
508.3333333333332 -801.6666666666671
509.1666666666666 -804.166666666667
508.33333333333326 -803.3333333333337
504.1666666666665 -792.5000000000003
504.1666666666666 -795.0000000000002
506.6666666666666 -800.8333333333337
518.3333333333333 -810.8333333333337
511.6666666666665 -805.8333333333337
509.9999999999999 -805.0000000000003
514.1666666666665 -808.3333333333337
504.1666666666666 -795.0000000000002
513.3333333333333 -807.5000000000003
519.9999999999999 -812.5000000000002
518.3333333333333 -810.8333333333337
502.4999999999999 -790.8333333333337
506.6666666666666 -800.8333333333337
509.9999999999999 -805.0000000000003
503.3333333333332 -791.6666666666671
519.1666666666665 -811.666666666667
511.6666666666665 -805.8333333333337
503.3333333333332 -791.6666666666671
519.1666666666665 -811.666666666667
513.3333333333333 -807.5000000000003
508.3333333333332 -801.6666666666671
519.9999999999999 -812.5000000000002
504.1666666666665 -792.5000000000003
501.6666666666666 -786.666666666667
521.6666666666665 -814.166666666667
509.9999999999999 -805.0000000000003
514.1666666666665 -808.3333333333337
504.1666666666666 -795.0000000000002
511.6666666666665 -805.8333333333337
502.4999999999999 -790.8333333333337
518.3333333333333 -810.8333333333337
519.9999999999999 -812.5000000000002
503.3333333333332 -791.6666666666671
519.1666666666665 -811.666666666667
513.3333333333333 -807.5000000000003
508.3333333333332 -801.6666666666671
504.1666666666665 -792.5000000000003
521.6666666666665 -814.166666666667
504.1666666666666 -795.0000000000002
502.4999999999999 -790.8333333333337
518.3333333333333 -810.8333333333337
519.9999999999999 -812.5000000000002
503.3333333333332 -791.6666666666671
519.1666666666665 -811.666666666667
513.3333333333333 -807.5000000000003
508.3333333333332 -801.6666666666671
504.1666666666665 -792.5000000000003
504.1666666666666 -795.0000000000002
508.3333333333332 -801.6666666666671
502.4999999999999 -790.8333333333337
518.3333333333333 -810.8333333333337
519.9999999999999 -812.5000000000002
503.3333333333332 -791.6666666666671
519.1666666666665 -811.666666666667
513.3333333333333 -807.5000000000003
504.1666666666665 -792.5000000000003
504.1666666666666 -795.0000000000002
508.3333333333332 -801.6666666666671
502.4999999999999 -790.8333333333337
518.3333333333333 -810.8333333333337
519.9999999999999 -812.5000000000002
503.3333333333332 -791.6666666666671
519.1666666666665 -811.666666666667
513.3333333333333 -807.5000000000003
504.1666666666665 -792.5000000000003
502.4999999999999 -790.8333333333337
518.3333333333333 -810.8333333333337
519.9999999999999 -812.5000000000002
503.3333333333332 -791.6666666666671
513.3333333333333 -807.5000000000003
504.1666666666666 -795.0000000000002
504.1666666666665 -792.5000000000003
504.1666666666665 -792.5000000000003
504.1666666666665 -792.5000000000003
504.1666666666665 -792.5000000000003
504.1666666666665 -792.5000000000003
504.1666666666665 -792.5000000000003
504.1666666666665 -792.5000000000003
502.4999999999999 -790.8333333333337
504.1666666666665 -792.5000000000003
503.3333333333332 -791.6666666666671
502.4999999999999 -790.8333333333337
502.4999999999999 -790.8333333333337
504.1666666666666 -795.0000000000002
504.1666666666666 -795.0000000000002
503.3333333333332 -791.6666666666671
502.4999999999999 -790.8333333333337
504.1666666666665 -792.5000000000003
504.1666666666666 -795.0000000000002
504.1666666666665 -792.5000000000003
504.1666666666665 -792.5000000000003
502.4999999999999 -790.8333333333337
503.3333333333332 -791.6666666666671
504.1666666666665 -792.5000000000003
504.1666666666665 -792.5000000000003
504.1666666666666 -795.0000000000002
503.3333333333332 -791.6666666666671
504.1666666666666 -795.0000000000002
504.1666666666665 -792.5000000000003
503.3333333333332 -791.6666666666671
502.4999999999999 -790.8333333333337
504.1666666666666 -795.0000000000002
504.1666666666665 -792.5000000000003
504.1666666666666 -795.0000000000002
503.3333333333332 -791.6666666666671
504.1666666666665 -792.5000000000003
504.1666666666665 -792.5000000000003
502.4999999999999 -790.8333333333337
504.1666666666665 -792.5000000000003
504.1666666666665 -792.5000000000003
502.4999999999999 -790.8333333333337
503.3333333333332 -791.6666666666671
504.1666666666665 -792.5000000000003
502.4999999999999 -790.8333333333337
504.1666666666666 -795.0000000000002
504.1666666666665 -792.5000000000003
504.1666666666665 -792.5000000000003
518.3333333333333 -810.8333333333337
504.1666666666666 -795.0000000000002
504.1666666666666 -795.0000000000002
503.3333333333332 -791.6666666666671
503.3333333333332 -791.6666666666671
502.4999999999999 -790.8333333333337
503.3333333333332 -791.6666666666671
504.1666666666665 -792.5000000000003
502.4999999999999 -790.8333333333337
504.1666666666665 -792.5000000000003
502.4999999999999 -790.8333333333337
502.4999999999999 -790.8333333333337
504.1666666666665 -792.5000000000003
502.4999999999999 -790.8333333333337
503.3333333333332 -791.6666666666671
504.1666666666665 -792.5000000000003
503.3333333333332 -791.6666666666671
502.4999999999999 -790.8333333333337
504.1666666666665 -792.5000000000003
504.1666666666666 -795.0000000000002
503.3333333333332 -791.6666666666671
502.4999999999999 -790.8333333333337
504.1666666666665 -792.5000000000003
503.3333333333332 -791.6666666666671
504.1666666666666 -795.0000000000002
504.1666666666666 -795.0000000000002
502.4999999999999 -790.8333333333337
503.3333333333332 -791.6666666666671
503.3333333333332 -791.6666666666671
504.1666666666665 -792.5000000000003
503.3333333333332 -791.6666666666671
503.3333333333332 -791.6666666666671
504.1666666666665 -792.5000000000003
503.3333333333332 -791.6666666666671
504.1666666666665 -792.5000000000003
502.4999999999999 -790.8333333333337
503.3333333333332 -791.6666666666671
504.1666666666665 -792.5000000000003
502.4999999999999 -790.8333333333337
503.3333333333332 -791.6666666666671
503.3333333333332 -791.6666666666671
504.1666666666665 -792.5000000000003
503.3333333333332 -791.6666666666671
504.1666666666666 -795.0000000000002
504.1666666666666 -795.0000000000002
503.3333333333332 -791.6666666666671
503.3333333333332 -791.6666666666671
504.1666666666665 -792.5000000000003
503.3333333333332 -791.6666666666671
504.1666666666665 -792.5000000000003
502.4999999999999 -790.8333333333337
503.3333333333332 -791.6666666666671
504.1666666666666 -795.0000000000002
504.1666666666665 -792.5000000000003
519.1666666666665 -811.666666666667
503.3333333333332 -791.6666666666671
503.3333333333332 -791.6666666666671
502.4999999999999 -790.8333333333337
504.1666666666665 -792.5000000000003
502.4999999999999 -790.8333333333337
503.3333333333332 -791.6666666666671
504.1666666666665 -792.5000000000003
503.3333333333332 -791.6666666666671
503.3333333333332 -791.6666666666671
518.3333333333333 -810.8333333333337
513.3333333333333 -807.5000000000003
519.1666666666665 -811.666666666667
513.3333333333333 -807.5000000000003
503.3333333333332 -791.6666666666671
