501.6666666666666 -786.666666666667
521.6666666666666 -815.0000000000002
501.6666666666666 -786.666666666667
514.9999999999999 -810.0000000000003
502.4999999999999 -790.8333333333337
502.4999999999999 -790.8333333333337
503.3333333333332 -795.0000000000005
504.9999999999999 -799.1666666666671
504.99999999999983 -796.6666666666671
517.4999999999999 -810.8333333333337
512.4999999999998 -807.5000000000005
505.8333333333332 -800.0000000000005
509.1666666666665 -804.1666666666671
514.1666666666665 -809.1666666666671
508.3333333333332 -803.3333333333338
507.49999999999983 -801.6666666666671
513.3333333333333 -808.3333333333337
519.9999999999999 -813.3333333333337
506.6666666666666 -800.8333333333337
517.4999999999999 -810.8333333333337
519.1666666666665 -812.5000000000002
503.3333333333332 -795.0000000000005
511.6666666666665 -806.6666666666671
510.8333333333332 -805.8333333333337
507.4999999999999 -802.5000000000005
509.9999999999999 -805.0000000000005
504.1666666666665 -795.8333333333338
519.9999999999999 -813.3333333333337
520.8333333333333 -814.166666666667
518.3333333333333 -811.666666666667
509.9999999999999 -805.0000000000005
519.1666666666665 -812.5000000000002
520.8333333333333 -814.166666666667
511.6666666666665 -806.6666666666671
504.1666666666665 -795.8333333333338
510.8333333333332 -805.8333333333337
506.6666666666666 -800.8333333333337
518.3333333333333 -811.666666666667
513.3333333333333 -808.3333333333337
507.4999999999999 -802.5000000000005
501.6666666666666 -786.666666666667
502.4999999999999 -790.8333333333337
506.6666666666666 -800.8333333333337
510.8333333333332 -805.8333333333337
517.4999999999999 -810.8333333333337
513.3333333333333 -808.3333333333337
519.9999999999999 -813.3333333333337
519.1666666666665 -812.5000000000002
520.8333333333333 -814.166666666667
507.4999999999999 -802.5000000000005
504.1666666666665 -795.8333333333338
518.3333333333333 -811.666666666667
501.6666666666666 -786.666666666667
520.8333333333333 -814.166666666667
502.4999999999999 -790.8333333333337
506.6666666666666 -800.8333333333337
510.8333333333332 -805.8333333333337
513.3333333333333 -808.3333333333337
519.9999999999999 -813.3333333333337
519.1666666666665 -812.5000000000002
504.1666666666665 -795.8333333333338
518.3333333333333 -811.666666666667
520.8333333333333 -814.166666666667
501.6666666666666 -786.666666666667
502.4999999999999 -790.8333333333337
504.1666666666665 -795.8333333333338
506.6666666666666 -800.8333333333337
510.8333333333332 -805.8333333333337
513.3333333333333 -808.3333333333337
519.9999999999999 -813.3333333333337
519.1666666666665 -812.5000000000002
518.3333333333333 -811.666666666667
520.8333333333333 -814.166666666667
501.6666666666666 -786.666666666667
502.4999999999999 -790.8333333333337
506.6666666666666 -800.8333333333337
510.8333333333332 -805.8333333333337
513.3333333333333 -808.3333333333337
519.1666666666665 -812.5000000000002
518.3333333333333 -811.666666666667
501.6666666666666 -786.666666666667
520.8333333333333 -814.166666666667
502.4999999999999 -790.8333333333337
506.6666666666666 -800.8333333333337
510.8333333333332 -805.8333333333337
513.3333333333333 -808.3333333333337
519.1666666666665 -812.5000000000002
518.3333333333333 -811.666666666667
520.8333333333333 -814.166666666667
502.4999999999999 -790.8333333333337
506.6666666666666 -800.8333333333337
510.8333333333332 -805.8333333333337
513.3333333333333 -808.3333333333337
519.1666666666665 -812.5000000000002
518.3333333333333 -811.666666666667
519.1666666666665 -812.5000000000002
502.4999999999999 -790.8333333333337
506.6666666666666 -800.8333333333337
510.8333333333332 -805.8333333333337
513.3333333333333 -808.3333333333337
518.3333333333333 -811.666666666667
519.1666666666665 -812.5000000000002
502.4999999999999 -790.8333333333337
506.6666666666666 -800.8333333333337
510.8333333333332 -805.8333333333337
513.3333333333333 -808.3333333333337
518.3333333333333 -811.666666666667
502.4999999999999 -790.8333333333337
506.6666666666666 -800.8333333333337
510.8333333333332 -805.8333333333337
513.3333333333333 -808.3333333333337
518.3333333333333 -811.666666666667
502.4999999999999 -790.8333333333337
506.6666666666666 -800.8333333333337
510.8333333333332 -805.8333333333337
518.3333333333333 -811.666666666667
502.4999999999999 -790.8333333333337
506.6666666666666 -800.8333333333337
518.3333333333333 -811.666666666667
502.4999999999999 -790.8333333333337
506.6666666666666 -800.8333333333337
502.4999999999999 -790.8333333333337
506.6666666666666 -800.8333333333337
502.4999999999999 -790.8333333333337
506.6666666666666 -800.8333333333337
502.4999999999999 -790.8333333333337
506.6666666666666 -800.8333333333337
502.4999999999999 -790.8333333333337
502.4999999999999 -790.8333333333337
502.4999999999999 -790.8333333333337
502.4999999999999 -790.8333333333337
502.4999999999999 -790.8333333333337
502.4999999999999 -790.8333333333337
502.4999999999999 -790.8333333333337
502.4999999999999 -790.8333333333337
502.4999999999999 -790.8333333333337
502.4999999999999 -790.8333333333337
502.4999999999999 -790.8333333333337
502.4999999999999 -790.8333333333337
502.4999999999999 -790.8333333333337
502.4999999999999 -790.8333333333337
502.4999999999999 -790.8333333333337
502.4999999999999 -790.8333333333337
502.4999999999999 -790.8333333333337
502.4999999999999 -790.8333333333337
502.4999999999999 -790.8333333333337
502.4999999999999 -790.8333333333337
502.4999999999999 -790.8333333333337
502.4999999999999 -790.8333333333337
502.4999999999999 -790.8333333333337
502.4999999999999 -790.8333333333337
502.4999999999999 -790.8333333333337
502.4999999999999 -790.8333333333337
506.6666666666666 -800.8333333333337
506.6666666666666 -800.8333333333337
518.3333333333333 -811.666666666667
510.8333333333332 -805.8333333333337
510.8333333333332 -805.8333333333337
518.3333333333333 -811.666666666667
520.8333333333333 -814.166666666667
513.3333333333333 -808.3333333333337
518.3333333333333 -811.666666666667
510.8333333333332 -805.8333333333337
518.3333333333333 -811.666666666667
518.3333333333333 -811.666666666667
502.4999999999999 -790.8333333333337
518.3333333333333 -811.666666666667
510.8333333333332 -805.8333333333337
510.8333333333332 -805.8333333333337
510.8333333333332 -805.8333333333337
510.8333333333332 -805.8333333333337
510.8333333333332 -805.8333333333337
513.3333333333333 -808.3333333333337
518.3333333333333 -811.666666666667
513.3333333333333 -808.3333333333337
519.1666666666665 -812.5000000000002
513.3333333333333 -808.3333333333337
513.3333333333333 -808.3333333333337
510.8333333333332 -805.8333333333337
502.4999999999999 -790.8333333333337
506.6666666666666 -800.8333333333337
513.3333333333333 -808.3333333333337
511.6666666666665 -806.6666666666671
503.3333333333332 -795.0000000000005
520.8333333333333 -814.166666666667
513.3333333333333 -808.3333333333337
513.3333333333333 -808.3333333333337
506.6666666666666 -800.8333333333337
513.3333333333333 -808.3333333333337
502.4999999999999 -790.8333333333337
513.3333333333333 -808.3333333333337
506.6666666666666 -800.8333333333337
506.6666666666666 -800.8333333333337
520.8333333333333 -814.166666666667
510.8333333333332 -805.8333333333337
502.4999999999999 -790.8333333333337
513.3333333333333 -808.3333333333337
513.3333333333333 -808.3333333333337
510.8333333333332 -805.8333333333337
510.8333333333332 -805.8333333333337
