501.6666666666666 -786.666666666667
501.6666666666666 -786.666666666667
503.3333333333332 -795.0000000000005
518.3333333333333 -811.6666666666671
504.99999999999983 -796.6666666666671
504.9999999999999 -799.1666666666671
516.6666666666665 -810.0000000000005
514.9999999999999 -810.0000000000003
517.4999999999999 -810.8333333333337
513.3333333333331 -808.3333333333338
509.99999999999983 -805.0000000000005
519.1666666666665 -812.5000000000005
512.4999999999998 -807.5000000000005
503.3333333333332 -795.0000000000005
509.99999999999983 -805.0000000000005
505.8333333333332 -800.0000000000005
509.1666666666665 -804.1666666666671
511.6666666666665 -806.6666666666671
507.4999999999999 -802.5000000000005
504.1666666666665 -795.8333333333338
505.8333333333332 -800.0000000000005
508.3333333333332 -803.3333333333338
507.4999999999999 -802.5000000000005
510.8333333333332 -805.8333333333338
513.3333333333331 -808.3333333333338
510.8333333333332 -805.8333333333338
514.1666666666665 -809.1666666666671
514.1666666666665 -809.1666666666671
517.4999999999999 -810.8333333333337
512.4999999999998 -807.5000000000005
508.3333333333332 -803.3333333333338
504.1666666666665 -795.8333333333338
506.6666666666665 -800.8333333333338
506.6666666666666 -801.6666666666671
509.1666666666665 -804.1666666666671
519.1666666666665 -812.5000000000005
511.6666666666665 -806.6666666666671
514.9999999999999 -810.0000000000003
516.6666666666665 -810.0000000000005
504.9999999999999 -799.1666666666671
506.6666666666666 -801.6666666666671
506.6666666666665 -800.8333333333338
504.99999999999983 -796.6666666666671
501.6666666666666 -786.666666666667
503.3333333333332 -795.0000000000005
509.99999999999983 -805.0000000000005
507.4999999999999 -802.5000000000005
505.8333333333332 -800.0000000000005
510.8333333333332 -805.8333333333338
514.1666666666665 -809.1666666666671
517.4999999999999 -810.8333333333337
512.4999999999998 -807.5000000000005
508.3333333333332 -803.3333333333338
504.1666666666665 -795.8333333333338
509.1666666666665 -804.1666666666671
519.1666666666665 -812.5000000000005
511.6666666666665 -806.6666666666671
514.9999999999999 -810.0000000000003
516.6666666666665 -810.0000000000005
504.9999999999999 -799.1666666666671
506.6666666666665 -800.8333333333338
504.99999999999983 -796.6666666666671
501.6666666666666 -786.666666666667
503.3333333333332 -795.0000000000005
509.99999999999983 -805.0000000000005
507.4999999999999 -802.5000000000005
505.8333333333332 -800.0000000000005
510.8333333333332 -805.8333333333338
517.4999999999999 -810.8333333333337
508.3333333333332 -803.3333333333338
504.1666666666665 -795.8333333333338
509.1666666666665 -804.1666666666671
512.4999999999998 -807.5000000000005
514.1666666666665 -809.1666666666671
519.1666666666665 -812.5000000000005
511.6666666666665 -806.6666666666671
514.9999999999999 -810.0000000000003
516.6666666666665 -810.0000000000005
506.6666666666665 -800.8333333333338
504.99999999999983 -796.6666666666671
501.6666666666666 -786.666666666667
503.3333333333332 -795.0000000000005
509.99999999999983 -805.0000000000005
505.8333333333332 -800.0000000000005
510.8333333333332 -805.8333333333338
517.4999999999999 -810.8333333333337
504.1666666666665 -795.8333333333338
508.3333333333332 -803.3333333333338
509.1666666666665 -804.1666666666671
512.4999999999998 -807.5000000000005
519.1666666666665 -812.5000000000005
514.1666666666665 -809.1666666666671
511.6666666666665 -806.6666666666671
514.9999999999999 -810.0000000000003
516.6666666666665 -810.0000000000005
506.6666666666665 -800.8333333333338
504.99999999999983 -796.6666666666671
501.6666666666666 -786.666666666667
503.3333333333332 -795.0000000000005
509.99999999999983 -805.0000000000005
505.8333333333332 -800.0000000000005
510.8333333333332 -805.8333333333338
517.4999999999999 -810.8333333333337
504.1666666666665 -795.8333333333338
508.3333333333332 -803.3333333333338
509.1666666666665 -804.1666666666671
512.4999999999998 -807.5000000000005
519.1666666666665 -812.5000000000005
511.6666666666665 -806.6666666666671
516.6666666666665 -810.0000000000005
506.6666666666665 -800.8333333333338
504.99999999999983 -796.6666666666671
501.6666666666666 -786.666666666667
503.3333333333332 -795.0000000000005
509.99999999999983 -805.0000000000005
505.8333333333332 -800.0000000000005
510.8333333333332 -805.8333333333338
517.4999999999999 -810.8333333333337
508.3333333333332 -803.3333333333338
504.1666666666665 -795.8333333333338
509.1666666666665 -804.1666666666671
512.4999999999998 -807.5000000000005
519.1666666666665 -812.5000000000005
511.6666666666665 -806.6666666666671
516.6666666666665 -810.0000000000005
504.99999999999983 -796.6666666666671
501.6666666666666 -786.666666666667
503.3333333333332 -795.0000000000005
509.99999999999983 -805.0000000000005
510.8333333333332 -805.8333333333338
517.4999999999999 -810.8333333333337
504.1666666666665 -795.8333333333338
509.1666666666665 -804.1666666666671
512.4999999999998 -807.5000000000005
519.1666666666665 -812.5000000000005
511.6666666666665 -806.6666666666671
504.99999999999983 -796.6666666666671
501.6666666666666 -786.666666666667
517.4999999999999 -810.8333333333337
504.1666666666665 -795.8333333333338
509.1666666666665 -804.1666666666671
511.6666666666665 -806.6666666666671
517.4999999999999 -810.8333333333337
511.6666666666665 -806.6666666666671
504.1666666666665 -795.8333333333338
517.4999999999999 -810.8333333333337
504.1666666666665 -795.8333333333338
508.3333333333332 -803.3333333333338
502.4999999999999 -792.5000000000002
503.3333333333332 -795.0000000000005
503.3333333333332 -795.0000000000005
504.1666666666665 -795.8333333333338
511.6666666666665 -806.6666666666671
511.6666666666665 -806.6666666666671
511.6666666666665 -806.6666666666671
519.9999999999999 -815.0000000000005
509.1666666666665 -804.1666666666671
509.1666666666665 -804.1666666666671
512.4999999999998 -807.5000000000005
517.4999999999999 -810.8333333333337
517.4999999999999 -810.8333333333337
518.3333333333333 -811.6666666666671
511.6666666666665 -806.6666666666671
509.1666666666665 -804.1666666666671
504.99999999999983 -796.6666666666671
504.99999999999983 -796.6666666666671
505.8333333333332 -800.0000000000005
509.1666666666665 -804.1666666666671
516.6666666666665 -810.0000000000005
509.1666666666665 -804.1666666666671
506.6666666666665 -800.8333333333338
505.8333333333332 -800.0000000000005
505.8333333333332 -800.0000000000005
513.3333333333331 -808.3333333333338
519.1666666666665 -812.5000000000005
504.1666666666665 -795.8333333333338
508.3333333333332 -803.3333333333338
511.6666666666665 -806.6666666666671
505.8333333333332 -800.0000000000005
509.99999999999983 -805.0000000000005
504.99999999999983 -796.6666666666671
508.3333333333332 -803.3333333333338
511.6666666666665 -806.6666666666671
504.99999999999983 -796.6666666666671
519.1666666666665 -812.5000000000005
