507.5 -583.3333333333336
507.5 -583.3333333333336
510.0 -625.0
510.8333333333333 -625.8333333333333
510.0 -625.0
510.8333333333333 -625.8333333333333
510.0 -625.0
510.8333333333333 -625.8333333333333
510.8333333333333 -625.8333333333333
510.0 -625.0
510.0 -625.0
510.8333333333333 -625.8333333333333
510.0 -625.0
510.0 -625.0
510.0 -625.0
510.0 -625.0
515.0 -627.5
510.0 -625.0
510.0 -625.0
509.1666666666667 -622.4999999999999
515.0 -627.5
510.0 -625.0
510.0 -625.0
507.5 -583.3333333333336
519.1666666666667 -632.5
510.0 -625.0
510.8333333333333 -625.8333333333333
510.0 -625.0
510.8333333333333 -625.8333333333333
515.0 -627.5
515.0 -627.5
519.1666666666667 -632.5
519.1666666666667 -632.5
510.0 -625.0
520.0 -633.3333333333333
519.1666666666667 -632.5
510.0 -625.0
509.1666666666667 -622.4999999999999
509.1666666666667 -622.4999999999999
510.0 -625.0
510.8333333333333 -625.8333333333333
510.0 -625.0
507.5 -583.3333333333336
519.1666666666667 -632.5
510.0 -625.0
520.0 -633.3333333333333
520.0 -633.3333333333333
510.0 -625.0
510.0 -625.0
510.8333333333333 -625.8333333333333
515.8333333333333 -628.3333333333333
521.6666666666667 -634.1666666666666
510.0 -625.0
515.0 -627.5
510.0 -625.0
510.0 -625.0
515.0 -627.5
510.0 -625.0
519.1666666666667 -632.5
510.0 -625.0
510.0 -625.0
510.0 -625.0
515.0 -627.5
515.0 -627.5
510.0 -625.0
510.8333333333333 -625.8333333333333
515.0 -627.5
515.0 -627.5
515.0 -627.5
510.0 -625.0
515.0 -627.5
519.1666666666667 -632.5
515.0 -627.5
510.0 -625.0
520.0 -633.3333333333333
510.0 -625.0
519.1666666666667 -632.5
510.0 -625.0
510.0 -625.0
