507.5 -583.3333333333336
507.5 -583.3333333333336
510.0 -625.0
510.0 -625.0
510.0 -625.0
510.0 -625.0
510.0 -625.0
510.0 -625.0
510.0 -625.0
510.0 -625.0
510.0 -625.0
510.0 -625.0
510.0 -625.0
509.1666666666667 -622.4999999999999
510.0 -625.0
510.0 -625.0
507.5 -583.3333333333336
510.0 -625.0
510.0 -625.0
510.0 -625.0
510.0 -625.0
509.1666666666667 -622.4999999999999
509.1666666666667 -622.4999999999999
510.0 -625.0
510.0 -625.0
507.5 -583.3333333333336
510.0 -625.0
510.0 -625.0
510.0 -625.0
510.0 -625.0
510.0 -625.0
510.0 -625.0
510.0 -625.0
510.0 -625.0
510.0 -625.0
510.0 -625.0
510.0 -625.0
510.0 -625.0
510.0 -625.0
510.0 -625.0
510.0 -625.0
510.0 -625.0
510.0 -625.0
510.0 -625.0
510.0 -625.0
510.0 -625.0
510.0 -625.0
510.0 -625.0
510.0 -625.0
510.0 -625.0
510.0 -625.0
510.0 -625.0
510.0 -625.0
509.1666666666667 -622.4999999999999
510.0 -625.0
510.0 -625.0
510.0 -625.0
510.0 -625.0
510.0 -625.0
510.0 -625.0
510.0 -625.0
510.0 -625.0
510.0 -625.0
510.0 -625.0
519.1666666666667 -635.0
518.3333333333334 -630.0
519.1666666666667 -635.0
510.8333333333333 -628.3333333333333
510.0 -625.0
