1130.0 -709.0 
1071.0 -678.0 
1162.0 -689.0 
1111.0 -658.0 
1073.0 -679.0 
1160.0 -690.0 
1075.0 -674.0 
1076.0 -675.0 
1079.0 -666.0 
1078.0 -671.0 
1111.0 -701.0 
1116.0 -704.0 
1085.0 -669.0 
1083.0 -690.0 
1096.0 -698.0 
1117.0 -705.0 
1080.0 -685.0 
1091.0 -700.0 
1106.0 -702.0 
1126.0 -708.0 
1094.0 -697.0 
1077.0 -670.0 
1090.0 -692.0 
1088.0 -694.0 
1093.0 -696.0 
1149.0 -669.0 
1084.0 -662.0 
1157.0 -701.0 
1118.0 -707.0 
1130.0 -709.0 
1133.0 -663.0 
1146.0 -668.0 
1074.0 -680.0 
1159.0 -699.0 
1155.0 -686.0 
1116.0 -660.0 
1152.0 -675.0 
1149.0 -672.0 
1119.0 -662.0 
1096.0 -699.0 
1071.0 -678.0 
1083.0 -663.0 
1073.0 -683.0 
1088.0 -693.0 
1083.0 -661.0 
1075.0 -677.0 
1079.0 -689.0 
1117.0 -706.0 
1079.0 -664.0 
1083.0 -659.0 
1078.0 -673.0 
1083.0 -668.0 
1075.0 -676.0 
1085.0 -660.0 
1077.0 -688.0 
1075.0 -684.0 
1083.0 -691.0 
1076.0 -665.0 
1077.0 -682.0 
1077.0 -672.0 
1079.0 -667.0 
1080.0 -686.0 
1077.0 -681.0 
1077.0 -687.0 
1108.0 -703.0 
1090.0 -695.0 
1160.0 -703.0 
1137.0 -664.0 
1159.0 -693.0 
1130.0 -707.0 
1149.0 -673.0 
1155.0 -682.0 
1160.0 -702.0 
1149.0 -670.0 
1155.0 -684.0 
1160.0 -704.0 
1160.0 -697.0 
1160.0 -705.0 
1119.0 -661.0 
1160.0 -691.0 
1152.0 -677.0 
1160.0 -695.0 
1155.0 -683.0 
1152.0 -678.0 
1160.0 -706.0 
1160.0 -688.0 
1160.0 -698.0 
1160.0 -687.0 
1160.0 -685.0 
1160.0 -696.0 
1144.0 -666.0 
1127.0 -708.0 
1160.0 -694.0 
1152.0 -674.0 
1111.0 -659.0 
1160.0 -692.0 
1141.0 -665.0 
1155.0 -679.0 
1155.0 -681.0 
1160.0 -700.0 
1155.0 -680.0 
1142.0 -667.0 
1149.0 -671.0 
1152.0 -676.0 
1108.0 -659.0 
1160.0 -692.0 
1098.0 -699.0 
1127.0 -708.0 
1133.0 -663.0 
1146.0 -668.0 
1119.0 -662.0 
1155.0 -679.0 
1159.0 -699.0 
1137.0 -664.0 
1152.0 -677.0 
1142.0 -667.0 
1141.0 -665.0 
1144.0 -666.0 
1092.0 -695.0 
1121.0 -707.0 
1110.0 -703.0 
1089.0 -693.0 
1151.0 -678.0 
1123.0 -707.0 
1113.0 -703.0 
1131.0 -663.0 
1147.0 -669.0 
1150.0 -674.0 
1135.0 -664.0 
1148.0 -671.0 
1074.0 -678.0 
1082.0 -689.0 
1100.0 -697.0 
1128.0 -707.0 
1109.0 -702.0 
1115.0 -703.0 
1154.0 -686.0 
1140.0 -665.0 
1101.0 -699.0 
1086.0 -660.0 
1114.0 -702.0 
1153.0 -682.0 
1112.0 -662.0 
1081.0 -684.0 
1105.0 -697.0 
1138.0 -667.0 
1125.0 -706.0 
1145.0 -677.0 
1158.0 -691.0 
1156.0 -696.0 
1139.0 -668.0 
1120.0 -706.0 
1143.0 -674.0 
1095.0 -693.0 
1122.0 -706.0 
1104.0 -698.0 
1087.0 -667.0 
1132.0 -665.0 
1134.0 -666.0 
1097.0 -695.0 
1136.0 -670.0 
1129.0 -665.0 
1099.0 -691.0 
1124.0 -704.0 
1102.0 -688.0 
1107.0 -689.0 
1103.0 -693.0 
1089.0 -693.0 
1136.0 -666.0 
1094.0 -697.0 
1156.0 -687.0 
1076.0 -665.0 
1106.0 -696.0 
1120.0 -705.0 
1100.0 -693.0 
1122.0 -706.0 
1093.0 -696.0 
1105.0 -697.0 
1080.0 -686.0 
1084.0 -687.0 
1113.0 -663.0 
1098.0 -699.0 
1112.0 -700.0 
1073.0 -679.0 
1147.0 -669.0 
1104.0 -694.0 
1090.0 -694.0 
1134.0 -665.0 
1131.0 -663.0 
1148.0 -674.0 
1101.0 -690.0 
1107.0 -689.0 
1085.0 -663.0 
1099.0 -696.0 
1081.0 -684.0 
1103.0 -690.0 
1091.0 -692.0 
1087.0 -681.0 
1121.0 -706.0 
1110.0 -662.0 
1095.0 -686.0 
1132.0 -670.0 
1137.0 -668.0 
1117.0 -705.0 
1151.0 -678.0 
1154.0 -682.0 
1078.0 -671.0 
1138.0 -667.0 
1127.0 -687.0 
1145.0 -678.0 
1125.0 -686.0 
1097.0 -695.0 
1157.0 -702.0 
1153.0 -698.0 
1140.0 -665.0 
1135.0 -664.0 
1086.0 -660.0 
1088.0 -693.0 
1129.0 -665.0 
1126.0 -688.0 
1092.0 -695.0 
1109.0 -702.0 
1115.0 -664.0 
1082.0 -689.0 
1128.0 -706.0 
1124.0 -706.0 
1158.0 -692.0 
1123.0 -696.0 
1083.0 -663.0 
1108.0 -695.0 
1150.0 -677.0 
1114.0 -702.0 
1139.0 -668.0 
1144.0 -679.0 
1141.0 -670.0 
1142.0 -668.0 
1075.0 -674.0 
1102.0 -688.0 
1079.0 -667.0 
1118.0 -668.0 
1143.0 -674.0 
1077.0 -681.0 
1116.0 -660.0 
1130.0 -707.0 
1149.0 -672.0 
1071.0 -678.0 
1075.0 -680.0 
1159.0 -693.0 
1155.0 -683.0 
1119.0 -661.0 
1130.0 -709.0 
1152.0 -678.0 
1160.0 -704.0 
1160.0 -698.0 
1152.0 -675.0 
1160.0 -691.0 
1152.0 -676.0 
1160.0 -706.0 
1160.0 -702.0 
1152.0 -674.0 
1149.0 -671.0 
1155.0 -682.0 
1160.0 -700.0 
1155.0 -684.0 
1160.0 -690.0 
1155.0 -680.0 
1160.0 -694.0 
1155.0 -681.0 
1160.0 -685.0 
1149.0 -673.0 
1155.0 -686.0 
1160.0 -688.0 
1160.0 -703.0 
1160.0 -695.0 
1160.0 -687.0 
1160.0 -705.0 
1160.0 -697.0 
1160.0 -696.0 
1149.0 -670.0 
1108.0 -659.0 
1133.0 -663.0 
1146.0 -668.0 
1127.0 -708.0 
1142.0 -667.0 
1144.0 -666.0 
1155.0 -686.0 
1119.0 -662.0 
1141.0 -665.0 
1152.0 -676.0 
1121.0 -706.0 
1138.0 -667.0 
1132.0 -665.0 
1117.0 -706.0 
1126.0 -688.0 
1124.0 -704.0 
1097.0 -695.0 
1111.0 -701.0 
1092.0 -691.0 
1158.0 -700.0 
1096.0 -690.0 
