502.5 -579.1666666666663
507.4999999999999 -702.5000000000001
525.8333333333333 -720.8333333333334
525.8333333333333 -720.8333333333334
515.8333333333333 -713.3333333333335
514.9999999999999 -712.5000000000001
508.3333333333332 -705.8333333333335
508.3333333333332 -705.8333333333335
519.1666666666665 -716.6666666666669
514.1666666666665 -711.6666666666669
508.3333333333332 -705.8333333333335
507.4999999999999 -702.5000000000001
504.9999999999999 -699.1666666666669
544.1666666666666 -725.8333333333333
527.5 -722.5000000000001
503.33333333333326 -695.0000000000001
526.6666666666666 -721.6666666666666
507.4999999999999 -702.5000000000001
525.0 -720.0000000000001
509.1666666666666 -709.1666666666669
514.9999999999999 -712.5000000000001
504.9999999999999 -699.1666666666669
514.1666666666665 -711.6666666666669
504.1666666666666 -696.6666666666669
512.4999999999999 -711.6666666666667
516.6666666666665 -714.1666666666669
514.9999999999999 -712.5000000000001
515.8333333333333 -713.3333333333335
507.4999999999999 -702.5000000000001
505.8333333333332 -700.0000000000001
517.5 -715.0000000000001
528.3333333333333 -723.3333333333334
518.3333333333333 -715.8333333333335
542.5000000000001 -725.0
522.5 -719.1666666666666
521.6666666666665 -718.3333333333334
505.8333333333332 -700.0000000000001
507.4999999999999 -702.5000000000001
520.8333333333333 -717.5000000000001
508.3333333333332 -705.8333333333335
507.4999999999999 -702.5000000000001
514.9999999999999 -712.5000000000001
525.0 -720.0000000000001
508.3333333333332 -705.8333333333335
504.1666666666666 -696.6666666666669
505.8333333333332 -700.0000000000001
527.5 -722.5000000000001
506.6666666666666 -700.8333333333336
515.8333333333333 -713.3333333333335
521.6666666666665 -718.3333333333334
509.1666666666665 -709.1666666666667
514.1666666666665 -711.6666666666669
