502.5 -579.1666666666663
530.0 -726.6666666666666
516.6666666666665 -719.1666666666667
508.33333333333326 -711.6666666666669
529.1666666666666 -725.8333333333334
518.3333333333331 -720.0000000000001
514.1666666666665 -717.5000000000001
518.3333333333331 -720.0000000000001
519.1666666666665 -720.8333333333335
519.1666666666665 -720.8333333333335
514.1666666666665 -717.5000000000001
515.8333333333333 -718.3333333333335
515.8333333333333 -718.3333333333335
518.3333333333331 -720.0000000000001
519.1666666666665 -720.8333333333335
514.1666666666665 -717.5000000000001
515.8333333333333 -718.3333333333335
519.1666666666665 -720.8333333333335
514.1666666666665 -717.5000000000001
515.8333333333333 -718.3333333333335
515.8333333333333 -718.3333333333335
519.1666666666665 -720.8333333333335
519.1666666666665 -720.8333333333335
519.1666666666665 -720.8333333333335
519.1666666666665 -720.8333333333335
504.1666666666666 -704.1666666666669
519.1666666666665 -720.8333333333335
514.1666666666665 -717.5000000000001
504.1666666666666 -704.1666666666669
519.1666666666665 -720.8333333333335
514.1666666666665 -717.5000000000001
514.1666666666665 -717.5000000000001
504.9999999999999 -705.0000000000001
507.4999999999999 -710.8333333333334
519.1666666666665 -720.8333333333335
519.1666666666665 -720.8333333333335
519.1666666666665 -720.8333333333335
508.3333333333332 -711.6666666666667
509.1666666666665 -712.5000000000001
519.1666666666665 -720.8333333333335
526.6666666666666 -724.1666666666667
508.3333333333332 -711.6666666666667
519.1666666666665 -720.8333333333335
519.1666666666665 -720.8333333333335
507.4999999999999 -710.8333333333334
508.33333333333326 -711.6666666666669
519.1666666666665 -720.8333333333335
515.8333333333333 -718.3333333333335
519.1666666666665 -720.8333333333335
518.3333333333331 -720.0000000000001
516.6666666666665 -719.1666666666667
509.9999999999999 -713.3333333333334
519.1666666666665 -720.8333333333335
511.6666666666665 -715.8333333333335
503.33333333333326 -699.1666666666669
526.6666666666666 -724.1666666666667
519.9999999999999 -721.6666666666669
512.4999999999999 -716.6666666666669
512.4999999999999 -716.6666666666669
510.83333333333314 -715.0000000000001
515.8333333333333 -718.3333333333335
519.1666666666665 -720.8333333333335
518.3333333333331 -720.0000000000001
519.1666666666665 -720.8333333333335
505.8333333333332 -705.8333333333335
520.8333333333333 -723.3333333333335
509.1666666666665 -712.5000000000001
514.9999999999999 -718.3333333333334
519.1666666666665 -720.8333333333335
