502.5 -579.1666666666663
530.0 -726.6666666666666
529.1666666666666 -725.8333333333334
507.4999999999999 -710.8333333333334
508.3333333333332 -711.6666666666667
526.6666666666666 -724.1666666666667
508.3333333333332 -711.6666666666667
507.4999999999999 -710.8333333333334
511.6666666666665 -715.8333333333335
526.6666666666666 -724.1666666666667
510.83333333333314 -715.0000000000001
505.8333333333332 -705.8333333333335
520.8333333333333 -723.3333333333335
513.3333333333333 -717.5000000000001
518.3333333333331 -720.8333333333335
505.8333333333332 -705.8333333333335
513.3333333333333 -717.5000000000001
505.8333333333332 -705.8333333333335
511.6666666666665 -715.8333333333335
509.99999999999983 -714.1666666666669
519.1666666666665 -721.6666666666669
511.6666666666665 -715.8333333333335
511.6666666666665 -715.8333333333335
505.8333333333332 -705.8333333333335
513.3333333333333 -717.5000000000001
505.8333333333332 -705.8333333333335
517.4999999999998 -720.0000000000002
514.1666666666665 -718.3333333333335
513.3333333333333 -717.5000000000001
511.6666666666665 -715.8333333333335
503.33333333333326 -700.8333333333335
513.3333333333333 -717.5000000000001
513.3333333333333 -717.5000000000001
506.6666666666665 -708.3333333333335
503.33333333333326 -700.8333333333335
512.4999999999998 -716.6666666666669
505.8333333333332 -705.8333333333335
519.1666666666665 -721.6666666666669
512.4999999999998 -716.6666666666669
508.33333333333326 -712.5000000000001
512.4999999999998 -716.6666666666669
514.9999999999999 -719.1666666666667
519.1666666666665 -721.6666666666669
511.6666666666665 -715.8333333333335
504.1666666666666 -705.0000000000001
