502.5 -579.1666666666663
507.4999999999999 -710.8333333333334
508.3333333333332 -711.6666666666667
526.6666666666666 -724.1666666666667
508.3333333333332 -711.6666666666667
507.4999999999999 -710.8333333333334
526.6666666666666 -724.1666666666667
510.83333333333314 -715.0000000000001
505.8333333333332 -705.8333333333335
520.8333333333333 -723.3333333333335
518.3333333333331 -720.8333333333335
505.8333333333332 -705.8333333333335
505.8333333333332 -705.8333333333335
509.99999999999983 -714.1666666666669
519.1666666666665 -721.6666666666669
505.8333333333332 -705.8333333333335
505.8333333333332 -705.8333333333335
517.4999999999998 -720.0000000000002
514.1666666666665 -718.3333333333335
503.33333333333326 -700.8333333333335
506.6666666666665 -708.3333333333335
503.33333333333326 -700.8333333333335
505.8333333333332 -705.8333333333335
519.1666666666665 -721.6666666666669
508.33333333333326 -712.5000000000001
514.9999999999999 -719.1666666666667
519.1666666666665 -721.6666666666669
504.1666666666666 -705.0000000000001
514.1666666666665 -718.3333333333335
503.33333333333326 -700.8333333333335
511.6666666666665 -717.5000000000001
504.1666666666666 -705.0000000000001
519.9999999999999 -722.5000000000001
529.1666666666666 -726.6666666666667
