502.5 -579.1666666666663
518.3333333333331 -720.8333333333335
517.4999999999998 -720.0000000000002
506.6666666666665 -708.3333333333335
508.33333333333326 -712.5000000000001
504.1666666666666 -705.0000000000001
504.1666666666666 -705.0000000000001
518.3333333333331 -720.8333333333335
516.6666666666665 -720.0000000000001
517.4999999999998 -720.0000000000002
517.4999999999998 -720.0000000000002
517.4999999999998 -720.0000000000002
517.4999999999998 -720.0000000000002
518.3333333333331 -720.8333333333335
516.6666666666665 -720.0000000000001
507.4999999999999 -711.6666666666669
517.4999999999998 -720.0000000000002
511.6666666666665 -718.3333333333335
508.33333333333326 -712.5000000000001
517.4999999999998 -720.0000000000002
517.4999999999998 -720.0000000000002
503.33333333333326 -701.6666666666669
518.3333333333331 -720.8333333333335
516.6666666666665 -720.0000000000001
518.3333333333333 -723.3333333333335
504.9999999999999 -705.8333333333335
510.8333333333332 -715.8333333333334
512.4999999999998 -719.1666666666669
503.33333333333326 -701.6666666666669
522.5 -724.1666666666669
509.99999999999983 -715.0000000000001
509.1666666666666 -713.3333333333334
517.4999999999998 -720.0000000000002
503.33333333333326 -701.6666666666669
518.3333333333331 -720.8333333333335
504.1666666666666 -705.0000000000001
529.1666666666665 -726.6666666666667
505.8333333333332 -707.5000000000001
