502.5 -579.1666666666663
504.1666666666666 -705.0000000000001
504.1666666666666 -705.0000000000001
507.4999999999999 -711.6666666666669
511.6666666666665 -718.3333333333335
503.33333333333326 -701.6666666666669
504.9999999999999 -705.8333333333335
512.4999999999998 -719.1666666666669
503.33333333333326 -701.6666666666669
509.99999999999983 -715.0000000000001
509.1666666666666 -713.3333333333334
503.33333333333326 -701.6666666666669
504.1666666666666 -705.0000000000001
529.1666666666665 -726.6666666666667
510.8333333333332 -716.6666666666669
515.8333333333333 -720.0000000000002
518.3333333333331 -723.3333333333335
518.3333333333331 -723.3333333333335
509.9999999999999 -715.8333333333334
506.6666666666665 -709.1666666666667
518.3333333333331 -723.3333333333335
504.9999999999999 -705.8333333333335
504.1666666666666 -705.0000000000001
507.4999999999999 -711.6666666666669
510.83333333333314 -715.8333333333335
515.8333333333333 -720.0000000000002
509.99999999999983 -715.0000000000001
517.4999999999998 -722.5000000000002
511.6666666666665 -718.3333333333335
507.4999999999999 -711.6666666666669
508.3333333333332 -712.5000000000001
507.4999999999999 -711.6666666666669
519.1666666666665 -724.1666666666669
505.8333333333332 -708.3333333333335
509.16666666666663 -713.3333333333335
510.8333333333332 -716.6666666666669
512.4999999999998 -719.1666666666669
507.4999999999999 -711.6666666666669
509.99999999999983 -715.0000000000001
510.8333333333332 -716.6666666666669
