502.5 -579.1666666666663
522.5 -730.0000000000001
503.33333333333326 -701.6666666666669
518.3333333333331 -725.8333333333336
521.6666666666665 -726.6666666666669
507.4999999999999 -712.5
516.6666666666665 -723.3333333333335
504.1666666666666 -705.0000000000001
503.33333333333326 -701.6666666666669
504.9999999999999 -705.8333333333335
508.3333333333332 -712.5000000000001
505.8333333333332 -708.3333333333335
509.1666666666665 -715.0000000000001
510.83333333333314 -715.8333333333335
510.8333333333332 -718.3333333333334
516.6666666666665 -723.3333333333335
521.6666666666665 -726.6666666666669
515.8333333333333 -722.5000000000001
504.1666666666666 -705.0000000000001
504.9999999999999 -705.8333333333335
505.8333333333332 -708.3333333333335
509.1666666666665 -715.0000000000001
509.99999999999983 -715.8333333333334
511.6666666666665 -719.1666666666667
514.9999999999999 -721.6666666666669
514.1666666666665 -720.8333333333335
512.4999999999998 -719.1666666666669
512.4999999999999 -720.0000000000001
515.8333333333333 -722.5000000000001
514.1666666666666 -721.6666666666667
513.3333333333331 -720.0000000000002
513.3333333333333 -720.8333333333334
514.9999999999999 -721.6666666666669
509.99999999999983 -715.8333333333334
511.6666666666665 -719.1666666666667
506.6666666666665 -709.1666666666667
506.6666666666666 -709.1666666666669
508.3333333333332 -712.5000000000001
506.6666666666666 -709.1666666666669
510.8333333333332 -718.3333333333334
506.6666666666665 -709.1666666666667
512.4999999999999 -720.0000000000001
514.1666666666666 -721.6666666666667
513.3333333333333 -720.8333333333334
513.3333333333331 -720.0000000000002
512.4999999999998 -719.1666666666669
514.1666666666665 -720.8333333333335
510.83333333333314 -715.8333333333335
503.33333333333326 -701.6666666666669
504.1666666666666 -705.0000000000001
504.9999999999999 -705.8333333333335
509.1666666666665 -715.0000000000001
505.8333333333332 -708.3333333333335
521.6666666666665 -726.6666666666669
515.8333333333333 -722.5000000000001
514.9999999999999 -721.6666666666669
509.99999999999983 -715.8333333333334
511.6666666666665 -719.1666666666667
508.3333333333332 -712.5000000000001
516.6666666666665 -723.3333333333335
506.6666666666666 -709.1666666666669
510.8333333333332 -718.3333333333334
506.6666666666665 -709.1666666666667
512.4999999999999 -720.0000000000001
514.1666666666666 -721.6666666666667
513.3333333333333 -720.8333333333334
513.3333333333331 -720.0000000000002
512.4999999999998 -719.1666666666669
514.1666666666665 -720.8333333333335
510.83333333333314 -715.8333333333335
503.33333333333326 -701.6666666666669
504.1666666666666 -705.0000000000001
504.9999999999999 -705.8333333333335
509.1666666666665 -715.0000000000001
505.8333333333332 -708.3333333333335
521.6666666666665 -726.6666666666669
515.8333333333333 -722.5000000000001
509.99999999999983 -715.8333333333334
511.6666666666665 -719.1666666666667
508.3333333333332 -712.5000000000001
516.6666666666665 -723.3333333333335
506.6666666666666 -709.1666666666669
510.8333333333332 -718.3333333333334
506.6666666666665 -709.1666666666667
514.1666666666666 -721.6666666666667
512.4999999999999 -720.0000000000001
513.3333333333333 -720.8333333333334
512.4999999999998 -719.1666666666669
513.3333333333331 -720.0000000000002
514.1666666666665 -720.8333333333335
510.83333333333314 -715.8333333333335
503.33333333333326 -701.6666666666669
504.1666666666666 -705.0000000000001
504.9999999999999 -705.8333333333335
505.8333333333332 -708.3333333333335
509.1666666666665 -715.0000000000001
508.3333333333332 -712.5000000000001
521.6666666666665 -726.6666666666669
515.8333333333333 -722.5000000000001
509.99999999999983 -715.8333333333334
511.6666666666665 -719.1666666666667
516.6666666666665 -723.3333333333335
506.6666666666666 -709.1666666666669
510.8333333333332 -718.3333333333334
506.6666666666665 -709.1666666666667
514.1666666666666 -721.6666666666667
512.4999999999999 -720.0000000000001
513.3333333333333 -720.8333333333334
514.1666666666665 -720.8333333333335
512.4999999999998 -719.1666666666669
513.3333333333331 -720.0000000000002
510.83333333333314 -715.8333333333335
503.33333333333326 -701.6666666666669
504.1666666666666 -705.0000000000001
504.9999999999999 -705.8333333333335
509.1666666666665 -715.0000000000001
505.8333333333332 -708.3333333333335
508.3333333333332 -712.5000000000001
521.6666666666665 -726.6666666666669
515.8333333333333 -722.5000000000001
509.99999999999983 -715.8333333333334
511.6666666666665 -719.1666666666667
516.6666666666665 -723.3333333333335
506.6666666666666 -709.1666666666669
510.8333333333332 -718.3333333333334
506.6666666666665 -709.1666666666667
512.4999999999999 -720.0000000000001
514.1666666666666 -721.6666666666667
513.3333333333333 -720.8333333333334
513.3333333333331 -720.0000000000002
512.4999999999998 -719.1666666666669
514.1666666666665 -720.8333333333335
510.83333333333314 -715.8333333333335
503.33333333333326 -701.6666666666669
504.1666666666666 -705.0000000000001
504.9999999999999 -705.8333333333335
505.8333333333332 -708.3333333333335
509.1666666666665 -715.0000000000001
508.3333333333332 -712.5000000000001
521.6666666666665 -726.6666666666669
515.8333333333333 -722.5000000000001
509.99999999999983 -715.8333333333334
511.6666666666665 -719.1666666666667
516.6666666666665 -723.3333333333335
506.6666666666666 -709.1666666666669
510.8333333333332 -718.3333333333334
506.6666666666665 -709.1666666666667
512.4999999999999 -720.0000000000001
514.1666666666666 -721.6666666666667
513.3333333333333 -720.8333333333334
512.4999999999998 -719.1666666666669
513.3333333333331 -720.0000000000002
514.1666666666665 -720.8333333333335
503.33333333333326 -701.6666666666669
504.1666666666666 -705.0000000000001
504.9999999999999 -705.8333333333335
509.1666666666665 -715.0000000000001
505.8333333333332 -708.3333333333335
508.3333333333332 -712.5000000000001
521.6666666666665 -726.6666666666669
515.8333333333333 -722.5000000000001
509.99999999999983 -715.8333333333334
511.6666666666665 -719.1666666666667
516.6666666666665 -723.3333333333335
506.6666666666666 -709.1666666666669
510.8333333333332 -718.3333333333334
506.6666666666665 -709.1666666666667
514.1666666666666 -721.6666666666667
512.4999999999999 -720.0000000000001
513.3333333333333 -720.8333333333334
512.4999999999998 -719.1666666666669
514.1666666666665 -720.8333333333335
513.3333333333331 -720.0000000000002
504.9999999999999 -705.8333333333335
509.1666666666665 -715.0000000000001
521.6666666666665 -726.6666666666669
515.8333333333333 -722.5000000000001
509.99999999999983 -715.8333333333334
511.6666666666665 -719.1666666666667
516.6666666666665 -723.3333333333335
510.8333333333332 -718.3333333333334
506.6666666666665 -709.1666666666667
513.3333333333331 -720.0000000000002
511.6666666666665 -719.1666666666667
514.1666666666665 -720.8333333333335
515.8333333333333 -722.5000000000001
514.1666666666665 -720.8333333333335
509.1666666666665 -715.0000000000001
516.6666666666665 -723.3333333333335
513.3333333333333 -720.8333333333334
513.3333333333333 -720.8333333333334
514.1666666666665 -720.8333333333335
514.1666666666665 -720.8333333333335
514.1666666666666 -721.6666666666667
515.8333333333333 -722.5000000000001
514.1666666666665 -720.8333333333335
511.6666666666665 -719.1666666666667
513.3333333333333 -720.8333333333334
511.6666666666665 -719.1666666666667
514.1666666666665 -720.8333333333335
