502.5 -579.1666666666663
522.5 -730.0000000000001
503.33333333333326 -701.6666666666669
518.3333333333331 -725.8333333333336
507.4999999999999 -712.5
504.1666666666666 -705.0000000000001
503.33333333333326 -701.6666666666669
504.9999999999999 -705.8333333333335
508.3333333333332 -712.5000000000001
505.8333333333332 -708.3333333333335
509.1666666666665 -715.0000000000001
510.83333333333314 -715.8333333333335
510.8333333333332 -718.3333333333334
504.1666666666666 -705.0000000000001
504.9999999999999 -705.8333333333335
505.8333333333332 -708.3333333333335
509.1666666666665 -715.0000000000001
509.99999999999983 -715.8333333333334
511.6666666666665 -719.1666666666667
512.4999999999998 -719.1666666666669
512.4999999999999 -720.0000000000001
513.3333333333331 -720.0000000000002
509.99999999999983 -715.8333333333334
511.6666666666665 -719.1666666666667
506.6666666666665 -709.1666666666667
506.6666666666666 -709.1666666666669
508.3333333333332 -712.5000000000001
506.6666666666666 -709.1666666666669
510.8333333333332 -718.3333333333334
506.6666666666665 -709.1666666666667
512.4999999999999 -720.0000000000001
513.3333333333331 -720.0000000000002
512.4999999999998 -719.1666666666669
510.83333333333314 -715.8333333333335
503.33333333333326 -701.6666666666669
504.1666666666666 -705.0000000000001
504.9999999999999 -705.8333333333335
509.1666666666665 -715.0000000000001
505.8333333333332 -708.3333333333335
509.99999999999983 -715.8333333333334
511.6666666666665 -719.1666666666667
508.3333333333332 -712.5000000000001
506.6666666666666 -709.1666666666669
510.8333333333332 -718.3333333333334
506.6666666666665 -709.1666666666667
512.4999999999999 -720.0000000000001
513.3333333333331 -720.0000000000002
512.4999999999998 -719.1666666666669
510.83333333333314 -715.8333333333335
503.33333333333326 -701.6666666666669
504.1666666666666 -705.0000000000001
504.9999999999999 -705.8333333333335
509.1666666666665 -715.0000000000001
505.8333333333332 -708.3333333333335
509.99999999999983 -715.8333333333334
511.6666666666665 -719.1666666666667
508.3333333333332 -712.5000000000001
506.6666666666666 -709.1666666666669
510.8333333333332 -718.3333333333334
506.6666666666665 -709.1666666666667
512.4999999999999 -720.0000000000001
512.4999999999998 -719.1666666666669
513.3333333333331 -720.0000000000002
510.83333333333314 -715.8333333333335
503.33333333333326 -701.6666666666669
504.1666666666666 -705.0000000000001
504.9999999999999 -705.8333333333335
505.8333333333332 -708.3333333333335
509.1666666666665 -715.0000000000001
508.3333333333332 -712.5000000000001
509.99999999999983 -715.8333333333334
511.6666666666665 -719.1666666666667
506.6666666666666 -709.1666666666669
510.8333333333332 -718.3333333333334
506.6666666666665 -709.1666666666667
512.4999999999999 -720.0000000000001
512.4999999999998 -719.1666666666669
513.3333333333331 -720.0000000000002
510.83333333333314 -715.8333333333335
503.33333333333326 -701.6666666666669
504.1666666666666 -705.0000000000001
504.9999999999999 -705.8333333333335
509.1666666666665 -715.0000000000001
505.8333333333332 -708.3333333333335
508.3333333333332 -712.5000000000001
509.99999999999983 -715.8333333333334
511.6666666666665 -719.1666666666667
506.6666666666666 -709.1666666666669
510.8333333333332 -718.3333333333334
506.6666666666665 -709.1666666666667
512.4999999999999 -720.0000000000001
513.3333333333331 -720.0000000000002
512.4999999999998 -719.1666666666669
510.83333333333314 -715.8333333333335
503.33333333333326 -701.6666666666669
504.1666666666666 -705.0000000000001
504.9999999999999 -705.8333333333335
505.8333333333332 -708.3333333333335
509.1666666666665 -715.0000000000001
508.3333333333332 -712.5000000000001
509.99999999999983 -715.8333333333334
511.6666666666665 -719.1666666666667
506.6666666666666 -709.1666666666669
510.8333333333332 -718.3333333333334
506.6666666666665 -709.1666666666667
512.4999999999999 -720.0000000000001
512.4999999999998 -719.1666666666669
513.3333333333331 -720.0000000000002
503.33333333333326 -701.6666666666669
504.1666666666666 -705.0000000000001
504.9999999999999 -705.8333333333335
509.1666666666665 -715.0000000000001
505.8333333333332 -708.3333333333335
508.3333333333332 -712.5000000000001
509.99999999999983 -715.8333333333334
511.6666666666665 -719.1666666666667
506.6666666666666 -709.1666666666669
510.8333333333332 -718.3333333333334
506.6666666666665 -709.1666666666667
512.4999999999999 -720.0000000000001
512.4999999999998 -719.1666666666669
513.3333333333331 -720.0000000000002
504.9999999999999 -705.8333333333335
509.1666666666665 -715.0000000000001
509.99999999999983 -715.8333333333334
511.6666666666665 -719.1666666666667
510.8333333333332 -718.3333333333334
506.6666666666665 -709.1666666666667
513.3333333333331 -720.0000000000002
511.6666666666665 -719.1666666666667
509.1666666666665 -715.0000000000001
511.6666666666665 -719.1666666666667
511.6666666666665 -719.1666666666667
510.83333333333314 -715.8333333333335
513.3333333333331 -720.0000000000002
506.6666666666665 -709.1666666666667
512.4999999999999 -720.0000000000001
512.4999999999999 -720.0000000000001
513.3333333333333 -723.3333333333334
505.8333333333332 -708.3333333333335
513.3333333333331 -720.0000000000002
510.8333333333332 -718.3333333333334
513.3333333333331 -720.0000000000002
509.99999999999983 -715.8333333333334
512.4999999999999 -720.0000000000001
508.3333333333332 -712.5000000000001
512.4999999999999 -720.0000000000001
512.4999999999999 -720.0000000000001
512.4999999999998 -719.1666666666669
509.99999999999983 -715.8333333333334
503.33333333333326 -701.6666666666669
510.8333333333332 -718.3333333333334
513.3333333333331 -720.0000000000002
509.1666666666665 -715.0000000000001
506.6666666666665 -709.1666666666667
521.6666666666665 -729.1666666666669
508.3333333333332 -712.5000000000001
504.9999999999999 -705.8333333333335
511.6666666666665 -719.1666666666667
511.6666666666665 -719.1666666666667
506.6666666666666 -709.1666666666669
514.1666666666665 -723.3333333333335
509.99999999999983 -715.8333333333334
508.3333333333332 -712.5000000000001
504.9999999999999 -705.8333333333335
510.8333333333332 -718.3333333333334
504.1666666666666 -705.0000000000001
