502.5 -579.1666666666663
503.33333333333326 -704.1666666666669
503.33333333333326 -704.1666666666669
503.33333333333326 -704.1666666666669
503.33333333333326 -704.1666666666669
503.33333333333326 -704.1666666666669
503.33333333333326 -704.1666666666669
504.9999999999999 -710.0000000000001
510.8333333333332 -723.3333333333334
509.1666666666665 -720.0000000000001
510.8333333333332 -723.3333333333334
519.1666666666665 -730.0
519.1666666666665 -730.0
503.33333333333326 -704.1666666666669
511.6666666666665 -725.0000000000001
520.8333333333333 -730.8333333333335
503.33333333333326 -704.1666666666669
503.33333333333326 -704.1666666666669
503.33333333333326 -704.1666666666669
504.9999999999999 -710.0000000000001
507.4999999999999 -716.6666666666667
506.6666666666665 -715.8333333333335
514.9999999999998 -727.5000000000001
514.9999999999999 -728.3333333333334
503.33333333333326 -704.1666666666669
511.6666666666665 -725.0000000000001
508.3333333333332 -719.1666666666666
520.8333333333333 -730.8333333333335
504.1666666666666 -709.1666666666669
519.1666666666665 -730.0
512.4999999999999 -725.8333333333334
514.1666666666665 -726.6666666666669
519.1666666666665 -730.0
511.6666666666665 -725.0000000000001
520.0 -730.8333333333334
519.1666666666665 -730.0
519.1666666666665 -730.0
503.33333333333326 -704.1666666666669
507.4999999999999 -716.6666666666667
504.1666666666666 -709.1666666666669
504.1666666666666 -709.1666666666669
512.4999999999999 -725.8333333333334
513.3333333333331 -726.6666666666667
519.1666666666665 -730.0
503.33333333333326 -704.1666666666669
517.4999999999999 -728.3333333333335
521.6666666666665 -732.5
512.4999999999999 -725.8333333333334
519.1666666666665 -730.0
503.33333333333326 -704.1666666666669
504.1666666666666 -709.1666666666669
505.8333333333332 -715.0
518.3333333333333 -729.1666666666667
509.99999999999983 -722.5
519.1666666666665 -730.0
504.1666666666666 -709.1666666666669
504.1666666666666 -709.1666666666669
504.9999999999999 -710.0000000000001
512.4999999999999 -725.8333333333334
519.1666666666665 -730.0
509.99999999999983 -722.5
512.4999999999999 -725.8333333333334
