502.5 -579.1666666666663
504.1666666666666 -709.1666666666669
504.1666666666666 -709.1666666666669
504.1666666666666 -709.1666666666669
513.3333333333331 -726.6666666666667
504.1666666666666 -709.1666666666669
504.1666666666666 -709.1666666666669
504.1666666666666 -709.1666666666669
504.1666666666666 -709.1666666666669
504.1666666666666 -709.1666666666669
504.1666666666666 -709.1666666666669
504.9999999999999 -711.6666666666667
512.4999999999999 -726.6666666666666
514.1666666666665 -727.5000000000001
504.1666666666666 -709.1666666666669
504.1666666666666 -709.1666666666669
521.6666666666665 -733.3333333333334
514.9999999999998 -728.3333333333334
504.9999999999999 -711.6666666666667
509.1666666666665 -721.6666666666669
504.9999999999999 -711.6666666666667
513.3333333333331 -726.6666666666667
503.33333333333326 -705.8333333333335
503.33333333333326 -705.8333333333335
504.9999999999999 -711.6666666666667
510.8333333333332 -725.0000000000001
503.33333333333326 -705.8333333333335
504.9999999999999 -711.6666666666667
511.6666666666665 -725.8333333333334
503.33333333333326 -705.8333333333335
503.33333333333326 -705.8333333333335
503.33333333333326 -705.8333333333335
503.33333333333326 -705.8333333333335
504.1666666666666 -709.1666666666669
507.4999999999999 -718.3333333333334
506.6666666666665 -717.5000000000001
504.1666666666666 -709.1666666666669
507.4999999999999 -718.3333333333334
518.3333333333333 -731.6666666666667
513.3333333333333 -727.5
514.9999999999998 -728.3333333333334
509.99999999999983 -724.1666666666667
513.3333333333333 -727.5
503.33333333333326 -705.8333333333335
514.9999999999998 -728.3333333333334
514.1666666666666 -728.3333333333333
508.3333333333332 -720.8333333333334
512.4999999999999 -726.6666666666666
503.33333333333326 -705.8333333333335
514.1666666666665 -727.5000000000001
513.3333333333333 -727.5
513.3333333333333 -727.5
505.8333333333332 -715.0000000000001
517.4999999999999 -729.1666666666667
514.1666666666665 -727.5000000000001
504.9999999999999 -711.6666666666667
515.8333333333333 -729.1666666666666
503.33333333333326 -705.8333333333335
