502.5 -579.1666666666663
504.1666666666666 -709.1666666666669
504.1666666666666 -709.1666666666669
504.1666666666666 -709.1666666666669
504.1666666666666 -709.1666666666669
504.1666666666666 -709.1666666666669
504.1666666666666 -709.1666666666669
504.1666666666666 -709.1666666666669
504.1666666666666 -709.1666666666669
504.1666666666666 -709.1666666666669
504.9999999999999 -711.6666666666667
504.1666666666666 -709.1666666666669
504.1666666666666 -709.1666666666669
521.6666666666665 -733.3333333333334
504.9999999999999 -711.6666666666667
509.1666666666665 -721.6666666666669
504.9999999999999 -711.6666666666667
503.33333333333326 -705.8333333333335
503.33333333333326 -705.8333333333335
504.9999999999999 -711.6666666666667
510.8333333333332 -725.0000000000001
503.33333333333326 -705.8333333333335
504.9999999999999 -711.6666666666667
503.33333333333326 -705.8333333333335
503.33333333333326 -705.8333333333335
503.33333333333326 -705.8333333333335
503.33333333333326 -705.8333333333335
504.1666666666666 -709.1666666666669
506.6666666666665 -717.5000000000001
504.1666666666666 -709.1666666666669
518.3333333333333 -731.6666666666667
509.99999999999983 -724.1666666666667
503.33333333333326 -705.8333333333335
508.3333333333332 -720.8333333333334
503.33333333333326 -705.8333333333335
505.8333333333332 -715.0000000000001
504.9999999999999 -711.6666666666667
503.33333333333326 -705.8333333333335
514.1666666666665 -729.1666666666667
519.1666666666665 -732.5
504.1666666666666 -709.1666666666669
507.4999999999999 -718.3333333333335
504.9999999999999 -711.6666666666667
503.33333333333326 -705.8333333333335
504.9999999999999 -711.6666666666667
504.1666666666666 -709.1666666666669
508.3333333333332 -720.8333333333334
511.6666666666665 -728.3333333333333
518.3333333333333 -731.6666666666667
