502.5 -579.1666666666663
504.1666666666666 -709.1666666666669
504.1666666666666 -709.1666666666669
504.1666666666666 -709.1666666666669
504.1666666666666 -709.1666666666669
504.1666666666666 -709.1666666666669
504.1666666666666 -709.1666666666669
504.1666666666666 -709.1666666666669
504.1666666666666 -709.1666666666669
504.1666666666666 -709.1666666666669
504.1666666666666 -709.1666666666669
504.1666666666666 -709.1666666666669
503.33333333333326 -705.8333333333335
503.33333333333326 -705.8333333333335
503.33333333333326 -705.8333333333335
503.33333333333326 -705.8333333333335
503.33333333333326 -705.8333333333335
503.33333333333326 -705.8333333333335
503.33333333333326 -705.8333333333335
504.1666666666666 -709.1666666666669
506.6666666666665 -717.5000000000001
504.1666666666666 -709.1666666666669
503.33333333333326 -705.8333333333335
508.3333333333332 -720.8333333333334
503.33333333333326 -705.8333333333335
505.8333333333332 -715.0000000000001
503.33333333333326 -705.8333333333335
504.1666666666666 -709.1666666666669
507.4999999999999 -718.3333333333335
503.33333333333326 -705.8333333333335
504.1666666666666 -709.1666666666669
508.3333333333332 -720.8333333333334
511.6666666666665 -728.3333333333333
503.33333333333326 -705.8333333333335
504.1666666666666 -709.1666666666669
503.33333333333326 -705.8333333333335
521.6666666666665 -735.0000000000001
518.3333333333333 -732.5
504.1666666666666 -709.1666666666669
512.4999999999999 -729.1666666666666
504.1666666666666 -709.1666666666669
519.1666666666665 -733.3333333333334
509.99999999999983 -725.0
508.3333333333332 -720.8333333333334
513.3333333333333 -730.0
520.8333333333333 -734.1666666666667
508.3333333333332 -720.8333333333334
505.8333333333332 -715.0000000000001
510.8333333333332 -727.5
508.3333333333332 -720.8333333333334
517.4999999999999 -730.8333333333335
514.9999999999998 -730.8333333333334
519.1666666666665 -733.3333333333334
504.9999999999999 -712.5
512.4999999999999 -729.1666666666666
503.33333333333326 -705.8333333333335
503.33333333333326 -705.8333333333335
509.1666666666665 -723.3333333333335
512.4999999999999 -729.1666666666666
504.1666666666666 -709.1666666666669
504.9999999999999 -712.5
508.3333333333332 -720.8333333333334
