502.5 -579.1666666666663
511.6666666666665 -728.3333333333333
521.6666666666665 -735.0000000000001
512.4999999999999 -729.1666666666666
519.1666666666665 -733.3333333333334
509.99999999999983 -725.0
513.3333333333333 -730.0
510.8333333333332 -727.5
514.9999999999998 -730.8333333333334
519.1666666666665 -733.3333333333334
512.4999999999999 -729.1666666666666
512.4999999999999 -729.1666666666666
515.8333333333333 -731.6666666666666
503.33333333333326 -708.3333333333334
511.6666666666665 -728.3333333333333
514.1666666666665 -730.0000000000001
512.4999999999999 -729.1666666666666
503.33333333333326 -708.3333333333334
513.3333333333333 -730.0
519.1666666666665 -733.3333333333334
510.8333333333332 -727.5
511.6666666666665 -728.3333333333333
509.1666666666665 -724.1666666666667
515.8333333333333 -731.6666666666666
511.6666666666665 -728.3333333333333
503.33333333333326 -708.3333333333334
513.3333333333333 -730.0
519.1666666666665 -733.3333333333334
505.8333333333332 -719.1666666666667
503.33333333333326 -708.3333333333334
511.6666666666665 -728.3333333333333
513.3333333333333 -730.0
512.4999999999999 -729.1666666666666
503.33333333333326 -708.3333333333334
512.4999999999999 -729.1666666666666
511.6666666666665 -728.3333333333333
509.1666666666665 -724.1666666666667
509.1666666666665 -724.1666666666667
504.9999999999999 -715.0
519.1666666666665 -733.3333333333334
511.6666666666665 -728.3333333333333
504.9999999999999 -715.0
520.8333333333333 -734.1666666666669
503.33333333333326 -708.3333333333334
503.33333333333326 -708.3333333333334
503.33333333333326 -708.3333333333334
511.6666666666665 -728.3333333333333
510.8333333333332 -727.5
509.99999999999983 -725.0
512.4999999999999 -729.1666666666666
509.99999999999983 -725.0
511.6666666666665 -728.3333333333333
520.8333333333333 -734.1666666666669
509.1666666666665 -724.1666666666667
509.99999999999983 -725.0
511.6666666666665 -728.3333333333333
516.6666666666665 -731.6666666666667
510.8333333333332 -727.5
512.4999999999999 -729.1666666666666
512.4999999999999 -729.1666666666666
511.6666666666665 -728.3333333333333
512.4999999999999 -729.1666666666666
513.3333333333333 -730.0
514.1666666666665 -730.0000000000001
509.1666666666665 -724.1666666666667
505.8333333333332 -719.1666666666667
512.4999999999999 -729.1666666666666
512.4999999999999 -729.1666666666666
503.33333333333326 -708.3333333333334
519.1666666666665 -733.3333333333334
511.6666666666665 -728.3333333333333
503.33333333333326 -708.3333333333334
517.4999999999999 -732.5
503.33333333333326 -708.3333333333334
511.6666666666665 -728.3333333333333
512.4999999999999 -729.1666666666666
510.8333333333332 -727.5
517.4999999999999 -732.5
506.6666666666665 -720.8333333333333
503.33333333333326 -708.3333333333334
513.3333333333331 -729.1666666666667
505.8333333333332 -719.1666666666667
511.6666666666665 -728.3333333333333
512.4999999999999 -729.1666666666666
511.6666666666665 -728.3333333333333
504.1666666666666 -714.1666666666667
512.4999999999999 -729.1666666666666
519.1666666666665 -733.3333333333334
508.3333333333332 -724.1666666666666
510.8333333333332 -727.5
514.9999999999998 -730.8333333333334
507.4999999999999 -720.8333333333334
510.8333333333332 -727.5
519.1666666666665 -733.3333333333334
511.6666666666665 -728.3333333333333
511.6666666666665 -728.3333333333333
513.3333333333333 -730.0
503.33333333333326 -708.3333333333334
514.9999999999998 -730.8333333333334
514.1666666666665 -730.0000000000001
510.8333333333332 -727.5
518.3333333333333 -733.3333333333333
511.6666666666665 -728.3333333333333
504.9999999999999 -715.0
508.3333333333332 -724.1666666666666
513.3333333333333 -730.0
512.4999999999999 -729.1666666666666
509.1666666666665 -724.1666666666667
512.4999999999999 -729.1666666666666
509.99999999999983 -725.0
503.33333333333326 -708.3333333333334
507.4999999999999 -720.8333333333334
510.8333333333332 -727.5
509.99999999999983 -725.0
510.8333333333332 -727.5
513.3333333333331 -729.1666666666667
510.8333333333332 -727.5
511.6666666666665 -728.3333333333333
511.6666666666665 -728.3333333333333
510.8333333333332 -727.5
511.6666666666665 -728.3333333333333
520.8333333333333 -734.1666666666669
514.9999999999998 -730.8333333333334
509.9999999999999 -726.6666666666667
515.8333333333333 -731.6666666666666
511.6666666666665 -728.3333333333333
512.4999999999999 -729.1666666666666
