502.5 -579.1666666666663
519.1666666666665 -733.3333333333334
510.8333333333332 -727.5
519.1666666666665 -733.3333333333334
503.33333333333326 -708.3333333333334
503.33333333333326 -708.3333333333334
519.1666666666665 -733.3333333333334
510.8333333333332 -727.5
509.1666666666665 -724.1666666666667
503.33333333333326 -708.3333333333334
519.1666666666665 -733.3333333333334
505.8333333333332 -719.1666666666667
503.33333333333326 -708.3333333333334
503.33333333333326 -708.3333333333334
509.1666666666665 -724.1666666666667
509.1666666666665 -724.1666666666667
504.9999999999999 -715.0
519.1666666666665 -733.3333333333334
504.9999999999999 -715.0
503.33333333333326 -708.3333333333334
503.33333333333326 -708.3333333333334
503.33333333333326 -708.3333333333334
510.8333333333332 -727.5
509.1666666666665 -724.1666666666667
510.8333333333332 -727.5
509.1666666666665 -724.1666666666667
505.8333333333332 -719.1666666666667
503.33333333333326 -708.3333333333334
519.1666666666665 -733.3333333333334
503.33333333333326 -708.3333333333334
517.4999999999999 -732.5
503.33333333333326 -708.3333333333334
510.8333333333332 -727.5
517.4999999999999 -732.5
506.6666666666665 -720.8333333333333
503.33333333333326 -708.3333333333334
505.8333333333332 -719.1666666666667
504.1666666666666 -714.1666666666667
519.1666666666665 -733.3333333333334
508.3333333333332 -724.1666666666666
510.8333333333332 -727.5
507.4999999999999 -720.8333333333334
510.8333333333332 -727.5
519.1666666666665 -733.3333333333334
503.33333333333326 -708.3333333333334
510.8333333333332 -727.5
518.3333333333333 -733.3333333333333
504.9999999999999 -715.0
508.3333333333332 -724.1666666666666
509.1666666666665 -724.1666666666667
503.33333333333326 -708.3333333333334
507.4999999999999 -720.8333333333334
510.8333333333332 -727.5
510.8333333333332 -727.5
510.8333333333332 -727.5
510.8333333333332 -727.5
509.9999999999999 -726.6666666666667
509.1666666666665 -724.1666666666667
519.1666666666665 -733.3333333333334
517.4999999999999 -732.5
507.4999999999999 -720.8333333333334
519.1666666666665 -733.3333333333334
517.4999999999999 -732.5
517.4999999999999 -732.5
505.8333333333332 -719.1666666666667
520.8333333333333 -735.0000000000001
517.4999999999999 -732.5
519.1666666666665 -733.3333333333334
513.3333333333333 -731.6666666666667
503.33333333333326 -708.3333333333334
505.8333333333332 -719.1666666666667
509.1666666666665 -724.1666666666667
503.33333333333326 -708.3333333333334
507.4999999999999 -720.8333333333334
507.4999999999999 -720.8333333333334
519.9999999999998 -734.1666666666667
510.8333333333332 -727.5
503.33333333333326 -708.3333333333334
511.6666666666665 -730.0
510.8333333333332 -727.5
509.99999999999983 -725.8333333333334
506.6666666666665 -720.8333333333333
520.8333333333333 -735.0000000000001
520.8333333333333 -735.0000000000001
510.8333333333332 -727.5
510.8333333333332 -727.5
