502.5 -579.1666666666663
504.9999999999999 -715.0
504.9999999999999 -715.0
506.6666666666665 -720.8333333333333
504.1666666666666 -714.1666666666667
508.3333333333332 -724.1666666666666
504.9999999999999 -715.0
508.3333333333332 -724.1666666666666
513.3333333333333 -731.6666666666667
506.6666666666665 -720.8333333333333
511.6666666666665 -730.8333333333333
504.9999999999999 -715.0
504.9999999999999 -715.0
518.3333333333333 -734.1666666666667
508.3333333333332 -724.1666666666666
504.9999999999999 -715.0
519.1666666666665 -735.8333333333334
511.6666666666665 -730.8333333333333
504.1666666666666 -714.1666666666667
504.9999999999999 -715.0
504.1666666666666 -714.1666666666667
503.33333333333326 -710.8333333333334
509.99999999999983 -727.5
504.1666666666666 -714.1666666666667
504.1666666666666 -714.1666666666667
507.4999999999999 -723.3333333333333
504.1666666666666 -714.1666666666667
516.6666666666665 -733.3333333333335
505.8333333333332 -720.0
503.33333333333326 -710.8333333333334
509.1666666666665 -726.6666666666666
512.4999999999999 -730.8333333333334
505.8333333333332 -720.0
506.6666666666665 -720.8333333333333
509.1666666666665 -726.6666666666666
505.8333333333332 -720.0
511.6666666666665 -730.8333333333333
