502.5 -579.1666666666663
504.1666666666666 -714.1666666666667
508.3333333333332 -724.1666666666666
508.3333333333332 -724.1666666666666
513.3333333333333 -731.6666666666667
511.6666666666665 -730.8333333333333
508.3333333333332 -724.1666666666666
519.1666666666665 -735.8333333333334
511.6666666666665 -730.8333333333333
504.1666666666666 -714.1666666666667
504.1666666666666 -714.1666666666667
503.33333333333326 -710.8333333333334
509.99999999999983 -727.5
504.1666666666666 -714.1666666666667
504.1666666666666 -714.1666666666667
507.4999999999999 -723.3333333333333
504.1666666666666 -714.1666666666667
505.8333333333332 -720.0
503.33333333333326 -710.8333333333334
505.8333333333332 -720.0
505.8333333333332 -720.0
511.6666666666665 -730.8333333333333
503.33333333333326 -710.8333333333334
503.33333333333326 -710.8333333333334
504.1666666666666 -714.1666666666667
510.8333333333332 -730.0
503.33333333333326 -710.8333333333334
504.1666666666666 -714.1666666666667
507.4999999999999 -723.3333333333333
506.6666666666665 -720.8333333333334
509.1666666666665 -726.6666666666667
503.33333333333326 -710.8333333333334
504.1666666666666 -714.1666666666667
507.4999999999999 -723.3333333333333
503.33333333333326 -710.8333333333334
505.8333333333332 -720.0
503.33333333333326 -710.8333333333334
504.1666666666666 -714.1666666666667
503.33333333333326 -710.8333333333334
504.1666666666666 -714.1666666666667
509.1666666666665 -726.6666666666667
518.3333333333333 -735.8333333333333
503.33333333333326 -710.8333333333334
503.33333333333326 -710.8333333333334
503.33333333333326 -710.8333333333334
503.33333333333326 -710.8333333333334
503.33333333333326 -710.8333333333334
503.33333333333326 -710.8333333333334
504.1666666666666 -714.1666666666667
503.33333333333326 -710.8333333333334
509.99999999999983 -727.5
503.33333333333326 -710.8333333333334
504.1666666666666 -714.1666666666667
509.99999999999983 -727.5
512.4999999999999 -731.6666666666666
510.8333333333332 -730.0
503.33333333333326 -710.8333333333334
503.33333333333326 -710.8333333333334
503.33333333333326 -710.8333333333334
519.1666666666665 -735.8333333333334
504.9999999999999 -716.6666666666666
507.4999999999999 -723.3333333333333
509.99999999999983 -727.5
504.1666666666666 -714.1666666666667
510.8333333333332 -730.0
503.33333333333326 -710.8333333333334
503.33333333333326 -710.8333333333334
503.33333333333326 -710.8333333333334
507.4999999999999 -723.3333333333333
503.33333333333326 -710.8333333333334
516.6666666666665 -734.1666666666667
519.9999999999999 -736.6666666666666
503.33333333333326 -710.8333333333334
509.99999999999983 -727.5
512.4999999999999 -731.6666666666666
508.3333333333332 -724.1666666666666
509.99999999999983 -727.5
504.1666666666666 -714.1666666666667
504.1666666666666 -714.1666666666667
503.33333333333326 -710.8333333333334
509.1666666666665 -726.6666666666667
519.1666666666665 -735.8333333333334
516.6666666666665 -734.1666666666667
503.33333333333326 -710.8333333333334
507.4999999999999 -723.3333333333333
504.1666666666666 -714.1666666666667
517.4999999999999 -735.0
505.8333333333332 -720.0
507.4999999999999 -723.3333333333333
505.8333333333332 -720.0
504.1666666666666 -714.1666666666667
