502.5 -579.1666666666663
519.9999999999998 -737.5000000000002
519.9999999999998 -737.5000000000002
503.33333333333326 -713.3333333333334
514.1666666666665 -734.1666666666666
517.5 -736.6666666666667
504.1666666666666 -717.5
516.6666666666665 -735.8333333333334
514.9999999999999 -735.0000000000001
505.8333333333332 -720.8333333333334
512.5 -733.3333333333333
503.33333333333326 -713.3333333333334
504.1666666666666 -717.5
505.8333333333332 -720.8333333333334
506.6666666666666 -722.5
511.6666666666665 -732.5
508.3333333333332 -725.0
510.8333333333332 -730.8333333333333
507.4999999999999 -724.1666666666667
510.8333333333332 -730.8333333333333
509.1666666666665 -727.5
517.5 -736.6666666666667
512.5 -733.3333333333333
516.6666666666665 -735.8333333333334
514.9999999999998 -734.1666666666667
506.6666666666665 -721.6666666666666
509.99999999999983 -728.3333333333333
509.9999999999999 -729.1666666666666
511.6666666666665 -732.5
507.4999999999999 -724.1666666666667
508.33333333333326 -725.8333333333334
509.1666666666665 -727.5
509.9999999999999 -729.1666666666666
508.33333333333326 -725.8333333333334
514.9999999999999 -735.0000000000001
506.6666666666665 -721.6666666666666
509.99999999999983 -728.3333333333333
503.33333333333326 -713.3333333333334
505.8333333333332 -720.8333333333334
510.8333333333332 -730.8333333333333
517.5 -736.6666666666667
507.4999999999999 -724.1666666666667
509.1666666666665 -727.5
506.6666666666665 -721.6666666666666
509.99999999999983 -728.3333333333333
503.33333333333326 -713.3333333333334
505.8333333333332 -720.8333333333334
510.8333333333332 -730.8333333333333
517.5 -736.6666666666667
507.4999999999999 -724.1666666666667
509.1666666666665 -727.5
509.99999999999983 -728.3333333333333
506.6666666666665 -721.6666666666666
505.8333333333332 -720.8333333333334
517.5 -736.6666666666667
510.8333333333332 -730.8333333333333
509.99999999999983 -728.3333333333333
506.6666666666665 -721.6666666666666
509.1666666666665 -727.5
505.8333333333332 -720.8333333333334
510.8333333333332 -730.8333333333333
509.99999999999983 -728.3333333333333
506.6666666666665 -721.6666666666666
509.1666666666665 -727.5
517.5 -736.6666666666667
505.8333333333332 -720.8333333333334
510.8333333333332 -730.8333333333333
506.6666666666665 -721.6666666666666
509.99999999999983 -728.3333333333333
509.1666666666665 -727.5
517.5 -736.6666666666667
505.8333333333332 -720.8333333333334
510.8333333333332 -730.8333333333333
509.99999999999983 -728.3333333333333
506.6666666666665 -721.6666666666666
509.1666666666665 -727.5
517.5 -736.6666666666667
505.8333333333332 -720.8333333333334
510.8333333333332 -730.8333333333333
506.6666666666665 -721.6666666666666
509.99999999999983 -728.3333333333333
509.1666666666665 -727.5
510.8333333333332 -730.8333333333333
510.8333333333332 -730.8333333333333
506.6666666666665 -721.6666666666666
506.6666666666665 -721.6666666666666
506.6666666666665 -721.6666666666666
509.1666666666665 -727.5
509.1666666666665 -727.5
510.8333333333332 -730.8333333333333
510.8333333333332 -730.8333333333333
510.8333333333332 -730.8333333333333
509.99999999999983 -728.3333333333333
510.8333333333332 -730.8333333333333
510.8333333333332 -730.8333333333333
509.99999999999983 -728.3333333333333
510.8333333333332 -730.8333333333333
506.6666666666665 -721.6666666666666
509.1666666666665 -727.5
510.8333333333332 -730.8333333333333
509.99999999999983 -728.3333333333333
510.8333333333332 -730.8333333333333
509.1666666666665 -727.5
510.8333333333332 -730.8333333333333
509.99999999999983 -728.3333333333333
509.99999999999983 -728.3333333333333
510.8333333333332 -730.8333333333333
510.8333333333332 -730.8333333333333
509.99999999999983 -728.3333333333333
505.8333333333332 -720.8333333333334
506.6666666666665 -721.6666666666666
510.8333333333332 -730.8333333333333
506.6666666666665 -721.6666666666666
509.1666666666665 -727.5
510.8333333333332 -730.8333333333333
510.8333333333332 -730.8333333333333
510.8333333333332 -730.8333333333333
510.8333333333332 -730.8333333333333
509.1666666666665 -727.5
510.8333333333332 -730.8333333333333
510.8333333333332 -730.8333333333333
509.99999999999983 -728.3333333333333
510.8333333333332 -730.8333333333333
509.1666666666665 -727.5
510.8333333333332 -730.8333333333333
509.99999999999983 -728.3333333333333
510.8333333333332 -730.8333333333333
509.99999999999983 -728.3333333333333
506.6666666666665 -721.6666666666666
510.8333333333332 -730.8333333333333
510.8333333333332 -730.8333333333333
506.6666666666665 -721.6666666666666
506.6666666666665 -721.6666666666666
509.99999999999983 -728.3333333333333
510.8333333333332 -730.8333333333333
509.1666666666665 -727.5
506.6666666666665 -721.6666666666666
510.8333333333332 -730.8333333333333
506.6666666666665 -721.6666666666666
509.1666666666665 -727.5
505.8333333333332 -720.8333333333334
506.6666666666665 -721.6666666666666
510.8333333333332 -730.8333333333333
509.99999999999983 -728.3333333333333
506.6666666666665 -721.6666666666666
510.8333333333332 -730.8333333333333
510.8333333333332 -730.8333333333333
506.6666666666665 -721.6666666666666
505.8333333333332 -720.8333333333334
510.8333333333332 -730.8333333333333
506.6666666666665 -721.6666666666666
517.5 -736.6666666666667
509.99999999999983 -728.3333333333333
506.6666666666665 -721.6666666666666
510.8333333333332 -730.8333333333333
510.8333333333332 -730.8333333333333
506.6666666666665 -721.6666666666666
509.99999999999983 -728.3333333333333
509.99999999999983 -728.3333333333333
509.1666666666665 -727.5
506.6666666666665 -721.6666666666666
509.1666666666665 -727.5
506.6666666666665 -721.6666666666666
505.8333333333332 -720.8333333333334
505.8333333333332 -720.8333333333334
506.6666666666665 -721.6666666666666
510.8333333333332 -730.8333333333333
509.1666666666665 -727.5
510.8333333333332 -730.8333333333333
506.6666666666665 -721.6666666666666
506.6666666666665 -721.6666666666666
506.6666666666665 -721.6666666666666
509.1666666666665 -727.5
505.8333333333332 -720.8333333333334
510.8333333333332 -730.8333333333333
509.1666666666665 -727.5
506.6666666666665 -721.6666666666666
510.8333333333332 -730.8333333333333
509.99999999999983 -728.3333333333333
510.8333333333332 -730.8333333333333
509.1666666666665 -727.5
509.1666666666665 -727.5
506.6666666666665 -721.6666666666666
510.8333333333332 -730.8333333333333
509.99999999999983 -728.3333333333333
505.8333333333332 -720.8333333333334
509.1666666666665 -727.5
510.8333333333332 -730.8333333333333
509.99999999999983 -728.3333333333333
509.1666666666665 -727.5
510.8333333333332 -730.8333333333333
509.99999999999983 -728.3333333333333
509.99999999999983 -728.3333333333333
509.1666666666665 -727.5
509.1666666666665 -727.5
509.99999999999983 -728.3333333333333
506.6666666666665 -721.6666666666666
510.8333333333332 -730.8333333333333
510.8333333333332 -730.8333333333333
509.99999999999983 -728.3333333333333
