502.5 -579.1666666666663
519.9999999999999 -738.3333333333334
503.33333333333326 -713.3333333333334
517.4999999999999 -736.6666666666667
519.1666666666665 -737.5000000000001
504.1666666666666 -717.5
516.6666666666665 -735.8333333333334
514.9999999999999 -735.0000000000001
505.8333333333332 -720.8333333333334
512.5 -733.3333333333333
514.1666666666665 -734.1666666666666
503.33333333333326 -713.3333333333334
504.1666666666666 -717.5
505.8333333333332 -720.8333333333334
506.6666666666666 -722.5
511.6666666666665 -732.5
508.3333333333332 -725.8333333333333
510.8333333333332 -730.8333333333333
507.4999999999999 -724.1666666666667
509.1666666666665 -727.5
507.4999999999999 -724.1666666666667
510.8333333333332 -730.8333333333333
512.5 -733.3333333333333
516.6666666666665 -735.8333333333334
509.99999999999983 -728.3333333333333
509.9999999999999 -729.1666666666667
506.6666666666665 -721.6666666666666
511.6666666666665 -732.5
514.9999999999998 -734.1666666666667
514.1666666666665 -734.1666666666666
509.1666666666665 -727.5
519.9999999999998 -737.5000000000002
508.33333333333326 -725.8333333333334
508.33333333333326 -725.8333333333334
509.9999999999999 -729.1666666666667
514.9999999999999 -735.0000000000001
509.99999999999983 -728.3333333333333
506.6666666666665 -721.6666666666666
519.9999999999998 -737.5000000000002
514.9999999999998 -734.1666666666667
503.33333333333326 -713.3333333333334
505.8333333333332 -720.8333333333334
507.4999999999999 -724.1666666666667
510.8333333333332 -730.8333333333333
512.5 -733.3333333333333
516.6666666666665 -735.8333333333334
511.6666666666665 -732.5
514.1666666666665 -734.1666666666666
509.1666666666665 -727.5
508.33333333333326 -725.8333333333334
509.99999999999983 -728.3333333333333
506.6666666666665 -721.6666666666666
503.33333333333326 -713.3333333333334
505.8333333333332 -720.8333333333334
510.8333333333332 -730.8333333333333
512.5 -733.3333333333333
511.6666666666665 -732.5
507.4999999999999 -724.1666666666667
514.1666666666665 -734.1666666666666
509.1666666666665 -727.5
508.33333333333326 -725.8333333333334
506.6666666666665 -721.6666666666666
509.99999999999983 -728.3333333333333
505.8333333333332 -720.8333333333334
510.8333333333332 -730.8333333333333
512.5 -733.3333333333333
509.1666666666665 -727.5
508.33333333333326 -725.8333333333334
506.6666666666665 -721.6666666666666
509.99999999999983 -728.3333333333333
505.8333333333332 -720.8333333333334
510.8333333333332 -730.8333333333333
509.1666666666665 -727.5
508.33333333333326 -725.8333333333334
506.6666666666665 -721.6666666666666
509.99999999999983 -728.3333333333333
505.8333333333332 -720.8333333333334
510.8333333333332 -730.8333333333333
509.1666666666665 -727.5
506.6666666666665 -721.6666666666666
509.99999999999983 -728.3333333333333
505.8333333333332 -720.8333333333334
510.8333333333332 -730.8333333333333
509.1666666666665 -727.5
509.99999999999983 -728.3333333333333
506.6666666666665 -721.6666666666666
505.8333333333332 -720.8333333333334
510.8333333333332 -730.8333333333333
509.99999999999983 -728.3333333333333
506.6666666666665 -721.6666666666666
509.1666666666665 -727.5
505.8333333333332 -720.8333333333334
510.8333333333332 -730.8333333333333
509.99999999999983 -728.3333333333333
506.6666666666665 -721.6666666666666
509.1666666666665 -727.5
505.8333333333332 -720.8333333333334
510.8333333333332 -730.8333333333333
506.6666666666665 -721.6666666666666
509.99999999999983 -728.3333333333333
509.1666666666665 -727.5
505.8333333333332 -720.8333333333334
510.8333333333332 -730.8333333333333
509.99999999999983 -728.3333333333333
506.6666666666665 -721.6666666666666
509.1666666666665 -727.5
505.8333333333332 -720.8333333333334
510.8333333333332 -730.8333333333333
506.6666666666665 -721.6666666666666
509.99999999999983 -728.3333333333333
509.1666666666665 -727.5
510.8333333333332 -730.8333333333333
510.8333333333332 -730.8333333333333
506.6666666666665 -721.6666666666666
506.6666666666665 -721.6666666666666
506.6666666666665 -721.6666666666666
509.1666666666665 -727.5
509.1666666666665 -727.5
510.8333333333332 -730.8333333333333
510.8333333333332 -730.8333333333333
510.8333333333332 -730.8333333333333
509.99999999999983 -728.3333333333333
510.8333333333332 -730.8333333333333
510.8333333333332 -730.8333333333333
509.99999999999983 -728.3333333333333
510.8333333333332 -730.8333333333333
506.6666666666665 -721.6666666666666
509.1666666666665 -727.5
510.8333333333332 -730.8333333333333
509.99999999999983 -728.3333333333333
510.8333333333332 -730.8333333333333
509.1666666666665 -727.5
510.8333333333332 -730.8333333333333
509.99999999999983 -728.3333333333333
509.99999999999983 -728.3333333333333
510.8333333333332 -730.8333333333333
510.8333333333332 -730.8333333333333
509.99999999999983 -728.3333333333333
505.8333333333332 -720.8333333333334
506.6666666666665 -721.6666666666666
510.8333333333332 -730.8333333333333
506.6666666666665 -721.6666666666666
509.1666666666665 -727.5
510.8333333333332 -730.8333333333333
510.8333333333332 -730.8333333333333
510.8333333333332 -730.8333333333333
510.8333333333332 -730.8333333333333
509.1666666666665 -727.5
510.8333333333332 -730.8333333333333
510.8333333333332 -730.8333333333333
509.99999999999983 -728.3333333333333
510.8333333333332 -730.8333333333333
509.1666666666665 -727.5
510.8333333333332 -730.8333333333333
509.99999999999983 -728.3333333333333
510.8333333333332 -730.8333333333333
509.99999999999983 -728.3333333333333
506.6666666666665 -721.6666666666666
510.8333333333332 -730.8333333333333
510.8333333333332 -730.8333333333333
506.6666666666665 -721.6666666666666
506.6666666666665 -721.6666666666666
509.99999999999983 -728.3333333333333
510.8333333333332 -730.8333333333333
509.1666666666665 -727.5
506.6666666666665 -721.6666666666666
510.8333333333332 -730.8333333333333
506.6666666666665 -721.6666666666666
509.1666666666665 -727.5
505.8333333333332 -720.8333333333334
506.6666666666665 -721.6666666666666
510.8333333333332 -730.8333333333333
509.99999999999983 -728.3333333333333
506.6666666666665 -721.6666666666666
510.8333333333332 -730.8333333333333
510.8333333333332 -730.8333333333333
506.6666666666665 -721.6666666666666
505.8333333333332 -720.8333333333334
510.8333333333332 -730.8333333333333
506.6666666666665 -721.6666666666666
509.99999999999983 -728.3333333333333
506.6666666666665 -721.6666666666666
510.8333333333332 -730.8333333333333
510.8333333333332 -730.8333333333333
506.6666666666665 -721.6666666666666
509.99999999999983 -728.3333333333333
509.99999999999983 -728.3333333333333
509.1666666666665 -727.5
506.6666666666665 -721.6666666666666
509.1666666666665 -727.5
506.6666666666665 -721.6666666666666
505.8333333333332 -720.8333333333334
505.8333333333332 -720.8333333333334
506.6666666666665 -721.6666666666666
510.8333333333332 -730.8333333333333
509.1666666666665 -727.5
510.8333333333332 -730.8333333333333
506.6666666666665 -721.6666666666666
506.6666666666665 -721.6666666666666
505.8333333333332 -720.8333333333334
