502.5 -579.1666666666663
503.33333333333326 -714.1666666666667
512.4999999999999 -738.3333333333333
506.6666666666665 -727.4999999999999
504.9999999999999 -718.3333333333333
504.1666666666666 -717.5
511.6666666666665 -737.5
507.4999999999999 -728.3333333333334
510.8333333333332 -735.0
509.9999999999999 -734.1666666666667
507.4999999999999 -728.3333333333334
504.1666666666666 -717.5
511.6666666666665 -737.5
510.8333333333332 -735.0
512.4999999999999 -738.3333333333333
508.3333333333332 -730.8333333333333
508.33333333333326 -730.8333333333334
509.99999999999983 -734.1666666666666
509.99999999999983 -734.1666666666666
508.3333333333332 -730.8333333333333
508.33333333333326 -730.8333333333334
504.1666666666666 -717.5
511.6666666666665 -737.5
510.8333333333332 -735.0
512.4999999999999 -738.3333333333333
509.99999999999983 -734.1666666666666
508.33333333333326 -730.8333333333334
510.8333333333332 -735.0
504.1666666666666 -717.5
512.4999999999999 -738.3333333333333
510.8333333333332 -735.0
504.1666666666666 -717.5
510.8333333333332 -735.0
504.1666666666666 -717.5
504.1666666666666 -717.5
504.1666666666666 -717.5
504.1666666666666 -717.5
504.1666666666666 -717.5
504.1666666666666 -717.5
504.1666666666666 -717.5
504.1666666666666 -717.5
504.1666666666666 -717.5
504.1666666666666 -717.5
504.1666666666666 -717.5
504.1666666666666 -717.5
504.1666666666666 -717.5
504.1666666666666 -717.5
504.1666666666666 -717.5
504.1666666666666 -717.5
510.8333333333332 -735.0
504.1666666666666 -717.5
504.1666666666666 -717.5
510.8333333333332 -735.0
504.1666666666666 -717.5
504.1666666666666 -717.5
504.1666666666666 -717.5
504.1666666666666 -717.5
504.1666666666666 -717.5
504.1666666666666 -717.5
510.8333333333332 -735.0
512.4999999999999 -738.3333333333333
504.1666666666666 -717.5
510.8333333333332 -735.0
510.8333333333332 -735.0
504.1666666666666 -717.5
508.33333333333326 -730.8333333333334
512.4999999999999 -738.3333333333333
507.4999999999999 -728.3333333333334
512.4999999999999 -738.3333333333333
504.1666666666666 -717.5
504.1666666666666 -717.5
510.8333333333332 -735.0
509.99999999999983 -734.1666666666666
507.4999999999999 -728.3333333333334
507.4999999999999 -728.3333333333334
512.4999999999999 -738.3333333333333
511.6666666666665 -737.5
508.33333333333326 -730.8333333333334
509.99999999999983 -734.1666666666666
504.1666666666666 -717.5
507.4999999999999 -728.3333333333334
508.3333333333332 -730.8333333333333
510.8333333333332 -735.0
506.6666666666666 -727.5
512.4999999999999 -738.3333333333333
504.1666666666666 -717.5
511.6666666666665 -737.5
512.4999999999999 -738.3333333333333
507.4999999999999 -728.3333333333334
511.6666666666665 -737.5
509.99999999999983 -734.1666666666666
510.8333333333332 -735.0
504.1666666666666 -717.5
510.8333333333332 -735.0
510.8333333333332 -735.0
507.4999999999999 -728.3333333333334
507.4999999999999 -728.3333333333334
509.99999999999983 -734.1666666666666
509.99999999999983 -734.1666666666666
507.4999999999999 -728.3333333333334
508.3333333333332 -730.8333333333333
514.9999999999998 -740.0000000000001
509.9999999999999 -734.1666666666667
508.3333333333332 -730.8333333333333
512.4999999999999 -738.3333333333333
507.4999999999999 -728.3333333333334
507.4999999999999 -728.3333333333334
509.99999999999983 -734.1666666666666
510.8333333333332 -735.0
510.8333333333332 -735.0
504.9999999999999 -718.3333333333333
510.8333333333332 -735.0
509.99999999999983 -734.1666666666666
505.8333333333332 -725.8333333333334
504.1666666666666 -717.5
511.6666666666665 -737.5
509.1666666666665 -732.5
507.4999999999999 -728.3333333333334
507.4999999999999 -728.3333333333334
505.8333333333332 -725.8333333333334
507.4999999999999 -728.3333333333334
504.1666666666666 -717.5
510.8333333333332 -735.0
508.3333333333332 -730.8333333333333
510.8333333333332 -735.0
504.1666666666666 -717.5
512.4999999999999 -738.3333333333333
511.6666666666665 -737.5
509.1666666666665 -732.5
512.4999999999999 -738.3333333333333
506.6666666666665 -727.4999999999999
507.4999999999999 -728.3333333333334
505.8333333333332 -725.8333333333334
504.1666666666666 -717.5
504.1666666666666 -717.5
512.4999999999999 -738.3333333333333
511.6666666666665 -737.5
506.6666666666666 -727.5
510.8333333333332 -735.0
511.6666666666665 -737.5
507.4999999999999 -728.3333333333334
511.6666666666665 -737.5
507.4999999999999 -728.3333333333334
507.4999999999999 -728.3333333333334
509.1666666666665 -732.5
509.99999999999983 -734.1666666666666
506.6666666666666 -727.5
510.8333333333332 -735.0
507.4999999999999 -728.3333333333334
505.8333333333332 -725.8333333333334
509.1666666666665 -732.5
508.3333333333332 -730.8333333333333
514.1666666666665 -739.1666666666666
508.3333333333332 -730.8333333333333
509.99999999999983 -734.1666666666666
506.6666666666666 -727.5
510.8333333333332 -735.0
503.33333333333326 -714.1666666666667
507.4999999999999 -728.3333333333334
512.4999999999999 -738.3333333333333
507.4999999999999 -728.3333333333334
512.4999999999999 -738.3333333333333
509.99999999999983 -734.1666666666666
507.4999999999999 -728.3333333333334
511.6666666666665 -737.5
506.6666666666665 -727.4999999999999
510.8333333333332 -735.0
