502.5 -579.1666666666663
503.33333333333326 -714.1666666666667
512.4999999999999 -738.3333333333333
506.6666666666665 -727.4999999999999
504.9999999999999 -718.3333333333333
504.1666666666666 -717.5
504.1666666666666 -717.5
512.4999999999999 -738.3333333333333
508.3333333333332 -730.8333333333333
508.33333333333326 -730.8333333333334
508.3333333333332 -730.8333333333333
508.33333333333326 -730.8333333333334
504.1666666666666 -717.5
512.4999999999999 -738.3333333333333
508.33333333333326 -730.8333333333334
504.1666666666666 -717.5
512.4999999999999 -738.3333333333333
504.1666666666666 -717.5
504.1666666666666 -717.5
504.1666666666666 -717.5
504.1666666666666 -717.5
504.1666666666666 -717.5
504.1666666666666 -717.5
504.1666666666666 -717.5
504.1666666666666 -717.5
504.1666666666666 -717.5
504.1666666666666 -717.5
504.1666666666666 -717.5
504.1666666666666 -717.5
504.1666666666666 -717.5
504.1666666666666 -717.5
504.1666666666666 -717.5
504.1666666666666 -717.5
504.1666666666666 -717.5
504.1666666666666 -717.5
504.1666666666666 -717.5
504.1666666666666 -717.5
504.1666666666666 -717.5
504.1666666666666 -717.5
504.1666666666666 -717.5
504.1666666666666 -717.5
504.1666666666666 -717.5
512.4999999999999 -738.3333333333333
504.1666666666666 -717.5
504.1666666666666 -717.5
508.33333333333326 -730.8333333333334
512.4999999999999 -738.3333333333333
512.4999999999999 -738.3333333333333
504.1666666666666 -717.5
504.1666666666666 -717.5
512.4999999999999 -738.3333333333333
508.33333333333326 -730.8333333333334
504.1666666666666 -717.5
508.3333333333332 -730.8333333333333
506.6666666666666 -727.5
512.4999999999999 -738.3333333333333
504.1666666666666 -717.5
512.4999999999999 -738.3333333333333
504.1666666666666 -717.5
508.3333333333332 -730.8333333333333
514.9999999999998 -740.0000000000001
508.3333333333332 -730.8333333333333
512.4999999999999 -738.3333333333333
504.9999999999999 -718.3333333333333
505.8333333333332 -725.8333333333334
504.1666666666666 -717.5
509.1666666666665 -732.5
505.8333333333332 -725.8333333333334
504.1666666666666 -717.5
508.3333333333332 -730.8333333333333
504.1666666666666 -717.5
512.4999999999999 -738.3333333333333
509.1666666666665 -732.5
512.4999999999999 -738.3333333333333
506.6666666666665 -727.4999999999999
505.8333333333332 -725.8333333333334
504.1666666666666 -717.5
504.1666666666666 -717.5
512.4999999999999 -738.3333333333333
506.6666666666666 -727.5
509.1666666666665 -732.5
506.6666666666666 -727.5
505.8333333333332 -725.8333333333334
509.1666666666665 -732.5
508.3333333333332 -730.8333333333333
514.1666666666665 -739.1666666666666
508.3333333333332 -730.8333333333333
506.6666666666666 -727.5
503.33333333333326 -714.1666666666667
512.4999999999999 -738.3333333333333
512.4999999999999 -738.3333333333333
506.6666666666665 -727.4999999999999
506.6666666666665 -727.4999999999999
506.6666666666665 -727.4999999999999
504.1666666666666 -717.5
505.8333333333332 -725.8333333333334
508.33333333333326 -730.8333333333334
512.4999999999999 -738.3333333333333
510.8333333333332 -735.8333333333333
506.6666666666665 -727.4999999999999
514.9999999999998 -740.0000000000001
506.6666666666665 -727.4999999999999
506.6666666666666 -727.5
512.4999999999999 -738.3333333333333
509.99999999999983 -735.0
504.1666666666666 -717.5
505.8333333333332 -725.8333333333334
508.33333333333326 -730.8333333333334
504.1666666666666 -717.5
512.4999999999999 -738.3333333333333
509.99999999999983 -735.0
508.33333333333326 -730.8333333333334
512.4999999999999 -738.3333333333333
508.3333333333332 -730.8333333333333
506.6666666666665 -727.4999999999999
504.9999999999999 -718.3333333333333
509.1666666666665 -732.5
505.8333333333332 -725.8333333333334
512.4999999999999 -738.3333333333333
508.3333333333332 -730.8333333333333
509.1666666666665 -732.5
512.4999999999999 -738.3333333333333
510.83333333333326 -737.5
506.6666666666666 -727.5
506.6666666666666 -727.5
508.3333333333332 -730.8333333333333
507.4999999999999 -729.1666666666666
