502.5 -579.1666666666663
503.33333333333326 -714.1666666666667
512.4999999999999 -738.3333333333333
504.9999999999999 -718.3333333333333
504.1666666666666 -717.5
504.1666666666666 -717.5
512.4999999999999 -738.3333333333333
504.1666666666666 -717.5
512.4999999999999 -738.3333333333333
504.1666666666666 -717.5
512.4999999999999 -738.3333333333333
504.1666666666666 -717.5
504.1666666666666 -717.5
504.1666666666666 -717.5
504.1666666666666 -717.5
504.1666666666666 -717.5
504.1666666666666 -717.5
504.1666666666666 -717.5
504.1666666666666 -717.5
504.1666666666666 -717.5
504.1666666666666 -717.5
504.1666666666666 -717.5
504.1666666666666 -717.5
504.1666666666666 -717.5
504.1666666666666 -717.5
504.1666666666666 -717.5
504.1666666666666 -717.5
504.1666666666666 -717.5
504.1666666666666 -717.5
504.1666666666666 -717.5
504.1666666666666 -717.5
504.1666666666666 -717.5
504.1666666666666 -717.5
504.1666666666666 -717.5
504.1666666666666 -717.5
504.1666666666666 -717.5
512.4999999999999 -738.3333333333333
504.1666666666666 -717.5
504.1666666666666 -717.5
512.4999999999999 -738.3333333333333
512.4999999999999 -738.3333333333333
504.1666666666666 -717.5
504.1666666666666 -717.5
512.4999999999999 -738.3333333333333
504.1666666666666 -717.5
512.4999999999999 -738.3333333333333
504.1666666666666 -717.5
512.4999999999999 -738.3333333333333
504.1666666666666 -717.5
514.9999999999998 -740.0000000000001
512.4999999999999 -738.3333333333333
504.9999999999999 -718.3333333333333
505.8333333333332 -725.8333333333334
504.1666666666666 -717.5
509.1666666666665 -732.5
505.8333333333332 -725.8333333333334
504.1666666666666 -717.5
504.1666666666666 -717.5
512.4999999999999 -738.3333333333333
509.1666666666665 -732.5
512.4999999999999 -738.3333333333333
505.8333333333332 -725.8333333333334
504.1666666666666 -717.5
504.1666666666666 -717.5
512.4999999999999 -738.3333333333333
509.1666666666665 -732.5
505.8333333333332 -725.8333333333334
509.1666666666665 -732.5
514.1666666666665 -739.1666666666666
503.33333333333326 -714.1666666666667
512.4999999999999 -738.3333333333333
512.4999999999999 -738.3333333333333
504.1666666666666 -717.5
505.8333333333332 -725.8333333333334
512.4999999999999 -738.3333333333333
514.9999999999998 -740.0000000000001
512.4999999999999 -738.3333333333333
509.99999999999983 -735.0
504.1666666666666 -717.5
505.8333333333332 -725.8333333333334
504.1666666666666 -717.5
512.4999999999999 -738.3333333333333
509.99999999999983 -735.0
512.4999999999999 -738.3333333333333
504.9999999999999 -718.3333333333333
509.1666666666665 -732.5
505.8333333333332 -725.8333333333334
512.4999999999999 -738.3333333333333
509.1666666666665 -732.5
512.4999999999999 -738.3333333333333
510.83333333333326 -737.5
507.4999999999999 -729.1666666666666
505.8333333333332 -725.8333333333334
512.4999999999999 -738.3333333333333
506.6666666666665 -728.3333333333334
510.8333333333332 -735.8333333333334
508.3333333333332 -731.6666666666666
504.9999999999999 -718.3333333333333
509.1666666666665 -732.5
512.4999999999999 -738.3333333333333
504.1666666666666 -717.5
