502.5 -579.1666666666663
503.33333333333326 -714.1666666666667
503.33333333333326 -714.1666666666667
504.1666666666666 -718.3333333333334
503.33333333333326 -714.1666666666667
503.33333333333326 -714.1666666666667
504.1666666666666 -718.3333333333334
504.1666666666666 -718.3333333333334
503.33333333333326 -714.1666666666667
503.33333333333326 -714.1666666666667
505.8333333333332 -727.5
508.3333333333332 -732.5
510.8333333333332 -738.3333333333333
516.6666666666665 -743.3333333333334
510.8333333333332 -738.3333333333333
503.33333333333326 -714.1666666666667
511.6666666666666 -739.1666666666667
507.4999999999999 -730.8333333333333
510.8333333333332 -738.3333333333333
503.33333333333326 -714.1666666666667
503.33333333333326 -714.1666666666667
504.1666666666666 -718.3333333333334
507.4999999999999 -730.8333333333333
513.3333333333333 -740.0000000000001
510.8333333333332 -738.3333333333333
509.1666666666666 -735.0
509.1666666666666 -735.0
503.33333333333326 -714.1666666666667
506.6666666666665 -729.1666666666667
510.8333333333332 -738.3333333333333
503.33333333333326 -714.1666666666667
508.3333333333332 -732.5
510.8333333333332 -738.3333333333333
503.33333333333326 -714.1666666666667
503.33333333333326 -714.1666666666667
503.33333333333326 -714.1666666666667
503.33333333333326 -714.1666666666667
504.1666666666666 -718.3333333333334
509.1666666666666 -735.0
516.6666666666665 -743.3333333333334
503.33333333333326 -714.1666666666667
504.1666666666666 -718.3333333333334
509.1666666666666 -735.0
503.33333333333326 -714.1666666666667
504.1666666666666 -718.3333333333334
504.1666666666666 -718.3333333333334
510.8333333333332 -738.3333333333333
503.33333333333326 -714.1666666666667
503.33333333333326 -714.1666666666667
506.6666666666665 -729.1666666666667
509.1666666666666 -735.0
503.33333333333326 -714.1666666666667
504.1666666666666 -718.3333333333334
503.33333333333326 -714.1666666666667
503.33333333333326 -714.1666666666667
516.6666666666665 -743.3333333333334
503.33333333333326 -714.1666666666667
511.6666666666666 -739.1666666666667
503.33333333333326 -714.1666666666667
504.1666666666666 -718.3333333333334
503.33333333333326 -714.1666666666667
503.33333333333326 -714.1666666666667
504.1666666666666 -718.3333333333334
503.33333333333326 -714.1666666666667
503.33333333333326 -714.1666666666667
503.33333333333326 -714.1666666666667
503.33333333333326 -714.1666666666667
504.1666666666666 -718.3333333333334
503.33333333333326 -714.1666666666667
503.33333333333326 -714.1666666666667
516.6666666666665 -743.3333333333334
504.1666666666666 -718.3333333333334
503.33333333333326 -714.1666666666667
519.1666666666665 -745.0000000000001
503.33333333333326 -714.1666666666667
503.33333333333326 -714.1666666666667
503.33333333333326 -714.1666666666667
503.33333333333326 -714.1666666666667
503.33333333333326 -714.1666666666667
503.33333333333326 -714.1666666666667
503.33333333333326 -714.1666666666667
509.1666666666666 -735.0
503.33333333333326 -714.1666666666667
503.33333333333326 -714.1666666666667
505.8333333333332 -727.5
504.1666666666666 -718.3333333333334
503.33333333333326 -714.1666666666667
503.33333333333326 -714.1666666666667
509.1666666666666 -735.0
503.33333333333326 -714.1666666666667
503.33333333333326 -714.1666666666667
503.33333333333326 -714.1666666666667
503.33333333333326 -714.1666666666667
503.33333333333326 -714.1666666666667
503.33333333333326 -714.1666666666667
503.33333333333326 -714.1666666666667
508.3333333333332 -732.5
504.1666666666666 -718.3333333333334
503.33333333333326 -714.1666666666667
503.33333333333326 -714.1666666666667
510.8333333333332 -738.3333333333333
504.1666666666666 -718.3333333333334
503.33333333333326 -714.1666666666667
503.33333333333326 -714.1666666666667
511.6666666666666 -739.1666666666667
506.6666666666665 -729.1666666666667
510.8333333333332 -738.3333333333333
504.1666666666666 -718.3333333333334
503.33333333333326 -714.1666666666667
510.8333333333332 -738.3333333333333
503.33333333333326 -714.1666666666667
519.9999999999998 -745.8333333333334
504.1666666666666 -718.3333333333334
503.33333333333326 -714.1666666666667
511.6666666666665 -738.3333333333334
510.8333333333332 -738.3333333333333
519.1666666666665 -745.0000000000001
503.33333333333326 -714.1666666666667
509.1666666666666 -735.0
513.3333333333333 -740.0000000000001
509.1666666666666 -735.0
510.8333333333332 -738.3333333333333
516.6666666666665 -743.3333333333334
503.33333333333326 -714.1666666666667
510.8333333333332 -738.3333333333333
503.33333333333326 -714.1666666666667
503.33333333333326 -714.1666666666667
504.1666666666666 -718.3333333333334
503.33333333333326 -714.1666666666667
514.1666666666665 -740.8333333333334
503.33333333333326 -714.1666666666667
503.33333333333326 -714.1666666666667
510.8333333333332 -738.3333333333333
508.3333333333332 -732.5
503.33333333333326 -714.1666666666667
503.33333333333326 -714.1666666666667
506.6666666666665 -729.1666666666667
503.33333333333326 -714.1666666666667
509.1666666666666 -735.0
504.1666666666666 -718.3333333333334
503.33333333333326 -714.1666666666667
503.33333333333326 -714.1666666666667
508.3333333333332 -732.5
503.33333333333326 -714.1666666666667
503.33333333333326 -714.1666666666667
514.1666666666665 -740.8333333333334
503.33333333333326 -714.1666666666667
516.6666666666665 -743.3333333333334
506.6666666666665 -729.1666666666667
503.33333333333326 -714.1666666666667
507.4999999999999 -730.8333333333333
513.3333333333333 -740.0000000000001
511.6666666666666 -739.1666666666667
508.3333333333332 -732.5
510.8333333333332 -738.3333333333333
506.6666666666665 -729.1666666666667
510.8333333333332 -738.3333333333333
503.33333333333326 -714.1666666666667
503.33333333333326 -714.1666666666667
503.33333333333326 -714.1666666666667
504.1666666666666 -718.3333333333334
503.33333333333326 -714.1666666666667
503.33333333333326 -714.1666666666667
510.8333333333332 -738.3333333333333
516.6666666666665 -743.3333333333334
510.8333333333332 -738.3333333333333
509.1666666666666 -735.0
510.8333333333332 -738.3333333333333
503.33333333333326 -714.1666666666667
503.33333333333326 -714.1666666666667
503.33333333333326 -714.1666666666667
504.1666666666666 -718.3333333333334
511.6666666666666 -739.1666666666667
515.8333333333333 -741.6666666666667
504.9999999999999 -719.1666666666667
511.6666666666666 -739.1666666666667
503.33333333333326 -714.1666666666667
503.33333333333326 -714.1666666666667
511.6666666666666 -739.1666666666667
508.3333333333332 -732.5
506.6666666666665 -729.1666666666667
516.6666666666665 -743.3333333333334
510.8333333333332 -738.3333333333333
509.99999999999994 -735.8333333333334
508.3333333333332 -732.5
509.1666666666666 -735.0
503.33333333333326 -714.1666666666667
503.33333333333326 -714.1666666666667
503.33333333333326 -714.1666666666667
509.1666666666666 -735.0
