502.5 -579.1666666666663
519.9999999999998 -745.8333333333334
519.9999999999998 -745.8333333333334
503.33333333333326 -714.1666666666667
514.1666666666665 -742.5
507.4999999999999 -734.1666666666665
503.33333333333326 -714.1666666666667
514.1666666666665 -742.5
519.9999999999998 -745.8333333333334
503.33333333333326 -714.1666666666667
519.9999999999998 -745.8333333333334
503.33333333333326 -714.1666666666667
519.9999999999998 -745.8333333333334
503.33333333333326 -714.1666666666667
519.9999999999998 -745.8333333333334
503.33333333333326 -714.1666666666667
503.33333333333326 -714.1666666666667
503.33333333333326 -714.1666666666667
503.33333333333326 -714.1666666666667
503.33333333333326 -714.1666666666667
503.33333333333326 -714.1666666666667
503.33333333333326 -714.1666666666667
503.33333333333326 -714.1666666666667
503.33333333333326 -714.1666666666667
503.33333333333326 -714.1666666666667
503.33333333333326 -714.1666666666667
503.33333333333326 -714.1666666666667
503.33333333333326 -714.1666666666667
503.33333333333326 -714.1666666666667
503.33333333333326 -714.1666666666667
503.33333333333326 -714.1666666666667
503.33333333333326 -714.1666666666667
503.33333333333326 -714.1666666666667
503.33333333333326 -714.1666666666667
503.33333333333326 -714.1666666666667
503.33333333333326 -714.1666666666667
503.33333333333326 -714.1666666666667
503.33333333333326 -714.1666666666667
503.33333333333326 -714.1666666666667
503.33333333333326 -714.1666666666667
503.33333333333326 -714.1666666666667
503.33333333333326 -714.1666666666667
503.33333333333326 -714.1666666666667
503.33333333333326 -714.1666666666667
503.33333333333326 -714.1666666666667
503.33333333333326 -714.1666666666667
503.33333333333326 -714.1666666666667
503.33333333333326 -714.1666666666667
503.33333333333326 -714.1666666666667
503.33333333333326 -714.1666666666667
503.33333333333326 -714.1666666666667
503.33333333333326 -714.1666666666667
503.33333333333326 -714.1666666666667
503.33333333333326 -714.1666666666667
503.33333333333326 -714.1666666666667
503.33333333333326 -714.1666666666667
503.33333333333326 -714.1666666666667
504.1666666666665 -728.3333333333333
503.33333333333326 -714.1666666666667
503.33333333333326 -714.1666666666667
503.33333333333326 -714.1666666666667
503.33333333333326 -714.1666666666667
503.33333333333326 -714.1666666666667
503.33333333333326 -714.1666666666667
504.1666666666665 -728.3333333333333
503.33333333333326 -714.1666666666667
503.33333333333326 -714.1666666666667
514.1666666666665 -742.5
503.33333333333326 -714.1666666666667
514.1666666666665 -742.5
519.9999999999998 -745.8333333333334
503.33333333333326 -714.1666666666667
505.8333333333332 -731.6666666666666
514.1666666666665 -742.5
503.33333333333326 -714.1666666666667
519.9999999999998 -745.8333333333334
503.33333333333326 -714.1666666666667
503.33333333333326 -714.1666666666667
503.33333333333326 -714.1666666666667
507.4999999999999 -734.1666666666665
503.33333333333326 -714.1666666666667
514.1666666666665 -742.5
504.1666666666665 -728.3333333333333
514.1666666666665 -742.5
514.1666666666665 -742.5
519.9999999999998 -745.8333333333334
503.33333333333326 -714.1666666666667
503.33333333333326 -714.1666666666667
508.3333333333332 -739.1666666666666
504.9999999999999 -729.1666666666667
504.1666666666665 -728.3333333333333
503.33333333333326 -714.1666666666667
503.33333333333326 -714.1666666666667
514.1666666666665 -742.5
519.9999999999998 -745.8333333333334
513.3333333333333 -740.8333333333335
503.33333333333326 -714.1666666666667
503.33333333333326 -714.1666666666667
503.33333333333326 -714.1666666666667
503.33333333333326 -714.1666666666667
503.33333333333326 -714.1666666666667
503.33333333333326 -714.1666666666667
503.33333333333326 -714.1666666666667
503.33333333333326 -714.1666666666667
503.33333333333326 -714.1666666666667
503.33333333333326 -714.1666666666667
508.3333333333332 -739.1666666666666
504.9999999999999 -729.1666666666667
503.33333333333326 -714.1666666666667
503.33333333333326 -714.1666666666667
519.9999999999998 -745.8333333333334
503.33333333333326 -714.1666666666667
503.33333333333326 -714.1666666666667
509.1666666666666 -739.1666666666667
503.33333333333326 -714.1666666666667
503.33333333333326 -714.1666666666667
512.4999999999998 -740.0000000000001
509.1666666666666 -739.1666666666667
503.33333333333326 -714.1666666666667
513.3333333333333 -740.8333333333335
505.8333333333332 -731.6666666666666
514.1666666666665 -742.5
509.1666666666666 -739.1666666666667
514.1666666666665 -742.5
507.4999999999999 -734.1666666666665
509.1666666666666 -739.1666666666667
514.1666666666665 -742.5
505.8333333333332 -731.6666666666666
503.33333333333326 -714.1666666666667
503.33333333333326 -714.1666666666667
503.33333333333326 -714.1666666666667
503.33333333333326 -714.1666666666667
514.1666666666665 -742.5
505.8333333333332 -731.6666666666666
503.33333333333326 -714.1666666666667
503.33333333333326 -714.1666666666667
503.33333333333326 -714.1666666666667
503.33333333333326 -714.1666666666667
519.9999999999998 -745.8333333333334
503.33333333333326 -714.1666666666667
509.9999999999999 -740.0
505.8333333333332 -731.6666666666666
514.1666666666665 -742.5
503.33333333333326 -714.1666666666667
503.33333333333326 -714.1666666666667
514.1666666666665 -742.5
514.9999999999999 -745.0000000000001
