514.1666666666665 -742.5
514.1666666666665 -742.5
504.1666666666665 -728.3333333333333
504.1666666666665 -728.3333333333333
514.1666666666665 -742.5
514.1666666666665 -742.5
505.8333333333332 -731.6666666666666
514.1666666666665 -742.5
514.1666666666665 -742.5
504.1666666666665 -728.3333333333333
514.1666666666665 -742.5
514.1666666666665 -742.5
508.3333333333332 -739.1666666666666
504.9999999999999 -729.1666666666667
504.1666666666665 -728.3333333333333
514.1666666666665 -742.5
508.3333333333332 -739.1666666666666
504.9999999999999 -729.1666666666667
509.1666666666666 -739.1666666666667
509.1666666666666 -739.1666666666667
505.8333333333332 -731.6666666666666
514.1666666666665 -742.5
509.1666666666666 -739.1666666666667
514.1666666666665 -742.5
509.1666666666666 -739.1666666666667
514.1666666666665 -742.5
505.8333333333332 -731.6666666666666
514.1666666666665 -742.5
505.8333333333332 -731.6666666666666
509.9999999999999 -740.0
505.8333333333332 -731.6666666666666
514.1666666666665 -742.5
514.1666666666665 -742.5
514.9999999999999 -745.0000000000001
514.1666666666665 -742.5
500.83333333333326 -713.3333333333333
509.1666666666666 -739.1666666666667
514.1666666666665 -742.5
514.9999999999998 -742.5000000000001
510.8333333333332 -740.0000000000001
504.9999999999999 -729.1666666666667
505.8333333333332 -731.6666666666666
509.1666666666666 -739.1666666666667
507.4999999999999 -735.8333333333333
509.1666666666666 -739.1666666666667
505.8333333333332 -731.6666666666666
514.1666666666665 -742.5
514.1666666666665 -742.5
505.8333333333332 -731.6666666666666
514.1666666666665 -742.5
505.8333333333332 -731.6666666666666
514.1666666666665 -742.5
503.3333333333332 -724.1666666666666
505.83333333333326 -731.6666666666667
501.6666666666666 -717.5000000000001
514.1666666666665 -742.5
509.1666666666666 -739.1666666666667
516.6666666666665 -745.8333333333334
511.6666666666666 -740.8333333333335
514.9999999999998 -742.5000000000001
500.83333333333326 -713.3333333333333
514.1666666666665 -742.5
