500.83333333333326 -715.8333333333334
514.1666666666665 -752.5000000000001
500.83333333333326 -715.8333333333334
514.1666666666665 -752.5000000000001
502.4999999999999 -730.8333333333334
501.6666666666666 -719.1666666666667
506.6666666666666 -744.1666666666667
505.8333333333332 -737.5
511.6666666666665 -750.8333333333334
509.1666666666666 -748.3333333333334
511.6666666666665 -750.8333333333334
504.1666666666665 -734.1666666666666
501.6666666666666 -719.1666666666667
502.4999999999999 -730.8333333333334
513.3333333333333 -751.6666666666669
504.1666666666665 -734.1666666666666
509.1666666666666 -748.3333333333334
504.9999999999999 -735.0
507.49999999999994 -745.0000000000001
505.8333333333332 -737.5
508.3333333333332 -747.5000000000001
506.6666666666666 -744.1666666666667
504.9999999999999 -735.0
513.3333333333333 -751.6666666666669
507.49999999999994 -745.0000000000001
508.3333333333332 -747.5000000000001
500.83333333333326 -715.8333333333334
514.1666666666665 -752.5000000000001
501.6666666666666 -719.1666666666667
502.4999999999999 -730.8333333333334
504.1666666666665 -734.1666666666666
509.1666666666666 -748.3333333333334
505.8333333333332 -737.5
506.6666666666666 -744.1666666666667
504.9999999999999 -735.0
513.3333333333333 -751.6666666666669
507.49999999999994 -745.0000000000001
508.3333333333332 -747.5000000000001
514.1666666666665 -752.5000000000001
500.83333333333326 -715.8333333333334
501.6666666666666 -719.1666666666667
502.4999999999999 -730.8333333333334
504.1666666666665 -734.1666666666666
509.1666666666666 -748.3333333333334
505.8333333333332 -737.5
506.6666666666666 -744.1666666666667
504.9999999999999 -735.0
513.3333333333333 -751.6666666666669
507.49999999999994 -745.0000000000001
508.3333333333332 -747.5000000000001
500.83333333333326 -715.8333333333334
514.1666666666665 -752.5000000000001
502.4999999999999 -730.8333333333334
504.1666666666665 -734.1666666666666
509.1666666666666 -748.3333333333334
505.8333333333332 -737.5
506.6666666666666 -744.1666666666667
504.9999999999999 -735.0
513.3333333333333 -751.6666666666669
507.49999999999994 -745.0000000000001
508.3333333333332 -747.5000000000001
500.83333333333326 -715.8333333333334
514.1666666666665 -752.5000000000001
502.4999999999999 -730.8333333333334
504.1666666666665 -734.1666666666666
509.1666666666666 -748.3333333333334
505.8333333333332 -737.5
506.6666666666666 -744.1666666666667
504.9999999999999 -735.0
513.3333333333333 -751.6666666666669
507.49999999999994 -745.0000000000001
508.3333333333332 -747.5000000000001
514.1666666666665 -752.5000000000001
502.4999999999999 -730.8333333333334
504.1666666666665 -734.1666666666666
509.1666666666666 -748.3333333333334
505.8333333333332 -737.5
506.6666666666666 -744.1666666666667
504.9999999999999 -735.0
513.3333333333333 -751.6666666666669
507.49999999999994 -745.0000000000001
508.3333333333332 -747.5000000000001
514.1666666666665 -752.5000000000001
504.1666666666665 -734.1666666666666
509.1666666666666 -748.3333333333334
505.8333333333332 -737.5
506.6666666666666 -744.1666666666667
504.9999999999999 -735.0
513.3333333333333 -751.6666666666669
507.49999999999994 -745.0000000000001
508.3333333333332 -747.5000000000001
514.1666666666665 -752.5000000000001
504.1666666666665 -734.1666666666666
509.1666666666666 -748.3333333333334
505.8333333333332 -737.5
504.9999999999999 -735.0
513.3333333333333 -751.6666666666669
508.3333333333332 -747.5000000000001
514.1666666666665 -752.5000000000001
504.1666666666665 -734.1666666666666
509.1666666666666 -748.3333333333334
505.8333333333332 -737.5
504.9999999999999 -735.0
513.3333333333333 -751.6666666666669
508.3333333333332 -747.5000000000001
514.1666666666665 -752.5000000000001
504.1666666666665 -734.1666666666666
509.1666666666666 -748.3333333333334
505.8333333333332 -737.5
504.9999999999999 -735.0
513.3333333333333 -751.6666666666669
508.3333333333332 -747.5000000000001
509.1666666666666 -748.3333333333334
509.1666666666666 -748.3333333333334
504.1666666666665 -734.1666666666666
504.1666666666665 -734.1666666666666
509.1666666666666 -748.3333333333334
504.1666666666665 -734.1666666666666
504.1666666666665 -734.1666666666666
504.1666666666665 -734.1666666666666
505.8333333333332 -737.5
505.8333333333332 -737.5
504.1666666666665 -734.1666666666666
504.1666666666665 -734.1666666666666
513.3333333333333 -751.6666666666669
504.9999999999999 -735.0
504.1666666666665 -734.1666666666666
513.3333333333333 -751.6666666666669
504.1666666666665 -734.1666666666666
509.1666666666666 -748.3333333333334
504.1666666666665 -734.1666666666666
504.1666666666665 -734.1666666666666
513.3333333333333 -751.6666666666669
513.3333333333333 -751.6666666666669
505.8333333333332 -737.5
508.3333333333332 -747.5000000000001
513.3333333333333 -751.6666666666669
508.3333333333332 -747.5000000000001
504.1666666666665 -734.1666666666666
504.1666666666665 -734.1666666666666
504.1666666666665 -734.1666666666666
504.1666666666665 -734.1666666666666
504.1666666666665 -734.1666666666666
514.1666666666665 -752.5000000000001
513.3333333333333 -751.6666666666669
505.8333333333332 -737.5
504.1666666666665 -734.1666666666666
504.1666666666665 -734.1666666666666
504.1666666666665 -734.1666666666666
508.3333333333332 -747.5000000000001
504.9999999999999 -735.0
504.9999999999999 -735.0
504.9999999999999 -735.0
504.1666666666665 -734.1666666666666
505.8333333333332 -737.5
504.9999999999999 -735.0
504.1666666666665 -734.1666666666666
504.1666666666665 -734.1666666666666
504.1666666666665 -734.1666666666666
508.3333333333332 -747.5000000000001
504.1666666666665 -734.1666666666666
508.3333333333332 -747.5000000000001
504.9999999999999 -735.0
504.1666666666665 -734.1666666666666
505.8333333333332 -737.5
505.8333333333332 -737.5
513.3333333333333 -751.6666666666669
504.1666666666665 -734.1666666666666
504.1666666666665 -734.1666666666666
504.9999999999999 -735.0
504.1666666666665 -734.1666666666666
504.1666666666665 -734.1666666666666
504.1666666666665 -734.1666666666666
508.3333333333332 -747.5000000000001
504.1666666666665 -734.1666666666666
504.1666666666665 -734.1666666666666
504.1666666666665 -734.1666666666666
504.9999999999999 -735.0
508.3333333333332 -747.5000000000001
504.1666666666665 -734.1666666666666
504.1666666666665 -734.1666666666666
504.1666666666665 -734.1666666666666
504.1666666666665 -734.1666666666666
505.8333333333332 -737.5
504.9999999999999 -735.0
508.3333333333332 -747.5000000000001
504.1666666666665 -734.1666666666666
505.8333333333332 -737.5
504.1666666666665 -734.1666666666666
504.1666666666665 -734.1666666666666
504.1666666666665 -734.1666666666666
504.1666666666665 -734.1666666666666
505.8333333333332 -737.5
504.1666666666665 -734.1666666666666
504.1666666666665 -734.1666666666666
504.1666666666665 -734.1666666666666
504.9999999999999 -735.0
504.1666666666665 -734.1666666666666
504.1666666666665 -734.1666666666666
508.3333333333332 -747.5000000000001
