500.83333333333326 -717.5
513.3333333333333 -754.1666666666667
500.83333333333326 -717.5
513.3333333333333 -754.1666666666667
502.4999999999999 -730.8333333333334
501.6666666666666 -719.1666666666667
506.6666666666666 -745.8333333333335
505.83333333333326 -739.1666666666667
504.9999999999999 -738.3333333333335
503.33333333333326 -731.6666666666667
504.1666666666665 -735.0
504.1666666666665 -735.0
511.6666666666665 -751.6666666666669
509.99999999999994 -750.8333333333335
501.6666666666666 -719.1666666666667
507.4999999999999 -746.6666666666667
509.16666666666663 -750.0000000000002
512.4999999999999 -752.5000000000001
511.6666666666665 -751.6666666666669
504.9999999999999 -738.3333333333335
502.4999999999999 -730.8333333333334
509.99999999999994 -750.8333333333335
508.3333333333332 -748.3333333333334
508.33333333333326 -749.1666666666667
507.4999999999999 -746.6666666666667
505.83333333333326 -739.1666666666667
503.33333333333326 -731.6666666666667
512.5 -753.3333333333335
509.1666666666666 -750.0
508.3333333333332 -748.3333333333334
512.5 -753.3333333333335
512.4999999999999 -752.5000000000001
508.33333333333326 -749.1666666666667
509.1666666666666 -750.0
500.83333333333326 -717.5
513.3333333333333 -754.1666666666667
504.1666666666665 -735.0
501.6666666666666 -719.1666666666667
511.6666666666665 -751.6666666666669
504.9999999999999 -738.3333333333335
502.4999999999999 -730.8333333333334
509.99999999999994 -750.8333333333335
507.4999999999999 -746.6666666666667
505.83333333333326 -739.1666666666667
503.33333333333326 -731.6666666666667
508.3333333333332 -748.3333333333334
512.5 -753.3333333333335
512.4999999999999 -752.5000000000001
508.33333333333326 -749.1666666666667
509.1666666666666 -750.0
500.83333333333326 -717.5
513.3333333333333 -754.1666666666667
504.1666666666665 -735.0
501.6666666666666 -719.1666666666667
507.4999999999999 -746.6666666666667
511.6666666666665 -751.6666666666669
504.9999999999999 -738.3333333333335
502.4999999999999 -730.8333333333334
509.99999999999994 -750.8333333333335
505.83333333333326 -739.1666666666667
503.33333333333326 -731.6666666666667
508.3333333333332 -748.3333333333334
512.5 -753.3333333333335
512.4999999999999 -752.5000000000001
508.33333333333326 -749.1666666666667
509.1666666666666 -750.0
500.83333333333326 -717.5
513.3333333333333 -754.1666666666667
504.1666666666665 -735.0
501.6666666666666 -719.1666666666667
511.6666666666665 -751.6666666666669
504.9999999999999 -738.3333333333335
502.4999999999999 -730.8333333333334
509.99999999999994 -750.8333333333335
505.83333333333326 -739.1666666666667
503.33333333333326 -731.6666666666667
508.3333333333332 -748.3333333333334
512.5 -753.3333333333335
512.4999999999999 -752.5000000000001
508.33333333333326 -749.1666666666667
509.1666666666666 -750.0
513.3333333333333 -754.1666666666667
504.1666666666665 -735.0
501.6666666666666 -719.1666666666667
511.6666666666665 -751.6666666666669
504.9999999999999 -738.3333333333335
502.4999999999999 -730.8333333333334
505.83333333333326 -739.1666666666667
503.33333333333326 -731.6666666666667
508.3333333333332 -748.3333333333334
512.5 -753.3333333333335
512.4999999999999 -752.5000000000001
509.1666666666666 -750.0
513.3333333333333 -754.1666666666667
504.1666666666665 -735.0
501.6666666666666 -719.1666666666667
511.6666666666665 -751.6666666666669
504.9999999999999 -738.3333333333335
502.4999999999999 -730.8333333333334
505.83333333333326 -739.1666666666667
503.33333333333326 -731.6666666666667
508.3333333333332 -748.3333333333334
512.5 -753.3333333333335
512.4999999999999 -752.5000000000001
513.3333333333333 -754.1666666666667
504.1666666666665 -735.0
501.6666666666666 -719.1666666666667
511.6666666666665 -751.6666666666669
504.9999999999999 -738.3333333333335
502.4999999999999 -730.8333333333334
505.83333333333326 -739.1666666666667
503.33333333333326 -731.6666666666667
508.3333333333332 -748.3333333333334
512.5 -753.3333333333335
512.4999999999999 -752.5000000000001
513.3333333333333 -754.1666666666667
504.1666666666665 -735.0
501.6666666666666 -719.1666666666667
511.6666666666665 -751.6666666666669
504.9999999999999 -738.3333333333335
502.4999999999999 -730.8333333333334
505.83333333333326 -739.1666666666667
503.33333333333326 -731.6666666666667
508.3333333333332 -748.3333333333334
512.5 -753.3333333333335
512.4999999999999 -752.5000000000001
513.3333333333333 -754.1666666666667
504.1666666666665 -735.0
501.6666666666666 -719.1666666666667
504.9999999999999 -738.3333333333335
502.4999999999999 -730.8333333333334
505.83333333333326 -739.1666666666667
503.33333333333326 -731.6666666666667
511.6666666666665 -751.6666666666669
508.3333333333332 -748.3333333333334
512.5 -753.3333333333335
512.4999999999999 -752.5000000000001
513.3333333333333 -754.1666666666667
504.1666666666665 -735.0
501.6666666666666 -719.1666666666667
504.9999999999999 -738.3333333333335
502.4999999999999 -730.8333333333334
505.83333333333326 -739.1666666666667
503.33333333333326 -731.6666666666667
511.6666666666665 -751.6666666666669
508.3333333333332 -748.3333333333334
512.5 -753.3333333333335
512.4999999999999 -752.5000000000001
513.3333333333333 -754.1666666666667
504.1666666666665 -735.0
501.6666666666666 -719.1666666666667
504.9999999999999 -738.3333333333335
502.4999999999999 -730.8333333333334
505.83333333333326 -739.1666666666667
503.33333333333326 -731.6666666666667
511.6666666666665 -751.6666666666669
508.3333333333332 -748.3333333333334
512.5 -753.3333333333335
512.4999999999999 -752.5000000000001
513.3333333333333 -754.1666666666667
504.1666666666665 -735.0
501.6666666666666 -719.1666666666667
504.9999999999999 -738.3333333333335
502.4999999999999 -730.8333333333334
505.83333333333326 -739.1666666666667
503.33333333333326 -731.6666666666667
511.6666666666665 -751.6666666666669
508.3333333333332 -748.3333333333334
512.5 -753.3333333333335
512.4999999999999 -752.5000000000001
513.3333333333333 -754.1666666666667
504.1666666666665 -735.0
501.6666666666666 -719.1666666666667
504.9999999999999 -738.3333333333335
502.4999999999999 -730.8333333333334
503.33333333333326 -731.6666666666667
511.6666666666665 -751.6666666666669
508.3333333333332 -748.3333333333334
512.5 -753.3333333333335
512.4999999999999 -752.5000000000001
513.3333333333333 -754.1666666666667
504.1666666666665 -735.0
504.9999999999999 -738.3333333333335
502.4999999999999 -730.8333333333334
503.33333333333326 -731.6666666666667
511.6666666666665 -751.6666666666669
508.3333333333332 -748.3333333333334
512.4999999999999 -752.5000000000001
504.1666666666665 -735.0
504.9999999999999 -738.3333333333335
502.4999999999999 -730.8333333333334
503.33333333333326 -731.6666666666667
511.6666666666665 -751.6666666666669
508.3333333333332 -748.3333333333334
512.4999999999999 -752.5000000000001
504.1666666666665 -735.0
504.9999999999999 -738.3333333333335
502.4999999999999 -730.8333333333334
503.33333333333326 -731.6666666666667
511.6666666666665 -751.6666666666669
