500.83333333333326 -717.5
515.8333333333333 -755.0000000000001
500.83333333333326 -717.5
515.8333333333333 -755.0000000000001
502.4999999999999 -730.8333333333334
501.6666666666666 -720.0000000000001
504.9999999999999 -738.3333333333335
505.8333333333332 -745.8333333333335
513.3333333333333 -754.1666666666667
507.4999999999999 -749.1666666666667
503.33333333333326 -731.6666666666667
504.1666666666665 -735.8333333333334
510.83333333333314 -751.6666666666669
501.6666666666666 -720.0000000000001
504.9999999999999 -738.3333333333335
506.6666666666666 -746.6666666666669
504.1666666666665 -735.8333333333334
511.66666666666663 -752.5000000000002
511.66666666666663 -752.5000000000002
508.3333333333333 -749.1666666666669
512.5 -753.3333333333335
502.4999999999999 -730.8333333333334
505.8333333333332 -745.8333333333335
509.99999999999994 -750.8333333333335
506.6666666666666 -746.6666666666669
513.3333333333333 -754.1666666666667
503.33333333333326 -731.6666666666667
512.5 -753.3333333333335
509.99999999999994 -750.8333333333335
509.16666666666663 -750.0000000000002
509.1666666666666 -750.0
508.3333333333333 -749.1666666666669
509.16666666666663 -750.0000000000002
509.1666666666666 -750.0
500.83333333333326 -717.5
515.8333333333333 -755.0000000000001
504.9999999999999 -738.3333333333335
504.1666666666665 -735.8333333333334
506.6666666666666 -746.6666666666669
511.66666666666663 -752.5000000000002
502.4999999999999 -730.8333333333334
505.8333333333332 -745.8333333333335
513.3333333333333 -754.1666666666667
503.33333333333326 -731.6666666666667
512.5 -753.3333333333335
509.99999999999994 -750.8333333333335
509.16666666666663 -750.0000000000002
509.1666666666666 -750.0
515.8333333333333 -755.0000000000001
500.83333333333326 -717.5
504.9999999999999 -738.3333333333335
504.1666666666665 -735.8333333333334
506.6666666666666 -746.6666666666669
502.4999999999999 -730.8333333333334
509.99999999999994 -750.8333333333335
513.3333333333333 -754.1666666666667
503.33333333333326 -731.6666666666667
512.5 -753.3333333333335
511.66666666666663 -752.5000000000002
509.16666666666663 -750.0000000000002
509.1666666666666 -750.0
500.83333333333326 -717.5
504.9999999999999 -738.3333333333335
504.1666666666665 -735.8333333333334
502.4999999999999 -730.8333333333334
509.99999999999994 -750.8333333333335
513.3333333333333 -754.1666666666667
503.33333333333326 -731.6666666666667
512.5 -753.3333333333335
511.66666666666663 -752.5000000000002
509.16666666666663 -750.0000000000002
509.1666666666666 -750.0
500.83333333333326 -717.5
504.9999999999999 -738.3333333333335
502.4999999999999 -730.8333333333334
509.99999999999994 -750.8333333333335
513.3333333333333 -754.1666666666667
503.33333333333326 -731.6666666666667
512.5 -753.3333333333335
511.66666666666663 -752.5000000000002
509.16666666666663 -750.0000000000002
509.1666666666666 -750.0
500.83333333333326 -717.5
504.9999999999999 -738.3333333333335
502.4999999999999 -730.8333333333334
509.99999999999994 -750.8333333333335
513.3333333333333 -754.1666666666667
503.33333333333326 -731.6666666666667
512.5 -753.3333333333335
511.66666666666663 -752.5000000000002
509.16666666666663 -750.0000000000002
509.1666666666666 -750.0
504.9999999999999 -738.3333333333335
502.4999999999999 -730.8333333333334
509.99999999999994 -750.8333333333335
513.3333333333333 -754.1666666666667
503.33333333333326 -731.6666666666667
512.5 -753.3333333333335
509.16666666666663 -750.0000000000002
509.1666666666666 -750.0
504.9999999999999 -738.3333333333335
502.4999999999999 -730.8333333333334
509.99999999999994 -750.8333333333335
513.3333333333333 -754.1666666666667
503.33333333333326 -731.6666666666667
512.5 -753.3333333333335
509.16666666666663 -750.0000000000002
509.1666666666666 -750.0
504.9999999999999 -738.3333333333335
502.4999999999999 -730.8333333333334
509.99999999999994 -750.8333333333335
513.3333333333333 -754.1666666666667
503.33333333333326 -731.6666666666667
512.5 -753.3333333333335
509.16666666666663 -750.0000000000002
509.1666666666666 -750.0
504.9999999999999 -738.3333333333335
502.4999999999999 -730.8333333333334
509.99999999999994 -750.8333333333335
513.3333333333333 -754.1666666666667
503.33333333333326 -731.6666666666667
512.5 -753.3333333333335
509.16666666666663 -750.0000000000002
509.1666666666666 -750.0
504.9999999999999 -738.3333333333335
502.4999999999999 -730.8333333333334
509.99999999999994 -750.8333333333335
513.3333333333333 -754.1666666666667
503.33333333333326 -731.6666666666667
512.5 -753.3333333333335
509.16666666666663 -750.0000000000002
509.1666666666666 -750.0
504.9999999999999 -738.3333333333335
502.4999999999999 -730.8333333333334
509.99999999999994 -750.8333333333335
513.3333333333333 -754.1666666666667
503.33333333333326 -731.6666666666667
512.5 -753.3333333333335
509.16666666666663 -750.0000000000002
509.1666666666666 -750.0
504.9999999999999 -738.3333333333335
502.4999999999999 -730.8333333333334
509.99999999999994 -750.8333333333335
513.3333333333333 -754.1666666666667
503.33333333333326 -731.6666666666667
512.5 -753.3333333333335
509.16666666666663 -750.0000000000002
509.1666666666666 -750.0
504.9999999999999 -738.3333333333335
502.4999999999999 -730.8333333333334
509.99999999999994 -750.8333333333335
513.3333333333333 -754.1666666666667
503.33333333333326 -731.6666666666667
512.5 -753.3333333333335
509.16666666666663 -750.0000000000002
509.1666666666666 -750.0
504.9999999999999 -738.3333333333335
502.4999999999999 -730.8333333333334
509.99999999999994 -750.8333333333335
513.3333333333333 -754.1666666666667
503.33333333333326 -731.6666666666667
512.5 -753.3333333333335
509.16666666666663 -750.0000000000002
509.1666666666666 -750.0
504.9999999999999 -738.3333333333335
502.4999999999999 -730.8333333333334
509.99999999999994 -750.8333333333335
513.3333333333333 -754.1666666666667
503.33333333333326 -731.6666666666667
512.5 -753.3333333333335
509.16666666666663 -750.0000000000002
509.1666666666666 -750.0
504.9999999999999 -738.3333333333335
502.4999999999999 -730.8333333333334
509.99999999999994 -750.8333333333335
513.3333333333333 -754.1666666666667
503.33333333333326 -731.6666666666667
512.5 -753.3333333333335
509.16666666666663 -750.0000000000002
509.1666666666666 -750.0
509.99999999999994 -750.8333333333335
512.5 -753.3333333333335
502.4999999999999 -730.8333333333334
512.5 -753.3333333333335
509.16666666666663 -750.0000000000002
504.9999999999999 -738.3333333333335
509.1666666666666 -750.0
513.3333333333333 -754.1666666666667
503.33333333333326 -731.6666666666667
502.4999999999999 -730.8333333333334
509.1666666666666 -750.0
513.3333333333333 -754.1666666666667
509.1666666666666 -750.0
512.5 -753.3333333333335
512.5 -753.3333333333335
509.1666666666666 -750.0
511.66666666666663 -752.5000000000002
513.3333333333333 -754.1666666666667
508.3333333333333 -749.1666666666669
515.8333333333333 -755.0000000000001
