515.8333333333333 -755.0000000000001
500.83333333333326 -718.3333333333335
515.8333333333333 -755.0000000000001
502.4999999999999 -730.8333333333334
501.6666666666666 -720.0000000000001
504.9999999999999 -739.1666666666667
512.5 -754.1666666666667
503.33333333333326 -731.6666666666667
504.1666666666665 -738.3333333333335
505.8333333333332 -745.8333333333335
510.83333333333314 -751.6666666666669
509.1666666666666 -750.8333333333335
501.6666666666666 -720.0000000000001
512.5 -754.1666666666667
511.6666666666666 -753.3333333333335
502.4999999999999 -730.8333333333334
509.1666666666666 -750.8333333333335
510.83333333333326 -752.5000000000002
505.8333333333332 -745.8333333333335
511.6666666666666 -753.3333333333335
503.33333333333326 -731.6666666666667
504.1666666666665 -738.3333333333335
506.6666666666666 -746.6666666666669
507.4999999999999 -749.1666666666667
508.33333333333326 -750.0000000000002
507.4999999999999 -749.1666666666667
506.6666666666665 -746.6666666666667
506.6666666666666 -746.6666666666669
508.3333333333332 -750.0
507.49999999999994 -749.1666666666669
510.83333333333314 -751.6666666666669
510.83333333333326 -752.5000000000002
508.33333333333326 -750.0000000000002
506.6666666666665 -746.6666666666667
507.49999999999994 -749.1666666666669
508.3333333333332 -750.0
515.8333333333333 -755.0000000000001
501.6666666666666 -720.0000000000001
512.5 -754.1666666666667
502.4999999999999 -730.8333333333334
509.1666666666666 -750.8333333333335
505.8333333333332 -745.8333333333335
511.6666666666666 -753.3333333333335
503.33333333333326 -731.6666666666667
504.1666666666665 -738.3333333333335
507.4999999999999 -749.1666666666667
506.6666666666666 -746.6666666666669
510.83333333333314 -751.6666666666669
510.83333333333326 -752.5000000000002
508.33333333333326 -750.0000000000002
506.6666666666665 -746.6666666666667
507.49999999999994 -749.1666666666669
508.3333333333332 -750.0
515.8333333333333 -755.0000000000001
512.5 -754.1666666666667
502.4999999999999 -730.8333333333334
509.1666666666666 -750.8333333333335
505.8333333333332 -745.8333333333335
511.6666666666666 -753.3333333333335
503.33333333333326 -731.6666666666667
504.1666666666665 -738.3333333333335
507.4999999999999 -749.1666666666667
506.6666666666666 -746.6666666666669
510.83333333333314 -751.6666666666669
510.83333333333326 -752.5000000000002
508.33333333333326 -750.0000000000002
508.3333333333332 -750.0
515.8333333333333 -755.0000000000001
502.4999999999999 -730.8333333333334
509.1666666666666 -750.8333333333335
505.8333333333332 -745.8333333333335
503.33333333333326 -731.6666666666667
504.1666666666665 -738.3333333333335
507.4999999999999 -749.1666666666667
506.6666666666666 -746.6666666666669
510.83333333333314 -751.6666666666669
510.83333333333326 -752.5000000000002
508.33333333333326 -750.0000000000002
508.3333333333332 -750.0
515.8333333333333 -755.0000000000001
502.4999999999999 -730.8333333333334
505.8333333333332 -745.8333333333335
503.33333333333326 -731.6666666666667
504.1666666666665 -738.3333333333335
507.4999999999999 -749.1666666666667
506.6666666666666 -746.6666666666669
510.83333333333314 -751.6666666666669
508.33333333333326 -750.0000000000002
515.8333333333333 -755.0000000000001
502.4999999999999 -730.8333333333334
505.8333333333332 -745.8333333333335
503.33333333333326 -731.6666666666667
507.4999999999999 -749.1666666666667
506.6666666666666 -746.6666666666669
510.83333333333314 -751.6666666666669
508.33333333333326 -750.0000000000002
515.8333333333333 -755.0000000000001
507.4999999999999 -749.1666666666667
508.33333333333326 -750.0000000000002
502.4999999999999 -730.8333333333334
505.8333333333332 -745.8333333333335
506.6666666666666 -746.6666666666669
503.33333333333326 -731.6666666666667
510.83333333333314 -751.6666666666669
515.8333333333333 -755.0000000000001
508.33333333333326 -750.0000000000002
502.4999999999999 -730.8333333333334
505.8333333333332 -745.8333333333335
506.6666666666666 -746.6666666666669
503.33333333333326 -731.6666666666667
502.4999999999999 -730.8333333333334
505.8333333333332 -745.8333333333335
506.6666666666666 -746.6666666666669
503.33333333333326 -731.6666666666667
502.4999999999999 -730.8333333333334
505.8333333333332 -745.8333333333335
506.6666666666666 -746.6666666666669
503.33333333333326 -731.6666666666667
502.4999999999999 -730.8333333333334
505.8333333333332 -745.8333333333335
506.6666666666666 -746.6666666666669
503.33333333333326 -731.6666666666667
502.4999999999999 -730.8333333333334
503.33333333333326 -731.6666666666667
502.4999999999999 -730.8333333333334
503.33333333333326 -731.6666666666667
502.4999999999999 -730.8333333333334
503.33333333333326 -731.6666666666667
502.4999999999999 -730.8333333333334
503.33333333333326 -731.6666666666667
502.4999999999999 -730.8333333333334
503.33333333333326 -731.6666666666667
502.4999999999999 -730.8333333333334
503.33333333333326 -731.6666666666667
502.4999999999999 -730.8333333333334
503.33333333333326 -731.6666666666667
502.4999999999999 -730.8333333333334
503.33333333333326 -731.6666666666667
502.4999999999999 -730.8333333333334
503.33333333333326 -731.6666666666667
502.4999999999999 -730.8333333333334
503.33333333333326 -731.6666666666667
502.4999999999999 -730.8333333333334
503.33333333333326 -731.6666666666667
502.4999999999999 -730.8333333333334
503.33333333333326 -731.6666666666667
502.4999999999999 -730.8333333333334
503.33333333333326 -731.6666666666667
502.4999999999999 -730.8333333333334
503.33333333333326 -731.6666666666667
502.4999999999999 -730.8333333333334
503.33333333333326 -731.6666666666667
502.4999999999999 -730.8333333333334
503.33333333333326 -731.6666666666667
502.4999999999999 -730.8333333333334
502.4999999999999 -730.8333333333334
503.33333333333326 -731.6666666666667
503.33333333333326 -731.6666666666667
503.33333333333326 -731.6666666666667
503.33333333333326 -731.6666666666667
502.4999999999999 -730.8333333333334
503.33333333333326 -731.6666666666667
503.33333333333326 -731.6666666666667
508.33333333333326 -750.0000000000002
502.4999999999999 -730.8333333333334
506.6666666666666 -746.6666666666669
505.8333333333332 -745.8333333333335
507.4999999999999 -749.1666666666667
502.4999999999999 -730.8333333333334
502.4999999999999 -730.8333333333334
503.33333333333326 -731.6666666666667
503.33333333333326 -731.6666666666667
503.33333333333326 -731.6666666666667
505.8333333333332 -745.8333333333335
508.33333333333326 -750.0000000000002
502.4999999999999 -730.8333333333334
503.33333333333326 -731.6666666666667
502.4999999999999 -730.8333333333334
505.8333333333332 -745.8333333333335
505.8333333333332 -745.8333333333335
502.4999999999999 -730.8333333333334
502.4999999999999 -730.8333333333334
508.33333333333326 -750.0000000000002
503.33333333333326 -731.6666666666667
502.4999999999999 -730.8333333333334
508.33333333333326 -750.0000000000002
503.33333333333326 -731.6666666666667
503.33333333333326 -731.6666666666667
503.33333333333326 -731.6666666666667
505.8333333333332 -745.8333333333335
503.33333333333326 -731.6666666666667
503.33333333333326 -731.6666666666667
502.4999999999999 -730.8333333333334
502.4999999999999 -730.8333333333334
502.4999999999999 -730.8333333333334
502.4999999999999 -730.8333333333334
503.33333333333326 -731.6666666666667
505.8333333333332 -745.8333333333335
503.33333333333326 -731.6666666666667
503.33333333333326 -731.6666666666667
