500.83333333333326 -732.5
512.5 -759.1666666666667
512.5 -759.1666666666667
502.49999999999983 -745.8333333333334
501.6666666666665 -739.1666666666667
501.6666666666665 -739.1666666666667
509.99999999999994 -755.0000000000001
508.3333333333332 -755.0
503.3333333333332 -746.6666666666667
506.6666666666665 -753.3333333333334
511.6666666666666 -758.3333333333335
507.4999999999999 -754.1666666666667
502.49999999999983 -745.8333333333334
507.4999999999999 -754.1666666666667
503.3333333333332 -746.6666666666667
510.83333333333326 -757.5000000000002
511.6666666666666 -758.3333333333335
504.9999999999999 -750.0000000000001
504.9999999999999 -750.0000000000001
506.6666666666665 -753.3333333333334
510.83333333333314 -756.6666666666669
504.1666666666665 -749.1666666666667
505.83333333333326 -750.8333333333335
504.1666666666665 -749.1666666666667
505.8333333333332 -750.8333333333334
508.3333333333332 -755.0
504.1666666666666 -749.1666666666669
505.83333333333326 -750.8333333333335
509.99999999999994 -755.0000000000001
510.83333333333314 -756.6666666666669
510.83333333333326 -757.5000000000002
504.1666666666666 -749.1666666666669
505.8333333333332 -750.8333333333334
512.5 -759.1666666666667
501.6666666666665 -739.1666666666667
502.49999999999983 -745.8333333333334
503.3333333333332 -746.6666666666667
511.6666666666666 -758.3333333333335
504.9999999999999 -750.0000000000001
509.99999999999994 -755.0000000000001
504.1666666666665 -749.1666666666667
506.6666666666665 -753.3333333333334
510.83333333333314 -756.6666666666669
510.83333333333326 -757.5000000000002
504.1666666666666 -749.1666666666669
505.8333333333332 -750.8333333333334
512.5 -759.1666666666667
501.6666666666665 -739.1666666666667
510.83333333333314 -756.6666666666669
502.49999999999983 -745.8333333333334
503.3333333333332 -746.6666666666667
504.9999999999999 -750.0000000000001
509.99999999999994 -755.0000000000001
504.1666666666665 -749.1666666666667
506.6666666666665 -753.3333333333334
504.1666666666666 -749.1666666666669
505.8333333333332 -750.8333333333334
501.6666666666665 -739.1666666666667
510.83333333333314 -756.6666666666669
502.49999999999983 -745.8333333333334
503.3333333333332 -746.6666666666667
504.9999999999999 -750.0000000000001
505.8333333333332 -750.8333333333334
509.99999999999994 -755.0000000000001
504.1666666666665 -749.1666666666667
506.6666666666665 -753.3333333333334
504.1666666666666 -749.1666666666669
505.8333333333332 -750.8333333333334
504.1666666666665 -749.1666666666667
504.1666666666665 -749.1666666666667
504.1666666666665 -749.1666666666667
504.1666666666665 -749.1666666666667
504.1666666666665 -749.1666666666667
504.1666666666665 -749.1666666666667
509.99999999999994 -755.0000000000001
504.1666666666665 -749.1666666666667
505.8333333333332 -750.8333333333334
505.8333333333332 -750.8333333333334
505.8333333333332 -750.8333333333334
505.8333333333332 -750.8333333333334
504.1666666666665 -749.1666666666667
504.1666666666665 -749.1666666666667
509.99999999999994 -755.0000000000001
505.8333333333332 -750.8333333333334
509.99999999999994 -755.0000000000001
509.99999999999994 -755.0000000000001
509.99999999999994 -755.0000000000001
509.99999999999994 -755.0000000000001
505.8333333333332 -750.8333333333334
509.99999999999994 -755.0000000000001
504.1666666666665 -749.1666666666667
505.8333333333332 -750.8333333333334
509.99999999999994 -755.0000000000001
504.9999999999999 -750.0000000000001
504.1666666666665 -749.1666666666667
505.8333333333332 -750.8333333333334
505.8333333333332 -750.8333333333334
501.6666666666665 -739.1666666666667
504.1666666666665 -749.1666666666667
509.99999999999994 -755.0000000000001
504.1666666666665 -749.1666666666667
505.8333333333332 -750.8333333333334
509.99999999999994 -755.0000000000001
509.99999999999994 -755.0000000000001
504.9999999999999 -750.0000000000001
504.1666666666665 -749.1666666666667
509.99999999999994 -755.0000000000001
505.8333333333332 -750.8333333333334
504.9999999999999 -750.0000000000001
504.1666666666665 -749.1666666666667
509.99999999999994 -755.0000000000001
504.1666666666665 -749.1666666666667
504.1666666666665 -749.1666666666667
504.9999999999999 -750.0000000000001
505.8333333333332 -750.8333333333334
502.49999999999983 -745.8333333333334
509.99999999999994 -755.0000000000001
501.6666666666665 -739.1666666666667
509.99999999999994 -755.0000000000001
509.99999999999994 -755.0000000000001
505.8333333333332 -750.8333333333334
504.1666666666665 -749.1666666666667
504.1666666666665 -749.1666666666667
502.49999999999983 -745.8333333333334
509.99999999999994 -755.0000000000001
505.8333333333332 -750.8333333333334
509.99999999999994 -755.0000000000001
509.99999999999994 -755.0000000000001
502.49999999999983 -745.8333333333334
503.3333333333332 -746.6666666666667
509.99999999999994 -755.0000000000001
505.8333333333332 -750.8333333333334
504.1666666666665 -749.1666666666667
502.49999999999983 -745.8333333333334
504.9999999999999 -750.0000000000001
504.9999999999999 -750.0000000000001
504.1666666666665 -749.1666666666667
504.9999999999999 -750.0000000000001
501.6666666666665 -739.1666666666667
504.9999999999999 -750.0000000000001
502.49999999999983 -745.8333333333334
512.5 -759.1666666666667
503.3333333333332 -746.6666666666667
504.1666666666665 -749.1666666666667
504.9999999999999 -750.0000000000001
505.8333333333332 -750.8333333333334
505.8333333333332 -750.8333333333334
510.83333333333314 -756.6666666666669
512.5 -759.1666666666667
501.6666666666665 -739.1666666666667
507.4999999999999 -754.1666666666667
504.1666666666665 -749.1666666666667
505.8333333333332 -750.8333333333334
504.1666666666665 -749.1666666666667
511.6666666666666 -758.3333333333335
509.99999999999994 -755.0000000000001
502.49999999999983 -745.8333333333334
504.1666666666665 -749.1666666666667
504.1666666666665 -749.1666666666667
504.1666666666665 -749.1666666666667
505.83333333333326 -750.8333333333335
505.8333333333332 -750.8333333333334
502.49999999999983 -745.8333333333334
505.8333333333332 -750.8333333333334
504.1666666666665 -749.1666666666667
504.9999999999999 -750.0000000000001
504.1666666666665 -749.1666666666667
505.8333333333332 -750.8333333333334
510.83333333333326 -757.5000000000002
504.9999999999999 -750.0000000000001
505.8333333333332 -750.8333333333334
505.8333333333332 -750.8333333333334
504.1666666666665 -749.1666666666667
509.99999999999994 -755.0000000000001
510.83333333333326 -757.5000000000002
509.99999999999994 -755.0000000000001
505.8333333333332 -750.8333333333334
504.9999999999999 -750.0000000000001
512.5 -759.1666666666667
505.8333333333332 -750.8333333333334
505.83333333333326 -750.8333333333335
509.99999999999994 -755.0000000000001
505.8333333333332 -750.8333333333334
502.49999999999983 -745.8333333333334
502.49999999999983 -745.8333333333334
504.9999999999999 -750.0000000000001
505.8333333333332 -750.8333333333334
504.9999999999999 -750.0000000000001
509.99999999999994 -755.0000000000001
504.9999999999999 -750.0000000000001
505.8333333333332 -750.8333333333334
505.8333333333332 -750.8333333333334
509.99999999999994 -755.0000000000001
505.8333333333332 -750.8333333333334
504.9999999999999 -750.0000000000001
504.1666666666665 -749.1666666666667
510.83333333333326 -757.5000000000002
504.1666666666665 -749.1666666666667
504.9999999999999 -750.0000000000001
505.8333333333332 -750.8333333333334
