500.83333333333326 -732.5
512.5 -759.1666666666667
512.5 -759.1666666666667
511.6666666666666 -758.3333333333335
510.83333333333326 -757.5000000000002
511.6666666666666 -758.3333333333335
510.83333333333326 -757.5000000000002
512.5 -759.1666666666667
511.6666666666666 -758.3333333333335
510.83333333333326 -757.5000000000002
512.5 -759.1666666666667
511.6666666666666 -758.3333333333335
510.83333333333326 -757.5000000000002
512.5 -759.1666666666667
512.5 -759.1666666666667
512.5 -759.1666666666667
511.6666666666666 -758.3333333333335
510.83333333333326 -757.5000000000002
510.83333333333326 -757.5000000000002
512.5 -759.1666666666667
510.83333333333326 -757.5000000000002
511.6666666666666 -758.3333333333335
510.83333333333326 -757.5000000000002
511.6666666666666 -758.3333333333335
510.83333333333326 -757.5000000000002
511.6666666666666 -758.3333333333335
510.83333333333326 -757.5000000000002
510.83333333333326 -757.5000000000002
511.6666666666666 -758.3333333333335
511.6666666666666 -758.3333333333335
511.6666666666666 -758.3333333333335
510.83333333333326 -757.5000000000002
511.6666666666666 -758.3333333333335
511.6666666666666 -758.3333333333335
501.6666666666665 -744.1666666666667
511.6666666666666 -758.3333333333335
511.6666666666666 -758.3333333333335
510.83333333333326 -757.5000000000002
510.83333333333326 -757.5000000000002
510.83333333333326 -757.5000000000002
512.5 -759.1666666666667
512.5 -759.1666666666667
511.6666666666666 -758.3333333333335
510.83333333333326 -757.5000000000002
502.49999999999983 -750.8333333333334
504.1666666666665 -754.1666666666667
506.6666666666666 -755.0000000000002
511.6666666666666 -758.3333333333335
511.6666666666666 -758.3333333333335
511.6666666666666 -758.3333333333335
512.5 -759.1666666666667
504.1666666666665 -754.1666666666667
511.6666666666666 -758.3333333333335
512.5 -759.1666666666667
511.6666666666666 -758.3333333333335
504.1666666666665 -754.1666666666667
511.6666666666666 -758.3333333333335
511.6666666666666 -758.3333333333335
510.83333333333326 -757.5000000000002
511.6666666666666 -758.3333333333335
511.6666666666666 -758.3333333333335
512.5 -759.1666666666667
511.6666666666666 -758.3333333333335
511.6666666666666 -758.3333333333335
508.33333333333314 -757.5000000000001
511.6666666666666 -758.3333333333335
512.5 -759.1666666666667
504.1666666666665 -754.1666666666667
511.6666666666666 -758.3333333333335
510.83333333333326 -757.5000000000002
512.5 -759.1666666666667
