499.99999999999994 -738.3333333333334
513.3333333333333 -765.0000000000001
499.99999999999994 -738.3333333333334
513.3333333333333 -765.0000000000001
500.83333333333314 -751.6666666666669
509.9999999999999 -763.3333333333335
506.6666666666665 -761.6666666666667
512.5 -764.1666666666667
505.8333333333332 -760.0000000000002
501.6666666666665 -752.5000000000001
504.99999999999983 -759.1666666666669
502.49999999999983 -755.0000000000001
502.4999999999998 -753.3333333333335
504.1666666666666 -756.6666666666669
503.33333333333314 -755.8333333333335
504.99999999999983 -759.1666666666669
503.33333333333314 -755.8333333333335
512.5 -764.1666666666667
500.83333333333314 -751.6666666666669
504.16666666666646 -756.6666666666667
504.1666666666666 -756.6666666666669
502.49999999999983 -755.0000000000001
504.16666666666646 -756.6666666666667
502.4999999999998 -753.3333333333335
499.99999999999994 -738.3333333333334
513.3333333333333 -765.0000000000001
500.83333333333314 -751.6666666666669
503.33333333333314 -755.8333333333335
512.5 -764.1666666666667
504.1666666666666 -756.6666666666669
502.49999999999983 -755.0000000000001
504.16666666666646 -756.6666666666667
512.5 -764.1666666666667
500.83333333333314 -751.6666666666669
502.49999999999983 -755.0000000000001
504.1666666666666 -756.6666666666669
502.49999999999983 -755.0000000000001
504.1666666666666 -756.6666666666669
502.49999999999983 -755.0000000000001
504.1666666666666 -756.6666666666669
502.49999999999983 -755.0000000000001
502.49999999999983 -755.0000000000001
504.1666666666666 -756.6666666666669
502.49999999999983 -755.0000000000001
502.49999999999983 -755.0000000000001
504.1666666666666 -756.6666666666669
502.49999999999983 -755.0000000000001
502.49999999999983 -755.0000000000001
502.49999999999983 -755.0000000000001
502.49999999999983 -755.0000000000001
502.49999999999983 -755.0000000000001
502.49999999999983 -755.0000000000001
502.49999999999983 -755.0000000000001
502.49999999999983 -755.0000000000001
502.49999999999983 -755.0000000000001
502.49999999999983 -755.0000000000001
502.49999999999983 -755.0000000000001
502.49999999999983 -755.0000000000001
502.49999999999983 -755.0000000000001
502.49999999999983 -755.0000000000001
502.49999999999983 -755.0000000000001
502.49999999999983 -755.0000000000001
502.49999999999983 -755.0000000000001
502.49999999999983 -755.0000000000001
502.49999999999983 -755.0000000000001
502.49999999999983 -755.0000000000001
504.1666666666666 -756.6666666666669
502.49999999999983 -755.0000000000001
502.49999999999983 -755.0000000000001
502.49999999999983 -755.0000000000001
502.49999999999983 -755.0000000000001
502.49999999999983 -755.0000000000001
502.49999999999983 -755.0000000000001
502.49999999999983 -755.0000000000001
502.49999999999983 -755.0000000000001
502.49999999999983 -755.0000000000001
502.49999999999983 -755.0000000000001
502.49999999999983 -755.0000000000001
502.49999999999983 -755.0000000000001
502.49999999999983 -755.0000000000001
502.49999999999983 -755.0000000000001
502.49999999999983 -755.0000000000001
502.49999999999983 -755.0000000000001
502.49999999999983 -755.0000000000001
502.49999999999983 -755.0000000000001
502.49999999999983 -755.0000000000001
502.49999999999983 -755.0000000000001
502.49999999999983 -755.0000000000001
502.49999999999983 -755.0000000000001
502.49999999999983 -755.0000000000001
502.49999999999983 -755.0000000000001
504.1666666666666 -756.6666666666669
502.49999999999983 -755.0000000000001
502.49999999999983 -755.0000000000001
504.1666666666666 -756.6666666666669
504.1666666666666 -756.6666666666669
502.49999999999983 -755.0000000000001
502.49999999999983 -755.0000000000001
502.49999999999983 -755.0000000000001
502.49999999999983 -755.0000000000001
502.49999999999983 -755.0000000000001
502.49999999999983 -755.0000000000001
502.49999999999983 -755.0000000000001
504.1666666666666 -756.6666666666669
502.49999999999983 -755.0000000000001
502.49999999999983 -755.0000000000001
502.49999999999983 -755.0000000000001
502.49999999999983 -755.0000000000001
504.1666666666666 -756.6666666666669
502.49999999999983 -755.0000000000001
502.49999999999983 -755.0000000000001
502.49999999999983 -755.0000000000001
502.49999999999983 -755.0000000000001
502.49999999999983 -755.0000000000001
502.49999999999983 -755.0000000000001
502.49999999999983 -755.0000000000001
512.5 -764.1666666666667
502.49999999999983 -755.0000000000001
502.49999999999983 -755.0000000000001
502.49999999999983 -755.0000000000001
502.49999999999983 -755.0000000000001
504.1666666666666 -756.6666666666669
502.49999999999983 -755.0000000000001
504.1666666666666 -756.6666666666669
504.1666666666666 -756.6666666666669
504.1666666666666 -756.6666666666669
502.49999999999983 -755.0000000000001
502.49999999999983 -755.0000000000001
502.49999999999983 -755.0000000000001
502.49999999999983 -755.0000000000001
502.49999999999983 -755.0000000000001
502.49999999999983 -755.0000000000001
504.1666666666666 -756.6666666666669
502.49999999999983 -755.0000000000001
504.1666666666666 -756.6666666666669
502.49999999999983 -755.0000000000001
504.16666666666646 -756.6666666666667
502.49999999999983 -755.0000000000001
502.49999999999983 -755.0000000000001
502.49999999999983 -755.0000000000001
502.49999999999983 -755.0000000000001
502.49999999999983 -755.0000000000001
502.49999999999983 -755.0000000000001
502.49999999999983 -755.0000000000001
502.49999999999983 -755.0000000000001
502.49999999999983 -755.0000000000001
502.49999999999983 -755.0000000000001
502.49999999999983 -755.0000000000001
504.16666666666646 -756.6666666666667
512.5 -764.1666666666667
502.49999999999983 -755.0000000000001
512.5 -764.1666666666667
502.49999999999983 -755.0000000000001
502.49999999999983 -755.0000000000001
504.16666666666646 -756.6666666666667
502.49999999999983 -755.0000000000001
502.49999999999983 -755.0000000000001
502.49999999999983 -755.0000000000001
502.49999999999983 -755.0000000000001
502.49999999999983 -755.0000000000001
502.49999999999983 -755.0000000000001
502.49999999999983 -755.0000000000001
502.49999999999983 -755.0000000000001
504.16666666666646 -756.6666666666667
502.49999999999983 -755.0000000000001
504.1666666666666 -756.6666666666669
502.49999999999983 -755.0000000000001
502.49999999999983 -755.0000000000001
504.16666666666646 -756.6666666666667
504.1666666666666 -756.6666666666669
502.49999999999983 -755.0000000000001
512.5 -764.1666666666667
502.49999999999983 -755.0000000000001
502.49999999999983 -755.0000000000001
504.1666666666666 -756.6666666666669
502.49999999999983 -755.0000000000001
504.1666666666666 -756.6666666666669
502.49999999999983 -755.0000000000001
504.16666666666646 -756.6666666666667
502.49999999999983 -755.0000000000001
504.16666666666646 -756.6666666666667
502.49999999999983 -755.0000000000001
502.49999999999983 -755.0000000000001
502.49999999999983 -755.0000000000001
502.49999999999983 -755.0000000000001
502.49999999999983 -755.0000000000001
502.49999999999983 -755.0000000000001
502.49999999999983 -755.0000000000001
502.49999999999983 -755.0000000000001
504.1666666666666 -756.6666666666669
502.49999999999983 -755.0000000000001
502.49999999999983 -755.0000000000001
502.49999999999983 -755.0000000000001
502.49999999999983 -755.0000000000001
502.49999999999983 -755.0000000000001
502.49999999999983 -755.0000000000001
504.1666666666666 -756.6666666666669
502.49999999999983 -755.0000000000001
502.49999999999983 -755.0000000000001
504.1666666666666 -756.6666666666669
