499.99999999999994 -738.3333333333334
499.99999999999994 -738.3333333333334
499.99999999999994 -738.3333333333334
499.99999999999994 -738.3333333333334
505.83333333333314 -760.8333333333335
504.16666666666646 -759.1666666666669
499.99999999999994 -738.3333333333334
504.16666666666646 -759.1666666666669
505.83333333333314 -760.8333333333335
504.16666666666646 -759.1666666666669
504.16666666666646 -759.1666666666669
509.99999999999994 -765.0000000000001
504.9999999999998 -760.0000000000001
514.1666666666665 -768.3333333333335
499.99999999999994 -738.3333333333334
504.9999999999998 -760.0000000000001
500.83333333333314 -756.6666666666669
505.83333333333314 -760.8333333333335
504.16666666666646 -759.1666666666669
504.16666666666646 -759.1666666666669
504.9999999999998 -760.0000000000001
509.16666666666663 -764.1666666666669
504.9999999999998 -760.0000000000001
504.9999999999998 -760.0000000000001
504.9999999999998 -760.0000000000001
504.9999999999998 -760.0000000000001
504.16666666666646 -759.1666666666669
504.9999999999998 -760.0000000000001
504.16666666666646 -759.1666666666669
504.16666666666646 -759.1666666666669
501.6666666666665 -757.5000000000002
508.33333333333326 -763.3333333333335
504.9999999999998 -760.0000000000001
504.16666666666646 -759.1666666666669
508.33333333333326 -763.3333333333335
504.16666666666646 -759.1666666666669
504.9999999999998 -760.0000000000001
509.99999999999994 -765.0000000000001
504.16666666666646 -759.1666666666669
504.16666666666646 -759.1666666666669
509.16666666666663 -764.1666666666669
506.66666666666646 -761.6666666666667
504.9999999999998 -760.0000000000001
505.83333333333314 -760.8333333333335
504.16666666666646 -759.1666666666669
499.99999999999994 -738.3333333333334
502.4999999999999 -758.3333333333335
504.16666666666646 -759.1666666666669
504.16666666666646 -759.1666666666669
504.9999999999998 -760.0000000000001
504.9999999999998 -760.0000000000001
504.16666666666646 -759.1666666666669
499.99999999999994 -738.3333333333334
500.83333333333314 -756.6666666666669
509.1666666666666 -764.1666666666667
505.83333333333314 -760.8333333333335
504.16666666666646 -759.1666666666669
508.33333333333326 -763.3333333333335
504.9999999999998 -760.0000000000001
504.16666666666646 -759.1666666666669
504.16666666666646 -759.1666666666669
504.9999999999998 -760.0000000000001
501.66666666666646 -757.5000000000001
504.16666666666646 -759.1666666666669
513.3333333333333 -767.5000000000002
504.16666666666646 -759.1666666666669
504.16666666666646 -759.1666666666669
509.99999999999994 -765.0000000000001
509.1666666666666 -764.1666666666667
508.33333333333326 -763.3333333333335
504.16666666666646 -759.1666666666669
504.16666666666646 -759.1666666666669
505.83333333333314 -760.8333333333335
504.9999999999998 -760.0000000000001
509.1666666666666 -764.1666666666667
505.83333333333314 -760.8333333333335
504.16666666666646 -759.1666666666669
508.33333333333326 -763.3333333333335
499.99999999999994 -738.3333333333334
504.16666666666646 -759.1666666666669
504.16666666666646 -759.1666666666669
504.16666666666646 -759.1666666666669
501.66666666666646 -757.5000000000001
504.16666666666646 -759.1666666666669
504.16666666666646 -759.1666666666669
513.3333333333333 -767.5000000000002
504.16666666666646 -759.1666666666669
504.16666666666646 -759.1666666666669
504.9999999999998 -760.0000000000001
504.9999999999998 -760.0000000000001
504.16666666666646 -759.1666666666669
504.9999999999998 -760.0000000000001
504.99999999999983 -760.0000000000002
504.9999999999998 -760.0000000000001
504.16666666666646 -759.1666666666669
504.16666666666646 -759.1666666666669
504.9999999999998 -760.0000000000001
504.16666666666646 -759.1666666666669
508.33333333333326 -763.3333333333335
504.16666666666646 -759.1666666666669
504.99999999999983 -760.0000000000002
504.9999999999998 -760.0000000000001
500.83333333333314 -756.6666666666669
504.16666666666646 -759.1666666666669
504.9999999999998 -760.0000000000001
505.83333333333314 -760.8333333333335
504.16666666666646 -759.1666666666669
509.16666666666663 -764.1666666666669
505.83333333333314 -760.8333333333335
504.9999999999998 -760.0000000000001
504.9999999999998 -760.0000000000001
504.9999999999998 -760.0000000000001
504.16666666666646 -759.1666666666669
508.33333333333326 -763.3333333333335
504.16666666666646 -759.1666666666669
509.1666666666666 -764.1666666666667
513.3333333333333 -767.5000000000002
504.16666666666646 -759.1666666666669
504.16666666666646 -759.1666666666669
502.4999999999999 -758.3333333333335
504.16666666666646 -759.1666666666669
504.9999999999998 -760.0000000000001
504.16666666666646 -759.1666666666669
504.9999999999998 -760.0000000000001
504.9999999999998 -760.0000000000001
508.33333333333326 -763.3333333333335
504.16666666666646 -759.1666666666669
499.99999999999994 -738.3333333333334
504.9999999999998 -760.0000000000001
509.1666666666666 -764.1666666666667
504.9999999999998 -760.0000000000001
504.16666666666646 -759.1666666666669
504.9999999999998 -760.0000000000001
506.66666666666646 -761.6666666666667
504.99999999999983 -760.0000000000002
501.66666666666646 -757.5000000000001
504.9999999999998 -760.0000000000001
509.16666666666663 -764.1666666666669
504.9999999999998 -760.0000000000001
505.83333333333314 -760.8333333333335
509.99999999999994 -765.0000000000001
504.16666666666646 -759.1666666666669
509.99999999999994 -765.0000000000001
