505.83333333333314 -760.8333333333335
505.83333333333314 -760.8333333333335
514.1666666666665 -768.3333333333335
500.83333333333314 -756.6666666666669
505.83333333333314 -760.8333333333335
501.6666666666665 -757.5000000000002
508.33333333333326 -763.3333333333335
508.33333333333326 -763.3333333333335
506.66666666666646 -761.6666666666667
505.83333333333314 -760.8333333333335
502.4999999999999 -758.3333333333335
500.83333333333314 -756.6666666666669
505.83333333333314 -760.8333333333335
508.33333333333326 -763.3333333333335
501.66666666666646 -757.5000000000001
513.3333333333333 -767.5000000000002
508.33333333333326 -763.3333333333335
505.83333333333314 -760.8333333333335
505.83333333333314 -760.8333333333335
508.33333333333326 -763.3333333333335
501.66666666666646 -757.5000000000001
513.3333333333333 -767.5000000000002
504.99999999999983 -760.0000000000002
508.33333333333326 -763.3333333333335
504.99999999999983 -760.0000000000002
500.83333333333314 -756.6666666666669
505.83333333333314 -760.8333333333335
505.83333333333314 -760.8333333333335
508.33333333333326 -763.3333333333335
513.3333333333333 -767.5000000000002
502.4999999999999 -758.3333333333335
508.33333333333326 -763.3333333333335
506.66666666666646 -761.6666666666667
504.99999999999983 -760.0000000000002
501.66666666666646 -757.5000000000001
505.83333333333314 -760.8333333333335
505.83333333333314 -760.8333333333335
501.66666666666646 -757.5000000000001
506.66666666666646 -761.6666666666667
508.33333333333326 -763.3333333333335
504.99999999999983 -760.0000000000002
508.33333333333326 -763.3333333333335
505.83333333333314 -760.8333333333335
501.6666666666665 -757.5000000000002
502.4999999999999 -758.3333333333335
502.4999999999999 -758.3333333333335
504.99999999999983 -760.0000000000002
508.33333333333314 -762.5000000000001
501.66666666666646 -757.5000000000001
513.3333333333333 -767.5000000000002
509.9999999999999 -765.0000000000002
508.33333333333314 -762.5000000000001
505.83333333333314 -760.8333333333335
501.66666666666646 -757.5000000000001
508.33333333333326 -763.3333333333335
504.99999999999983 -760.0000000000002
508.33333333333326 -763.3333333333335
508.33333333333314 -762.5000000000001
505.83333333333314 -760.8333333333335
504.1666666666664 -760.0000000000001
509.9999999999999 -765.0000000000002
509.9999999999999 -765.0000000000002
505.83333333333314 -760.8333333333335
506.66666666666646 -761.6666666666667
500.83333333333314 -756.6666666666669
508.33333333333326 -763.3333333333335
508.33333333333326 -763.3333333333335
508.33333333333326 -763.3333333333335
505.83333333333314 -760.8333333333335
505.83333333333314 -760.8333333333335
506.66666666666646 -761.6666666666667
509.1666666666666 -764.166666666667
508.33333333333326 -763.3333333333335
499.1666666666666 -738.3333333333334
505.83333333333314 -760.8333333333335
505.83333333333314 -760.8333333333335
513.3333333333333 -767.5000000000002
508.33333333333314 -762.5000000000001
505.83333333333314 -760.8333333333335
