499.1666666666666 -738.3333333333334
500.83333333333314 -757.5000000000001
504.9999999999999 -761.6666666666667
504.9999999999999 -761.6666666666667
505.8333333333332 -762.5000000000002
508.33333333333326 -764.1666666666667
509.1666666666666 -765.0000000000002
509.1666666666666 -765.0000000000002
512.4999999999998 -765.8333333333336
509.1666666666666 -765.0000000000002
504.1666666666664 -760.8333333333335
508.33333333333326 -764.1666666666667
502.49999999999983 -759.1666666666669
508.33333333333326 -764.1666666666667
509.1666666666666 -765.0000000000002
505.8333333333332 -762.5000000000002
509.1666666666666 -765.0000000000002
509.1666666666666 -765.0000000000002
509.1666666666666 -765.0000000000002
502.49999999999983 -759.1666666666669
504.9999999999999 -761.6666666666667
509.1666666666666 -765.0000000000002
512.4999999999998 -765.8333333333336
508.33333333333326 -764.1666666666667
509.1666666666666 -765.0000000000002
505.8333333333332 -762.5000000000002
508.33333333333326 -764.1666666666667
505.83333333333314 -761.6666666666669
512.5 -767.5000000000002
509.1666666666666 -765.0000000000002
512.4999999999998 -765.8333333333336
508.33333333333326 -764.1666666666667
508.33333333333326 -764.1666666666667
509.1666666666666 -765.0000000000002
501.6666666666665 -758.3333333333335
509.16666666666646 -764.1666666666669
508.33333333333326 -764.1666666666667
501.6666666666665 -758.3333333333335
509.1666666666666 -765.0000000000002
504.9999999999999 -761.6666666666667
508.33333333333326 -764.1666666666667
512.4999999999998 -765.8333333333336
509.16666666666646 -764.1666666666669
502.49999999999983 -759.1666666666669
502.49999999999983 -759.1666666666669
508.33333333333326 -764.1666666666667
504.9999999999999 -761.6666666666667
509.1666666666666 -765.0000000000002
513.3333333333333 -768.3333333333335
501.6666666666665 -758.3333333333335
508.33333333333326 -764.1666666666667
505.8333333333332 -762.5000000000002
