499.1666666666666 -740.8333333333333
521.6666666666667 -776.6666666666667
521.6666666666667 -776.6666666666667
499.1666666666666 -740.8333333333333
499.9999999999999 -744.9999999999999
500.83333333333314 -760.0
499.9999999999999 -744.9999999999999
520.0 -775.8333333333335
517.5 -775.8333333333334
511.6666666666666 -770.8333333333335
502.49999999999983 -761.6666666666667
503.3333333333331 -764.1666666666667
515.8333333333333 -775.0000000000001
509.99999999999994 -770.0000000000002
515.8333333333333 -775.0000000000001
514.1666666666666 -774.1666666666667
512.4999999999999 -772.5000000000001
506.6666666666665 -766.6666666666667
507.49999999999983 -768.3333333333334
517.5 -775.8333333333334
520.0 -775.8333333333335
505.83333333333314 -765.8333333333334
504.16666666666646 -765.0000000000001
514.1666666666666 -774.1666666666667
504.1666666666664 -765.0
508.3333333333332 -769.1666666666667
513.3333333333333 -773.3333333333335
501.66666666666646 -760.8333333333334
509.99999999999994 -770.0000000000002
512.4999999999999 -772.5000000000001
501.66666666666646 -760.8333333333334
509.1666666666665 -769.1666666666669
513.3333333333333 -773.3333333333335
500.83333333333314 -760.0
502.49999999999983 -761.6666666666667
508.33333333333314 -768.3333333333335
506.6666666666665 -766.6666666666667
511.6666666666666 -770.8333333333335
503.3333333333331 -764.1666666666667
509.1666666666665 -769.1666666666669
507.49999999999983 -768.3333333333334
505.8333333333332 -765.8333333333335
504.16666666666646 -765.0000000000001
505.8333333333332 -765.8333333333335
505.83333333333314 -765.8333333333334
508.33333333333314 -768.3333333333335
499.1666666666666 -740.8333333333333
521.6666666666667 -776.6666666666667
499.9999999999999 -744.9999999999999
515.8333333333333 -775.0000000000001
517.5 -775.8333333333334
520.0 -775.8333333333335
514.1666666666666 -774.1666666666667
509.99999999999994 -770.0000000000002
512.4999999999999 -772.5000000000001
501.66666666666646 -760.8333333333334
513.3333333333333 -773.3333333333335
500.83333333333314 -760.0
502.49999999999983 -761.6666666666667
511.6666666666666 -770.8333333333335
506.6666666666665 -766.6666666666667
503.3333333333331 -764.1666666666667
509.1666666666665 -769.1666666666669
507.49999999999983 -768.3333333333334
504.16666666666646 -765.0000000000001
505.8333333333332 -765.8333333333335
505.83333333333314 -765.8333333333334
508.33333333333314 -768.3333333333335
499.1666666666666 -740.8333333333333
521.6666666666667 -776.6666666666667
499.9999999999999 -744.9999999999999
515.8333333333333 -775.0000000000001
517.5 -775.8333333333334
520.0 -775.8333333333335
509.99999999999994 -770.0000000000002
512.4999999999999 -772.5000000000001
501.66666666666646 -760.8333333333334
513.3333333333333 -773.3333333333335
500.83333333333314 -760.0
502.49999999999983 -761.6666666666667
511.6666666666666 -770.8333333333335
506.6666666666665 -766.6666666666667
503.3333333333331 -764.1666666666667
509.1666666666665 -769.1666666666669
507.49999999999983 -768.3333333333334
505.8333333333332 -765.8333333333335
505.83333333333314 -765.8333333333334
508.33333333333314 -768.3333333333335
499.1666666666666 -740.8333333333333
521.6666666666667 -776.6666666666667
499.9999999999999 -744.9999999999999
515.8333333333333 -775.0000000000001
517.5 -775.8333333333334
520.0 -775.8333333333335
509.99999999999994 -770.0000000000002
512.4999999999999 -772.5000000000001
501.66666666666646 -760.8333333333334
513.3333333333333 -773.3333333333335
500.83333333333314 -760.0
502.49999999999983 -761.6666666666667
511.6666666666666 -770.8333333333335
506.6666666666665 -766.6666666666667
503.3333333333331 -764.1666666666667
509.1666666666665 -769.1666666666669
507.49999999999983 -768.3333333333334
505.8333333333332 -765.8333333333335
505.83333333333314 -765.8333333333334
508.33333333333314 -768.3333333333335
521.6666666666667 -776.6666666666667
499.1666666666666 -740.8333333333333
499.9999999999999 -744.9999999999999
515.8333333333333 -775.0000000000001
517.5 -775.8333333333334
520.0 -775.8333333333335
509.99999999999994 -770.0000000000002
512.4999999999999 -772.5000000000001
501.66666666666646 -760.8333333333334
513.3333333333333 -773.3333333333335
500.83333333333314 -760.0
502.49999999999983 -761.6666666666667
511.6666666666666 -770.8333333333335
506.6666666666665 -766.6666666666667
509.1666666666665 -769.1666666666669
507.49999999999983 -768.3333333333334
505.8333333333332 -765.8333333333335
505.83333333333314 -765.8333333333334
508.33333333333314 -768.3333333333335
499.1666666666666 -740.8333333333333
521.6666666666667 -776.6666666666667
499.9999999999999 -744.9999999999999
515.8333333333333 -775.0000000000001
520.0 -775.8333333333335
509.99999999999994 -770.0000000000002
512.4999999999999 -772.5000000000001
501.66666666666646 -760.8333333333334
513.3333333333333 -773.3333333333335
500.83333333333314 -760.0
502.49999999999983 -761.6666666666667
506.6666666666665 -766.6666666666667
511.6666666666666 -770.8333333333335
509.1666666666665 -769.1666666666669
505.8333333333332 -765.8333333333335
505.83333333333314 -765.8333333333334
508.33333333333314 -768.3333333333335
521.6666666666667 -776.6666666666667
499.1666666666666 -740.8333333333333
499.9999999999999 -744.9999999999999
520.0 -775.8333333333335
509.99999999999994 -770.0000000000002
512.4999999999999 -772.5000000000001
501.66666666666646 -760.8333333333334
515.8333333333333 -775.0000000000001
513.3333333333333 -773.3333333333335
500.83333333333314 -760.0
502.49999999999983 -761.6666666666667
511.6666666666666 -770.8333333333335
506.6666666666665 -766.6666666666667
509.1666666666665 -769.1666666666669
505.8333333333332 -765.8333333333335
505.83333333333314 -765.8333333333334
508.33333333333314 -768.3333333333335
499.1666666666666 -740.8333333333333
521.6666666666667 -776.6666666666667
520.0 -775.8333333333335
509.99999999999994 -770.0000000000002
512.4999999999999 -772.5000000000001
501.66666666666646 -760.8333333333334
515.8333333333333 -775.0000000000001
513.3333333333333 -773.3333333333335
500.83333333333314 -760.0
502.49999999999983 -761.6666666666667
506.6666666666665 -766.6666666666667
509.1666666666665 -769.1666666666669
505.8333333333332 -765.8333333333335
505.83333333333314 -765.8333333333334
508.33333333333314 -768.3333333333335
499.1666666666666 -740.8333333333333
521.6666666666667 -776.6666666666667
520.0 -775.8333333333335
509.99999999999994 -770.0000000000002
512.4999999999999 -772.5000000000001
501.66666666666646 -760.8333333333334
515.8333333333333 -775.0000000000001
513.3333333333333 -773.3333333333335
500.83333333333314 -760.0
502.49999999999983 -761.6666666666667
506.6666666666665 -766.6666666666667
509.1666666666665 -769.1666666666669
505.8333333333332 -765.8333333333335
505.83333333333314 -765.8333333333334
508.33333333333314 -768.3333333333335
521.6666666666667 -776.6666666666667
499.1666666666666 -740.8333333333333
520.0 -775.8333333333335
509.1666666666665 -769.1666666666669
509.99999999999994 -770.0000000000002
512.4999999999999 -772.5000000000001
501.66666666666646 -760.8333333333334
515.8333333333333 -775.0000000000001
513.3333333333333 -773.3333333333335
