499.1666666666666 -740.8333333333333
521.6666666666667 -776.6666666666667
499.1666666666666 -740.8333333333333
521.6666666666667 -776.6666666666667
499.9999999999999 -744.9999999999999
500.83333333333314 -760.0000000000001
520.0 -775.8333333333335
516.6666666666666 -775.8333333333334
499.9999999999999 -744.9999999999999
505.83333333333314 -766.6666666666666
502.49999999999983 -761.6666666666667
503.3333333333331 -764.1666666666667
511.6666666666665 -772.5000000000001
513.3333333333333 -773.3333333333335
515.8333333333333 -775.0000000000001
514.1666666666666 -774.1666666666667
510.83333333333314 -771.6666666666667
509.9999999999999 -770.0000000000002
520.0 -775.8333333333335
511.6666666666665 -772.5000000000001
514.1666666666666 -774.1666666666667
506.66666666666646 -767.5
515.8333333333333 -775.0000000000001
513.3333333333333 -773.3333333333335
506.66666666666646 -767.5
501.66666666666646 -760.8333333333334
507.49999999999983 -768.3333333333334
501.66666666666646 -760.8333333333334
504.9999999999998 -765.8333333333334
510.83333333333314 -771.6666666666667
502.49999999999983 -761.6666666666667
504.9999999999998 -765.8333333333334
508.33333333333314 -768.3333333333335
508.3333333333332 -769.1666666666667
500.83333333333314 -760.0000000000001
503.3333333333331 -764.1666666666667
509.1666666666665 -769.1666666666669
509.1666666666666 -770.0
516.6666666666666 -775.8333333333334
507.49999999999983 -768.3333333333334
509.9999999999999 -770.0000000000002
504.1666666666664 -765.0
504.16666666666646 -765.0000000000001
504.16666666666646 -765.0000000000001
504.1666666666664 -765.0
509.1666666666666 -770.0
508.3333333333332 -769.1666666666667
509.1666666666665 -769.1666666666669
508.33333333333314 -768.3333333333335
499.1666666666666 -740.8333333333333
521.6666666666667 -776.6666666666667
499.9999999999999 -744.9999999999999
520.0 -775.8333333333335
514.1666666666666 -774.1666666666667
513.3333333333333 -773.3333333333335
515.8333333333333 -775.0000000000001
501.66666666666646 -760.8333333333334
510.83333333333314 -771.6666666666667
502.49999999999983 -761.6666666666667
504.9999999999998 -765.8333333333334
500.83333333333314 -760.0000000000001
503.3333333333331 -764.1666666666667
516.6666666666666 -775.8333333333334
507.49999999999983 -768.3333333333334
509.9999999999999 -770.0000000000002
504.16666666666646 -765.0000000000001
504.1666666666664 -765.0
509.1666666666666 -770.0
508.3333333333332 -769.1666666666667
509.1666666666665 -769.1666666666669
508.33333333333314 -768.3333333333335
521.6666666666667 -776.6666666666667
499.1666666666666 -740.8333333333333
499.9999999999999 -744.9999999999999
520.0 -775.8333333333335
514.1666666666666 -774.1666666666667
515.8333333333333 -775.0000000000001
513.3333333333333 -773.3333333333335
501.66666666666646 -760.8333333333334
502.49999999999983 -761.6666666666667
500.83333333333314 -760.0000000000001
503.3333333333331 -764.1666666666667
516.6666666666666 -775.8333333333334
507.49999999999983 -768.3333333333334
504.9999999999998 -765.8333333333334
504.16666666666646 -765.0000000000001
504.1666666666664 -765.0
508.3333333333332 -769.1666666666667
508.33333333333314 -768.3333333333335
509.1666666666665 -769.1666666666669
521.6666666666667 -776.6666666666667
499.1666666666666 -740.8333333333333
499.9999999999999 -744.9999999999999
520.0 -775.8333333333335
514.1666666666666 -774.1666666666667
513.3333333333333 -773.3333333333335
515.8333333333333 -775.0000000000001
501.66666666666646 -760.8333333333334
502.49999999999983 -761.6666666666667
503.3333333333331 -764.1666666666667
516.6666666666666 -775.8333333333334
507.49999999999983 -768.3333333333334
504.9999999999998 -765.8333333333334
504.16666666666646 -765.0000000000001
504.1666666666664 -765.0
508.3333333333332 -769.1666666666667
509.1666666666665 -769.1666666666669
508.33333333333314 -768.3333333333335
521.6666666666667 -776.6666666666667
499.1666666666666 -740.8333333333333
499.9999999999999 -744.9999999999999
520.0 -775.8333333333335
514.1666666666666 -774.1666666666667
515.8333333333333 -775.0000000000001
513.3333333333333 -773.3333333333335
501.66666666666646 -760.8333333333334
502.49999999999983 -761.6666666666667
503.3333333333331 -764.1666666666667
507.49999999999983 -768.3333333333334
504.9999999999998 -765.8333333333334
504.16666666666646 -765.0000000000001
504.1666666666664 -765.0
508.3333333333332 -769.1666666666667
509.1666666666665 -769.1666666666669
508.33333333333314 -768.3333333333335
499.1666666666666 -740.8333333333333
521.6666666666667 -776.6666666666667
499.9999999999999 -744.9999999999999
520.0 -775.8333333333335
514.1666666666666 -774.1666666666667
515.8333333333333 -775.0000000000001
513.3333333333333 -773.3333333333335
501.66666666666646 -760.8333333333334
502.49999999999983 -761.6666666666667
503.3333333333331 -764.1666666666667
507.49999999999983 -768.3333333333334
504.9999999999998 -765.8333333333334
504.16666666666646 -765.0000000000001
504.1666666666664 -765.0
508.3333333333332 -769.1666666666667
508.33333333333314 -768.3333333333335
509.1666666666665 -769.1666666666669
521.6666666666667 -776.6666666666667
499.1666666666666 -740.8333333333333
499.9999999999999 -744.9999999999999
520.0 -775.8333333333335
514.1666666666666 -774.1666666666667
515.8333333333333 -775.0000000000001
513.3333333333333 -773.3333333333335
501.66666666666646 -760.8333333333334
502.49999999999983 -761.6666666666667
503.3333333333331 -764.1666666666667
507.49999999999983 -768.3333333333334
504.16666666666646 -765.0000000000001
504.1666666666664 -765.0
508.3333333333332 -769.1666666666667
508.33333333333314 -768.3333333333335
509.1666666666665 -769.1666666666669
499.1666666666666 -740.8333333333333
521.6666666666667 -776.6666666666667
499.9999999999999 -744.9999999999999
520.0 -775.8333333333335
515.8333333333333 -775.0000000000001
501.66666666666646 -760.8333333333334
513.3333333333333 -773.3333333333335
502.49999999999983 -761.6666666666667
503.3333333333331 -764.1666666666667
507.49999999999983 -768.3333333333334
504.16666666666646 -765.0000000000001
504.1666666666664 -765.0
508.33333333333314 -768.3333333333335
509.1666666666665 -769.1666666666669
521.6666666666667 -776.6666666666667
499.1666666666666 -740.8333333333333
499.9999999999999 -744.9999999999999
520.0 -775.8333333333335
515.8333333333333 -775.0000000000001
501.66666666666646 -760.8333333333334
513.3333333333333 -773.3333333333335
502.49999999999983 -761.6666666666667
503.3333333333331 -764.1666666666667
509.1666666666665 -769.1666666666669
507.49999999999983 -768.3333333333334
504.16666666666646 -765.0000000000001
508.33333333333314 -768.3333333333335
499.1666666666666 -740.8333333333333
521.6666666666667 -776.6666666666667
499.9999999999999 -744.9999999999999
520.0 -775.8333333333335
515.8333333333333 -775.0000000000001
501.66666666666646 -760.8333333333334
513.3333333333333 -773.3333333333335
502.49999999999983 -761.6666666666667
503.3333333333331 -764.1666666666667
509.1666666666665 -769.1666666666669
507.49999999999983 -768.3333333333334
508.33333333333314 -768.3333333333335
499.1666666666666 -740.8333333333333
521.6666666666667 -776.6666666666667
499.9999999999999 -744.9999999999999
