516.6666666666665 -778.3333333333333
499.1666666666666 -742.5
499.9999999999999 -745.0
500.83333333333314 -761.6666666666666
514.9999999999998 -775.8333333333335
513.3333333333333 -775.0000000000001
499.9999999999999 -745.0
515.8333333333333 -776.6666666666669
502.49999999999983 -763.3333333333334
503.3333333333331 -765.0
513.3333333333333 -775.0000000000001
514.9999999999998 -775.8333333333335
512.4999999999998 -774.1666666666667
509.16666666666646 -770.8333333333335
501.66666666666646 -762.5
509.16666666666646 -770.8333333333335
504.1666666666664 -765.8333333333335
508.3333333333331 -770.0000000000001
512.4999999999998 -774.1666666666667
501.66666666666646 -762.5
511.66666666666646 -773.3333333333334
510.83333333333314 -772.5
511.66666666666646 -773.3333333333334
509.99999999999983 -771.6666666666669
503.3333333333331 -765.0
509.99999999999983 -771.6666666666669
504.1666666666664 -765.8333333333335
506.66666666666646 -768.3333333333335
506.66666666666646 -768.3333333333335
500.83333333333314 -761.6666666666666
508.3333333333331 -770.0000000000001
502.49999999999983 -763.3333333333334
515.8333333333333 -776.6666666666669
510.83333333333314 -772.5
507.4999999999998 -769.1666666666667
504.9999999999997 -766.6666666666667
505.8333333333331 -767.5000000000001
505.83333333333314 -767.5000000000002
504.9999999999998 -766.6666666666669
507.49999999999983 -769.1666666666669
504.9999999999998 -766.6666666666669
505.83333333333314 -767.5000000000002
507.49999999999983 -769.1666666666669
504.9999999999997 -766.6666666666667
505.8333333333331 -767.5000000000001
507.4999999999998 -769.1666666666667
499.9999999999999 -745.0
513.3333333333333 -775.0000000000001
514.9999999999998 -775.8333333333335
509.16666666666646 -770.8333333333335
512.4999999999998 -774.1666666666667
501.66666666666646 -762.5
511.66666666666646 -773.3333333333334
503.3333333333331 -765.0
509.99999999999983 -771.6666666666669
504.1666666666664 -765.8333333333335
506.66666666666646 -768.3333333333335
500.83333333333314 -761.6666666666666
508.3333333333331 -770.0000000000001
502.49999999999983 -763.3333333333334
515.8333333333333 -776.6666666666669
510.83333333333314 -772.5
505.83333333333314 -767.5000000000002
504.9999999999998 -766.6666666666669
504.9999999999997 -766.6666666666667
507.4999999999998 -769.1666666666667
505.8333333333331 -767.5000000000001
499.9999999999999 -745.0
513.3333333333333 -775.0000000000001
514.9999999999998 -775.8333333333335
509.16666666666646 -770.8333333333335
512.4999999999998 -774.1666666666667
501.66666666666646 -762.5
511.66666666666646 -773.3333333333334
503.3333333333331 -765.0
509.99999999999983 -771.6666666666669
504.1666666666664 -765.8333333333335
506.66666666666646 -768.3333333333335
500.83333333333314 -761.6666666666666
508.3333333333331 -770.0000000000001
515.8333333333333 -776.6666666666669
502.49999999999983 -763.3333333333334
510.83333333333314 -772.5
505.83333333333314 -767.5000000000002
504.9999999999998 -766.6666666666669
507.4999999999998 -769.1666666666667
504.9999999999997 -766.6666666666667
505.8333333333331 -767.5000000000001
499.9999999999999 -745.0
513.3333333333333 -775.0000000000001
514.9999999999998 -775.8333333333335
509.16666666666646 -770.8333333333335
512.4999999999998 -774.1666666666667
501.66666666666646 -762.5
511.66666666666646 -773.3333333333334
503.3333333333331 -765.0
509.99999999999983 -771.6666666666669
504.1666666666664 -765.8333333333335
506.66666666666646 -768.3333333333335
500.83333333333314 -761.6666666666666
508.3333333333331 -770.0000000000001
515.8333333333333 -776.6666666666669
502.49999999999983 -763.3333333333334
510.83333333333314 -772.5
505.83333333333314 -767.5000000000002
504.9999999999998 -766.6666666666669
504.9999999999997 -766.6666666666667
505.8333333333331 -767.5000000000001
507.4999999999998 -769.1666666666667
499.9999999999999 -745.0
513.3333333333333 -775.0000000000001
514.9999999999998 -775.8333333333335
509.16666666666646 -770.8333333333335
512.4999999999998 -774.1666666666667
501.66666666666646 -762.5
511.66666666666646 -773.3333333333334
503.3333333333331 -765.0
509.99999999999983 -771.6666666666669
504.1666666666664 -765.8333333333335
506.66666666666646 -768.3333333333335
500.83333333333314 -761.6666666666666
508.3333333333331 -770.0000000000001
502.49999999999983 -763.3333333333334
515.8333333333333 -776.6666666666669
510.83333333333314 -772.5
504.9999999999998 -766.6666666666669
505.83333333333314 -767.5000000000002
504.9999999999997 -766.6666666666667
507.4999999999998 -769.1666666666667
505.8333333333331 -767.5000000000001
499.9999999999999 -745.0
513.3333333333333 -775.0000000000001
514.9999999999998 -775.8333333333335
509.16666666666646 -770.8333333333335
512.4999999999998 -774.1666666666667
501.66666666666646 -762.5
508.3333333333331 -770.0000000000001
511.66666666666646 -773.3333333333334
503.3333333333331 -765.0
509.99999999999983 -771.6666666666669
504.1666666666664 -765.8333333333335
506.66666666666646 -768.3333333333335
507.4999999999998 -769.1666666666667
500.83333333333314 -761.6666666666666
502.49999999999983 -763.3333333333334
510.83333333333314 -772.5
505.83333333333314 -767.5000000000002
504.9999999999998 -766.6666666666669
505.8333333333331 -767.5000000000001
504.9999999999997 -766.6666666666667
499.9999999999999 -745.0
513.3333333333333 -775.0000000000001
514.9999999999998 -775.8333333333335
509.16666666666646 -770.8333333333335
512.4999999999998 -774.1666666666667
501.66666666666646 -762.5
508.3333333333331 -770.0000000000001
511.66666666666646 -773.3333333333334
503.3333333333331 -765.0
509.99999999999983 -771.6666666666669
504.1666666666664 -765.8333333333335
507.4999999999998 -769.1666666666667
506.66666666666646 -768.3333333333335
500.83333333333314 -761.6666666666666
502.49999999999983 -763.3333333333334
510.83333333333314 -772.5
505.83333333333314 -767.5000000000002
504.9999999999998 -766.6666666666669
504.9999999999997 -766.6666666666667
505.8333333333331 -767.5000000000001
499.9999999999999 -745.0
513.3333333333333 -775.0000000000001
514.9999999999998 -775.8333333333335
509.16666666666646 -770.8333333333335
512.4999999999998 -774.1666666666667
501.66666666666646 -762.5
508.3333333333331 -770.0000000000001
511.66666666666646 -773.3333333333334
503.3333333333331 -765.0
509.99999999999983 -771.6666666666669
504.1666666666664 -765.8333333333335
507.4999999999998 -769.1666666666667
506.66666666666646 -768.3333333333335
500.83333333333314 -761.6666666666666
502.49999999999983 -763.3333333333334
510.83333333333314 -772.5
504.9999999999998 -766.6666666666669
505.83333333333314 -767.5000000000002
504.9999999999997 -766.6666666666667
505.8333333333331 -767.5000000000001
499.9999999999999 -745.0
513.3333333333333 -775.0000000000001
514.9999999999998 -775.8333333333335
509.16666666666646 -770.8333333333335
512.4999999999998 -774.1666666666667
501.66666666666646 -762.5
508.3333333333331 -770.0000000000001
511.66666666666646 -773.3333333333334
503.3333333333331 -765.0
509.99999999999983 -771.6666666666669
