499.1666666666666 -742.5
517.5 -779.1666666666666
517.5 -779.1666666666666
499.1666666666666 -742.5
499.9999999999999 -745.8333333333334
500.83333333333314 -761.6666666666666
515.8333333333333 -777.5
499.9999999999999 -745.8333333333334
514.9999999999998 -775.8333333333335
513.3333333333333 -775.0000000000001
502.49999999999983 -763.3333333333334
503.3333333333331 -765.0
513.3333333333333 -775.0000000000001
514.9999999999998 -775.8333333333335
512.4999999999998 -774.1666666666667
516.6666666666665 -778.3333333333333
501.66666666666646 -762.5
504.1666666666664 -765.8333333333335
503.3333333333331 -765.0
512.4999999999998 -774.1666666666667
501.66666666666646 -762.5
511.66666666666646 -773.3333333333334
510.83333333333314 -772.5
509.99999999999983 -771.6666666666669
509.16666666666646 -770.8333333333335
511.66666666666646 -773.3333333333334
500.83333333333314 -761.6666666666666
516.6666666666665 -778.3333333333333
504.1666666666664 -765.8333333333335
509.99999999999983 -771.6666666666669
509.16666666666646 -770.8333333333335
506.66666666666646 -768.3333333333335
502.49999999999983 -763.3333333333334
506.66666666666646 -768.3333333333335
510.83333333333314 -772.5
507.4999999999998 -769.1666666666667
504.9999999999997 -766.6666666666667
505.8333333333331 -767.5000000000001
505.83333333333314 -767.5000000000002
504.9999999999998 -766.6666666666669
508.3333333333331 -770.0000000000001
508.3333333333332 -770.0000000000002
507.49999999999983 -769.1666666666669
508.3333333333332 -770.0000000000002
508.3333333333331 -770.0000000000001
504.9999999999998 -766.6666666666669
505.83333333333314 -767.5000000000002
507.49999999999983 -769.1666666666669
505.8333333333331 -767.5000000000001
507.4999999999998 -769.1666666666667
504.9999999999997 -766.6666666666667
499.1666666666666 -742.5
517.5 -779.1666666666666
513.3333333333333 -775.0000000000001
514.9999999999998 -775.8333333333335
503.3333333333331 -765.0
512.4999999999998 -774.1666666666667
501.66666666666646 -762.5
511.66666666666646 -773.3333333333334
500.83333333333314 -761.6666666666666
516.6666666666665 -778.3333333333333
504.1666666666664 -765.8333333333335
509.16666666666646 -770.8333333333335
509.99999999999983 -771.6666666666669
502.49999999999983 -763.3333333333334
506.66666666666646 -768.3333333333335
510.83333333333314 -772.5
508.3333333333332 -770.0000000000002
508.3333333333331 -770.0000000000001
505.83333333333314 -767.5000000000002
504.9999999999998 -766.6666666666669
507.49999999999983 -769.1666666666669
504.9999999999997 -766.6666666666667
507.4999999999998 -769.1666666666667
505.8333333333331 -767.5000000000001
517.5 -779.1666666666666
499.1666666666666 -742.5
513.3333333333333 -775.0000000000001
514.9999999999998 -775.8333333333335
503.3333333333331 -765.0
512.4999999999998 -774.1666666666667
501.66666666666646 -762.5
511.66666666666646 -773.3333333333334
500.83333333333314 -761.6666666666666
516.6666666666665 -778.3333333333333
504.1666666666664 -765.8333333333335
509.99999999999983 -771.6666666666669
509.16666666666646 -770.8333333333335
502.49999999999983 -763.3333333333334
506.66666666666646 -768.3333333333335
510.83333333333314 -772.5
508.3333333333332 -770.0000000000002
508.3333333333331 -770.0000000000001
505.83333333333314 -767.5000000000002
504.9999999999998 -766.6666666666669
507.49999999999983 -769.1666666666669
507.4999999999998 -769.1666666666667
505.8333333333331 -767.5000000000001
504.9999999999997 -766.6666666666667
499.1666666666666 -742.5
513.3333333333333 -775.0000000000001
514.9999999999998 -775.8333333333335
503.3333333333331 -765.0
512.4999999999998 -774.1666666666667
501.66666666666646 -762.5
511.66666666666646 -773.3333333333334
500.83333333333314 -761.6666666666666
516.6666666666665 -778.3333333333333
504.1666666666664 -765.8333333333335
509.99999999999983 -771.6666666666669
509.16666666666646 -770.8333333333335
502.49999999999983 -763.3333333333334
506.66666666666646 -768.3333333333335
510.83333333333314 -772.5
508.3333333333332 -770.0000000000002
508.3333333333331 -770.0000000000001
505.83333333333314 -767.5000000000002
504.9999999999998 -766.6666666666669
507.49999999999983 -769.1666666666669
505.8333333333331 -767.5000000000001
507.4999999999998 -769.1666666666667
504.9999999999997 -766.6666666666667
513.3333333333333 -775.0000000000001
514.9999999999998 -775.8333333333335
503.3333333333331 -765.0
512.4999999999998 -774.1666666666667
501.66666666666646 -762.5
511.66666666666646 -773.3333333333334
500.83333333333314 -761.6666666666666
516.6666666666665 -778.3333333333333
504.1666666666664 -765.8333333333335
509.16666666666646 -770.8333333333335
509.99999999999983 -771.6666666666669
502.49999999999983 -763.3333333333334
506.66666666666646 -768.3333333333335
510.83333333333314 -772.5
508.3333333333332 -770.0000000000002
508.3333333333331 -770.0000000000001
505.83333333333314 -767.5000000000002
504.9999999999998 -766.6666666666669
507.49999999999983 -769.1666666666669
505.8333333333331 -767.5000000000001
507.4999999999998 -769.1666666666667
504.9999999999997 -766.6666666666667
513.3333333333333 -775.0000000000001
514.9999999999998 -775.8333333333335
503.3333333333331 -765.0
512.4999999999998 -774.1666666666667
501.66666666666646 -762.5
511.66666666666646 -773.3333333333334
500.83333333333314 -761.6666666666666
516.6666666666665 -778.3333333333333
504.1666666666664 -765.8333333333335
509.99999999999983 -771.6666666666669
509.16666666666646 -770.8333333333335
502.49999999999983 -763.3333333333334
506.66666666666646 -768.3333333333335
510.83333333333314 -772.5
508.3333333333332 -770.0000000000002
508.3333333333331 -770.0000000000001
504.9999999999998 -766.6666666666669
505.83333333333314 -767.5000000000002
507.49999999999983 -769.1666666666669
504.9999999999997 -766.6666666666667
505.8333333333331 -767.5000000000001
507.4999999999998 -769.1666666666667
513.3333333333333 -775.0000000000001
514.9999999999998 -775.8333333333335
503.3333333333331 -765.0
512.4999999999998 -774.1666666666667
501.66666666666646 -762.5
511.66666666666646 -773.3333333333334
500.83333333333314 -761.6666666666666
516.6666666666665 -778.3333333333333
504.1666666666664 -765.8333333333335
509.16666666666646 -770.8333333333335
509.99999999999983 -771.6666666666669
502.49999999999983 -763.3333333333334
506.66666666666646 -768.3333333333335
510.83333333333314 -772.5
508.3333333333331 -770.0000000000001
505.83333333333314 -767.5000000000002
504.9999999999998 -766.6666666666669
507.49999999999983 -769.1666666666669
504.9999999999997 -766.6666666666667
505.8333333333331 -767.5000000000001
507.4999999999998 -769.1666666666667
513.3333333333333 -775.0000000000001
514.9999999999998 -775.8333333333335
503.3333333333331 -765.0
512.4999999999998 -774.1666666666667
501.66666666666646 -762.5
511.66666666666646 -773.3333333333334
500.83333333333314 -761.6666666666666
504.1666666666664 -765.8333333333335
509.99999999999983 -771.6666666666669
509.16666666666646 -770.8333333333335
502.49999999999983 -763.3333333333334
506.66666666666646 -768.3333333333335
510.83333333333314 -772.5
