499.1666666666666 -742.5
517.5 -779.1666666666666
499.1666666666666 -742.5
517.5 -779.1666666666666
499.9999999999999 -745.8333333333334
500.83333333333314 -761.6666666666666
512.4999999999998 -774.1666666666669
509.9999999999999 -773.3333333333335
502.49999999999983 -763.3333333333334
503.3333333333331 -766.6666666666667
509.1666666666665 -772.5000000000002
499.9999999999999 -745.8333333333334
514.9999999999998 -775.8333333333335
513.3333333333333 -775.0000000000002
515.8333333333333 -777.5
512.4999999999998 -774.1666666666669
513.3333333333333 -775.0000000000002
515.8333333333333 -777.5
514.9999999999998 -775.8333333333335
509.9999999999999 -773.3333333333335
501.66666666666646 -762.5
504.1666666666664 -767.5000000000002
501.66666666666646 -762.5
507.49999999999983 -770.8333333333335
506.66666666666646 -770.0000000000002
503.3333333333331 -766.6666666666667
500.83333333333314 -761.6666666666666
504.1666666666664 -767.5000000000002
506.66666666666646 -770.0000000000002
502.49999999999983 -763.3333333333334
507.49999999999983 -770.8333333333335
516.6666666666666 -778.3333333333334
504.9999999999997 -768.3333333333335
508.33333333333314 -771.6666666666667
505.8333333333331 -769.1666666666669
505.83333333333314 -769.166666666667
504.9999999999998 -768.3333333333336
508.3333333333332 -771.6666666666669
516.6666666666665 -778.3333333333333
516.6666666666666 -778.3333333333334
508.3333333333332 -771.6666666666669
516.6666666666665 -778.3333333333333
505.83333333333314 -769.166666666667
504.9999999999998 -768.3333333333336
504.9999999999997 -768.3333333333335
508.33333333333314 -771.6666666666667
505.8333333333331 -769.1666666666669
517.5 -779.1666666666666
499.1666666666666 -742.5
499.9999999999999 -745.8333333333334
512.4999999999998 -774.1666666666669
513.3333333333333 -775.0000000000002
515.8333333333333 -777.5
514.9999999999998 -775.8333333333335
509.9999999999999 -773.3333333333335
501.66666666666646 -762.5
500.83333333333314 -761.6666666666666
504.1666666666664 -767.5000000000002
506.66666666666646 -770.0000000000002
507.49999999999983 -770.8333333333335
502.49999999999983 -763.3333333333334
516.6666666666666 -778.3333333333334
516.6666666666665 -778.3333333333333
508.3333333333332 -771.6666666666669
505.83333333333314 -769.166666666667
504.9999999999998 -768.3333333333336
504.9999999999997 -768.3333333333335
508.33333333333314 -771.6666666666667
505.8333333333331 -769.1666666666669
499.1666666666666 -742.5
517.5 -779.1666666666666
499.9999999999999 -745.8333333333334
512.4999999999998 -774.1666666666669
513.3333333333333 -775.0000000000002
515.8333333333333 -777.5
514.9999999999998 -775.8333333333335
509.9999999999999 -773.3333333333335
501.66666666666646 -762.5
500.83333333333314 -761.6666666666666
504.1666666666664 -767.5000000000002
506.66666666666646 -770.0000000000002
507.49999999999983 -770.8333333333335
502.49999999999983 -763.3333333333334
516.6666666666666 -778.3333333333334
516.6666666666665 -778.3333333333333
505.83333333333314 -769.166666666667
508.3333333333332 -771.6666666666669
504.9999999999998 -768.3333333333336
504.9999999999997 -768.3333333333335
508.33333333333314 -771.6666666666667
505.8333333333331 -769.1666666666669
499.1666666666666 -742.5
517.5 -779.1666666666666
499.9999999999999 -745.8333333333334
512.4999999999998 -774.1666666666669
513.3333333333333 -775.0000000000002
515.8333333333333 -777.5
514.9999999999998 -775.8333333333335
509.9999999999999 -773.3333333333335
501.66666666666646 -762.5
500.83333333333314 -761.6666666666666
504.1666666666664 -767.5000000000002
506.66666666666646 -770.0000000000002
507.49999999999983 -770.8333333333335
502.49999999999983 -763.3333333333334
516.6666666666666 -778.3333333333334
516.6666666666665 -778.3333333333333
508.3333333333332 -771.6666666666669
504.9999999999998 -768.3333333333336
505.83333333333314 -769.166666666667
505.8333333333331 -769.1666666666669
504.9999999999997 -768.3333333333335
508.33333333333314 -771.6666666666667
499.1666666666666 -742.5
517.5 -779.1666666666666
499.9999999999999 -745.8333333333334
512.4999999999998 -774.1666666666669
513.3333333333333 -775.0000000000002
515.8333333333333 -777.5
514.9999999999998 -775.8333333333335
509.9999999999999 -773.3333333333335
501.66666666666646 -762.5
500.83333333333314 -761.6666666666666
504.1666666666664 -767.5000000000002
506.66666666666646 -770.0000000000002
502.49999999999983 -763.3333333333334
507.49999999999983 -770.8333333333335
516.6666666666666 -778.3333333333334
516.6666666666665 -778.3333333333333
508.3333333333332 -771.6666666666669
505.83333333333314 -769.166666666667
504.9999999999998 -768.3333333333336
504.9999999999997 -768.3333333333335
505.8333333333331 -769.1666666666669
508.33333333333314 -771.6666666666667
517.5 -779.1666666666666
499.1666666666666 -742.5
499.9999999999999 -745.8333333333334
512.4999999999998 -774.1666666666669
513.3333333333333 -775.0000000000002
515.8333333333333 -777.5
514.9999999999998 -775.8333333333335
509.9999999999999 -773.3333333333335
501.66666666666646 -762.5
500.83333333333314 -761.6666666666666
504.1666666666664 -767.5000000000002
506.66666666666646 -770.0000000000002
507.49999999999983 -770.8333333333335
502.49999999999983 -763.3333333333334
516.6666666666666 -778.3333333333334
516.6666666666665 -778.3333333333333
504.9999999999998 -768.3333333333336
508.3333333333332 -771.6666666666669
505.83333333333314 -769.166666666667
504.9999999999997 -768.3333333333335
505.8333333333331 -769.1666666666669
508.33333333333314 -771.6666666666667
499.1666666666666 -742.5
517.5 -779.1666666666666
499.9999999999999 -745.8333333333334
512.4999999999998 -774.1666666666669
513.3333333333333 -775.0000000000002
515.8333333333333 -777.5
514.9999999999998 -775.8333333333335
509.9999999999999 -773.3333333333335
501.66666666666646 -762.5
500.83333333333314 -761.6666666666666
504.1666666666664 -767.5000000000002
506.66666666666646 -770.0000000000002
502.49999999999983 -763.3333333333334
507.49999999999983 -770.8333333333335
516.6666666666666 -778.3333333333334
516.6666666666665 -778.3333333333333
505.83333333333314 -769.166666666667
504.9999999999998 -768.3333333333336
508.3333333333332 -771.6666666666669
508.33333333333314 -771.6666666666667
505.8333333333331 -769.1666666666669
504.9999999999997 -768.3333333333335
517.5 -779.1666666666666
499.1666666666666 -742.5
499.9999999999999 -745.8333333333334
512.4999999999998 -774.1666666666669
513.3333333333333 -775.0000000000002
515.8333333333333 -777.5
509.9999999999999 -773.3333333333335
501.66666666666646 -762.5
504.1666666666664 -767.5000000000002
507.49999999999983 -770.8333333333335
502.49999999999983 -763.3333333333334
516.6666666666666 -778.3333333333334
516.6666666666665 -778.3333333333333
505.83333333333314 -769.166666666667
508.3333333333332 -771.6666666666669
504.9999999999998 -768.3333333333336
505.8333333333331 -769.1666666666669
508.33333333333314 -771.6666666666667
517.5 -779.1666666666666
513.3333333333333 -775.0000000000002
505.8333333333331 -769.1666666666669
