499.1666666666666 -742.5
517.5 -781.6666666666666
499.1666666666666 -742.5
516.6666666666665 -780.8333333333333
516.6666666666665 -780.8333333333333
499.1666666666666 -742.5
499.1666666666666 -742.5
499.1666666666666 -742.5
499.1666666666666 -742.5
499.1666666666666 -742.5
499.1666666666666 -742.5
499.1666666666666 -742.5
499.1666666666666 -742.5
499.1666666666666 -742.5
499.1666666666666 -742.5
499.1666666666666 -742.5
499.1666666666666 -742.5
502.49999999999983 -764.1666666666667
499.1666666666666 -742.5
499.1666666666666 -742.5
500.83333333333314 -764.1666666666666
502.49999999999983 -764.1666666666667
504.9999999999997 -771.6666666666667
499.9999999999999 -748.3333333333334
499.1666666666666 -742.5
512.4999999999998 -779.1666666666667
500.83333333333314 -764.1666666666666
511.6666666666665 -777.5000000000001
502.49999999999983 -764.1666666666667
499.1666666666666 -742.5
509.16666666666646 -775.8333333333335
508.33333333333314 -775.0000000000001
512.4999999999998 -779.1666666666667
509.16666666666646 -775.8333333333335
500.83333333333314 -764.1666666666666
499.1666666666666 -742.5
504.1666666666664 -770.8333333333335
505.8333333333331 -772.5000000000001
503.3333333333331 -770.0
504.1666666666664 -770.8333333333335
513.3333333333333 -780.0000000000001
