517.5 -781.6666666666666
500.83333333333314 -764.1666666666666
504.9999999999997 -771.6666666666667
499.9999999999999 -748.3333333333334
500.83333333333314 -764.1666666666666
500.83333333333314 -764.1666666666666
504.1666666666664 -770.8333333333335
505.8333333333331 -772.5000000000001
503.3333333333331 -770.0
504.1666666666664 -770.8333333333335
504.9999999999997 -771.6666666666667
500.83333333333314 -764.1666666666666
502.49999999999983 -765.8333333333334
500.83333333333314 -764.1666666666666
505.8333333333331 -772.5000000000001
500.83333333333314 -764.1666666666666
504.1666666666664 -770.8333333333335
500.83333333333314 -764.1666666666666
504.9999999999997 -771.6666666666667
500.83333333333314 -764.1666666666666
500.83333333333314 -764.1666666666666
500.83333333333314 -764.1666666666666
500.83333333333314 -764.1666666666666
501.66666666666646 -765.0
503.3333333333331 -770.0
504.1666666666664 -770.8333333333335
505.8333333333331 -772.5000000000001
502.49999999999983 -765.8333333333334
500.83333333333314 -764.1666666666666
500.83333333333314 -764.1666666666666
504.9999999999998 -771.6666666666669
500.83333333333314 -764.1666666666666
500.83333333333314 -764.1666666666666
504.1666666666664 -770.8333333333335
500.83333333333314 -764.1666666666666
504.9999999999997 -771.6666666666667
504.1666666666664 -770.8333333333335
500.83333333333314 -764.1666666666666
500.83333333333314 -764.1666666666666
500.83333333333314 -764.1666666666666
500.83333333333314 -764.1666666666666
500.83333333333314 -764.1666666666666
512.4999999999998 -780.8333333333333
500.83333333333314 -764.1666666666666
503.3333333333331 -770.0
500.83333333333314 -764.1666666666666
500.83333333333314 -764.1666666666666
504.1666666666664 -770.8333333333335
512.4999999999998 -780.8333333333333
500.83333333333314 -764.1666666666666
499.9999999999999 -748.3333333333334
504.9999999999997 -771.6666666666667
504.9999999999997 -771.6666666666667
500.83333333333314 -764.1666666666666
499.1666666666666 -745.0
508.33333333333314 -776.6666666666666
503.3333333333331 -770.0
500.83333333333314 -764.1666666666666
504.9999999999997 -771.6666666666667
500.83333333333314 -764.1666666666666
504.1666666666664 -770.8333333333335
504.9999999999997 -771.6666666666667
504.1666666666664 -770.8333333333335
499.9999999999999 -748.3333333333334
504.1666666666664 -770.8333333333335
505.8333333333331 -772.5000000000001
504.9999999999997 -771.6666666666667
500.83333333333314 -764.1666666666666
500.83333333333314 -764.1666666666666
504.9999999999998 -771.6666666666669
511.66666666666646 -779.9999999999999
500.83333333333314 -764.1666666666666
500.83333333333314 -764.1666666666666
499.9999999999999 -748.3333333333334
504.9999999999997 -771.6666666666667
504.9999999999997 -771.6666666666667
503.3333333333331 -770.0
504.1666666666664 -770.8333333333335
510.83333333333314 -779.1666666666665
504.9999999999998 -771.6666666666669
507.4999999999998 -775.8333333333333
504.9999999999997 -771.6666666666667
504.1666666666664 -770.8333333333335
511.66666666666646 -779.9999999999999
503.3333333333331 -770.0
500.83333333333314 -764.1666666666666
504.9999999999998 -771.6666666666669
504.1666666666664 -770.8333333333335
499.9999999999999 -748.3333333333334
503.3333333333331 -770.0
502.49999999999983 -765.8333333333334
504.9999999999997 -771.6666666666667
502.49999999999983 -765.8333333333334
508.33333333333314 -776.6666666666666
504.1666666666664 -770.8333333333335
500.83333333333314 -764.1666666666666
504.9999999999998 -771.6666666666669
504.9999999999997 -771.6666666666667
511.66666666666646 -779.9999999999999
504.9999999999997 -771.6666666666667
506.66666666666646 -774.9999999999999
503.3333333333331 -770.0
500.83333333333314 -764.1666666666666
500.83333333333314 -764.1666666666666
504.9999999999997 -771.6666666666667
503.3333333333331 -770.0
509.99999999999983 -776.6666666666669
500.83333333333314 -764.1666666666666
501.66666666666646 -765.0
505.8333333333331 -772.5000000000001
504.9999999999997 -771.6666666666667
503.3333333333331 -770.0
500.83333333333314 -764.1666666666666
500.83333333333314 -764.1666666666666
