499.1666666666666 -745.0
499.1666666666666 -745.0
513.3333333333333 -781.6666666666666
499.9999999999999 -748.3333333333334
510.83333333333314 -779.1666666666665
502.49999999999983 -765.8333333333334
503.3333333333331 -770.0
507.4999999999998 -775.8333333333333
499.9999999999999 -748.3333333333334
508.33333333333314 -776.6666666666666
505.83333333333314 -774.1666666666666
505.8333333333331 -772.5000000000001
512.4999999999998 -780.8333333333333
504.1666666666664 -770.8333333333335
512.4999999999998 -780.8333333333333
511.66666666666646 -779.9999999999999
506.66666666666646 -774.9999999999999
511.66666666666646 -779.9999999999999
503.3333333333331 -770.0
504.1666666666664 -770.8333333333335
506.66666666666646 -774.9999999999999
502.49999999999983 -765.8333333333334
508.33333333333314 -776.6666666666666
504.9999999999997 -771.6666666666667
504.9999999999998 -771.6666666666669
504.9999999999998 -771.6666666666669
504.9999999999997 -771.6666666666667
505.8333333333331 -772.5000000000001
504.1666666666664 -770.8333333333335
504.9999999999997 -771.6666666666667
505.8333333333331 -772.5000000000001
504.1666666666664 -770.8333333333335
504.9999999999997 -771.6666666666667
503.3333333333331 -770.0
504.1666666666664 -770.8333333333335
505.8333333333331 -772.5000000000001
502.49999999999983 -765.8333333333334
504.1666666666664 -770.8333333333335
504.9999999999997 -771.6666666666667
504.1666666666664 -770.8333333333335
503.3333333333331 -770.0
504.1666666666664 -770.8333333333335
512.4999999999998 -780.8333333333333
499.9999999999999 -748.3333333333334
504.9999999999997 -771.6666666666667
504.9999999999997 -771.6666666666667
503.3333333333331 -770.0
504.9999999999997 -771.6666666666667
504.1666666666664 -770.8333333333335
504.9999999999997 -771.6666666666667
504.1666666666664 -770.8333333333335
499.9999999999999 -748.3333333333334
504.1666666666664 -770.8333333333335
505.8333333333331 -772.5000000000001
504.9999999999997 -771.6666666666667
504.9999999999998 -771.6666666666669
499.9999999999999 -748.3333333333334
504.9999999999997 -771.6666666666667
504.9999999999997 -771.6666666666667
503.3333333333331 -770.0
504.1666666666664 -770.8333333333335
504.9999999999998 -771.6666666666669
504.9999999999997 -771.6666666666667
504.1666666666664 -770.8333333333335
511.66666666666646 -779.9999999999999
503.3333333333331 -770.0
504.9999999999998 -771.6666666666669
504.1666666666664 -770.8333333333335
499.9999999999999 -748.3333333333334
503.3333333333331 -770.0
502.49999999999983 -765.8333333333334
504.9999999999997 -771.6666666666667
502.49999999999983 -765.8333333333334
504.1666666666664 -770.8333333333335
504.9999999999998 -771.6666666666669
504.9999999999997 -771.6666666666667
511.66666666666646 -779.9999999999999
504.9999999999997 -771.6666666666667
503.3333333333331 -770.0
504.9999999999997 -771.6666666666667
503.3333333333331 -770.0
505.8333333333331 -772.5000000000001
504.9999999999997 -771.6666666666667
503.3333333333331 -770.0
504.9999999999998 -771.6666666666669
504.9999999999998 -771.6666666666669
504.9999999999998 -771.6666666666669
504.1666666666664 -770.8333333333335
499.9999999999999 -748.3333333333334
504.9999999999997 -771.6666666666667
505.8333333333331 -772.5000000000001
504.1666666666664 -770.8333333333335
504.9999999999997 -771.6666666666667
499.9999999999999 -748.3333333333334
504.9999999999997 -771.6666666666667
504.1666666666664 -770.8333333333335
505.8333333333331 -772.5000000000001
504.9999999999997 -771.6666666666667
504.9999999999997 -771.6666666666667
499.1666666666666 -745.0
504.9999999999998 -771.6666666666669
503.3333333333331 -770.0
504.1666666666664 -770.8333333333335
503.3333333333331 -770.0
503.3333333333331 -770.0
504.1666666666664 -770.8333333333335
505.8333333333331 -772.5000000000001
504.9999999999997 -771.6666666666667
511.66666666666646 -779.9999999999999
502.49999999999983 -765.8333333333334
505.8333333333331 -772.5000000000001
503.3333333333331 -770.0
504.9999999999998 -771.6666666666669
504.9999999999998 -771.6666666666669
505.8333333333331 -772.5000000000001
504.1666666666664 -770.8333333333335
504.9999999999998 -771.6666666666669
504.9999999999998 -771.6666666666669
505.8333333333331 -772.5000000000001
511.66666666666646 -779.9999999999999
505.8333333333331 -772.5000000000001
505.8333333333331 -772.5000000000001
503.3333333333331 -770.0
503.3333333333331 -770.0
505.8333333333331 -772.5000000000001
511.66666666666646 -779.9999999999999
504.1666666666664 -770.8333333333335
505.8333333333331 -772.5000000000001
504.9999999999998 -771.6666666666669
504.9999999999997 -771.6666666666667
504.9999999999997 -771.6666666666667
504.9999999999998 -771.6666666666669
503.3333333333331 -770.0
500.83333333333314 -765.0
508.33333333333314 -776.6666666666666
504.1666666666664 -770.8333333333335
512.4999999999998 -780.8333333333333
503.3333333333331 -770.0
504.9999999999998 -771.6666666666669
504.1666666666664 -770.8333333333335
513.3333333333333 -781.6666666666666
502.49999999999983 -765.8333333333334
509.1666666666665 -777.4999999999999
505.8333333333331 -772.5000000000001
504.9999999999997 -771.6666666666667
504.1666666666664 -770.8333333333335
504.9999999999998 -771.6666666666669
504.1666666666664 -770.8333333333335
504.9999999999997 -771.6666666666667
509.1666666666665 -777.4999999999999
504.1666666666664 -770.8333333333335
504.9999999999998 -771.6666666666669
504.9999999999997 -771.6666666666667
504.9999999999997 -771.6666666666667
504.9999999999997 -771.6666666666667
504.9999999999998 -771.6666666666669
504.9999999999997 -771.6666666666667
512.4999999999998 -780.8333333333333
504.9999999999998 -771.6666666666669
