514.1666666666665 -785.8333333333334
498.33333333333326 -745.8333333333333
514.1666666666665 -785.8333333333334
500.83333333333314 -765.8333333333334
499.9999999999999 -749.1666666666666
500.83333333333314 -765.8333333333334
503.3333333333331 -774.1666666666666
503.3333333333331 -774.1666666666666
512.4999999999998 -784.1666666666666
509.99999999999994 -783.3333333333334
499.9999999999999 -749.1666666666666
504.1666666666665 -777.5
513.3333333333333 -785.0
512.4999999999998 -784.1666666666666
509.1666666666666 -782.5
508.3333333333332 -781.6666666666666
509.1666666666666 -782.5
509.99999999999994 -783.3333333333334
506.6666666666666 -780.0
505.8333333333332 -779.1666666666666
508.3333333333332 -781.6666666666666
505.8333333333332 -779.1666666666666
507.4999999999999 -780.8333333333333
506.6666666666666 -780.0
503.3333333333332 -775.0
504.1666666666665 -777.5
507.4999999999999 -780.8333333333333
513.3333333333333 -785.0
503.3333333333332 -775.0
504.99999999999983 -778.3333333333333
504.9999999999999 -778.3333333333334
504.9999999999999 -778.3333333333334
504.99999999999983 -778.3333333333333
514.1666666666665 -785.8333333333334
500.83333333333314 -765.8333333333334
503.3333333333331 -774.1666666666666
499.9999999999999 -749.1666666666666
512.4999999999998 -784.1666666666666
509.1666666666666 -782.5
509.99999999999994 -783.3333333333334
508.3333333333332 -781.6666666666666
505.8333333333332 -779.1666666666666
506.6666666666666 -780.0
504.1666666666665 -777.5
507.4999999999999 -780.8333333333333
513.3333333333333 -785.0
503.3333333333332 -775.0
504.9999999999999 -778.3333333333334
504.99999999999983 -778.3333333333333
514.1666666666665 -785.8333333333334
500.83333333333314 -765.8333333333334
503.3333333333331 -774.1666666666666
499.9999999999999 -749.1666666666666
512.4999999999998 -784.1666666666666
509.1666666666666 -782.5
509.99999999999994 -783.3333333333334
508.3333333333332 -781.6666666666666
505.8333333333332 -779.1666666666666
506.6666666666666 -780.0
504.1666666666665 -777.5
507.4999999999999 -780.8333333333333
513.3333333333333 -785.0
503.3333333333332 -775.0
504.9999999999999 -778.3333333333334
504.99999999999983 -778.3333333333333
514.1666666666665 -785.8333333333334
500.83333333333314 -765.8333333333334
503.3333333333331 -774.1666666666666
499.9999999999999 -749.1666666666666
512.4999999999998 -784.1666666666666
509.1666666666666 -782.5
509.99999999999994 -783.3333333333334
508.3333333333332 -781.6666666666666
505.8333333333332 -779.1666666666666
506.6666666666666 -780.0
504.1666666666665 -777.5
507.4999999999999 -780.8333333333333
513.3333333333333 -785.0
503.3333333333332 -775.0
504.9999999999999 -778.3333333333334
504.99999999999983 -778.3333333333333
514.1666666666665 -785.8333333333334
500.83333333333314 -765.8333333333334
503.3333333333331 -774.1666666666666
499.9999999999999 -749.1666666666666
512.4999999999998 -784.1666666666666
509.1666666666666 -782.5
509.99999999999994 -783.3333333333334
505.8333333333332 -779.1666666666666
508.3333333333332 -781.6666666666666
506.6666666666666 -780.0
504.1666666666665 -777.5
513.3333333333333 -785.0
503.3333333333332 -775.0
504.9999999999999 -778.3333333333334
504.99999999999983 -778.3333333333333
500.83333333333314 -765.8333333333334
503.3333333333331 -774.1666666666666
499.9999999999999 -749.1666666666666
512.4999999999998 -784.1666666666666
505.8333333333332 -779.1666666666666
509.1666666666666 -782.5
509.99999999999994 -783.3333333333334
508.3333333333332 -781.6666666666666
504.99999999999983 -778.3333333333333
504.1666666666665 -777.5
513.3333333333333 -785.0
503.3333333333332 -775.0
500.83333333333314 -765.8333333333334
503.3333333333331 -774.1666666666666
499.9999999999999 -749.1666666666666
509.1666666666666 -782.5
505.8333333333332 -779.1666666666666
509.99999999999994 -783.3333333333334
508.3333333333332 -781.6666666666666
504.99999999999983 -778.3333333333333
504.1666666666665 -777.5
513.3333333333333 -785.0
503.3333333333332 -775.0
500.83333333333314 -765.8333333333334
503.3333333333331 -774.1666666666666
499.9999999999999 -749.1666666666666
509.99999999999994 -783.3333333333334
513.3333333333333 -785.0
505.8333333333332 -779.1666666666666
509.1666666666666 -782.5
508.3333333333332 -781.6666666666666
504.99999999999983 -778.3333333333333
504.1666666666665 -777.5
503.3333333333332 -775.0
500.83333333333314 -765.8333333333334
503.3333333333331 -774.1666666666666
499.9999999999999 -749.1666666666666
509.99999999999994 -783.3333333333334
508.3333333333332 -781.6666666666666
513.3333333333333 -785.0
509.1666666666666 -782.5
505.8333333333332 -779.1666666666666
504.99999999999983 -778.3333333333333
504.1666666666665 -777.5
503.3333333333332 -775.0
500.83333333333314 -765.8333333333334
503.3333333333331 -774.1666666666666
499.9999999999999 -749.1666666666666
505.8333333333332 -779.1666666666666
508.3333333333332 -781.6666666666666
513.3333333333333 -785.0
509.1666666666666 -782.5
504.99999999999983 -778.3333333333333
504.1666666666665 -777.5
503.3333333333332 -775.0
503.3333333333331 -774.1666666666666
499.9999999999999 -749.1666666666666
505.8333333333332 -779.1666666666666
508.3333333333332 -781.6666666666666
513.3333333333333 -785.0
509.1666666666666 -782.5
504.99999999999983 -778.3333333333333
504.1666666666665 -777.5
503.3333333333332 -775.0
503.3333333333331 -774.1666666666666
499.9999999999999 -749.1666666666666
505.8333333333332 -779.1666666666666
508.3333333333332 -781.6666666666666
513.3333333333333 -785.0
509.1666666666666 -782.5
504.99999999999983 -778.3333333333333
504.1666666666665 -777.5
503.3333333333332 -775.0
503.3333333333331 -774.1666666666666
505.8333333333332 -779.1666666666666
508.3333333333332 -781.6666666666666
513.3333333333333 -785.0
509.1666666666666 -782.5
504.99999999999983 -778.3333333333333
504.1666666666665 -777.5
503.3333333333332 -775.0
503.3333333333331 -774.1666666666666
505.8333333333332 -779.1666666666666
508.3333333333332 -781.6666666666666
509.1666666666666 -782.5
504.99999999999983 -778.3333333333333
504.1666666666665 -777.5
503.3333333333332 -775.0
503.3333333333331 -774.1666666666666
505.8333333333332 -779.1666666666666
508.3333333333332 -781.6666666666666
509.1666666666666 -782.5
504.99999999999983 -778.3333333333333
504.1666666666665 -777.5
503.3333333333332 -775.0
503.3333333333331 -774.1666666666666
505.8333333333332 -779.1666666666666
508.3333333333332 -781.6666666666666
509.1666666666666 -782.5
504.99999999999983 -778.3333333333333
503.3333333333332 -775.0
503.3333333333331 -774.1666666666666
505.8333333333332 -779.1666666666666
508.3333333333332 -781.6666666666666
