498.33333333333326 -745.8333333333333
518.3333333333333 -790.0
499.9999999999999 -749.9999999999999
500.83333333333314 -765.8333333333334
513.3333333333333 -786.6666666666667
500.83333333333314 -765.8333333333334
507.4999999999999 -783.3333333333333
503.3333333333331 -774.1666666666666
509.9999999999999 -783.3333333333334
503.3333333333331 -774.1666666666666
506.6666666666665 -780.0
504.1666666666665 -777.5
512.5 -785.8333333333334
511.6666666666666 -785.0
510.83333333333326 -784.1666666666667
506.6666666666665 -780.0
511.6666666666666 -785.0
510.83333333333326 -784.1666666666667
503.3333333333332 -775.0
504.1666666666665 -777.5
512.5 -785.8333333333334
503.3333333333332 -775.0
507.4999999999999 -783.3333333333333
509.9999999999999 -783.3333333333334
505.8333333333332 -779.1666666666666
504.99999999999983 -778.3333333333333
504.9999999999999 -778.3333333333334
505.83333333333326 -779.1666666666667
504.9999999999999 -778.3333333333334
505.83333333333326 -779.1666666666667
505.8333333333332 -779.1666666666666
504.99999999999983 -778.3333333333333
500.83333333333314 -765.8333333333334
503.3333333333331 -774.1666666666666
506.6666666666665 -780.0
511.6666666666666 -785.0
510.83333333333326 -784.1666666666667
504.1666666666665 -777.5
503.3333333333332 -775.0
509.9999999999999 -783.3333333333334
504.9999999999999 -778.3333333333334
505.83333333333326 -779.1666666666667
504.99999999999983 -778.3333333333333
505.8333333333332 -779.1666666666666
500.83333333333314 -765.8333333333334
503.3333333333331 -774.1666666666666
506.6666666666665 -780.0
511.6666666666666 -785.0
510.83333333333326 -784.1666666666667
504.1666666666665 -777.5
503.3333333333332 -775.0
509.9999999999999 -783.3333333333334
504.9999999999999 -778.3333333333334
505.83333333333326 -779.1666666666667
505.8333333333332 -779.1666666666666
504.99999999999983 -778.3333333333333
500.83333333333314 -765.8333333333334
503.3333333333331 -774.1666666666666
506.6666666666665 -780.0
511.6666666666666 -785.0
510.83333333333326 -784.1666666666667
504.1666666666665 -777.5
503.3333333333332 -775.0
509.9999999999999 -783.3333333333334
504.9999999999999 -778.3333333333334
505.83333333333326 -779.1666666666667
504.99999999999983 -778.3333333333333
505.8333333333332 -779.1666666666666
500.83333333333314 -765.8333333333334
503.3333333333331 -774.1666666666666
511.6666666666666 -785.0
510.83333333333326 -784.1666666666667
504.1666666666665 -777.5
503.3333333333332 -775.0
509.9999999999999 -783.3333333333334
504.9999999999999 -778.3333333333334
505.83333333333326 -779.1666666666667
504.99999999999983 -778.3333333333333
505.8333333333332 -779.1666666666666
500.83333333333314 -765.8333333333334
503.3333333333331 -774.1666666666666
511.6666666666666 -785.0
510.83333333333326 -784.1666666666667
504.1666666666665 -777.5
503.3333333333332 -775.0
509.9999999999999 -783.3333333333334
504.9999999999999 -778.3333333333334
505.83333333333326 -779.1666666666667
504.99999999999983 -778.3333333333333
505.8333333333332 -779.1666666666666
500.83333333333314 -765.8333333333334
503.3333333333331 -774.1666666666666
511.6666666666666 -785.0
510.83333333333326 -784.1666666666667
504.1666666666665 -777.5
503.3333333333332 -775.0
509.9999999999999 -783.3333333333334
504.9999999999999 -778.3333333333334
505.83333333333326 -779.1666666666667
504.99999999999983 -778.3333333333333
505.8333333333332 -779.1666666666666
500.83333333333314 -765.8333333333334
503.3333333333331 -774.1666666666666
511.6666666666666 -785.0
504.1666666666665 -777.5
503.3333333333332 -775.0
504.9999999999999 -778.3333333333334
505.83333333333326 -779.1666666666667
505.8333333333332 -779.1666666666666
504.99999999999983 -778.3333333333333
500.83333333333314 -765.8333333333334
503.3333333333331 -774.1666666666666
511.6666666666666 -785.0
504.1666666666665 -777.5
503.3333333333332 -775.0
504.9999999999999 -778.3333333333334
505.83333333333326 -779.1666666666667
504.99999999999983 -778.3333333333333
505.8333333333332 -779.1666666666666
500.83333333333314 -765.8333333333334
503.3333333333331 -774.1666666666666
504.1666666666665 -777.5
503.3333333333332 -775.0
504.9999999999999 -778.3333333333334
505.83333333333326 -779.1666666666667
505.8333333333332 -779.1666666666666
504.99999999999983 -778.3333333333333
500.83333333333314 -765.8333333333334
503.3333333333331 -774.1666666666666
504.1666666666665 -777.5
503.3333333333332 -775.0
504.9999999999999 -778.3333333333334
505.83333333333326 -779.1666666666667
504.99999999999983 -778.3333333333333
505.8333333333332 -779.1666666666666
500.83333333333314 -765.8333333333334
503.3333333333331 -774.1666666666666
504.1666666666665 -777.5
503.3333333333332 -775.0
505.83333333333326 -779.1666666666667
504.9999999999999 -778.3333333333334
505.8333333333332 -779.1666666666666
504.99999999999983 -778.3333333333333
500.83333333333314 -765.8333333333334
503.3333333333331 -774.1666666666666
504.1666666666665 -777.5
503.3333333333332 -775.0
505.83333333333326 -779.1666666666667
504.9999999999999 -778.3333333333334
504.99999999999983 -778.3333333333333
505.8333333333332 -779.1666666666666
500.83333333333314 -765.8333333333334
503.3333333333331 -774.1666666666666
504.1666666666665 -777.5
503.3333333333332 -775.0
505.83333333333326 -779.1666666666667
504.9999999999999 -778.3333333333334
505.8333333333332 -779.1666666666666
504.99999999999983 -778.3333333333333
500.83333333333314 -765.8333333333334
503.3333333333331 -774.1666666666666
504.1666666666665 -777.5
503.3333333333332 -775.0
504.9999999999999 -778.3333333333334
505.8333333333332 -779.1666666666666
504.99999999999983 -778.3333333333333
500.83333333333314 -765.8333333333334
503.3333333333331 -774.1666666666666
504.1666666666665 -777.5
503.3333333333332 -775.0
504.9999999999999 -778.3333333333334
505.8333333333332 -779.1666666666666
504.99999999999983 -778.3333333333333
500.83333333333314 -765.8333333333334
503.3333333333331 -774.1666666666666
504.1666666666665 -777.5
503.3333333333332 -775.0
504.9999999999999 -778.3333333333334
505.8333333333332 -779.1666666666666
504.99999999999983 -778.3333333333333
500.83333333333314 -765.8333333333334
503.3333333333331 -774.1666666666666
504.1666666666665 -777.5
503.3333333333332 -775.0
504.9999999999999 -778.3333333333334
505.8333333333332 -779.1666666666666
504.99999999999983 -778.3333333333333
500.83333333333314 -765.8333333333334
503.3333333333331 -774.1666666666666
504.1666666666665 -777.5
503.3333333333332 -775.0
504.9999999999999 -778.3333333333334
504.99999999999983 -778.3333333333333
505.8333333333332 -779.1666666666666
503.3333333333331 -774.1666666666666
505.8333333333332 -779.1666666666666
504.1666666666665 -777.5
503.3333333333332 -775.0
504.9999999999999 -778.3333333333334
504.99999999999983 -778.3333333333333
