498.33333333333326 -745.8333333333333
518.3333333333333 -790.0
518.3333333333333 -790.0
500.83333333333314 -765.8333333333334
499.9999999999999 -749.9999999999999
513.3333333333333 -786.6666666666667
500.83333333333314 -765.8333333333334
517.5 -789.1666666666667
503.3333333333331 -774.1666666666666
505.8333333333332 -781.6666666666666
507.4999999999999 -783.3333333333333
503.3333333333331 -774.1666666666666
499.9999999999999 -749.9999999999999
504.9999999999999 -779.1666666666666
504.1666666666665 -777.5
517.5 -789.1666666666667
512.5 -785.8333333333334
506.6666666666665 -782.4999999999999
506.6666666666666 -782.5
504.99999999999983 -778.3333333333333
503.3333333333332 -775.0
504.1666666666665 -777.5
512.5 -785.8333333333334
503.3333333333332 -775.0
507.4999999999999 -783.3333333333333
504.99999999999983 -778.3333333333333
500.83333333333314 -765.8333333333334
503.3333333333331 -774.1666666666666
499.9999999999999 -749.9999999999999
504.1666666666665 -777.5
512.5 -785.8333333333334
503.3333333333332 -775.0
504.99999999999983 -778.3333333333333
500.83333333333314 -765.8333333333334
503.3333333333331 -774.1666666666666
504.1666666666665 -777.5
512.5 -785.8333333333334
503.3333333333332 -775.0
504.99999999999983 -778.3333333333333
500.83333333333314 -765.8333333333334
503.3333333333331 -774.1666666666666
504.1666666666665 -777.5
512.5 -785.8333333333334
503.3333333333332 -775.0
504.99999999999983 -778.3333333333333
500.83333333333314 -765.8333333333334
503.3333333333331 -774.1666666666666
504.1666666666665 -777.5
512.5 -785.8333333333334
503.3333333333332 -775.0
504.99999999999983 -778.3333333333333
500.83333333333314 -765.8333333333334
503.3333333333331 -774.1666666666666
504.1666666666665 -777.5
503.3333333333332 -775.0
504.99999999999983 -778.3333333333333
500.83333333333314 -765.8333333333334
503.3333333333331 -774.1666666666666
504.1666666666665 -777.5
503.3333333333332 -775.0
504.99999999999983 -778.3333333333333
500.83333333333314 -765.8333333333334
503.3333333333331 -774.1666666666666
504.1666666666665 -777.5
503.3333333333332 -775.0
504.99999999999983 -778.3333333333333
500.83333333333314 -765.8333333333334
503.3333333333331 -774.1666666666666
504.1666666666665 -777.5
503.3333333333332 -775.0
504.99999999999983 -778.3333333333333
500.83333333333314 -765.8333333333334
503.3333333333331 -774.1666666666666
504.1666666666665 -777.5
503.3333333333332 -775.0
504.99999999999983 -778.3333333333333
500.83333333333314 -765.8333333333334
503.3333333333331 -774.1666666666666
504.1666666666665 -777.5
503.3333333333332 -775.0
504.99999999999983 -778.3333333333333
500.83333333333314 -765.8333333333334
503.3333333333331 -774.1666666666666
504.1666666666665 -777.5
503.3333333333332 -775.0
504.99999999999983 -778.3333333333333
500.83333333333314 -765.8333333333334
503.3333333333331 -774.1666666666666
504.1666666666665 -777.5
503.3333333333332 -775.0
504.99999999999983 -778.3333333333333
500.83333333333314 -765.8333333333334
503.3333333333331 -774.1666666666666
504.1666666666665 -777.5
503.3333333333332 -775.0
504.99999999999983 -778.3333333333333
500.83333333333314 -765.8333333333334
503.3333333333331 -774.1666666666666
504.1666666666665 -777.5
503.3333333333332 -775.0
504.99999999999983 -778.3333333333333
500.83333333333314 -765.8333333333334
503.3333333333331 -774.1666666666666
504.1666666666665 -777.5
503.3333333333332 -775.0
504.99999999999983 -778.3333333333333
500.83333333333314 -765.8333333333334
503.3333333333331 -774.1666666666666
504.1666666666665 -777.5
503.3333333333332 -775.0
504.99999999999983 -778.3333333333333
500.83333333333314 -765.8333333333334
503.3333333333331 -774.1666666666666
504.1666666666665 -777.5
503.3333333333332 -775.0
504.99999999999983 -778.3333333333333
500.83333333333314 -765.8333333333334
503.3333333333331 -774.1666666666666
504.1666666666665 -777.5
503.3333333333332 -775.0
504.99999999999983 -778.3333333333333
500.83333333333314 -765.8333333333334
503.3333333333331 -774.1666666666666
504.1666666666665 -777.5
503.3333333333332 -775.0
504.99999999999983 -778.3333333333333
500.83333333333314 -765.8333333333334
503.3333333333331 -774.1666666666666
504.1666666666665 -777.5
503.3333333333332 -775.0
504.99999999999983 -778.3333333333333
500.83333333333314 -765.8333333333334
503.3333333333331 -774.1666666666666
504.1666666666665 -777.5
503.3333333333332 -775.0
504.99999999999983 -778.3333333333333
503.3333333333331 -774.1666666666666
503.3333333333331 -774.1666666666666
504.99999999999983 -778.3333333333333
504.99999999999983 -778.3333333333333
504.99999999999983 -778.3333333333333
504.99999999999983 -778.3333333333333
503.3333333333332 -775.0
504.1666666666665 -777.5
503.3333333333332 -775.0
512.5 -785.8333333333334
504.1666666666665 -777.5
504.1666666666665 -777.5
504.99999999999983 -778.3333333333333
503.3333333333332 -775.0
504.99999999999983 -778.3333333333333
504.1666666666665 -777.5
504.99999999999983 -778.3333333333333
504.99999999999983 -778.3333333333333
504.99999999999983 -778.3333333333333
504.1666666666665 -777.5
503.3333333333331 -774.1666666666666
504.99999999999983 -778.3333333333333
504.1666666666665 -777.5
503.3333333333331 -774.1666666666666
504.1666666666665 -777.5
504.1666666666665 -777.5
503.3333333333331 -774.1666666666666
503.3333333333331 -774.1666666666666
503.3333333333331 -774.1666666666666
504.1666666666665 -777.5
504.99999999999983 -778.3333333333333
504.99999999999983 -778.3333333333333
503.3333333333331 -774.1666666666666
504.99999999999983 -778.3333333333333
504.9999999999999 -779.1666666666666
504.1666666666665 -777.5
504.1666666666665 -777.5
518.3333333333333 -790.0
509.9999999999999 -785.8333333333333
503.3333333333331 -774.1666666666666
504.99999999999983 -778.3333333333333
504.99999999999983 -778.3333333333333
503.3333333333331 -774.1666666666666
504.99999999999983 -778.3333333333333
504.1666666666665 -777.5
503.3333333333332 -775.0
504.1666666666665 -777.5
504.99999999999983 -778.3333333333333
504.1666666666665 -777.5
504.1666666666665 -777.5
504.99999999999983 -778.3333333333333
503.3333333333332 -775.0
503.3333333333332 -775.0
504.99999999999983 -778.3333333333333
500.83333333333314 -765.8333333333334
503.3333333333331 -774.1666666666666
509.9999999999999 -785.8333333333333
503.3333333333332 -775.0
504.1666666666665 -777.5
503.3333333333331 -774.1666666666666
504.99999999999983 -778.3333333333333
