502.5 -579.1666666666663
506.6666666666667 -613.3333333333335
506.6666666666667 -613.3333333333335
507.5 -615.8333333333335
508.3333333333333 -617.5000000000001
513.3333333333333 -635.0000000000001
513.3333333333333 -635.0000000000001
512.5 -634.1666666666667
513.3333333333333 -635.0000000000001
513.3333333333333 -635.0000000000001
513.3333333333333 -635.0000000000001
512.5 -634.1666666666667
512.5 -634.1666666666667
510.8333333333333 -632.5000000000001
508.3333333333333 -617.5000000000001
513.3333333333333 -635.0000000000001
512.5 -634.1666666666667
524.1666666666667 -646.6666666666667
513.3333333333333 -635.0000000000001
512.5 -634.1666666666667
513.3333333333333 -635.0000000000001
513.3333333333333 -635.0000000000001
510.8333333333333 -632.5000000000001
510.8333333333333 -632.5000000000001
510.0 -631.6666666666667
524.1666666666667 -646.6666666666667
512.5 -634.1666666666667
524.1666666666667 -646.6666666666667
512.5 -634.1666666666667
512.5 -634.1666666666667
512.5 -634.1666666666667
517.5 -640.0000000000001
510.8333333333333 -632.5000000000001
520.0 -642.5000000000001
510.0 -631.6666666666667
524.1666666666667 -646.6666666666667
517.5 -640.0000000000001
513.3333333333333 -635.0000000000001
521.6666666666667 -644.1666666666667
512.5 -634.1666666666667
515.0 -637.5000000000001
517.5 -640.0000000000001
519.1666666666667 -641.6666666666667
512.5 -634.1666666666667
513.3333333333333 -635.0000000000001
510.0 -631.6666666666667
517.5 -640.0000000000001
509.1666666666667 -630.0000000000001
512.5 -634.1666666666667
510.8333333333333 -632.5000000000001
512.5 -634.1666666666667
513.3333333333333 -635.0000000000001
512.5 -634.1666666666667
521.6666666666667 -644.1666666666667
513.3333333333333 -635.0000000000001
516.6666666666667 -639.1666666666667
513.3333333333333 -635.0000000000001
510.0 -631.6666666666667
517.5 -640.0000000000001
510.0 -631.6666666666667
524.1666666666667 -646.6666666666667
510.8333333333333 -632.5000000000001
513.3333333333333 -635.0000000000001
519.1666666666667 -641.6666666666667
510.8333333333333 -632.5000000000001
510.0 -631.6666666666667
517.5 -640.0000000000001
512.5 -634.1666666666667
524.1666666666667 -646.6666666666667
512.5 -634.1666666666667
513.3333333333333 -635.0000000000001
522.5 -645.0000000000001
512.5 -634.1666666666667
510.0 -631.6666666666667
514.1666666666667 -635.8333333333334
526.6666666666667 -646.6666666666669
521.6666666666667 -644.1666666666667
517.5 -640.0000000000001
512.5 -634.1666666666667
508.33333333333337 -620.8333333333335
527.5 -647.5000000000002
515.0 -637.5000000000001
512.5 -634.1666666666667
510.0 -631.6666666666667
512.5 -634.1666666666667
513.3333333333333 -635.0000000000001
515.0 -637.5000000000001
