502.5 -579.1666666666663
513.3333333333333 -635.0000000000001
513.3333333333333 -635.0000000000001
513.3333333333333 -635.0000000000001
513.3333333333333 -635.0000000000001
513.3333333333333 -635.0000000000001
513.3333333333333 -635.0000000000001
524.1666666666667 -646.6666666666667
513.3333333333333 -635.0000000000001
513.3333333333333 -635.0000000000001
513.3333333333333 -635.0000000000001
524.1666666666667 -646.6666666666667
524.1666666666667 -646.6666666666667
524.1666666666667 -646.6666666666667
513.3333333333333 -635.0000000000001
521.6666666666667 -644.1666666666667
519.1666666666667 -641.6666666666667
513.3333333333333 -635.0000000000001
509.1666666666667 -630.0000000000001
513.3333333333333 -635.0000000000001
521.6666666666667 -644.1666666666667
513.3333333333333 -635.0000000000001
513.3333333333333 -635.0000000000001
524.1666666666667 -646.6666666666667
513.3333333333333 -635.0000000000001
519.1666666666667 -641.6666666666667
524.1666666666667 -646.6666666666667
513.3333333333333 -635.0000000000001
522.5 -645.0000000000001
514.1666666666667 -635.8333333333334
521.6666666666667 -644.1666666666667
513.3333333333333 -635.0000000000001
524.1666666666667 -646.6666666666667
519.1666666666667 -641.6666666666667
513.3333333333333 -635.0000000000001
524.1666666666667 -646.6666666666667
522.5 -645.0000000000001
521.6666666666667 -644.1666666666667
519.1666666666667 -641.6666666666667
513.3333333333333 -635.0000000000001
519.1666666666667 -641.6666666666667
522.5 -645.0000000000001
521.6666666666667 -644.1666666666667
524.1666666666667 -646.6666666666667
520.0 -643.3333333333334
522.5 -645.0000000000001
525.0 -648.3333333333334
516.6666666666666 -638.3333333333335
510.8333333333333 -634.1666666666667
519.1666666666667 -641.6666666666667
514.1666666666667 -635.8333333333334
513.3333333333333 -635.0000000000001
510.0 -633.3333333333334
527.5 -648.3333333333335
522.5 -645.0000000000001
524.1666666666667 -646.6666666666667
527.5 -648.3333333333335
506.6666666666667 -620.8333333333335
519.1666666666667 -641.6666666666667
521.6666666666667 -644.1666666666667
521.6666666666667 -644.1666666666667
527.5 -648.3333333333335
519.1666666666667 -641.6666666666667
524.1666666666667 -646.6666666666667
516.6666666666667 -640.8333333333334
513.3333333333333 -635.0000000000001
513.3333333333333 -635.0000000000001
519.1666666666667 -641.6666666666667
513.3333333333333 -635.0000000000001
524.1666666666667 -646.6666666666667
510.8333333333333 -634.1666666666667
519.1666666666667 -641.6666666666667
515.0 -638.3333333333334
