502.5 -579.1666666666663
510.0 -637.5000000000001
506.6666666666667 -633.3333333333334
518.3333333333334 -646.6666666666667
512.5 -640.8333333333334
507.5 -635.0000000000001
507.5 -635.0000000000001
508.3333333333333 -635.8333333333334
506.6666666666667 -633.3333333333334
512.5 -640.8333333333334
515.0 -643.3333333333334
516.6666666666667 -645.0000000000001
513.3333333333334 -642.5000000000001
507.5 -635.0000000000001
507.5 -635.0000000000001
515.0 -643.3333333333334
510.0 -637.5000000000001
508.3333333333333 -635.8333333333334
506.6666666666667 -633.3333333333334
506.6666666666667 -633.3333333333334
507.5 -635.0000000000001
510.0 -637.5000000000001
512.5 -640.8333333333334
507.5 -635.0000000000001
512.5 -640.8333333333334
510.0 -637.5000000000001
507.5 -635.0000000000001
510.8333333333333 -638.3333333333335
517.5 -645.8333333333334
510.0 -637.5000000000001
516.6666666666667 -645.0000000000001
507.5 -635.0000000000001
507.5 -635.0000000000001
521.6666666666667 -650.8333333333334
512.5 -640.8333333333334
510.0 -637.5000000000001
507.5 -635.0000000000001
507.5 -635.0000000000001
515.0 -643.3333333333334
507.5 -635.0000000000001
509.1666666666667 -635.8333333333335
510.0 -637.5000000000001
510.0 -637.5000000000001
517.5 -645.8333333333334
519.1666666666667 -648.3333333333334
509.1666666666667 -635.8333333333335
506.6666666666667 -633.3333333333334
515.0 -643.3333333333334
511.66666666666663 -639.1666666666667
510.0 -637.5000000000001
507.5 -635.0000000000001
512.5 -640.8333333333334
510.0 -637.5000000000001
519.1666666666667 -648.3333333333334
515.8333333333334 -645.0
510.8333333333333 -638.3333333333335
507.5 -635.0000000000001
510.0 -637.5000000000001
515.0 -643.3333333333334
515.0 -643.3333333333334
507.5 -635.0000000000001
517.5 -645.8333333333334
523.3333333333334 -651.6666666666667
510.0 -637.5000000000001
