502.5 -579.1666666666663
505.83333333333337 -616.6666666666667
507.5 -639.1666666666667
506.6666666666667 -635.0000000000001
520.8333333333334 -652.5000000000001
521.6666666666667 -653.3333333333334
521.6666666666667 -653.3333333333334
520.8333333333334 -652.5000000000001
514.1666666666667 -645.8333333333334
521.6666666666667 -653.3333333333334
520.8333333333334 -652.5000000000001
507.5 -639.1666666666667
513.3333333333334 -645.0000000000001
521.6666666666667 -653.3333333333334
506.6666666666667 -635.0000000000001
521.6666666666667 -653.3333333333334
515.0 -650.8333333333335
514.1666666666667 -645.8333333333334
519.1666666666667 -651.6666666666667
506.6666666666667 -635.0000000000001
508.33333333333337 -640.0000000000001
512.5 -644.1666666666667
510.83333333333337 -643.3333333333335
522.5 -655.8333333333334
510.0 -641.6666666666669
