502.5 -579.1666666666663
506.6666666666667 -637.5000000000001
504.1666666666667 -579.9999999999998
505.83333333333337 -617.5
506.6666666666667 -637.5000000000001
510.0 -646.6666666666667
510.0 -646.6666666666667
506.6666666666667 -637.5000000000001
506.6666666666667 -637.5000000000001
515.0 -653.3333333333335
510.0 -646.6666666666667
510.0 -646.6666666666667
510.83333333333337 -648.3333333333334
515.8333333333334 -655.0000000000001
521.6666666666667 -660.0
506.6666666666667 -637.5000000000001
520.8333333333334 -657.5
506.6666666666667 -637.5000000000001
522.5 -660.8333333333334
520.0 -656.6666666666667
507.5 -643.3333333333335
515.0 -653.3333333333335
515.0 -653.3333333333335
518.3333333333334 -655.8333333333335
510.83333333333337 -648.3333333333334
510.83333333333337 -648.3333333333334
508.33333333333337 -645.0000000000001
512.5 -649.1666666666669
510.0 -646.6666666666667
514.1666666666666 -651.6666666666669
511.6666666666667 -649.1666666666667
506.6666666666667 -637.5000000000001
506.6666666666667 -637.5000000000001
506.6666666666667 -637.5000000000001
515.8333333333334 -655.0000000000001
