502.5 -579.1666666666663
504.1666666666667 -579.9999999999998
510.83333333333337 -652.5000000000001
510.0 -651.6666666666669
506.6666666666667 -642.5000000000001
506.6666666666667 -642.5000000000001
510.83333333333337 -652.5000000000001
510.0 -651.6666666666669
508.33333333333337 -650.0
506.6666666666667 -642.5000000000001
505.83333333333337 -619.1666666666669
506.6666666666667 -642.5000000000001
510.83333333333337 -652.5000000000001
506.6666666666667 -642.5000000000001
510.83333333333337 -652.5000000000001
519.1666666666667 -662.5
507.5 -649.1666666666667
510.83333333333337 -652.5000000000001
514.1666666666667 -656.6666666666667
506.6666666666667 -642.5000000000001
519.1666666666667 -662.5
510.0 -651.6666666666669
524.1666666666667 -662.5000000000001
510.0 -651.6666666666669
510.0 -651.6666666666669
511.6666666666667 -653.3333333333335
516.6666666666667 -660.0000000000001
510.83333333333337 -652.5000000000001
508.33333333333337 -650.0
509.1666666666667 -650.0000000000001
507.5 -649.1666666666667
518.3333333333334 -661.6666666666667
515.8333333333334 -658.3333333333335
512.5 -654.1666666666667
518.3333333333334 -661.6666666666667
515.8333333333334 -658.3333333333335
510.0 -651.6666666666669
519.1666666666667 -662.5
515.0 -657.5000000000001
