502.5 -579.1666666666663
504.1666666666667 -579.9999999999998
505.83333333333337 -619.1666666666669
520.8333333333335 -669.1666666666666
514.1666666666666 -664.1666666666669
510.0 -660.0000000000002
516.6666666666666 -667.5000000000001
508.3333333333333 -658.3333333333335
510.8333333333333 -660.8333333333335
510.8333333333333 -660.8333333333335
507.5 -655.0000000000001
521.6666666666667 -670.0000000000001
520.0 -668.3333333333334
520.8333333333335 -669.1666666666666
508.3333333333333 -658.3333333333335
510.8333333333333 -660.8333333333335
506.6666666666667 -649.1666666666667
511.6666666666667 -661.6666666666667
