502.5 -579.1666666666663
504.1666666666667 -579.9999999999998
508.3333333333333 -662.5000000000002
506.6666666666667 -653.3333333333335
516.6666666666667 -670.0000000000001
510.8333333333333 -665.0000000000002
509.1666666666667 -663.3333333333335
507.5 -655.8333333333336
508.3333333333333 -662.5000000000002
519.1666666666667 -673.3333333333334
505.83333333333337 -636.6666666666667
508.3333333333333 -662.5000000000002
515.8333333333333 -667.5000000000001
513.3333333333333 -666.6666666666669
509.1666666666667 -663.3333333333335
510.0 -663.3333333333336
