502.5 -579.1666666666663
504.1666666666667 -579.9999999999998
506.6666666666667 -653.3333333333335
505.83333333333337 -636.6666666666667
520.0 -674.1666666666666
520.0 -674.1666666666666
506.6666666666667 -653.3333333333335
505.83333333333337 -636.6666666666667
514.1666666666667 -669.1666666666669
510.0 -665.0000000000002
520.0 -674.1666666666666
514.1666666666667 -669.1666666666669
506.6666666666667 -653.3333333333335
507.5 -660.0000000000002
509.16666666666663 -664.1666666666669
520.0 -674.1666666666666
510.0 -665.0000000000002
506.6666666666667 -653.3333333333335
519.1666666666667 -673.3333333333335
522.5 -677.5000000000001
508.3333333333333 -663.3333333333336
518.3333333333334 -673.3333333333334
515.0 -670.0000000000001
507.5 -660.0000000000002
521.6666666666667 -676.6666666666666
515.8333333333333 -672.5000000000001
520.8333333333334 -675.8333333333334
510.0 -665.0000000000002
512.5 -668.3333333333336
508.3333333333333 -663.3333333333336
510.0 -665.0000000000002
519.1666666666667 -673.3333333333335
510.8333333333333 -666.6666666666669
508.3333333333333 -663.3333333333336
523.3333333333335 -678.3333333333334
520.0 -674.1666666666666
508.3333333333333 -663.3333333333336
518.3333333333334 -673.3333333333334
519.1666666666667 -673.3333333333335
507.5 -660.0000000000002
