502.5 -579.1666666666663
504.1666666666667 -579.9999999999998
506.6666666666667 -653.3333333333335
505.83333333333337 -636.6666666666667
506.6666666666667 -653.3333333333335
505.83333333333337 -636.6666666666667
506.6666666666667 -653.3333333333335
507.5 -660.0000000000002
509.16666666666663 -664.1666666666669
506.6666666666667 -653.3333333333335
522.5 -677.5000000000001
508.3333333333333 -663.3333333333336
507.5 -660.0000000000002
521.6666666666667 -676.6666666666666
520.8333333333334 -675.8333333333334
512.5 -668.3333333333336
508.3333333333333 -663.3333333333336
510.8333333333333 -666.6666666666669
508.3333333333333 -663.3333333333336
523.3333333333335 -678.3333333333334
508.3333333333333 -663.3333333333336
507.5 -660.0000000000002
508.3333333333333 -663.3333333333336
505.83333333333337 -636.6666666666667
521.6666666666667 -676.6666666666666
506.6666666666667 -653.3333333333335
520.8333333333334 -675.8333333333334
508.3333333333333 -663.3333333333336
524.1666666666667 -678.3333333333335
505.83333333333337 -636.6666666666667
508.3333333333333 -663.3333333333336
508.3333333333333 -663.3333333333336
520.8333333333334 -675.8333333333334
514.1666666666667 -670.8333333333335
508.3333333333333 -663.3333333333336
515.8333333333333 -673.3333333333334
522.5 -677.5000000000001
510.0 -665.8333333333336
518.3333333333333 -675.0000000000001
508.3333333333333 -663.3333333333336
