502.5 -579.1666666666663
504.1666666666667 -579.9999999999998
508.3333333333333 -663.3333333333336
512.5 -668.3333333333336
508.3333333333333 -663.3333333333336
508.3333333333333 -663.3333333333336
508.3333333333333 -663.3333333333336
508.3333333333333 -663.3333333333336
508.3333333333333 -663.3333333333336
524.1666666666667 -678.3333333333335
508.3333333333333 -663.3333333333336
508.3333333333333 -663.3333333333336
514.1666666666667 -670.8333333333335
508.3333333333333 -663.3333333333336
515.8333333333333 -673.3333333333334
518.3333333333333 -675.0000000000001
508.3333333333333 -663.3333333333336
508.3333333333333 -663.3333333333336
508.3333333333333 -663.3333333333336
508.3333333333333 -663.3333333333336
508.3333333333333 -663.3333333333336
508.3333333333333 -663.3333333333336
508.3333333333333 -663.3333333333336
508.3333333333333 -663.3333333333336
512.5 -668.3333333333336
508.3333333333333 -663.3333333333336
508.3333333333333 -663.3333333333336
515.0 -672.5000000000001
512.5 -668.3333333333336
520.8333333333335 -676.6666666666666
511.6666666666667 -667.5000000000001
511.6666666666667 -667.5000000000001
512.5 -668.3333333333336
511.6666666666667 -667.5000000000001
509.16666666666663 -665.0000000000001
508.3333333333333 -663.3333333333336
508.3333333333333 -663.3333333333336
505.8333333333333 -660.8333333333336
522.5 -678.3333333333334
512.5 -668.3333333333336
513.3333333333333 -669.1666666666669
522.5 -678.3333333333334
508.3333333333333 -663.3333333333336
522.5 -678.3333333333334
508.3333333333333 -663.3333333333336
521.6666666666667 -677.5000000000001
510.0 -666.6666666666669
520.0 -675.8333333333334
