502.5 -579.1666666666663
504.1666666666667 -579.9999999999998
514.1666666666667 -670.8333333333335
515.8333333333333 -673.3333333333334
515.0 -672.5000000000001
505.8333333333333 -660.8333333333336
522.5 -678.3333333333334
522.5 -678.3333333333334
522.5 -678.3333333333334
521.6666666666667 -677.5000000000001
510.0 -666.6666666666669
514.1666666666666 -670.8333333333334
523.3333333333335 -679.1666666666666
517.5 -675.0000000000001
508.3333333333333 -665.8333333333336
508.3333333333333 -665.8333333333336
522.5 -678.3333333333334
519.1666666666667 -676.6666666666667
508.3333333333333 -665.8333333333336
505.8333333333333 -660.8333333333336
510.8333333333333 -668.3333333333336
508.3333333333333 -665.8333333333336
512.5 -669.1666666666669
505.8333333333333 -660.8333333333336
