502.5 -579.1666666666663
504.1666666666667 -579.9999999999998
516.6666666666667 -679.1666666666667
506.66666666666663 -668.3333333333335
507.5 -669.1666666666669
505.8333333333333 -666.6666666666669
521.6666666666667 -681.6666666666667
509.16666666666663 -670.8333333333335
515.8333333333334 -678.3333333333334
521.6666666666667 -681.6666666666667
528.3333333333334 -685.8333333333335
514.1666666666667 -674.1666666666669
516.6666666666667 -679.1666666666667
510.0 -671.6666666666669
514.1666666666666 -674.1666666666667
514.1666666666666 -674.1666666666667
518.3333333333333 -680.8333333333334
507.5 -669.1666666666669
515.8333333333334 -678.3333333333334
514.1666666666667 -674.1666666666669
514.1666666666666 -674.1666666666667
515.8333333333333 -675.0000000000001
523.3333333333334 -685.0000000000001
510.0 -671.6666666666669
512.5 -672.5000000000001
523.3333333333334 -685.0000000000001
510.0 -671.6666666666669
515.8333333333333 -675.0000000000001
513.3333333333334 -673.3333333333336
521.6666666666667 -681.6666666666667
