502.5 -579.1666666666663
504.1666666666667 -579.9999999999998
516.6666666666667 -679.1666666666667
506.66666666666663 -668.3333333333335
507.5 -669.1666666666669
505.8333333333333 -666.6666666666669
509.16666666666663 -670.8333333333335
528.3333333333334 -685.8333333333335
516.6666666666667 -679.1666666666667
518.3333333333333 -680.8333333333334
507.5 -669.1666666666669
523.3333333333334 -685.0000000000001
523.3333333333334 -685.0000000000001
508.33333333333337 -670.0000000000001
524.1666666666667 -685.8333333333334
517.5000000000001 -680.0
515.8333333333333 -678.3333333333334
521.6666666666667 -683.3333333333334
520.8333333333334 -682.5000000000001
523.3333333333334 -685.0000000000001
510.83333333333337 -675.0000000000001
522.5 -684.1666666666667
522.5 -684.1666666666667
510.0 -674.1666666666669
