502.5 -579.1666666666663
504.1666666666667 -579.9999999999998
509.16666666666663 -673.3333333333335
510.83333333333337 -675.8333333333335
515.0 -680.8333333333334
508.3333333333333 -672.5000000000001
516.6666666666667 -682.5000000000001
509.16666666666663 -673.3333333333335
517.5 -683.3333333333335
505.8333333333333 -669.1666666666669
517.5 -683.3333333333335
509.16666666666663 -673.3333333333335
507.5 -671.6666666666669
509.16666666666663 -673.3333333333335
515.0 -680.8333333333334
509.16666666666663 -673.3333333333335
505.8333333333333 -669.1666666666669
505.8333333333333 -669.1666666666669
517.5 -683.3333333333335
507.5 -671.6666666666669
516.6666666666667 -682.5000000000001
517.5 -683.3333333333335
516.6666666666667 -682.5000000000001
518.3333333333334 -684.1666666666667
515.0 -680.8333333333334
509.16666666666663 -673.3333333333335
514.1666666666666 -680.0000000000001
530.8333333333335 -691.6666666666666
510.83333333333337 -675.8333333333335
515.0 -680.8333333333334
516.6666666666667 -682.5000000000001
521.6666666666667 -687.5
521.6666666666667 -687.5
515.8333333333333 -681.6666666666667
511.6666666666667 -678.3333333333335
523.3333333333334 -689.1666666666667
530.8333333333335 -691.6666666666666
516.6666666666667 -682.5000000000001
514.1666666666666 -680.0000000000001
516.6666666666667 -682.5000000000001
525.0 -690.8333333333334
507.5 -671.6666666666669
517.5 -683.3333333333335
515.0 -680.8333333333334
510.0 -675.0000000000001
506.66666666666663 -670.8333333333335
510.83333333333337 -675.8333333333335
515.8333333333333 -681.6666666666667
