502.5 -579.1666666666663
504.1666666666667 -579.9999999999998
508.3333333333333 -672.5000000000001
517.5 -683.3333333333335
505.8333333333333 -669.1666666666669
517.5 -683.3333333333335
507.5 -671.6666666666669
505.8333333333333 -669.1666666666669
505.8333333333333 -669.1666666666669
517.5 -683.3333333333335
507.5 -671.6666666666669
517.5 -683.3333333333335
530.8333333333335 -691.6666666666666
521.6666666666667 -687.5
521.6666666666667 -687.5
511.6666666666667 -678.3333333333335
530.8333333333335 -691.6666666666666
525.0 -690.8333333333334
507.5 -671.6666666666669
517.5 -683.3333333333335
510.0 -675.0000000000001
506.66666666666663 -670.8333333333335
507.5 -671.6666666666669
521.6666666666667 -687.5
515.8333333333334 -682.5000000000001
516.6666666666667 -683.3333333333334
508.33333333333337 -673.3333333333335
513.3333333333334 -680.0000000000001
508.3333333333333 -672.5000000000001
511.66666666666663 -677.5000000000001
507.5 -671.6666666666669
516.6666666666667 -683.3333333333334
512.5 -679.1666666666669
510.8333333333333 -675.8333333333335
507.5 -671.6666666666669
507.5 -671.6666666666669
506.66666666666663 -670.8333333333335
522.5 -689.1666666666667
508.3333333333333 -672.5000000000001
507.5 -671.6666666666669
522.5 -689.1666666666667
524.1666666666667 -690.0
515.0 -681.6666666666667
519.1666666666667 -685.8333333333334
515.0 -681.6666666666667
517.5 -683.3333333333335
518.3333333333334 -685.0000000000001
508.3333333333333 -672.5000000000001
521.6666666666667 -687.5
511.6666666666667 -678.3333333333335
505.8333333333333 -669.1666666666669
