502.5 -579.1666666666663
510.83333333333326 -686.6666666666667
516.6666666666666 -692.5000000000001
514.1666666666666 -691.6666666666667
512.4999999999999 -687.5000000000001
509.1666666666666 -685.0000000000001
513.3333333333333 -690.8333333333334
509.99999999999994 -685.8333333333335
505.8333333333333 -680.8333333333335
504.99999999999994 -679.1666666666669
526.6666666666667 -698.3333333333334
520.8333333333333 -697.5
516.6666666666666 -692.5000000000001
503.3333333333333 -673.3333333333335
519.1666666666666 -695.8333333333334
517.5 -693.3333333333334
504.1666666666666 -678.3333333333335
518.3333333333333 -694.1666666666667
512.5 -690.0000000000001
