502.5 -579.1666666666663
518.3333333333333 -699.1666666666667
517.5 -698.3333333333334
513.3333333333333 -695.0000000000001
519.1666666666666 -700.0
509.1666666666666 -690.8333333333335
518.3333333333333 -699.1666666666667
519.1666666666666 -700.0
513.3333333333333 -695.0000000000001
521.6666666666666 -702.5
517.5 -698.3333333333334
517.5 -698.3333333333334
506.66666666666663 -686.6666666666669
520.0 -700.8333333333334
504.1666666666666 -684.1666666666669
514.1666666666666 -695.8333333333335
513.3333333333333 -695.0000000000001
517.5 -698.3333333333334
519.1666666666666 -700.0
521.6666666666666 -702.5
519.1666666666666 -700.0
519.1666666666666 -700.0
520.8333333333333 -701.6666666666667
520.0 -700.8333333333334
517.5 -698.3333333333334
507.49999999999994 -687.5000000000002
513.3333333333333 -695.0000000000001
509.1666666666666 -690.8333333333335
513.3333333333333 -695.0000000000001
515.0 -696.6666666666667
520.0 -700.8333333333334
520.0 -700.8333333333334
519.1666666666666 -700.0
518.3333333333333 -699.1666666666667
514.1666666666666 -695.8333333333335
503.33333333333326 -681.6666666666669
515.8333333333333 -697.5000000000001
517.5 -698.3333333333334
522.5 -703.3333333333334
509.9999999999999 -693.3333333333334
505.83333333333326 -685.8333333333335
515.0 -696.6666666666667
514.1666666666666 -695.8333333333335
513.3333333333333 -695.0000000000001
512.4999999999999 -694.1666666666667
520.8333333333333 -701.6666666666667
524.1666666666666 -705.0
520.0 -700.8333333333334
513.3333333333333 -695.0000000000001
504.9999999999999 -685.0000000000002
522.5 -703.3333333333334
505.83333333333326 -685.8333333333335
520.0 -700.8333333333334
518.3333333333333 -699.1666666666667
523.3333333333333 -704.1666666666666
519.1666666666666 -700.0
506.66666666666663 -686.6666666666669
511.6666666666666 -694.1666666666666
507.49999999999994 -687.5000000000002
519.1666666666666 -700.0
517.5 -698.3333333333334
504.1666666666666 -684.1666666666669
