502.5 -579.1666666666663
503.33333333333326 -682.5000000000002
503.33333333333326 -682.5000000000002
503.33333333333326 -682.5000000000002
504.1666666666666 -685.8333333333335
519.1666666666666 -705.8333333333333
511.6666666666666 -695.0000000000001
507.4999999999999 -689.1666666666669
509.1666666666666 -692.5000000000001
504.1666666666666 -685.8333333333335
505.83333333333326 -687.5000000000002
513.3333333333333 -697.5000000000001
514.9999999999999 -700.8333333333334
509.1666666666666 -692.5000000000001
516.6666666666666 -703.3333333333333
510.83333333333326 -695.0
509.9999999999999 -694.1666666666667
504.9999999999999 -686.6666666666669
505.83333333333326 -687.5000000000002
511.6666666666666 -695.0000000000001
505.83333333333326 -687.5000000000002
525.8333333333333 -709.1666666666666
505.83333333333326 -687.5000000000002
521.6666666666666 -708.3333333333333
515.8333333333333 -702.5
509.9999999999999 -694.1666666666667
504.9999999999999 -686.6666666666669
505.8333333333333 -688.3333333333335
508.33333333333326 -690.8333333333334
505.83333333333326 -687.5000000000002
516.6666666666666 -703.3333333333333
519.9999999999999 -705.8333333333334
504.9999999999999 -686.6666666666669
526.6666666666666 -711.6666666666666
514.1666666666665 -699.1666666666666
511.6666666666666 -695.0000000000001
525.0 -708.3333333333334
512.4999999999999 -696.6666666666667
