502.5 -579.1666666666663
519.1666666666666 -705.8333333333333
509.9999999999999 -694.1666666666667
521.6666666666666 -708.3333333333333
515.8333333333333 -702.5
509.9999999999999 -694.1666666666667
508.33333333333326 -690.8333333333334
519.9999999999999 -705.8333333333334
526.6666666666666 -711.6666666666666
514.1666666666665 -699.1666666666666
511.66666666666663 -696.6666666666667
503.33333333333326 -684.1666666666669
527.5 -712.4999999999999
517.4999999999999 -703.3333333333334
507.49999999999994 -690.0000000000001
519.1666666666666 -705.8333333333333
518.3333333333333 -705.0
514.9999999999999 -701.6666666666666
518.3333333333333 -705.0
509.1666666666666 -693.3333333333334
509.1666666666666 -693.3333333333334
517.4999999999999 -703.3333333333334
517.4999999999999 -703.3333333333334
524.1666666666666 -709.1666666666666
525.8333333333333 -710.8333333333333
525.8333333333333 -710.8333333333333
509.9999999999999 -694.1666666666667
504.99999999999994 -687.5000000000001
516.6666666666665 -703.3333333333333
505.83333333333326 -688.3333333333335
512.5 -697.5000000000001
518.3333333333333 -705.0
506.6666666666666 -689.1666666666667
510.83333333333326 -695.8333333333334
513.3333333333333 -698.3333333333335
520.8333333333333 -706.6666666666666
508.3333333333333 -690.8333333333335
506.66666666666663 -689.1666666666669
520.0 -706.6666666666665
524.1666666666666 -709.1666666666666
504.1666666666666 -686.6666666666669
510.8333333333333 -695.8333333333335
506.6666666666666 -689.1666666666667
507.49999999999994 -690.0000000000001
