502.5 -579.1666666666663
521.6666666666666 -708.3333333333333
515.8333333333333 -702.5
526.6666666666666 -711.6666666666666
527.5 -712.4999999999999
518.3333333333333 -705.0
514.9999999999999 -701.6666666666666
518.3333333333333 -705.0
525.8333333333333 -710.8333333333333
525.8333333333333 -710.8333333333333
516.6666666666665 -703.3333333333333
512.5 -697.5000000000001
518.3333333333333 -705.0
510.83333333333326 -695.8333333333334
504.1666666666666 -686.6666666666669
510.8333333333333 -695.8333333333335
514.1666666666665 -700.0
510.83333333333326 -695.8333333333334
519.1666666666665 -705.8333333333333
516.6666666666665 -703.3333333333333
526.6666666666666 -711.6666666666666
525.8333333333333 -710.8333333333333
514.9999999999999 -701.6666666666666
525.8333333333333 -710.8333333333333
504.1666666666666 -686.6666666666669
514.9999999999999 -701.6666666666666
520.8333333333333 -707.5
514.9999999999999 -701.6666666666666
516.6666666666665 -703.3333333333333
514.1666666666665 -700.0
520.8333333333333 -707.5
523.3333333333333 -710.0
506.66666666666663 -690.8333333333335
512.4999999999999 -696.6666666666669
525.8333333333333 -710.8333333333333
522.5 -709.1666666666666
536.6666666666666 -713.3333333333333
518.3333333333333 -705.0
515.8333333333333 -702.5
509.99999999999994 -695.0000000000001
509.9999999999999 -694.1666666666669
527.5 -712.4999999999999
521.6666666666666 -708.3333333333333
515.8333333333333 -702.5
518.3333333333333 -705.0
515.8333333333333 -702.5
513.3333333333333 -699.1666666666667
509.9999999999999 -694.1666666666669
504.99999999999994 -689.1666666666667
519.1666666666665 -705.8333333333333
514.1666666666665 -700.0
511.6666666666666 -696.6666666666667
515.8333333333333 -702.5
521.6666666666666 -708.3333333333333
519.9999999999999 -706.6666666666666
518.3333333333333 -705.0
515.8333333333333 -702.5
525.8333333333333 -710.8333333333333
514.9999999999999 -701.6666666666666
516.6666666666665 -703.3333333333333
509.99999999999994 -695.0000000000001
515.8333333333333 -702.5
505.83333333333326 -690.0000000000001
505.83333333333326 -690.0000000000001
515.8333333333333 -702.5
517.4999999999999 -704.1666666666667
510.83333333333326 -695.8333333333334
512.5 -697.5000000000001
508.33333333333326 -691.6666666666669
511.6666666666666 -696.6666666666667
518.3333333333333 -705.0
503.33333333333326 -685.0000000000001
518.3333333333333 -705.0
514.1666666666665 -700.0
514.9999999999999 -701.6666666666666
525.8333333333333 -710.8333333333333
509.1666666666666 -694.1666666666667
508.33333333333326 -691.6666666666669
515.8333333333333 -702.5
