502.5 -579.1666666666663
520.8333333333333 -707.5
520.8333333333333 -707.5
506.66666666666663 -690.8333333333335
505.83333333333326 -690.0000000000001
505.83333333333326 -690.0000000000001
503.33333333333326 -685.0000000000001
509.1666666666666 -694.1666666666667
506.66666666666663 -690.8333333333335
520.8333333333333 -707.5
520.8333333333333 -707.5
507.49999999999994 -691.6666666666669
519.1666666666665 -706.6666666666666
520.8333333333333 -707.5
515.8333333333333 -703.3333333333333
522.5 -710.0
514.1666666666665 -700.8333333333333
517.4999999999999 -705.0
521.6666666666665 -708.3333333333333
509.1666666666666 -694.1666666666667
505.83333333333326 -690.0000000000001
520.8333333333333 -707.5
525.8333333333333 -712.4999999999999
505.83333333333326 -690.0000000000001
514.9999999999999 -702.5
504.99999999999994 -689.1666666666669
509.9999999999999 -695.8333333333334
520.8333333333333 -707.5
514.9999999999999 -702.5
505.83333333333326 -690.0000000000001
504.1666666666666 -688.3333333333335
508.33333333333326 -692.5000000000002
520.8333333333333 -707.5
509.1666666666666 -694.1666666666667
510.83333333333326 -697.5
529.1666666666667 -714.1666666666666
526.6666666666666 -713.3333333333333
512.4999999999999 -699.1666666666667
516.6666666666665 -704.1666666666666
