502.5 -579.1666666666663
504.9999999999999 -690.8333333333335
506.66666666666663 -692.5000000000002
527.5 -716.6666666666666
504.9999999999999 -690.8333333333335
504.9999999999999 -690.8333333333335
504.9999999999999 -690.8333333333335
505.83333333333326 -691.6666666666669
506.66666666666663 -692.5000000000002
504.9999999999999 -690.8333333333335
504.9999999999999 -690.8333333333335
504.9999999999999 -690.8333333333335
506.66666666666663 -692.5000000000002
510.8333333333332 -699.1666666666667
504.9999999999999 -690.8333333333335
527.5 -716.6666666666666
519.9999999999999 -710.8333333333334
506.6666666666666 -692.5000000000001
520.8333333333333 -711.6666666666666
505.83333333333326 -691.6666666666669
510.8333333333332 -699.1666666666667
505.83333333333326 -691.6666666666669
509.1666666666666 -697.5000000000001
504.9999999999999 -690.8333333333335
504.9999999999999 -690.8333333333335
505.83333333333326 -691.6666666666669
521.6666666666665 -712.5
505.83333333333326 -691.6666666666669
504.9999999999999 -690.8333333333335
506.6666666666666 -692.5000000000001
505.83333333333326 -691.6666666666669
504.9999999999999 -690.8333333333335
525.8333333333333 -715.0
506.66666666666663 -692.5000000000002
504.9999999999999 -690.8333333333335
519.1666666666665 -710.0
505.83333333333326 -691.6666666666669
529.1666666666666 -718.3333333333333
506.6666666666666 -692.5000000000001
504.9999999999999 -690.8333333333335
504.9999999999999 -690.8333333333335
504.9999999999999 -690.8333333333335
505.83333333333326 -691.6666666666669
504.9999999999999 -690.8333333333335
519.1666666666665 -710.0
505.83333333333326 -691.6666666666669
542.5 -720.8333333333333
510.8333333333332 -699.1666666666667
529.1666666666666 -718.3333333333333
529.1666666666666 -718.3333333333333
525.8333333333333 -715.0
526.6666666666666 -715.8333333333333
506.6666666666666 -692.5000000000001
504.9999999999999 -690.8333333333335
509.1666666666666 -697.5000000000001
504.9999999999999 -690.8333333333335
506.6666666666666 -692.5000000000001
504.9999999999999 -690.8333333333335
505.83333333333326 -691.6666666666669
505.83333333333326 -691.6666666666669
507.4999999999999 -694.1666666666669
521.6666666666665 -712.5
519.9999999999999 -710.8333333333334
508.33333333333326 -695.8333333333334
504.9999999999999 -690.8333333333335
504.9999999999999 -690.8333333333335
517.4999999999999 -708.3333333333334
506.66666666666663 -692.5000000000002
503.33333333333326 -688.3333333333335
509.1666666666666 -697.5000000000001
517.4999999999999 -708.3333333333334
520.8333333333333 -711.6666666666666
505.83333333333326 -691.6666666666669
505.83333333333326 -691.6666666666669
513.3333333333333 -702.5
506.6666666666666 -692.5000000000001
506.6666666666666 -692.5000000000001
509.9999999999999 -698.3333333333335
519.1666666666665 -710.0
519.9999999999999 -710.8333333333334
517.4999999999999 -708.3333333333334
504.9999999999999 -690.8333333333335
519.1666666666665 -710.0
526.6666666666666 -715.8333333333333
526.6666666666666 -715.8333333333333
510.8333333333332 -699.1666666666667
505.83333333333326 -691.6666666666669
505.83333333333326 -691.6666666666669
519.1666666666665 -710.0
504.9999999999999 -690.8333333333335
506.66666666666663 -692.5000000000002
504.9999999999999 -690.8333333333335
505.83333333333326 -691.6666666666669
526.6666666666666 -715.8333333333333
515.8333333333333 -706.6666666666666
504.9999999999999 -690.8333333333335
506.6666666666666 -692.5000000000001
509.1666666666666 -697.5000000000001
517.4999999999999 -708.3333333333334
506.6666666666666 -692.5000000000001
506.66666666666663 -692.5000000000002
528.3333333333333 -717.5
508.33333333333326 -695.8333333333334
509.1666666666666 -697.5000000000001
512.4999999999999 -701.6666666666669
510.8333333333332 -699.1666666666667
523.3333333333333 -714.1666666666666
509.1666666666666 -697.5000000000001
505.83333333333326 -691.6666666666669
517.4999999999999 -708.3333333333334
504.9999999999999 -690.8333333333335
505.83333333333326 -691.6666666666669
503.33333333333326 -688.3333333333335
504.9999999999999 -690.8333333333335
505.83333333333326 -691.6666666666669
504.9999999999999 -690.8333333333335
504.1666666666666 -690.0000000000001
506.6666666666666 -692.5000000000001
519.1666666666665 -710.0
505.83333333333326 -691.6666666666669
506.66666666666663 -692.5000000000002
508.33333333333326 -695.8333333333334
506.66666666666663 -692.5000000000002
505.83333333333326 -691.6666666666669
506.6666666666666 -692.5000000000001
505.83333333333326 -691.6666666666669
509.1666666666666 -697.5000000000001
519.9999999999999 -710.8333333333334
516.6666666666665 -707.5000000000001
505.83333333333326 -691.6666666666669
506.66666666666663 -692.5000000000002
504.9999999999999 -690.8333333333335
504.9999999999999 -690.8333333333335
505.83333333333326 -691.6666666666669
506.6666666666666 -692.5000000000001
525.8333333333333 -715.0
519.1666666666665 -710.0
505.83333333333326 -691.6666666666669
505.83333333333326 -691.6666666666669
515.8333333333333 -706.6666666666666
518.3333333333333 -709.1666666666667
514.1666666666665 -704.1666666666666
517.4999999999999 -708.3333333333334
526.6666666666666 -715.8333333333333
519.1666666666665 -710.0
512.4999999999999 -701.6666666666669
507.49999999999994 -695.0000000000001
505.83333333333326 -691.6666666666669
542.5 -720.8333333333333
504.9999999999999 -690.8333333333335
506.6666666666666 -692.5000000000001
506.6666666666666 -692.5000000000001
519.1666666666665 -710.0
514.9999999999999 -705.8333333333334
511.6666666666666 -700.8333333333334
509.1666666666666 -697.5000000000001
525.8333333333333 -715.0
510.83333333333326 -699.1666666666669
512.4999999999999 -701.6666666666669
510.8333333333332 -699.1666666666667
505.83333333333326 -691.6666666666669
505.83333333333326 -691.6666666666669
527.5 -716.6666666666666
514.1666666666665 -704.1666666666666
517.4999999999999 -708.3333333333334
512.4999999999999 -701.6666666666669
505.83333333333326 -691.6666666666669
515.8333333333333 -706.6666666666666
