502.5 -579.1666666666663
504.9999999999999 -693.3333333333335
520.0 -712.5
504.1666666666666 -692.5000000000001
520.0 -712.5
509.9999999999999 -700.8333333333335
523.3333333333333 -715.0000000000001
541.6666666666666 -720.0000000000001
504.1666666666666 -692.5000000000001
503.33333333333326 -690.8333333333335
541.6666666666666 -720.0000000000001
503.33333333333326 -690.8333333333335
504.1666666666666 -692.5000000000001
504.1666666666666 -692.5000000000001
509.9999999999999 -700.8333333333335
520.8333333333333 -712.5000000000001
512.5 -704.1666666666669
520.0 -712.5
503.33333333333326 -690.8333333333335
504.1666666666666 -692.5000000000001
523.3333333333333 -715.0000000000001
527.5 -718.3333333333333
520.8333333333333 -712.5000000000001
504.1666666666666 -692.5000000000001
509.9999999999999 -700.8333333333335
513.3333333333333 -705.0000000000001
504.1666666666666 -692.5000000000001
509.9999999999999 -700.8333333333335
520.0 -712.5
529.1666666666666 -719.1666666666667
504.9999999999999 -693.3333333333335
511.6666666666666 -703.3333333333334
520.8333333333333 -712.5000000000001
525.0 -715.8333333333333
504.9999999999999 -693.3333333333335
520.8333333333333 -712.5000000000001
520.8333333333333 -712.5000000000001
520.8333333333333 -712.5000000000001
512.5 -704.1666666666669
504.1666666666666 -692.5000000000001
509.99999999999994 -701.6666666666669
509.9999999999999 -700.8333333333335
512.5 -704.1666666666669
520.0 -712.5
522.5 -714.1666666666667
516.6666666666665 -709.1666666666666
512.5 -704.1666666666669
504.1666666666666 -692.5000000000001
504.9999999999999 -693.3333333333335
520.8333333333333 -712.5000000000001
516.6666666666665 -709.1666666666666
511.6666666666666 -703.3333333333334
520.8333333333333 -712.5000000000001
504.1666666666666 -692.5000000000001
521.6666666666666 -714.1666666666666
515.0 -707.5
520.8333333333333 -712.5000000000001
509.1666666666666 -700.8333333333334
517.5 -710.0000000000001
504.1666666666666 -692.5000000000001
520.8333333333333 -712.5000000000001
520.8333333333333 -712.5000000000001
519.1666666666665 -711.6666666666666
513.3333333333333 -705.0000000000001
519.1666666666665 -711.6666666666666
520.8333333333333 -712.5000000000001
511.6666666666666 -703.3333333333334
504.99999999999994 -694.1666666666669
504.9999999999999 -693.3333333333335
518.3333333333333 -710.8333333333334
520.8333333333333 -712.5000000000001
525.0 -715.8333333333333
504.1666666666666 -692.5000000000001
528.3333333333333 -719.1666666666666
504.9999999999999 -693.3333333333335
516.6666666666665 -709.1666666666666
518.3333333333333 -710.8333333333334
509.9999999999999 -700.8333333333335
520.0 -712.5
512.4999999999999 -704.1666666666667
511.6666666666666 -703.3333333333334
509.9999999999999 -700.8333333333335
513.3333333333333 -705.0000000000001
525.8333333333333 -716.6666666666666
522.5 -714.1666666666667
541.6666666666667 -720.8333333333333
515.8333333333333 -708.3333333333334
519.1666666666665 -711.6666666666666
542.5 -721.6666666666665
505.83333333333326 -695.0000000000002
520.0 -712.5
520.8333333333333 -712.5000000000001
514.1666666666665 -706.6666666666666
517.4999999999999 -710.0
513.3333333333333 -705.0000000000001
517.4999999999999 -710.0
523.3333333333333 -715.0000000000001
509.99999999999994 -701.6666666666669
504.9999999999999 -693.3333333333335
521.6666666666666 -714.1666666666666
520.8333333333333 -712.5000000000001
513.3333333333333 -705.0000000000001
516.6666666666665 -709.1666666666666
520.8333333333333 -712.5000000000001
504.9999999999999 -693.3333333333335
520.8333333333333 -712.5000000000001
543.3333333333334 -721.6666666666666
525.0 -715.8333333333333
512.4999999999999 -704.1666666666667
513.3333333333333 -705.0000000000001
523.3333333333333 -715.0000000000001
520.8333333333333 -712.5000000000001
513.3333333333333 -705.0000000000001
515.8333333333333 -708.3333333333334
515.0 -707.5
509.9999999999999 -700.8333333333335
515.8333333333333 -708.3333333333334
528.3333333333333 -719.1666666666666
504.1666666666666 -692.5000000000001
520.8333333333333 -712.5000000000001
509.99999999999994 -701.6666666666669
506.6666666666666 -696.6666666666669
508.33333333333326 -699.1666666666667
523.3333333333333 -715.0000000000001
518.3333333333333 -710.8333333333334
526.6666666666666 -716.6666666666667
519.1666666666666 -711.6666666666667
508.33333333333326 -699.1666666666667
510.83333333333326 -702.5000000000001
504.9999999999999 -693.3333333333335
520.0 -712.5
518.3333333333333 -710.8333333333334
516.6666666666666 -709.1666666666667
513.3333333333333 -705.0000000000001
521.6666666666665 -713.3333333333335
541.6666666666667 -720.8333333333333
