502.5 -579.1666666666663
543.3333333333334 -721.6666666666666
520.0 -713.3333333333334
523.3333333333333 -715.8333333333334
523.3333333333333 -715.8333333333334
520.8333333333333 -714.1666666666667
520.0 -713.3333333333334
523.3333333333333 -715.8333333333334
523.3333333333333 -715.8333333333334
522.5 -715.0000000000001
528.3333333333333 -720.0000000000001
522.5 -715.0000000000001
515.8333333333333 -710.8333333333335
522.5 -715.0000000000001
522.5 -715.0000000000001
543.3333333333334 -721.6666666666666
523.3333333333333 -715.8333333333334
522.5 -715.0000000000001
541.6666666666666 -720.8333333333334
520.8333333333333 -714.1666666666667
514.1666666666665 -709.1666666666667
541.6666666666667 -721.6666666666665
523.3333333333333 -715.8333333333334
522.5 -715.0000000000001
523.3333333333333 -715.8333333333334
527.5 -719.1666666666669
523.3333333333333 -715.8333333333334
522.5 -715.0000000000001
528.3333333333333 -720.0000000000001
522.5 -715.0000000000001
524.1666666666666 -715.8333333333335
522.5 -715.0000000000001
514.9999999999999 -710.0000000000001
525.8333333333333 -718.3333333333334
520.8333333333333 -714.1666666666667
520.0 -713.3333333333334
523.3333333333333 -715.8333333333334
520.0 -713.3333333333334
509.1666666666666 -704.1666666666669
514.9999999999999 -710.0000000000001
503.33333333333326 -693.3333333333335
528.3333333333333 -720.0000000000001
525.0 -717.5000000000001
521.6666666666665 -715.0
523.3333333333333 -715.8333333333334
523.3333333333333 -715.8333333333334
513.3333333333333 -708.3333333333334
520.8333333333333 -714.1666666666667
504.9999999999999 -696.666666666667
515.8333333333333 -710.8333333333335
525.8333333333333 -718.3333333333334
514.9999999999999 -710.0000000000001
507.4999999999999 -700.0000000000001
522.5 -715.0000000000001
520.0 -713.3333333333334
513.3333333333333 -708.3333333333334
518.3333333333333 -712.5000000000001
528.3333333333333 -720.0000000000001
509.99999999999994 -705.0000000000001
523.3333333333333 -715.8333333333334
522.5 -715.0000000000001
520.8333333333333 -714.1666666666667
528.3333333333333 -720.0000000000001
506.6666666666666 -697.5000000000002
510.8333333333333 -705.8333333333335
513.3333333333333 -708.3333333333334
508.3333333333332 -702.5000000000001
