512 -1099.4566666666667 300
513 -1097.8233333333333 300
514 -1094.52 300
515 -1089.2233333333334 300
516 -1089.0 300
517 -1089.0 300
518 -1089.0433333333333 300
519 -1089.0866666666666 300
520 -1089.0866666666666 300
521 -1089.0866666666666 300
522 -1089.23 300
523 -1089.46 300
524 -1089.2866666666666 300
525 -1088.7133333333334 300
526 -1088.8 300
527 -1088.37 300
528 -1087.7666666666667 300
529 -1086.7766666666666 300
530 -1086.0733333333333 300
531 -1088.3233333333333 300
532 -1089.1033333333332 300
533 -1089.1466666666668 300
534 -1088.9733333333334 300
535 -1088.9733333333334 300
536 -1088.7 300
537 -1088.45 300
538 -1087.15 300
539 -1086.01 300
540 -1083.9733333333334 300
541 -1079.77 300
542 -1071.7566666666667 300
543 -1073.0566666666666 300
544 -1074.0533333333333 300
545 -1075.6566666666668 300
546 -1078.0466666666666 300
547 -1071.89 300
548 -1068.9733333333334 300
549 -1069.8233333333333 300
550 -1070.8766666666668 300
551 -1073.2366666666667 300
552 -1074.22 300
553 -1075.7433333333333 300
554 -1074.2533333333333 300
555 -1073.0833333333333 300
556 -1070.8033333333333 300
557 -1066.22 300
558 -1065.53 300
559 -1066.5166666666667 300
560 -1067.65 300
561 -1069.7933333333333 300
562 -1070.8133333333333 300
563 -1071.0433333333333 300
564 -1069.73 300
565 -1067.1266666666668 300
566 -1065.45 300
567 -1071.8 300
568 -1074.0533333333333 300
569 -1073.2666666666667 300
570 -1071.5233333333333 300
571 -1068.75 300
572 -1063.85 300
573 -1060.5966666666666 300
574 -1061.0566666666666 300
575 -1062.9366666666667 300
576 -1060.72 300
577 -1057.2533333333333 300
578 -1056.13 300
579 -1046.01 300
580 -1042.2766666666666 300
581 -1036.0833333333333 300
582 -1031.85 300
583 -1032.98 300
584 -1035.5333333333333 300
585 -1037.1033333333332 300
586 -1039.9866666666667 300
587 -1045.1933333333334 300
588 -1051.91 300
589 -1053.73 300
590 -1052.7766666666666 300
591 -1048.3266666666666 300
592 -1048.9 300
593 -1044.73 300
594 -1050.9733333333334 300
595 -1054.63 300
596 -1054.7233333333334 300
597 -1068.6966666666667 300
598 -1069.0733333333333 300
599 -1067.2033333333334 300
600 -1063.4633333333334 300
601 -1055.7233333333334 300
602 -1044.5433333333333 300
603 -1042.56 300
604 -1039.44 300
605 -1034.9466666666667 300
606 -1025.98 300
607 -1026.87 300
608 -1023.4866666666667 300
609 -1023.5133333333333 300
610 -1023.0133333333333 300
611 -1023.7866666666666 300
612 -1024.0933333333332 300
613 -1023.8066666666666 300
614 -1023.83 300
615 -1024.11 300
616 -1025.3533333333332 300
617 -1028.81 300
618 -1030.5033333333333 300
619 -1031.89 300
620 -1031.1166666666666 300
621 -1028.6733333333334 300
622 -1028.9533333333334 300
623 -1029.6133333333332 300
624 -1030.68 300
625 -1032.9633333333334 300
626 -1025.4733333333334 300
627 -1028.5466666666666 300
628 -1028.7033333333334 300
629 -1027.34 300
630 -1024.5566666666666 300
631 -1024.35 300
632 -1022.6633333333333 300
633 -1020.72 300
634 -1020.5066666666667 300
635 -1020.47 300
636 -1019.9666666666667 300
637 -1019.8433333333334 300
638 -1018.8266666666667 300
639 -1019.6066666666667 300
640 -1014.66 300
641 -1014.3533333333334 300
642 -1016.0066666666667 300
643 -1013.85 300
644 -1011.0133333333333 300
645 -1005.2433333333333 300
646 -1002.47 300
647 -1002.3733333333333 300
648 -1002.3733333333333 300
649 -1002.4166666666666 300
650 -1002.46 300
651 -1002.5466666666666 300
652 -1002.6733333333333 300
653 -1002.8466666666667 300
654 -1002.4066666666666 300
655 -1002.19 300
656 -1002.1933333333334 300
657 -1002.19 300
658 -1002.21 300
659 -1002.15 300
660 -1002.05 300
661 -1001.8666666666667 300
662 -1001.3733333333333 300
663 -1001.5166666666667 300
664 -1001.6833333333333 300
665 -1001.8366666666667 300
666 -1001.8466666666667 300
667 -1001.6166666666667 300
668 -1001.43 300
669 -1001.3466666666667 300
670 -1001.3566666666667 300
671 -1001.34 300
672 -1001.61 300
673 -1001.03 300
674 -1000.63 300
675 -1000.1766666666666 300
676 -999.4666666666667 300
677 -998.41 300
678 -999.9866666666667 300
679 -999.14 300
680 -999.01 300
681 -999.5133333333333 300
682 -998.5266666666666 300
683 -998.8833333333333 300
684 -998.8733333333333 300
685 -997.4466666666667 300
686 -994.6733333333333 300
687 -989.6233333333333 300
688 -988.2866666666666 300
689 -988.3133333333334 300
690 -988.3666666666667 300
691 -988.4266666666666 300
692 -987.97 300
693 -987.8533333333334 300
694 -987.6533333333333 300
695 -987.5033333333333 300
696 -986.6433333333333 300
697 -985.3366666666667 300
698 -984.7033333333334 300
699 -982.12 300
700 -981.93 300
701 -982.6366666666667 300
702 -983.1433333333333 300
703 -983.87 300
704 -979.8 300
705 -975.5333333333333 300
706 -975.09 300
707 -974.35 300
708 -973.6233333333333 300
709 -971.6133333333333 300
710 -968.6066666666667 300
711 -966.29 300
712 -970.7733333333333 300
713 -978.69 300
714 -989.81 300
715 -998.5566666666666 300
716 -1004.4 300
717 -1004.3 300
718 -1004.2966666666666 300
719 -1004.1966666666667 300
720 -1003.81 300
721 -1002.5233333333333 300
722 -1001.6966666666667 300
723 -999.68 300
724 -996.15 300
725 -988.8466666666667 300
726 -987.1133333333333 300
727 -983.5833333333334 300
728 -984.1533333333333 300
729 -984.51 300
730 -985.4666666666667 300
731 -985.9233333333333 300
732 -986.9633333333334 300
733 -988.0766666666667 300
734 -989.59 300
735 -990.7166666666667 300
736 -992.47 300
737 -996.3933333333333 300
738 -998.6766666666666 300
739 -994.0266666666666 300
740 -993.0433333333333 300
741 -992.1766666666666 300
742 -993.11 300
743 -992.9766666666667 300
744 -992.6666666666666 300
745 -992.19 300
746 -990.57 300
747 -990.3566666666667 300
748 -990.06 300
749 -988.4033333333333 300
750 -985.1733333333333 300
751 -978.0033333333333 300
752 -978.0033333333333 300
753 -978.1033333333334 300
754 -978.1733333333333 300
755 -978.3033333333333 300
756 -978.3066666666666 300
757 -978.3433333333334 300
758 -978.3866666666667 300
759 -978.3866666666667 300
760 -978.4033333333333 300
761 -978.3733333333333 300
762 -976.91 300
763 -976.91 300
764 -976.91 300
765 -976.9533333333334 300
766 -976.9566666666667 300
767 -977.06 300
768 -977.0633333333334 300
769 -977.15 300
770 -977.16 300
771 -977.0133333333333 300
772 -977.0233333333333 300
773 -977.0233333333333 300
774 -977.02 300
775 -977.0233333333333 300
776 -976.89 300
777 -976.8466666666667 300
778 -976.76 300
779 -976.81 300
780 -976.68 300
781 -976.58 300
782 -976.97 300
783 -977.11 300
784 -977.0666666666667 300
785 -977.0633333333334 300
786 -976.9333333333333 300
787 -976.1033333333334 300
788 -976.1033333333334 300
789 -976.1033333333334 300
790 -976.0166666666667 300
791 -975.8866666666667 300
792 -975.7566666666667 300
793 -975.4966666666667 300
794 -975.15 300
795 -974.6733333333333 300
796 -972.2333333333333 300
797 -972.4866666666667 300
798 -974.8033333333333 300
799 -974.8033333333333 300
800 -974.63 300
801 -974.1966666666667 300
802 -973.7633333333333 300
803 -972.94 300
804 -971.77 300
805 -969.5166666666667 300
806 -966.2233333333334 300
807 -966.7 300
808 -967.2533333333333 300
809 -963.1366666666667 300
810 -963.1366666666667 300
811 -963.0933333333334 300
812 -962.8766666666667 300
813 -962.4 300
814 -961.5 300
815 -959.4966666666667 300
816 -963.96 300
817 -967.3833333333333 300
818 -968.6 300
819 -969.6833333333333 300
820 -971.1266666666667 300
821 -970.7833333333333 300
822 -970.7833333333333 300
823 -968.19 300
824 -965.23 300
825 -965.3166666666667 300
826 -965.5766666666667 300
827 -965.75 300
828 -965.1466666666666 300
829 -964.6666666666666 300
830 -964.6666666666666 300
831 -964.7966666666666 300
832 -964.8833333333333 300
833 -964.9266666666666 300
834 -965.0566666666666 300
835 -964.8833333333333 300
836 -964.71 300
837 -964.32 300
838 -964.71 300
839 -966.1833333333333 300
840 -966.2266666666667 300
841 -966.3133333333334 300
842 -966.3566666666667 300
843 -966.4 300
844 -966.4866666666667 300
845 -966.5766666666667 300
846 -966.62 300
847 -966.5766666666667 300
848 -967.1966666666667 300
849 -968.2366666666667 300
850 -968.9733333333334 300
851 -969.6266666666667 300
852 -969.54 300
853 -969.5833333333334 300
854 -969.58 300
855 -969.58 300
856 -969.6233333333333 300
857 -969.71 300
858 -965.5533333333333 300
859 -965.8566666666667 300
860 -966.6033333333334 300
861 -967.1233333333333 300
862 -967.6 300
863 -967.2133333333334 300
864 -964.4633333333334 300
865 -964.5066666666667 300
866 -964.55 300
867 -964.5933333333334 300
868 -964.81 300
869 -964.81 300
870 -965.1566666666666 300
871 -965.33 300
872 -965.5433333333333 300
873 -965.76 300
874 -966.1933333333334 300
875 -966.6366666666667 300
876 -966.7266666666667 300
877 -966.7666666666667 300
878 -966.0866666666667 300
879 -958.7633333333333 300
880 -951.49 300
881 -949.7366666666667 300
882 -949.93 300
883 -949.64 300
884 -949.6433333333333 300
885 -949.6466666666666 300
886 -949.6466666666666 300
887 -949.6533333333333 300
888 -949.6633333333333 300
889 -949.6833333333333 300
890 -949.7333333333333 300
891 -949.7866666666666 300
892 -949.8566666666667 300
893 -950.0533333333333 300
894 -950.01 300
895 -949.9266666666666 300
896 -950.0666666666667 300
897 -949.8733333333333 300
898 -949.9566666666667 300
899 -949.7 300
900 -949.3833333333333 300
901 -949.4266666666666 300
902 -949.5233333333333 300
903 -949.8566666666667 300
904 -950.63 300
905 -951.3066666666666 300
906 -953.13 300
907 -954.8833333333333 300
908 -956.8966666666666 300
909 -960.8866666666667 300
910 -967.12 300
911 -962.4266666666666 300
912 -953.57 300
913 -951.19 300
914 -952.4933333333333 300
915 -954.3966666666666 300
916 -957.7833333333333 300
917 -960.7966666666666 300
918 -960.1933333333334 300
919 -958.9066666666666 300
920 -956.66 300
921 -953.89 300
922 -954.1633333333333 300
923 -954.38 300
924 -955.3133333333334 300
925 -956.4233333333333 300
926 -958.1866666666666 300
927 -959.73 300
928 -959.6933333333334 300
929 -956.96 300
930 -960.5466666666666 300
931 -958.8466666666667 300
932 -954.3766666666667 300
933 -949.0733333333334 300
934 -948.9333333333333 300
935 -948.84 300
936 -948.41 300
937 -947.2733333333333 300
938 -944.9466666666667 300
939 -941.6 300
940 -933.6866666666666 300
941 -925.24 300
942 -925.31 300
943 -925.3533333333334 300
944 -925.4666666666667 300
945 -919.5833333333334 300
946 -919.54 300
947 -920.1033333333334 300
948 -921.2733333333333 300
949 -924.48 300
950 -929.9966666666667 300
951 -928.2566666666667 300
952 -928.2566666666667 300
953 -928.2566666666667 300
954 -928.2133333333334 300
955 -928.2133333333334 300
956 -928.2133333333334 300
957 -928.2133333333334 300
958 -928.1266666666667 300
959 -927.9966666666667 300
960 -927.7766666666666 300
961 -927.25 300
962 -926.56 300
963 -925.0266666666666 300
964 -921.5166666666667 300
965 -918.2766666666666 300
966 -918.2766666666666 300
967 -918.4166666666666 300
968 -918.7633333333333 300
969 -918.85 300
970 -918.9366666666666 300
971 -919.1633333333333 300
972 -919.2966666666666 300
973 -916.7366666666667 300
974 -917.2166666666667 300
975 -917.6066666666667 300
976 -913.7166666666667 300
977 -913.11 300
978 -911.68 300
979 -910.9866666666667 300
980 -907.7366666666667 300
981 -903.1866666666666 300
982 -902.3633333333333 300
983 -900.1966666666667 300
984 -897.2066666666667 300
985 -891.9166666666666 300
986 -892.0033333333333 300
987 -892.0033333333333 300
988 -892.0033333333333 300
989 -892.22 300
990 -891.5366666666666 300
991 -889.9766666666667 300
992 -888.1133333333333 300
993 -883.7366666666667 300
994 -884.4733333333334 300
995 -885.3833333333333 300
996 -886.7266666666667 300
997 -888.98 300
998 -892.8366666666667 300
999 -892.9233333333333 300
1000 -892.4466666666667 300
1001 -891.1033333333334 300
1002 -887.16 300
1003 -883.39 300
1004 -883.4766666666667 300
1005 -883.8666666666667 300
1006 -884.0833333333334 300
1007 -884.6466666666666 300
1008 -885.21 300
1009 -885.86 300
1010 -886.7266666666667 300
1011 -886.2933333333333 300
1012 -884.2133333333334 300
1013 -883.8566666666667 300
1014 -884.42 300
1015 -884.5066666666667 300
1016 -884.7666666666667 300
1017 -885.7633333333333 300
1018 -886.7166666666667 300
1019 -887.93 300
1020 -890.01 300
1021 -892.4366666666666 300
1022 -895.6433333333333 300
1023 -895.73 300
1024 -896.21 300
1025 -896.3833333333333 300
1026 -895.59 300
1027 -895.7633333333333 300
1028 -895.85 300
1029 -895.7633333333333 300
1030 -895.8066666666666 300
1031 -895.98 300
1032 -895.6333333333333 300
1033 -894.55 300
1034 -891.5566666666666 300
1035 -890.4733333333334 300
1036 -891.9033333333333 300
1037 -892.5533333333333 300
1038 -893.71 300
1039 -895.5066666666667 300
1040 -897.76 300
1041 -900.45 300
1042 -903.0066666666667 300
1043 -905.4433333333334 300
1044 -905.45 300
1045 -904.29 300
1046 -902.3133333333334 300
1047 -892.94 300
1048 -890.95 300
1049 -892.9466666666667 300
1050 -895.67 300
1051 -896.3233333333334 300
1052 -893.19 300
1053 -896.9 300
1054 -900.74 300
1055 -900.3633333333333 300
1056 -899.9433333333334 300
1057 -898.4233333333333 300
1058 -899.8433333333334 300
1059 -899.5466666666666 300
1060 -901.8466666666667 300
1061 -901.42 300
1062 -901.02 300
1063 -899.6733333333333 300
1064 -897.32 300
1065 -896.74 300
1066 -897.9266666666666 300
1067 -896.82 300
1068 -901.2033333333334 300
1069 -900.9333333333333 300
1070 -900.19 300
1071 -899.2066666666667 300
1072 -897.0466666666666 300
1073 -897.0233333333333 300
1074 -893.0533333333333 300
1075 -891.78 300
1076 -891.7733333333333 300
1077 -891.6033333333334 300
1078 -891.7533333333333 300
1079 -891.8166666666667 300
1080 -891.8366666666667 300
1081 -891.88 300
1082 -891.9166666666666 300
1083 -892.02 300
1084 -891.5466666666666 300
1085 -891.5466666666666 300
1086 -891.2133333333334 300
1087 -891.2133333333334 300
1088 -891.22 300
1089 -891.1966666666667 300
1090 -891.2566666666667 300
1091 -890.57 300
1092 -889.1666666666666 300
1093 -888.33 300
1094 -887.0366666666666 300
1095 -883.8233333333334 300
1096 -883.24 300
1097 -882.52 300
1098 -882.8766666666667 300
1099 -883.5566666666666 300
1100 -879.06 300
1101 -878.82 300
1102 -878.8633333333333 300
1103 -878.8633333333333 300
1104 -878.8633333333333 300
1105 -878.8633333333333 300
1106 -878.8633333333333 300
1107 -878.8633333333333 300
1108 -878.9066666666666 300
1109 -879.0466666666666 300
1110 -879.3266666666667 300
1111 -879.4666666666667 300
1112 -879.79 300
1113 -879.94 300
1114 -880.5866666666667 300
1115 -880.2933333333333 300
1116 -880.5733333333334 300
1117 -881.23 300
1118 -882.07 300
1119 -884.73 300
1120 -888.4566666666667 300
1121 -893.3566666666667 300
1122 -899.85 300
1123 -900.96 300
1124 -906.69 300
1125 -916.9333333333333 300
1126 -918.9033333333333 300
1127 -917.98 300
1128 -916.9066666666666 300
1129 -914.49 300
1130 -909.85 300
1131 -900.0766666666667 300
1132 -891.9133333333333 300
1133 -891.9133333333333 300
1134 -891.9133333333333 300
1135 -891.9133333333333 300
1136 -892.0133333333333 300
1137 -892.0133333333333 300
1138 -892.0133333333333 300
1139 -892.0133333333333 300
1140 -892.0133333333333 300
1141 -892.0133333333333 300
1142 -892.0133333333333 300
1143 -892.01 300
1144 -892.05 300
1145 -892.0466666666666 300
1146 -892.0266666666666 300
1147 -892.03 300
1148 -892.01 300
1149 -892.01 300
1150 -892.0533333333333 300
1151 -892.0533333333333 300
1152 -892.15 300
1153 -892.3866666666667 300
1154 -892.6333333333333 300
1155 -893.17 300
1156 -894.2866666666666 300
1157 -895.3833333333333 300
1158 -895.6733333333333 300
1159 -896.35 300
1160 -897.51 300
1161 -899.83 300
1162 -902.8266666666667 300
1163 -907.3266666666667 300
1164 -908.4966666666667 300
1165 -905.4033333333333 300
1166 -908.73 300
1167 -907.28 300
1168 -904.96 300
1169 -897.3233333333334 300
1170 -897.67 300
1171 -898.0566666666666 300
1172 -898.6366666666667 300
1173 -899.6033333333334 300
1174 -902.16 300
1175 -906.22 300
1176 -912.02 300
1177 -917.0466666666666 300
1178 -917.09 300
1179 -917.0366666666666 300
1180 -919.4 300
1181 -920.1733333333333 300
1182 -920.1733333333333 300
1183 -920.1733333333333 300
1184 -920.1733333333333 300
1185 -920.2166666666667 300
1186 -920.2633333333333 300
1187 -920.26 300
1188 -920.3033333333333 300
1189 -920.3033333333333 300
1190 -920.3466666666667 300
1191 -920.39 300
1192 -920.39 300
1193 -920.3466666666667 300
1194 -920.3466666666667 300
1195 -920.3466666666667 300
1196 -920.26 300
1197 -920.26 300
1198 -920.2666666666667 300
1199 -920.2666666666667 300
1200 -920.2666666666667 300
1201 -920.2666666666667 300
1202 -920.4066666666666 300
1203 -920.4066666666666 300
1204 -920.3033333333333 300
1205 -920.4033333333333 300
1206 -920.4033333333333 300
1207 -920.4033333333333 300
1208 -920.4033333333333 300
1209 -920.4033333333333 300
1210 -920.4033333333333 300
1211 -920.3533333333334 300
1212 -920.3566666666667 300
1213 -920.26 300
1214 -920.1633333333333 300
1215 -919.7766666666666 300
1216 -919.4866666666667 300
1217 -919.1 300
1218 -918.4233333333333 300
1219 -917.4566666666667 300
1220 -915.2366666666667 300
1221 -912.96 300
1222 -907.01 300
1223 -902.9333333333333 300
1224 -903.0733333333334 300
1225 -903.2133333333334 300
1226 -905.2333333333333 300
1227 -909.37 300
1228 -914.5233333333333 300
1229 -918.86 300
1230 -919.0033333333333 300
1231 -917.52 300
1232 -914.5966666666667 300
1233 -909.05 300
1234 -905.8266666666667 300
1235 -905.8966666666666 300
1236 -905.9066666666666 300
1237 -906.1533333333333 300
1238 -906.63 300
1239 -907.2333333333333 300
1240 -908.37 300
1241 -910.3466666666667 300
1242 -913.6566666666666 300
1243 -917.47 300
1244 -921.06 300
1245 -918.6033333333334 300
1246 -914.7233333333334 300
1247 -910.9533333333334 300
1248 -907.8133333333334 300
1249 -907.6833333333333 300
1250 -907.6866666666666 300
1251 -907.6866666666666 300
1252 -907.69 300
1253 -907.69 300
1254 -907.69 300
1255 -907.69 300
1256 -907.69 300
1257 -907.69 300
1258 -907.7333333333333 300
1259 -907.7766666666666 300
1260 -907.7766666666666 300
1261 -907.7333333333333 300
1262 -907.6833333333333 300
1263 -907.64 300
1264 -907.64 300
1265 -907.6833333333333 300
1266 -907.77 300
1267 -907.7266666666667 300
1268 -907.7266666666667 300
1269 -907.77 300
1270 -907.8133333333334 300
1271 -908.2566666666667 300
1272 -908.04 300
1273 -907.91 300
1274 -910.26 300
1275 -911.84 300
1276 -911.9266666666666 300
1277 -912.4233333333333 300
1278 -913.55 300
1279 -915.12 300
1280 -911.83 300
1281 -912.0033333333333 300
1282 -912.5333333333333 300
1283 -913.7366666666667 300
1284 -916.0766666666667 300
1285 -920.6766666666666 300
1286 -920.75 300
1287 -920.75 300
1288 -920.6966666666667 300
1289 -920.1966666666667 300
1290 -920.2 300
1291 -919.8533333333334 300
1292 -919.2133333333334 300
1293 -917.6933333333334 300
1294 -914.7733333333333 300
1295 -909.9866666666667 300
1296 -909.99 300
1297 -910.0033333333333 300
1298 -910.11 300
1299 -910.2433333333333 300
1300 -909.3966666666666 300
1301 -909.51 300
1302 -909.6266666666667 300
1303 -909.77 300
1304 -910.1033333333334 300
1305 -910.1333333333333 300
1306 -910.3233333333334 300
1307 -910.51 300
1308 -910.9433333333334 300
1309 -911.9666666666667 300
1310 -912.8966666666666 300
1311 -912.9766666666667 300
1312 -912.6833333333333 300
1313 -913.17 300
1314 -913.63 300
1315 -914.23 300
1316 -914.74 300
1317 -914.87 300
1318 -916.05 300
1319 -914.22 300
1320 -914.7233333333334 300
1321 -910.4766666666667 300
1322 -909.9166666666666 300
1323 -908.5033333333333 300
1324 -911.4233333333333 300
1325 -911.53 300
1326 -911.45 300
1327 -909.6166666666667 300
1328 -909.6166666666667 300
1329 -909.6166666666667 300
1330 -909.6166666666667 300
1331 -909.66 300
1332 -909.7466666666667 300
1333 -909.8766666666667 300
1334 -910.0066666666667 300
1335 -910.18 300
1336 -910.7966666666666 300
1337 -911.51 300
1338 -912.8866666666667 300
1339 -915.82 300
1340 -921.2333333333333 300
1341 -922.7466666666667 300
1342 -922.7466666666667 300
1343 -922.8 300
1344 -922.2833333333333 300
1345 -922.2 300
1346 -922.1133333333333 300
1347 -921.7966666666666 300
1348 -921.3633333333333 300
1349 -922.2833333333333 300
1350 -922.3833333333333 300
1351 -922.08 300
1352 -921.9933333333333 300
1353 -921.95 300
1354 -921.7333333333333 300
1355 -921.3433333333334 300
1356 -922.1166666666667 300
1357 -922.03 300
1358 -922.03 300
1359 -922.0 300
1360 -922.0 300
1361 -922.0 300
1362 -922.0 300
1363 -922.0 300
1364 -922.0 300
1365 -922.0 300
1366 -921.9566666666667 300
1367 -922.0 300
1368 -922.0 300
1369 -922.0866666666667 300
1370 -922.13 300
1371 -922.3466666666667 300
1372 -922.6066666666667 300
1373 -922.7366666666667 300
1374 -922.78 300
1375 -922.26 300
1376 -922.78 300
1377 -922.1733333333333 300
1378 -922.26 300
1379 -922.39 300
1380 -922.6066666666667 300
1381 -922.8233333333334 300
1382 -923.1666666666666 300
1383 -923.25 300
1384 -923.3766666666667 300
1385 -923.4133333333333 300
1386 -923.62 300
1387 -923.78 300
1388 -923.98 300
1389 -923.06 300
1390 -923.3266666666667 300
1391 -923.4566666666667 300
1392 -923.5366666666666 300
1393 -923.54 300
1394 -923.6233333333333 300
1395 -923.8233333333334 300
1396 -924.11 300
1397 -924.4633333333334 300
1398 -924.87 300
1399 -925.82 300
1400 -926.6033333333334 300
1401 -925.4633333333334 300
1402 -925.9666666666667 300
1403 -926.5466666666666 300
1404 -927.9266666666666 300
1405 -930.64 300
1406 -933.5533333333333 300
1407 -934.9566666666667 300
1408 -934.9133333333333 300
1409 -934.87 300
1410 -934.7833333333333 300
1411 -934.5233333333333 300
1412 -934.09 300
1413 -933.7 300
1414 -933.0933333333334 300
1415 -931.62 300
1416 -931.49 300
1417 -933.8733333333333 300
1418 -934.1333333333333 300
1419 -934.48 300
1420 -935.0433333333333 300
1421 -935.13 300
1422 -935.13 300
1423 -935.13 300
1424 -935.13 300
1425 -935.13 300
1426 -935.13 300
1427 -935.13 300
1428 -935.13 300
1429 -935.13 300
1430 -935.1733333333333 300
1431 -935.2133333333334 300
1432 -935.2133333333334 300
1433 -935.1733333333333 300
1434 -935.13 300
1435 -935.13 300
1436 -935.13 300
1437 -935.13 300
1438 -935.13 300
1439 -935.1333333333333 300
1440 -935.1333333333333 300
1441 -935.1333333333333 300
1442 -935.18 300
1443 -935.2233333333334 300
1444 -935.2666666666667 300
1445 -935.2666666666667 300
1446 -935.2233333333334 300
1447 -935.2233333333334 300
1448 -935.09 300
1449 -935.0 300
1450 -935.0 300
1451 -935.0 300
1452 -935.0433333333333 300
1453 -935.0433333333333 300
1454 -935.0433333333333 300
1455 -935.0433333333333 300
1456 -935.0433333333333 300
1457 -935.0433333333333 300
1458 -935.0433333333333 300
1459 -935.0866666666667 300
1460 -935.0866666666667 300
1461 -935.13 300
1462 -935.13 300
1463 -935.13 300
1464 -935.13 300
1465 -935.13 300
1466 -935.13 300
1467 -935.13 300
1468 -935.13 300
1469 -935.13 300
1470 -935.13 300
1471 -935.13 300
1472 -935.13 300
1473 -935.27 300
1474 -935.3133333333334 300
1475 -935.3133333333334 300
1476 -935.3566666666667 300
1477 -935.4433333333334 300
1478 -935.4866666666667 300
1479 -935.6166666666667 300
1480 -936.05 300
1481 -936.3866666666667 300
1482 -937.34 300
1483 -938.38 300
1484 -939.1166666666667 300
1485 -939.6833333333333 300
1486 -935.9133333333333 300
1487 -935.87 300
1488 -935.87 300
1489 -935.9133333333333 300
1490 -935.9133333333333 300
1491 -935.9133333333333 300
1492 -935.9133333333333 300
1493 -935.9133333333333 300
1494 -935.8733333333333 300
1495 -935.83 300
1496 -935.83 300
1497 -935.7866666666666 300
1498 -935.7866666666666 300
1499 -935.7866666666666 300
1500 -935.7433333333333 300
1501 -935.7866666666666 300
1502 -935.7866666666666 300
1503 -935.7866666666666 300
1504 -935.7866666666666 300
1505 -935.7866666666666 300
1506 -935.83 300
1507 -935.8733333333333 300
1508 -935.2466666666667 300
1509 -935.2433333333333 300
1510 -935.0433333333333 300
1511 -935.0433333333333 300
1512 -935.0433333333333 300
1513 -935.0433333333333 300
1514 -935.0433333333333 300
1515 -935.0433333333333 300
1516 -935.0433333333333 300
1517 -935.0433333333333 300
1518 -935.0433333333333 300
1519 -935.0433333333333 300
1520 -935.0866666666667 300
1521 -935.0433333333333 300
1522 -935.0433333333333 300
1523 -935.0866666666667 300
1524 -935.13 300
1525 -935.3033333333333 300
1526 -935.4766666666667 300
1527 -935.78 300
1528 -936.04 300
1529 -936.2566666666667 300
1530 -936.2133333333334 300
1531 -936.2133333333334 300
1532 -936.2133333333334 300
1533 -936.2133333333334 300
1534 -936.2566666666667 300
1535 -934.87 300
1536 -934.9133333333333 300
1537 -934.9133333333333 300
1538 -934.9133333333333 300
1539 -935.0 300
1540 -935.0866666666667 300
1541 -935.0 300
1542 -935.0866666666667 300
1543 -935.13 300
1544 -935.13 300
1545 -935.13 300
1546 -935.13 300
1547 -935.13 300
1548 -935.2433333333333 300
1549 -935.2433333333333 300
1550 -935.2 300
1551 -935.2 300
1552 -935.2 300
1553 -935.2 300
1554 -935.2433333333333 300
1555 -935.2866666666666 300
1556 -935.2433333333333 300
1557 -935.2433333333333 300
1558 -935.2433333333333 300
1559 -935.2433333333333 300
1560 -935.34 300
1561 -935.34 300
1562 -935.2266666666667 300
1563 -935.2266666666667 300
1564 -935.1833333333333 300
1565 -935.1833333333333 300
1566 -935.1833333333333 300
1567 -935.1833333333333 300
1568 -935.1833333333333 300
1569 -935.1833333333333 300
1570 -935.0866666666667 300
1571 -935.0866666666667 300
1572 -935.0866666666667 300
1573 -935.0866666666667 300
1574 -935.0866666666667 300
1575 -935.0866666666667 300
1576 -935.0866666666667 300
1577 -935.0866666666667 300
1578 -935.0866666666667 300
1579 -935.0866666666667 300
1580 -935.0866666666667 300
1581 -935.0433333333333 300
1582 -935.0 300
1583 -934.9133333333333 300
1584 -934.87 300
1585 -934.8266666666667 300
1586 -934.74 300
1587 -934.5233333333333 300
1588 -934.0033333333333 300
1589 -934.0466666666666 300
1590 -934.0033333333333 300
1591 -933.96 300
1592 -933.8733333333333 300
1593 -933.96 300
1594 -933.7866666666666 300
1595 -933.7866666666666 300
1596 -933.7 300
1597 -933.6133333333333 300
1598 -933.2233333333334 300
1599 -933.2666666666667 300
1600 -933.18 300
1601 -933.18 300
1602 -932.7466666666667 300
1603 -932.7033333333334 300
1604 -932.6166666666667 300
1605 -932.5733333333334 300
1606 -932.6166666666667 300
1607 -934.1333333333333 300
1608 -933.44 300
1609 -932.3566666666667 300
1610 -930.45 300
1611 -927.46 300
1612 -927.6333333333333 300
1613 -927.85 300
1614 -927.9366666666666 300
1615 -925.7266666666667 300
1616 -925.9 300
1617 -926.1366666666667 300
1618 -926.2866666666666 300
1619 -926.4633333333334 300
1620 -926.8233333333334 300
1621 -927.5633333333334 300
1622 -928.7966666666666 300
1623 -929.4233333333333 300
1624 -927.1266666666667 300
1625 -927.4333333333333 300
1626 -928.18 300
1627 -928.9633333333334 300
1628 -929.5366666666666 300
1629 -930.5833333333334 300
1630 -932.2766666666666 300
1631 -933.57 300
1632 -933.57 300
1633 -933.5266666666666 300
1634 -933.57 300
1635 -932.7466666666667 300
1636 -931.49 300
1637 -928.9333333333333 300
1638 -927.33 300
1639 -927.6766666666666 300
1640 -928.4133333333333 300
1641 -929.15 300
1642 -930.1466666666666 300
1643 -930.1466666666666 300
1644 -931.62 300
1645 -933.3966666666666 300
1646 -933.2666666666667 300
1647 -933.1366666666667 300
1648 -933.05 300
1649 -932.8333333333334 300
1650 -932.7033333333334 300
1651 -932.5733333333334 300
1652 -932.79 300
1653 -932.6166666666667 300
1654 -933.05 300
1655 -932.79 300
1656 -932.4466666666667 300
1657 -932.23 300
1658 -932.23 300
1659 -931.97 300
1660 -931.6233333333333 300
1661 -931.4066666666666 300
1662 -931.1033333333334 300
1663 -930.8 300
1664 -930.4966666666667 300
1665 -930.8433333333334 300
1666 -928.5466666666666 300
1667 -924.0833333333334 300
1668 -923.91 300
1669 -923.9533333333334 300
1670 -924.04 300
1671 -924.04 300
1672 -924.04 300
1673 -924.0833333333334 300
1674 -924.0833333333334 300
1675 -924.0833333333334 300
1676 -924.0833333333334 300
1677 -924.0833333333334 300
1678 -924.0833333333334 300
1679 -924.1266666666667 300
1680 -924.2133333333334 300
1681 -924.3033333333333 300
1682 -922.5266666666666 300
1683 -922.5266666666666 300
1684 -922.5266666666666 300
1685 -922.3033333333333 300
1686 -922.3033333333333 300
1687 -922.3033333333333 300
1688 -922.3033333333333 300
1689 -922.3033333333333 300
1690 -922.3033333333333 300
1691 -922.3033333333333 300
1692 -922.3033333333333 300
1693 -922.3466666666667 300
1694 -922.3466666666667 300
1695 -922.3466666666667 300
1696 -922.3466666666667 300
1697 -922.3033333333333 300
1698 -922.3033333333333 300
1699 -922.1733333333333 300
1700 -921.87 300
1701 -921.22 300
1702 -919.8333333333334 300
1703 -918.49 300
1704 -914.4166666666666 300
1705 -913.29 300
1706 -913.3333333333334 300
1707 -913.3766666666667 300
1708 -913.42 300
1709 -913.3766666666667 300
1710 -913.42 300
1711 -913.5933333333334 300
1712 -913.7666666666667 300
1713 -913.94 300
1714 -914.46 300
1715 -914.9366666666666 300
1716 -915.0666666666667 300
1717 -915.11 300
1718 -915.11 300
1719 -915.11 300
1720 -915.1533333333333 300
1721 -915.1966666666667 300
1722 -915.24 300
1723 -915.2833333333333 300
1724 -916.1966666666667 300
1725 -917.5833333333334 300
1726 -917.7966666666666 300
1727 -915.6766666666666 300
1728 -911.2233333333334 300
1729 -909.48 300
1730 -909.48 300
1731 -909.4766666666667 300
1732 -909.4766666666667 300
1733 -909.52 300
1734 -909.52 300
1735 -909.52 300
1736 -909.52 300
1737 -909.52 300
1738 -909.52 300
1739 -909.52 300
1740 -909.52 300
1741 -909.52 300
1742 -909.52 300
1743 -909.52 300
1744 -909.52 300
1745 -909.52 300
1746 -909.6166666666667 300
1747 -909.6166666666667 300
1748 -909.6166666666667 300
1749 -909.6166666666667 300
1750 -909.6166666666667 300
1751 -909.6166666666667 300
1752 -909.6166666666667 300
1753 -909.6166666666667 300
1754 -909.6166666666667 300
1755 -909.6166666666667 300
1756 -909.6166666666667 300
1757 -909.6166666666667 300
1758 -909.6166666666667 300
1759 -909.6166666666667 300
1760 -909.6166666666667 300
1761 -909.6166666666667 300
1762 -909.6166666666667 300
1763 -909.6166666666667 300
1764 -909.6166666666667 300
1765 -909.6166666666667 300
1766 -909.6166666666667 300
1767 -909.6166666666667 300
1768 -909.6166666666667 300
1769 -909.52 300
1770 -909.52 300
1771 -909.52 300
1772 -909.52 300
1773 -909.52 300
1774 -909.52 300
1775 -909.52 300
1776 -909.45 300
1777 -909.45 300
1778 -909.45 300
1779 -909.52 300
1780 -909.52 300
1781 -909.52 300
1782 -909.52 300
1783 -909.52 300
1784 -909.52 300
1785 -909.52 300
1786 -909.52 300
1787 -909.52 300
1788 -909.52 300
1789 -909.52 300
1790 -909.52 300
1791 -909.52 300
1792 -909.52 300
1793 -909.52 300
1794 -909.52 300
1795 -909.52 300
1796 -909.5233333333333 300
1797 -909.5233333333333 300
1798 -909.5233333333333 300
1799 -909.48 300
1800 -909.48 300
1801 -909.3666666666667 300
1802 -909.3666666666667 300
1803 -909.2533333333333 300
1804 -909.2266666666667 300
1805 -909.1133333333333 300
1806 -909.0 300
1807 -908.8866666666667 300
1808 -908.7733333333333 300
1809 -908.66 300
1810 -908.5466666666666 300
1811 -908.4333333333333 300
1812 -908.32 300
1813 -908.2066666666667 300
1814 -908.0966666666667 300
1815 -906.9466666666667 300
1816 -905.9433333333334 300
1817 -906.2866666666666 300
1818 -906.2866666666666 300
1819 -906.1733333333333 300
1820 -906.1733333333333 300
1821 -906.06 300
1822 -905.9466666666667 300
1823 -905.8333333333334 300
1824 -905.8333333333334 300
1825 -905.72 300
1826 -909.45 300
1827 -909.3366666666667 300
1828 -908.9966666666667 300
1829 -908.77 300
1830 -908.43 300
1831 -908.09 300
1832 -907.07 300
1833 -906.1633333333333 300
1834 -905.9366666666666 300
1835 -905.8233333333334 300
1836 -905.9366666666666 300
1837 -904.4633333333334 300
1838 -901.4033333333333 300
1839 -895.3966666666666 300
1840 -883.41 300
1841 -883.7766666666666 300
1842 -883.9866666666667 300
1843 -883.0633333333334 300
1844 -883.5633333333334 300
1845 -883.93 300
1846 -884.56 300
1847 -885.2833333333333 300
1848 -880.67 300
1849 -880.8933333333333 300
1850 -881.2966666666666 300
1851 -882.1766666666666 300
1852 -882.5933333333334 300
1853 -883.54 300
1854 -883.9266666666666 300
1855 -884.03 300
1856 -884.9466666666667 300
1857 -885.4466666666667 300
1858 -886.63 300
1859 -887.53 300
1860 -888.56 300
1861 -889.9 300
1862 -890.92 300
1863 -892.35 300
1864 -887.97 300
1865 -888.07 300
1866 -888.27 300
1867 -888.27 300
1868 -888.37 300
1869 -888.47 300
1870 -888.57 300
1871 -888.67 300
1872 -888.7833333333333 300
1873 -888.8833333333333 300
1874 -889.0833333333334 300
1875 -889.3966666666666 300
1876 -889.61 300
1877 -889.71 300
1878 -889.9233333333333 300
1879 -890.1233333333333 300
1880 -890.1233333333333 300
1881 -890.5266666666666 300
1882 -890.6266666666667 300
1883 -890.8266666666667 300
1884 -891.2266666666667 300
1885 -891.5266666666666 300
1886 -891.34 300
1887 -890.0966666666667 300
1888 -883.41 300
1889 -882.18 300
1890 -882.5933333333334 300
1891 -882.9933333333333 300
1892 -883.62 300
1893 -883.9766666666667 300
1894 -884.0766666666667 300
1895 -884.4333333333333 300
1896 -884.7333333333333 300
1897 -885.69 300
1898 -886.19 300
1899 -887.4933333333333 300
1900 -888.3366666666667 300
1901 -885.7666666666667 300
1902 -886.7666666666667 300
1903 -888.0666666666667 300
1904 -890.1533333333333 300
1905 -891.7533333333333 300
1906 -893.9966666666667 300
1907 -886.14 300
1908 -887.1133333333333 300
1909 -889.0433333333333 300
1910 -878.6866666666666 300
1911 -877.23 300
1912 -877.23 300
1913 -877.33 300
1914 -877.3733333333333 300
1915 -877.3733333333333 300
1916 -877.4166666666666 300
1917 -877.46 300
1918 -877.5033333333333 300
1919 -877.5466666666666 300
1920 -877.0933333333334 300
1921 -877.1366666666667 300
1922 -877.28 300
1923 -877.3233333333334 300
1924 -877.4666666666667 300
1925 -876.5566666666666 300
1926 -876.6 300
1927 -876.6433333333333 300
1928 -876.8266666666667 300
1929 -876.9566666666667 300
1930 -877.0866666666667 300
1931 -877.0333333333333 300
1932 -877.0333333333333 300
1933 -877.0766666666667 300
1934 -877.0766666666667 300
1935 -877.12 300
1936 -877.1633333333333 300
1937 -877.1633333333333 300
1938 -877.2066666666667 300
1939 -877.25 300
1940 -877.3366666666667 300
1941 -877.38 300
1942 -877.4666666666667 300
1943 -877.4666666666667 300
1944 -877.5533333333333 300
1945 -877.64 300
1946 -877.7266666666667 300
1947 -877.77 300
1948 -877.8133333333334 300
1949 -877.8566666666667 300
1950 -877.9466666666667 300
1951 -877.9466666666667 300
1952 -877.95 300
1953 -877.9066666666666 300
1954 -877.9066666666666 300
1955 -877.9666666666667 300
1956 -878.1366666666667 300
1957 -877.4066666666666 300
1958 -877.32 300
1959 -877.2766666666666 300
1960 -877.2766666666666 300
1961 -877.19 300
1962 -877.2466666666667 300
1963 -875.5566666666666 300
1964 -872.87 300
1965 -867.44 300
1966 -866.96 300
1967 -866.2233333333334 300
1968 -866.5266666666666 300
1969 -867.0466666666666 300
1970 -867.6966666666667 300
1971 -868.4333333333333 300
1972 -869.6033333333334 300
1973 -871.2166666666667 300
1974 -873.4166666666666 300
1975 -873.6333333333333 300
1976 -876.7966666666666 300
1977 -876.7966666666666 300
1978 -876.8933333333333 300
1979 -877.0366666666666 300
1980 -877.0366666666666 300
1981 -876.82 300
1982 -876.0966666666667 300
1983 -875.12 300
1984 -877.0166666666667 300
1985 -878.02 300
1986 -878.54 300
1987 -879.7233333333334 300
1988 -880.4733333333334 300
1989 -882.7166666666667 300
1990 -887.2533333333333 300
1991 -886.96 300
1992 -886.35 300
1993 -885.1366666666667 300
1994 -885.0933333333334 300
1995 -885.18 300
1996 -887.7166666666667 300
1997 -887.7733333333333 300
1998 -887.6866666666666 300
1999 -887.6533333333333 300
2000 -887.2633333333333 300
2001 -886.9166666666666 300
2002 -886.1466666666666 300
2003 -889.0833333333334 300
2004 -889.3 300
2005 -889.52 300
2006 -890.04 300
2007 -891.0166666666667 300
2008 -891.1466666666666 300
2009 -889.89 300
2010 -890.93 300
2011 -892.5333333333333 300
2012 -895.2666666666667 300
2013 -894.7966666666666 300
2014 -895.0333333333333 300
2015 -895.07 300
2016 -894.82 300
2017 -896.28 300
2018 -896.1666666666666 300
2019 -895.99 300
2020 -894.8133333333334 300
2021 -895.86 300
2022 -897.5533333333333 300
2023 -897.9166666666666 300
2024 -898.11 300
2025 -898.73 300
2026 -899.2266666666667 300
2027 -900.02 300
2028 -900.0066666666667 300
2029 -899.9233333333333 300
2030 -899.87 300
2031 -899.78 300
2032 -899.9966666666667 300
2033 -900.1633333333333 300
2034 -900.72 300
2035 -900.9466666666667 300
2036 -901.0566666666666 300
2037 -901.04 300
2038 -901.05 300
2039 -901.0 300
2040 -901.0 300
2041 -901.0 300
2042 -901.0 300
2043 -901.0 300
2044 -901.0 300
2045 -901.0 300
2046 -901.0 300
2047 -901.0866666666667 300
2048 -901.0866666666667 300
2049 -901.0 300
2050 -901.0033333333333 300
2051 -901.0033333333333 300
2052 -901.0033333333333 300
2053 -901.0033333333333 300
2054 -901.0033333333333 300
2055 -901.0033333333333 300
2056 -901.0033333333333 300
2057 -901.0033333333333 300
2058 -901.0033333333333 300
2059 -901.0033333333333 300
2060 -901.0033333333333 300
2061 -901.0033333333333 300
2062 -901.0033333333333 300
2063 -901.0033333333333 300
2064 -901.0033333333333 300
2065 -901.0033333333333 300
2066 -901.0033333333333 300
2067 -901.0033333333333 300
2068 -901.0033333333333 300
2069 -901.0033333333333 300
2070 -901.0033333333333 300
2071 -901.0033333333333 300
2072 -901.0033333333333 300
2073 -901.0033333333333 300
2074 -901.0033333333333 300
2075 -901.0466666666666 300
2076 -901.0466666666666 300
2077 -901.0466666666666 300
2078 -901.0466666666666 300
2079 -901.0466666666666 300
2080 -901.0466666666666 300
2081 -901.0466666666666 300
2082 -901.0466666666666 300
2083 -901.09 300
2084 -901.09 300
2085 -901.09 300
2086 -901.09 300
2087 -901.09 300
2088 -901.09 300
2089 -901.09 300
2090 -901.1333333333333 300
2091 -901.09 300
2092 -901.09 300
2093 -901.0466666666666 300
2094 -901.0466666666666 300
2095 -901.0033333333333 300
2096 -901.0033333333333 300
2097 -901.0033333333333 300
2098 -901.0033333333333 300
2099 -901.0033333333333 300
2100 -901.0033333333333 300
2101 -901.0033333333333 300
2102 -901.0033333333333 300
2103 -901.0033333333333 300
2104 -901.0033333333333 300
2105 -901.0033333333333 300
2106 -901.0 300
2107 -900.9566666666667 300
2108 -900.9133333333333 300
2109 -901.0 300
2110 -900.9566666666667 300
2111 -900.9566666666667 300
2112 -900.9133333333333 300
2113 -900.9133333333333 300
2114 -900.9133333333333 300
2115 -900.9566666666667 300
2116 -901.0466666666666 300
2117 -901.09 300
2118 -901.09 300
2119 -901.09 300
2120 -901.09 300
2121 -901.09 300
2122 -901.0466666666666 300
2123 -901.0466666666666 300
2124 -901.0466666666666 300
2125 -901.09 300
2126 -901.09 300
2127 -901.1333333333333 300
2128 -901.09 300
2129 -901.09 300
2130 -901.0466666666666 300
2131 -901.0466666666666 300
2132 -901.0466666666666 300
2133 -901.0466666666666 300
2134 -901.0466666666666 300
2135 -901.0466666666666 300
2136 -901.0033333333333 300
2137 -901.0466666666666 300
2138 -901.0466666666666 300
2139 -901.0466666666666 300
2140 -901.0466666666666 300
2141 -901.0466666666666 300
2142 -901.0466666666666 300
2143 -901.0466666666666 300
2144 -901.0466666666666 300
2145 -901.0466666666666 300
2146 -901.0466666666666 300
2147 -901.0466666666666 300
2148 -901.0466666666666 300
2149 -901.0466666666666 300
2150 -901.0466666666666 300
2151 -901.0466666666666 300
2152 -901.0466666666666 300
2153 -901.0466666666666 300
2154 -901.0466666666666 300
2155 -901.0466666666666 300
2156 -901.0466666666666 300
2157 -901.0466666666666 300
2158 -901.0466666666666 300
2159 -901.0466666666666 300
2160 -901.0466666666666 300
2161 -901.0466666666666 300
2162 -901.0466666666666 300
2163 -901.0466666666666 300
2164 -901.0466666666666 300
2165 -901.0466666666666 300
2166 -901.0466666666666 300
2167 -901.0466666666666 300
2168 -901.0466666666666 300
2169 -901.0466666666666 300
2170 -901.0466666666666 300
2171 -901.0466666666666 300
2172 -901.0466666666666 300
2173 -901.0466666666666 300
2174 -901.0466666666666 300
2175 -901.0466666666666 300
2176 -901.0466666666666 300
2177 -901.09 300
2178 -901.09 300
2179 -901.09 300
2180 -901.19 300
2181 -901.19 300
2182 -901.19 300
2183 -901.19 300
2184 -901.19 300
2185 -901.19 300
2186 -901.1466666666666 300
2187 -901.1466666666666 300
2188 -901.1466666666666 300
2189 -901.1466666666666 300
2190 -901.1466666666666 300
2191 -901.1466666666666 300
2192 -901.1466666666666 300
2193 -901.1466666666666 300
2194 -901.1466666666666 300
2195 -901.1466666666666 300
2196 -901.11 300
2197 -901.11 300
2198 -901.11 300
2199 -900.9666666666667 300
2200 -900.9666666666667 300
2201 -900.9666666666667 300
2202 -900.9666666666667 300
2203 -900.9666666666667 300
2204 -900.9666666666667 300
2205 -900.9666666666667 300
2206 -900.9666666666667 300
2207 -900.9666666666667 300
2208 -900.9666666666667 300
2209 -900.9666666666667 300
2210 -900.9666666666667 300
2211 -900.9666666666667 300
2212 -901.01 300
2213 -901.01 300
2214 -901.01 300
2215 -901.0466666666666 300
2216 -901.0466666666666 300
2217 -901.0466666666666 300
2218 -901.0466666666666 300
2219 -901.0466666666666 300
2220 -901.0466666666666 300
2221 -901.0466666666666 300
2222 -901.0466666666666 300
2223 -901.09 300
2224 -901.09 300
2225 -901.0466666666666 300
2226 -901.0466666666666 300
2227 -901.0466666666666 300
2228 -901.0466666666666 300
2229 -901.0466666666666 300
2230 -901.0466666666666 300
2231 -901.0466666666666 300
2232 -901.0466666666666 300
2233 -901.0033333333333 300
2234 -901.0033333333333 300
2235 -901.0033333333333 300
2236 -900.96 300
2237 -900.96 300
2238 -900.96 300
2239 -900.8733333333333 300
2240 -900.9166666666666 300
2241 -900.7 300
2242 -901.0466666666666 300
2243 -901.0466666666666 300
2244 -901.09 300
2245 -901.0933333333334 300
2246 -901.0466666666666 300
2247 -900.9233333333333 300
2248 -900.62 300
2249 -901.1 300
2250 -901.0166666666667 300
2251 -901.0166666666667 300
2252 -901.0166666666667 300
2253 -900.98 300
2254 -900.9366666666666 300
2255 -900.8933333333333 300
2256 -900.85 300
2257 -900.8066666666666 300
2258 -900.72 300
2259 -900.6333333333333 300
2260 -900.5466666666666 300
2261 -900.5033333333333 300
2262 -900.3133333333334 300
2263 -899.5966666666667 300
2264 -898.51 300
2265 -898.0666666666667 300
2266 -898.0666666666667 300
2267 -897.8933333333333 300
2268 -897.8066666666666 300
2269 -897.6766666666666 300
2270 -897.6333333333333 300
2271 -897.6333333333333 300
2272 -900.1466666666666 300
2273 -899.9733333333334 300
2274 -899.8433333333334 300
2275 -899.7566666666667 300
2276 -899.5833333333334 300
2277 -899.4533333333334 300
2278 -899.3666666666667 300
2279 -899.2366666666667 300
2280 -899.0633333333334 300
2281 -898.89 300
2282 -898.7166666666667 300
2283 -898.5433333333333 300
2284 -899.0633333333334 300
2285 -897.72 300
2286 -895.1633333333333 300
2287 -894.7733333333333 300
2288 -894.6433333333333 300
2289 -894.6866666666666 300
2290 -895.5533333333333 300
2291 -896.94 300
2292 -898.89 300
2293 -899.7566666666667 300
2294 -899.7133333333334 300
2295 -899.7566666666667 300
2296 -899.8866666666667 300
2297 -899.93 300
2298 -899.8866666666667 300
2299 -899.9733333333334 300
2300 -899.9733333333334 300
2301 -899.8866666666667 300
2302 -898.8433333333334 300
2303 -898.97 300
2304 -898.97 300
2305 -899.0566666666666 300
2306 -899.0133333333333 300
2307 -898.9266666666666 300
2308 -898.9266666666666 300
2309 -900.79 300
2310 -900.74 300
2311 -900.6966666666667 300
2312 -900.6533333333333 300
2313 -900.61 300
2314 -900.61 300
2315 -900.5666666666667 300
2316 -900.5233333333333 300
2317 -900.48 300
2318 -900.4366666666666 300
2319 -900.3933333333333 300
2320 -900.35 300
2321 -900.3066666666666 300
2322 -900.2633333333333 300
2323 -900.22 300
2324 -900.1766666666666 300
2325 -900.1333333333333 300
2326 -900.09 300
2327 -901.1733333333333 300
2328 -901.1733333333333 300
2329 -901.2166666666667 300
2330 -901.1733333333333 300
2331 -901.1733333333333 300
2332 -901.1733333333333 300
2333 -901.1733333333333 300
2334 -901.1733333333333 300
2335 -901.27 300
2336 -901.27 300
2337 -901.27 300
2338 -901.27 300
2339 -901.27 300
2340 -901.27 300
2341 -901.2666666666667 300
2342 -901.2633333333333 300
2343 -901.26 300
2344 -901.2566666666667 300
2345 -901.2566666666667 300
2346 -901.2533333333333 300
2347 -901.25 300
2348 -901.2466666666667 300
2349 -901.2433333333333 300
2350 -901.28 300
2351 -901.2766666666666 300
2352 -901.2733333333333 300
2353 -901.2733333333333 300
2354 -901.2466666666667 300
2355 -901.2133333333334 300
2356 -901.2166666666667 300
2357 -901.2133333333334 300
2358 -901.23 300
2359 -901.2266666666667 300
2360 -901.23 300
2361 -901.23 300
2362 -901.2366666666667 300
2363 -901.24 300
2364 -901.24 300
2365 -901.2366666666667 300
2366 -901.2333333333333 300
2367 -901.23 300
2368 -901.2266666666667 300
2369 -901.2233333333334 300
2370 -901.22 300
2371 -901.1733333333333 300
2372 -901.1766666666666 300
2373 -901.1766666666666 300
2374 -901.18 300
2375 -901.18 300
2376 -901.1833333333333 300
2377 -901.1833333333333 300
2378 -901.1866666666666 300
2379 -901.1866666666666 300
2380 -901.1866666666666 300
2381 -901.1866666666666 300
2382 -901.19 300
2383 -901.19 300
2384 -901.19 300
2385 -901.19 300
2386 -901.19 300
2387 -901.1933333333334 300
2388 -901.1933333333334 300
2389 -901.1933333333334 300
2390 -901.1933333333334 300
2391 -901.1933333333334 300
2392 -901.1933333333334 300
2393 -901.1966666666667 300
2394 -901.1966666666667 300
2395 -901.1966666666667 300
2396 -901.24 300
2397 -901.3133333333334 300
2398 -901.27 300
2399 -901.27 300
2400 -901.27 300
2401 -901.27 300
2402 -901.27 300
2403 -901.27 300
2404 -901.27 300
2405 -901.27 300
2406 -901.27 300
2407 -901.27 300
2408 -901.1733333333333 300
2409 -901.1733333333333 300
2410 -901.1733333333333 300
2411 -901.1733333333333 300
2412 -901.1733333333333 300
2413 -901.1733333333333 300
2414 -901.1733333333333 300
2415 -901.1733333333333 300
2416 -901.1733333333333 300
2417 -901.1733333333333 300
2418 -901.1733333333333 300
2419 -901.1733333333333 300
2420 -901.1733333333333 300
2421 -901.1733333333333 300
2422 -901.1733333333333 300
2423 -901.1733333333333 300
2424 -901.1733333333333 300
2425 -901.1733333333333 300
2426 -901.1733333333333 300
2427 -901.1733333333333 300
2428 -901.1733333333333 300
2429 -901.1733333333333 300
2430 -901.1733333333333 300
2431 -901.1733333333333 300
2432 -901.1733333333333 300
2433 -901.1733333333333 300
2434 -901.1733333333333 300
2435 -901.1733333333333 300
2436 -901.17 300
2437 -901.17 300
2438 -901.17 300
2439 -901.17 300
2440 -901.17 300
2441 -901.17 300
2442 -901.17 300
2443 -901.17 300
2444 -901.17 300
2445 -901.17 300
2446 -901.17 300
2447 -901.17 300
2448 -901.17 300
2449 -901.17 300
2450 -901.17 300
2451 -901.17 300
2452 -901.17 300
2453 -901.17 300
2454 -901.17 300
2455 -901.1666666666666 300
2456 -901.1666666666666 300
2457 -901.1666666666666 300
2458 -901.1666666666666 300
2459 -901.1666666666666 300
2460 -901.1666666666666 300
2461 -901.1666666666666 300
2462 -901.1633333333333 300
2463 -901.1733333333333 300
2464 -901.1733333333333 300
2465 -901.1733333333333 300
2466 -901.1733333333333 300
2467 -901.1733333333333 300
2468 -901.1733333333333 300
2469 -901.1733333333333 300
2470 -901.1733333333333 300
2471 -901.2166666666667 300
2472 -901.1733333333333 300
2473 -901.1733333333333 300
2474 -901.1733333333333 300
2475 -901.1733333333333 300
2476 -901.1733333333333 300
2477 -901.1733333333333 300
2478 -901.1733333333333 300
2479 -901.1733333333333 300
2480 -901.1733333333333 300
2481 -901.1733333333333 300
2482 -901.1733333333333 300
2483 -901.1733333333333 300
2484 -901.1733333333333 300
2485 -901.1733333333333 300
2486 -901.1733333333333 300
2487 -901.1733333333333 300
2488 -901.1733333333333 300
2489 -901.1733333333333 300
2490 -901.2733333333333 300
2491 -901.27 300
2492 -901.27 300
2493 -901.27 300
2494 -901.27 300
2495 -901.27 300
2496 -901.27 300
2497 -901.3133333333334 300
2498 -901.3133333333334 300
2499 -901.3133333333334 300
2500 -901.3133333333334 300
2501 -901.3133333333334 300
2502 -901.3133333333334 300
2503 -901.3133333333334 300
2504 -901.3133333333334 300
2505 -901.3133333333334 300
2506 -901.3133333333334 300
2507 -901.3566666666667 300
2508 -901.26 300
2509 -901.26 300
2510 -901.26 300
2511 -901.26 300
2512 -901.26 300
2513 -901.26 300
2514 -901.26 300
2515 -901.26 300
2516 -901.26 300
2517 -901.26 300
2518 -901.26 300
2519 -901.26 300
2520 -901.26 300
2521 -901.26 300
2522 -901.26 300
2523 -901.26 300
2524 -901.26 300
2525 -901.26 300
2526 -901.26 300
2527 -901.26 300
2528 -901.2166666666667 300
2529 -901.2166666666667 300
2530 -901.2166666666667 300
2531 -901.2166666666667 300
2532 -901.2166666666667 300
2533 -901.2166666666667 300
2534 -901.2166666666667 300
2535 -901.1733333333333 300
2536 -901.2166666666667 300
2537 -901.1733333333333 300
2538 -901.13 300
2539 -901.0866666666667 300
2540 -901.0433333333333 300
2541 -901.0 300
2542 -900.9633333333334 300
2543 -900.92 300
2544 -900.8766666666667 300
2545 -900.8333333333334 300
2546 -900.79 300
2547 -900.7466666666667 300
2548 -900.7066666666667 300
2549 -900.6633333333333 300
2550 -900.62 300
2551 -900.58 300
2552 -900.5366666666666 300
2553 -901.0133333333333 300
2554 -901.0133333333333 300
2555 -900.97 300
2556 -900.9266666666666 300
2557 -900.8833333333333 300
2558 -900.84 300
2559 -900.7966666666666 300
2560 -900.7533333333333 300
2561 -900.71 300
2562 -900.62 300
2563 -900.62 300
2564 -900.5766666666667 300
2565 -900.5333333333333 300
2566 -900.49 300
2567 -900.4466666666667 300
2568 -900.4033333333333 300
2569 -900.36 300
2570 -900.3166666666667 300
2571 -900.2733333333333 300
2572 -900.23 300
2573 -900.19 300
2574 -900.1466666666666 300
2575 -900.1033333333334 300
2576 -900.06 300
2577 -900.0166666666667 300
2578 -899.9733333333334 300
2579 -899.93 300
2580 -899.8866666666667 300
2581 -899.8433333333334 300
2582 -899.8 300
2583 -899.7566666666667 300
2584 -899.7133333333334 300
2585 -899.67 300
2586 -899.67 300
2587 -899.7133333333334 300
2588 -899.7133333333334 300
2589 -899.7133333333334 300
2590 -899.7133333333334 300
2591 -899.7133333333334 300
2592 -899.7566666666667 300
2593 -899.7566666666667 300
2594 -899.7566666666667 300
2595 -899.7566666666667 300
2596 -899.7566666666667 300
2597 -899.8 300
2598 -899.8 300
2599 -899.8 300
2600 -899.8 300
2601 -899.8466666666667 300
2602 -899.85 300
2603 -899.85 300
2604 -898.8533333333334 300
2605 -898.55 300
2606 -898.55 300
2607 -898.5066666666667 300
2608 -898.6366666666667 300
2609 -898.7233333333334 300
2610 -898.7233333333334 300
2611 -898.7666666666667 300
2612 -898.8966666666666 300
2613 -898.9833333333333 300
2614 -899.0266666666666 300
2615 -899.1566666666666 300
2616 -899.1566666666666 300
2617 -899.29 300
2618 -899.29 300
2619 -899.3366666666667 300
2620 -899.3366666666667 300
2621 -899.38 300
2622 -899.38 300
2623 -899.4233333333333 300
2624 -899.3733333333333 300
2625 -899.3333333333334 300
2626 -899.3766666666667 300
2627 -899.3766666666667 300
2628 -899.38 300
2629 -899.34 300
2630 -898.4366666666666 300
2631 -898.75 300
2632 -897.5466666666666 300
2633 -897.6766666666666 300
2634 -897.81 300
2635 -897.89 300
2636 -897.98 300
2637 -897.9833333333333 300
2638 -898.03 300
2639 -895.4933333333333 300
2640 -895.8733333333333 300
2641 -896.45 300
2642 -897.4933333333333 300
2643 -897.2166666666667 300
2644 -897.2566666666667 300
2645 -897.4133333333333 300
2646 -897.57 300
2647 -897.4466666666667 300
2648 -897.4033333333333 300
2649 -897.32 300
2650 -897.3966666666666 300
2651 -897.4333333333333 300
2652 -897.55 300
2653 -897.6266666666667 300
2654 -897.6633333333333 300
2655 -899.5733333333334 300
2656 -900.37 300
2657 -900.24 300
2658 -900.1133333333333 300
2659 -900.07 300
2660 -900.07 300
2661 -899.9866666666667 300
2662 -899.9033333333333 300
2663 -899.86 300
2664 -899.82 300
2665 -899.78 300
2666 -899.6966666666667 300
2667 -899.6 300
2668 -899.5166666666667 300
2669 -899.4766666666667 300
2670 -899.3933333333333 300
2671 -899.31 300
2672 -898.4633333333334 300
2673 -898.38 300
2674 -898.4233333333333 300
2675 -898.34 300
2676 -898.4233333333333 300
2677 -898.51 300
2678 -898.4266666666666 300
2679 -898.39 300
2680 -898.3033333333333 300
2681 -896.91 300
2682 -897.04 300
2683 -896.2733333333333 300
2684 -896.3933333333333 300
2685 -896.5266666666666 300
2686 -896.7566666666667 300
2687 -896.9233333333333 300
2688 -896.8366666666667 300
2689 -896.8333333333334 300
2690 -896.92 300
2691 -896.96 300
2692 -896.7966666666666 300
2693 -896.6333333333333 300
2694 -896.3833333333333 300
2695 -896.1333333333333 300
2696 -895.8833333333333 300
2697 -895.6333333333333 300
2698 -895.8166666666667 300
2699 -895.6533333333333 300
2700 -895.1066666666667 300
2701 -895.2433333333333 300
2702 -895.0366666666666 300
2703 -895.0466666666666 300
2704 -895.0566666666666 300
2705 -895.11 300
2706 -895.1533333333333 300
2707 -895.28 300
2708 -895.3633333333333 300
2709 -895.5733333333334 300
2710 -895.7 300
2711 -895.7033333333334 300
2712 -895.75 300
2713 -895.7966666666666 300
2714 -895.8433333333334 300
2715 -895.93 300
2716 -896.0533333333333 300
2717 -896.1366666666667 300
2718 -896.4666666666667 300
2719 -896.7233333333334 300
2720 -896.7633333333333 300
2721 -896.8466666666667 300
2722 -896.93 300
2723 -897.0133333333333 300
2724 -897.0966666666667 300
2725 -897.09 300
2726 -897.13 300
2727 -897.2166666666667 300
2728 -897.2166666666667 300
2729 -897.2166666666667 300
2730 -897.1766666666666 300
2731 -897.1766666666666 300
2732 -897.2233333333334 300
2733 -895.9666666666667 300
2734 -896.1333333333333 300
2735 -896.3933333333333 300
2736 -896.48 300
2737 -896.48 300
2738 -896.5266666666666 300
2739 -896.4833333333333 300
2740 -896.4433333333334 300
2741 -896.4866666666667 300
2742 -896.49 300
2743 -896.49 300
2744 -896.45 300
2745 -896.41 300
2746 -896.8033333333333 300
2747 -896.1366666666667 300
2748 -896.3866666666667 300
2749 -896.6466666666666 300
2750 -896.6866666666666 300
2751 -896.6866666666666 300
2752 -896.7266666666667 300
2753 -896.77 300
2754 -896.8133333333334 300
2755 -898.16 300
2756 -898.24 300
2757 -898.52 300
2758 -898.68 300
2759 -898.76 300
2760 -898.8 300
2761 -898.84 300
2762 -898.88 300
2763 -898.92 300
2764 -898.96 300
2765 -898.3766666666667 300
2766 -899.3366666666667 300
2767 -899.3766666666667 300
2768 -899.5366666666666 300
2769 -899.4966666666667 300
2770 -899.5366666666666 300
2771 -899.5366666666666 300
2772 -899.4966666666667 300
2773 -899.4966666666667 300
2774 -899.4166666666666 300
2775 -899.4166666666666 300
2776 -899.3366666666667 300
2777 -899.1366666666667 300
2778 -899.0966666666667 300
2779 -898.54 300
2780 -898.74 300
2781 -898.78 300
2782 -898.74 300
2783 -898.7 300
2784 -898.62 300
2785 -898.06 300
2786 -897.5433333333333 300
2787 -897.6633333333333 300
2788 -897.7433333333333 300
2789 -897.8633333333333 300
2790 -897.9466666666667 300
2791 -897.9066666666666 300
2792 -897.8666666666667 300
2793 -897.7866666666666 300
2794 -897.7466666666667 300
2795 -897.7066666666667 300
2796 -897.6666666666666 300
2797 -898.86 300
2798 -899.5 300
2799 -899.5766666666667 300
2800 -899.6133333333333 300
2801 -899.69 300
2802 -899.69 300
2803 -899.6866666666666 300
2804 -899.6033333333334 300
2805 -899.52 300
2806 -899.44 300
2807 -899.3566666666667 300
2808 -899.3133333333334 300
2809 -899.31 300
2810 -899.3066666666666 300
2811 -899.3033333333333 300
2812 -899.26 300
2813 -898.93 300
2814 -899.9933333333333 300
2815 -899.9533333333334 300
2816 -900.0866666666667 300
2817 -900.0866666666667 300
2818 -900.0033333333333 300
2819 -899.92 300
2820 -899.8366666666667 300
2821 -899.7533333333333 300
2822 -899.67 300
2823 -899.5866666666667 300
2824 -899.5466666666666 300
2825 -899.55 300
2826 -899.51 300
2827 -899.5133333333333 300
2828 -899.47 300
2829 -899.47 300
2830 -899.47 300
2831 -899.4733333333334 300
2832 -899.43 300
2833 -899.39 300
2834 -899.35 300
2835 -899.35 300
2836 -899.04 300
2837 -899.1266666666667 300
2838 -899.0866666666667 300
2839 -899.0866666666667 300
2840 -899.13 300
2841 -898.8833333333333 300
2842 -899.0033333333333 300
2843 -899.0033333333333 300
2844 -899.0033333333333 300
2845 -899.0466666666666 300
2846 -899.0866666666667 300
2847 -899.0466666666666 300
2848 -899.0866666666667 300
2849 -899.0866666666667 300
2850 -899.0866666666667 300
2851 -899.0866666666667 300
2852 -899.0866666666667 300
2853 -899.0866666666667 300
2854 -899.17 300
2855 -899.17 300
2856 -899.17 300
2857 -899.17 300
2858 -899.17 300
2859 -899.0433333333333 300
2860 -899.0866666666667 300
2861 -899.0866666666667 300
2862 -899.0866666666667 300
2863 -899.0866666666667 300
2864 -899.0866666666667 300
2865 -899.0866666666667 300
2866 -899.0866666666667 300
2867 -899.13 300
2868 -899.17 300
2869 -899.17 300
2870 -899.17 300
2871 -899.17 300
2872 -898.55 300
2873 -898.7166666666667 300
2874 -898.7966666666666 300
2875 -898.8766666666667 300
2876 -897.33 300
2877 -897.16 300
2878 -897.2933333333333 300
2879 -897.41 300
2880 -897.5466666666666 300
2881 -897.7533333333333 300
2882 -897.0433333333333 300
2883 -897.3733333333333 300
2884 -897.59 300
2885 -897.77 300
2886 -897.7733333333333 300
2887 -897.7366666666667 300
2888 -897.8166666666667 300
2889 -897.8166666666667 300
2890 -897.2066666666667 300
2891 -897.2866666666666 300
2892 -897.4533333333334 300
2893 -897.1266666666667 300
2894 -897.93 300
2895 -898.0533333333333 300
2896 -898.1333333333333 300
2897 -898.2533333333333 300
2898 -898.2133333333334 300
2899 -897.4433333333334 300
2900 -897.5633333333334 300
2901 -897.6033333333334 300
2902 -897.8033333333333 300
2903 -897.7633333333333 300
2904 -897.7233333333334 300
2905 -897.6833333333333 300
2906 -898.2833333333333 300
2907 -898.4033333333333 300
2908 -898.4433333333334 300
2909 -899.6033333333334 300
2910 -899.6433333333333 300
2911 -899.0833333333334 300
2912 -899.1233333333333 300
2913 -899.2433333333333 300
2914 -899.2433333333333 300
2915 -899.0833333333334 300
2916 -898.9233333333333 300
2917 -898.7633333333333 300
2918 -897.6033333333334 300
2919 -896.8433333333334 300
2920 -895.2433333333333 300
2921 -895.4833333333333 300
2922 -895.6433333333333 300
2923 -895.8433333333334 300
2924 -896.0033333333333 300
2925 -894.5633333333334 300
2926 -894.6833333333333 300
2927 -894.8833333333333 300
2928 -895.0466666666666 300
2929 -895.6633333333333 300
2930 -895.8633333333333 300
2931 -896.7033333333334 300
2932 -897.8633333333333 300
2933 -899.75 300
2934 -900.75 300
2935 -900.9033333333333 300
2936 -900.8633333333333 300
2937 -900.8233333333334 300
2938 -900.8233333333334 300
2939 -900.7833333333333 300
2940 -900.7433333333333 300
2941 -900.5633333333334 300
2942 -900.4833333333333 300
2943 -900.36 300
2944 -900.2366666666667 300
2945 -900.1133333333333 300
2946 -900.3133333333334 300
2947 -900.11 300
2948 -900.0666666666667 300
2949 -899.94 300
2950 -899.8566666666667 300
2951 -899.7333333333333 300
2952 -899.57 300
2953 -899.4466666666667 300
2954 -899.2833333333333 300
2955 -899.12 300
2956 -898.9566666666667 300
2957 -898.7933333333333 300
2958 -898.63 300
2959 -898.4666666666667 300
2960 -898.4233333333333 300
2961 -898.34 300
2962 -898.2566666666667 300
2963 -898.2166666666667 300
2964 -898.1366666666667 300
2965 -898.0966666666667 300
2966 -898.06 300
2967 -898.1 300
2968 -898.1033333333334 300
2969 -898.5766666666667 300
2970 -898.62 300
2971 -898.6633333333333 300
2972 -898.7033333333334 300
2973 -898.7033333333334 300
2974 -898.6633333333333 300
2975 -898.6633333333333 300
2976 -898.2533333333333 300
2977 -898.3766666666667 300
2978 -898.3366666666667 300
2979 -898.2533333333333 300
2980 -898.2133333333334 300
2981 -898.17 300
2982 -898.0866666666667 300
2983 -898.0433333333333 300
2984 -897.96 300
2985 -897.92 300
2986 -898.97 300
2987 -899.0533333333333 300
2988 -899.01 300
2989 -898.9666666666667 300
2990 -898.9233333333333 300
2991 -898.9166666666666 300
2992 -898.87 300
2993 -899.58 300
2994 -899.53 300
2995 -899.4833333333333 300
2996 -899.44 300
2997 -899.39 300
2998 -899.38 300
2999 -899.33 300
3000 -899.3666666666667 300
