1017.0 -721.0 
1086.0 -776.0 
1088.0 -653.0 
1140.0 -717.0 
1127.0 -730.0 
1079.0 -772.0 
1028.0 -691.0 
1033.0 -741.0 
1065.0 -660.0 
1071.0 -771.0 
1068.0 -662.0 
1037.0 -744.0 
1022.0 -722.0 
1056.0 -767.0 
1054.0 -746.0 
1140.0 -729.0 
1088.0 -653.0 
1063.0 -663.0 
1031.0 -740.0 
1134.0 -719.0 
1062.0 -769.0 
1021.0 -695.0 
1070.0 -657.0 
1045.0 -761.0 
1067.0 -658.0 
1042.0 -756.0 
1082.0 -774.0 
1060.0 -670.0 
1055.0 -766.0 
1043.0 -677.0 
1041.0 -676.0 
1019.0 -704.0 
1035.0 -747.0 
1075.0 -656.0 
1020.0 -715.0 
1023.0 -728.0 
1025.0 -697.0 
1030.0 -683.0 
1018.0 -701.0 
1034.0 -742.0 
1024.0 -698.0 
1044.0 -754.0 
1040.0 -680.0 
1048.0 -674.0 
1026.0 -690.0 
1080.0 -655.0 
1061.0 -668.0 
1029.0 -688.0 
1046.0 -753.0 
1121.0 -694.0 
1027.0 -709.0 
1050.0 -765.0 
1036.0 -745.0 
1115.0 -673.0 
1053.0 -679.0 
1106.0 -755.0 
1112.0 -754.0 
1019.0 -724.0 
1125.0 -734.0 
1110.0 -684.0 
1121.0 -695.0 
1073.0 -666.0 
1072.0 -771.0 
1066.0 -766.0 
1130.0 -700.0 
1051.0 -679.0 
1059.0 -749.0 
1136.0 -708.0 
1043.0 -757.0 
1039.0 -750.0 
1078.0 -661.0 
1126.0 -735.0 
1032.0 -698.0 
1133.0 -723.0 
1112.0 -685.0 
1133.0 -703.0 
1126.0 -736.0 
1069.0 -748.0 
1069.0 -770.0 
1132.0 -730.0 
1047.0 -745.0 
1099.0 -662.0 
1119.0 -688.0 
1033.0 -736.0 
1139.0 -718.0 
1120.0 -692.0 
1101.0 -669.0 
1119.0 -689.0 
1107.0 -672.0 
1084.0 -772.0 
1036.0 -746.0 
1103.0 -673.0 
1052.0 -748.0 
1137.0 -721.0 
1058.0 -758.0 
1086.0 -776.0 
1135.0 -706.0 
1084.0 -767.0 
1098.0 -764.0 
1061.0 -667.0 
1046.0 -758.0 
1041.0 -755.0 
1030.0 -737.0 
1067.0 -661.0 
1027.0 -709.0 
1034.0 -682.0 
1118.0 -693.0 
1100.0 -769.0 
1083.0 -775.0 
1017.0 -720.0 
1089.0 -654.0 
1085.0 -775.0 
1093.0 -774.0 
1111.0 -676.0 
1108.0 -671.0 
1138.0 -714.0 
1131.0 -702.0 
1096.0 -665.0 
1094.0 -657.0 
1115.0 -678.0 
1122.0 -750.0 
1097.0 -659.0 
1037.0 -742.0 
1104.0 -662.0 
1092.0 -655.0 
1116.0 -686.0 
1125.0 -738.0 
1120.0 -690.0 
1045.0 -760.0 
1136.0 -711.0 
1087.0 -668.0 
1090.0 -654.0 
1110.0 -759.0 
1100.0 -771.0 
1026.0 -731.0 
1025.0 -699.0 
1076.0 -666.0 
1098.0 -666.0 
1065.0 -765.0 
1049.0 -746.0 
1040.0 -679.0 
1030.0 -738.0 
1101.0 -770.0 
1118.0 -753.0 
1105.0 -674.0 
1139.0 -713.0 
1130.0 -701.0 
1113.0 -672.0 
1102.0 -677.0 
1064.0 -749.0 
1063.0 -663.0 
1032.0 -740.0 
1044.0 -747.0 
1023.0 -728.0 
1135.0 -719.0 
1114.0 -681.0 
1055.0 -679.0 
1132.0 -727.0 
1042.0 -756.0 
1057.0 -745.0 
1081.0 -658.0 
1102.0 -677.0 
1140.0 -716.0 
1109.0 -680.0 
1077.0 -767.0 
1128.0 -725.0 
1106.0 -763.0 
1057.0 -745.0 
1031.0 -684.0 
1123.0 -751.0 
1032.0 -697.0 
1123.0 -752.0 
1114.0 -681.0 
1074.0 -658.0 
1105.0 -674.0 
1113.0 -672.0 
1113.0 -670.0 
1110.0 -760.0 
1108.0 -671.0 
1097.0 -659.0 
1081.0 -656.0 
1055.0 -763.0 
1136.0 -707.0 
1094.0 -657.0 
1131.0 -702.0 
1090.0 -654.0 
1037.0 -743.0 
1023.0 -696.0 
1120.0 -687.0 
1115.0 -683.0 
1096.0 -665.0 
1087.0 -668.0 
1114.0 -675.0 
1137.0 -725.0 
1116.0 -686.0 
1045.0 -675.0 
1098.0 -667.0 
1043.0 -759.0 
1040.0 -752.0 
1026.0 -694.0 
1025.0 -719.0 
1022.0 -726.0 
1135.0 -710.0 
1060.0 -664.0 
1122.0 -750.0 
1125.0 -739.0 
1138.0 -714.0 
1095.0 -773.0 
1093.0 -775.0 
1092.0 -655.0 
1111.0 -676.0 
1104.0 -662.0 
1124.0 -732.0 
1064.0 -749.0 
1080.0 -775.0 
1140.0 -715.0 
1093.0 -775.0 
1100.0 -661.0 
1066.0 -769.0 
1124.0 -732.0 
1065.0 -659.0 
1018.0 -703.0 
1026.0 -693.0 
1025.0 -732.0 
1035.0 -739.0 
1048.0 -762.0 
1095.0 -773.0 
1030.0 -733.0 
1100.0 -761.0 
1114.0 -680.0 
1038.0 -745.0 
1075.0 -773.0 
1018.0 -702.0 
1135.0 -705.0 
1065.0 -669.0 
1019.0 -708.0 
1020.0 -700.0 
1101.0 -768.0 
1098.0 -762.0 
1022.0 -720.0 
1105.0 -758.0 
1050.0 -764.0 
1080.0 -654.0 
1040.0 -678.0 
1132.0 -718.0 
1044.0 -751.0 
1035.0 -749.0 
1030.0 -733.0 
1020.0 -712.0 
1020.0 -712.0 
1074.0 -669.0 
1029.0 -731.0 
1024.0 -699.0 
1060.0 -664.0 
1129.0 -703.0 
1029.0 -689.0 
1028.0 -686.0 
1022.0 -714.0 
1035.0 -748.0 
1132.0 -726.0 
1091.0 -762.0 
1024.0 -729.0 
1117.0 -688.0 
1022.0 -713.0 
1028.0 -685.0 
1035.0 -743.0 
1019.0 -710.0 
1060.0 -665.0 
1024.0 -692.0 
1028.0 -687.0 
1019.0 -706.0 
1022.0 -723.0 
1030.0 -681.0 
1035.0 -696.0 
1060.0 -768.0 
1048.0 -671.0 
1028.0 -735.0 
1030.0 -682.0 
1020.0 -725.0 
1048.0 -672.0 
1019.0 -711.0 
1022.0 -727.0 
1020.0 -705.0 
1060.0 -666.0 
1048.0 -673.0 
1019.0 -707.0 
1022.0 -717.0 
1020.0 -716.0 
1030.0 -734.0 
1129.0 -703.0 
1039.0 -750.0 
1070.0 -657.0 
1028.0 -735.0 
1024.0 -698.0 
1021.0 -695.0 
1082.0 -774.0 
1038.0 -745.0 
1062.0 -750.0 
1029.0 -688.0 
1091.0 -762.0 
