981.0 -790.0 -749.0
1014.0 -806.0 -750.0
991.0 -800.0 -749.0
990.0 -796.0 -750.0
986.0 -795.0 -749.0
999.0 -804.0 -749.0
1005.0 -805.0 -749.0
999.0 -804.0 -749.0
991.0 -800.0 -749.0
1005.0 -805.0 -749.0
986.0 -795.0 -749.0
999.0 -804.0 -749.0
991.0 -800.0 -749.0
1005.0 -805.0 -749.0
986.0 -795.0 -749.0
1005.0 -805.0 -749.0
999.0 -804.0 -749.0
991.0 -800.0 -749.0
986.0 -795.0 -749.0
986.0 -795.0 -749.0
986.0 -795.0 -749.0
986.0 -795.0 -749.0
986.0 -795.0 -749.0
986.0 -795.0 -749.0
986.0 -795.0 -749.0
986.0 -795.0 -749.0
986.0 -795.0 -749.0
986.0 -795.0 -749.0
1005.0 -805.0 -749.0
986.0 -795.0 -749.0
986.0 -795.0 -749.0
999.0 -804.0 -749.0
1005.0 -805.0 -749.0
986.0 -795.0 -749.0
999.0 -804.0 -749.0
986.0 -795.0 -749.0
1005.0 -805.0 -749.0
986.0 -795.0 -749.0
1005.0 -805.0 -749.0
986.0 -795.0 -749.0
1005.0 -805.0 -749.0
1005.0 -805.0 -749.0
986.0 -795.0 -749.0
986.0 -795.0 -749.0
999.0 -804.0 -749.0
986.0 -795.0 -749.0
986.0 -795.0 -749.0
1005.0 -805.0 -749.0
986.0 -795.0 -749.0
986.0 -795.0 -749.0
999.0 -804.0 -749.0
986.0 -795.0 -749.0
1005.0 -805.0 -749.0
1005.0 -805.0 -749.0
986.0 -795.0 -749.0
1005.0 -805.0 -749.0
986.0 -795.0 -749.0
1005.0 -805.0 -749.0
1005.0 -805.0 -749.0
986.0 -795.0 -749.0
1005.0 -805.0 -749.0
1005.0 -805.0 -749.0
986.0 -795.0 -749.0
1005.0 -805.0 -749.0
1005.0 -805.0 -749.0
1005.0 -805.0 -749.0
999.0 -804.0 -749.0
1005.0 -805.0 -749.0
1005.0 -805.0 -749.0
1005.0 -805.0 -749.0
999.0 -804.0 -749.0
986.0 -795.0 -749.0
1005.0 -805.0 -749.0
986.0 -795.0 -749.0
986.0 -795.0 -749.0
1005.0 -805.0 -749.0
986.0 -795.0 -749.0
1005.0 -805.0 -749.0
986.0 -795.0 -749.0
986.0 -795.0 -749.0
986.0 -795.0 -749.0
999.0 -804.0 -749.0
1005.0 -805.0 -749.0
999.0 -804.0 -749.0
1005.0 -805.0 -749.0
991.0 -800.0 -749.0
991.0 -800.0 -749.0
986.0 -795.0 -749.0
986.0 -795.0 -749.0
986.0 -795.0 -749.0
986.0 -795.0 -749.0
986.0 -795.0 -749.0
986.0 -795.0 -749.0
986.0 -795.0 -749.0
999.0 -804.0 -749.0
1005.0 -805.0 -749.0
999.0 -804.0 -749.0
999.0 -804.0 -749.0
986.0 -795.0 -749.0
1005.0 -805.0 -749.0
1005.0 -805.0 -749.0
986.0 -795.0 -749.0
999.0 -804.0 -749.0
986.0 -795.0 -749.0
986.0 -795.0 -749.0
986.0 -795.0 -749.0
1005.0 -805.0 -749.0
1005.0 -805.0 -749.0
986.0 -795.0 -749.0
999.0 -804.0 -749.0
1005.0 -805.0 -749.0
1005.0 -805.0 -749.0
986.0 -795.0 -749.0
986.0 -795.0 -749.0
986.0 -795.0 -749.0
999.0 -804.0 -749.0
986.0 -795.0 -749.0
999.0 -804.0 -749.0
1005.0 -805.0 -749.0
986.0 -795.0 -749.0
986.0 -795.0 -749.0
1005.0 -805.0 -749.0
1005.0 -805.0 -749.0
986.0 -795.0 -749.0
986.0 -795.0 -749.0
986.0 -795.0 -749.0
999.0 -804.0 -749.0
986.0 -795.0 -749.0
999.0 -804.0 -749.0
986.0 -795.0 -749.0
986.0 -795.0 -749.0
986.0 -795.0 -749.0
986.0 -795.0 -749.0
991.0 -800.0 -749.0
1005.0 -805.0 -749.0
999.0 -804.0 -749.0
1005.0 -805.0 -749.0
999.0 -804.0 -749.0
1005.0 -805.0 -749.0
1005.0 -805.0 -749.0
999.0 -804.0 -749.0
986.0 -795.0 -749.0
999.0 -804.0 -749.0
986.0 -795.0 -749.0
986.0 -795.0 -749.0
986.0 -795.0 -749.0
986.0 -795.0 -749.0
986.0 -795.0 -749.0
986.0 -795.0 -749.0
986.0 -795.0 -749.0
986.0 -795.0 -749.0
986.0 -795.0 -749.0
986.0 -795.0 -749.0
991.0 -800.0 -749.0
1005.0 -805.0 -749.0
986.0 -795.0 -749.0
1005.0 -805.0 -749.0
1005.0 -805.0 -749.0
1005.0 -805.0 -749.0
1005.0 -805.0 -749.0
991.0 -800.0 -749.0
986.0 -795.0 -749.0
1005.0 -805.0 -749.0
986.0 -795.0 -749.0
986.0 -795.0 -749.0
986.0 -795.0 -749.0
986.0 -795.0 -749.0
986.0 -795.0 -749.0
986.0 -795.0 -749.0
999.0 -804.0 -749.0
1005.0 -805.0 -749.0
986.0 -795.0 -749.0
1005.0 -805.0 -749.0
986.0 -795.0 -749.0
986.0 -795.0 -749.0
986.0 -795.0 -749.0
1005.0 -805.0 -749.0
1005.0 -805.0 -749.0
999.0 -804.0 -749.0
986.0 -795.0 -749.0
986.0 -795.0 -749.0
986.0 -795.0 -749.0
986.0 -795.0 -749.0
986.0 -795.0 -749.0
991.0 -800.0 -749.0
986.0 -795.0 -749.0
986.0 -795.0 -749.0
986.0 -795.0 -749.0
986.0 -795.0 -749.0
999.0 -804.0 -749.0
986.0 -795.0 -749.0
1005.0 -805.0 -749.0
986.0 -795.0 -749.0
999.0 -804.0 -749.0
1005.0 -805.0 -749.0
1005.0 -805.0 -749.0
986.0 -795.0 -749.0
999.0 -804.0 -749.0
1005.0 -805.0 -749.0
1005.0 -805.0 -749.0
991.0 -800.0 -749.0
986.0 -795.0 -749.0
986.0 -795.0 -749.0
986.0 -795.0 -749.0
986.0 -795.0 -749.0
986.0 -795.0 -749.0
986.0 -795.0 -749.0
986.0 -795.0 -749.0
986.0 -795.0 -749.0
1005.0 -805.0 -749.0
1005.0 -805.0 -749.0
986.0 -795.0 -749.0
999.0 -804.0 -749.0
986.0 -795.0 -749.0
986.0 -795.0 -749.0
986.0 -795.0 -749.0
999.0 -804.0 -749.0
1005.0 -805.0 -749.0
1005.0 -805.0 -749.0
986.0 -795.0 -749.0
999.0 -804.0 -749.0
1005.0 -805.0 -749.0
986.0 -795.0 -749.0
1005.0 -805.0 -749.0
986.0 -795.0 -749.0
986.0 -795.0 -749.0
986.0 -795.0 -749.0
986.0 -795.0 -749.0
999.0 -804.0 -749.0
986.0 -795.0 -749.0
999.0 -804.0 -749.0
991.0 -800.0 -749.0
986.0 -795.0 -749.0
986.0 -795.0 -749.0
986.0 -795.0 -749.0
986.0 -795.0 -749.0
986.0 -795.0 -749.0
986.0 -795.0 -749.0
986.0 -795.0 -749.0
986.0 -795.0 -749.0
986.0 -795.0 -749.0
986.0 -795.0 -749.0
986.0 -795.0 -749.0
1005.0 -805.0 -749.0
1005.0 -805.0 -749.0
1005.0 -805.0 -749.0
1005.0 -805.0 -749.0
991.0 -800.0 -749.0
986.0 -795.0 -749.0
1005.0 -805.0 -749.0
999.0 -804.0 -749.0
999.0 -804.0 -749.0
986.0 -795.0 -749.0
986.0 -795.0 -749.0
1005.0 -805.0 -749.0
986.0 -795.0 -749.0
986.0 -795.0 -749.0
999.0 -804.0 -749.0
1005.0 -805.0 -749.0
986.0 -795.0 -749.0
1005.0 -805.0 -749.0
999.0 -804.0 -749.0
986.0 -795.0 -749.0
986.0 -795.0 -749.0
986.0 -795.0 -749.0
986.0 -795.0 -749.0
986.0 -795.0 -749.0
986.0 -795.0 -749.0
1005.0 -805.0 -749.0
1005.0 -805.0 -749.0
999.0 -804.0 -749.0
986.0 -795.0 -749.0
986.0 -795.0 -749.0
986.0 -795.0 -749.0
999.0 -804.0 -749.0
986.0 -795.0 -749.0
999.0 -804.0 -749.0
1005.0 -805.0 -749.0
986.0 -795.0 -749.0
986.0 -795.0 -749.0
1005.0 -805.0 -749.0
999.0 -804.0 -749.0
986.0 -795.0 -749.0
1005.0 -805.0 -749.0
986.0 -795.0 -749.0
999.0 -804.0 -749.0
986.0 -795.0 -749.0
991.0 -800.0 -749.0
1005.0 -805.0 -749.0
986.0 -795.0 -749.0
999.0 -804.0 -749.0
1005.0 -805.0 -749.0
986.0 -795.0 -749.0
999.0 -804.0 -749.0
986.0 -795.0 -749.0
986.0 -795.0 -749.0
986.0 -795.0 -749.0
999.0 -804.0 -749.0
986.0 -795.0 -749.0
1005.0 -805.0 -749.0
