4703 -1159.8133333333333 300
4704 -1156.6233333333332 300
4705 -1153.3566666666666 300
4706 -1156.3133333333333 300
4707 -1159.0566666666666 300
4708 -1158.6466666666668 300
4709 -1157.5633333333333 300
4710 -1155.57 300
4711 -1157.3133333333333 300
4712 -1155.3633333333332 300
4713 -1151.68 300
4714 -1152.4166666666667 300
4715 -1153.6733333333334 300
4716 -1150.1633333333334 300
4717 -1151.2466666666667 300
4718 -1151.6366666666668 300
4719 -1154.1033333333332 300
4720 -1158.52 300
4721 -1158.5166666666667 300
4722 -1157.6866666666667 300
4723 -1157.3766666666668 300
4724 -1156.3466666666666 300
4725 -1153.7966666666666 300
4726 -1150.7833333333333 300
4727 -1147.26 300
4728 -1147.2 300
4729 -1147.1333333333334 300
4730 -1146.97 300
4731 -1147.0466666666666 300
4732 -1146.9166666666667 300
4733 -1146.9366666666667 300
4734 -1146.7366666666667 300
4735 -1146.4366666666667 300
4736 -1146.0233333333333 300
4737 -1146.2966666666666 300
4738 -1146.3166666666666 300
4739 -1146.4966666666667 300
4740 -1146.5366666666666 300
4741 -1146.3466666666666 300
4742 -1146.5466666666666 300
4743 -1146.8933333333334 300
4744 -1147.5266666666666 300
4745 -1147.67 300
4746 -1147.0266666666666 300
4747 -1146.9866666666667 300
4748 -1146.9 300
4749 -1146.51 300
4750 -1145.99 300
4751 -1144.9533333333334 300
4752 -1142.8633333333332 300
4753 -1140.0533333333333 300
4754 -1142.0966666666666 300
4755 -1145.0933333333332 300
4756 -1146.8766666666668 300
4757 -1146.7166666666667 300
4758 -1146.6333333333334 300
4759 -1146.3866666666668 300
4760 -1146.2 300
4761 -1146.1666666666667 300
4762 -1145.8866666666668 300
4763 -1146.09 300
4764 -1145.77 300
4765 -1145.89 300
4766 -1145.21 300
4767 -1143.8133333333333 300
4768 -1144.0566666666666 300
4769 -1142.29 300
4770 -1144.2933333333333 300
4771 -1142.1266666666668 300
4772 -1138.9633333333334 300
4773 -1137.4966666666667 300
4774 -1136.9766666666667 300
4775 -1137.2 300
4776 -1137.5 300
4777 -1137.74 300
4778 -1138.37 300
4779 -1139.72 300
4780 -1140.83 300
4781 -1137.99 300
4782 -1133.4266666666667 300
4783 -1131.59 300
4784 -1136.08 300
4785 -1136.7033333333334 300
4786 -1136.1766666666667 300
4787 -1135.2666666666667 300
4788 -1133.22 300
4789 -1128.88 300
4790 -1132.83 300
4791 -1130.69 300
4792 -1128.04 300
4793 -1127.41 300
4794 -1131.6233333333332 300
4795 -1130.2133333333334 300
4796 -1133.5466666666666 300
4797 -1132.2166666666667 300
4798 -1129.4 300
4799 -1126.14 300
4800 -1120.1666666666667 300
4801 -1120.2666666666667 300
4802 -1112.4466666666667 300
4803 -1114.3733333333332 300
4804 -1118.0466666666666 300
4805 -1125.1966666666667 300
4806 -1135.9633333333334 300
4807 -1135.8666666666666 300
4808 -1135.7666666666667 300
4809 -1135.5566666666666 300
4810 -1135.4333333333334 300
4811 -1135.0066666666667 300
4812 -1134.5566666666666 300
4813 -1133.3466666666666 300
4814 -1130.79 300
4815 -1134.6366666666668 300
4816 -1134.42 300
4817 -1133.7166666666667 300
4818 -1132.8666666666666 300
4819 -1131.53 300
4820 -1129.1033333333332 300
4821 -1125.12 300
4822 -1117.4766666666667 300
4823 -1111.65 300
4824 -1111.9133333333334 300
4825 -1111.5166666666667 300
4826 -1110.6733333333334 300
4827 -1110.0633333333333 300
4828 -1111.1333333333334 300
4829 -1110.7166666666667 300
4830 -1109.9633333333334 300
4831 -1108.67 300
4832 -1106.2233333333334 300
4833 -1103.77 300
4834 -1104.64 300
4835 -1106.1533333333334 300
4836 -1106.8066666666666 300
4837 -1107.9066666666668 300
4838 -1108.7933333333333 300
4839 -1110.5566666666666 300
4840 -1114.35 300
4841 -1115.07 300
4842 -1114.9766666666667 300
4843 -1116.31 300
4844 -1106.1233333333332 300
4845 -1105.57 300
4846 -1108.2833333333333 300
4847 -1107.9633333333334 300
4848 -1107.5966666666666 300
4849 -1106.9466666666667 300
4850 -1105.4233333333334 300
4851 -1104.93 300
4852 -1107.11 300
4853 -1109.3266666666666 300
4854 -1108.0933333333332 300
4855 -1108.4033333333334 300
4856 -1108.9766666666667 300
4857 -1109.9833333333333 300
4858 -1109.48 300
4859 -1108.93 300
4860 -1109.11 300
4861 -1107.5433333333333 300
4862 -1105.4133333333334 300
4863 -1103.18 300
4864 -1105.5633333333333 300
4865 -1105.5933333333332 300
4866 -1103.81 300
4867 -1103.52 300
4868 -1102.4233333333334 300
4869 -1102.4266666666667 300
4870 -1099.1566666666668 300
4871 -1100.03 300
4872 -1093.1966666666667 300
4873 -1097.74 300
4874 -1101.22 300
4875 -1109.1333333333334 300
4876 -1109.5166666666667 300
4877 -1104.99 300
4878 -1103.74 300
4879 -1108.4566666666667 300
4880 -1109.04 300
4881 -1109.2866666666666 300
4882 -1110.37 300
4883 -1111.7866666666666 300
4884 -1108.9533333333334 300
4885 -1104.1066666666666 300
4886 -1099.5466666666666 300
4887 -1100.57 300
4888 -1101.5066666666667 300
4889 -1100.1166666666666 300
4890 -1101.4733333333334 300
4891 -1101.6433333333334 300
4892 -1103.99 300
4893 -1102.68 300
4894 -1100.6 300
4895 -1098.2766666666666 300
4896 -1098.4633333333334 300
4897 -1098.4233333333334 300
4898 -1101.53 300
4899 -1104.0833333333333 300
4900 -1105.6033333333332 300
4901 -1105.34 300
4902 -1104.2966666666666 300
4903 -1102.8033333333333 300
4904 -1102.1366666666668 300
4905 -1100.0333333333333 300
4906 -1100.1133333333332 300
4907 -1097.0933333333332 300
4908 -1087.3433333333332 300
4909 -1089.2166666666667 300
4910 -1087.7133333333334 300
4911 -1083.8566666666666 300
4912 -1073.76 300
4913 -1066.0266666666666 300
4914 -1066.0266666666666 300
4915 -1066.0733333333333 300
4916 -1066.1266666666668 300
4917 -1066.2666666666667 300
4918 -1066.18 300
4919 -1066.05 300
4920 -1065.8333333333333 300
4921 -1065.4166666666667 300
4922 -1064.5466666666666 300
4923 -1062.9 300
4924 -1060.95 300
4925 -1059.3466666666666 300
4926 -1061.0 300
4927 -1063.2533333333333 300
4928 -1060.78 300
4929 -1058.1733333333334 300
4930 -1056.5733333333333 300
4931 -1056.66 300
4932 -1056.8433333333332 300
4933 -1056.6233333333332 300
4934 -1055.1366666666668 300
4935 -1054.18 300
4936 -1055.91 300
4937 -1060.2566666666667 300
4938 -1059.82 300
4939 -1056.3366666666666 300
4940 -1049.3566666666666 300
4941 -1042.6333333333334 300
4942 -1040.41 300
4943 -1040.6233333333332 300
4944 -1040.58 300
4945 -1040.2966666666666 300
4946 -1039.9666666666667 300
4947 -1039.7366666666667 300
4948 -1039.1466666666668 300
4949 -1039.1266666666668 300
4950 -1037.24 300
4951 -1034.27 300
4952 -1029.2 300
4953 -1026.65 300
4954 -1026.75 300
4955 -1027.02 300
4956 -1027.59 300
4957 -1028.7566666666667 300
4958 -1029.4966666666667 300
4959 -1029.4066666666668 300
4960 -1029.61 300
4961 -1029.6833333333334 300
4962 -1029.7133333333334 300
4963 -1029.68 300
4964 -1028.5966666666666 300
4965 -1028.7566666666667 300
4966 -1028.7566666666667 300
4967 -1026.1133333333332 300
4968 -1026.1833333333334 300
4969 -1026.3133333333333 300
4970 -1026.8766666666668 300
4971 -1027.6 300
4972 -1028.3766666666668 300
4973 -1028.6433333333334 300
4974 -1028.5 300
4975 -1025.35 300
4976 -1025.1433333333334 300
4977 -1024.38 300
4978 -1023.4333333333333 300
4979 -1022.0866666666667 300
4980 -1019.1 300
4981 -1013.16 300
4982 -1013.3133333333334 300
4983 -1013.3066666666666 300
4984 -1013.2933333333333 300
4985 -1013.1 300
4986 -1013.0633333333334 300
4987 -1012.9633333333334 300
4988 -1012.7666666666667 300
4989 -1012.1166666666667 300
4990 -1012.12 300
4991 -1012.1266666666667 300
4992 -1012.1466666666666 300
4993 -1012.18 300
4994 -1012.2666666666667 300
4995 -1012.42 300
4996 -1012.5433333333333 300
4997 -1012.26 300
4998 -1012.2666666666667 300
4999 -1012.23 300
5000 -1012.1566666666666 300
5001 -1012.1 300
5002 -1011.24 300
5003 -1009.5133333333333 300
5004 -1008.9733333333334 300
5005 -1007.2266666666667 300
5006 -1003.8833333333333 300
5007 -1002.75 300
5008 -1000.6933333333334 300
5009 -1000.62 300
5010 -1000.4666666666667 300
5011 -999.85 300
5012 -997.96 300
5013 -994.95 300
5014 -993.6666666666666 300
5015 -990.98 300
5016 -991.18 300
5017 -991.5233333333333 300
5018 -992.0166666666667 300
5019 -984.4633333333334 300
5020 -984.4866666666667 300
5021 -984.5833333333334 300
5022 -984.55 300
5023 -984.37 300
5024 -983.9433333333334 300
5025 -983.3133333333334 300
5026 -983.2166666666667 300
5027 -982.83 300
5028 -982.2966666666666 300
5029 -980.46 300
5030 -978.2366666666667 300
5031 -973.0033333333333 300
5032 -961.3066666666666 300
5033 -958.5033333333333 300
5034 -958.6966666666667 300
5035 -958.91 300
5036 -959.8233333333334 300
5037 -960.4566666666667 300
5038 -961.4766666666667 300
5039 -963.2366666666667 300
5040 -965.8166666666667 300
5041 -969.5433333333333 300
5042 -975.3533333333334 300
5043 -984.2066666666667 300
5044 -992.69 300
5045 -993.6033333333334 300
5046 -993.9466666666667 300
5047 -994.23 300
5048 -996.4066666666666 300
5049 -998.9533333333334 300
5050 -1002.9166666666666 300
5051 -1000.3266666666667 300
5052 -996.41 300
5053 -987.1966666666667 300
5054 -987.1633333333333 300
5055 -985.2966666666666 300
5056 -985.3866666666667 300
5057 -985.4266666666666 300
5058 -985.5 300
5059 -985.6 300
5060 -985.33 300
5061 -985.4966666666667 300
5062 -985.63 300
5063 -985.3533333333334 300
5064 -985.17 300
5065 -985.0433333333333 300
5066 -985.1766666666666 300
5067 -985.0166666666667 300
5068 -985.6466666666666 300
5069 -985.9033333333333 300
5070 -986.32 300
5071 -983.8533333333334 300
5072 -984.2933333333333 300
5073 -984.4266666666666 300
5074 -984.2533333333333 300
5075 -984.3733333333333 300
5076 -984.2266666666667 300
5077 -984.32 300
5078 -984.36 300
5079 -984.5933333333334 300
5080 -984.85 300
5081 -984.6266666666667 300
5082 -984.6833333333333 300
5083 -984.47 300
5084 -984.31 300
5085 -984.0066666666667 300
5086 -981.8866666666667 300
5087 -982.3366666666667 300
5088 -982.3 300
5089 -982.2566666666667 300
5090 -982.2566666666667 300
5091 -982.1266666666667 300
5092 -982.04 300
5093 -981.8233333333334 300
5094 -981.5233333333333 300
5095 -980.92 300
5096 -979.3933333333333 300
5097 -979.58 300
5098 -978.0633333333334 300
5099 -979.49 300
5100 -980.72 300
5101 -981.0633333333334 300
5102 -980.49 300
5103 -980.33 300
5104 -979.87 300
5105 -979.7333333333333 300
5106 -978.6966666666667 300
5107 -979.0333333333333 300
5108 -980.9 300
5109 -979.7566666666667 300
5110 -978.9666666666667 300
5111 -977.5566666666666 300
5112 -975.4733333333334 300
5113 -972.6866666666666 300
5114 -972.9033333333333 300
5115 -973.2066666666667 300
5116 -973.51 300
5117 -973.6833333333333 300
5118 -972.2966666666666 300
5119 -972.6033333333334 300
5120 -973.1266666666667 300
5121 -973.6066666666667 300
5122 -971.1266666666667 300
5123 -971.01 300
5124 -971.2333333333333 300
5125 -969.73 300
5126 -969.36 300
5127 -969.36 300
5128 -969.4066666666666 300
5129 -969.4166666666666 300
5130 -969.43 300
5131 -969.4566666666667 300
5132 -969.5466666666666 300
5133 -969.7333333333333 300
5134 -970.1 300
5135 -970.15 300
5136 -969.9233333333333 300
5137 -969.46 300
5138 -968.9333333333333 300
5139 -967.73 300
5140 -965.27 300
5141 -961.2633333333333 300
5142 -968.0833333333334 300
5143 -969.65 300
5144 -969.7333333333333 300
5145 -969.6033333333334 300
5146 -969.4733333333334 300
5147 -969.1266666666667 300
5148 -968.4333333333333 300
5149 -967.3966666666666 300
5150 -965.8433333333334 300
5151 -962.4166666666666 300
5152 -957.2166666666667 300
5153 -952.4066666666666 300
5154 -953.5 300
5155 -955.5933333333334 300
5156 -959.5433333333333 300
5157 -958.8833333333333 300
5158 -958.1033333333334 300
5159 -956.37 300
5160 -953.6 300
5161 -947.88 300
5162 -948.14 300
5163 -948.4 300
5164 -948.4866666666667 300
5165 -948.4866666666667 300
5166 -948.3866666666667 300
5167 -948.23 300
5168 -947.9166666666666 300
5169 -946.1666666666666 300
5170 -944.84 300
5171 -943.6433333333333 300
5172 -944.6766666666666 300
5173 -942.1566666666666 300
5174 -934.0866666666667 300
5175 -934.0 300
5176 -934.14 300
5177 -934.3266666666667 300
5178 -932.7633333333333 300
5179 -931.41 300
5180 -931.5066666666667 300
5181 -932.0866666666667 300
5182 -932.38 300
5183 -932.6466666666666 300
5184 -932.7333333333333 300
5185 -932.8633333333333 300
5186 -932.8 300
5187 -932.6733333333333 300
5188 -933.28 300
5189 -933.8266666666667 300
5190 -936.0366666666666 300
5191 -938.2766666666666 300
5192 -934.9033333333333 300
5193 -928.3266666666667 300
5194 -917.3933333333333 300
5195 -914.7433333333333 300
5196 -917.2966666666666 300
5197 -915.9133333333333 300
5198 -915.9133333333333 300
5199 -915.7833333333333 300
5200 -915.1766666666666 300
5201 -914.05 300
5202 -913.7033333333334 300
5203 -916.28 300
5204 -916.1833333333333 300
5205 -915.87 300
5206 -914.5533333333333 300
5207 -911.19 300
5208 -905.31 300
5209 -902.84 300
5210 -902.84 300
5211 -902.8433333333334 300
5212 -902.8433333333334 300
5213 -902.8433333333334 300
5214 -902.8433333333334 300
5215 -902.8 300
5216 -902.9333333333333 300
5217 -903.0166666666667 300
5218 -903.1466666666666 300
5219 -903.58 300
5220 -904.01 300
5221 -904.7766666666666 300
5222 -905.9333333333333 300
5223 -906.59 300
5224 -903.0766666666667 300
5225 -902.0433333333333 300
5226 -900.6333333333333 300
5227 -900.3433333333334 300
5228 -899.31 300
5229 -897.19 300
5230 -892.1433333333333 300
5231 -890.56 300
5232 -888.1266666666667 300
5233 -888.1733333333333 300
5234 -888.1733333333333 300
5235 -888.18 300
5236 -888.2266666666667 300
5237 -888.0966666666667 300
5238 -888.08 300
5239 -888.0833333333334 300
5240 -888.0833333333334 300
5241 -888.0866666666667 300
5242 -888.09 300
5243 -888.0933333333334 300
5244 -888.0066666666667 300
5245 -888.0 300
5246 -887.99 300
5247 -887.9733333333334 300
5248 -887.97 300
5249 -887.9933333333333 300
5250 -887.9933333333333 300
5251 -887.9833333333333 300
5252 -887.9666666666667 300
5253 -887.9433333333334 300
5254 -887.9333333333333 300
5255 -887.7633333333333 300
5256 -887.4 300
5257 -887.11 300
5258 -887.1133333333333 300
5259 -887.1166666666667 300
5260 -887.12 300
5261 -887.1266666666667 300
5262 -887.1366666666667 300
5263 -887.2466666666667 300
5264 -887.2733333333333 300
5265 -887.4 300
5266 -887.3 300
5267 -887.29 300
5268 -887.34 300
5269 -887.5333333333333 300
5270 -887.74 300
5271 -888.0366666666666 300
5272 -888.0333333333333 300
5273 -888.0433333333333 300
5274 -888.0433333333333 300
5275 -888.0433333333333 300
5276 -888.0433333333333 300
5277 -888.0433333333333 300
5278 -888.0433333333333 300
5279 -888.0433333333333 300
5280 -888.14 300
5281 -888.2466666666667 300
5282 -888.49 300
5283 -888.7933333333333 300
5284 -888.9833333333333 300
5285 -888.8866666666667 300
5286 -887.5066666666667 300
5287 -880.1333333333333 300
5288 -876.5133333333333 300
5289 -875.7 300
5290 -874.4233333333333 300
5291 -872.7466666666667 300
5292 -869.0733333333334 300
5293 -860.76 300
5294 -858.58 300
5295 -861.47 300
5296 -867.5733333333334 300
5297 -876.09 300
5298 -874.06 300
5299 -874.93 300
5300 -874.9733333333334 300
5301 -874.9766666666667 300
5302 -874.9833333333333 300
5303 -874.9866666666667 300
5304 -874.9166666666666 300
5305 -875.0566666666666 300
5306 -875.0966666666667 300
5307 -875.1966666666667 300
5308 -875.4233333333333 300
5309 -875.46 300
5310 -875.82 300
5311 -875.83 300
5312 -875.86 300
5313 -875.9466666666667 300
5314 -876.0233333333333 300
5315 -876.07 300
5316 -876.2033333333334 300
5317 -876.2866666666666 300
5318 -876.3866666666667 300
5319 -875.74 300
5320 -875.4033333333333 300
5321 -875.74 300
5322 -875.6033333333334 300
5323 -875.28 300
5324 -874.7166666666667 300
5325 -873.8333333333334 300
5326 -872.2533333333333 300
5327 -869.2633333333333 300
5328 -866.9966666666667 300
5329 -864.7 300
5330 -864.7366666666667 300
5331 -864.7633333333333 300
5332 -864.9766666666667 300
5333 -864.7033333333334 300
5334 -863.97 300
5335 -863.5 300
5336 -863.49 300
5337 -863.4533333333334 300
5338 -863.37 300
5339 -863.2566666666667 300
5340 -863.03 300
5341 -862.5833333333334 300
5342 -862.5933333333334 300
5343 -862.6033333333334 300
5344 -862.6533333333333 300
5345 -862.66 300
5346 -862.6533333333333 300
5347 -862.6933333333334 300
5348 -862.6 300
5349 -862.24 300
5350 -862.5366666666666 300
5351 -863.0466666666666 300
5352 -862.79 300
5353 -862.1733333333333 300
5354 -861.47 300
5355 -861.89 300
5356 -862.4166666666666 300
5357 -862.4266666666666 300
5358 -862.48 300
5359 -862.31 300
5360 -861.9633333333334 300
5361 -861.7533333333333 300
5362 -861.3133333333334 300
5363 -860.7266666666667 300
5364 -859.4966666666667 300
5365 -860.5533333333333 300
5366 -861.47 300
5367 -861.81 300
5368 -861.9566666666667 300
5369 -862.08 300
5370 -862.0766666666667 300
5371 -861.4833333333333 300
5372 -862.1333333333333 300
5373 -862.1766666666666 300
5374 -862.1766666666666 300
5375 -862.1766666666666 300
5376 -862.1766666666666 300
5377 -862.1333333333333 300
5378 -862.09 300
5379 -862.0466666666666 300
5380 -861.8433333333334 300
5381 -861.9566666666667 300
5382 -861.8833333333333 300
5383 -861.5366666666666 300
5384 -860.2933333333333 300
5385 -858.04 300
5386 -857.78 300
5387 -853.13 300
5388 -850.4633333333334 300
5389 -850.4633333333334 300
5390 -850.4633333333334 300
5391 -850.4633333333334 300
5392 -850.5066666666667 300
5393 -850.5066666666667 300
5394 -850.4066666666666 300
5395 -850.4066666666666 300
5396 -850.4466666666667 300
5397 -850.4866666666667 300
5398 -850.4866666666667 300
5399 -850.4866666666667 300
5400 -850.4866666666667 300
5401 -850.4866666666667 300
5402 -850.4866666666667 300
5403 -850.4866666666667 300
5404 -850.4066666666666 300
5405 -850.4066666666666 300
5406 -850.4066666666666 300
5407 -849.8766666666667 300
5408 -849.93 300
5409 -850.03 300
5410 -850.32 300
5411 -850.8033333333333 300
5412 -851.19 300
5413 -851.7666666666667 300
5414 -848.9966666666667 300
5415 -848.9933333333333 300
5416 -848.98 300
5417 -848.9466666666667 300
5418 -848.8766666666667 300
5419 -848.74 300
5420 -848.8966666666666 300
5421 -848.79 300
5422 -848.6033333333334 300
5423 -848.4 300
5424 -848.5366666666666 300
5425 -848.5066666666667 300
5426 -848.5066666666667 300
5427 -848.51 300
5428 -848.6866666666666 300
5429 -848.4566666666667 300
5430 -848.58 300
5431 -848.3566666666667 300
5432 -848.3633333333333 300
5433 -848.4 300
5434 -848.47 300
5435 -848.5466666666666 300
5436 -848.6566666666666 300
5437 -848.6733333333333 300
5438 -848.7066666666667 300
5439 -848.5366666666666 300
5440 -848.6366666666667 300
5441 -848.7166666666667 300
5442 -848.6766666666666 300
5443 -848.8166666666667 300
5444 -848.9733333333334 300
5445 -848.9 300
5446 -848.83 300
5447 -848.9366666666666 300
5448 -848.8533333333334 300
5449 -848.7366666666667 300
5450 -848.5033333333333 300
5451 -848.13 300
5452 -848.1033333333334 300
5453 -848.1033333333334 300
5454 -848.1033333333334 300
5455 -848.1033333333334 300
5456 -848.1466666666666 300
5457 -848.1466666666666 300
5458 -848.1466666666666 300
5459 -848.15 300
5460 -848.15 300
5461 -848.15 300
5462 -848.1533333333333 300
5463 -848.2066666666667 300
5464 -848.21 300
5465 -848.17 300
5466 -848.1766666666666 300
5467 -848.18 300
5468 -848.18 300
5469 -848.2266666666667 300
5470 -848.1033333333334 300
5471 -848.0633333333334 300
5472 -848.0633333333334 300
5473 -848.0666666666667 300
5474 -848.06 300
5475 -848.0666666666667 300
5476 -848.11 300
5477 -848.1066666666667 300
5478 -848.1066666666667 300
5479 -848.1066666666667 300
5480 -848.1066666666667 300
5481 -848.2666666666667 300
5482 -848.3833333333333 300
5483 -848.4366666666666 300
5484 -848.7566666666667 300
5485 -849.2266666666667 300
5486 -849.5433333333333 300
5487 -849.7666666666667 300
5488 -849.54 300
5489 -849.3266666666667 300
5490 -848.7866666666666 300
5491 -849.77 300
5492 -849.8133333333334 300
5493 -849.8133333333334 300
5494 -849.7966666666666 300
5495 -849.7966666666666 300
5496 -848.0766666666667 300
5497 -848.2166666666667 300
5498 -848.2633333333333 300
5499 -848.31 300
5500 -848.3966666666666 300
5501 -848.5266666666666 300
5502 -848.66 300
5503 -848.88 300
5504 -848.7833333333333 300
5505 -848.76 300
5506 -848.76 300
5507 -848.76 300
5508 -848.7466666666667 300
5509 -848.79 300
5510 -848.8333333333334 300
5511 -848.01 300
5512 -848.01 300
5513 -848.01 300
5514 -848.01 300
5515 -848.05 300
5516 -848.0533333333333 300
5517 -848.0966666666667 300
5518 -848.0533333333333 300
5519 -848.0533333333333 300
5520 -848.0533333333333 300
5521 -848.0533333333333 300
5522 -848.21 300
5523 -848.21 300
5524 -848.21 300
5525 -848.21 300
5526 -848.21 300
5527 -848.21 300
5528 -848.21 300
5529 -848.21 300
5530 -848.3033333333333 300
5531 -848.3 300
5532 -848.3 300
5533 -848.3 300
5534 -848.3 300
5535 -848.3 300
5536 -848.3 300
5537 -848.1833333333333 300
5538 -848.1833333333333 300
5539 -848.1833333333333 300
5540 -848.1833333333333 300
5541 -848.1833333333333 300
5542 -848.1833333333333 300
5543 -848.1833333333333 300
5544 -848.1833333333333 300
5545 -848.1833333333333 300
5546 -848.1833333333333 300
5547 -848.1833333333333 300
5548 -848.1833333333333 300
5549 -848.1833333333333 300
5550 -848.2266666666667 300
5551 -848.0333333333333 300
5552 -847.7966666666666 300
5553 -847.47 300
5554 -846.89 300
5555 -846.31 300
5556 -844.6666666666666 300
5557 -847.9466666666667 300
5558 -847.9466666666667 300
5559 -847.85 300
5560 -847.7533333333333 300
5561 -847.7533333333333 300
5562 -847.1766666666666 300
5563 -846.4433333333334 300
5564 -843.7333333333333 300
5565 -838.53 300
5566 -825.9533333333334 300
5567 -827.07 300
5568 -828.67 300
5569 -831.42 300
5570 -832.1833333333333 300
5571 -819.8 300
5572 -819.6266666666667 300
5573 -819.4633333333334 300
5574 -818.8466666666667 300
5575 -818.2833333333333 300
5576 -817.33 300
5577 -819.5366666666666 300
5578 -819.43 300
5579 -819.5166666666667 300
5580 -819.69 300
5581 -820.0266666666666 300
5582 -821.1633333333333 300
5583 -821.0566666666666 300
5584 -819.2366666666667 300
5585 -819.15 300
5586 -818.9766666666667 300
5587 -818.7166666666667 300
5588 -818.8466666666667 300
5589 -819.28 300
5590 -819.28 300
5591 -819.14 300
5592 -819.0433333333333 300
5593 -819.0433333333333 300
5594 -819.0466666666666 300
5595 -819.0466666666666 300
5596 -819.0466666666666 300
5597 -819.0033333333333 300
5598 -819.0033333333333 300
5599 -819.0033333333333 300
5600 -819.0033333333333 300
5601 -819.0033333333333 300
5602 -819.0466666666666 300
5603 -819.0466666666666 300
5604 -819.0466666666666 300
5605 -819.0433333333333 300
5606 -819.04 300
5607 -819.0333333333333 300
5608 -819.03 300
5609 -819.0233333333333 300
5610 -819.0133333333333 300
5611 -818.9766666666667 300
5612 -818.9266666666666 300
5613 -818.81 300
5614 -818.5666666666667 300
5615 -818.4833333333333 300
5616 -818.4833333333333 300
5617 -818.4866666666667 300
5618 -818.4933333333333 300
5619 -818.5066666666667 300
5620 -818.5133333333333 300
5621 -818.5266666666666 300
5622 -818.5366666666666 300
5623 -818.5366666666666 300
5624 -818.6033333333334 300
5625 -818.3166666666667 300
5626 -818.3333333333334 300
5627 -818.3566666666667 300
5628 -818.3833333333333 300
5629 -818.43 300
5630 -818.4866666666667 300
5631 -818.5366666666666 300
5632 -818.6166666666667 300
5633 -818.7133333333334 300
5634 -818.71 300
5635 -818.4466666666667 300
5636 -818.3166666666667 300
5637 -818.37 300
5638 -818.4366666666666 300
5639 -818.47 300
5640 -818.5 300
5641 -818.5166666666667 300
5642 -818.6133333333333 300
5643 -818.6566666666666 300
5644 -818.7366666666667 300
5645 -818.6966666666667 300
5646 -818.6366666666667 300
5647 -818.7966666666666 300
5648 -818.57 300
5649 -818.6766666666666 300
5650 -818.4233333333333 300
5651 -818.1166666666667 300
5652 -818.12 300
5653 -818.1233333333333 300
5654 -818.06 300
5655 -818.0166666666667 300
5656 -818.0233333333333 300
5657 -817.98 300
5658 -817.8 300
5659 -817.54 300
5660 -816.89 300
5661 -815.7633333333333 300
5662 -812.7733333333333 300
5663 -811.4733333333334 300
5664 -812.7766666666666 300
5665 -815.25 300
5666 -815.4533333333334 300
5667 -812.6366666666667 300
5668 -815.1066666666667 300
5669 -816.2766666666666 300
5670 -817.36 300
5671 -816.9266666666666 300
5672 -816.2866666666666 300
5673 -814.9 300
5674 -812.69 300
5675 -813.9033333333333 300
5676 -814.51 300
5677 -812.6033333333334 300
5678 -807.9666666666667 300
5679 -806.53 300
5680 -806.53 300
5681 -806.53 300
5682 -806.5733333333334 300
5683 -806.6166666666667 300
5684 -806.66 300
5685 -806.7033333333334 300
5686 -806.7033333333334 300
5687 -806.7466666666667 300
5688 -806.79 300
5689 -806.8333333333334 300
5690 -806.8766666666667 300
5691 -806.7033333333334 300
5692 -806.8333333333334 300
5693 -806.9633333333334 300
5694 -806.9633333333334 300
5695 -807.0933333333334 300
5696 -807.1366666666667 300
5697 -806.9166666666666 300
5698 -806.9066666666666 300
5699 -806.8433333333334 300
5700 -806.6466666666666 300
5701 -805.64 300
5702 -802.74 300
5703 -798.5733333333334 300
5704 -787.9666666666667 300
5705 -786.2133333333334 300
5706 -786.49 300
5707 -786.2066666666667 300
5708 -787.0466666666666 300
5709 -787.1233333333333 300
5710 -788.6233333333333 300
5711 -782.12 300
5712 -783.3933333333333 300
5713 -784.3633333333333 300
5714 -782.9133333333333 300
5715 -783.02 300
5716 -784.1233333333333 300
5717 -785.2233333333334 300
5718 -786.0666666666667 300
5719 -781.62 300
5720 -782.1666666666666 300
5721 -782.55 300
5722 -783.0866666666667 300
5723 -783.9 300
5724 -776.9466666666667 300
5725 -777.0033333333333 300
5726 -776.8566666666667 300
5727 -776.5666666666667 300
5728 -775.61 300
5729 -773.5266666666666 300
5730 -768.85 300
5731 -768.0033333333333 300
5732 -768.1433333333333 300
5733 -768.4733333333334 300
5734 -768.7533333333333 300
5735 -768.8966666666666 300
5736 -769.2233333333334 300
5737 -769.46 300
5738 -770.2566666666667 300
5739 -771.0966666666667 300
5740 -771.66 300
5741 -772.9233333333333 300
5742 -773.6266666666667 300
5743 -776.0566666666666 300
5744 -779.0033333333333 300
5745 -771.26 300
5746 -766.5466666666666 300
5747 -766.97 300
5748 -767.11 300
5749 -767.2566666666667 300
5750 -767.26 300
5751 -767.2633333333333 300
5752 -767.4033333333333 300
5753 -767.4066666666666 300
5754 -767.55 300
5755 -767.6466666666666 300
5756 -767.79 300
5757 -767.8866666666667 300
5758 -767.9833333333333 300
5759 -767.7366666666667 300
5760 -767.8733333333333 300
5761 -768.03 300
5762 -768.19 300
5763 -768.4866666666667 300
5764 -768.4833333333333 300
5765 -768.6633333333333 300
5766 -769.0266666666666 300
5767 -763.6766666666666 300
5768 -763.4566666666667 300
5769 -763.1166666666667 300
5770 -763.16 300
5771 -763.2066666666667 300
5772 -763.2066666666667 300
5773 -763.2533333333333 300
5774 -763.2433333333333 300
5775 -763.1833333333333 300
5776 -762.12 300
5777 -762.12 300
5778 -762.1233333333333 300
5779 -762.1233333333333 300
5780 -762.1233333333333 300
5781 -762.1233333333333 300
5782 -762.08 300
5783 -762.1133333333333 300
5784 -762.11 300
5785 -762.1133333333333 300
5786 -762.1133333333333 300
5787 -762.07 300
5788 -762.0266666666666 300
5789 -761.9833333333333 300
5790 -761.9366666666666 300
5791 -761.9366666666666 300
5792 -761.8066666666666 300
5793 -761.32 300
5794 -761.2766666666666 300
5795 -761.97 300
5796 -761.9266666666666 300
5797 -761.8833333333333 300
5798 -761.84 300
5799 -761.7966666666666 300
5800 -761.7533333333333 300
5801 -761.71 300
5802 -761.6233333333333 300
5803 -761.6233333333333 300
5804 -761.58 300
5805 -761.5366666666666 300
5806 -761.4933333333333 300
5807 -761.45 300
5808 -762.0566666666666 300
5809 -762.0566666666666 300
5810 -762.0566666666666 300
5811 -762.0566666666666 300
5812 -762.0566666666666 300
5813 -762.0566666666666 300
5814 -762.0566666666666 300
5815 -762.0566666666666 300
5816 -762.0566666666666 300
5817 -762.0566666666666 300
5818 -762.0566666666666 300
5819 -762.0566666666666 300
5820 -762.0566666666666 300
5821 -762.0066666666667 300
5822 -762.01 300
5823 -762.01 300
5824 -762.01 300
5825 -762.01 300
5826 -762.01 300
5827 -762.01 300
5828 -762.01 300
5829 -762.01 300
5830 -762.1233333333333 300
5831 -762.1233333333333 300
5832 -762.01 300
5833 -762.01 300
5834 -762.01 300
5835 -762.01 300
5836 -762.01 300
5837 -762.01 300
5838 -762.01 300
5839 -762.01 300
5840 -762.01 300
5841 -762.01 300
5842 -762.01 300
5843 -762.01 300
5844 -762.01 300
5845 -762.01 300
5846 -762.01 300
5847 -762.01 300
5848 -762.01 300
5849 -762.0133333333333 300
5850 -762.0133333333333 300
5851 -762.0133333333333 300
5852 -762.0066666666667 300
5853 -762.0066666666667 300
5854 -762.0066666666667 300
5855 -762.0066666666667 300
5856 -762.0066666666667 300
5857 -762.0066666666667 300
5858 -762.0066666666667 300
5859 -762.0066666666667 300
5860 -762.0066666666667 300
5861 -762.0066666666667 300
5862 -762.01 300
5863 -762.01 300
5864 -762.01 300
5865 -762.01 300
5866 -762.0133333333333 300
5867 -762.0133333333333 300
5868 -762.0133333333333 300
5869 -762.0133333333333 300
5870 -761.97 300
5871 -761.97 300
5872 -762.0133333333333 300
5873 -762.0133333333333 300
5874 -761.9233333333333 300
5875 -761.88 300
5876 -761.88 300
5877 -761.88 300
5878 -761.8366666666667 300
5879 -761.7933333333333 300
5880 -761.75 300
5881 -761.7066666666667 300
5882 -761.49 300
5883 -761.1433333333333 300
5884 -760.3633333333333 300
5885 -758.6733333333333 300
5886 -755.3366666666667 300
5887 -750.4833333333333 300
5888 -749.3533333333334 300
5889 -749.39 300
5890 -749.4666666666667 300
5891 -749.4 300
5892 -749.3566666666667 300
5893 -749.3133333333334 300
5894 -749.27 300
5895 -749.41 300
5896 -749.41 300
5897 -749.41 300
5898 -749.5066666666667 300
5899 -749.5066666666667 300
5900 -749.5066666666667 300
5901 -749.51 300
5902 -749.4666666666667 300
5903 -749.51 300
5904 -749.51 300
5905 -749.51 300
5906 -749.51 300
5907 -749.3333333333334 300
5908 -749.3333333333334 300
5909 -749.3333333333334 300
5910 -749.3333333333334 300
5911 -749.3766666666667 300
5912 -749.3766666666667 300
5913 -749.42 300
5914 -749.3333333333334 300
5915 -749.3766666666667 300
5916 -749.3766666666667 300
5917 -749.3766666666667 300
5918 -749.42 300
5919 -749.42 300
5920 -749.42 300
5921 -749.4633333333334 300
5922 -749.4633333333334 300
5923 -749.3766666666667 300
5924 -749.3766666666667 300
5925 -749.3766666666667 300
5926 -749.3766666666667 300
5927 -749.3766666666667 300
5928 -749.3766666666667 300
5929 -749.3766666666667 300
5930 -749.3766666666667 300
5931 -749.3766666666667 300
5932 -749.3766666666667 300
5933 -749.33 300
5934 -749.33 300
5935 -749.2866666666666 300
5936 -749.2833333333333 300
5937 -749.2833333333333 300
5938 -749.2833333333333 300
5939 -749.2833333333333 300
5940 -749.2833333333333 300
5941 -749.2833333333333 300
5942 -749.3833333333333 300
5943 -749.3833333333333 300
5944 -749.19 300
5945 -749.19 300
5946 -749.19 300
5947 -749.1466666666666 300
5948 -749.1466666666666 300
5949 -749.1466666666666 300
5950 -749.1466666666666 300
5951 -749.1466666666666 300
5952 -749.1466666666666 300
5953 -749.1466666666666 300
5954 -749.1466666666666 300
5955 -749.1466666666666 300
5956 -749.1466666666666 300
5957 -749.19 300
5958 -749.2866666666666 300
5959 -749.2866666666666 300
5960 -749.3833333333333 300
5961 -749.3833333333333 300
5962 -749.5233333333333 300
5963 -749.6133333333333 300
5964 -749.6133333333333 300
5965 -749.6133333333333 300
5966 -749.2266666666667 300
5967 -749.2266666666667 300
5968 -749.2266666666667 300
5969 -749.2266666666667 300
5970 -749.2266666666667 300
5971 -749.2266666666667 300
5972 -749.27 300
5973 -749.27 300
5974 -749.27 300
5975 -749.27 300
5976 -749.27 300
5977 -749.27 300
5978 -749.27 300
5979 -749.27 300
5980 -749.1733333333333 300
5981 -749.2166666666667 300
5982 -749.2166666666667 300
5983 -749.2166666666667 300
5984 -749.2166666666667 300
5985 -749.2166666666667 300
5986 -749.26 300
5987 -749.26 300
5988 -749.13 300
5989 -749.13 300
5990 -749.13 300
5991 -749.13 300
5992 -749.13 300
5993 -749.13 300
5994 -749.13 300
5995 -749.13 300
5996 -749.1333333333333 300
5997 -749.1333333333333 300
5998 -749.0033333333333 300
5999 -749.0066666666667 300
6000 -749.0066666666667 300
