1003.0 -871.0 
1003.0 -871.0 
905.0 -833.0 
905.0 -833.0 
925.0 -853.0 
965.0 -855.0 
910.0 -841.0 
998.0 -869.0 
976.0 -858.0 
967.0 -856.0 
909.0 -837.0 
923.0 -850.0 
983.0 -864.0 
992.0 -868.0 
988.0 -866.0 
977.0 -860.0 
915.0 -845.0 
925.0 -853.0 
967.0 -856.0 
915.0 -845.0 
920.0 -848.0 
980.0 -862.0 
965.0 -855.0 
918.0 -847.0 
906.0 -835.0 
923.0 -850.0 
987.0 -865.0 
1002.0 -870.0 
977.0 -860.0 
913.0 -843.0 
976.0 -858.0 
980.0 -862.0 
918.0 -847.0 
920.0 -848.0 
992.0 -868.0 
908.0 -836.0 
982.0 -863.0 
990.0 -867.0 
912.0 -842.0 
990.0 -867.0 
913.0 -843.0 
906.0 -835.0 
1002.0 -870.0 
982.0 -863.0 
987.0 -865.0 
908.0 -836.0 
909.0 -837.0 
912.0 -842.0 
905.0 -833.0 
925.0 -853.0 
967.0 -856.0 
915.0 -845.0 
965.0 -855.0 
923.0 -850.0 
977.0 -860.0 
976.0 -858.0 
980.0 -862.0 
918.0 -847.0 
920.0 -848.0 
992.0 -868.0 
913.0 -843.0 
990.0 -867.0 
906.0 -835.0 
987.0 -865.0 
982.0 -863.0 
1002.0 -870.0 
908.0 -836.0 
912.0 -842.0 
909.0 -837.0 
905.0 -833.0 
967.0 -856.0 
915.0 -845.0 
965.0 -855.0 
923.0 -850.0 
977.0 -860.0 
976.0 -858.0 
980.0 -862.0 
918.0 -847.0 
920.0 -848.0 
992.0 -868.0 
990.0 -867.0 
913.0 -843.0 
906.0 -835.0 
982.0 -863.0 
987.0 -865.0 
909.0 -837.0 
1002.0 -870.0 
908.0 -836.0 
912.0 -842.0 
905.0 -833.0 
967.0 -856.0 
915.0 -845.0 
965.0 -855.0 
923.0 -850.0 
977.0 -860.0 
976.0 -858.0 
980.0 -862.0 
918.0 -847.0 
920.0 -848.0 
992.0 -868.0 
990.0 -867.0 
913.0 -843.0 
906.0 -835.0 
912.0 -842.0 
1002.0 -870.0 
982.0 -863.0 
909.0 -837.0 
908.0 -836.0 
987.0 -865.0 
905.0 -833.0 
967.0 -856.0 
915.0 -845.0 
965.0 -855.0 
923.0 -850.0 
977.0 -860.0 
976.0 -858.0 
980.0 -862.0 
918.0 -847.0 
920.0 -848.0 
992.0 -868.0 
990.0 -867.0 
913.0 -843.0 
906.0 -835.0 
912.0 -842.0 
982.0 -863.0 
987.0 -865.0 
1002.0 -870.0 
908.0 -836.0 
909.0 -837.0 
905.0 -833.0 
967.0 -856.0 
915.0 -845.0 
965.0 -855.0 
923.0 -850.0 
977.0 -860.0 
976.0 -858.0 
980.0 -862.0 
918.0 -847.0 
920.0 -848.0 
992.0 -868.0 
990.0 -867.0 
913.0 -843.0 
906.0 -835.0 
1002.0 -870.0 
982.0 -863.0 
987.0 -865.0 
908.0 -836.0 
912.0 -842.0 
909.0 -837.0 
905.0 -833.0 
967.0 -856.0 
915.0 -845.0 
965.0 -855.0 
923.0 -850.0 
977.0 -860.0 
976.0 -858.0 
918.0 -847.0 
920.0 -848.0 
992.0 -868.0 
913.0 -843.0 
990.0 -867.0 
906.0 -835.0 
1002.0 -870.0 
987.0 -865.0 
982.0 -863.0 
909.0 -837.0 
912.0 -842.0 
908.0 -836.0 
905.0 -833.0 
967.0 -856.0 
915.0 -845.0 
965.0 -855.0 
923.0 -850.0 
977.0 -860.0 
976.0 -858.0 
918.0 -847.0 
920.0 -848.0 
992.0 -868.0 
990.0 -867.0 
913.0 -843.0 
906.0 -835.0 
982.0 -863.0 
1002.0 -870.0 
912.0 -842.0 
987.0 -865.0 
909.0 -837.0 
908.0 -836.0 
905.0 -833.0 
967.0 -856.0 
915.0 -845.0 
965.0 -855.0 
923.0 -850.0 
977.0 -860.0 
976.0 -858.0 
918.0 -847.0 
920.0 -848.0 
992.0 -868.0 
990.0 -867.0 
913.0 -843.0 
906.0 -835.0 
908.0 -836.0 
912.0 -842.0 
909.0 -837.0 
1002.0 -870.0 
987.0 -865.0 
982.0 -863.0 
905.0 -833.0 
967.0 -856.0 
915.0 -845.0 
965.0 -855.0 
923.0 -850.0 
977.0 -860.0 
976.0 -858.0 
918.0 -847.0 
920.0 -848.0 
992.0 -868.0 
990.0 -867.0 
913.0 -843.0 
906.0 -835.0 
908.0 -836.0 
912.0 -842.0 
982.0 -863.0 
1002.0 -870.0 
909.0 -837.0 
987.0 -865.0 
905.0 -833.0 
967.0 -856.0 
915.0 -845.0 
965.0 -855.0 
923.0 -850.0 
977.0 -860.0 
976.0 -858.0 
918.0 -847.0 
920.0 -848.0 
992.0 -868.0 
913.0 -843.0 
906.0 -835.0 
982.0 -863.0 
908.0 -836.0 
987.0 -865.0 
1002.0 -870.0 
909.0 -837.0 
905.0 -833.0 
967.0 -856.0 
915.0 -845.0 
965.0 -855.0 
923.0 -850.0 
913.0 -843.0 
977.0 -860.0 
976.0 -858.0 
918.0 -847.0 
920.0 -848.0 
992.0 -868.0 
906.0 -835.0 
982.0 -863.0 
987.0 -865.0 
908.0 -836.0 
1002.0 -870.0 
909.0 -837.0 
905.0 -833.0 
967.0 -856.0 
915.0 -845.0 
965.0 -855.0 
923.0 -850.0 
913.0 -843.0 
977.0 -860.0 
976.0 -858.0 
918.0 -847.0 
920.0 -848.0 
992.0 -868.0 
906.0 -835.0 
982.0 -863.0 
987.0 -865.0 
908.0 -836.0 
1002.0 -870.0 
909.0 -837.0 
905.0 -833.0 
967.0 -856.0 
915.0 -845.0 
965.0 -855.0 
923.0 -850.0 
913.0 -843.0 
977.0 -860.0 
976.0 -858.0 
918.0 -847.0 
920.0 -848.0 
992.0 -868.0 
906.0 -835.0 
987.0 -865.0 
908.0 -836.0 
1002.0 -870.0 
982.0 -863.0 
909.0 -837.0 
905.0 -833.0 
967.0 -856.0 
915.0 -845.0 
965.0 -855.0 
913.0 -843.0 
923.0 -850.0 
977.0 -860.0 
