955.0 -872.0 -1002.0
955.0 -872.0 -1002.0
877.0 -843.0 -990.0
877.0 -843.0 -990.0
934.0 -868.0 -1007.0
908.0 -866.0 -964.0
880.0 -848.0 -990.0
884.0 -849.0 -990.0
885.0 -855.0 -977.0
902.0 -865.0 -977.0
886.0 -857.0 -1006.0
908.0 -866.0 -964.0
897.0 -862.0 -977.0
901.0 -863.0 -977.0
894.0 -860.0 -977.0
890.0 -859.0 -977.0
885.0 -855.0 -977.0
889.0 -858.0 -977.0
895.0 -861.0 -977.0
890.0 -859.0 -977.0
895.0 -861.0 -977.0
889.0 -858.0 -977.0
901.0 -863.0 -977.0
894.0 -860.0 -977.0
884.0 -849.0 -964.0
908.0 -866.0 -964.0
885.0 -855.0 -977.0
890.0 -859.0 -977.0
895.0 -861.0 -977.0
894.0 -860.0 -977.0
889.0 -858.0 -977.0
901.0 -863.0 -977.0
884.0 -849.0 -964.0
908.0 -866.0 -964.0
885.0 -855.0 -977.0
890.0 -859.0 -977.0
895.0 -861.0 -977.0
889.0 -858.0 -977.0
894.0 -860.0 -977.0
901.0 -863.0 -977.0
884.0 -849.0 -964.0
908.0 -866.0 -964.0
885.0 -855.0 -977.0
890.0 -859.0 -977.0
895.0 -861.0 -977.0
889.0 -858.0 -977.0
894.0 -860.0 -977.0
901.0 -863.0 -977.0
884.0 -849.0 -964.0
908.0 -866.0 -964.0
885.0 -855.0 -977.0
890.0 -859.0 -977.0
895.0 -861.0 -977.0
889.0 -858.0 -977.0
894.0 -860.0 -977.0
901.0 -863.0 -977.0
884.0 -849.0 -964.0
908.0 -866.0 -964.0
885.0 -855.0 -977.0
895.0 -861.0 -977.0
894.0 -860.0 -977.0
901.0 -863.0 -977.0
884.0 -849.0 -964.0
908.0 -866.0 -964.0
885.0 -855.0 -977.0
895.0 -861.0 -977.0
901.0 -863.0 -977.0
894.0 -860.0 -977.0
884.0 -849.0 -964.0
908.0 -866.0 -964.0
885.0 -855.0 -977.0
895.0 -861.0 -977.0
901.0 -863.0 -977.0
894.0 -860.0 -977.0
884.0 -849.0 -964.0
908.0 -866.0 -964.0
885.0 -855.0 -977.0
901.0 -863.0 -977.0
894.0 -860.0 -977.0
884.0 -849.0 -964.0
908.0 -866.0 -964.0
885.0 -855.0 -977.0
901.0 -863.0 -977.0
894.0 -860.0 -977.0
884.0 -849.0 -964.0
908.0 -866.0 -964.0
885.0 -855.0 -977.0
901.0 -863.0 -977.0
894.0 -860.0 -977.0
884.0 -849.0 -964.0
908.0 -866.0 -964.0
885.0 -855.0 -977.0
901.0 -863.0 -977.0
894.0 -860.0 -977.0
884.0 -849.0 -964.0
908.0 -866.0 -964.0
885.0 -855.0 -977.0
901.0 -863.0 -977.0
894.0 -860.0 -977.0
884.0 -849.0 -964.0
908.0 -866.0 -964.0
885.0 -855.0 -977.0
901.0 -863.0 -977.0
894.0 -860.0 -977.0
884.0 -849.0 -964.0
908.0 -866.0 -964.0
885.0 -855.0 -977.0
901.0 -863.0 -977.0
894.0 -860.0 -977.0
884.0 -849.0 -964.0
908.0 -866.0 -964.0
885.0 -855.0 -977.0
901.0 -863.0 -977.0
894.0 -860.0 -977.0
884.0 -849.0 -964.0
908.0 -866.0 -964.0
894.0 -860.0 -977.0
901.0 -863.0 -977.0
884.0 -849.0 -964.0
908.0 -866.0 -964.0
894.0 -860.0 -977.0
901.0 -863.0 -977.0
884.0 -849.0 -964.0
908.0 -866.0 -964.0
894.0 -860.0 -977.0
901.0 -863.0 -977.0
884.0 -849.0 -964.0
908.0 -866.0 -964.0
901.0 -863.0 -977.0
884.0 -849.0 -964.0
908.0 -866.0 -964.0
901.0 -863.0 -977.0
884.0 -849.0 -964.0
908.0 -866.0 -964.0
901.0 -863.0 -977.0
884.0 -849.0 -964.0
908.0 -866.0 -964.0
901.0 -863.0 -977.0
884.0 -849.0 -964.0
901.0 -863.0 -977.0
884.0 -849.0 -964.0
901.0 -863.0 -977.0
884.0 -849.0 -964.0
901.0 -863.0 -977.0
884.0 -849.0 -964.0
901.0 -863.0 -977.0
884.0 -849.0 -964.0
901.0 -863.0 -977.0
884.0 -849.0 -964.0
901.0 -863.0 -977.0
884.0 -849.0 -964.0
901.0 -863.0 -977.0
884.0 -849.0 -964.0
901.0 -863.0 -977.0
884.0 -849.0 -964.0
901.0 -863.0 -977.0
884.0 -849.0 -964.0
901.0 -863.0 -977.0
884.0 -849.0 -964.0
901.0 -863.0 -977.0
884.0 -849.0 -964.0
884.0 -849.0 -964.0
884.0 -849.0 -964.0
884.0 -849.0 -964.0
884.0 -849.0 -964.0
884.0 -849.0 -964.0
884.0 -849.0 -964.0
884.0 -849.0 -964.0
884.0 -849.0 -990.0
884.0 -849.0 -990.0
884.0 -849.0 -990.0
884.0 -849.0 -990.0
884.0 -849.0 -964.0
884.0 -849.0 -964.0
884.0 -849.0 -964.0
884.0 -849.0 -964.0
884.0 -849.0 -964.0
901.0 -863.0 -977.0
884.0 -849.0 -964.0
884.0 -849.0 -964.0
901.0 -863.0 -977.0
884.0 -849.0 -964.0
884.0 -849.0 -964.0
884.0 -849.0 -964.0
901.0 -863.0 -977.0
884.0 -849.0 -964.0
884.0 -849.0 -964.0
884.0 -849.0 -964.0
884.0 -849.0 -964.0
884.0 -849.0 -964.0
884.0 -849.0 -964.0
884.0 -849.0 -964.0
884.0 -849.0 -964.0
884.0 -849.0 -964.0
884.0 -849.0 -964.0
884.0 -849.0 -964.0
884.0 -849.0 -964.0
884.0 -849.0 -964.0
884.0 -849.0 -964.0
884.0 -849.0 -964.0
884.0 -849.0 -964.0
884.0 -849.0 -964.0
884.0 -849.0 -964.0
884.0 -849.0 -964.0
908.0 -866.0 -964.0
884.0 -849.0 -964.0
884.0 -849.0 -964.0
884.0 -849.0 -964.0
884.0 -849.0 -964.0
884.0 -849.0 -964.0
884.0 -849.0 -964.0
901.0 -863.0 -977.0
884.0 -849.0 -964.0
884.0 -849.0 -964.0
884.0 -849.0 -964.0
884.0 -849.0 -964.0
901.0 -863.0 -977.0
884.0 -849.0 -964.0
884.0 -849.0 -964.0
884.0 -849.0 -964.0
884.0 -849.0 -964.0
884.0 -849.0 -964.0
884.0 -849.0 -964.0
884.0 -849.0 -964.0
884.0 -849.0 -964.0
884.0 -849.0 -964.0
901.0 -863.0 -977.0
884.0 -849.0 -964.0
884.0 -849.0 -964.0
884.0 -849.0 -964.0
884.0 -849.0 -964.0
901.0 -863.0 -977.0
884.0 -849.0 -964.0
884.0 -849.0 -964.0
884.0 -849.0 -964.0
884.0 -849.0 -964.0
884.0 -849.0 -964.0
884.0 -849.0 -964.0
901.0 -863.0 -977.0
884.0 -849.0 -964.0
901.0 -863.0 -977.0
884.0 -849.0 -964.0
884.0 -849.0 -964.0
884.0 -849.0 -964.0
908.0 -866.0 -964.0
901.0 -863.0 -977.0
901.0 -863.0 -977.0
884.0 -849.0 -964.0
884.0 -849.0 -964.0
884.0 -849.0 -964.0
884.0 -849.0 -964.0
884.0 -849.0 -964.0
901.0 -863.0 -977.0
884.0 -849.0 -964.0
901.0 -863.0 -977.0
884.0 -849.0 -964.0
884.0 -849.0 -964.0
884.0 -849.0 -964.0
901.0 -863.0 -977.0
884.0 -849.0 -964.0
884.0 -849.0 -964.0
884.0 -849.0 -964.0
884.0 -849.0 -964.0
884.0 -849.0 -964.0
884.0 -849.0 -964.0
884.0 -849.0 -964.0
884.0 -849.0 -964.0
884.0 -849.0 -964.0
901.0 -863.0 -977.0
884.0 -849.0 -964.0
908.0 -866.0 -964.0
884.0 -849.0 -964.0
884.0 -849.0 -964.0
884.0 -849.0 -964.0
884.0 -849.0 -964.0
884.0 -849.0 -964.0
884.0 -849.0 -964.0
908.0 -866.0 -964.0
908.0 -866.0 -964.0
884.0 -849.0 -964.0
884.0 -849.0 -964.0
884.0 -849.0 -964.0
884.0 -849.0 -964.0
884.0 -849.0 -964.0
884.0 -849.0 -964.0
884.0 -849.0 -964.0
908.0 -866.0 -964.0
884.0 -849.0 -964.0
884.0 -849.0 -964.0
884.0 -849.0 -964.0
884.0 -849.0 -964.0
884.0 -849.0 -964.0
884.0 -849.0 -964.0
884.0 -849.0 -964.0
884.0 -849.0 -964.0
884.0 -849.0 -964.0
884.0 -849.0 -964.0
884.0 -849.0 -964.0
901.0 -863.0 -977.0
884.0 -849.0 -964.0
