637.0 -893.0 
685.0 -952.0 
637.0 -893.0 
685.0 -952.0 
650.0 -920.0 
644.0 -900.0 
644.0 -900.0 
658.0 -923.0 
675.0 -943.0 
650.0 -920.0 
680.0 -950.0 
662.0 -931.0 
670.0 -940.0 
666.0 -935.0 
675.0 -943.0 
660.0 -926.0 
679.0 -949.0 
662.0 -931.0 
666.0 -935.0 
679.0 -949.0 
670.0 -940.0 
658.0 -923.0 
668.0 -938.0 
660.0 -926.0 
668.0 -938.0 
637.0 -893.0 
685.0 -952.0 
644.0 -900.0 
650.0 -920.0 
675.0 -943.0 
662.0 -931.0 
666.0 -935.0 
679.0 -949.0 
670.0 -940.0 
658.0 -923.0 
660.0 -926.0 
668.0 -938.0 
685.0 -952.0 
644.0 -900.0 
650.0 -920.0 
675.0 -943.0 
662.0 -931.0 
666.0 -935.0 
679.0 -949.0 
670.0 -940.0 
658.0 -923.0 
660.0 -926.0 
668.0 -938.0 
685.0 -952.0 
644.0 -900.0 
650.0 -920.0 
675.0 -943.0 
662.0 -931.0 
666.0 -935.0 
679.0 -949.0 
670.0 -940.0 
660.0 -926.0 
658.0 -923.0 
668.0 -938.0 
685.0 -952.0 
644.0 -900.0 
650.0 -920.0 
675.0 -943.0 
666.0 -935.0 
679.0 -949.0 
670.0 -940.0 
660.0 -926.0 
658.0 -923.0 
668.0 -938.0 
685.0 -952.0 
644.0 -900.0 
650.0 -920.0 
675.0 -943.0 
666.0 -935.0 
679.0 -949.0 
670.0 -940.0 
658.0 -923.0 
660.0 -926.0 
668.0 -938.0 
685.0 -952.0 
644.0 -900.0 
650.0 -920.0 
675.0 -943.0 
666.0 -935.0 
679.0 -949.0 
658.0 -923.0 
660.0 -926.0 
668.0 -938.0 
685.0 -952.0 
644.0 -900.0 
650.0 -920.0 
675.0 -943.0 
666.0 -935.0 
679.0 -949.0 
658.0 -923.0 
660.0 -926.0 
668.0 -938.0 
685.0 -952.0 
650.0 -920.0 
675.0 -943.0 
666.0 -935.0 
679.0 -949.0 
658.0 -923.0 
660.0 -926.0 
668.0 -938.0 
685.0 -952.0 
650.0 -920.0 
675.0 -943.0 
666.0 -935.0 
679.0 -949.0 
658.0 -923.0 
660.0 -926.0 
668.0 -938.0 
685.0 -952.0 
650.0 -920.0 
675.0 -943.0 
666.0 -935.0 
660.0 -926.0 
658.0 -923.0 
668.0 -938.0 
685.0 -952.0 
650.0 -920.0 
675.0 -943.0 
666.0 -935.0 
658.0 -923.0 
660.0 -926.0 
668.0 -938.0 
685.0 -952.0 
650.0 -920.0 
675.0 -943.0 
666.0 -935.0 
658.0 -923.0 
660.0 -926.0 
668.0 -938.0 
685.0 -952.0 
675.0 -943.0 
666.0 -935.0 
658.0 -923.0 
660.0 -926.0 
668.0 -938.0 
685.0 -952.0 
675.0 -943.0 
666.0 -935.0 
658.0 -923.0 
660.0 -926.0 
668.0 -938.0 
675.0 -943.0 
666.0 -935.0 
658.0 -923.0 
660.0 -926.0 
668.0 -938.0 
675.0 -943.0 
666.0 -935.0 
658.0 -923.0 
660.0 -926.0 
668.0 -938.0 
675.0 -943.0 
666.0 -935.0 
658.0 -923.0 
660.0 -926.0 
668.0 -938.0 
675.0 -943.0 
666.0 -935.0 
658.0 -923.0 
660.0 -926.0 
668.0 -938.0 
675.0 -943.0 
666.0 -935.0 
660.0 -926.0 
658.0 -923.0 
668.0 -938.0 
675.0 -943.0 
666.0 -935.0 
658.0 -923.0 
668.0 -938.0 
660.0 -926.0 
675.0 -943.0 
666.0 -935.0 
658.0 -923.0 
668.0 -938.0 
660.0 -926.0 
675.0 -943.0 
666.0 -935.0 
658.0 -923.0 
668.0 -938.0 
660.0 -926.0 
675.0 -943.0 
666.0 -935.0 
658.0 -923.0 
668.0 -938.0 
660.0 -926.0 
675.0 -943.0 
666.0 -935.0 
658.0 -923.0 
668.0 -938.0 
660.0 -926.0 
675.0 -943.0 
658.0 -923.0 
668.0 -938.0 
660.0 -926.0 
675.0 -943.0 
658.0 -923.0 
668.0 -938.0 
660.0 -926.0 
675.0 -943.0 
658.0 -923.0 
668.0 -938.0 
660.0 -926.0 
675.0 -943.0 
668.0 -938.0 
660.0 -926.0 
675.0 -943.0 
668.0 -938.0 
660.0 -926.0 
675.0 -943.0 
668.0 -938.0 
660.0 -926.0 
675.0 -943.0 
668.0 -938.0 
660.0 -926.0 
675.0 -943.0 
668.0 -938.0 
660.0 -926.0 
675.0 -943.0 
668.0 -938.0 
660.0 -926.0 
675.0 -943.0 
660.0 -926.0 
668.0 -938.0 
660.0 -926.0 
675.0 -943.0 
668.0 -938.0 
660.0 -926.0 
675.0 -943.0 
668.0 -938.0 
660.0 -926.0 
675.0 -943.0 
668.0 -938.0 
660.0 -926.0 
675.0 -943.0 
668.0 -938.0 
675.0 -943.0 
668.0 -938.0 
660.0 -926.0 
675.0 -943.0 
660.0 -926.0 
675.0 -943.0 
660.0 -926.0 
675.0 -943.0 
660.0 -926.0 
675.0 -943.0 
660.0 -926.0 
675.0 -943.0 
660.0 -926.0 
675.0 -943.0 
660.0 -926.0 
675.0 -943.0 
660.0 -926.0 
675.0 -943.0 
660.0 -926.0 
675.0 -943.0 
660.0 -926.0 
675.0 -943.0 
675.0 -943.0 
675.0 -943.0 
675.0 -943.0 
660.0 -926.0 
675.0 -943.0 
660.0 -926.0 
660.0 -926.0 
675.0 -943.0 
660.0 -926.0 
675.0 -943.0 
675.0 -943.0 
660.0 -926.0 
660.0 -926.0 
658.0 -923.0 
675.0 -943.0 
675.0 -943.0 
660.0 -926.0 
675.0 -943.0 
660.0 -926.0 
660.0 -926.0 
675.0 -943.0 
675.0 -943.0 
660.0 -926.0 
658.0 -923.0 
675.0 -943.0 
658.0 -923.0 
675.0 -943.0 
675.0 -943.0 
668.0 -938.0 
675.0 -943.0 
675.0 -943.0 
675.0 -943.0 
675.0 -943.0 
675.0 -943.0 
668.0 -938.0 
658.0 -923.0 
668.0 -938.0 
