502.5 -638.3333333333334
505.0 -645.0
508.3333333333333 -650.0
508.3333333333333 -650.0
505.0 -645.0
506.6666666666667 -647.5
506.6666666666667 -647.5
505.0 -645.0
505.0 -645.0
510.0 -651.6666666666666
505.0 -645.0
505.0 -645.0
510.0 -651.6666666666666
506.6666666666667 -647.5
505.8333333333333 -646.6666666666666
510.0 -651.6666666666666
508.3333333333333 -650.0
508.3333333333333 -650.0
508.3333333333333 -650.0
506.6666666666667 -647.5
508.3333333333333 -650.0
508.3333333333333 -650.0
508.3333333333333 -650.0
505.0 -645.0
505.0 -645.0
508.3333333333333 -650.0
505.0 -645.0
515.0 -653.3333333333334
505.0 -645.0
505.0 -645.0
506.6666666666667 -647.5
505.0 -645.0
505.0 -645.0
