506.6666666666667 -663.3333333333334
504.1666666666667 -658.3333333333333
506.6666666666667 -663.3333333333334
504.1666666666667 -658.3333333333333
507.5 -664.1666666666667
502.5 -656.6666666666666
504.1666666666667 -658.3333333333333
507.50000000000006 -665.8333333333334
504.1666666666667 -658.3333333333333
507.5 -664.1666666666667
504.1666666666667 -658.3333333333333
506.6666666666667 -663.3333333333334
506.6666666666667 -663.3333333333334
506.6666666666667 -663.3333333333334
506.6666666666667 -663.3333333333334
506.6666666666667 -663.3333333333334
517.5 -667.5
507.5 -664.1666666666667
