502.5 -666.6666666666666
507.50000000000006 -680.8333333333335
502.5 -666.6666666666666
506.6666666666667 -674.1666666666667
506.6666666666667 -674.1666666666667
505.0 -669.1666666666667
503.3333333333333 -667.5000000000001
504.1666666666667 -669.1666666666666
505.83333333333337 -670.8333333333335
503.3333333333333 -667.5000000000001
505.8333333333333 -670.0000000000001
505.83333333333337 -670.8333333333335
504.1666666666667 -669.1666666666666
505.8333333333333 -670.0000000000001
502.5 -666.6666666666666
506.6666666666667 -674.1666666666667
503.3333333333333 -667.5000000000001
505.83333333333337 -670.8333333333335
504.1666666666667 -669.1666666666666
505.8333333333333 -670.0000000000001
502.5 -666.6666666666666
504.1666666666667 -669.1666666666666
503.3333333333333 -667.5000000000001
506.6666666666667 -674.1666666666667
505.83333333333337 -670.8333333333335
505.8333333333333 -670.0000000000001
502.5 -666.6666666666666
502.5 -666.6666666666666
502.5 -666.6666666666666
504.1666666666667 -669.1666666666666
504.1666666666667 -669.1666666666666
502.5 -666.6666666666666
504.1666666666667 -669.1666666666666
506.6666666666667 -674.1666666666667
502.5 -666.6666666666666
502.5 -666.6666666666666
504.1666666666667 -669.1666666666666
504.1666666666667 -669.1666666666666
502.5 -666.6666666666666
506.6666666666667 -674.1666666666667
504.1666666666667 -669.1666666666666
502.5 -666.6666666666666
506.6666666666667 -674.1666666666667
502.5 -666.6666666666666
506.6666666666667 -674.1666666666667
506.6666666666667 -674.1666666666667
502.5 -666.6666666666666
506.6666666666667 -674.1666666666667
506.6666666666667 -674.1666666666667
506.6666666666667 -674.1666666666667
504.1666666666667 -669.1666666666666
504.1666666666667 -669.1666666666666
502.5 -666.6666666666666
504.1666666666667 -669.1666666666666
502.5 -666.6666666666666
506.6666666666667 -674.1666666666667
504.1666666666667 -669.1666666666666
502.5 -666.6666666666666
502.5 -666.6666666666666
502.5 -666.6666666666666
504.1666666666667 -669.1666666666666
506.6666666666667 -674.1666666666667
504.1666666666667 -669.1666666666666
506.6666666666667 -674.1666666666667
502.5 -666.6666666666666
504.1666666666667 -669.1666666666666
502.5 -666.6666666666666
502.5 -666.6666666666666
506.6666666666667 -674.1666666666667
502.5 -666.6666666666666
506.6666666666667 -674.1666666666667
504.1666666666667 -669.1666666666666
504.1666666666667 -669.1666666666666
504.1666666666667 -669.1666666666666
506.6666666666667 -674.1666666666667
502.5 -666.6666666666666
502.5 -666.6666666666666
504.1666666666667 -669.1666666666666
502.5 -666.6666666666666
504.1666666666667 -669.1666666666666
502.5 -666.6666666666666
502.5 -666.6666666666666
502.5 -666.6666666666666
506.6666666666667 -674.1666666666667
502.5 -666.6666666666666
502.5 -666.6666666666666
502.5 -666.6666666666666
504.1666666666667 -669.1666666666666
506.6666666666667 -674.1666666666667
505.8333333333333 -670.0000000000001
506.6666666666667 -674.1666666666667
502.5 -666.6666666666666
506.6666666666667 -674.1666666666667
506.6666666666667 -674.1666666666667
502.5 -666.6666666666666
504.1666666666667 -669.1666666666666
502.5 -666.6666666666666
502.5 -666.6666666666666
506.6666666666667 -674.1666666666667
505.8333333333333 -670.0000000000001
502.5 -666.6666666666666
502.5 -666.6666666666666
504.1666666666667 -669.1666666666666
506.6666666666667 -674.1666666666667
506.6666666666667 -674.1666666666667
506.6666666666667 -674.1666666666667
502.5 -666.6666666666666
502.5 -666.6666666666666
504.1666666666667 -669.1666666666666
504.1666666666667 -669.1666666666666
504.1666666666667 -669.1666666666666
502.5 -666.6666666666666
506.6666666666667 -674.1666666666667
502.5 -666.6666666666666
504.1666666666667 -669.1666666666666
502.5 -666.6666666666666
504.1666666666667 -669.1666666666666
502.5 -666.6666666666666
506.6666666666667 -674.1666666666667
502.5 -666.6666666666666
506.6666666666667 -674.1666666666667
504.1666666666667 -669.1666666666666
502.5 -666.6666666666666
504.1666666666667 -669.1666666666666
502.5 -666.6666666666666
502.5 -666.6666666666666
506.6666666666667 -674.1666666666667
504.1666666666667 -669.1666666666666
502.5 -666.6666666666666
502.5 -666.6666666666666
502.5 -666.6666666666666
504.1666666666667 -669.1666666666666
502.5 -666.6666666666666
506.6666666666667 -674.1666666666667
505.8333333333333 -670.0000000000001
506.6666666666667 -674.1666666666667
502.5 -666.6666666666666
502.5 -666.6666666666666
504.1666666666667 -669.1666666666666
506.6666666666667 -674.1666666666667
504.1666666666667 -669.1666666666666
506.6666666666667 -674.1666666666667
502.5 -666.6666666666666
502.5 -666.6666666666666
505.8333333333333 -670.0000000000001
504.1666666666667 -669.1666666666666
506.6666666666667 -674.1666666666667
504.1666666666667 -669.1666666666666
502.5 -666.6666666666666
504.1666666666667 -669.1666666666666
505.8333333333333 -670.0000000000001
502.5 -666.6666666666666
502.5 -666.6666666666666
502.5 -666.6666666666666
506.6666666666667 -674.1666666666667
502.5 -666.6666666666666
502.5 -666.6666666666666
506.6666666666667 -674.1666666666667
506.6666666666667 -674.1666666666667
504.1666666666667 -669.1666666666666
504.1666666666667 -669.1666666666666
506.6666666666667 -674.1666666666667
502.5 -666.6666666666666
506.6666666666667 -674.1666666666667
504.1666666666667 -669.1666666666666
504.1666666666667 -669.1666666666666
506.6666666666667 -674.1666666666667
504.1666666666667 -669.1666666666666
502.5 -666.6666666666666
502.5 -666.6666666666666
505.83333333333337 -670.8333333333335
502.5 -666.6666666666666
502.5 -666.6666666666666
502.5 -666.6666666666666
504.1666666666667 -669.1666666666666
504.1666666666667 -669.1666666666666
506.6666666666667 -674.1666666666667
502.5 -666.6666666666666
502.5 -666.6666666666666
503.3333333333333 -667.5000000000001
506.6666666666667 -674.1666666666667
502.5 -666.6666666666666
502.5 -666.6666666666666
503.3333333333333 -667.5000000000001
505.8333333333333 -670.0000000000001
502.5 -666.6666666666666
503.3333333333333 -667.5000000000001
502.5 -666.6666666666666
504.1666666666667 -669.1666666666666
502.5 -666.6666666666666
506.6666666666667 -674.1666666666667
502.5 -666.6666666666666
502.5 -666.6666666666666
506.6666666666667 -674.1666666666667
502.5 -666.6666666666666
502.5 -666.6666666666666
506.6666666666667 -674.1666666666667
502.5 -666.6666666666666
505.8333333333333 -670.0000000000001
504.1666666666667 -669.1666666666666
