502.5 -666.6666666666667
506.6666666666667 -677.5000000000001
506.6666666666667 -677.5000000000001
502.5 -666.6666666666667
506.6666666666667 -677.5000000000001
506.6666666666667 -677.5000000000001
506.6666666666667 -677.5000000000001
506.6666666666667 -677.5000000000001
506.6666666666667 -677.5000000000001
506.6666666666667 -677.5000000000001
505.0 -675.8333333333335
506.6666666666667 -677.5000000000001
506.6666666666667 -677.5000000000001
505.0 -675.8333333333335
506.6666666666667 -677.5000000000001
505.0 -675.8333333333335
506.6666666666667 -677.5000000000001
506.6666666666667 -677.5000000000001
506.6666666666667 -677.5000000000001
506.6666666666667 -677.5000000000001
506.6666666666667 -677.5000000000001
506.6666666666667 -677.5000000000001
502.5 -666.6666666666667
506.6666666666667 -677.5000000000001
506.6666666666667 -677.5000000000001
507.50000000000006 -684.1666666666669
505.0 -675.8333333333335
504.16666666666663 -674.1666666666667
505.0 -675.8333333333335
506.6666666666667 -677.5000000000001
506.6666666666667 -677.5000000000001
506.6666666666667 -677.5000000000001
504.16666666666663 -674.1666666666667
506.6666666666667 -677.5000000000001
507.50000000000006 -684.1666666666669
503.3333333333333 -673.3333333333335
507.50000000000006 -684.1666666666669
506.6666666666667 -677.5000000000001
