503.3333333333333 -678.3333333333335
503.3333333333333 -678.3333333333335
509.1666666666667 -686.6666666666669
503.3333333333333 -678.3333333333335
504.1666666666667 -680.0000000000002
503.3333333333333 -678.3333333333335
504.1666666666667 -680.0000000000002
504.1666666666667 -680.0000000000002
509.1666666666667 -686.6666666666669
509.1666666666667 -686.6666666666669
503.3333333333333 -678.3333333333335
504.1666666666667 -680.0000000000002
504.1666666666667 -680.0000000000002
504.1666666666667 -680.0000000000002
503.3333333333333 -678.3333333333335
505.83333333333337 -682.5000000000002
502.5 -677.5000000000002
502.5 -677.5000000000002
502.5 -677.5000000000002
502.5 -677.5000000000002
503.3333333333333 -678.3333333333335
504.1666666666667 -680.0000000000002
502.5 -677.5000000000002
506.6666666666667 -685.8333333333335
502.5 -677.5000000000002
504.1666666666667 -680.0000000000002
502.5 -677.5000000000002
503.3333333333333 -678.3333333333335
504.1666666666667 -680.0000000000002
502.5 -677.5000000000002
502.5 -677.5000000000002
502.5 -677.5000000000002
504.1666666666667 -680.0000000000002
