503.3333333333333 -678.3333333333335
503.3333333333333 -678.3333333333335
503.3333333333333 -678.3333333333335
503.3333333333333 -678.3333333333335
503.3333333333333 -678.3333333333335
503.3333333333333 -678.3333333333335
502.5 -677.5000000000002
502.5 -677.5000000000002
502.5 -677.5000000000002
502.5 -677.5000000000002
503.3333333333333 -678.3333333333335
502.5 -677.5000000000002
506.6666666666667 -685.8333333333335
502.5 -677.5000000000002
502.5 -677.5000000000002
503.3333333333333 -678.3333333333335
502.5 -677.5000000000002
502.5 -677.5000000000002
502.5 -677.5000000000002
502.5 -677.5000000000002
509.1666666666667 -687.5000000000002
502.5 -677.5000000000002
502.5 -677.5000000000002
502.5 -677.5000000000002
503.3333333333333 -678.3333333333335
504.16666666666663 -683.3333333333335
503.3333333333333 -678.3333333333335
502.5 -677.5000000000002
502.5 -677.5000000000002
