506.6666666666667 -686.6666666666669
502.5 -679.1666666666669
506.6666666666667 -686.6666666666669
502.5 -679.1666666666669
502.5 -679.1666666666669
502.5 -679.1666666666669
502.5 -679.1666666666669
506.6666666666667 -686.6666666666669
508.3333333333333 -688.3333333333335
502.5 -679.1666666666669
503.3333333333333 -680.0000000000002
506.6666666666667 -686.6666666666669
506.6666666666667 -686.6666666666669
503.3333333333333 -680.0000000000002
506.6666666666667 -686.6666666666669
502.5 -679.1666666666669
508.3333333333333 -688.3333333333335
502.5 -679.1666666666669
504.16666666666663 -685.0000000000001
506.6666666666667 -686.6666666666669
502.5 -679.1666666666669
502.5 -679.1666666666669
