507.5 -691.6666666666669
507.5 -691.6666666666669
505.8333333333333 -686.6666666666669
505.0 -686.6666666666667
506.6666666666667 -690.0000000000001
506.6666666666667 -690.0000000000001
507.5 -691.6666666666669
506.6666666666667 -690.0000000000001
507.5 -691.6666666666669
507.5 -691.6666666666669
507.5 -691.6666666666669
507.5 -691.6666666666669
507.5 -691.6666666666669
507.5 -691.6666666666669
507.5 -691.6666666666669
507.5 -691.6666666666669
507.5 -691.6666666666669
507.5 -691.6666666666669
507.5 -691.6666666666669
502.5 -680.0000000000002
506.6666666666667 -690.0000000000001
507.5 -691.6666666666669
506.6666666666667 -690.0000000000001
507.5 -691.6666666666669
507.5 -691.6666666666669
506.6666666666667 -690.0000000000001
507.5 -691.6666666666669
507.5 -691.6666666666669
507.5 -691.6666666666669
506.6666666666667 -690.0000000000001
507.5 -691.6666666666669
506.6666666666667 -690.0000000000001
506.6666666666667 -690.0000000000001
506.6666666666667 -690.0000000000001
507.5 -691.6666666666669
507.5 -691.6666666666669
502.5 -680.0000000000002
506.6666666666667 -690.0000000000001
505.8333333333333 -686.6666666666669
507.5 -691.6666666666669
507.5 -691.6666666666669
505.8333333333333 -686.6666666666669
507.5 -691.6666666666669
507.5 -691.6666666666669
506.6666666666667 -690.0000000000001
507.5 -691.6666666666669
507.5 -691.6666666666669
507.5 -691.6666666666669
507.5 -691.6666666666669
507.5 -691.6666666666669
503.3333333333333 -685.0000000000001
507.5 -691.6666666666669
506.6666666666667 -690.0000000000001
503.3333333333333 -685.0000000000001
507.5 -691.6666666666669
507.5 -691.6666666666669
507.5 -691.6666666666669
507.5 -691.6666666666669
507.5 -691.6666666666669
507.5 -691.6666666666669
506.6666666666667 -690.0000000000001
507.5 -691.6666666666669
507.5 -691.6666666666669
507.5 -691.6666666666669
506.6666666666667 -690.0000000000001
507.5 -691.6666666666669
