503.3333333333333 -685.0000000000001
503.3333333333333 -685.0000000000001
507.5 -692.5000000000001
503.3333333333333 -685.0000000000001
503.3333333333333 -685.0000000000001
503.3333333333333 -685.0000000000001
507.5 -692.5000000000001
506.6666666666667 -690.8333333333335
507.5 -692.5000000000001
502.5 -681.6666666666669
503.3333333333333 -685.0000000000001
503.3333333333333 -685.0000000000001
503.3333333333333 -685.0000000000001
503.3333333333333 -685.0000000000001
503.3333333333333 -685.0000000000001
503.3333333333333 -685.0000000000001
503.3333333333333 -685.0000000000001
503.3333333333333 -685.0000000000001
503.3333333333333 -685.0000000000001
506.6666666666667 -690.8333333333335
503.3333333333333 -685.0000000000001
503.3333333333333 -685.0000000000001
506.6666666666667 -690.8333333333335
503.3333333333333 -685.0000000000001
503.3333333333333 -685.0000000000001
503.3333333333333 -685.0000000000001
503.3333333333333 -685.0000000000001
503.3333333333333 -685.0000000000001
503.3333333333333 -685.0000000000001
503.3333333333333 -685.0000000000001
503.3333333333333 -685.0000000000001
503.3333333333333 -685.0000000000001
507.5 -692.5000000000001
503.3333333333333 -685.0000000000001
503.3333333333333 -685.0000000000001
503.3333333333333 -685.0000000000001
503.3333333333333 -685.0000000000001
505.0 -687.5000000000001
503.3333333333333 -685.0000000000001
503.3333333333333 -685.0000000000001
503.3333333333333 -685.0000000000001
503.3333333333333 -685.0000000000001
506.6666666666667 -690.8333333333335
503.3333333333333 -685.0000000000001
504.16666666666663 -685.8333333333335
505.0 -687.5000000000001
503.3333333333333 -685.0000000000001
506.6666666666667 -690.8333333333335
503.3333333333333 -685.0000000000001
505.0 -687.5000000000001
503.3333333333333 -685.0000000000001
504.16666666666663 -685.8333333333335
503.3333333333333 -685.0000000000001
507.5 -692.5000000000001
503.3333333333333 -685.0000000000001
503.3333333333333 -685.0000000000001
503.3333333333333 -685.0000000000001
503.3333333333333 -685.0000000000001
506.6666666666667 -690.8333333333335
506.6666666666667 -690.8333333333335
507.5 -692.5000000000001
505.0 -687.5000000000001
503.3333333333333 -685.0000000000001
504.16666666666663 -685.8333333333335
503.3333333333333 -685.0000000000001
503.3333333333333 -685.0000000000001
500.8333333333333 -679.1666666666667
506.6666666666667 -690.8333333333335
506.6666666666667 -690.8333333333335
503.3333333333333 -685.0000000000001
504.16666666666663 -685.8333333333335
507.5 -692.5000000000001
507.5 -692.5000000000001
507.5 -692.5000000000001
503.3333333333333 -685.0000000000001
506.6666666666667 -690.8333333333335
504.16666666666663 -685.8333333333335
503.3333333333333 -685.0000000000001
503.3333333333333 -685.0000000000001
506.6666666666667 -690.8333333333335
506.6666666666667 -690.8333333333335
506.6666666666667 -690.8333333333335
503.3333333333333 -685.0000000000001
506.6666666666667 -690.8333333333335
503.3333333333333 -685.0000000000001
505.0 -687.5000000000001
504.16666666666663 -685.8333333333335
503.3333333333333 -685.0000000000001
500.8333333333333 -679.1666666666667
503.3333333333333 -685.0000000000001
506.6666666666667 -690.8333333333335
503.3333333333333 -685.0000000000001
503.3333333333333 -685.0000000000001
503.3333333333333 -685.0000000000001
503.3333333333333 -685.0000000000001
503.3333333333333 -685.0000000000001
503.3333333333333 -685.0000000000001
506.6666666666667 -690.8333333333335
504.16666666666663 -685.8333333333335
504.16666666666663 -685.8333333333335
503.3333333333333 -685.0000000000001
503.3333333333333 -685.0000000000001
505.0 -687.5000000000001
503.3333333333333 -685.0000000000001
503.3333333333333 -685.0000000000001
505.0 -687.5000000000001
507.5 -692.5000000000001
503.3333333333333 -685.0000000000001
