503.3333333333333 -691.6666666666667
503.3333333333333 -691.6666666666667
509.16666666666663 -695.8333333333335
510.0 -697.5000000000001
507.5 -693.3333333333335
503.3333333333333 -691.6666666666667
509.16666666666663 -695.8333333333335
509.16666666666663 -695.8333333333335
509.16666666666663 -695.8333333333335
508.33333333333337 -694.1666666666669
508.33333333333337 -694.1666666666669
509.16666666666663 -695.8333333333335
509.16666666666663 -695.8333333333335
503.3333333333333 -691.6666666666667
510.0 -697.5000000000001
508.33333333333337 -694.1666666666669
508.33333333333337 -694.1666666666669
508.33333333333337 -694.1666666666669
508.33333333333337 -694.1666666666669
508.33333333333337 -694.1666666666669
508.33333333333337 -694.1666666666669
508.33333333333337 -694.1666666666669
509.16666666666663 -695.8333333333335
500.8333333333333 -686.6666666666667
508.33333333333337 -694.1666666666669
508.33333333333337 -694.1666666666669
