503.3333333333333 -691.6666666666667
503.3333333333333 -691.6666666666667
503.3333333333333 -691.6666666666667
503.3333333333333 -691.6666666666667
500.8333333333333 -686.6666666666667
503.3333333333333 -691.6666666666667
503.3333333333333 -691.6666666666667
503.3333333333333 -691.6666666666667
500.8333333333333 -686.6666666666667
503.3333333333333 -691.6666666666667
502.49999999999994 -687.5000000000001
503.3333333333333 -691.6666666666667
502.49999999999994 -687.5000000000001
503.3333333333333 -691.6666666666667
500.8333333333333 -686.6666666666667
504.16666666666663 -692.5000000000001
500.8333333333333 -686.6666666666667
513.3333333333333 -700.0000000000001
508.33333333333337 -697.5000000000001
508.33333333333337 -697.5000000000001
500.0 -676.6666666666669
505.8333333333333 -696.6666666666669
500.8333333333333 -686.6666666666667
503.3333333333333 -691.6666666666667
502.49999999999994 -687.5000000000001
503.3333333333333 -691.6666666666667
508.33333333333337 -697.5000000000001
503.3333333333333 -691.6666666666667
505.8333333333333 -696.6666666666669
504.16666666666663 -692.5000000000001
500.8333333333333 -686.6666666666667
503.3333333333333 -691.6666666666667
500.8333333333333 -686.6666666666667
503.3333333333333 -691.6666666666667
500.0 -676.6666666666669
500.8333333333333 -686.6666666666667
504.1666666666667 -693.3333333333335
500.8333333333333 -686.6666666666667
505.8333333333333 -696.6666666666669
500.8333333333333 -686.6666666666667
500.8333333333333 -686.6666666666667
508.33333333333337 -697.5000000000001
503.3333333333333 -691.6666666666667
505.8333333333333 -696.6666666666669
