500.0 -676.6666666666669
510.83333333333337 -702.5000000000001
500.0 -676.6666666666669
510.83333333333337 -702.5000000000001
507.49999999999994 -699.1666666666669
500.8333333333333 -686.6666666666667
502.49999999999994 -690.0000000000001
505.8333333333333 -696.6666666666669
504.99999999999994 -694.1666666666669
501.6666666666667 -688.3333333333335
500.8333333333333 -686.6666666666667
503.3333333333333 -691.6666666666669
501.6666666666667 -688.3333333333335
504.99999999999994 -694.1666666666669
505.8333333333333 -696.6666666666669
503.3333333333333 -691.6666666666669
504.16666666666663 -692.5000000000001
506.66666666666663 -697.5000000000001
504.1666666666667 -693.3333333333335
506.6666666666667 -698.3333333333335
504.1666666666667 -693.3333333333335
506.6666666666667 -698.3333333333335
504.16666666666663 -692.5000000000001
506.66666666666663 -697.5000000000001
510.83333333333337 -702.5000000000001
500.0 -676.6666666666669
500.8333333333333 -686.6666666666667
501.6666666666667 -688.3333333333335
504.99999999999994 -694.1666666666669
505.8333333333333 -696.6666666666669
503.3333333333333 -691.6666666666669
504.1666666666667 -693.3333333333335
506.6666666666667 -698.3333333333335
504.16666666666663 -692.5000000000001
506.66666666666663 -697.5000000000001
500.0 -676.6666666666669
510.83333333333337 -702.5000000000001
505.8333333333333 -696.6666666666669
500.8333333333333 -686.6666666666667
504.1666666666667 -693.3333333333335
501.6666666666667 -688.3333333333335
506.6666666666667 -698.3333333333335
503.3333333333333 -691.6666666666669
506.66666666666663 -697.5000000000001
504.16666666666663 -692.5000000000001
500.8333333333333 -686.6666666666667
500.8333333333333 -686.6666666666667
500.8333333333333 -686.6666666666667
500.8333333333333 -686.6666666666667
505.8333333333333 -696.6666666666669
504.16666666666663 -692.5000000000001
500.8333333333333 -686.6666666666667
500.8333333333333 -686.6666666666667
500.0 -676.6666666666669
500.8333333333333 -686.6666666666667
500.8333333333333 -686.6666666666667
505.8333333333333 -696.6666666666669
500.8333333333333 -686.6666666666667
500.8333333333333 -686.6666666666667
505.8333333333333 -696.6666666666669
500.8333333333333 -686.6666666666667
500.8333333333333 -686.6666666666667
500.8333333333333 -686.6666666666667
505.8333333333333 -696.6666666666669
500.8333333333333 -686.6666666666667
500.8333333333333 -686.6666666666667
500.8333333333333 -686.6666666666667
500.8333333333333 -686.6666666666667
500.8333333333333 -686.6666666666667
504.1666666666667 -693.3333333333335
500.8333333333333 -686.6666666666667
500.8333333333333 -686.6666666666667
500.8333333333333 -686.6666666666667
500.8333333333333 -686.6666666666667
500.8333333333333 -686.6666666666667
500.8333333333333 -686.6666666666667
500.8333333333333 -686.6666666666667
500.8333333333333 -686.6666666666667
504.16666666666663 -692.5000000000001
500.8333333333333 -686.6666666666667
505.8333333333333 -696.6666666666669
500.8333333333333 -686.6666666666667
504.16666666666663 -692.5000000000001
505.8333333333333 -696.6666666666669
500.8333333333333 -686.6666666666667
500.8333333333333 -686.6666666666667
500.8333333333333 -686.6666666666667
500.8333333333333 -686.6666666666667
500.8333333333333 -686.6666666666667
504.16666666666663 -692.5000000000001
500.8333333333333 -686.6666666666667
500.8333333333333 -686.6666666666667
504.16666666666663 -692.5000000000001
504.16666666666663 -692.5000000000001
503.3333333333333 -691.6666666666669
500.8333333333333 -686.6666666666667
504.1666666666667 -693.3333333333335
504.16666666666663 -692.5000000000001
505.8333333333333 -696.6666666666669
504.1666666666667 -693.3333333333335
505.8333333333333 -696.6666666666669
500.8333333333333 -686.6666666666667
500.8333333333333 -686.6666666666667
500.8333333333333 -686.6666666666667
500.8333333333333 -686.6666666666667
500.8333333333333 -686.6666666666667
500.8333333333333 -686.6666666666667
504.16666666666663 -692.5000000000001
500.8333333333333 -686.6666666666667
500.8333333333333 -686.6666666666667
500.8333333333333 -686.6666666666667
500.8333333333333 -686.6666666666667
500.8333333333333 -686.6666666666667
500.8333333333333 -686.6666666666667
500.8333333333333 -686.6666666666667
500.8333333333333 -686.6666666666667
505.8333333333333 -696.6666666666669
500.8333333333333 -686.6666666666667
500.8333333333333 -686.6666666666667
505.8333333333333 -696.6666666666669
500.8333333333333 -686.6666666666667
500.8333333333333 -686.6666666666667
500.8333333333333 -686.6666666666667
500.8333333333333 -686.6666666666667
505.8333333333333 -696.6666666666669
500.8333333333333 -686.6666666666667
500.8333333333333 -686.6666666666667
506.66666666666663 -697.5000000000001
500.8333333333333 -686.6666666666667
500.8333333333333 -686.6666666666667
504.1666666666667 -693.3333333333335
500.8333333333333 -686.6666666666667
500.8333333333333 -686.6666666666667
500.8333333333333 -686.6666666666667
503.3333333333333 -691.6666666666669
505.8333333333333 -696.6666666666669
500.8333333333333 -686.6666666666667
500.8333333333333 -686.6666666666667
504.16666666666663 -692.5000000000001
500.8333333333333 -686.6666666666667
500.8333333333333 -686.6666666666667
500.8333333333333 -686.6666666666667
504.1666666666667 -693.3333333333335
500.8333333333333 -686.6666666666667
504.1666666666667 -693.3333333333335
505.8333333333333 -696.6666666666669
504.1666666666667 -693.3333333333335
504.1666666666667 -693.3333333333335
504.16666666666663 -692.5000000000001
500.8333333333333 -686.6666666666667
500.8333333333333 -686.6666666666667
504.16666666666663 -692.5000000000001
500.8333333333333 -686.6666666666667
500.8333333333333 -686.6666666666667
500.8333333333333 -686.6666666666667
505.8333333333333 -696.6666666666669
500.8333333333333 -686.6666666666667
505.8333333333333 -696.6666666666669
505.8333333333333 -696.6666666666669
501.6666666666667 -688.3333333333335
506.6666666666667 -698.3333333333335
504.16666666666663 -692.5000000000001
504.1666666666667 -693.3333333333335
505.8333333333333 -696.6666666666669
500.8333333333333 -686.6666666666667
505.8333333333333 -696.6666666666669
500.8333333333333 -686.6666666666667
505.8333333333333 -696.6666666666669
500.8333333333333 -686.6666666666667
503.3333333333333 -691.6666666666669
504.16666666666663 -692.5000000000001
504.1666666666667 -693.3333333333335
500.8333333333333 -686.6666666666667
500.8333333333333 -686.6666666666667
500.8333333333333 -686.6666666666667
504.1666666666667 -693.3333333333335
505.8333333333333 -696.6666666666669
500.8333333333333 -686.6666666666667
504.1666666666667 -693.3333333333335
500.8333333333333 -686.6666666666667
501.6666666666667 -688.3333333333335
500.8333333333333 -686.6666666666667
506.66666666666663 -697.5000000000001
500.8333333333333 -686.6666666666667
500.8333333333333 -686.6666666666667
506.6666666666667 -698.3333333333335
503.3333333333333 -691.6666666666669
503.3333333333333 -691.6666666666669
500.8333333333333 -686.6666666666667
500.8333333333333 -686.6666666666667
503.3333333333333 -691.6666666666669
500.8333333333333 -686.6666666666667
506.66666666666663 -697.5000000000001
501.6666666666667 -688.3333333333335
503.3333333333333 -691.6666666666669
504.1666666666667 -693.3333333333335
503.3333333333333 -691.6666666666669
504.16666666666663 -692.5000000000001
504.1666666666667 -693.3333333333335
500.8333333333333 -686.6666666666667
