500.0 -676.6666666666669
500.0 -676.6666666666669
507.49999999999994 -699.1666666666669
507.49999999999994 -699.1666666666669
500.0 -676.6666666666669
500.0 -676.6666666666669
500.0 -676.6666666666669
507.49999999999994 -699.1666666666669
507.49999999999994 -699.1666666666669
507.49999999999994 -699.1666666666669
511.6666666666667 -704.1666666666669
503.3333333333333 -694.1666666666669
500.0 -676.6666666666669
507.49999999999994 -699.1666666666669
507.49999999999994 -699.1666666666669
507.49999999999994 -699.1666666666669
507.49999999999994 -699.1666666666669
504.1666666666667 -695.8333333333335
507.49999999999994 -699.1666666666669
507.49999999999994 -699.1666666666669
507.49999999999994 -699.1666666666669
503.3333333333333 -694.1666666666669
507.49999999999994 -699.1666666666669
507.49999999999994 -699.1666666666669
505.8333333333333 -697.5000000000001
507.49999999999994 -699.1666666666669
507.49999999999994 -699.1666666666669
511.6666666666667 -704.1666666666669
507.49999999999994 -699.1666666666669
507.49999999999994 -699.1666666666669
507.49999999999994 -699.1666666666669
507.49999999999994 -699.1666666666669
507.49999999999994 -699.1666666666669
500.0 -676.6666666666669
503.3333333333333 -694.1666666666669
507.49999999999994 -699.1666666666669
507.49999999999994 -699.1666666666669
504.1666666666667 -695.8333333333335
507.49999999999994 -699.1666666666669
507.49999999999994 -699.1666666666669
503.3333333333333 -694.1666666666669
504.99999999999994 -696.6666666666669
507.49999999999994 -699.1666666666669
507.49999999999994 -699.1666666666669
504.16666666666663 -695.0000000000001
504.1666666666667 -695.8333333333335
507.49999999999994 -699.1666666666669
511.6666666666667 -704.1666666666669
504.16666666666663 -695.0000000000001
511.6666666666667 -704.1666666666669
507.49999999999994 -699.1666666666669
503.3333333333333 -694.1666666666669
501.6666666666667 -690.8333333333335
504.16666666666663 -695.0000000000001
511.6666666666667 -704.1666666666669
504.1666666666667 -695.8333333333335
504.1666666666667 -695.8333333333335
501.6666666666667 -690.8333333333335
504.1666666666667 -695.8333333333335
511.6666666666667 -704.1666666666669
507.49999999999994 -699.1666666666669
503.3333333333333 -694.1666666666669
511.6666666666667 -704.1666666666669
504.1666666666667 -695.8333333333335
505.8333333333333 -697.5000000000001
501.6666666666667 -690.8333333333335
504.99999999999994 -696.6666666666669
504.99999999999994 -696.6666666666669
507.49999999999994 -699.1666666666669
507.49999999999994 -699.1666666666669
501.6666666666667 -690.8333333333335
504.1666666666667 -695.8333333333335
507.49999999999994 -699.1666666666669
511.6666666666667 -704.1666666666669
503.33333333333326 -691.6666666666669
504.1666666666667 -695.8333333333335
507.49999999999994 -699.1666666666669
507.49999999999994 -699.1666666666669
504.99999999999994 -696.6666666666669
511.6666666666667 -704.1666666666669
504.1666666666667 -695.8333333333335
504.1666666666667 -695.8333333333335
507.49999999999994 -699.1666666666669
504.1666666666667 -695.8333333333335
511.6666666666667 -704.1666666666669
511.6666666666667 -704.1666666666669
501.6666666666667 -690.8333333333335
507.49999999999994 -699.1666666666669
511.6666666666667 -704.1666666666669
503.3333333333333 -694.1666666666669
507.49999999999994 -699.1666666666669
507.49999999999994 -699.1666666666669
511.6666666666667 -704.1666666666669
511.6666666666667 -704.1666666666669
507.49999999999994 -699.1666666666669
505.8333333333333 -697.5000000000001
507.49999999999994 -699.1666666666669
504.99999999999994 -696.6666666666669
506.66666666666663 -698.3333333333335
511.6666666666667 -704.1666666666669
501.6666666666667 -690.8333333333335
503.3333333333333 -694.1666666666669
503.3333333333333 -694.1666666666669
503.3333333333333 -694.1666666666669
506.66666666666663 -698.3333333333335
503.3333333333333 -694.1666666666669
503.3333333333333 -694.1666666666669
508.3333333333333 -700.0000000000001
511.6666666666667 -704.1666666666669
507.49999999999994 -699.1666666666669
507.49999999999994 -699.1666666666669
511.6666666666667 -704.1666666666669
504.99999999999994 -696.6666666666669
511.6666666666667 -704.1666666666669
504.16666666666663 -695.0000000000001
503.3333333333333 -694.1666666666669
504.1666666666667 -695.8333333333335
507.49999999999994 -699.1666666666669
511.6666666666667 -704.1666666666669
507.49999999999994 -699.1666666666669
509.1666666666667 -701.6666666666669
504.99999999999994 -696.6666666666669
504.1666666666667 -695.8333333333335
504.1666666666667 -695.8333333333335
511.6666666666667 -704.1666666666669
507.49999999999994 -699.1666666666669
500.8333333333333 -690.0000000000001
507.49999999999994 -699.1666666666669
507.49999999999994 -699.1666666666669
501.6666666666667 -690.8333333333335
501.6666666666667 -690.8333333333335
503.3333333333333 -694.1666666666669
501.6666666666667 -690.8333333333335
510.83333333333337 -703.3333333333336
503.3333333333333 -694.1666666666669
504.1666666666667 -695.8333333333335
504.16666666666663 -695.0000000000001
507.49999999999994 -699.1666666666669
504.1666666666667 -695.8333333333335
504.1666666666667 -695.8333333333335
501.6666666666667 -690.8333333333335
