501.66666666666663 -701.6666666666669
503.3333333333333 -704.1666666666669
501.66666666666663 -701.6666666666669
510.8333333333333 -712.5000000000002
501.66666666666663 -701.6666666666669
503.3333333333333 -704.1666666666669
509.1666666666667 -710.8333333333335
503.3333333333333 -704.1666666666669
501.66666666666663 -701.6666666666669
501.66666666666663 -701.6666666666669
501.66666666666663 -701.6666666666669
501.66666666666663 -701.6666666666669
501.66666666666663 -701.6666666666669
501.66666666666663 -701.6666666666669
501.66666666666663 -701.6666666666669
508.3333333333333 -710.0000000000002
501.66666666666663 -701.6666666666669
501.66666666666663 -701.6666666666669
501.66666666666663 -701.6666666666669
501.66666666666663 -701.6666666666669
503.3333333333333 -704.1666666666669
501.66666666666663 -701.6666666666669
501.66666666666663 -701.6666666666669
503.3333333333333 -704.1666666666669
501.66666666666663 -701.6666666666669
501.66666666666663 -701.6666666666669
503.3333333333333 -704.1666666666669
501.66666666666663 -701.6666666666669
501.66666666666663 -701.6666666666669
509.1666666666667 -710.8333333333335
501.66666666666663 -701.6666666666669
501.66666666666663 -701.6666666666669
503.3333333333333 -704.1666666666669
501.66666666666663 -701.6666666666669
501.66666666666663 -701.6666666666669
502.5 -702.5000000000002
501.66666666666663 -701.6666666666669
501.66666666666663 -701.6666666666669
501.66666666666663 -701.6666666666669
503.3333333333333 -704.1666666666669
500.8333333333333 -700.8333333333336
500.8333333333333 -700.8333333333336
501.66666666666663 -701.6666666666669
500.8333333333333 -700.8333333333336
501.66666666666663 -701.6666666666669
501.66666666666663 -701.6666666666669
501.66666666666663 -701.6666666666669
501.66666666666663 -701.6666666666669
501.66666666666663 -701.6666666666669
501.66666666666663 -701.6666666666669
506.6666666666667 -709.1666666666669
501.66666666666663 -701.6666666666669
500.8333333333333 -700.8333333333336
501.66666666666663 -701.6666666666669
508.3333333333333 -710.0000000000002
501.6666666666667 -702.5000000000001
500.8333333333333 -700.8333333333336
501.66666666666663 -701.6666666666669
500.8333333333333 -700.8333333333336
503.3333333333333 -704.1666666666669
503.3333333333333 -704.1666666666669
501.66666666666663 -701.6666666666669
505.83333333333337 -707.5000000000002
501.66666666666663 -701.6666666666669
500.8333333333333 -700.8333333333336
503.3333333333333 -704.1666666666669
501.66666666666663 -701.6666666666669
500.8333333333333 -700.8333333333336
503.3333333333333 -704.1666666666669
499.16666666666663 -695.8333333333336
498.3333333333333 -694.1666666666669
500.8333333333333 -700.8333333333336
505.83333333333326 -706.6666666666669
