510.8333333333333 -712.5000000000002
509.1666666666667 -710.8333333333335
508.3333333333333 -710.0000000000002
509.1666666666667 -710.8333333333335
506.6666666666667 -709.1666666666669
508.3333333333333 -710.0000000000002
499.16666666666663 -695.8333333333336
498.3333333333333 -694.1666666666669
504.16666666666663 -705.8333333333336
499.16666666666663 -695.8333333333336
508.3333333333333 -710.0000000000002
505.0 -706.6666666666669
511.6666666666667 -713.3333333333335
505.0 -706.6666666666669
501.66666666666663 -703.3333333333336
501.66666666666663 -703.3333333333336
510.8333333333333 -712.5000000000002
504.16666666666663 -705.8333333333336
506.6666666666667 -709.1666666666669
505.8333333333333 -708.3333333333336
501.66666666666663 -703.3333333333336
504.16666666666663 -705.8333333333336
511.6666666666667 -713.3333333333335
499.16666666666663 -695.8333333333336
498.3333333333333 -694.1666666666669
504.16666666666663 -705.8333333333336
500.8333333333333 -701.6666666666669
510.8333333333333 -712.5000000000002
510.8333333333333 -712.5000000000002
506.6666666666667 -709.1666666666669
502.5 -704.1666666666669
499.16666666666663 -695.8333333333336
499.16666666666663 -695.8333333333336
