498.3333333333333 -696.6666666666669
498.3333333333333 -696.6666666666669
507.5 -711.6666666666669
504.99999999999994 -709.1666666666669
498.3333333333333 -696.6666666666669
498.3333333333333 -696.6666666666669
508.3333333333333 -712.5000000000002
506.6666666666667 -710.0000000000002
507.5 -711.6666666666669
498.3333333333333 -696.6666666666669
498.3333333333333 -696.6666666666669
498.3333333333333 -696.6666666666669
506.6666666666667 -710.0000000000002
507.5 -711.6666666666669
498.3333333333333 -696.6666666666669
498.3333333333333 -696.6666666666669
498.3333333333333 -696.6666666666669
498.3333333333333 -696.6666666666669
504.16666666666663 -707.5000000000002
510.0 -715.0000000000002
498.3333333333333 -696.6666666666669
498.3333333333333 -696.6666666666669
504.16666666666663 -707.5000000000002
501.66666666666663 -705.0000000000002
498.3333333333333 -696.6666666666669
498.3333333333333 -696.6666666666669
507.5 -711.6666666666669
507.5 -711.6666666666669
498.3333333333333 -696.6666666666669
498.3333333333333 -696.6666666666669
498.3333333333333 -696.6666666666669
498.3333333333333 -696.6666666666669
498.3333333333333 -696.6666666666669
498.3333333333333 -696.6666666666669
498.3333333333333 -696.6666666666669
507.5 -711.6666666666669
498.3333333333333 -696.6666666666669
498.3333333333333 -696.6666666666669
498.3333333333333 -696.6666666666669
498.3333333333333 -696.6666666666669
498.3333333333333 -696.6666666666669
510.8333333333333 -715.8333333333336
498.3333333333333 -696.6666666666669
498.3333333333333 -696.6666666666669
498.3333333333333 -696.6666666666669
498.3333333333333 -696.6666666666669
498.3333333333333 -696.6666666666669
498.3333333333333 -696.6666666666669
498.3333333333333 -696.6666666666669
498.3333333333333 -696.6666666666669
498.3333333333333 -696.6666666666669
498.3333333333333 -696.6666666666669
504.16666666666663 -707.5000000000002
498.3333333333333 -696.6666666666669
507.5 -711.6666666666669
498.3333333333333 -696.6666666666669
503.33333333333326 -706.6666666666669
501.66666666666663 -705.0000000000002
498.3333333333333 -696.6666666666669
510.0 -715.0000000000002
502.49999999999994 -705.8333333333336
498.3333333333333 -696.6666666666669
499.99999999999994 -699.1666666666669
498.3333333333333 -696.6666666666669
499.99999999999994 -699.1666666666669
499.16666666666663 -698.3333333333335
498.3333333333333 -696.6666666666669
498.3333333333333 -696.6666666666669
498.3333333333333 -696.6666666666669
498.3333333333333 -696.6666666666669
502.49999999999994 -705.8333333333336
508.3333333333333 -712.5000000000002
503.33333333333326 -706.6666666666669
498.3333333333333 -696.6666666666669
504.99999999999994 -709.1666666666669
498.3333333333333 -696.6666666666669
498.3333333333333 -696.6666666666669
504.16666666666663 -707.5000000000002
504.16666666666663 -707.5000000000002
498.3333333333333 -696.6666666666669
507.5 -711.6666666666669
502.49999999999994 -705.8333333333336
499.99999999999994 -699.1666666666669
510.0 -715.0000000000002
507.5 -711.6666666666669
500.8333333333333 -704.166666666667
510.0 -715.0000000000002
499.99999999999994 -699.1666666666669
498.3333333333333 -696.6666666666669
498.3333333333333 -696.6666666666669
498.3333333333333 -696.6666666666669
510.0 -715.0000000000002
498.3333333333333 -696.6666666666669
498.3333333333333 -696.6666666666669
