497.5 -695.0000000000003
499.16666666666663 -700.0000000000002
499.99999999999994 -700.8333333333336
499.99999999999994 -700.8333333333336
499.99999999999994 -700.8333333333336
497.5 -695.0000000000003
499.16666666666663 -700.0000000000002
499.16666666666663 -700.0000000000002
499.99999999999994 -700.8333333333336
508.33333333333337 -715.8333333333336
499.99999999999994 -700.8333333333336
499.99999999999994 -700.8333333333336
508.33333333333337 -715.8333333333336
499.99999999999994 -700.8333333333336
498.3333333333333 -699.166666666667
508.33333333333337 -715.8333333333336
499.99999999999994 -700.8333333333336
510.83333333333337 -718.3333333333336
499.99999999999994 -700.8333333333336
499.99999999999994 -700.8333333333336
499.99999999999994 -700.8333333333336
499.99999999999994 -700.8333333333336
499.99999999999994 -700.8333333333336
501.66666666666663 -707.5000000000002
499.99999999999994 -700.8333333333336
499.99999999999994 -700.8333333333336
499.16666666666663 -700.0000000000002
510.83333333333337 -718.3333333333336
508.33333333333337 -715.8333333333336
499.99999999999994 -700.8333333333336
510.83333333333337 -718.3333333333336
499.99999999999994 -700.8333333333336
508.33333333333337 -715.8333333333336
500.8333333333333 -706.666666666667
508.33333333333337 -715.8333333333336
510.83333333333337 -718.3333333333336
499.99999999999994 -700.8333333333336
499.99999999999994 -700.8333333333336
500.8333333333333 -706.666666666667
508.33333333333337 -715.8333333333336
508.33333333333337 -715.8333333333336
499.99999999999994 -700.8333333333336
509.1666666666667 -716.666666666667
508.33333333333337 -715.8333333333336
499.99999999999994 -700.8333333333336
510.83333333333337 -718.3333333333336
499.99999999999994 -700.8333333333336
499.99999999999994 -700.8333333333336
510.83333333333337 -718.3333333333336
498.3333333333333 -699.166666666667
508.33333333333337 -715.8333333333336
508.33333333333337 -715.8333333333336
498.3333333333333 -699.166666666667
499.99999999999994 -700.8333333333336
498.3333333333333 -699.166666666667
506.66666666666663 -712.5000000000002
499.99999999999994 -700.8333333333336
508.33333333333337 -715.8333333333336
499.99999999999994 -700.8333333333336
508.33333333333337 -715.8333333333336
499.99999999999994 -700.8333333333336
509.1666666666667 -716.666666666667
508.33333333333337 -715.8333333333336
500.8333333333333 -706.666666666667
499.99999999999994 -700.8333333333336
510.83333333333337 -718.3333333333336
500.8333333333333 -706.666666666667
499.99999999999994 -700.8333333333336
508.33333333333337 -715.8333333333336
499.99999999999994 -700.8333333333336
510.83333333333337 -718.3333333333336
510.83333333333337 -718.3333333333336
508.33333333333337 -715.8333333333336
499.99999999999994 -700.8333333333336
503.3333333333333 -710.0000000000002
509.1666666666667 -716.666666666667
510.83333333333337 -718.3333333333336
499.99999999999994 -700.8333333333336
499.99999999999994 -700.8333333333336
510.83333333333337 -718.3333333333336
499.99999999999994 -700.8333333333336
499.99999999999994 -700.8333333333336
498.3333333333333 -699.166666666667
499.99999999999994 -700.8333333333336
508.33333333333337 -715.8333333333336
506.6666666666667 -714.166666666667
498.3333333333333 -699.166666666667
500.8333333333333 -706.666666666667
499.99999999999994 -700.8333333333336
510.83333333333337 -718.3333333333336
505.0 -710.8333333333336
499.99999999999994 -700.8333333333336
498.3333333333333 -699.166666666667
499.99999999999994 -700.8333333333336
510.0 -717.5000000000002
510.83333333333337 -718.3333333333336
510.83333333333337 -718.3333333333336
499.99999999999994 -700.8333333333336
