497.5 -695.8333333333336
500.0 -704.166666666667
500.0 -704.166666666667
500.0 -704.166666666667
500.0 -704.166666666667
500.0 -704.166666666667
500.0 -704.166666666667
500.0 -704.166666666667
500.0 -704.166666666667
500.0 -704.166666666667
500.0 -704.166666666667
500.0 -704.166666666667
500.0 -704.166666666667
500.0 -704.166666666667
500.0 -704.166666666667
501.66666666666663 -715.8333333333335
502.49999999999994 -716.6666666666669
497.5 -695.8333333333336
501.66666666666663 -715.8333333333335
500.0 -704.166666666667
500.0 -704.166666666667
499.1666666666667 -703.3333333333336
500.0 -704.166666666667
500.0 -704.166666666667
500.0 -704.166666666667
500.0 -704.166666666667
501.66666666666663 -715.8333333333335
500.0 -704.166666666667
500.0 -704.166666666667
500.0 -704.166666666667
500.0 -704.166666666667
500.0 -704.166666666667
500.0 -704.166666666667
498.3333333333333 -702.5000000000002
500.0 -704.166666666667
500.0 -704.166666666667
500.0 -704.166666666667
500.0 -704.166666666667
502.49999999999994 -716.6666666666669
500.0 -704.166666666667
499.1666666666667 -703.3333333333336
502.49999999999994 -716.6666666666669
501.66666666666663 -715.8333333333335
500.0 -704.166666666667
500.0 -704.166666666667
500.0 -704.166666666667
500.0 -704.166666666667
501.66666666666663 -715.8333333333335
500.0 -704.166666666667
500.0 -704.166666666667
500.0 -704.166666666667
500.0 -704.166666666667
500.0 -704.166666666667
500.0 -704.166666666667
500.0 -704.166666666667
500.0 -704.166666666667
500.0 -704.166666666667
500.0 -704.166666666667
501.66666666666663 -715.8333333333335
500.0 -704.166666666667
500.0 -704.166666666667
501.66666666666663 -715.8333333333335
500.0 -704.166666666667
500.0 -704.166666666667
500.0 -704.166666666667
500.0 -704.166666666667
499.1666666666667 -703.3333333333336
501.66666666666663 -715.8333333333335
500.0 -704.166666666667
502.49999999999994 -716.6666666666669
502.49999999999994 -716.6666666666669
500.0 -704.166666666667
501.66666666666663 -715.8333333333335
500.0 -704.166666666667
500.0 -704.166666666667
500.0 -704.166666666667
500.0 -704.166666666667
501.66666666666663 -715.8333333333335
500.0 -704.166666666667
500.0 -704.166666666667
500.0 -704.166666666667
500.0 -704.166666666667
501.66666666666663 -715.8333333333335
500.0 -704.166666666667
500.0 -704.166666666667
500.0 -704.166666666667
500.0 -704.166666666667
506.66666666666663 -724.1666666666669
500.0 -704.166666666667
501.66666666666663 -715.8333333333335
500.0 -704.166666666667
500.0 -704.166666666667
500.0 -704.166666666667
500.0 -704.166666666667
499.1666666666667 -703.3333333333336
500.0 -704.166666666667
500.0 -704.166666666667
502.49999999999994 -716.6666666666669
501.66666666666663 -715.8333333333335
501.66666666666663 -715.8333333333335
500.0 -704.166666666667
502.49999999999994 -716.6666666666669
500.0 -704.166666666667
500.0 -704.166666666667
500.0 -704.166666666667
500.0 -704.166666666667
501.66666666666663 -715.8333333333335
500.0 -704.166666666667
502.49999999999994 -716.6666666666669
500.0 -704.166666666667
500.8333333333333 -713.3333333333335
500.0 -704.166666666667
500.0 -704.166666666667
497.5 -695.8333333333336
500.0 -704.166666666667
