497.5 -695.8333333333336
501.66666666666663 -715.8333333333335
502.49999999999994 -716.6666666666669
497.5 -695.8333333333336
501.66666666666663 -715.8333333333335
501.66666666666663 -715.8333333333335
498.3333333333333 -702.5000000000002
502.49999999999994 -716.6666666666669
502.49999999999994 -716.6666666666669
501.66666666666663 -715.8333333333335
501.66666666666663 -715.8333333333335
501.66666666666663 -715.8333333333335
501.66666666666663 -715.8333333333335
501.66666666666663 -715.8333333333335
502.49999999999994 -716.6666666666669
502.49999999999994 -716.6666666666669
501.66666666666663 -715.8333333333335
501.66666666666663 -715.8333333333335
501.66666666666663 -715.8333333333335
506.66666666666663 -724.1666666666669
501.66666666666663 -715.8333333333335
502.49999999999994 -716.6666666666669
501.66666666666663 -715.8333333333335
501.66666666666663 -715.8333333333335
502.49999999999994 -716.6666666666669
501.66666666666663 -715.8333333333335
502.49999999999994 -716.6666666666669
500.8333333333333 -713.3333333333335
497.5 -695.8333333333336
507.49999999999994 -725.0000000000001
502.49999999999994 -716.6666666666669
500.8333333333333 -713.3333333333335
501.66666666666663 -715.8333333333335
501.66666666666663 -715.8333333333335
501.66666666666663 -715.8333333333335
501.66666666666663 -715.8333333333335
498.3333333333333 -702.5000000000002
503.3333333333333 -718.3333333333335
499.16666666666663 -710.8333333333335
501.66666666666663 -715.8333333333335
501.66666666666663 -715.8333333333335
503.3333333333333 -718.3333333333335
502.49999999999994 -716.6666666666669
503.3333333333333 -718.3333333333335
503.3333333333333 -718.3333333333335
501.66666666666663 -715.8333333333335
499.16666666666663 -710.8333333333335
501.66666666666663 -715.8333333333335
499.16666666666663 -710.8333333333335
498.3333333333333 -702.5000000000002
502.49999999999994 -716.6666666666669
502.49999999999994 -716.6666666666669
501.66666666666663 -715.8333333333335
502.49999999999994 -716.6666666666669
501.66666666666663 -715.8333333333335
506.66666666666663 -724.1666666666669
506.66666666666663 -724.1666666666669
505.83333333333326 -719.1666666666669
501.66666666666663 -715.8333333333335
501.66666666666663 -715.8333333333335
501.66666666666663 -715.8333333333335
505.8333333333333 -721.6666666666669
503.3333333333333 -718.3333333333335
503.3333333333333 -718.3333333333335
501.66666666666663 -715.8333333333335
501.66666666666663 -715.8333333333335
501.66666666666663 -715.8333333333335
506.66666666666663 -724.1666666666669
501.66666666666663 -715.8333333333335
501.66666666666663 -715.8333333333335
501.66666666666663 -715.8333333333335
503.3333333333333 -718.3333333333335
