497.5 -695.8333333333336
497.5 -695.8333333333336
511.6666666666667 -726.6666666666669
498.3333333333333 -703.3333333333337
499.16666666666663 -712.5000000000002
500.8333333333333 -714.1666666666669
509.16666666666663 -726.6666666666667
505.83333333333326 -721.6666666666667
504.16666666666663 -720.0000000000001
501.66666666666663 -716.6666666666669
506.66666666666663 -724.1666666666669
499.16666666666663 -712.5000000000002
504.16666666666663 -720.0000000000001
508.3333333333333 -725.8333333333335
507.49999999999994 -725.0000000000001
507.49999999999994 -725.0000000000001
502.49999999999994 -717.5000000000001
503.33333333333326 -718.3333333333335
508.3333333333333 -725.8333333333335
503.3333333333333 -719.1666666666669
501.66666666666663 -716.6666666666669
506.66666666666663 -724.1666666666669
502.49999999999994 -717.5000000000001
505.8333333333333 -721.6666666666669
509.16666666666663 -726.6666666666667
505.8333333333333 -721.6666666666669
503.33333333333326 -718.3333333333335
503.3333333333333 -719.1666666666669
497.5 -695.8333333333336
507.49999999999994 -725.0000000000001
508.3333333333333 -725.8333333333335
501.66666666666663 -716.6666666666669
506.66666666666663 -724.1666666666669
502.49999999999994 -717.5000000000001
505.8333333333333 -721.6666666666669
503.3333333333333 -719.1666666666669
497.5 -695.8333333333336
507.49999999999994 -725.0000000000001
508.3333333333333 -725.8333333333335
501.66666666666663 -716.6666666666669
506.66666666666663 -724.1666666666669
502.49999999999994 -717.5000000000001
505.8333333333333 -721.6666666666669
503.3333333333333 -719.1666666666669
497.5 -695.8333333333336
503.3333333333333 -719.1666666666669
502.49999999999994 -717.5000000000001
507.49999999999994 -725.0000000000001
508.3333333333333 -725.8333333333335
506.66666666666663 -724.1666666666669
501.66666666666663 -716.6666666666669
505.8333333333333 -721.6666666666669
497.5 -695.8333333333336
508.3333333333333 -725.8333333333335
503.3333333333333 -719.1666666666669
502.49999999999994 -717.5000000000001
507.49999999999994 -725.0000000000001
506.66666666666663 -724.1666666666669
501.66666666666663 -716.6666666666669
505.8333333333333 -721.6666666666669
508.3333333333333 -725.8333333333335
503.3333333333333 -719.1666666666669
502.49999999999994 -717.5000000000001
507.49999999999994 -725.0000000000001
501.66666666666663 -716.6666666666669
506.66666666666663 -724.1666666666669
505.8333333333333 -721.6666666666669
507.49999999999994 -725.0000000000001
505.8333333333333 -721.6666666666669
502.49999999999994 -717.5000000000001
506.66666666666663 -724.1666666666669
501.66666666666663 -716.6666666666669
506.66666666666663 -724.1666666666669
506.66666666666663 -724.1666666666669
506.66666666666663 -724.1666666666669
506.66666666666663 -724.1666666666669
506.66666666666663 -724.1666666666669
506.66666666666663 -724.1666666666669
505.8333333333333 -721.6666666666669
506.66666666666663 -724.1666666666669
506.66666666666663 -724.1666666666669
502.49999999999994 -717.5000000000001
505.8333333333333 -721.6666666666669
506.66666666666663 -724.1666666666669
506.66666666666663 -724.1666666666669
506.66666666666663 -724.1666666666669
506.66666666666663 -724.1666666666669
506.66666666666663 -724.1666666666669
506.66666666666663 -724.1666666666669
502.49999999999994 -717.5000000000001
506.66666666666663 -724.1666666666669
501.66666666666663 -716.6666666666669
506.66666666666663 -724.1666666666669
501.66666666666663 -716.6666666666669
506.66666666666663 -724.1666666666669
506.66666666666663 -724.1666666666669
505.8333333333333 -721.6666666666669
506.66666666666663 -724.1666666666669
506.66666666666663 -724.1666666666669
506.66666666666663 -724.1666666666669
506.66666666666663 -724.1666666666669
506.66666666666663 -724.1666666666669
506.66666666666663 -724.1666666666669
506.66666666666663 -724.1666666666669
506.66666666666663 -724.1666666666669
506.66666666666663 -724.1666666666669
501.66666666666663 -716.6666666666669
506.66666666666663 -724.1666666666669
506.66666666666663 -724.1666666666669
501.66666666666663 -716.6666666666669
501.66666666666663 -716.6666666666669
505.8333333333333 -721.6666666666669
506.66666666666663 -724.1666666666669
506.66666666666663 -724.1666666666669
506.66666666666663 -724.1666666666669
506.66666666666663 -724.1666666666669
507.49999999999994 -725.0000000000001
501.66666666666663 -716.6666666666669
506.66666666666663 -724.1666666666669
506.66666666666663 -724.1666666666669
506.66666666666663 -724.1666666666669
506.66666666666663 -724.1666666666669
506.66666666666663 -724.1666666666669
506.66666666666663 -724.1666666666669
506.66666666666663 -724.1666666666669
506.66666666666663 -724.1666666666669
506.66666666666663 -724.1666666666669
501.66666666666663 -716.6666666666669
502.49999999999994 -717.5000000000001
505.8333333333333 -721.6666666666669
506.66666666666663 -724.1666666666669
505.8333333333333 -721.6666666666669
507.49999999999994 -725.0000000000001
501.66666666666663 -716.6666666666669
501.66666666666663 -716.6666666666669
502.49999999999994 -717.5000000000001
506.66666666666663 -724.1666666666669
506.66666666666663 -724.1666666666669
506.66666666666663 -724.1666666666669
506.66666666666663 -724.1666666666669
506.66666666666663 -724.1666666666669
506.66666666666663 -724.1666666666669
507.49999999999994 -725.0000000000001
506.66666666666663 -724.1666666666669
506.66666666666663 -724.1666666666669
506.66666666666663 -724.1666666666669
506.66666666666663 -724.1666666666669
506.66666666666663 -724.1666666666669
507.49999999999994 -725.0000000000001
505.8333333333333 -721.6666666666669
506.66666666666663 -724.1666666666669
506.66666666666663 -724.1666666666669
506.66666666666663 -724.1666666666669
506.66666666666663 -724.1666666666669
506.66666666666663 -724.1666666666669
506.66666666666663 -724.1666666666669
502.49999999999994 -717.5000000000001
506.66666666666663 -724.1666666666669
501.66666666666663 -716.6666666666669
506.66666666666663 -724.1666666666669
507.49999999999994 -725.0000000000001
507.49999999999994 -725.0000000000001
505.8333333333333 -721.6666666666669
506.66666666666663 -724.1666666666669
506.66666666666663 -724.1666666666669
506.66666666666663 -724.1666666666669
506.66666666666663 -724.1666666666669
506.66666666666663 -724.1666666666669
506.66666666666663 -724.1666666666669
505.8333333333333 -721.6666666666669
506.66666666666663 -724.1666666666669
506.66666666666663 -724.1666666666669
506.66666666666663 -724.1666666666669
506.66666666666663 -724.1666666666669
506.66666666666663 -724.1666666666669
506.66666666666663 -724.1666666666669
506.66666666666663 -724.1666666666669
506.66666666666663 -724.1666666666669
505.8333333333333 -721.6666666666669
507.49999999999994 -725.0000000000001
507.49999999999994 -725.0000000000001
506.66666666666663 -724.1666666666669
501.66666666666663 -716.6666666666669
501.66666666666663 -716.6666666666669
506.66666666666663 -724.1666666666669
506.66666666666663 -724.1666666666669
507.49999999999994 -725.0000000000001
506.66666666666663 -724.1666666666669
506.66666666666663 -724.1666666666669
506.66666666666663 -724.1666666666669
506.66666666666663 -724.1666666666669
506.66666666666663 -724.1666666666669
506.66666666666663 -724.1666666666669
505.8333333333333 -721.6666666666669
506.66666666666663 -724.1666666666669
507.49999999999994 -725.0000000000001
506.66666666666663 -724.1666666666669
506.66666666666663 -724.1666666666669
507.49999999999994 -725.0000000000001
501.66666666666663 -716.6666666666669
