497.5 -695.8333333333336
497.5 -695.8333333333336
508.33333333333326 -730.0000000000001
498.3333333333333 -705.0000000000001
499.16666666666663 -713.3333333333336
507.49999999999994 -725.0000000000001
505.0 -724.1666666666669
500.8333333333333 -714.1666666666669
503.3333333333333 -721.6666666666669
503.33333333333326 -718.3333333333335
501.66666666666663 -716.6666666666669
504.1666666666667 -723.3333333333336
504.1666666666667 -723.3333333333336
502.49999999999994 -717.5000000000001
505.0 -724.1666666666669
501.66666666666663 -716.6666666666669
500.8333333333333 -714.1666666666669
507.49999999999994 -725.0000000000001
502.49999999999994 -717.5000000000001
503.3333333333333 -721.6666666666669
503.33333333333326 -718.3333333333335
497.5 -695.8333333333336
507.49999999999994 -725.0000000000001
501.66666666666663 -716.6666666666669
500.8333333333333 -714.1666666666669
502.49999999999994 -717.5000000000001
503.3333333333333 -721.6666666666669
503.33333333333326 -718.3333333333335
497.5 -695.8333333333336
507.49999999999994 -725.0000000000001
501.66666666666663 -716.6666666666669
502.49999999999994 -717.5000000000001
503.33333333333326 -718.3333333333335
497.5 -695.8333333333336
507.49999999999994 -725.0000000000001
501.66666666666663 -716.6666666666669
502.49999999999994 -717.5000000000001
497.5 -695.8333333333336
507.49999999999994 -725.0000000000001
501.66666666666663 -716.6666666666669
502.49999999999994 -717.5000000000001
507.49999999999994 -725.0000000000001
501.66666666666663 -716.6666666666669
502.49999999999994 -717.5000000000001
507.49999999999994 -725.0000000000001
501.66666666666663 -716.6666666666669
502.49999999999994 -717.5000000000001
502.49999999999994 -717.5000000000001
507.49999999999994 -725.0000000000001
501.66666666666663 -716.6666666666669
502.49999999999994 -717.5000000000001
507.49999999999994 -725.0000000000001
501.66666666666663 -716.6666666666669
502.49999999999994 -717.5000000000001
507.49999999999994 -725.0000000000001
501.66666666666663 -716.6666666666669
507.49999999999994 -725.0000000000001
502.49999999999994 -717.5000000000001
501.66666666666663 -716.6666666666669
502.49999999999994 -717.5000000000001
502.49999999999994 -717.5000000000001
501.66666666666663 -716.6666666666669
501.66666666666663 -716.6666666666669
501.66666666666663 -716.6666666666669
501.66666666666663 -716.6666666666669
501.66666666666663 -716.6666666666669
507.49999999999994 -725.0000000000001
501.66666666666663 -716.6666666666669
501.66666666666663 -716.6666666666669
502.49999999999994 -717.5000000000001
507.49999999999994 -725.0000000000001
501.66666666666663 -716.6666666666669
501.66666666666663 -716.6666666666669
502.49999999999994 -717.5000000000001
507.49999999999994 -725.0000000000001
507.49999999999994 -725.0000000000001
502.49999999999994 -717.5000000000001
501.66666666666663 -716.6666666666669
507.49999999999994 -725.0000000000001
507.49999999999994 -725.0000000000001
507.49999999999994 -725.0000000000001
507.49999999999994 -725.0000000000001
501.66666666666663 -716.6666666666669
501.66666666666663 -716.6666666666669
507.49999999999994 -725.0000000000001
501.66666666666663 -716.6666666666669
501.66666666666663 -716.6666666666669
502.49999999999994 -717.5000000000001
502.49999999999994 -717.5000000000001
501.66666666666663 -716.6666666666669
502.49999999999994 -717.5000000000001
501.66666666666663 -716.6666666666669
507.49999999999994 -725.0000000000001
507.49999999999994 -725.0000000000001
501.66666666666663 -716.6666666666669
507.49999999999994 -725.0000000000001
501.66666666666663 -716.6666666666669
507.49999999999994 -725.0000000000001
507.49999999999994 -725.0000000000001
507.49999999999994 -725.0000000000001
502.49999999999994 -717.5000000000001
502.49999999999994 -717.5000000000001
501.66666666666663 -716.6666666666669
501.66666666666663 -716.6666666666669
501.66666666666663 -716.6666666666669
501.66666666666663 -716.6666666666669
501.66666666666663 -716.6666666666669
501.66666666666663 -716.6666666666669
501.66666666666663 -716.6666666666669
501.66666666666663 -716.6666666666669
507.49999999999994 -725.0000000000001
501.66666666666663 -716.6666666666669
502.49999999999994 -717.5000000000001
501.66666666666663 -716.6666666666669
507.49999999999994 -725.0000000000001
507.49999999999994 -725.0000000000001
501.66666666666663 -716.6666666666669
501.66666666666663 -716.6666666666669
502.49999999999994 -717.5000000000001
501.66666666666663 -716.6666666666669
501.66666666666663 -716.6666666666669
501.66666666666663 -716.6666666666669
507.49999999999994 -725.0000000000001
501.66666666666663 -716.6666666666669
502.49999999999994 -717.5000000000001
501.66666666666663 -716.6666666666669
507.49999999999994 -725.0000000000001
501.66666666666663 -716.6666666666669
503.33333333333326 -718.3333333333335
502.49999999999994 -717.5000000000001
502.49999999999994 -717.5000000000001
501.66666666666663 -716.6666666666669
502.49999999999994 -717.5000000000001
501.66666666666663 -716.6666666666669
501.66666666666663 -716.6666666666669
502.49999999999994 -717.5000000000001
507.49999999999994 -725.0000000000001
502.49999999999994 -717.5000000000001
501.66666666666663 -716.6666666666669
501.66666666666663 -716.6666666666669
502.49999999999994 -717.5000000000001
501.66666666666663 -716.6666666666669
501.66666666666663 -716.6666666666669
502.49999999999994 -717.5000000000001
507.49999999999994 -725.0000000000001
507.49999999999994 -725.0000000000001
502.49999999999994 -717.5000000000001
501.66666666666663 -716.6666666666669
507.49999999999994 -725.0000000000001
502.49999999999994 -717.5000000000001
501.66666666666663 -716.6666666666669
501.66666666666663 -716.6666666666669
501.66666666666663 -716.6666666666669
507.49999999999994 -725.0000000000001
507.49999999999994 -725.0000000000001
501.66666666666663 -716.6666666666669
501.66666666666663 -716.6666666666669
507.49999999999994 -725.0000000000001
501.66666666666663 -716.6666666666669
503.33333333333326 -718.3333333333335
502.49999999999994 -717.5000000000001
503.33333333333326 -718.3333333333335
501.66666666666663 -716.6666666666669
507.49999999999994 -725.0000000000001
501.66666666666663 -716.6666666666669
501.66666666666663 -716.6666666666669
507.49999999999994 -725.0000000000001
501.66666666666663 -716.6666666666669
501.66666666666663 -716.6666666666669
501.66666666666663 -716.6666666666669
503.33333333333326 -718.3333333333335
507.49999999999994 -725.0000000000001
502.49999999999994 -717.5000000000001
501.66666666666663 -716.6666666666669
503.33333333333326 -718.3333333333335
503.33333333333326 -718.3333333333335
501.66666666666663 -716.6666666666669
502.49999999999994 -717.5000000000001
501.66666666666663 -716.6666666666669
501.66666666666663 -716.6666666666669
507.49999999999994 -725.0000000000001
501.66666666666663 -716.6666666666669
507.49999999999994 -725.0000000000001
502.49999999999994 -717.5000000000001
502.49999999999994 -717.5000000000001
501.66666666666663 -716.6666666666669
507.49999999999994 -725.0000000000001
501.66666666666663 -716.6666666666669
502.49999999999994 -717.5000000000001
501.66666666666663 -716.6666666666669
502.49999999999994 -717.5000000000001
502.49999999999994 -717.5000000000001
501.66666666666663 -716.6666666666669
501.66666666666663 -716.6666666666669
502.49999999999994 -717.5000000000001
501.66666666666663 -716.6666666666669
502.49999999999994 -717.5000000000001
501.66666666666663 -716.6666666666669
507.49999999999994 -725.0000000000001
502.49999999999994 -717.5000000000001
