497.5 -703.3333333333335
497.5 -703.3333333333335
515.8333333333333 -739.1666666666669
499.16666666666663 -719.166666666667
498.3333333333333 -705.8333333333335
511.66666666666663 -736.6666666666667
509.16666666666663 -735.0000000000001
513.3333333333333 -738.3333333333334
506.66666666666663 -730.8333333333334
498.3333333333333 -705.8333333333335
500.0 -721.6666666666667
513.3333333333333 -738.3333333333334
508.33333333333326 -733.3333333333334
507.49999999999994 -732.5000000000001
504.99999999999994 -729.1666666666667
505.83333333333326 -730.0000000000001
501.66666666666663 -723.3333333333335
504.16666666666663 -726.6666666666667
503.3333333333333 -725.8333333333334
501.6666666666667 -724.1666666666669
508.33333333333326 -733.3333333333334
504.99999999999994 -729.1666666666667
504.1666666666667 -727.5000000000001
507.49999999999994 -732.5000000000001
505.83333333333326 -730.0000000000001
502.5 -725.0000000000001
503.3333333333333 -725.8333333333334
502.5 -725.0000000000001
500.8333333333333 -722.5
500.83333333333326 -721.6666666666669
504.1666666666667 -727.5000000000001
500.0 -721.6666666666667
500.8333333333333 -722.5
501.66666666666663 -723.3333333333335
504.16666666666663 -726.6666666666667
501.6666666666667 -724.1666666666669
500.83333333333326 -721.6666666666669
498.3333333333333 -705.8333333333335
508.33333333333326 -733.3333333333334
504.99999999999994 -729.1666666666667
507.49999999999994 -732.5000000000001
505.83333333333326 -730.0000000000001
502.5 -725.0000000000001
503.3333333333333 -725.8333333333334
504.1666666666667 -727.5000000000001
500.0 -721.6666666666667
500.8333333333333 -722.5
504.16666666666663 -726.6666666666667
501.6666666666667 -724.1666666666669
500.83333333333326 -721.6666666666669
498.3333333333333 -705.8333333333335
508.33333333333326 -733.3333333333334
504.99999999999994 -729.1666666666667
507.49999999999994 -732.5000000000001
505.83333333333326 -730.0000000000001
503.3333333333333 -725.8333333333334
502.5 -725.0000000000001
504.1666666666667 -727.5000000000001
500.0 -721.6666666666667
504.16666666666663 -726.6666666666667
501.6666666666667 -724.1666666666669
500.8333333333333 -722.5
500.83333333333326 -721.6666666666669
498.3333333333333 -705.8333333333335
508.33333333333326 -733.3333333333334
504.99999999999994 -729.1666666666667
507.49999999999994 -732.5000000000001
505.83333333333326 -730.0000000000001
503.3333333333333 -725.8333333333334
502.5 -725.0000000000001
504.1666666666667 -727.5000000000001
500.0 -721.6666666666667
504.16666666666663 -726.6666666666667
501.6666666666667 -724.1666666666669
500.8333333333333 -722.5
498.3333333333333 -705.8333333333335
508.33333333333326 -733.3333333333334
504.99999999999994 -729.1666666666667
507.49999999999994 -732.5000000000001
505.83333333333326 -730.0000000000001
502.5 -725.0000000000001
503.3333333333333 -725.8333333333334
504.1666666666667 -727.5000000000001
500.0 -721.6666666666667
504.16666666666663 -726.6666666666667
500.8333333333333 -722.5
498.3333333333333 -705.8333333333335
508.33333333333326 -733.3333333333334
504.99999999999994 -729.1666666666667
507.49999999999994 -732.5000000000001
505.83333333333326 -730.0000000000001
502.5 -725.0000000000001
503.3333333333333 -725.8333333333334
504.1666666666667 -727.5000000000001
500.0 -721.6666666666667
504.16666666666663 -726.6666666666667
500.8333333333333 -722.5
498.3333333333333 -705.8333333333335
508.33333333333326 -733.3333333333334
504.99999999999994 -729.1666666666667
507.49999999999994 -732.5000000000001
503.3333333333333 -725.8333333333334
502.5 -725.0000000000001
504.1666666666667 -727.5000000000001
504.16666666666663 -726.6666666666667
500.8333333333333 -722.5
498.3333333333333 -705.8333333333335
508.33333333333326 -733.3333333333334
504.99999999999994 -729.1666666666667
507.49999999999994 -732.5000000000001
503.3333333333333 -725.8333333333334
502.5 -725.0000000000001
504.1666666666667 -727.5000000000001
504.16666666666663 -726.6666666666667
500.8333333333333 -722.5
498.3333333333333 -705.8333333333335
507.49999999999994 -732.5000000000001
508.33333333333326 -733.3333333333334
504.99999999999994 -729.1666666666667
503.3333333333333 -725.8333333333334
502.5 -725.0000000000001
504.1666666666667 -727.5000000000001
504.16666666666663 -726.6666666666667
500.8333333333333 -722.5
498.3333333333333 -705.8333333333335
507.49999999999994 -732.5000000000001
508.33333333333326 -733.3333333333334
504.99999999999994 -729.1666666666667
502.5 -725.0000000000001
503.3333333333333 -725.8333333333334
504.1666666666667 -727.5000000000001
504.16666666666663 -726.6666666666667
498.3333333333333 -705.8333333333335
507.49999999999994 -732.5000000000001
508.33333333333326 -733.3333333333334
502.5 -725.0000000000001
503.3333333333333 -725.8333333333334
504.1666666666667 -727.5000000000001
504.16666666666663 -726.6666666666667
508.33333333333326 -733.3333333333334
502.5 -725.0000000000001
503.3333333333333 -725.8333333333334
507.49999999999994 -732.5000000000001
504.1666666666667 -727.5000000000001
504.16666666666663 -726.6666666666667
508.33333333333326 -733.3333333333334
502.5 -725.0000000000001
503.3333333333333 -725.8333333333334
507.49999999999994 -732.5000000000001
504.1666666666667 -727.5000000000001
504.16666666666663 -726.6666666666667
508.33333333333326 -733.3333333333334
503.3333333333333 -725.8333333333334
507.49999999999994 -732.5000000000001
504.1666666666667 -727.5000000000001
504.16666666666663 -726.6666666666667
502.5 -725.0000000000001
502.5 -725.0000000000001
508.33333333333326 -733.3333333333334
503.3333333333333 -725.8333333333334
507.49999999999994 -732.5000000000001
504.16666666666663 -726.6666666666667
504.1666666666667 -727.5000000000001
502.5 -725.0000000000001
508.33333333333326 -733.3333333333334
503.3333333333333 -725.8333333333334
507.49999999999994 -732.5000000000001
504.1666666666667 -727.5000000000001
498.3333333333333 -705.8333333333335
507.49999999999994 -732.5000000000001
505.83333333333326 -730.0000000000001
507.49999999999994 -732.5000000000001
503.3333333333333 -725.8333333333334
502.5 -725.0000000000001
504.16666666666663 -726.6666666666667
507.49999999999994 -732.5000000000001
502.5 -725.0000000000001
500.0 -721.6666666666667
502.5 -725.0000000000001
504.16666666666663 -726.6666666666667
503.3333333333333 -725.8333333333334
504.16666666666663 -726.6666666666667
500.0 -721.6666666666667
500.0 -721.6666666666667
502.5 -725.0000000000001
507.49999999999994 -732.5000000000001
503.3333333333333 -725.8333333333334
507.49999999999994 -732.5000000000001
504.1666666666667 -727.5000000000001
502.5 -725.0000000000001
504.99999999999994 -729.1666666666667
500.0 -721.6666666666667
507.49999999999994 -732.5000000000001
504.1666666666667 -727.5000000000001
500.0 -721.6666666666667
504.16666666666663 -726.6666666666667
507.49999999999994 -732.5000000000001
504.1666666666667 -727.5000000000001
502.5 -725.0000000000001
502.5 -725.0000000000001
