497.5 -705.8333333333335
514.1666666666667 -740.0000000000001
514.1666666666667 -740.0000000000001
497.5 -705.8333333333335
498.3333333333333 -708.3333333333335
499.16666666666663 -719.166666666667
512.5 -739.1666666666669
511.66666666666663 -736.6666666666667
504.16666666666663 -727.5000000000001
504.99999999999994 -732.5000000000001
508.33333333333326 -735.8333333333334
509.16666666666663 -735.8333333333335
506.66666666666663 -735.0000000000001
500.8333333333333 -723.3333333333334
500.0 -722.5000000000001
498.3333333333333 -708.3333333333335
499.99999999999994 -720.0000000000003
505.83333333333326 -733.3333333333334
502.5 -725.0000000000001
503.3333333333333 -726.6666666666669
506.66666666666663 -735.0000000000001
509.16666666666663 -735.8333333333335
505.83333333333326 -733.3333333333334
511.66666666666663 -736.6666666666667
499.16666666666663 -719.166666666667
504.99999999999994 -732.5000000000001
503.3333333333333 -726.6666666666669
502.5 -725.0000000000001
504.16666666666663 -727.5000000000001
501.66666666666663 -724.1666666666667
501.6666666666667 -724.1666666666669
499.99999999999994 -720.0000000000003
501.66666666666663 -724.1666666666667
501.6666666666667 -724.1666666666669
514.1666666666667 -740.0000000000001
497.5 -705.8333333333335
509.16666666666663 -735.8333333333335
498.3333333333333 -708.3333333333335
506.66666666666663 -735.0000000000001
505.83333333333326 -733.3333333333334
511.66666666666663 -736.6666666666667
499.16666666666663 -719.166666666667
504.99999999999994 -732.5000000000001
503.3333333333333 -726.6666666666669
504.16666666666663 -727.5000000000001
502.5 -725.0000000000001
499.99999999999994 -720.0000000000003
501.66666666666663 -724.1666666666667
501.6666666666667 -724.1666666666669
514.1666666666667 -740.0000000000001
497.5 -705.8333333333335
509.16666666666663 -735.8333333333335
506.66666666666663 -735.0000000000001
511.66666666666663 -736.6666666666667
499.16666666666663 -719.166666666667
504.99999999999994 -732.5000000000001
503.3333333333333 -726.6666666666669
504.16666666666663 -727.5000000000001
502.5 -725.0000000000001
501.66666666666663 -724.1666666666667
501.6666666666667 -724.1666666666669
514.1666666666667 -740.0000000000001
497.5 -705.8333333333335
506.66666666666663 -735.0000000000001
511.66666666666663 -736.6666666666667
499.16666666666663 -719.166666666667
504.99999999999994 -732.5000000000001
503.3333333333333 -726.6666666666669
502.5 -725.0000000000001
504.16666666666663 -727.5000000000001
501.66666666666663 -724.1666666666667
501.6666666666667 -724.1666666666669
497.5 -705.8333333333335
506.66666666666663 -735.0000000000001
504.99999999999994 -732.5000000000001
511.66666666666663 -736.6666666666667
499.16666666666663 -719.166666666667
503.3333333333333 -726.6666666666669
504.16666666666663 -727.5000000000001
502.5 -725.0000000000001
501.66666666666663 -724.1666666666667
501.6666666666667 -724.1666666666669
497.5 -705.8333333333335
504.99999999999994 -732.5000000000001
511.66666666666663 -736.6666666666667
499.16666666666663 -719.166666666667
504.16666666666663 -727.5000000000001
502.5 -725.0000000000001
501.66666666666663 -724.1666666666667
501.6666666666667 -724.1666666666669
497.5 -705.8333333333335
511.66666666666663 -736.6666666666667
504.99999999999994 -732.5000000000001
504.16666666666663 -727.5000000000001
502.5 -725.0000000000001
501.66666666666663 -724.1666666666667
501.6666666666667 -724.1666666666669
497.5 -705.8333333333335
511.66666666666663 -736.6666666666667
504.99999999999994 -732.5000000000001
504.16666666666663 -727.5000000000001
502.5 -725.0000000000001
501.66666666666663 -724.1666666666667
501.6666666666667 -724.1666666666669
497.5 -705.8333333333335
511.66666666666663 -736.6666666666667
504.99999999999994 -732.5000000000001
504.16666666666663 -727.5000000000001
502.5 -725.0000000000001
501.66666666666663 -724.1666666666667
501.6666666666667 -724.1666666666669
497.5 -705.8333333333335
511.66666666666663 -736.6666666666667
504.99999999999994 -732.5000000000001
504.16666666666663 -727.5000000000001
502.5 -725.0000000000001
501.66666666666663 -724.1666666666667
501.6666666666667 -724.1666666666669
497.5 -705.8333333333335
504.16666666666663 -727.5000000000001
511.66666666666663 -736.6666666666667
502.5 -725.0000000000001
501.66666666666663 -724.1666666666667
501.6666666666667 -724.1666666666669
497.5 -705.8333333333335
504.16666666666663 -727.5000000000001
511.66666666666663 -736.6666666666667
502.5 -725.0000000000001
501.66666666666663 -724.1666666666667
501.6666666666667 -724.1666666666669
497.5 -705.8333333333335
504.16666666666663 -727.5000000000001
511.66666666666663 -736.6666666666667
502.5 -725.0000000000001
501.66666666666663 -724.1666666666667
501.6666666666667 -724.1666666666669
497.5 -705.8333333333335
504.16666666666663 -727.5000000000001
502.5 -725.0000000000001
511.66666666666663 -736.6666666666667
501.66666666666663 -724.1666666666667
501.6666666666667 -724.1666666666669
497.5 -705.8333333333335
504.16666666666663 -727.5000000000001
502.5 -725.0000000000001
501.6666666666667 -724.1666666666669
497.5 -705.8333333333335
502.5 -725.0000000000001
501.6666666666667 -724.1666666666669
502.5 -725.0000000000001
501.6666666666667 -724.1666666666669
502.5 -725.0000000000001
501.6666666666667 -724.1666666666669
502.5 -725.0000000000001
501.6666666666667 -724.1666666666669
502.5 -725.0000000000001
501.6666666666667 -724.1666666666669
502.5 -725.0000000000001
501.6666666666667 -724.1666666666669
502.5 -725.0000000000001
501.6666666666667 -724.1666666666669
506.66666666666663 -735.0000000000001
501.6666666666667 -724.1666666666669
502.5 -725.0000000000001
501.6666666666667 -724.1666666666669
501.66666666666663 -724.1666666666667
504.16666666666663 -727.5000000000001
504.16666666666663 -727.5000000000001
502.5 -725.0000000000001
502.5 -725.0000000000001
501.66666666666663 -724.1666666666667
501.6666666666667 -724.1666666666669
502.5 -725.0000000000001
504.16666666666663 -727.5000000000001
504.16666666666663 -727.5000000000001
503.3333333333333 -726.6666666666669
502.5 -725.0000000000001
502.5 -725.0000000000001
501.66666666666663 -724.1666666666667
502.5 -725.0000000000001
501.66666666666663 -724.1666666666667
504.99999999999994 -732.5000000000001
502.5 -725.0000000000001
497.5 -705.8333333333335
502.5 -725.0000000000001
502.5 -725.0000000000001
502.5 -725.0000000000001
502.5 -725.0000000000001
502.5 -725.0000000000001
501.66666666666663 -724.1666666666667
503.3333333333333 -726.6666666666669
501.6666666666667 -724.1666666666669
501.6666666666667 -724.1666666666669
501.6666666666667 -724.1666666666669
497.5 -705.8333333333335
502.5 -725.0000000000001
501.66666666666663 -724.1666666666667
504.99999999999994 -732.5000000000001
502.5 -725.0000000000001
504.16666666666663 -727.5000000000001
