503.3333333333333 -728.3333333333336
500.8333333333333 -725.8333333333337
501.66666666666663 -728.3333333333335
505.83333333333326 -736.6666666666669
501.66666666666663 -728.3333333333335
503.33333333333337 -731.666666666667
506.66666666666663 -737.5000000000001
506.66666666666663 -737.5000000000001
504.16666666666663 -735.0000000000002
501.66666666666663 -728.3333333333335
500.8333333333333 -725.8333333333337
498.3333333333333 -719.1666666666667
500.8333333333333 -725.8333333333337
505.83333333333326 -736.6666666666669
506.66666666666663 -737.5000000000001
499.1666666666667 -724.166666666667
498.3333333333333 -719.1666666666667
498.3333333333333 -719.1666666666667
508.33333333333326 -739.1666666666669
508.33333333333326 -739.1666666666669
499.1666666666667 -724.166666666667
499.1666666666667 -724.166666666667
509.99999999999994 -740.0000000000002
507.49999999999994 -738.3333333333336
503.3333333333333 -728.3333333333336
501.66666666666663 -728.3333333333335
506.66666666666663 -737.5000000000001
506.66666666666663 -737.5000000000001
498.3333333333333 -719.1666666666667
504.16666666666663 -735.0000000000002
496.6666666666667 -718.3333333333335
498.3333333333333 -719.1666666666667
498.3333333333333 -719.1666666666667
511.66666666666663 -742.5000000000002
504.16666666666663 -735.0000000000002
509.16666666666663 -740.0000000000001
499.1666666666667 -724.166666666667
504.16666666666663 -735.0000000000002
498.3333333333333 -719.1666666666667
501.66666666666663 -728.3333333333335
501.66666666666663 -728.3333333333335
508.33333333333326 -739.1666666666669
508.33333333333326 -739.1666666666669
504.99999999999994 -735.8333333333336
508.33333333333326 -739.1666666666669
499.16666666666663 -720.8333333333334
506.66666666666663 -737.5000000000001
508.33333333333326 -739.1666666666669
503.33333333333337 -731.666666666667
498.3333333333333 -719.1666666666667
504.16666666666663 -735.0000000000002
498.3333333333333 -719.1666666666667
504.16666666666663 -735.0000000000002
509.99999999999994 -740.0000000000002
500.0 -725.8333333333335
498.3333333333333 -719.1666666666667
499.1666666666667 -724.166666666667
509.16666666666663 -740.0000000000001
501.66666666666663 -728.3333333333335
498.33333333333337 -720.0000000000001
498.3333333333333 -719.1666666666667
504.16666666666663 -735.0000000000002
501.66666666666663 -728.3333333333335
503.33333333333337 -731.666666666667
496.6666666666667 -718.3333333333335
508.33333333333326 -739.1666666666669
