501.66666666666663 -729.1666666666667
503.3333333333333 -730.8333333333334
501.66666666666663 -729.1666666666667
501.66666666666663 -729.1666666666667
513.3333333333333 -744.166666666667
503.3333333333333 -730.8333333333334
499.1666666666667 -725.0000000000002
499.1666666666667 -725.0000000000002
499.1666666666667 -725.0000000000002
498.3333333333333 -720.8333333333334
501.66666666666663 -729.1666666666667
499.1666666666667 -725.0000000000002
499.1666666666667 -725.0000000000002
509.16666666666663 -742.5000000000002
498.3333333333333 -720.8333333333334
499.1666666666667 -725.0000000000002
503.3333333333333 -730.8333333333334
513.3333333333333 -744.166666666667
499.1666666666667 -725.0000000000002
501.66666666666663 -729.1666666666667
503.3333333333333 -730.8333333333334
501.66666666666663 -729.1666666666667
498.3333333333333 -720.8333333333334
499.1666666666667 -725.0000000000002
499.1666666666667 -725.0000000000002
500.0 -726.666666666667
505.8333333333333 -739.1666666666669
499.1666666666667 -725.0000000000002
498.3333333333333 -720.8333333333334
499.1666666666667 -725.0000000000002
499.1666666666667 -725.0000000000002
499.1666666666667 -725.0000000000002
512.5 -744.1666666666669
499.1666666666667 -725.0000000000002
503.3333333333333 -730.8333333333334
504.16666666666663 -737.5000000000002
498.3333333333333 -720.8333333333334
499.1666666666667 -725.0000000000002
499.1666666666667 -725.0000000000002
504.16666666666663 -737.5000000000002
499.1666666666667 -725.0000000000002
499.1666666666667 -725.0000000000002
499.1666666666667 -725.0000000000002
513.3333333333333 -744.166666666667
499.1666666666667 -725.0000000000002
499.1666666666667 -725.0000000000002
499.1666666666667 -725.0000000000002
511.66666666666663 -743.3333333333336
507.49999999999994 -740.8333333333335
504.99999999999994 -738.3333333333335
501.66666666666663 -729.1666666666667
499.1666666666667 -725.0000000000002
505.8333333333333 -739.1666666666669
511.66666666666663 -743.3333333333336
504.16666666666663 -737.5000000000002
501.66666666666663 -729.1666666666667
499.1666666666667 -725.0000000000002
499.1666666666667 -725.0000000000002
504.99999999999994 -738.3333333333335
505.8333333333333 -739.1666666666669
498.3333333333333 -720.8333333333334
499.1666666666667 -725.0000000000002
499.1666666666667 -725.0000000000002
506.66666666666663 -740.0000000000002
502.49999999999994 -730.0000000000001
512.5 -744.1666666666669
513.3333333333333 -744.166666666667
499.1666666666667 -725.0000000000002
499.1666666666667 -725.0000000000002
500.0 -726.666666666667
499.1666666666667 -725.0000000000002
500.8333333333333 -727.5000000000002
506.66666666666663 -740.0000000000002
498.3333333333333 -720.8333333333334
512.5 -744.1666666666669
499.1666666666667 -725.0000000000002
500.8333333333333 -727.5000000000002
503.33333333333337 -733.3333333333335
501.66666666666663 -729.1666666666667
498.3333333333333 -720.8333333333334
498.3333333333333 -720.8333333333334
499.1666666666667 -725.0000000000002
499.1666666666667 -725.0000000000002
508.33333333333326 -741.6666666666669
504.16666666666663 -737.5000000000002
498.3333333333333 -720.8333333333334
501.66666666666663 -729.1666666666667
498.3333333333333 -720.8333333333334
498.3333333333333 -720.8333333333334
499.1666666666667 -725.0000000000002
498.33333333333337 -721.6666666666667
504.99999999999994 -738.3333333333335
507.49999999999994 -740.8333333333335
499.1666666666667 -725.0000000000002
499.1666666666667 -725.0000000000002
507.49999999999994 -740.8333333333335
501.66666666666663 -729.1666666666667
499.1666666666667 -725.0000000000002
499.1666666666667 -725.0000000000002
499.1666666666667 -725.0000000000002
507.49999999999994 -740.8333333333335
501.66666666666663 -729.1666666666667
499.1666666666667 -725.0000000000002
499.1666666666667 -725.0000000000002
498.33333333333337 -721.6666666666667
498.3333333333333 -720.8333333333334
499.1666666666667 -725.0000000000002
499.1666666666667 -725.0000000000002
507.49999999999994 -740.8333333333335
499.1666666666667 -725.0000000000002
499.1666666666667 -725.0000000000002
496.6666666666667 -720.0000000000002
500.8333333333333 -727.5000000000002
