504.99999999999994 -741.6666666666669
504.99999999999994 -741.6666666666669
504.99999999999994 -741.6666666666669
504.99999999999994 -741.6666666666669
504.99999999999994 -741.6666666666669
517.5 -750.8333333333335
504.99999999999994 -741.6666666666669
513.3333333333333 -749.166666666667
504.99999999999994 -741.6666666666669
504.99999999999994 -741.6666666666669
504.99999999999994 -741.6666666666669
504.99999999999994 -741.6666666666669
504.99999999999994 -741.6666666666669
505.0 -744.166666666667
504.99999999999994 -741.6666666666669
504.99999999999994 -741.6666666666669
504.99999999999994 -741.6666666666669
504.99999999999994 -741.6666666666669
504.99999999999994 -741.6666666666669
504.99999999999994 -741.6666666666669
504.99999999999994 -741.6666666666669
517.5 -750.8333333333335
504.99999999999994 -741.6666666666669
507.49999999999994 -746.6666666666669
504.99999999999994 -741.6666666666669
510.83333333333326 -747.5000000000002
500.0 -737.5000000000002
504.99999999999994 -741.6666666666669
510.83333333333326 -747.5000000000002
510.83333333333326 -747.5000000000002
504.99999999999994 -741.6666666666669
504.99999999999994 -741.6666666666669
510.83333333333326 -747.5000000000002
510.83333333333326 -747.5000000000002
504.99999999999994 -741.6666666666669
504.99999999999994 -741.6666666666669
504.99999999999994 -741.6666666666669
505.8333333333333 -745.0000000000002
504.99999999999994 -741.6666666666669
504.99999999999994 -741.6666666666669
504.99999999999994 -741.6666666666669
504.99999999999994 -741.6666666666669
499.1666666666667 -736.666666666667
504.99999999999994 -741.6666666666669
515.0 -750.0000000000002
504.99999999999994 -741.6666666666669
504.99999999999994 -741.6666666666669
504.99999999999994 -741.6666666666669
504.99999999999994 -741.6666666666669
517.5 -750.8333333333335
504.99999999999994 -741.6666666666669
504.99999999999994 -741.6666666666669
511.66666666666663 -748.3333333333336
504.99999999999994 -741.6666666666669
504.99999999999994 -741.6666666666669
504.99999999999994 -741.6666666666669
504.99999999999994 -741.6666666666669
504.99999999999994 -741.6666666666669
504.99999999999994 -741.6666666666669
504.99999999999994 -741.6666666666669
504.99999999999994 -741.6666666666669
504.99999999999994 -741.6666666666669
504.99999999999994 -741.6666666666669
504.99999999999994 -741.6666666666669
500.0 -737.5000000000002
499.1666666666667 -736.666666666667
504.99999999999994 -741.6666666666669
504.99999999999994 -741.6666666666669
504.99999999999994 -741.6666666666669
504.99999999999994 -741.6666666666669
504.99999999999994 -741.6666666666669
504.99999999999994 -741.6666666666669
510.83333333333326 -747.5000000000002
504.99999999999994 -741.6666666666669
497.5 -732.5000000000002
504.99999999999994 -741.6666666666669
504.99999999999994 -741.6666666666669
504.99999999999994 -741.6666666666669
507.49999999999994 -746.6666666666669
504.99999999999994 -741.6666666666669
500.0 -737.5000000000002
500.0 -737.5000000000002
504.99999999999994 -741.6666666666669
504.99999999999994 -741.6666666666669
504.99999999999994 -741.6666666666669
507.49999999999994 -746.6666666666669
504.99999999999994 -741.6666666666669
500.0 -737.5000000000002
504.99999999999994 -741.6666666666669
500.0 -737.5000000000002
496.6666666666667 -730.8333333333335
501.66666666666663 -740.8333333333336
504.99999999999994 -741.6666666666669
504.99999999999994 -741.6666666666669
499.1666666666667 -736.666666666667
504.99999999999994 -741.6666666666669
504.99999999999994 -741.6666666666669
504.99999999999994 -741.6666666666669
504.99999999999994 -741.6666666666669
504.99999999999994 -741.6666666666669
