505.8333333333333 -749.1666666666669
512.5 -753.3333333333337
505.0 -748.3333333333335
505.8333333333333 -749.1666666666669
505.0 -748.3333333333335
505.8333333333333 -749.1666666666669
505.0 -748.3333333333335
505.8333333333333 -749.1666666666669
505.0 -748.3333333333335
505.8333333333333 -749.1666666666669
505.8333333333333 -749.1666666666669
505.8333333333333 -749.1666666666669
505.0 -748.3333333333335
505.0 -748.3333333333335
505.0 -748.3333333333335
505.8333333333333 -749.1666666666669
505.0 -748.3333333333335
505.0 -748.3333333333335
505.8333333333333 -749.1666666666669
505.0 -748.3333333333335
505.0 -748.3333333333335
500.8333333333333 -745.0000000000003
505.0 -748.3333333333335
505.8333333333333 -749.1666666666669
505.8333333333333 -749.1666666666669
505.8333333333333 -749.1666666666669
505.8333333333333 -749.1666666666669
505.8333333333333 -749.1666666666669
505.0 -748.3333333333335
505.8333333333333 -749.1666666666669
505.8333333333333 -749.1666666666669
505.0 -748.3333333333335
505.8333333333333 -749.1666666666669
506.6666666666667 -752.5000000000001
505.8333333333333 -749.1666666666669
505.8333333333333 -749.1666666666669
513.3333333333333 -755.0000000000003
505.8333333333333 -749.1666666666669
505.8333333333333 -749.1666666666669
505.8333333333333 -749.1666666666669
505.8333333333333 -749.1666666666669
505.8333333333333 -749.1666666666669
500.8333333333333 -745.0000000000003
505.0 -748.3333333333335
505.8333333333333 -749.1666666666669
505.8333333333333 -749.1666666666669
500.8333333333333 -745.0000000000003
505.8333333333333 -749.1666666666669
499.1666666666667 -743.3333333333335
505.83333333333337 -751.6666666666667
500.0 -744.166666666667
505.0 -748.3333333333335
498.3333333333333 -740.0000000000003
500.0 -744.166666666667
505.0 -748.3333333333335
505.0 -748.3333333333335
509.16666666666663 -752.5000000000002
499.1666666666667 -743.3333333333335
505.8333333333333 -749.1666666666669
505.0 -748.3333333333335
505.0 -748.3333333333335
499.1666666666667 -743.3333333333335
505.8333333333333 -749.1666666666669
505.8333333333333 -749.1666666666669
505.8333333333333 -749.1666666666669
500.0 -744.166666666667
505.0 -748.3333333333335
505.8333333333333 -749.1666666666669
505.8333333333333 -749.1666666666669
499.1666666666667 -743.3333333333335
500.0 -744.166666666667
505.0 -748.3333333333335
499.1666666666667 -743.3333333333335
505.8333333333333 -749.1666666666669
505.0 -748.3333333333335
505.0 -748.3333333333335
498.3333333333333 -740.0000000000003
505.8333333333333 -749.1666666666669
512.5 -753.3333333333337
505.8333333333333 -749.1666666666669
500.8333333333333 -745.0000000000003
525.8333333333333 -761.666666666667
505.0 -748.3333333333335
498.3333333333333 -740.0000000000003
500.0 -744.166666666667
505.0 -748.3333333333335
505.8333333333333 -749.1666666666669
505.8333333333333 -749.1666666666669
505.8333333333333 -749.1666666666669
499.16666666666663 -740.8333333333336
505.0 -748.3333333333335
505.0 -748.3333333333335
506.66666666666663 -751.6666666666669
505.0 -748.3333333333335
509.16666666666663 -752.5000000000002
499.1666666666667 -743.3333333333335
505.8333333333333 -749.1666666666669
505.0 -748.3333333333335
502.49999999999994 -746.666666666667
505.8333333333333 -749.1666666666669
505.8333333333333 -749.1666666666669
500.8333333333333 -745.0000000000003
521.6666666666666 -755.8333333333336
505.8333333333333 -749.1666666666669
502.49999999999994 -746.666666666667
501.66666666666663 -745.8333333333335
498.3333333333333 -740.0000000000003
500.0 -744.166666666667
496.66666666666663 -740.0000000000002
505.8333333333333 -749.1666666666669
505.8333333333333 -749.1666666666669
500.0 -744.166666666667
521.6666666666667 -756.666666666667
500.0 -744.166666666667
506.66666666666663 -751.6666666666669
