513.3333333333333 -755.0000000000003
525.8333333333333 -761.666666666667
496.66666666666663 -740.0000000000002
525.0 -760.8333333333336
516.6666666666666 -759.1666666666671
502.49999999999994 -749.166666666667
499.16666666666663 -745.0000000000002
499.99999999999994 -746.666666666667
497.49999999999994 -740.8333333333335
499.16666666666663 -745.0000000000002
497.49999999999994 -740.8333333333335
498.33333333333326 -741.6666666666669
504.16666666666663 -750.0000000000002
509.16666666666663 -755.0000000000002
499.16666666666663 -745.0000000000002
500.8333333333333 -747.5000000000001
505.83333333333326 -752.5000000000002
499.16666666666663 -745.0000000000002
