525.8333333333333 -761.666666666667
499.16666666666663 -745.8333333333336
516.6666666666666 -760.0000000000003
499.16666666666663 -745.8333333333336
499.16666666666663 -745.8333333333336
499.16666666666663 -745.8333333333336
499.16666666666663 -745.8333333333336
512.5 -758.3333333333336
496.66666666666663 -740.8333333333336
496.66666666666663 -740.8333333333336
512.5 -758.3333333333336
503.3333333333332 -753.3333333333336
516.6666666666666 -760.0000000000003
499.9999999999999 -750.0000000000002
499.9999999999999 -750.0000000000002
499.16666666666663 -745.8333333333336
502.4999999999999 -752.5000000000002
496.66666666666663 -740.8333333333336
512.5 -758.3333333333336
499.16666666666663 -745.8333333333336
510.83333333333326 -757.5000000000003
499.16666666666663 -745.8333333333336
502.4999999999999 -752.5000000000002
499.16666666666663 -745.8333333333336
514.1666666666666 -760.0000000000002
512.5 -758.3333333333336
496.66666666666663 -740.8333333333336
505.8333333333333 -756.666666666667
498.33333333333326 -744.1666666666669
497.49999999999994 -743.3333333333336
499.16666666666663 -745.8333333333336
506.66666666666663 -757.5000000000002
517.5 -760.8333333333336
499.16666666666663 -745.8333333333336
