503.3333333333332 -753.3333333333336
502.4999999999999 -752.5000000000002
502.4999999999999 -752.5000000000002
505.8333333333333 -756.666666666667
506.66666666666663 -757.5000000000002
508.3333333333333 -758.3333333333336
500.8333333333332 -750.8333333333336
509.16666666666663 -759.166666666667
504.9999999999999 -754.166666666667
508.3333333333333 -758.3333333333336
506.66666666666663 -757.5000000000002
505.8333333333333 -756.666666666667
500.8333333333332 -750.8333333333336
500.8333333333332 -750.8333333333336
505.8333333333333 -756.666666666667
505.8333333333333 -756.666666666667
504.9999999999999 -754.166666666667
505.8333333333333 -756.666666666667
505.8333333333333 -756.666666666667
502.4999999999999 -752.5000000000002
502.4999999999999 -752.5000000000002
519.1666666666666 -764.166666666667
505.8333333333333 -756.666666666667
503.3333333333332 -753.3333333333336
504.9999999999999 -754.166666666667
505.8333333333333 -756.666666666667
506.66666666666663 -757.5000000000002
500.8333333333332 -750.8333333333336
504.9999999999999 -754.166666666667
501.6666666666665 -751.666666666667
506.66666666666663 -757.5000000000002
502.4999999999999 -752.5000000000002
502.4999999999999 -752.5000000000002
500.8333333333332 -750.8333333333336
504.9999999999999 -754.166666666667
502.4999999999999 -752.5000000000002
500.8333333333332 -750.8333333333336
502.4999999999999 -752.5000000000002
504.9999999999999 -754.166666666667
505.8333333333333 -756.666666666667
500.8333333333332 -750.8333333333336
500.8333333333332 -750.8333333333336
500.8333333333332 -750.8333333333336
505.8333333333333 -756.666666666667
500.8333333333332 -750.8333333333336
509.99999999999994 -763.3333333333336
506.66666666666663 -757.5000000000002
500.8333333333332 -750.8333333333336
500.8333333333332 -750.8333333333336
515.8333333333333 -763.3333333333337
500.8333333333332 -750.8333333333336
502.4999999999999 -752.5000000000002
503.3333333333332 -753.3333333333336
502.4999999999999 -752.5000000000002
502.4999999999999 -752.5000000000002
504.9999999999999 -754.166666666667
499.9999999999999 -750.0000000000003
500.8333333333332 -750.8333333333336
506.66666666666663 -757.5000000000002
496.66666666666663 -741.6666666666669
500.8333333333332 -750.8333333333336
499.16666666666663 -746.666666666667
501.6666666666665 -751.666666666667
497.4999999999999 -745.8333333333336
