496.66666666666663 -744.166666666667
496.66666666666663 -744.166666666667
516.6666666666666 -770.8333333333337
514.1666666666666 -770.0000000000005
508.3333333333332 -764.1666666666671
507.4999999999999 -763.3333333333337
513.3333333333333 -769.1666666666671
511.66666666666663 -768.3333333333337
509.99999999999994 -765.8333333333337
510.8333333333333 -767.5000000000005
509.16666666666663 -765.0000000000003
513.3333333333333 -769.1666666666671
509.99999999999994 -765.8333333333337
511.66666666666663 -768.3333333333337
507.49999999999994 -763.3333333333338
510.8333333333333 -767.5000000000005
509.16666666666663 -765.0000000000003
509.99999999999994 -765.8333333333337
510.8333333333333 -767.5000000000005
509.16666666666663 -765.0000000000003
509.16666666666663 -765.0000000000003
509.16666666666663 -765.0000000000003
509.16666666666663 -765.0000000000003
509.16666666666663 -765.0000000000003
510.8333333333333 -767.5000000000005
509.16666666666663 -765.0000000000003
509.16666666666663 -765.0000000000003
509.16666666666663 -765.0000000000003
510.8333333333333 -767.5000000000005
509.16666666666663 -765.0000000000003
509.99999999999994 -765.8333333333337
510.8333333333333 -767.5000000000005
509.99999999999994 -765.8333333333337
509.99999999999994 -765.8333333333337
510.8333333333333 -767.5000000000005
509.16666666666663 -765.0000000000003
510.8333333333333 -767.5000000000005
511.66666666666663 -768.3333333333337
509.16666666666663 -765.0000000000003
509.99999999999994 -765.8333333333337
509.16666666666663 -765.0000000000003
511.66666666666663 -768.3333333333337
509.16666666666663 -765.0000000000003
509.16666666666663 -765.0000000000003
509.99999999999994 -765.8333333333337
510.0 -766.6666666666671
511.66666666666663 -768.3333333333337
509.16666666666663 -765.0000000000003
511.66666666666663 -768.3333333333337
509.99999999999994 -765.8333333333337
511.66666666666663 -768.3333333333337
509.99999999999994 -765.8333333333337
499.9999999999999 -755.8333333333336
509.99999999999994 -765.8333333333337
509.16666666666663 -765.0000000000003
509.99999999999994 -765.8333333333337
509.16666666666663 -765.0000000000003
509.16666666666663 -765.0000000000003
500.8333333333332 -758.3333333333336
510.8333333333333 -767.5000000000005
511.66666666666663 -768.3333333333337
510.8333333333333 -767.5000000000005
511.66666666666663 -768.3333333333337
510.8333333333333 -767.5000000000005
510.8333333333333 -767.5000000000005
510.8333333333333 -767.5000000000005
509.16666666666663 -765.0000000000003
509.99999999999994 -765.8333333333337
497.4999999999999 -750.8333333333336
510.8333333333333 -767.5000000000005
509.99999999999994 -765.8333333333337
511.66666666666663 -768.3333333333337
511.66666666666663 -768.3333333333337
509.16666666666663 -765.0000000000003
509.99999999999994 -765.8333333333337
509.99999999999994 -765.8333333333337
513.3333333333333 -769.1666666666671
509.16666666666663 -765.0000000000003
504.99999999999994 -763.3333333333336
511.66666666666663 -768.3333333333337
509.16666666666663 -765.0000000000003
509.16666666666663 -765.0000000000003
503.33333333333326 -760.8333333333337
