496.66666666666663 -744.166666666667
496.66666666666663 -744.166666666667
497.4999999999999 -750.8333333333336
500.8333333333332 -758.3333333333336
497.4999999999999 -750.8333333333336
502.4999999999999 -759.166666666667
514.1666666666666 -770.0000000000005
504.99999999999994 -763.3333333333337
513.3333333333333 -769.1666666666671
511.66666666666663 -768.3333333333337
504.16666666666663 -762.5000000000005
513.3333333333333 -769.1666666666671
511.66666666666663 -768.3333333333337
510.8333333333333 -767.5000000000005
510.0 -766.6666666666671
514.1666666666666 -770.0000000000005
510.8333333333333 -767.5000000000005
510.0 -766.6666666666671
513.3333333333333 -769.1666666666671
511.66666666666663 -768.3333333333337
510.8333333333333 -767.5000000000005
510.8333333333333 -767.5000000000005
510.8333333333333 -767.5000000000005
510.8333333333333 -767.5000000000005
510.8333333333333 -767.5000000000005
510.8333333333333 -767.5000000000005
510.8333333333333 -767.5000000000005
511.66666666666663 -768.3333333333337
511.66666666666663 -768.3333333333337
511.66666666666663 -768.3333333333337
511.66666666666663 -768.3333333333337
511.66666666666663 -768.3333333333337
510.8333333333333 -767.5000000000005
511.66666666666663 -768.3333333333337
510.8333333333333 -767.5000000000005
511.66666666666663 -768.3333333333337
510.8333333333333 -767.5000000000005
510.8333333333333 -767.5000000000005
510.8333333333333 -767.5000000000005
510.8333333333333 -767.5000000000005
511.66666666666663 -768.3333333333337
511.66666666666663 -768.3333333333337
513.3333333333333 -769.1666666666671
511.66666666666663 -768.3333333333337
514.1666666666666 -770.0000000000005
514.1666666666666 -770.0000000000005
510.8333333333333 -767.5000000000005
510.8333333333333 -767.5000000000005
511.66666666666663 -768.3333333333337
497.4999999999999 -750.8333333333336
510.0 -766.6666666666671
511.66666666666663 -768.3333333333337
510.8333333333333 -767.5000000000005
511.66666666666663 -768.3333333333337
511.66666666666663 -768.3333333333337
510.8333333333333 -767.5000000000005
510.8333333333333 -767.5000000000005
510.8333333333333 -767.5000000000005
511.66666666666663 -768.3333333333337
497.4999999999999 -750.8333333333336
510.0 -766.6666666666671
510.8333333333333 -767.5000000000005
514.1666666666666 -770.0000000000005
511.66666666666663 -768.3333333333337
510.8333333333333 -767.5000000000005
513.3333333333333 -769.1666666666671
511.66666666666663 -768.3333333333337
511.66666666666663 -768.3333333333337
510.8333333333333 -767.5000000000005
511.66666666666663 -768.3333333333337
510.8333333333333 -767.5000000000005
511.66666666666663 -768.3333333333337
510.8333333333333 -767.5000000000005
510.8333333333333 -767.5000000000005
511.66666666666663 -768.3333333333337
510.8333333333333 -767.5000000000005
510.8333333333333 -767.5000000000005
511.66666666666663 -768.3333333333337
510.8333333333333 -767.5000000000005
511.66666666666663 -768.3333333333337
510.8333333333333 -767.5000000000005
510.8333333333333 -767.5000000000005
510.0 -766.6666666666671
513.3333333333333 -769.1666666666671
514.1666666666666 -770.0000000000005
511.66666666666663 -768.3333333333337
510.0 -766.6666666666671
510.8333333333333 -767.5000000000005
511.66666666666663 -768.3333333333337
507.4999999999999 -765.8333333333336
511.66666666666663 -768.3333333333337
514.1666666666666 -770.0000000000005
510.8333333333333 -767.5000000000005
510.8333333333333 -767.5000000000005
510.0 -766.6666666666671
514.1666666666666 -770.0000000000005
510.0 -766.6666666666671
510.0 -766.6666666666671
510.8333333333333 -767.5000000000005
510.8333333333333 -767.5000000000005
510.8333333333333 -767.5000000000005
510.0 -766.6666666666671
511.66666666666663 -768.3333333333337
511.66666666666663 -768.3333333333337
510.8333333333333 -767.5000000000005
504.99999999999994 -763.3333333333337
510.8333333333333 -767.5000000000005
511.66666666666663 -768.3333333333337
510.8333333333333 -767.5000000000005
511.66666666666663 -768.3333333333337
510.8333333333333 -767.5000000000005
511.66666666666663 -768.3333333333337
498.3333333333332 -751.6666666666669
511.66666666666663 -768.3333333333337
511.66666666666663 -768.3333333333337
510.8333333333333 -767.5000000000005
511.66666666666663 -768.3333333333337
511.66666666666663 -768.3333333333337
511.66666666666663 -768.3333333333337
510.8333333333333 -767.5000000000005
514.1666666666666 -770.0000000000005
511.66666666666663 -768.3333333333337
511.66666666666663 -768.3333333333337
511.66666666666663 -768.3333333333337
510.8333333333333 -767.5000000000005
516.6666666666666 -771.6666666666671
511.66666666666663 -768.3333333333337
504.99999999999994 -763.3333333333337
511.66666666666663 -768.3333333333337
510.8333333333333 -767.5000000000005
510.0 -766.6666666666671
504.99999999999994 -763.3333333333337
505.83333333333326 -764.1666666666671
511.66666666666663 -768.3333333333337
511.66666666666663 -768.3333333333337
510.0 -766.6666666666671
510.8333333333333 -767.5000000000005
510.8333333333333 -767.5000000000005
511.66666666666663 -768.3333333333337
511.66666666666663 -768.3333333333337
510.8333333333333 -767.5000000000005
511.66666666666663 -768.3333333333337
504.99999999999994 -763.3333333333337
504.99999999999994 -763.3333333333337
511.66666666666663 -768.3333333333337
511.66666666666663 -768.3333333333337
511.66666666666663 -768.3333333333337
511.66666666666663 -768.3333333333337
509.99999999999994 -766.666666666667
511.66666666666663 -768.3333333333337
510.0 -766.6666666666671
510.8333333333333 -767.5000000000005
510.8333333333333 -767.5000000000005
511.66666666666663 -768.3333333333337
510.8333333333333 -767.5000000000005
510.8333333333333 -767.5000000000005
511.66666666666663 -768.3333333333337
511.66666666666663 -768.3333333333337
511.66666666666663 -768.3333333333337
504.99999999999994 -763.3333333333337
510.0 -766.6666666666671
510.0 -766.6666666666671
510.8333333333333 -767.5000000000005
511.66666666666663 -768.3333333333337
499.9999999999999 -756.666666666667
511.66666666666663 -768.3333333333337
510.8333333333333 -767.5000000000005
508.33333333333326 -765.8333333333337
514.1666666666666 -770.0000000000005
510.8333333333333 -767.5000000000005
510.0 -766.6666666666671
504.99999999999994 -763.3333333333337
510.0 -766.6666666666671
514.1666666666666 -770.0000000000005
514.1666666666666 -770.0000000000005
510.8333333333333 -767.5000000000005
513.3333333333333 -769.1666666666671
511.66666666666663 -768.3333333333337
511.66666666666663 -768.3333333333337
510.8333333333333 -767.5000000000005
510.0 -766.6666666666671
504.99999999999994 -763.3333333333337
513.3333333333333 -769.1666666666671
511.66666666666663 -768.3333333333337
511.66666666666663 -768.3333333333337
511.66666666666663 -768.3333333333337
514.1666666666666 -770.0000000000005
510.8333333333333 -767.5000000000005
511.66666666666663 -768.3333333333337
510.0 -766.6666666666671
510.0 -766.6666666666671
503.33333333333326 -761.666666666667
507.4999999999999 -765.8333333333336
501.6666666666666 -758.3333333333337
