496.6666666666666 -750.8333333333337
514.9999999999999 -778.3333333333336
514.9999999999999 -778.3333333333336
496.6666666666666 -750.8333333333337
512.4999999999999 -775.8333333333336
510.8333333333332 -775.0000000000002
499.9999999999999 -760.8333333333337
499.1666666666666 -755.8333333333337
499.1666666666665 -753.3333333333336
499.1666666666666 -755.8333333333337
509.99999999999983 -772.5000000000003
503.33333333333326 -765.8333333333337
503.33333333333314 -764.1666666666671
502.4999999999999 -763.3333333333338
499.9999999999999 -760.8333333333337
497.4999999999999 -751.6666666666671
504.1666666666666 -766.6666666666671
500.8333333333332 -761.6666666666671
497.4999999999999 -751.6666666666671
504.1666666666666 -766.6666666666671
500.8333333333332 -761.6666666666671
501.6666666666665 -762.5000000000005
498.3333333333332 -752.5000000000005
506.6666666666665 -769.1666666666671
504.9999999999999 -767.5000000000005
509.99999999999983 -772.5000000000003
509.1666666666665 -771.6666666666671
506.6666666666665 -769.1666666666671
509.1666666666665 -771.6666666666671
504.9999999999999 -767.5000000000005
501.6666666666665 -762.5000000000005
498.3333333333332 -752.5000000000005
502.49999999999983 -763.3333333333336
507.49999999999983 -770.0000000000003
508.3333333333332 -770.8333333333337
505.8333333333332 -768.3333333333336
507.4999999999999 -770.0000000000005
508.33333333333326 -770.8333333333338
505.83333333333326 -768.3333333333337
503.33333333333326 -765.8333333333337
505.83333333333326 -768.3333333333337
503.33333333333314 -764.1666666666671
507.4999999999999 -770.0000000000005
508.33333333333326 -770.8333333333338
507.49999999999983 -770.0000000000003
508.3333333333332 -770.8333333333337
499.1666666666665 -753.3333333333336
505.8333333333332 -768.3333333333336
502.49999999999983 -763.3333333333336
496.6666666666666 -750.8333333333337
499.1666666666666 -755.8333333333337
499.9999999999999 -760.8333333333337
504.1666666666666 -766.6666666666671
497.4999999999999 -751.6666666666671
500.8333333333332 -761.6666666666671
509.99999999999983 -772.5000000000003
506.6666666666665 -769.1666666666671
509.1666666666665 -771.6666666666671
498.3333333333332 -752.5000000000005
501.6666666666665 -762.5000000000005
504.9999999999999 -767.5000000000005
503.33333333333326 -765.8333333333337
505.83333333333326 -768.3333333333337
507.4999999999999 -770.0000000000005
508.33333333333326 -770.8333333333338
508.3333333333332 -770.8333333333337
507.49999999999983 -770.0000000000003
499.1666666666665 -753.3333333333336
505.8333333333332 -768.3333333333336
502.49999999999983 -763.3333333333336
496.6666666666666 -750.8333333333337
499.1666666666666 -755.8333333333337
499.9999999999999 -760.8333333333337
504.1666666666666 -766.6666666666671
497.4999999999999 -751.6666666666671
500.8333333333332 -761.6666666666671
509.99999999999983 -772.5000000000003
506.6666666666665 -769.1666666666671
509.1666666666665 -771.6666666666671
498.3333333333332 -752.5000000000005
501.6666666666665 -762.5000000000005
504.9999999999999 -767.5000000000005
503.33333333333326 -765.8333333333337
505.83333333333326 -768.3333333333337
507.4999999999999 -770.0000000000005
508.33333333333326 -770.8333333333338
507.49999999999983 -770.0000000000003
508.3333333333332 -770.8333333333337
499.1666666666665 -753.3333333333336
502.49999999999983 -763.3333333333336
505.8333333333332 -768.3333333333336
496.6666666666666 -750.8333333333337
499.1666666666666 -755.8333333333337
499.9999999999999 -760.8333333333337
497.4999999999999 -751.6666666666671
504.1666666666666 -766.6666666666671
500.8333333333332 -761.6666666666671
509.99999999999983 -772.5000000000003
506.6666666666665 -769.1666666666671
509.1666666666665 -771.6666666666671
498.3333333333332 -752.5000000000005
504.9999999999999 -767.5000000000005
501.6666666666665 -762.5000000000005
503.33333333333326 -765.8333333333337
505.83333333333326 -768.3333333333337
507.4999999999999 -770.0000000000005
508.33333333333326 -770.8333333333338
508.3333333333332 -770.8333333333337
507.49999999999983 -770.0000000000003
505.8333333333332 -768.3333333333336
502.49999999999983 -763.3333333333336
496.6666666666666 -750.8333333333337
499.1666666666666 -755.8333333333337
499.9999999999999 -760.8333333333337
504.1666666666666 -766.6666666666671
497.4999999999999 -751.6666666666671
500.8333333333332 -761.6666666666671
506.6666666666665 -769.1666666666671
509.1666666666665 -771.6666666666671
498.3333333333332 -752.5000000000005
501.6666666666665 -762.5000000000005
504.9999999999999 -767.5000000000005
503.33333333333326 -765.8333333333337
505.83333333333326 -768.3333333333337
507.4999999999999 -770.0000000000005
508.33333333333326 -770.8333333333338
508.3333333333332 -770.8333333333337
507.49999999999983 -770.0000000000003
502.49999999999983 -763.3333333333336
505.8333333333332 -768.3333333333336
496.6666666666666 -750.8333333333337
499.1666666666666 -755.8333333333337
498.3333333333332 -752.5000000000005
499.9999999999999 -760.8333333333337
504.1666666666666 -766.6666666666671
500.8333333333332 -761.6666666666671
497.4999999999999 -751.6666666666671
506.6666666666665 -769.1666666666671
509.1666666666665 -771.6666666666671
501.6666666666665 -762.5000000000005
504.9999999999999 -767.5000000000005
503.33333333333326 -765.8333333333337
505.83333333333326 -768.3333333333337
507.4999999999999 -770.0000000000005
508.33333333333326 -770.8333333333338
507.49999999999983 -770.0000000000003
508.3333333333332 -770.8333333333337
505.8333333333332 -768.3333333333336
502.49999999999983 -763.3333333333336
496.6666666666666 -750.8333333333337
499.1666666666666 -755.8333333333337
498.3333333333332 -752.5000000000005
499.9999999999999 -760.8333333333337
504.1666666666666 -766.6666666666671
500.8333333333332 -761.6666666666671
497.4999999999999 -751.6666666666671
506.6666666666665 -769.1666666666671
509.1666666666665 -771.6666666666671
504.9999999999999 -767.5000000000005
501.6666666666665 -762.5000000000005
503.33333333333326 -765.8333333333337
505.83333333333326 -768.3333333333337
507.4999999999999 -770.0000000000005
508.33333333333326 -770.8333333333338
507.49999999999983 -770.0000000000003
508.3333333333332 -770.8333333333337
502.49999999999983 -763.3333333333336
505.8333333333332 -768.3333333333336
496.6666666666666 -750.8333333333337
499.1666666666666 -755.8333333333337
498.3333333333332 -752.5000000000005
499.9999999999999 -760.8333333333337
504.1666666666666 -766.6666666666671
500.8333333333332 -761.6666666666671
497.4999999999999 -751.6666666666671
506.6666666666665 -769.1666666666671
509.1666666666665 -771.6666666666671
501.6666666666665 -762.5000000000005
504.9999999999999 -767.5000000000005
503.33333333333326 -765.8333333333337
505.83333333333326 -768.3333333333337
508.33333333333326 -770.8333333333338
508.3333333333332 -770.8333333333337
507.49999999999983 -770.0000000000003
505.8333333333332 -768.3333333333336
502.49999999999983 -763.3333333333336
496.6666666666666 -750.8333333333337
499.1666666666666 -755.8333333333337
498.3333333333332 -752.5000000000005
499.9999999999999 -760.8333333333337
504.1666666666666 -766.6666666666671
500.8333333333332 -761.6666666666671
497.4999999999999 -751.6666666666671
506.6666666666665 -769.1666666666671
509.1666666666665 -771.6666666666671
501.6666666666665 -762.5000000000005
504.9999999999999 -767.5000000000005
503.33333333333326 -765.8333333333337
505.83333333333326 -768.3333333333337
508.3333333333332 -770.8333333333337
