503.33333333333326 -768.3333333333338
498.3333333333332 -755.0000000000005
508.3333333333332 -773.3333333333336
508.3333333333332 -773.3333333333336
499.1666666666666 -758.3333333333337
513.3333333333333 -778.3333333333336
517.4999999999999 -781.666666666667
508.3333333333332 -773.3333333333336
507.49999999999983 -772.5000000000005
502.49999999999983 -765.8333333333337
513.3333333333333 -778.3333333333336
507.49999999999983 -772.5000000000005
513.3333333333333 -778.3333333333336
501.6666666666665 -765.0000000000005
502.49999999999983 -765.8333333333337
502.49999999999983 -765.8333333333337
513.3333333333333 -778.3333333333336
502.49999999999983 -765.8333333333337
499.9999999999999 -764.1666666666672
507.49999999999983 -772.5000000000005
508.3333333333332 -773.3333333333336
517.4999999999999 -781.666666666667
508.3333333333332 -773.3333333333336
513.3333333333333 -778.3333333333336
508.3333333333332 -773.3333333333336
505.8333333333332 -771.6666666666671
508.3333333333332 -773.3333333333336
508.3333333333332 -773.3333333333336
514.9999999999999 -780.0000000000005
507.49999999999983 -772.5000000000005
517.4999999999999 -781.666666666667
508.33333333333326 -774.1666666666672
514.1666666666665 -779.1666666666671
508.33333333333326 -774.1666666666672
499.1666666666666 -758.3333333333337
513.3333333333333 -778.3333333333336
508.3333333333332 -773.3333333333336
507.49999999999983 -772.5000000000005
508.3333333333332 -773.3333333333336
509.9999999999999 -775.0000000000005
504.9999999999999 -770.8333333333337
517.4999999999999 -781.666666666667
504.9999999999999 -770.8333333333337
517.4999999999999 -781.666666666667
503.3333333333332 -767.5000000000005
517.4999999999999 -781.666666666667
508.3333333333332 -773.3333333333336
494.9999999999999 -751.6666666666671
504.1666666666666 -770.0000000000003
495.8333333333332 -753.3333333333337
498.33333333333326 -756.6666666666671
509.9999999999999 -775.0000000000005
503.33333333333326 -768.3333333333338
511.6666666666665 -777.5000000000003
503.33333333333314 -767.5000000000003
494.9999999999999 -751.6666666666671
503.33333333333326 -768.3333333333338
515.8333333333333 -780.8333333333337
494.9999999999999 -751.6666666666671
517.4999999999999 -781.666666666667
502.49999999999983 -765.8333333333337
507.49999999999983 -772.5000000000005
510.8333333333332 -776.6666666666671
503.33333333333326 -768.3333333333338
502.49999999999983 -765.8333333333337
513.3333333333333 -778.3333333333336
503.3333333333332 -767.5000000000005
498.33333333333326 -756.6666666666671
517.4999999999999 -781.666666666667
497.49999999999983 -754.1666666666671
