499.1666666666666 -759.1666666666671
515.8333333333333 -781.666666666667
506.6666666666665 -775.0000000000005
503.33333333333326 -770.0000000000005
499.1666666666666 -759.1666666666671
494.9999999999999 -753.3333333333338
505.8333333333332 -774.1666666666671
495.8333333333332 -754.1666666666671
499.1666666666666 -759.1666666666671
503.33333333333326 -770.0000000000005
498.33333333333326 -758.3333333333338
495.8333333333332 -754.1666666666671
494.9999999999999 -753.3333333333338
495.8333333333332 -754.1666666666671
497.49999999999983 -755.8333333333337
509.9999999999999 -778.3333333333338
495.8333333333332 -754.1666666666671
499.1666666666666 -759.1666666666671
499.1666666666666 -759.1666666666671
498.33333333333314 -756.6666666666671
514.9999999999999 -780.8333333333338
498.33333333333326 -758.3333333333338
494.9999999999999 -753.3333333333338
505.8333333333332 -774.1666666666671
499.1666666666666 -759.1666666666671
503.33333333333326 -770.0000000000005
515.8333333333333 -781.666666666667
494.9999999999999 -753.3333333333338
517.4999999999999 -782.5000000000006
510.8333333333332 -779.1666666666671
495.8333333333332 -754.1666666666671
498.33333333333326 -758.3333333333338
494.9999999999999 -753.3333333333338
495.8333333333332 -754.1666666666671
499.1666666666666 -759.1666666666671
498.33333333333314 -756.6666666666671
503.33333333333314 -770.0000000000003
498.33333333333326 -758.3333333333338
503.33333333333326 -770.0000000000005
509.9999999999999 -778.3333333333338
515.8333333333333 -781.666666666667
504.1666666666666 -772.5000000000005
503.33333333333326 -770.0000000000005
499.1666666666666 -759.1666666666671
499.1666666666666 -759.1666666666671
496.6666666666665 -755.0000000000005
496.6666666666665 -755.0000000000005
509.9999999999999 -778.3333333333338
495.8333333333332 -754.1666666666671
499.1666666666666 -759.1666666666671
499.1666666666666 -759.1666666666671
497.49999999999983 -755.8333333333337
495.8333333333332 -754.1666666666671
510.8333333333332 -779.1666666666671
499.1666666666666 -759.1666666666671
499.1666666666666 -759.1666666666671
497.49999999999983 -755.8333333333337
499.9999999999999 -766.6666666666672
503.33333333333326 -770.0000000000005
494.9999999999999 -753.3333333333338
498.33333333333326 -758.3333333333338
498.33333333333326 -758.3333333333338
494.9999999999999 -753.3333333333338
495.8333333333332 -754.1666666666671
494.9999999999999 -753.3333333333338
508.33333333333326 -776.6666666666671
498.33333333333326 -758.3333333333338
494.9999999999999 -753.3333333333338
495.8333333333332 -754.1666666666671
498.33333333333314 -756.6666666666671
500.8333333333332 -767.5000000000005
511.6666666666665 -780.0000000000003
502.49999999999983 -769.1666666666671
499.1666666666666 -759.1666666666671
503.33333333333326 -770.0000000000005
495.8333333333332 -754.1666666666671
494.9999999999999 -753.3333333333338
498.33333333333326 -758.3333333333338
494.9999999999999 -753.3333333333338
511.6666666666665 -780.0000000000003
502.49999999999983 -769.1666666666671
514.9999999999999 -780.8333333333338
495.8333333333332 -754.1666666666671
503.33333333333326 -770.0000000000005
499.1666666666666 -759.1666666666671
499.1666666666666 -759.1666666666671
494.9999999999999 -753.3333333333338
499.1666666666666 -759.1666666666671
499.1666666666666 -759.1666666666671
494.9999999999999 -753.3333333333338
495.8333333333332 -754.1666666666671
499.9999999999999 -766.6666666666672
