515.8333333333333 -783.3333333333337
494.9999999999999 -755.0000000000005
499.1666666666666 -760.0000000000005
499.9999999999999 -766.6666666666672
514.9999999999999 -780.8333333333338
512.5 -780.0000000000005
497.49999999999983 -755.8333333333337
503.33333333333314 -770.0000000000005
498.33333333333314 -756.6666666666671
498.33333333333326 -758.3333333333338
503.33333333333326 -771.6666666666672
507.4999999999999 -775.8333333333338
511.6666666666665 -780.0000000000003
514.9999999999999 -780.8333333333338
509.1666666666666 -777.5000000000005
504.9999999999999 -773.3333333333337
501.6666666666665 -768.3333333333337
509.9999999999999 -778.3333333333338
508.33333333333326 -776.6666666666672
508.33333333333326 -776.6666666666672
499.9999999999999 -766.6666666666672
509.9999999999999 -778.3333333333338
510.8333333333332 -779.1666666666671
504.1666666666666 -772.5000000000005
500.8333333333332 -767.5000000000005
506.6666666666665 -775.0000000000005
509.1666666666666 -777.5000000000005
501.6666666666665 -768.3333333333337
497.49999999999983 -755.8333333333337
504.1666666666666 -772.5000000000005
504.9999999999999 -773.3333333333337
510.8333333333332 -779.1666666666671
500.8333333333332 -767.5000000000005
506.6666666666665 -775.0000000000005
498.33333333333326 -758.3333333333338
511.6666666666665 -780.0000000000003
505.8333333333332 -774.1666666666671
502.49999999999983 -769.1666666666671
507.49999999999983 -775.8333333333337
505.83333333333326 -774.1666666666672
502.4999999999999 -769.1666666666672
498.33333333333314 -756.6666666666671
505.8333333333332 -774.1666666666671
502.49999999999983 -769.1666666666671
503.33333333333326 -771.6666666666672
502.4999999999999 -769.1666666666672
505.83333333333326 -774.1666666666672
507.49999999999983 -775.8333333333337
514.9999999999999 -780.8333333333338
499.9999999999999 -766.6666666666672
508.33333333333326 -776.6666666666672
509.9999999999999 -778.3333333333338
501.6666666666665 -768.3333333333337
504.1666666666666 -772.5000000000005
509.1666666666666 -777.5000000000005
510.8333333333332 -779.1666666666671
497.49999999999983 -755.8333333333337
500.8333333333332 -767.5000000000005
504.9999999999999 -773.3333333333337
506.6666666666665 -775.0000000000005
498.33333333333326 -758.3333333333338
511.6666666666665 -780.0000000000003
498.33333333333314 -756.6666666666671
502.49999999999983 -769.1666666666671
505.8333333333332 -774.1666666666671
503.33333333333326 -771.6666666666672
507.49999999999983 -775.8333333333337
502.4999999999999 -769.1666666666672
505.83333333333326 -774.1666666666672
514.9999999999999 -780.8333333333338
499.9999999999999 -766.6666666666672
509.9999999999999 -778.3333333333338
508.33333333333326 -776.6666666666672
501.6666666666665 -768.3333333333337
504.9999999999999 -773.3333333333337
497.49999999999983 -755.8333333333337
500.8333333333332 -767.5000000000005
509.1666666666666 -777.5000000000005
504.1666666666666 -772.5000000000005
510.8333333333332 -779.1666666666671
498.33333333333326 -758.3333333333338
511.6666666666665 -780.0000000000003
498.33333333333314 -756.6666666666671
505.8333333333332 -774.1666666666671
502.49999999999983 -769.1666666666671
503.33333333333326 -771.6666666666672
507.49999999999983 -775.8333333333337
502.4999999999999 -769.1666666666672
514.9999999999999 -780.8333333333338
499.9999999999999 -766.6666666666672
508.33333333333326 -776.6666666666672
509.9999999999999 -778.3333333333338
509.1666666666666 -777.5000000000005
501.6666666666665 -768.3333333333337
510.8333333333332 -779.1666666666671
504.9999999999999 -773.3333333333337
504.1666666666666 -772.5000000000005
497.49999999999983 -755.8333333333337
500.8333333333332 -767.5000000000005
498.33333333333326 -758.3333333333338
511.6666666666665 -780.0000000000003
498.33333333333314 -756.6666666666671
505.8333333333332 -774.1666666666671
502.49999999999983 -769.1666666666671
507.49999999999983 -775.8333333333337
503.33333333333326 -771.6666666666672
502.4999999999999 -769.1666666666672
514.9999999999999 -780.8333333333338
499.9999999999999 -766.6666666666672
509.9999999999999 -778.3333333333338
508.33333333333326 -776.6666666666672
509.1666666666666 -777.5000000000005
504.9999999999999 -773.3333333333337
510.8333333333332 -779.1666666666671
501.6666666666665 -768.3333333333337
500.8333333333332 -767.5000000000005
504.1666666666666 -772.5000000000005
497.49999999999983 -755.8333333333337
498.33333333333326 -758.3333333333338
511.6666666666665 -780.0000000000003
498.33333333333314 -756.6666666666671
502.49999999999983 -769.1666666666671
505.8333333333332 -774.1666666666671
507.49999999999983 -775.8333333333337
503.33333333333326 -771.6666666666672
502.4999999999999 -769.1666666666672
514.9999999999999 -780.8333333333338
499.9999999999999 -766.6666666666672
508.33333333333326 -776.6666666666672
509.9999999999999 -778.3333333333338
504.9999999999999 -773.3333333333337
510.8333333333332 -779.1666666666671
504.1666666666666 -772.5000000000005
501.6666666666665 -768.3333333333337
500.8333333333332 -767.5000000000005
497.49999999999983 -755.8333333333337
509.1666666666666 -777.5000000000005
498.33333333333326 -758.3333333333338
511.6666666666665 -780.0000000000003
498.33333333333314 -756.6666666666671
505.8333333333332 -774.1666666666671
502.49999999999983 -769.1666666666671
507.49999999999983 -775.8333333333337
503.33333333333326 -771.6666666666672
505.8333333333332 -774.1666666666671
499.9999999999999 -766.6666666666672
508.33333333333326 -776.6666666666672
509.9999999999999 -778.3333333333338
510.8333333333332 -779.1666666666671
504.1666666666666 -772.5000000000005
501.6666666666665 -768.3333333333337
500.8333333333332 -767.5000000000005
504.9999999999999 -773.3333333333337
497.49999999999983 -755.8333333333337
498.33333333333326 -758.3333333333338
511.6666666666665 -780.0000000000003
498.33333333333314 -756.6666666666671
507.49999999999983 -775.8333333333337
503.33333333333326 -771.6666666666672
499.9999999999999 -766.6666666666672
509.9999999999999 -778.3333333333338
504.1666666666666 -772.5000000000005
501.6666666666665 -768.3333333333337
510.8333333333332 -779.1666666666671
500.8333333333332 -767.5000000000005
497.49999999999983 -755.8333333333337
498.33333333333326 -758.3333333333338
511.6666666666665 -780.0000000000003
498.33333333333314 -756.6666666666671
507.49999999999983 -775.8333333333337
503.33333333333326 -771.6666666666672
499.9999999999999 -766.6666666666672
497.49999999999983 -755.8333333333337
510.8333333333332 -779.1666666666671
504.1666666666666 -772.5000000000005
501.6666666666665 -768.3333333333337
500.8333333333332 -767.5000000000005
498.33333333333326 -758.3333333333338
511.6666666666665 -780.0000000000003
498.33333333333314 -756.6666666666671
503.33333333333326 -771.6666666666672
507.49999999999983 -775.8333333333337
499.9999999999999 -766.6666666666672
510.8333333333332 -779.1666666666671
500.8333333333332 -767.5000000000005
497.49999999999983 -755.8333333333337
498.33333333333326 -758.3333333333338
511.6666666666665 -780.0000000000003
498.33333333333314 -756.6666666666671
499.9999999999999 -766.6666666666672
502.49999999999983 -769.1666666666671
503.33333333333326 -771.6666666666672
500.8333333333332 -767.5000000000005
504.9999999999999 -773.3333333333337
499.9999999999999 -766.6666666666672
499.9999999999999 -766.6666666666672
500.8333333333332 -767.5000000000005
503.33333333333326 -771.6666666666672
507.49999999999983 -775.8333333333337
497.49999999999983 -755.8333333333337
