494.9999999999999 -755.0000000000005
514.1666666666665 -785.0000000000003
494.9999999999999 -755.0000000000005
509.9999999999999 -780.8333333333338
499.16666666666663 -763.3333333333338
505.8333333333332 -776.6666666666671
508.33333333333326 -779.1666666666672
504.16666666666663 -775.0000000000005
499.9999999999999 -766.6666666666672
496.6666666666666 -759.1666666666671
500.83333333333326 -769.1666666666672
513.3333333333333 -784.1666666666671
499.1666666666665 -760.8333333333338
504.1666666666665 -772.5000000000005
497.49999999999994 -759.1666666666672
508.3333333333332 -778.3333333333338
506.6666666666666 -777.5000000000005
511.6666666666666 -781.6666666666672
502.4999999999999 -770.8333333333338
500.8333333333332 -767.5000000000005
512.5 -783.3333333333338
495.8333333333332 -755.8333333333338
495.83333333333326 -757.5000000000005
502.4999999999999 -770.8333333333338
506.6666666666666 -777.5000000000005
512.4999999999999 -782.5000000000005
511.6666666666666 -781.6666666666672
498.3333333333332 -760.0000000000005
498.3333333333332 -760.0000000000005
499.9999999999999 -766.6666666666672
504.16666666666663 -775.0000000000005
500.83333333333326 -769.1666666666672
495.83333333333326 -757.5000000000005
503.3333333333332 -771.6666666666671
503.33333333333326 -771.6666666666672
499.1666666666665 -760.8333333333338
508.3333333333332 -778.3333333333338
495.8333333333332 -755.8333333333338
512.4999999999999 -782.5000000000005
504.1666666666665 -772.5000000000005
503.33333333333326 -771.6666666666672
503.3333333333332 -771.6666666666671
500.8333333333332 -767.5000000000005
494.9999999999999 -755.0000000000005
502.4999999999999 -770.8333333333338
508.3333333333332 -778.3333333333338
511.6666666666666 -781.6666666666672
498.3333333333332 -760.0000000000005
499.9999999999999 -766.6666666666672
504.16666666666663 -775.0000000000005
500.83333333333326 -769.1666666666672
495.83333333333326 -757.5000000000005
495.8333333333332 -755.8333333333338
504.1666666666665 -772.5000000000005
512.4999999999999 -782.5000000000005
503.33333333333326 -771.6666666666672
500.8333333333332 -767.5000000000005
503.3333333333332 -771.6666666666671
494.9999999999999 -755.0000000000005
502.4999999999999 -770.8333333333338
508.3333333333332 -778.3333333333338
511.6666666666666 -781.6666666666672
498.3333333333332 -760.0000000000005
499.9999999999999 -766.6666666666672
504.16666666666663 -775.0000000000005
500.83333333333326 -769.1666666666672
495.83333333333326 -757.5000000000005
495.8333333333332 -755.8333333333338
512.4999999999999 -782.5000000000005
504.1666666666665 -772.5000000000005
503.33333333333326 -771.6666666666672
500.8333333333332 -767.5000000000005
503.3333333333332 -771.6666666666671
494.9999999999999 -755.0000000000005
502.4999999999999 -770.8333333333338
508.3333333333332 -778.3333333333338
511.6666666666666 -781.6666666666672
498.3333333333332 -760.0000000000005
499.9999999999999 -766.6666666666672
500.83333333333326 -769.1666666666672
504.16666666666663 -775.0000000000005
495.83333333333326 -757.5000000000005
495.8333333333332 -755.8333333333338
504.1666666666665 -772.5000000000005
512.4999999999999 -782.5000000000005
503.33333333333326 -771.6666666666672
500.8333333333332 -767.5000000000005
503.3333333333332 -771.6666666666671
494.9999999999999 -755.0000000000005
502.4999999999999 -770.8333333333338
511.6666666666666 -781.6666666666672
498.3333333333332 -760.0000000000005
499.9999999999999 -766.6666666666672
500.83333333333326 -769.1666666666672
495.83333333333326 -757.5000000000005
495.8333333333332 -755.8333333333338
504.1666666666665 -772.5000000000005
512.4999999999999 -782.5000000000005
503.33333333333326 -771.6666666666672
503.3333333333332 -771.6666666666671
500.8333333333332 -767.5000000000005
494.9999999999999 -755.0000000000005
502.4999999999999 -770.8333333333338
511.6666666666666 -781.6666666666672
498.3333333333332 -760.0000000000005
499.9999999999999 -766.6666666666672
500.83333333333326 -769.1666666666672
495.83333333333326 -757.5000000000005
495.8333333333332 -755.8333333333338
504.1666666666665 -772.5000000000005
512.4999999999999 -782.5000000000005
503.33333333333326 -771.6666666666672
500.8333333333332 -767.5000000000005
503.3333333333332 -771.6666666666671
494.9999999999999 -755.0000000000005
502.4999999999999 -770.8333333333338
511.6666666666666 -781.6666666666672
498.3333333333332 -760.0000000000005
499.9999999999999 -766.6666666666672
500.83333333333326 -769.1666666666672
495.83333333333326 -757.5000000000005
495.8333333333332 -755.8333333333338
504.1666666666665 -772.5000000000005
512.4999999999999 -782.5000000000005
503.33333333333326 -771.6666666666672
503.3333333333332 -771.6666666666671
500.8333333333332 -767.5000000000005
494.9999999999999 -755.0000000000005
502.4999999999999 -770.8333333333338
511.6666666666666 -781.6666666666672
498.3333333333332 -760.0000000000005
499.9999999999999 -766.6666666666672
500.83333333333326 -769.1666666666672
495.83333333333326 -757.5000000000005
495.8333333333332 -755.8333333333338
512.4999999999999 -782.5000000000005
503.33333333333326 -771.6666666666672
503.3333333333332 -771.6666666666671
500.8333333333332 -767.5000000000005
494.9999999999999 -755.0000000000005
502.4999999999999 -770.8333333333338
511.6666666666666 -781.6666666666672
498.3333333333332 -760.0000000000005
499.9999999999999 -766.6666666666672
500.83333333333326 -769.1666666666672
495.83333333333326 -757.5000000000005
495.8333333333332 -755.8333333333338
512.4999999999999 -782.5000000000005
503.33333333333326 -771.6666666666672
503.3333333333332 -771.6666666666671
500.8333333333332 -767.5000000000005
494.9999999999999 -755.0000000000005
502.4999999999999 -770.8333333333338
511.6666666666666 -781.6666666666672
498.3333333333332 -760.0000000000005
499.9999999999999 -766.6666666666672
495.83333333333326 -757.5000000000005
500.83333333333326 -769.1666666666672
495.8333333333332 -755.8333333333338
512.4999999999999 -782.5000000000005
503.33333333333326 -771.6666666666672
500.8333333333332 -767.5000000000005
503.3333333333332 -771.6666666666671
494.9999999999999 -755.0000000000005
502.4999999999999 -770.8333333333338
511.6666666666666 -781.6666666666672
498.3333333333332 -760.0000000000005
499.9999999999999 -766.6666666666672
500.83333333333326 -769.1666666666672
495.8333333333332 -755.8333333333338
512.4999999999999 -782.5000000000005
503.33333333333326 -771.6666666666672
500.8333333333332 -767.5000000000005
503.3333333333332 -771.6666666666671
494.9999999999999 -755.0000000000005
502.4999999999999 -770.8333333333338
511.6666666666666 -781.6666666666672
499.9999999999999 -766.6666666666672
512.4999999999999 -782.5000000000005
503.33333333333326 -771.6666666666672
503.3333333333332 -771.6666666666671
500.8333333333332 -767.5000000000005
494.9999999999999 -755.0000000000005
502.4999999999999 -770.8333333333338
511.6666666666666 -781.6666666666672
503.33333333333326 -771.6666666666672
495.8333333333332 -755.8333333333338
503.3333333333332 -771.6666666666671
494.9999999999999 -755.0000000000005
503.33333333333326 -771.6666666666672
494.9999999999999 -755.0000000000005
495.83333333333326 -757.5000000000005
503.3333333333332 -771.6666666666671
495.83333333333326 -757.5000000000005
495.8333333333332 -755.8333333333338
495.8333333333332 -755.8333333333338
499.9999999999999 -766.6666666666672
503.3333333333332 -771.6666666666671
495.8333333333332 -755.8333333333338
494.9999999999999 -755.0000000000005
