514.1666666666665 -785.0000000000003
494.9999999999999 -756.6666666666671
514.1666666666665 -785.0000000000003
494.9999999999999 -756.6666666666671
500.83333333333326 -773.3333333333337
504.1666666666665 -776.6666666666672
500.8333333333332 -768.3333333333337
499.9999999999999 -767.5000000000005
502.4999999999999 -775.0000000000003
502.49999999999994 -775.0000000000006
499.16666666666663 -764.1666666666671
495.8333333333332 -757.5000000000003
495.83333333333326 -759.1666666666671
499.1666666666665 -762.5000000000005
499.16666666666663 -764.1666666666671
496.6666666666666 -760.0000000000003
510.8333333333332 -781.6666666666672
513.3333333333333 -784.1666666666671
512.4999999999999 -783.3333333333338
510.8333333333332 -781.6666666666672
512.4999999999999 -783.3333333333338
496.6666666666666 -760.0000000000003
499.9999999999999 -767.5000000000005
513.3333333333333 -784.1666666666671
498.3333333333332 -761.666666666667
498.33333333333326 -761.6666666666672
497.4999999999999 -760.8333333333337
511.6666666666665 -782.5000000000005
511.6666666666666 -782.5000000000006
497.49999999999994 -760.8333333333338
497.4999999999999 -760.8333333333337
499.1666666666665 -762.5000000000005
495.83333333333326 -759.1666666666671
498.33333333333326 -761.6666666666672
511.6666666666666 -782.5000000000006
495.8333333333332 -757.5000000000003
500.8333333333332 -768.3333333333337
511.6666666666665 -782.5000000000005
497.49999999999994 -760.8333333333338
498.3333333333332 -761.666666666667
494.9999999999999 -756.6666666666671
514.1666666666665 -785.0000000000003
499.16666666666663 -764.1666666666671
510.8333333333332 -781.6666666666672
512.4999999999999 -783.3333333333338
496.6666666666666 -760.0000000000003
499.9999999999999 -767.5000000000005
513.3333333333333 -784.1666666666671
497.4999999999999 -760.8333333333337
499.1666666666665 -762.5000000000005
495.83333333333326 -759.1666666666671
511.6666666666666 -782.5000000000006
511.6666666666665 -782.5000000000005
500.8333333333332 -768.3333333333337
497.49999999999994 -760.8333333333338
498.3333333333332 -761.666666666667
494.9999999999999 -756.6666666666671
514.1666666666665 -785.0000000000003
499.16666666666663 -764.1666666666671
510.8333333333332 -781.6666666666672
512.4999999999999 -783.3333333333338
496.6666666666666 -760.0000000000003
499.9999999999999 -767.5000000000005
513.3333333333333 -784.1666666666671
497.4999999999999 -760.8333333333337
499.1666666666665 -762.5000000000005
495.83333333333326 -759.1666666666671
511.6666666666666 -782.5000000000006
500.8333333333332 -768.3333333333337
511.6666666666665 -782.5000000000005
497.49999999999994 -760.8333333333338
498.3333333333332 -761.666666666667
514.1666666666665 -785.0000000000003
494.9999999999999 -756.6666666666671
499.16666666666663 -764.1666666666671
510.8333333333332 -781.6666666666672
512.4999999999999 -783.3333333333338
496.6666666666666 -760.0000000000003
499.9999999999999 -767.5000000000005
513.3333333333333 -784.1666666666671
497.4999999999999 -760.8333333333337
499.1666666666665 -762.5000000000005
495.83333333333326 -759.1666666666671
511.6666666666666 -782.5000000000006
500.8333333333332 -768.3333333333337
511.6666666666665 -782.5000000000005
498.3333333333332 -761.666666666667
514.1666666666665 -785.0000000000003
499.16666666666663 -764.1666666666671
510.8333333333332 -781.6666666666672
512.4999999999999 -783.3333333333338
496.6666666666666 -760.0000000000003
499.9999999999999 -767.5000000000005
513.3333333333333 -784.1666666666671
497.4999999999999 -760.8333333333337
499.1666666666665 -762.5000000000005
495.83333333333326 -759.1666666666671
511.6666666666666 -782.5000000000006
500.8333333333332 -768.3333333333337
511.6666666666665 -782.5000000000005
498.3333333333332 -761.666666666667
514.1666666666665 -785.0000000000003
510.8333333333332 -781.6666666666672
512.4999999999999 -783.3333333333338
496.6666666666666 -760.0000000000003
499.9999999999999 -767.5000000000005
513.3333333333333 -784.1666666666671
497.4999999999999 -760.8333333333337
499.1666666666665 -762.5000000000005
495.83333333333326 -759.1666666666671
511.6666666666666 -782.5000000000006
500.8333333333332 -768.3333333333337
511.6666666666665 -782.5000000000005
498.3333333333332 -761.666666666667
514.1666666666665 -785.0000000000003
510.8333333333332 -781.6666666666672
512.4999999999999 -783.3333333333338
496.6666666666666 -760.0000000000003
499.9999999999999 -767.5000000000005
511.6666666666666 -782.5000000000006
511.6666666666665 -782.5000000000005
500.8333333333332 -768.3333333333337
514.1666666666665 -785.0000000000003
510.8333333333332 -781.6666666666672
512.4999999999999 -783.3333333333338
499.9999999999999 -767.5000000000005
511.6666666666666 -782.5000000000006
511.6666666666665 -782.5000000000005
500.8333333333332 -768.3333333333337
514.1666666666665 -785.0000000000003
510.8333333333332 -781.6666666666672
512.4999999999999 -783.3333333333338
511.6666666666665 -782.5000000000005
510.8333333333332 -781.6666666666672
511.6666666666665 -782.5000000000005
510.8333333333332 -781.6666666666672
500.8333333333332 -768.3333333333337
512.4999999999999 -783.3333333333338
510.8333333333332 -781.6666666666672
513.3333333333333 -784.1666666666671
514.1666666666665 -785.0000000000003
511.6666666666665 -782.5000000000005
504.9999999999999 -777.5000000000005
510.8333333333332 -781.6666666666672
511.6666666666666 -782.5000000000006
511.6666666666666 -782.5000000000006
513.3333333333333 -784.1666666666671
497.4999999999999 -760.8333333333337
499.9999999999999 -767.5000000000005
510.8333333333332 -781.6666666666672
500.83333333333326 -773.3333333333337
499.9999999999999 -767.5000000000005
514.1666666666665 -785.0000000000003
499.9999999999999 -767.5000000000005
511.6666666666666 -782.5000000000006
512.4999999999999 -783.3333333333338
495.8333333333332 -757.5000000000003
510.8333333333332 -781.6666666666672
513.3333333333333 -784.1666666666671
512.4999999999999 -783.3333333333338
500.83333333333326 -773.3333333333337
513.3333333333333 -784.1666666666671
495.8333333333332 -757.5000000000003
506.6666666666665 -780.8333333333338
