514.1666666666665 -785.0000000000003
494.9999999999999 -756.6666666666671
514.1666666666665 -785.0000000000003
494.9999999999999 -756.6666666666671
497.49999999999994 -764.1666666666672
500.83333333333326 -773.3333333333337
507.4999999999999 -781.6666666666671
500.8333333333332 -768.3333333333337
506.6666666666665 -780.8333333333338
504.99999999999994 -779.1666666666672
510.8333333333332 -781.6666666666672
497.4999999999999 -760.8333333333337
499.9999999999999 -767.5000000000005
499.9999999999999 -767.5000000000005
502.4999999999999 -775.0000000000003
503.3333333333332 -775.8333333333338
504.9999999999999 -777.5000000000005
495.8333333333332 -757.5000000000003
495.83333333333326 -759.1666666666671
502.49999999999994 -775.0000000000006
504.1666666666665 -776.6666666666672
496.6666666666666 -760.0000000000003
513.3333333333333 -784.1666666666671
512.4999999999999 -783.3333333333338
504.1666666666665 -776.6666666666672
512.4999999999999 -783.3333333333338
496.6666666666666 -760.0000000000003
513.3333333333333 -784.1666666666671
500.83333333333326 -773.3333333333337
511.6666666666665 -782.5000000000005
511.6666666666666 -782.5000000000006
510.8333333333332 -781.6666666666672
497.4999999999999 -760.8333333333337
495.83333333333326 -759.1666666666671
511.6666666666666 -782.5000000000006
495.8333333333332 -757.5000000000003
511.6666666666665 -782.5000000000005
500.8333333333332 -768.3333333333337
494.9999999999999 -756.6666666666671
514.1666666666665 -785.0000000000003
510.8333333333332 -781.6666666666672
512.4999999999999 -783.3333333333338
496.6666666666666 -760.0000000000003
499.9999999999999 -767.5000000000005
513.3333333333333 -784.1666666666671
500.83333333333326 -773.3333333333337
497.4999999999999 -760.8333333333337
495.83333333333326 -759.1666666666671
511.6666666666666 -782.5000000000006
495.8333333333332 -757.5000000000003
500.8333333333332 -768.3333333333337
511.6666666666665 -782.5000000000005
514.1666666666665 -785.0000000000003
494.9999999999999 -756.6666666666671
510.8333333333332 -781.6666666666672
512.4999999999999 -783.3333333333338
496.6666666666666 -760.0000000000003
499.9999999999999 -767.5000000000005
513.3333333333333 -784.1666666666671
497.4999999999999 -760.8333333333337
495.83333333333326 -759.1666666666671
511.6666666666666 -782.5000000000006
495.8333333333332 -757.5000000000003
500.8333333333332 -768.3333333333337
511.6666666666665 -782.5000000000005
494.9999999999999 -756.6666666666671
514.1666666666665 -785.0000000000003
510.8333333333332 -781.6666666666672
512.4999999999999 -783.3333333333338
496.6666666666666 -760.0000000000003
499.9999999999999 -767.5000000000005
513.3333333333333 -784.1666666666671
497.4999999999999 -760.8333333333337
495.83333333333326 -759.1666666666671
511.6666666666666 -782.5000000000006
511.6666666666665 -782.5000000000005
500.8333333333332 -768.3333333333337
494.9999999999999 -756.6666666666671
514.1666666666665 -785.0000000000003
510.8333333333332 -781.6666666666672
512.4999999999999 -783.3333333333338
496.6666666666666 -760.0000000000003
499.9999999999999 -767.5000000000005
513.3333333333333 -784.1666666666671
497.4999999999999 -760.8333333333337
495.83333333333326 -759.1666666666671
511.6666666666666 -782.5000000000006
500.8333333333332 -768.3333333333337
511.6666666666665 -782.5000000000005
514.1666666666665 -785.0000000000003
510.8333333333332 -781.6666666666672
512.4999999999999 -783.3333333333338
496.6666666666666 -760.0000000000003
499.9999999999999 -767.5000000000005
513.3333333333333 -784.1666666666671
497.4999999999999 -760.8333333333337
495.83333333333326 -759.1666666666671
511.6666666666666 -782.5000000000006
500.8333333333332 -768.3333333333337
511.6666666666665 -782.5000000000005
514.1666666666665 -785.0000000000003
510.8333333333332 -781.6666666666672
512.4999999999999 -783.3333333333338
496.6666666666666 -760.0000000000003
499.9999999999999 -767.5000000000005
513.3333333333333 -784.1666666666671
497.4999999999999 -760.8333333333337
495.83333333333326 -759.1666666666671
511.6666666666666 -782.5000000000006
500.8333333333332 -768.3333333333337
511.6666666666665 -782.5000000000005
514.1666666666665 -785.0000000000003
510.8333333333332 -781.6666666666672
512.4999999999999 -783.3333333333338
496.6666666666666 -760.0000000000003
499.9999999999999 -767.5000000000005
513.3333333333333 -784.1666666666671
511.6666666666666 -782.5000000000006
500.8333333333332 -768.3333333333337
511.6666666666665 -782.5000000000005
514.1666666666665 -785.0000000000003
510.8333333333332 -781.6666666666672
512.4999999999999 -783.3333333333338
496.6666666666666 -760.0000000000003
499.9999999999999 -767.5000000000005
511.6666666666666 -782.5000000000006
511.6666666666665 -782.5000000000005
500.8333333333332 -768.3333333333337
514.1666666666665 -785.0000000000003
510.8333333333332 -781.6666666666672
512.4999999999999 -783.3333333333338
499.9999999999999 -767.5000000000005
511.6666666666666 -782.5000000000006
511.6666666666665 -782.5000000000005
500.8333333333332 -768.3333333333337
514.1666666666665 -785.0000000000003
510.8333333333332 -781.6666666666672
512.4999999999999 -783.3333333333338
511.6666666666665 -782.5000000000005
510.8333333333332 -781.6666666666672
511.6666666666665 -782.5000000000005
510.8333333333332 -781.6666666666672
500.8333333333332 -768.3333333333337
512.4999999999999 -783.3333333333338
510.8333333333332 -781.6666666666672
513.3333333333333 -784.1666666666671
514.1666666666665 -785.0000000000003
511.6666666666665 -782.5000000000005
510.8333333333332 -781.6666666666672
511.6666666666666 -782.5000000000006
511.6666666666666 -782.5000000000006
513.3333333333333 -784.1666666666671
499.9999999999999 -767.5000000000005
510.8333333333332 -781.6666666666672
499.9999999999999 -767.5000000000005
514.1666666666665 -785.0000000000003
499.9999999999999 -767.5000000000005
511.6666666666666 -782.5000000000006
512.4999999999999 -783.3333333333338
495.8333333333332 -757.5000000000003
510.8333333333332 -781.6666666666672
513.3333333333333 -784.1666666666671
512.4999999999999 -783.3333333333338
513.3333333333333 -784.1666666666671
495.8333333333332 -757.5000000000003
513.3333333333333 -784.1666666666671
514.1666666666665 -785.0000000000003
511.6666666666665 -782.5000000000005
512.4999999999999 -783.3333333333338
511.6666666666666 -782.5000000000006
511.6666666666666 -782.5000000000006
513.3333333333333 -784.1666666666671
512.4999999999999 -783.3333333333338
511.6666666666666 -782.5000000000006
499.9999999999999 -767.5000000000005
500.8333333333332 -768.3333333333337
496.6666666666666 -760.0000000000003
512.4999999999999 -783.3333333333338
513.3333333333333 -784.1666666666671
512.4999999999999 -783.3333333333338
511.6666666666665 -782.5000000000005
499.9999999999999 -767.5000000000005
499.9999999999999 -767.5000000000005
513.3333333333333 -784.1666666666671
513.3333333333333 -784.1666666666671
512.4999999999999 -783.3333333333338
513.3333333333333 -784.1666666666671
512.4999999999999 -783.3333333333338
496.6666666666666 -760.0000000000003
511.6666666666666 -782.5000000000006
512.4999999999999 -783.3333333333338
510.8333333333332 -781.6666666666672
499.9999999999999 -767.5000000000005
511.6666666666665 -782.5000000000005
511.6666666666665 -782.5000000000005
495.83333333333326 -759.1666666666671
512.4999999999999 -783.3333333333338
510.8333333333332 -781.6666666666672
511.6666666666665 -782.5000000000005
512.4999999999999 -783.3333333333338
