514.1666666666665 -792.5000000000003
514.1666666666665 -792.5000000000003
494.9999999999999 -761.6666666666671
498.33333333333326 -767.5000000000005
496.6666666666666 -765.8333333333338
499.16666666666663 -771.6666666666671
500.8333333333332 -773.3333333333337
500.83333333333326 -777.5000000000005
508.3333333333333 -786.6666666666671
506.6666666666666 -785.0000000000005
504.9999999999999 -783.3333333333337
495.83333333333326 -762.5000000000005
504.1666666666666 -780.8333333333337
506.6666666666666 -785.0000000000005
504.9999999999999 -783.3333333333337
504.16666666666663 -782.5000000000005
512.4999999999999 -790.8333333333336
495.8333333333332 -762.5000000000003
509.99999999999994 -788.3333333333338
509.1666666666665 -787.5000000000005
513.3333333333333 -791.6666666666671
510.83333333333326 -789.1666666666671
501.6666666666666 -778.3333333333337
511.6666666666666 -790.0000000000005
499.9999999999999 -772.5000000000005
513.3333333333333 -791.6666666666671
502.49999999999994 -779.1666666666671
501.6666666666666 -778.3333333333337
502.49999999999994 -779.1666666666671
510.83333333333326 -789.1666666666671
512.4999999999999 -790.8333333333336
499.9999999999999 -772.5000000000005
511.6666666666666 -790.0000000000005
509.1666666666665 -787.5000000000005
509.9999999999999 -788.3333333333337
507.49999999999994 -785.8333333333338
507.4999999999999 -785.8333333333337
503.33333333333326 -780.0000000000005
495.83333333333326 -762.5000000000005
503.3333333333332 -780.0000000000003
503.33333333333326 -780.0000000000005
504.16666666666663 -782.5000000000005
504.1666666666666 -780.8333333333337
507.49999999999994 -785.8333333333338
503.3333333333332 -780.0000000000003
500.83333333333326 -777.5000000000005
509.9999999999999 -788.3333333333337
500.8333333333332 -773.3333333333337
507.4999999999999 -785.8333333333337
509.1666666666665 -787.5000000000005
507.4999999999999 -785.8333333333337
506.6666666666666 -785.0000000000005
513.3333333333333 -791.6666666666671
510.83333333333326 -789.1666666666671
509.9999999999999 -788.3333333333337
499.9999999999999 -772.5000000000005
495.83333333333326 -762.5000000000005
503.33333333333326 -780.0000000000005
504.16666666666663 -782.5000000000005
500.8333333333332 -773.3333333333337
509.1666666666665 -787.5000000000005
507.4999999999999 -785.8333333333337
506.6666666666666 -785.0000000000005
499.9999999999999 -772.5000000000005
495.83333333333326 -762.5000000000005
503.33333333333326 -780.0000000000005
500.8333333333332 -773.3333333333337
509.1666666666665 -787.5000000000005
507.4999999999999 -785.8333333333337
506.6666666666666 -785.0000000000005
495.83333333333326 -762.5000000000005
500.8333333333332 -773.3333333333337
509.1666666666665 -787.5000000000005
507.4999999999999 -785.8333333333337
495.83333333333326 -762.5000000000005
500.8333333333332 -773.3333333333337
509.1666666666665 -787.5000000000005
507.4999999999999 -785.8333333333337
495.83333333333326 -762.5000000000005
500.8333333333332 -773.3333333333337
507.4999999999999 -785.8333333333337
495.83333333333326 -762.5000000000005
507.4999999999999 -785.8333333333337
495.83333333333326 -762.5000000000005
507.4999999999999 -785.8333333333337
495.83333333333326 -762.5000000000005
507.4999999999999 -785.8333333333337
495.83333333333326 -762.5000000000005
507.4999999999999 -785.8333333333337
495.83333333333326 -762.5000000000005
507.4999999999999 -785.8333333333337
495.83333333333326 -762.5000000000005
495.83333333333326 -762.5000000000005
495.83333333333326 -762.5000000000005
495.83333333333326 -762.5000000000005
495.83333333333326 -762.5000000000005
507.4999999999999 -785.8333333333337
504.9999999999999 -783.3333333333337
503.33333333333326 -780.0000000000005
513.3333333333333 -791.6666666666671
506.6666666666666 -785.0000000000005
503.33333333333326 -780.0000000000005
495.83333333333326 -762.5000000000005
504.16666666666663 -782.5000000000005
503.3333333333332 -780.0000000000003
495.83333333333326 -762.5000000000005
503.33333333333326 -780.0000000000005
503.33333333333326 -780.0000000000005
500.8333333333332 -773.3333333333337
500.8333333333332 -773.3333333333337
500.8333333333332 -773.3333333333337
506.6666666666666 -785.0000000000005
500.8333333333332 -773.3333333333337
495.83333333333326 -762.5000000000005
495.83333333333326 -762.5000000000005
500.8333333333332 -773.3333333333337
500.8333333333332 -773.3333333333337
500.8333333333332 -773.3333333333337
501.6666666666666 -778.3333333333337
514.1666666666665 -792.5000000000003
503.33333333333326 -780.0000000000005
500.8333333333332 -773.3333333333337
507.4999999999999 -785.8333333333337
507.4999999999999 -785.8333333333337
495.83333333333326 -762.5000000000005
495.83333333333326 -762.5000000000005
507.4999999999999 -785.8333333333337
504.16666666666663 -782.5000000000005
507.4999999999999 -785.8333333333337
500.8333333333332 -773.3333333333337
495.83333333333326 -762.5000000000005
506.6666666666666 -785.0000000000005
506.6666666666666 -785.0000000000005
495.83333333333326 -762.5000000000005
501.6666666666666 -778.3333333333337
503.33333333333326 -780.0000000000005
500.8333333333332 -773.3333333333337
500.8333333333332 -773.3333333333337
509.9999999999999 -788.3333333333337
501.6666666666666 -778.3333333333337
506.6666666666666 -785.0000000000005
509.1666666666665 -787.5000000000005
499.9999999999999 -772.5000000000005
507.4999999999999 -785.8333333333337
500.8333333333332 -773.3333333333337
500.8333333333332 -773.3333333333337
500.8333333333332 -773.3333333333337
500.8333333333332 -773.3333333333337
503.33333333333326 -780.0000000000005
495.83333333333326 -762.5000000000005
495.83333333333326 -762.5000000000005
499.9999999999999 -772.5000000000005
507.4999999999999 -785.8333333333337
500.8333333333332 -773.3333333333337
499.9999999999999 -772.5000000000005
509.1666666666665 -787.5000000000005
506.6666666666666 -785.0000000000005
500.8333333333332 -773.3333333333337
500.8333333333332 -773.3333333333337
506.6666666666666 -785.0000000000005
501.6666666666666 -778.3333333333337
506.6666666666666 -785.0000000000005
506.6666666666666 -785.0000000000005
499.9999999999999 -772.5000000000005
506.6666666666666 -785.0000000000005
500.8333333333332 -773.3333333333337
507.4999999999999 -785.8333333333337
506.6666666666666 -785.0000000000005
507.4999999999999 -785.8333333333337
511.6666666666666 -790.0000000000005
509.1666666666665 -787.5000000000005
504.9999999999999 -783.3333333333337
503.33333333333326 -780.0000000000005
500.8333333333332 -773.3333333333337
507.4999999999999 -785.8333333333337
499.9999999999999 -772.5000000000005
507.4999999999999 -785.8333333333337
503.33333333333326 -780.0000000000005
506.6666666666666 -785.0000000000005
513.3333333333333 -791.6666666666671
509.1666666666665 -787.5000000000005
507.4999999999999 -785.8333333333337
495.83333333333326 -762.5000000000005
499.9999999999999 -772.5000000000005
507.4999999999999 -785.8333333333337
507.4999999999999 -785.8333333333337
506.6666666666666 -785.0000000000005
511.6666666666666 -790.0000000000005
503.33333333333326 -780.0000000000005
507.4999999999999 -785.8333333333337
509.1666666666665 -787.5000000000005
499.9999999999999 -772.5000000000005
499.9999999999999 -772.5000000000005
500.8333333333332 -773.3333333333337
507.4999999999999 -785.8333333333337
500.8333333333332 -773.3333333333337
507.4999999999999 -785.8333333333337
507.4999999999999 -785.8333333333337
512.4999999999999 -790.8333333333336
500.8333333333332 -773.3333333333337
