514.1666666666665 -792.5000000000003
494.9999999999999 -761.6666666666671
494.9999999999999 -761.6666666666671
514.1666666666665 -792.5000000000003
512.4999999999999 -791.6666666666671
495.8333333333332 -762.5000000000003
495.83333333333326 -766.6666666666671
500.83333333333326 -777.5000000000005
511.6666666666666 -790.8333333333338
504.16666666666663 -783.3333333333338
503.33333333333326 -782.5000000000005
499.1666666666666 -772.5000000000003
499.1666666666665 -770.0000000000003
509.16666666666663 -788.3333333333338
506.6666666666665 -785.8333333333337
510.8333333333332 -790.0000000000005
509.99999999999994 -789.1666666666671
496.6666666666666 -767.5000000000003
501.6666666666666 -778.3333333333337
508.3333333333332 -787.5000000000003
497.4999999999999 -768.3333333333337
505.83333333333326 -785.0000000000005
504.9999999999999 -784.1666666666671
504.9999999999999 -784.1666666666671
510.8333333333332 -790.0000000000005
505.83333333333326 -785.0000000000005
500.83333333333326 -777.5000000000005
497.4999999999999 -768.3333333333337
509.1666666666666 -787.5000000000006
496.6666666666666 -767.5000000000003
501.6666666666666 -778.3333333333337
509.99999999999994 -789.1666666666671
508.33333333333326 -787.5000000000005
498.3333333333332 -769.166666666667
502.4999999999999 -779.1666666666671
506.66666666666663 -785.8333333333338
498.33333333333326 -769.1666666666671
503.33333333333326 -782.5000000000005
502.4999999999999 -779.1666666666671
506.66666666666663 -785.8333333333338
495.83333333333326 -766.6666666666671
498.33333333333326 -769.1666666666671
499.1666666666665 -770.0000000000003
498.3333333333332 -769.166666666667
495.8333333333332 -762.5000000000003
499.1666666666666 -772.5000000000003
509.1666666666666 -787.5000000000006
514.1666666666665 -792.5000000000003
494.9999999999999 -761.6666666666671
505.83333333333326 -785.0000000000005
497.4999999999999 -768.3333333333337
501.6666666666666 -778.3333333333337
496.6666666666666 -767.5000000000003
509.99999999999994 -789.1666666666671
502.4999999999999 -779.1666666666671
495.83333333333326 -766.6666666666671
500.83333333333326 -777.5000000000005
498.33333333333326 -769.1666666666671
498.3333333333332 -769.166666666667
495.8333333333332 -762.5000000000003
509.1666666666666 -787.5000000000006
514.1666666666665 -792.5000000000003
494.9999999999999 -761.6666666666671
497.4999999999999 -768.3333333333337
496.6666666666666 -767.5000000000003
501.6666666666666 -778.3333333333337
509.1666666666666 -787.5000000000006
502.4999999999999 -779.1666666666671
495.83333333333326 -766.6666666666671
500.83333333333326 -777.5000000000005
498.33333333333326 -769.1666666666671
495.8333333333332 -762.5000000000003
514.1666666666665 -792.5000000000003
494.9999999999999 -761.6666666666671
497.4999999999999 -768.3333333333337
496.6666666666666 -767.5000000000003
501.6666666666666 -778.3333333333337
509.1666666666666 -787.5000000000006
502.4999999999999 -779.1666666666671
500.83333333333326 -777.5000000000005
495.83333333333326 -766.6666666666671
498.33333333333326 -769.1666666666671
495.8333333333332 -762.5000000000003
494.9999999999999 -761.6666666666671
514.1666666666665 -792.5000000000003
497.4999999999999 -768.3333333333337
496.6666666666666 -767.5000000000003
501.6666666666666 -778.3333333333337
502.4999999999999 -779.1666666666671
495.83333333333326 -766.6666666666671
500.83333333333326 -777.5000000000005
509.1666666666666 -787.5000000000006
495.8333333333332 -762.5000000000003
494.9999999999999 -761.6666666666671
514.1666666666665 -792.5000000000003
497.4999999999999 -768.3333333333337
496.6666666666666 -767.5000000000003
501.6666666666666 -778.3333333333337
502.4999999999999 -779.1666666666671
495.83333333333326 -766.6666666666671
500.83333333333326 -777.5000000000005
495.8333333333332 -762.5000000000003
514.1666666666665 -792.5000000000003
497.4999999999999 -768.3333333333337
501.6666666666666 -778.3333333333337
502.4999999999999 -779.1666666666671
500.83333333333326 -777.5000000000005
495.8333333333332 -762.5000000000003
514.1666666666665 -792.5000000000003
497.4999999999999 -768.3333333333337
501.6666666666666 -778.3333333333337
502.4999999999999 -779.1666666666671
500.83333333333326 -777.5000000000005
495.8333333333332 -762.5000000000003
514.1666666666665 -792.5000000000003
497.4999999999999 -768.3333333333337
501.6666666666666 -778.3333333333337
502.4999999999999 -779.1666666666671
500.83333333333326 -777.5000000000005
514.1666666666665 -792.5000000000003
501.6666666666666 -778.3333333333337
502.4999999999999 -779.1666666666671
500.83333333333326 -777.5000000000005
502.4999999999999 -779.1666666666671
501.6666666666666 -778.3333333333337
500.83333333333326 -777.5000000000005
501.6666666666666 -778.3333333333337
500.83333333333326 -777.5000000000005
501.6666666666666 -778.3333333333337
500.83333333333326 -777.5000000000005
501.6666666666666 -778.3333333333337
500.83333333333326 -777.5000000000005
501.6666666666666 -778.3333333333337
500.83333333333326 -777.5000000000005
501.6666666666666 -778.3333333333337
500.83333333333326 -777.5000000000005
501.6666666666666 -778.3333333333337
502.4999999999999 -779.1666666666671
500.83333333333326 -777.5000000000005
501.6666666666666 -778.3333333333337
502.4999999999999 -779.1666666666671
496.6666666666666 -767.5000000000003
495.8333333333332 -762.5000000000003
498.33333333333326 -769.1666666666671
501.6666666666666 -778.3333333333337
501.6666666666666 -778.3333333333337
500.83333333333326 -777.5000000000005
502.4999999999999 -779.1666666666671
496.6666666666666 -767.5000000000003
505.83333333333326 -785.0000000000005
500.83333333333326 -777.5000000000005
504.1666666666666 -783.3333333333337
495.83333333333326 -766.6666666666671
505.83333333333326 -785.0000000000005
502.49999999999994 -781.6666666666671
505.83333333333326 -785.0000000000005
496.6666666666666 -767.5000000000003
509.99999999999994 -789.1666666666671
506.66666666666663 -785.8333333333338
501.6666666666666 -778.3333333333337
503.33333333333326 -782.5000000000005
501.6666666666666 -778.3333333333337
502.4999999999999 -779.1666666666671
494.9999999999999 -761.6666666666671
504.9999999999999 -784.1666666666671
500.83333333333326 -777.5000000000005
504.9999999999999 -784.1666666666671
503.33333333333326 -782.5000000000005
500.83333333333326 -777.5000000000005
500.83333333333326 -777.5000000000005
502.4999999999999 -779.1666666666671
498.3333333333332 -769.166666666667
501.6666666666666 -778.3333333333337
501.6666666666666 -778.3333333333337
495.8333333333332 -762.5000000000003
498.3333333333332 -769.166666666667
506.6666666666665 -785.8333333333337
499.9999999999999 -773.3333333333337
504.9999999999999 -784.1666666666671
498.33333333333326 -769.1666666666671
497.4999999999999 -768.3333333333337
502.4999999999999 -779.1666666666671
507.4999999999999 -786.6666666666671
504.9999999999999 -784.1666666666671
500.83333333333326 -777.5000000000005
504.9999999999999 -784.1666666666671
500.83333333333326 -777.5000000000005
502.4999999999999 -779.1666666666671
500.83333333333326 -777.5000000000005
496.6666666666666 -767.5000000000003
505.83333333333326 -785.0000000000005
497.4999999999999 -768.3333333333337
