494.9999999999999 -761.6666666666671
512.4999999999999 -792.5000000000005
494.9999999999999 -761.6666666666671
499.99999999999994 -776.6666666666673
494.99999999999994 -765.0000000000006
499.9999999999999 -773.3333333333338
496.6666666666666 -770.0000000000003
495.83333333333326 -766.6666666666671
510.8333333333332 -790.8333333333338
508.33333333333326 -788.3333333333338
502.49999999999994 -782.5000000000005
502.4999999999999 -780.0000000000005
500.83333333333326 -778.3333333333338
495.83333333333326 -766.6666666666671
501.66666666666663 -779.1666666666671
506.6666666666666 -786.6666666666672
507.49999999999994 -787.5000000000006
509.16666666666663 -789.1666666666672
496.6666666666666 -770.0000000000003
509.99999999999994 -790.0000000000005
505.0 -785.0000000000006
511.6666666666666 -791.6666666666672
503.33333333333326 -783.3333333333338
511.6666666666666 -791.6666666666672
497.49999999999994 -770.8333333333337
497.49999999999994 -770.8333333333337
500.83333333333326 -778.3333333333338
503.33333333333326 -783.3333333333338
505.8333333333332 -785.8333333333338
501.66666666666663 -779.1666666666671
509.99999999999994 -790.0000000000005
505.8333333333332 -785.8333333333338
494.99999999999994 -765.0000000000006
499.99999999999994 -776.6666666666673
509.1666666666666 -789.1666666666671
507.4999999999999 -787.5000000000005
504.1666666666666 -784.1666666666671
499.1666666666666 -772.5000000000003
506.6666666666665 -786.6666666666671
498.33333333333326 -771.6666666666671
504.9999999999999 -785.0000000000005
498.3333333333332 -771.666666666667
504.16666666666663 -784.1666666666672
499.16666666666663 -772.5000000000005
502.49999999999994 -782.5000000000005
499.16666666666663 -772.5000000000005
502.4999999999999 -780.0000000000005
499.9999999999999 -773.3333333333338
504.9999999999999 -785.0000000000005
498.33333333333326 -771.6666666666671
504.16666666666663 -784.1666666666672
498.3333333333332 -771.666666666667
507.4999999999999 -787.5000000000005
509.1666666666666 -789.1666666666671
506.6666666666665 -786.6666666666671
504.1666666666666 -784.1666666666671
499.1666666666666 -772.5000000000003
494.9999999999999 -761.6666666666671
495.83333333333326 -766.6666666666671
496.6666666666666 -770.0000000000003
509.1666666666666 -789.1666666666671
497.49999999999994 -770.8333333333337
500.83333333333326 -778.3333333333338
503.33333333333326 -783.3333333333338
505.8333333333332 -785.8333333333338
499.99999999999994 -776.6666666666673
494.99999999999994 -765.0000000000006
502.49999999999994 -782.5000000000005
499.16666666666663 -772.5000000000005
499.9999999999999 -773.3333333333338
502.4999999999999 -780.0000000000005
504.9999999999999 -785.0000000000005
498.33333333333326 -771.6666666666671
504.16666666666663 -784.1666666666672
506.6666666666665 -786.6666666666671
498.3333333333332 -771.666666666667
504.1666666666666 -784.1666666666671
507.4999999999999 -787.5000000000005
499.1666666666666 -772.5000000000003
494.9999999999999 -761.6666666666671
495.83333333333326 -766.6666666666671
507.4999999999999 -787.5000000000005
509.1666666666666 -789.1666666666671
497.49999999999994 -770.8333333333337
500.83333333333326 -778.3333333333338
503.33333333333326 -783.3333333333338
505.8333333333332 -785.8333333333338
494.99999999999994 -765.0000000000006
502.49999999999994 -782.5000000000005
499.16666666666663 -772.5000000000005
499.9999999999999 -773.3333333333338
502.4999999999999 -780.0000000000005
504.9999999999999 -785.0000000000005
498.33333333333326 -771.6666666666671
504.16666666666663 -784.1666666666672
504.1666666666666 -784.1666666666671
506.6666666666665 -786.6666666666671
499.1666666666666 -772.5000000000003
494.9999999999999 -761.6666666666671
495.83333333333326 -766.6666666666671
509.1666666666666 -789.1666666666671
497.49999999999994 -770.8333333333337
503.33333333333326 -783.3333333333338
499.9999999999999 -773.3333333333338
505.8333333333332 -785.8333333333338
494.99999999999994 -765.0000000000006
502.49999999999994 -782.5000000000005
499.16666666666663 -772.5000000000005
502.4999999999999 -780.0000000000005
504.9999999999999 -785.0000000000005
500.83333333333326 -778.3333333333338
498.33333333333326 -771.6666666666671
504.16666666666663 -784.1666666666672
506.6666666666665 -786.6666666666671
499.1666666666666 -772.5000000000003
504.1666666666666 -784.1666666666671
494.9999999999999 -761.6666666666671
495.83333333333326 -766.6666666666671
497.49999999999994 -770.8333333333337
505.8333333333332 -785.8333333333338
504.9999999999999 -785.0000000000005
494.99999999999994 -765.0000000000006
502.49999999999994 -782.5000000000005
499.16666666666663 -772.5000000000005
502.4999999999999 -780.0000000000005
506.6666666666665 -786.6666666666671
500.83333333333326 -778.3333333333338
498.33333333333326 -771.6666666666671
504.16666666666663 -784.1666666666672
504.1666666666666 -784.1666666666671
499.1666666666666 -772.5000000000003
494.9999999999999 -761.6666666666671
495.83333333333326 -766.6666666666671
497.49999999999994 -770.8333333333337
504.9999999999999 -785.0000000000005
494.99999999999994 -765.0000000000006
499.16666666666663 -772.5000000000005
506.6666666666665 -786.6666666666671
500.83333333333326 -778.3333333333338
498.33333333333326 -771.6666666666671
504.16666666666663 -784.1666666666672
504.1666666666666 -784.1666666666671
499.1666666666666 -772.5000000000003
494.9999999999999 -761.6666666666671
495.83333333333326 -766.6666666666671
504.9999999999999 -785.0000000000005
500.83333333333326 -778.3333333333338
494.99999999999994 -765.0000000000006
499.16666666666663 -772.5000000000005
497.49999999999994 -770.8333333333337
498.33333333333326 -771.6666666666671
504.16666666666663 -784.1666666666672
499.1666666666666 -772.5000000000003
494.9999999999999 -761.6666666666671
504.9999999999999 -785.0000000000005
495.83333333333326 -766.6666666666671
498.33333333333326 -771.6666666666671
494.99999999999994 -765.0000000000006
497.49999999999994 -770.8333333333337
499.16666666666663 -772.5000000000005
499.1666666666666 -772.5000000000003
494.9999999999999 -761.6666666666671
495.83333333333326 -766.6666666666671
498.33333333333326 -771.6666666666671
494.99999999999994 -765.0000000000006
497.49999999999994 -770.8333333333337
499.16666666666663 -772.5000000000005
499.1666666666666 -772.5000000000003
494.9999999999999 -761.6666666666671
495.83333333333326 -766.6666666666671
498.33333333333326 -771.6666666666671
494.99999999999994 -765.0000000000006
497.49999999999994 -770.8333333333337
499.16666666666663 -772.5000000000005
499.1666666666666 -772.5000000000003
494.9999999999999 -761.6666666666671
495.83333333333326 -766.6666666666671
498.33333333333326 -771.6666666666671
494.99999999999994 -765.0000000000006
497.49999999999994 -770.8333333333337
499.16666666666663 -772.5000000000005
499.1666666666666 -772.5000000000003
494.9999999999999 -761.6666666666671
495.83333333333326 -766.6666666666671
498.33333333333326 -771.6666666666671
497.49999999999994 -770.8333333333337
499.16666666666663 -772.5000000000005
499.1666666666666 -772.5000000000003
494.9999999999999 -761.6666666666671
495.83333333333326 -766.6666666666671
498.33333333333326 -771.6666666666671
497.49999999999994 -770.8333333333337
499.16666666666663 -772.5000000000005
499.1666666666666 -772.5000000000003
494.9999999999999 -761.6666666666671
495.83333333333326 -766.6666666666671
498.33333333333326 -771.6666666666671
497.49999999999994 -770.8333333333337
499.16666666666663 -772.5000000000005
499.1666666666666 -772.5000000000003
