494.9999999999999 -761.6666666666671
512.4999999999999 -792.5000000000005
494.9999999999999 -761.6666666666671
494.99999999999994 -765.0000000000006
499.99999999999994 -776.6666666666673
495.83333333333326 -766.6666666666671
500.83333333333326 -778.3333333333338
501.6666666666666 -781.6666666666671
496.6666666666666 -770.0000000000003
499.9999999999999 -773.3333333333338
500.83333333333326 -778.3333333333338
495.83333333333326 -766.6666666666671
504.99999999999983 -785.0000000000005
510.8333333333332 -790.8333333333338
496.6666666666666 -770.0000000000003
501.6666666666666 -781.6666666666671
510.8333333333332 -790.8333333333338
499.1666666666665 -772.5000000000003
511.6666666666666 -791.6666666666672
504.1666666666666 -784.1666666666672
499.99999999999983 -773.3333333333337
502.4999999999999 -782.5000000000005
497.4999999999999 -770.8333333333337
511.6666666666666 -791.6666666666672
505.83333333333314 -785.8333333333338
509.9999999999999 -790.0000000000005
497.4999999999999 -770.8333333333337
502.4999999999999 -782.5000000000005
508.3333333333332 -788.3333333333337
509.9999999999999 -790.0000000000005
505.83333333333314 -785.8333333333338
499.99999999999994 -776.6666666666673
494.99999999999994 -765.0000000000006
506.6666666666665 -786.6666666666671
509.1666666666666 -789.1666666666671
507.4999999999999 -787.5000000000005
498.3333333333332 -771.666666666667
503.3333333333332 -783.3333333333337
508.33333333333326 -788.3333333333338
506.6666666666666 -786.6666666666672
504.1666666666665 -784.1666666666671
507.49999999999994 -787.5000000000006
509.16666666666663 -789.1666666666672
499.1666666666666 -772.5000000000005
503.33333333333326 -783.3333333333338
498.33333333333326 -771.6666666666671
505.0 -785.0000000000006
505.0 -785.0000000000006
499.1666666666666 -772.5000000000005
509.16666666666663 -789.1666666666672
506.6666666666666 -786.6666666666672
508.33333333333326 -788.3333333333338
503.33333333333326 -783.3333333333338
498.33333333333326 -771.6666666666671
509.1666666666666 -789.1666666666671
504.1666666666665 -784.1666666666671
498.3333333333332 -771.666666666667
503.3333333333332 -783.3333333333337
507.4999999999999 -787.5000000000005
506.6666666666665 -786.6666666666671
507.49999999999994 -787.5000000000006
499.9999999999999 -773.3333333333338
494.9999999999999 -761.6666666666671
495.83333333333326 -766.6666666666671
500.83333333333326 -778.3333333333338
501.6666666666666 -781.6666666666671
496.6666666666666 -770.0000000000003
511.6666666666666 -791.6666666666672
510.8333333333332 -790.8333333333338
502.4999999999999 -782.5000000000005
497.4999999999999 -770.8333333333337
499.99999999999994 -776.6666666666673
494.99999999999994 -765.0000000000006
499.9999999999999 -773.3333333333338
504.1666666666665 -784.1666666666671
506.6666666666666 -786.6666666666672
508.33333333333326 -788.3333333333338
498.33333333333326 -771.6666666666671
503.33333333333326 -783.3333333333338
503.3333333333332 -783.3333333333337
498.3333333333332 -771.666666666667
507.4999999999999 -787.5000000000005
506.6666666666665 -786.6666666666671
509.1666666666666 -789.1666666666671
494.9999999999999 -761.6666666666671
500.83333333333326 -778.3333333333338
495.83333333333326 -766.6666666666671
501.6666666666666 -781.6666666666671
496.6666666666666 -770.0000000000003
511.6666666666666 -791.6666666666672
510.8333333333332 -790.8333333333338
502.4999999999999 -782.5000000000005
497.4999999999999 -770.8333333333337
499.99999999999994 -776.6666666666673
494.99999999999994 -765.0000000000006
499.9999999999999 -773.3333333333338
508.33333333333326 -788.3333333333338
506.6666666666666 -786.6666666666672
498.33333333333326 -771.6666666666671
503.33333333333326 -783.3333333333338
503.3333333333332 -783.3333333333337
509.1666666666666 -789.1666666666671
506.6666666666665 -786.6666666666671
507.4999999999999 -787.5000000000005
498.3333333333332 -771.666666666667
494.9999999999999 -761.6666666666671
495.83333333333326 -766.6666666666671
500.83333333333326 -778.3333333333338
501.6666666666666 -781.6666666666671
496.6666666666666 -770.0000000000003
511.6666666666666 -791.6666666666672
510.8333333333332 -790.8333333333338
497.4999999999999 -770.8333333333337
499.99999999999994 -776.6666666666673
494.99999999999994 -765.0000000000006
499.9999999999999 -773.3333333333338
498.33333333333326 -771.6666666666671
503.33333333333326 -783.3333333333338
503.3333333333332 -783.3333333333337
509.1666666666666 -789.1666666666671
498.3333333333332 -771.666666666667
507.4999999999999 -787.5000000000005
506.6666666666665 -786.6666666666671
494.9999999999999 -761.6666666666671
495.83333333333326 -766.6666666666671
500.83333333333326 -778.3333333333338
501.6666666666666 -781.6666666666671
496.6666666666666 -770.0000000000003
511.6666666666666 -791.6666666666672
510.8333333333332 -790.8333333333338
497.4999999999999 -770.8333333333337
499.99999999999994 -776.6666666666673
494.99999999999994 -765.0000000000006
499.9999999999999 -773.3333333333338
503.33333333333326 -783.3333333333338
498.33333333333326 -771.6666666666671
507.4999999999999 -787.5000000000005
509.1666666666666 -789.1666666666671
506.6666666666665 -786.6666666666671
503.3333333333332 -783.3333333333337
498.3333333333332 -771.666666666667
494.9999999999999 -761.6666666666671
500.83333333333326 -778.3333333333338
495.83333333333326 -766.6666666666671
496.6666666666666 -770.0000000000003
494.99999999999994 -765.0000000000006
499.99999999999994 -776.6666666666673
499.9999999999999 -773.3333333333338
498.33333333333326 -771.6666666666671
503.33333333333326 -783.3333333333338
498.3333333333332 -771.666666666667
507.4999999999999 -787.5000000000005
509.1666666666666 -789.1666666666671
506.6666666666665 -786.6666666666671
494.9999999999999 -761.6666666666671
500.83333333333326 -778.3333333333338
495.83333333333326 -766.6666666666671
496.6666666666666 -770.0000000000003
499.99999999999994 -776.6666666666673
494.99999999999994 -765.0000000000006
499.9999999999999 -773.3333333333338
503.33333333333326 -783.3333333333338
498.33333333333326 -771.6666666666671
507.4999999999999 -787.5000000000005
509.1666666666666 -789.1666666666671
498.3333333333332 -771.666666666667
506.6666666666665 -786.6666666666671
494.9999999999999 -761.6666666666671
495.83333333333326 -766.6666666666671
500.83333333333326 -778.3333333333338
499.99999999999994 -776.6666666666673
494.99999999999994 -765.0000000000006
499.9999999999999 -773.3333333333338
503.33333333333326 -783.3333333333338
498.33333333333326 -771.6666666666671
507.4999999999999 -787.5000000000005
506.6666666666665 -786.6666666666671
498.3333333333332 -771.666666666667
509.1666666666666 -789.1666666666671
494.9999999999999 -761.6666666666671
495.83333333333326 -766.6666666666671
500.83333333333326 -778.3333333333338
503.33333333333326 -783.3333333333338
494.99999999999994 -765.0000000000006
499.9999999999999 -773.3333333333338
498.33333333333326 -771.6666666666671
498.3333333333332 -771.666666666667
506.6666666666665 -786.6666666666671
494.9999999999999 -761.6666666666671
495.83333333333326 -766.6666666666671
500.83333333333326 -778.3333333333338
503.33333333333326 -783.3333333333338
494.99999999999994 -765.0000000000006
499.9999999999999 -773.3333333333338
498.33333333333326 -771.6666666666671
506.6666666666665 -786.6666666666671
498.3333333333332 -771.666666666667
494.9999999999999 -761.6666666666671
495.83333333333326 -766.6666666666671
500.83333333333326 -778.3333333333338
