494.9999999999999 -761.6666666666671
512.4999999999999 -792.5000000000005
512.4999999999999 -792.5000000000005
494.9999999999999 -761.6666666666671
506.6666666666665 -789.1666666666671
499.9999999999999 -773.3333333333338
497.49999999999994 -773.3333333333337
509.16666666666663 -789.1666666666672
494.99999999999994 -765.0000000000006
499.99999999999994 -776.6666666666673
495.83333333333326 -766.6666666666671
500.83333333333326 -778.3333333333338
501.6666666666666 -781.6666666666671
496.6666666666666 -770.0000000000003
505.83333333333314 -785.8333333333338
497.4999999999999 -770.8333333333337
495.83333333333326 -766.6666666666671
500.83333333333326 -778.3333333333338
510.8333333333332 -790.8333333333338
510.8333333333332 -790.8333333333338
501.6666666666666 -781.6666666666671
496.6666666666666 -770.0000000000003
511.6666666666666 -791.6666666666672
502.4999999999999 -782.5000000000005
511.6666666666666 -791.6666666666672
505.83333333333314 -785.8333333333338
509.99999999999983 -790.0000000000005
502.4999999999999 -782.5000000000005
509.99999999999983 -790.0000000000005
494.99999999999994 -765.0000000000006
499.99999999999994 -776.6666666666673
503.3333333333332 -783.3333333333337
504.99999999999983 -785.0000000000005
504.1666666666665 -784.1666666666671
504.1666666666666 -784.1666666666672
503.33333333333326 -783.3333333333338
509.16666666666663 -789.1666666666672
505.0 -785.0000000000006
505.0 -785.0000000000006
504.99999999999983 -785.0000000000005
497.4999999999999 -770.8333333333337
504.1666666666666 -784.1666666666672
503.33333333333326 -783.3333333333338
504.1666666666665 -784.1666666666671
503.3333333333332 -783.3333333333337
499.9999999999999 -773.3333333333338
512.4999999999999 -792.5000000000005
494.9999999999999 -761.6666666666671
495.83333333333326 -766.6666666666671
500.83333333333326 -778.3333333333338
510.8333333333332 -790.8333333333338
501.6666666666666 -781.6666666666671
496.6666666666666 -770.0000000000003
511.6666666666666 -791.6666666666672
502.4999999999999 -782.5000000000005
509.99999999999983 -790.0000000000005
505.83333333333314 -785.8333333333338
499.99999999999994 -776.6666666666673
494.99999999999994 -765.0000000000006
505.0 -785.0000000000006
504.99999999999983 -785.0000000000005
497.4999999999999 -770.8333333333337
509.16666666666663 -789.1666666666672
503.33333333333326 -783.3333333333338
504.1666666666666 -784.1666666666672
504.1666666666665 -784.1666666666671
503.3333333333332 -783.3333333333337
499.9999999999999 -773.3333333333338
494.9999999999999 -761.6666666666671
495.83333333333326 -766.6666666666671
500.83333333333326 -778.3333333333338
510.8333333333332 -790.8333333333338
501.6666666666666 -781.6666666666671
496.6666666666666 -770.0000000000003
511.6666666666666 -791.6666666666672
502.4999999999999 -782.5000000000005
509.99999999999983 -790.0000000000005
505.83333333333314 -785.8333333333338
494.99999999999994 -765.0000000000006
499.99999999999994 -776.6666666666673
504.99999999999983 -785.0000000000005
497.4999999999999 -770.8333333333337
509.16666666666663 -789.1666666666672
504.1666666666666 -784.1666666666672
503.33333333333326 -783.3333333333338
503.3333333333332 -783.3333333333337
504.1666666666665 -784.1666666666671
499.9999999999999 -773.3333333333338
494.9999999999999 -761.6666666666671
500.83333333333326 -778.3333333333338
495.83333333333326 -766.6666666666671
510.8333333333332 -790.8333333333338
496.6666666666666 -770.0000000000003
501.6666666666666 -781.6666666666671
511.6666666666666 -791.6666666666672
502.4999999999999 -782.5000000000005
505.83333333333314 -785.8333333333338
494.99999999999994 -765.0000000000006
499.99999999999994 -776.6666666666673
497.4999999999999 -770.8333333333337
504.1666666666666 -784.1666666666672
503.33333333333326 -783.3333333333338
509.16666666666663 -789.1666666666672
503.3333333333332 -783.3333333333337
504.1666666666665 -784.1666666666671
499.9999999999999 -773.3333333333338
494.9999999999999 -761.6666666666671
495.83333333333326 -766.6666666666671
500.83333333333326 -778.3333333333338
510.8333333333332 -790.8333333333338
496.6666666666666 -770.0000000000003
501.6666666666666 -781.6666666666671
511.6666666666666 -791.6666666666672
502.4999999999999 -782.5000000000005
505.83333333333314 -785.8333333333338
499.99999999999994 -776.6666666666673
494.99999999999994 -765.0000000000006
497.4999999999999 -770.8333333333337
503.33333333333326 -783.3333333333338
503.3333333333332 -783.3333333333337
504.1666666666665 -784.1666666666671
499.9999999999999 -773.3333333333338
494.9999999999999 -761.6666666666671
500.83333333333326 -778.3333333333338
495.83333333333326 -766.6666666666671
510.8333333333332 -790.8333333333338
501.6666666666666 -781.6666666666671
496.6666666666666 -770.0000000000003
511.6666666666666 -791.6666666666672
502.4999999999999 -782.5000000000005
505.83333333333314 -785.8333333333338
494.99999999999994 -765.0000000000006
499.99999999999994 -776.6666666666673
497.4999999999999 -770.8333333333337
503.33333333333326 -783.3333333333338
503.3333333333332 -783.3333333333337
504.1666666666665 -784.1666666666671
499.9999999999999 -773.3333333333338
494.9999999999999 -761.6666666666671
500.83333333333326 -778.3333333333338
495.83333333333326 -766.6666666666671
496.6666666666666 -770.0000000000003
501.6666666666666 -781.6666666666671
510.8333333333332 -790.8333333333338
511.6666666666666 -791.6666666666672
497.4999999999999 -770.8333333333337
502.4999999999999 -782.5000000000005
505.83333333333314 -785.8333333333338
499.99999999999994 -776.6666666666673
494.99999999999994 -765.0000000000006
503.33333333333326 -783.3333333333338
504.1666666666665 -784.1666666666671
503.3333333333332 -783.3333333333337
499.9999999999999 -773.3333333333338
494.9999999999999 -761.6666666666671
495.83333333333326 -766.6666666666671
500.83333333333326 -778.3333333333338
501.6666666666666 -781.6666666666671
496.6666666666666 -770.0000000000003
511.6666666666666 -791.6666666666672
510.8333333333332 -790.8333333333338
502.4999999999999 -782.5000000000005
497.4999999999999 -770.8333333333337
499.99999999999994 -776.6666666666673
494.99999999999994 -765.0000000000006
499.9999999999999 -773.3333333333338
504.1666666666665 -784.1666666666671
503.33333333333326 -783.3333333333338
503.3333333333332 -783.3333333333337
494.9999999999999 -761.6666666666671
500.83333333333326 -778.3333333333338
495.83333333333326 -766.6666666666671
501.6666666666666 -781.6666666666671
496.6666666666666 -770.0000000000003
511.6666666666666 -791.6666666666672
510.8333333333332 -790.8333333333338
499.99999999999994 -776.6666666666673
494.99999999999994 -765.0000000000006
499.9999999999999 -773.3333333333338
503.33333333333326 -783.3333333333338
503.3333333333332 -783.3333333333337
500.83333333333326 -778.3333333333338
502.4999999999999 -782.5000000000005
501.6666666666666 -781.6666666666671
503.3333333333332 -783.3333333333337
509.99999999999983 -790.0000000000005
500.83333333333326 -778.3333333333338
501.6666666666666 -781.6666666666671
504.1666666666665 -784.1666666666671
494.9999999999999 -761.6666666666671
494.9999999999999 -761.6666666666671
502.4999999999999 -782.5000000000005
503.3333333333332 -783.3333333333337
503.33333333333326 -783.3333333333338
504.1666666666665 -784.1666666666671
505.83333333333314 -785.8333333333338
509.99999999999983 -790.0000000000005
502.4999999999999 -782.5000000000005
502.4999999999999 -782.5000000000005
500.83333333333326 -778.3333333333338
