494.9999999999999 -761.6666666666671
509.99999999999983 -794.1666666666671
494.9999999999999 -761.6666666666671
508.33333333333314 -792.5000000000005
494.99999999999994 -768.3333333333337
499.9999999999999 -775.8333333333338
504.1666666666665 -788.3333333333337
498.3333333333332 -775.8333333333336
499.99999999999994 -779.1666666666673
500.83333333333326 -780.8333333333338
501.6666666666666 -784.1666666666671
505.83333333333314 -790.0000000000005
506.6666666666665 -790.8333333333337
495.83333333333326 -770.0000000000005
496.6666666666666 -772.5000000000003
506.6666666666665 -790.8333333333337
505.83333333333314 -790.0000000000005
496.6666666666666 -772.5000000000003
495.83333333333326 -770.0000000000005
497.4999999999999 -774.1666666666671
504.1666666666665 -788.3333333333337
497.4999999999999 -774.1666666666671
500.83333333333326 -780.8333333333338
501.6666666666666 -784.1666666666671
502.4999999999999 -785.0000000000005
502.4999999999999 -785.0000000000005
503.33333333333326 -785.8333333333338
498.3333333333332 -775.8333333333336
503.3333333333332 -785.8333333333337
503.33333333333326 -785.8333333333338
494.99999999999994 -768.3333333333337
499.99999999999994 -779.1666666666673
503.3333333333332 -785.8333333333337
499.9999999999999 -775.8333333333338
494.9999999999999 -761.6666666666671
506.6666666666665 -790.8333333333337
496.6666666666666 -772.5000000000003
504.1666666666665 -788.3333333333337
497.4999999999999 -774.1666666666671
500.83333333333326 -780.8333333333338
501.6666666666666 -784.1666666666671
502.4999999999999 -785.0000000000005
503.33333333333326 -785.8333333333338
499.99999999999994 -779.1666666666673
494.99999999999994 -768.3333333333337
503.3333333333332 -785.8333333333337
499.9999999999999 -775.8333333333338
494.9999999999999 -761.6666666666671
496.6666666666666 -772.5000000000003
504.1666666666665 -788.3333333333337
497.4999999999999 -774.1666666666671
500.83333333333326 -780.8333333333338
501.6666666666666 -784.1666666666671
502.4999999999999 -785.0000000000005
503.33333333333326 -785.8333333333338
499.99999999999994 -779.1666666666673
494.99999999999994 -768.3333333333337
503.3333333333332 -785.8333333333337
499.9999999999999 -775.8333333333338
494.9999999999999 -761.6666666666671
496.6666666666666 -772.5000000000003
504.1666666666665 -788.3333333333337
497.4999999999999 -774.1666666666671
500.83333333333326 -780.8333333333338
501.6666666666666 -784.1666666666671
502.4999999999999 -785.0000000000005
503.33333333333326 -785.8333333333338
499.99999999999994 -779.1666666666673
503.3333333333332 -785.8333333333337
499.9999999999999 -775.8333333333338
494.9999999999999 -761.6666666666671
496.6666666666666 -772.5000000000003
497.4999999999999 -774.1666666666671
500.83333333333326 -780.8333333333338
501.6666666666666 -784.1666666666671
502.4999999999999 -785.0000000000005
504.1666666666665 -788.3333333333337
503.33333333333326 -785.8333333333338
499.99999999999994 -779.1666666666673
503.3333333333332 -785.8333333333337
499.9999999999999 -775.8333333333338
494.9999999999999 -761.6666666666671
496.6666666666666 -772.5000000000003
497.4999999999999 -774.1666666666671
500.83333333333326 -780.8333333333338
501.6666666666666 -784.1666666666671
502.4999999999999 -785.0000000000005
504.1666666666665 -788.3333333333337
503.33333333333326 -785.8333333333338
499.99999999999994 -779.1666666666673
503.3333333333332 -785.8333333333337
499.9999999999999 -775.8333333333338
494.9999999999999 -761.6666666666671
496.6666666666666 -772.5000000000003
497.4999999999999 -774.1666666666671
500.83333333333326 -780.8333333333338
501.6666666666666 -784.1666666666671
502.4999999999999 -785.0000000000005
504.1666666666665 -788.3333333333337
503.33333333333326 -785.8333333333338
499.99999999999994 -779.1666666666673
503.3333333333332 -785.8333333333337
499.9999999999999 -775.8333333333338
494.9999999999999 -761.6666666666671
496.6666666666666 -772.5000000000003
497.4999999999999 -774.1666666666671
500.83333333333326 -780.8333333333338
501.6666666666666 -784.1666666666671
502.4999999999999 -785.0000000000005
504.1666666666665 -788.3333333333337
503.33333333333326 -785.8333333333338
499.99999999999994 -779.1666666666673
503.3333333333332 -785.8333333333337
499.9999999999999 -775.8333333333338
494.9999999999999 -761.6666666666671
496.6666666666666 -772.5000000000003
497.4999999999999 -774.1666666666671
500.83333333333326 -780.8333333333338
501.6666666666666 -784.1666666666671
502.4999999999999 -785.0000000000005
503.33333333333326 -785.8333333333338
499.99999999999994 -779.1666666666673
503.3333333333332 -785.8333333333337
499.9999999999999 -775.8333333333338
494.9999999999999 -761.6666666666671
496.6666666666666 -772.5000000000003
500.83333333333326 -780.8333333333338
501.6666666666666 -784.1666666666671
497.4999999999999 -774.1666666666671
502.4999999999999 -785.0000000000005
503.33333333333326 -785.8333333333338
499.99999999999994 -779.1666666666673
503.3333333333332 -785.8333333333337
499.9999999999999 -775.8333333333338
494.9999999999999 -761.6666666666671
496.6666666666666 -772.5000000000003
500.83333333333326 -780.8333333333338
501.6666666666666 -784.1666666666671
497.4999999999999 -774.1666666666671
502.4999999999999 -785.0000000000005
503.33333333333326 -785.8333333333338
499.99999999999994 -779.1666666666673
503.3333333333332 -785.8333333333337
499.9999999999999 -775.8333333333338
494.9999999999999 -761.6666666666671
496.6666666666666 -772.5000000000003
500.83333333333326 -780.8333333333338
501.6666666666666 -784.1666666666671
502.4999999999999 -785.0000000000005
503.33333333333326 -785.8333333333338
499.99999999999994 -779.1666666666673
503.3333333333332 -785.8333333333337
499.9999999999999 -775.8333333333338
494.9999999999999 -761.6666666666671
496.6666666666666 -772.5000000000003
501.6666666666666 -784.1666666666671
502.4999999999999 -785.0000000000005
503.33333333333326 -785.8333333333338
499.99999999999994 -779.1666666666673
503.3333333333332 -785.8333333333337
499.9999999999999 -775.8333333333338
494.9999999999999 -761.6666666666671
496.6666666666666 -772.5000000000003
501.6666666666666 -784.1666666666671
502.4999999999999 -785.0000000000005
499.99999999999994 -779.1666666666673
503.33333333333326 -785.8333333333338
503.3333333333332 -785.8333333333337
499.9999999999999 -775.8333333333338
496.6666666666666 -772.5000000000003
501.6666666666666 -784.1666666666671
502.4999999999999 -785.0000000000005
499.99999999999994 -779.1666666666673
499.9999999999999 -775.8333333333338
503.33333333333326 -785.8333333333338
503.3333333333332 -785.8333333333337
504.1666666666665 -788.3333333333337
499.9999999999999 -775.8333333333338
503.33333333333326 -785.8333333333338
503.33333333333326 -785.8333333333338
499.99999999999994 -779.1666666666673
502.4999999999999 -785.0000000000005
500.83333333333326 -780.8333333333338
499.9999999999999 -775.8333333333338
501.6666666666666 -784.1666666666671
502.4999999999999 -785.0000000000005
501.6666666666666 -784.1666666666671
501.6666666666666 -784.1666666666671
496.6666666666666 -772.5000000000003
503.3333333333332 -785.8333333333337
501.6666666666666 -784.1666666666671
503.3333333333332 -785.8333333333337
499.99999999999994 -779.1666666666673
501.6666666666666 -784.1666666666671
501.6666666666666 -784.1666666666671
501.6666666666666 -784.1666666666671
501.6666666666666 -784.1666666666671
502.4999999999999 -785.0000000000005
504.1666666666665 -788.3333333333337
503.3333333333332 -785.8333333333337
