494.9999999999999 -761.6666666666671
509.99999999999983 -794.1666666666671
509.99999999999983 -794.1666666666671
494.9999999999999 -761.6666666666671
494.99999999999994 -768.3333333333337
507.49999999999983 -791.6666666666671
496.6666666666666 -773.3333333333337
508.33333333333314 -792.5000000000005
508.33333333333314 -792.5000000000005
496.6666666666666 -773.3333333333337
506.6666666666666 -790.8333333333338
494.99999999999994 -768.3333333333337
506.6666666666666 -790.8333333333338
494.9999999999999 -761.6666666666671
509.99999999999983 -794.1666666666671
508.33333333333314 -792.5000000000005
496.6666666666666 -773.3333333333337
494.99999999999994 -768.3333333333337
494.9999999999999 -761.6666666666671
509.99999999999983 -794.1666666666671
508.33333333333314 -792.5000000000005
496.6666666666666 -773.3333333333337
494.99999999999994 -768.3333333333337
494.9999999999999 -761.6666666666671
508.33333333333314 -792.5000000000005
496.6666666666666 -773.3333333333337
494.99999999999994 -768.3333333333337
494.9999999999999 -761.6666666666671
494.99999999999994 -768.3333333333337
494.9999999999999 -761.6666666666671
494.99999999999994 -768.3333333333337
494.9999999999999 -761.6666666666671
494.99999999999994 -768.3333333333337
494.9999999999999 -761.6666666666671
494.99999999999994 -768.3333333333337
494.9999999999999 -761.6666666666671
494.99999999999994 -768.3333333333337
494.9999999999999 -761.6666666666671
494.99999999999994 -768.3333333333337
494.9999999999999 -761.6666666666671
494.99999999999994 -768.3333333333337
494.9999999999999 -761.6666666666671
494.9999999999999 -761.6666666666671
494.9999999999999 -761.6666666666671
494.9999999999999 -761.6666666666671
494.9999999999999 -761.6666666666671
494.9999999999999 -761.6666666666671
494.9999999999999 -761.6666666666671
496.6666666666666 -773.3333333333337
494.99999999999994 -768.3333333333337
494.9999999999999 -761.6666666666671
506.6666666666666 -790.8333333333338
506.6666666666666 -790.8333333333338
499.99999999999994 -780.0000000000006
509.99999999999983 -794.1666666666671
498.3333333333332 -776.6666666666671
495.83333333333326 -770.8333333333338
506.6666666666666 -790.8333333333338
494.99999999999994 -768.3333333333337
504.99999999999983 -790.0000000000003
497.4999999999999 -775.8333333333337
509.1666666666665 -793.3333333333337
506.6666666666666 -790.8333333333338
494.99999999999994 -768.3333333333337
500.83333333333326 -781.6666666666671
502.4999999999999 -787.5000000000005
509.99999999999983 -794.1666666666671
504.1666666666665 -789.1666666666671
496.6666666666666 -773.3333333333337
494.99999999999994 -768.3333333333337
508.33333333333314 -792.5000000000005
494.9999999999999 -761.6666666666671
494.9999999999999 -761.6666666666671
508.33333333333314 -792.5000000000005
508.33333333333314 -792.5000000000005
505.83333333333314 -790.8333333333337
503.3333333333332 -788.3333333333337
504.99999999999983 -790.0000000000003
509.99999999999983 -794.1666666666671
506.6666666666666 -790.8333333333338
501.6666666666666 -785.8333333333337
509.99999999999983 -794.1666666666671
504.1666666666665 -789.1666666666671
494.9999999999999 -761.6666666666671
