494.99999999999994 -768.3333333333337
508.33333333333314 -792.5000000000005
508.33333333333314 -792.5000000000005
494.99999999999994 -768.3333333333337
508.33333333333314 -792.5000000000005
494.99999999999994 -768.3333333333337
508.33333333333314 -792.5000000000005
494.99999999999994 -768.3333333333337
508.33333333333314 -792.5000000000005
494.99999999999994 -768.3333333333337
494.99999999999994 -768.3333333333337
494.99999999999994 -768.3333333333337
494.99999999999994 -768.3333333333337
494.99999999999994 -768.3333333333337
494.99999999999994 -768.3333333333337
494.99999999999994 -768.3333333333337
494.99999999999994 -768.3333333333337
494.99999999999994 -768.3333333333337
499.99999999999994 -780.0000000000006
498.3333333333332 -776.6666666666671
495.83333333333326 -770.8333333333338
494.99999999999994 -768.3333333333337
497.4999999999999 -775.8333333333337
494.99999999999994 -768.3333333333337
502.4999999999999 -787.5000000000005
504.1666666666665 -789.1666666666671
494.99999999999994 -768.3333333333337
508.33333333333314 -792.5000000000005
508.33333333333314 -792.5000000000005
508.33333333333314 -792.5000000000005
505.83333333333314 -790.8333333333337
503.3333333333332 -788.3333333333337
504.1666666666665 -789.1666666666671
503.3333333333332 -788.3333333333337
504.1666666666665 -789.1666666666671
501.6666666666666 -786.6666666666671
508.33333333333314 -792.5000000000005
504.99999999999983 -790.0000000000005
503.3333333333332 -788.3333333333337
506.66666666666646 -791.6666666666671
494.99999999999994 -768.3333333333337
494.99999999999994 -768.3333333333337
497.4999999999999 -775.8333333333337
508.33333333333314 -792.5000000000005
499.99999999999994 -780.0000000000006
505.83333333333314 -790.8333333333337
504.1666666666665 -789.1666666666671
505.83333333333314 -790.8333333333337
499.99999999999994 -780.0000000000006
505.83333333333314 -790.8333333333337
502.4999999999999 -787.5000000000005
504.1666666666665 -789.1666666666671
494.99999999999994 -768.3333333333337
505.83333333333314 -790.8333333333337
504.1666666666665 -789.1666666666671
504.1666666666665 -789.1666666666671
508.33333333333314 -792.5000000000005
499.99999999999994 -780.0000000000006
503.33333333333326 -788.3333333333338
499.99999999999994 -780.0000000000006
503.3333333333332 -788.3333333333337
494.99999999999994 -768.3333333333337
494.9999999999999 -762.5000000000003
494.99999999999994 -768.3333333333337
499.99999999999994 -780.0000000000006
494.99999999999994 -768.3333333333337
502.4999999999999 -787.5000000000005
502.4999999999999 -787.5000000000005
499.99999999999994 -780.0000000000006
502.4999999999999 -787.5000000000005
508.33333333333314 -792.5000000000005
502.4999999999999 -787.5000000000005
504.99999999999983 -790.0000000000005
504.1666666666665 -789.1666666666671
502.4999999999999 -787.5000000000005
504.1666666666665 -789.1666666666671
494.99999999999994 -768.3333333333337
495.83333333333326 -770.8333333333338
508.33333333333314 -792.5000000000005
494.9999999999999 -762.5000000000003
504.1666666666665 -789.1666666666671
502.4999999999999 -787.5000000000005
502.4999999999999 -787.5000000000005
503.3333333333332 -788.3333333333337
500.83333333333326 -782.5000000000005
503.3333333333332 -788.3333333333337
504.99999999999983 -790.0000000000005
505.83333333333314 -790.8333333333337
499.99999999999994 -780.0000000000006
508.33333333333314 -792.5000000000005
502.4999999999999 -787.5000000000005
508.33333333333314 -792.5000000000005
504.1666666666665 -789.1666666666671
502.4999999999999 -787.5000000000005
504.99999999999983 -790.0000000000005
510.83333333333314 -795.0000000000005
499.99999999999994 -780.0000000000006
502.4999999999999 -787.5000000000005
503.3333333333332 -788.3333333333337
502.4999999999999 -787.5000000000005
509.1666666666665 -794.1666666666671
504.99999999999983 -790.0000000000005
499.99999999999994 -780.0000000000006
499.99999999999994 -780.0000000000006
503.33333333333326 -788.3333333333338
504.99999999999983 -790.0000000000005
503.33333333333326 -788.3333333333338
494.99999999999994 -768.3333333333337
504.1666666666665 -789.1666666666671
502.4999999999999 -787.5000000000005
505.83333333333314 -790.8333333333337
502.4999999999999 -787.5000000000005
499.99999999999994 -780.0000000000006
497.4999999999999 -775.8333333333337
504.1666666666665 -789.1666666666671
504.1666666666665 -789.1666666666671
502.4999999999999 -787.5000000000005
499.99999999999994 -780.0000000000006
494.99999999999994 -768.3333333333337
501.6666666666666 -786.6666666666671
504.1666666666665 -789.1666666666671
502.4999999999999 -787.5000000000005
496.6666666666666 -774.166666666667
505.83333333333314 -790.8333333333337
494.99999999999994 -768.3333333333337
508.33333333333314 -792.5000000000005
501.6666666666666 -786.6666666666671
494.99999999999994 -768.3333333333337
502.4999999999999 -787.5000000000005
502.4999999999999 -787.5000000000005
508.3333333333332 -793.3333333333337
504.99999999999983 -790.0000000000005
505.83333333333314 -790.8333333333337
503.33333333333326 -788.3333333333338
508.33333333333314 -792.5000000000005
504.1666666666665 -789.1666666666671
494.99999999999994 -768.3333333333337
494.99999999999994 -768.3333333333337
504.1666666666665 -789.1666666666671
508.33333333333314 -792.5000000000005
504.1666666666665 -789.1666666666671
504.1666666666665 -789.1666666666671
503.3333333333332 -788.3333333333337
504.1666666666665 -789.1666666666671
502.4999999999999 -787.5000000000005
503.3333333333332 -788.3333333333337
