494.9999999999999 -762.5000000000003
513.3333333333333 -800.8333333333339
494.9999999999999 -762.5000000000003
513.3333333333333 -800.8333333333339
494.99999999999994 -769.1666666666671
499.99999999999994 -783.3333333333338
499.99999999999983 -778.3333333333337
511.6666666666666 -799.1666666666672
503.33333333333326 -791.6666666666672
500.83333333333326 -784.1666666666671
501.6666666666666 -787.5000000000005
495.83333333333326 -770.8333333333338
496.6666666666666 -774.166666666667
503.3333333333332 -789.1666666666671
496.6666666666666 -774.166666666667
497.4999999999999 -775.8333333333337
495.83333333333326 -770.8333333333338
512.5 -800.0000000000006
505.83333333333326 -794.1666666666672
509.99999999999994 -797.5000000000006
508.3333333333332 -796.6666666666671
509.1666666666666 -797.5000000000005
501.6666666666666 -787.5000000000005
497.4999999999999 -775.8333333333337
506.6666666666666 -795.0000000000005
505.8333333333332 -794.1666666666671
510.83333333333326 -798.3333333333339
507.4999999999999 -795.8333333333338
502.4999999999999 -788.3333333333338
498.3333333333332 -776.6666666666671
510.83333333333326 -798.3333333333339
504.1666666666666 -792.5000000000005
502.4999999999999 -788.3333333333338
507.4999999999999 -795.8333333333338
498.3333333333332 -776.6666666666671
504.1666666666666 -792.5000000000005
500.83333333333326 -784.1666666666671
506.6666666666666 -795.0000000000005
512.5 -800.0000000000006
509.1666666666666 -797.5000000000005
504.9999999999999 -793.3333333333337
499.1666666666665 -777.5000000000003
508.33333333333326 -796.6666666666672
509.99999999999994 -797.5000000000006
499.1666666666666 -777.5000000000005
504.99999999999994 -793.3333333333338
494.99999999999994 -769.1666666666671
499.99999999999994 -783.3333333333338
499.99999999999983 -778.3333333333337
508.33333333333326 -796.6666666666672
499.1666666666666 -777.5000000000005
504.99999999999994 -793.3333333333338
504.9999999999999 -793.3333333333337
499.1666666666665 -777.5000000000003
503.3333333333332 -789.1666666666671
513.3333333333333 -800.8333333333339
494.9999999999999 -762.5000000000003
496.6666666666666 -774.166666666667
495.83333333333326 -770.8333333333338
501.6666666666666 -787.5000000000005
497.4999999999999 -775.8333333333337
507.4999999999999 -795.8333333333338
504.1666666666666 -792.5000000000005
498.3333333333332 -776.6666666666671
502.4999999999999 -788.3333333333338
500.83333333333326 -784.1666666666671
506.6666666666666 -795.0000000000005
512.5 -800.0000000000006
509.1666666666666 -797.5000000000005
509.99999999999994 -797.5000000000006
494.99999999999994 -769.1666666666671
499.99999999999994 -783.3333333333338
499.99999999999983 -778.3333333333337
508.33333333333326 -796.6666666666672
504.99999999999994 -793.3333333333338
499.1666666666666 -777.5000000000005
503.3333333333332 -789.1666666666671
499.1666666666665 -777.5000000000003
504.9999999999999 -793.3333333333337
494.9999999999999 -762.5000000000003
496.6666666666666 -774.166666666667
495.83333333333326 -770.8333333333338
501.6666666666666 -787.5000000000005
497.4999999999999 -775.8333333333337
498.3333333333332 -776.6666666666671
502.4999999999999 -788.3333333333338
500.83333333333326 -784.1666666666671
506.6666666666666 -795.0000000000005
509.1666666666666 -797.5000000000005
509.99999999999994 -797.5000000000006
494.99999999999994 -769.1666666666671
499.99999999999994 -783.3333333333338
499.99999999999983 -778.3333333333337
508.33333333333326 -796.6666666666672
504.99999999999994 -793.3333333333338
499.1666666666666 -777.5000000000005
499.1666666666665 -777.5000000000003
503.3333333333332 -789.1666666666671
504.9999999999999 -793.3333333333337
494.9999999999999 -762.5000000000003
496.6666666666666 -774.166666666667
495.83333333333326 -770.8333333333338
501.6666666666666 -787.5000000000005
497.4999999999999 -775.8333333333337
502.4999999999999 -788.3333333333338
498.3333333333332 -776.6666666666671
500.83333333333326 -784.1666666666671
506.6666666666666 -795.0000000000005
509.1666666666666 -797.5000000000005
509.99999999999994 -797.5000000000006
494.99999999999994 -769.1666666666671
499.99999999999994 -783.3333333333338
499.99999999999983 -778.3333333333337
499.1666666666666 -777.5000000000005
504.99999999999994 -793.3333333333338
503.3333333333332 -789.1666666666671
504.9999999999999 -793.3333333333337
499.1666666666665 -777.5000000000003
494.9999999999999 -762.5000000000003
496.6666666666666 -774.166666666667
495.83333333333326 -770.8333333333338
501.6666666666666 -787.5000000000005
497.4999999999999 -775.8333333333337
502.4999999999999 -788.3333333333338
498.3333333333332 -776.6666666666671
506.6666666666666 -795.0000000000005
500.83333333333326 -784.1666666666671
509.1666666666666 -797.5000000000005
509.99999999999994 -797.5000000000006
494.99999999999994 -769.1666666666671
499.99999999999994 -783.3333333333338
499.99999999999983 -778.3333333333337
504.99999999999994 -793.3333333333338
499.1666666666666 -777.5000000000005
499.1666666666665 -777.5000000000003
503.3333333333332 -789.1666666666671
504.9999999999999 -793.3333333333337
494.9999999999999 -762.5000000000003
496.6666666666666 -774.166666666667
495.83333333333326 -770.8333333333338
501.6666666666666 -787.5000000000005
497.4999999999999 -775.8333333333337
502.4999999999999 -788.3333333333338
498.3333333333332 -776.6666666666671
500.83333333333326 -784.1666666666671
506.6666666666666 -795.0000000000005
509.1666666666666 -797.5000000000005
509.99999999999994 -797.5000000000006
494.99999999999994 -769.1666666666671
499.99999999999994 -783.3333333333338
499.99999999999983 -778.3333333333337
504.99999999999994 -793.3333333333338
499.1666666666666 -777.5000000000005
504.9999999999999 -793.3333333333337
499.1666666666665 -777.5000000000003
503.3333333333332 -789.1666666666671
494.9999999999999 -762.5000000000003
509.99999999999994 -797.5000000000006
496.6666666666666 -774.166666666667
495.83333333333326 -770.8333333333338
501.6666666666666 -787.5000000000005
497.4999999999999 -775.8333333333337
498.3333333333332 -776.6666666666671
506.6666666666666 -795.0000000000005
509.1666666666666 -797.5000000000005
494.99999999999994 -769.1666666666671
499.99999999999994 -783.3333333333338
499.99999999999983 -778.3333333333337
504.99999999999994 -793.3333333333338
499.1666666666666 -777.5000000000005
504.9999999999999 -793.3333333333337
503.3333333333332 -789.1666666666671
499.1666666666665 -777.5000000000003
494.9999999999999 -762.5000000000003
509.99999999999994 -797.5000000000006
496.6666666666666 -774.166666666667
495.83333333333326 -770.8333333333338
501.6666666666666 -787.5000000000005
497.4999999999999 -775.8333333333337
498.3333333333332 -776.6666666666671
506.6666666666666 -795.0000000000005
494.99999999999994 -769.1666666666671
499.99999999999994 -783.3333333333338
499.99999999999983 -778.3333333333337
504.99999999999994 -793.3333333333338
499.1666666666666 -777.5000000000005
504.9999999999999 -793.3333333333337
499.1666666666665 -777.5000000000003
503.3333333333332 -789.1666666666671
494.9999999999999 -762.5000000000003
496.6666666666666 -774.166666666667
495.83333333333326 -770.8333333333338
509.99999999999994 -797.5000000000006
501.6666666666666 -787.5000000000005
497.4999999999999 -775.8333333333337
498.3333333333332 -776.6666666666671
506.6666666666666 -795.0000000000005
494.99999999999994 -769.1666666666671
499.99999999999983 -778.3333333333337
503.3333333333332 -789.1666666666671
