1009.0 -669.0 
1041.0 -686.0 
1032.0 -659.0 
1044.0 -680.0 
1020.0 -662.0 
1019.0 -661.0 
1011.0 -672.0 
1022.0 -663.0 
1010.0 -670.0 
1016.0 -665.0 
1017.0 -681.0 
1038.0 -684.0 
1014.0 -682.0 
1013.0 -666.0 
1036.0 -685.0 
1010.0 -675.0 
1037.0 -674.0 
1040.0 -671.0 
1042.0 -680.0 
1009.0 -673.0 
1020.0 -683.0 
1020.0 -660.0 
1019.0 -664.0 
1016.0 -677.0 
1012.0 -679.0 
1010.0 -667.0 
1010.0 -671.0 
1012.0 -678.0 
1012.0 -676.0 
1012.0 -668.0 
1011.0 -674.0 
1040.0 -670.0 
1035.0 -665.0 
1014.0 -680.0 
1035.0 -660.0 
1039.0 -663.0 
1040.0 -683.0 
1036.0 -682.0 
1017.0 -684.0 
1044.0 -686.0 
1035.0 -662.0 
1040.0 -679.0 
1040.0 -685.0 
1039.0 -678.0 
1040.0 -677.0 
1036.0 -681.0 
1038.0 -664.0 
1035.0 -672.0 
1037.0 -661.0 
1037.0 -666.0 
1035.0 -673.0 
1036.0 -676.0 
1036.0 -667.0 
1036.0 -675.0 
1035.0 -668.0 
1035.0 -669.0 
1044.0 -686.0 
1012.0 -675.0 
1035.0 -664.0 
1040.0 -679.0 
1039.0 -678.0 
1037.0 -661.0 
1043.0 -680.0 
1033.0 -672.0 
1015.0 -680.0 
1034.0 -665.0 
1031.0 -682.0 
1030.0 -683.0 
1024.0 -684.0 
1025.0 -684.0 
1026.0 -683.0 
1029.0 -664.0 
1028.0 -660.0 
1021.0 -681.0 
1023.0 -681.0 
1027.0 -680.0 
1018.0 -669.0 
1023.0 -671.0 
1021.0 -667.0 
1009.0 -669.0 
1043.0 -680.0 
1028.0 -679.0 
1027.0 -666.0 
1024.0 -664.0 
1012.0 -675.0 
1039.0 -671.0 
1029.0 -684.0 
1022.0 -666.0 
1011.0 -667.0 
1016.0 -669.0 
1038.0 -685.0 
1026.0 -683.0 
1030.0 -681.0 
1015.0 -682.0 
1025.0 -678.0 
1034.0 -665.0 
1032.0 -660.0 
1014.0 -682.0 
1019.0 -678.0 
1031.0 -674.0 
1020.0 -684.0 
1036.0 -685.0 
1018.0 -669.0 
1041.0 -686.0 
1033.0 -672.0 
1013.0 -666.0 
1017.0 -681.0 
1035.0 -666.0 
1036.0 -667.0 
1041.0 -686.0 
1037.0 -666.0 
1036.0 -676.0 
1040.0 -677.0 
1044.0 -680.0 
1040.0 -685.0 
1037.0 -674.0 
1039.0 -671.0 
1036.0 -675.0 
1035.0 -673.0 
1035.0 -669.0 
1035.0 -662.0 
1035.0 -681.0 
1035.0 -668.0 
1037.0 -661.0 
1039.0 -671.0 
1040.0 -677.0 
1033.0 -672.0 
1016.0 -665.0 
1028.0 -678.0 
1024.0 -670.0 
1031.0 -661.0 
1027.0 -666.0 
1021.0 -681.0 
1018.0 -673.0 
1038.0 -679.0 
1023.0 -681.0 
1012.0 -679.0 
1032.0 -660.0 
1015.0 -675.0 
1034.0 -665.0 
1043.0 -680.0 
1025.0 -675.0 
1026.0 -665.0 
1022.0 -679.0 
1014.0 -676.0 
1009.0 -669.0 
1013.0 -672.0 
1030.0 -674.0 
1033.0 -680.0 
1020.0 -678.0 
1019.0 -681.0 
1011.0 -671.0 
1017.0 -681.0 
1035.0 -666.0 
1010.0 -671.0 
1029.0 -662.0 
1038.0 -685.0 
1041.0 -686.0 
1020.0 -684.0 
1044.0 -680.0 
1036.0 -667.0 
1039.0 -678.0 
1037.0 -674.0 
1037.0 -663.0 
1036.0 -675.0 
1035.0 -662.0 
1035.0 -683.0 
1035.0 -681.0 
1036.0 -676.0 
1040.0 -679.0 
1035.0 -682.0 
1035.0 -668.0 
1035.0 -669.0 
1035.0 -673.0 
1044.0 -680.0 
1039.0 -671.0 
1040.0 -679.0 
1037.0 -661.0 
1035.0 -668.0 
1036.0 -675.0 
1033.0 -672.0 
1009.0 -669.0 
1022.0 -679.0 
1015.0 -680.0 
1020.0 -678.0 
1011.0 -671.0 
1043.0 -680.0 
1029.0 -664.0 
1027.0 -680.0 
1036.0 -677.0 
1017.0 -681.0 
1021.0 -673.0 
1019.0 -667.0 
1026.0 -665.0 
1025.0 -668.0 
1024.0 -683.0 
1028.0 -678.0 
1023.0 -675.0 
1030.0 -683.0 
1014.0 -682.0 
1016.0 -667.0 
1013.0 -667.0 
1010.0 -673.0 
1012.0 -675.0 
1034.0 -663.0 
1031.0 -661.0 
1032.0 -660.0 
1018.0 -679.0 
1033.0 -680.0 
1035.0 -666.0 
1041.0 -686.0 
1038.0 -685.0 
1039.0 -678.0 
1037.0 -674.0 
1036.0 -667.0 
1037.0 -663.0 
1035.0 -662.0 
1040.0 -677.0 
1034.0 -660.0 
1035.0 -682.0 
1035.0 -673.0 
1035.0 -669.0 
1035.0 -683.0 
1035.0 -681.0 
1036.0 -676.0 
1037.0 -670.0 
1033.0 -660.0 
1013.0 -668.0 
1034.0 -665.0 
1039.0 -671.0 
1040.0 -679.0 
1035.0 -668.0 
1036.0 -675.0 
1037.0 -663.0 
1029.0 -664.0 
1010.0 -673.0 
1026.0 -665.0 
1028.0 -679.0 
1012.0 -672.0 
1021.0 -673.0 
1013.0 -672.0 
1019.0 -667.0 
1018.0 -680.0 
1014.0 -676.0 
1031.0 -661.0 
1022.0 -669.0 
1043.0 -680.0 
1027.0 -672.0 
1015.0 -674.0 
1011.0 -671.0 
1025.0 -665.0 
1033.0 -680.0 
1030.0 -665.0 
1032.0 -664.0 
1009.0 -669.0 
1023.0 -662.0 
1017.0 -678.0 
1020.0 -681.0 
1024.0 -670.0 
1016.0 -665.0 
1041.0 -686.0 
1038.0 -685.0 
1033.0 -672.0 
1013.0 -674.0 
1037.0 -661.0 
1040.0 -677.0 
1035.0 -673.0 
1035.0 -669.0 
1035.0 -681.0 
1037.0 -670.0 
1035.0 -683.0 
1035.0 -666.0 
1035.0 -662.0 
1036.0 -676.0 
1035.0 -682.0 
1014.0 -676.0 
1034.0 -664.0 
1040.0 -679.0 
1036.0 -676.0 
1035.0 -682.0 
1011.0 -671.0 
1043.0 -680.0 
1009.0 -669.0 
1025.0 -667.0 
1021.0 -681.0 
1012.0 -669.0 
1010.0 -671.0 
1027.0 -675.0 
1018.0 -679.0 
1026.0 -665.0 
1028.0 -660.0 
1014.0 -682.0 
1013.0 -667.0 
1022.0 -668.0 
1031.0 -661.0 
1029.0 -662.0 
1020.0 -681.0 
1024.0 -680.0 
1017.0 -681.0 
1030.0 -671.0 
