2854 -1152.6466666666668 300
2855 -1153.22 300
2856 -1153.5933333333332 300
2857 -1154.7566666666667 300
2858 -1155.63 300
2859 -1154.8233333333333 300
2860 -1152.06 300
2861 -1151.8833333333334 300
2862 -1152.53 300
2863 -1152.6266666666668 300
2864 -1152.6233333333332 300
2865 -1152.62 300
2866 -1152.6566666666668 300
2867 -1152.67 300
2868 -1152.67 300
2869 -1152.6666666666667 300
2870 -1152.6233333333332 300
2871 -1152.5233333333333 300
2872 -1152.29 300
2873 -1151.9766666666667 300
2874 -1152.0 300
2875 -1151.9033333333334 300
2876 -1151.7133333333334 300
2877 -1151.42 300
2878 -1150.9866666666667 300
2879 -1150.2666666666667 300
2880 -1149.1066666666666 300
2881 -1147.4866666666667 300
2882 -1144.3133333333333 300
2883 -1139.12 300
2884 -1140.7933333333333 300
2885 -1149.71 300
2886 -1148.6633333333334 300
2887 -1146.7166666666667 300
2888 -1145.2666666666667 300
2889 -1142.35 300
2890 -1142.02 300
2891 -1134.0033333333333 300
2892 -1136.2333333333333 300
2893 -1139.53 300
2894 -1143.98 300
2895 -1144.9933333333333 300
2896 -1138.0233333333333 300
2897 -1126.4333333333334 300
2898 -1123.2333333333333 300
2899 -1123.0666666666666 300
2900 -1122.89 300
2901 -1122.58 300
2902 -1121.6066666666666 300
2903 -1120.3833333333334 300
2904 -1117.5233333333333 300
2905 -1116.0 300
2906 -1115.0033333333333 300
2907 -1113.0933333333332 300
2908 -1110.1566666666668 300
2909 -1105.8666666666666 300
2910 -1098.9633333333334 300
2911 -1096.66 300
2912 -1095.1433333333334 300
2913 -1091.3366666666666 300
2914 -1093.1433333333334 300
2915 -1085.6833333333334 300
2916 -1088.66 300
2917 -1087.9333333333334 300
2918 -1087.71 300
2919 -1087.7166666666667 300
2920 -1087.7066666666667 300
2921 -1088.0066666666667 300
2922 -1088.0066666666667 300
2923 -1088.0066666666667 300
2924 -1088.05 300
2925 -1088.05 300
2926 -1088.0533333333333 300
2927 -1088.0966666666666 300
2928 -1088.05 300
2929 -1088.05 300
2930 -1088.0066666666667 300
2931 -1088.18 300
2932 -1088.14 300
2933 -1088.0966666666666 300
2934 -1087.7533333333333 300
2935 -1087.6233333333332 300
2936 -1087.6233333333332 300
2937 -1087.54 300
2938 -1087.4633333333334 300
2939 -1087.3433333333332 300
2940 -1087.26 300
2941 -1087.0933333333332 300
2942 -1086.97 300
2943 -1086.8466666666666 300
2944 -1086.6833333333334 300
2945 -1086.52 300
2946 -1086.63 300
2947 -1086.55 300
2948 -1086.78 300
2949 -1086.6966666666667 300
2950 -1086.53 300
2951 -1086.4066666666668 300
2952 -1085.3366666666666 300
2953 -1083.5366666666666 300
2954 -1079.46 300
2955 -1075.0 300
2956 -1075.2966666666666 300
2957 -1075.79 300
2958 -1076.4 300
2959 -1077.1866666666667 300
2960 -1077.2233333333334 300
2961 -1077.46 300
2962 -1079.24 300
2963 -1080.1766666666667 300
2964 -1078.9366666666667 300
2965 -1077.7533333333333 300
2966 -1073.2333333333333 300
2967 -1070.65 300
2968 -1073.7133333333334 300
2969 -1074.9433333333334 300
2970 -1076.7633333333333 300
2971 -1076.9566666666667 300
2972 -1072.55 300
2973 -1065.07 300
2974 -1053.9933333333333 300
2975 -1055.2633333333333 300
2976 -1056.6766666666667 300
2977 -1058.9966666666667 300
2978 -1063.1166666666666 300
2979 -1066.3933333333334 300
2980 -1071.94 300
2981 -1076.1533333333334 300
2982 -1078.67 300
2983 -1075.3366666666666 300
2984 -1071.3966666666668 300
2985 -1063.4633333333334 300
2986 -1057.7233333333334 300
2987 -1058.36 300
2988 -1060.67 300
2989 -1063.48 300
2990 -1067.3266666666666 300
2991 -1057.0 300
2992 -1058.5766666666666 300
2993 -1062.6366666666668 300
2994 -1067.19 300
2995 -1065.1933333333334 300
2996 -1066.1033333333332 300
2997 -1065.4933333333333 300
2998 -1061.7333333333333 300
2999 -1065.49 300
3000 -1051.6733333333334 300
3001 -1053.1366666666668 300
3002 -1054.0133333333333 300
3003 -1056.5766666666666 300
3004 -1057.4333333333334 300
3005 -1045.94 300
3006 -1044.8233333333333 300
3007 -1037.52 300
3008 -1037.3266666666666 300
3009 -1036.8 300
3010 -1035.0333333333333 300
3011 -1033.32 300
3012 -1033.6 300
3013 -1035.0633333333333 300
3014 -1037.2333333333333 300
3015 -1041.9 300
3016 -1044.1833333333334 300
3017 -1035.3633333333332 300
3018 -1033.8133333333333 300
3019 -1031.5566666666666 300
3020 -1033.1066666666666 300
3021 -1035.1066666666666 300
3022 -1037.23 300
3023 -1041.1133333333332 300
3024 -1040.25 300
3025 -1043.0666666666666 300
3026 -1045.3233333333333 300
3027 -1046.6666666666667 300
3028 -1024.8066666666666 300
3029 -1021.7966666666666 300
3030 -1021.6666666666666 300
3031 -1021.5366666666666 300
3032 -1021.45 300
3033 -1021.32 300
3034 -1021.19 300
3035 -1021.0166666666667 300
3036 -1020.8866666666667 300
3037 -1020.7133333333334 300
3038 -1020.54 300
3039 -1020.28 300
3040 -1020.1066666666667 300
3041 -1019.9333333333333 300
3042 -1019.76 300
3043 -1019.5433333333333 300
3044 -1019.2833333333333 300
3045 -1019.0666666666667 300
3046 -1019.11 300
3047 -1018.9366666666666 300
3048 -1018.72 300
3049 -1018.5466666666666 300
3050 -1016.4233333333333 300
3051 -1013.3033333333333 300
3052 -1010.14 300
3053 -1010.14 300
3054 -1010.14 300
3055 -1010.0966666666667 300
3056 -1010.01 300
3057 -1009.8366666666667 300
3058 -1009.6633333333333 300
3059 -1008.97 300
3060 -1007.5833333333334 300
3061 -1004.9833333333333 300
3062 -1000.0433333333333 300
3063 -993.89 300
3064 -993.63 300
3065 -992.4233333333333 300
3066 -989.7966666666666 300
3067 -985.88 300
3068 -985.8366666666667 300
3069 -985.7933333333333 300
3070 -985.75 300
3071 -985.7033333333334 300
3072 -985.5766666666667 300
3073 -985.3166666666667 300
3074 -984.58 300
3075 -983.11 300
3076 -980.65 300
3077 -976.1433333333333 300
3078 -978.6566666666666 300
3079 -981.9833333333333 300
3080 -982.1533333333333 300
3081 -979.4233333333333 300
3082 -974.6133333333333 300
3083 -974.7933333333333 300
3084 -975.18 300
3085 -975.9133333333333 300
3086 -976.2133333333334 300
3087 -976.5933333333334 300
3088 -976.1833333333333 300
3089 -976.1233333333333 300
3090 -972.4266666666666 300
3091 -971.8933333333333 300
3092 -972.98 300
3093 -973.15 300
3094 -972.8033333333333 300
3095 -972.76 300
3096 -972.76 300
3097 -972.76 300
3098 -972.76 300
3099 -972.6633333333333 300
3100 -972.6166666666667 300
3101 -972.6266666666667 300
3102 -972.64 300
3103 -972.5733333333334 300
3104 -972.1833333333333 300
3105 -971.7066666666667 300
3106 -971.0133333333333 300
3107 -969.9133333333333 300
3108 -967.5666666666667 300
3109 -963.76 300
3110 -961.7566666666667 300
3111 -960.3 300
3112 -960.4033333333333 300
3113 -959.6033333333334 300
3114 -959.0666666666667 300
3115 -958.5066666666667 300
3116 -958.4333333333333 300
3117 -957.8133333333334 300
3118 -957.72 300
3119 -955.7433333333333 300
3120 -954.65 300
3121 -953.4566666666667 300
3122 -951.37 300
3123 -952.6266666666667 300
3124 -955.7033333333334 300
3125 -956.0 300
3126 -954.2633333333333 300
3127 -953.96 300
3128 -953.7433333333333 300
3129 -952.8333333333334 300
3130 -952.1433333333333 300
3131 -953.1866666666666 300
3132 -952.28 300
3133 -950.95 300
3134 -948.96 300
3135 -945.2033333333334 300
3136 -936.6 300
3137 -929.8533333333334 300
3138 -929.9533333333334 300
3139 -930.0033333333333 300
3140 -930.1933333333334 300
3141 -930.5366666666666 300
3142 -930.8266666666667 300
3143 -929.8066666666666 300
3144 -929.8266666666667 300
3145 -929.89 300
3146 -929.96 300
3147 -929.95 300
3148 -929.9066666666666 300
3149 -929.0833333333334 300
3150 -929.0233333333333 300
3151 -928.9666666666667 300
3152 -928.8633333333333 300
3153 -928.7566666666667 300
3154 -928.7233333333334 300
3155 -929.0366666666666 300
3156 -929.0366666666666 300
3157 -929.03 300
3158 -929.0233333333333 300
3159 -929.11 300
3160 -929.09 300
3161 -929.1133333333333 300
3162 -929.05 300
3163 -928.9566666666667 300
3164 -929.1733333333333 300
3165 -929.1733333333333 300
3166 -929.18 300
3167 -929.18 300
3168 -928.9733333333334 300
3169 -928.8766666666667 300
3170 -928.6033333333334 300
3171 -928.1766666666666 300
3172 -928.2633333333333 300
3173 -927.78 300
3174 -926.54 300
3175 -924.5633333333334 300
3176 -920.8066666666666 300
3177 -923.24 300
3178 -918.8366666666667 300
3179 -911.99 300
3180 -911.11 300
3181 -913.73 300
3182 -913.49 300
3183 -904.1733333333333 300
3184 -895.66 300
3185 -895.1566666666666 300
3186 -894.59 300
3187 -893.58 300
3188 -894.0966666666667 300
3189 -891.2333333333333 300
3190 -886.4133333333333 300
3191 -884.2133333333334 300
3192 -880.1166666666667 300
3193 -870.6733333333333 300
3194 -870.92 300
3195 -871.2133333333334 300
3196 -871.46 300
3197 -872.98 300
3198 -873.8433333333334 300
3199 -875.77 300
3200 -877.4033333333333 300
3201 -879.51 300
3202 -880.5266666666666 300
3203 -879.2966666666666 300
3204 -879.97 300
3205 -873.44 300
3206 -874.04 300
3207 -875.4566666666667 300
3208 -876.22 300
3209 -870.44 300
3210 -870.35 300
3211 -870.3466666666667 300
3212 -870.73 300
3213 -870.92 300
3214 -870.6766666666666 300
3215 -871.1 300
3216 -870.96 300
3217 -870.8366666666667 300
3218 -870.8266666666667 300
3219 -870.3733333333333 300
3220 -870.07 300
3221 -869.4966666666667 300
3222 -870.91 300
3223 -870.7233333333334 300
3224 -870.73 300
3225 -870.74 300
3226 -870.59 300
3227 -870.5133333333333 300
3228 -870.59 300
3229 -870.7266666666667 300
3230 -870.8866666666667 300
3231 -871.05 300
3232 -871.0266666666666 300
3233 -869.8 300
3234 -869.6733333333333 300
3235 -869.69 300
3236 -869.6233333333333 300
3237 -869.5166666666667 300
3238 -869.4066666666666 300
3239 -869.3066666666666 300
3240 -868.67 300
3241 -867.1766666666666 300
3242 -865.57 300
3243 -864.0866666666667 300
3244 -860.58 300
3245 -865.31 300
3246 -862.3966666666666 300
3247 -861.59 300
3248 -867.26 300
3249 -868.53 300
3250 -868.32 300
3251 -867.87 300
3252 -867.39 300
3253 -865.8833333333333 300
3254 -864.2566666666667 300
3255 -866.37 300
3256 -864.96 300
3257 -863.8466666666667 300
3258 -863.7933333333333 300
3259 -863.5966666666667 300
3260 -863.4866666666667 300
3261 -863.4266666666666 300
3262 -864.1766666666666 300
3263 -860.51 300
3264 -855.48 300
3265 -849.6966666666667 300
3266 -849.1233333333333 300
3267 -849.4833333333333 300
3268 -849.95 300
3269 -850.44 300
3270 -848.6866666666666 300
3271 -848.3766666666667 300
3272 -848.6666666666666 300
3273 -848.89 300
3274 -849.08 300
3275 -849.23 300
3276 -849.38 300
3277 -849.7233333333334 300
3278 -850.2033333333334 300
3279 -850.5833333333334 300
3280 -851.2333333333333 300
3281 -852.12 300
3282 -853.43 300
3283 -855.8633333333333 300
3284 -853.5066666666667 300
3285 -849.9833333333333 300
3286 -847.8733333333333 300
3287 -848.3333333333334 300
3288 -849.0266666666666 300
3289 -849.64 300
3290 -850.1566666666666 300
3291 -851.4166666666666 300
3292 -851.9433333333334 300
3293 -853.28 300
3294 -854.02 300
3295 -853.8233333333334 300
3296 -853.75 300
3297 -853.8766666666667 300
3298 -850.9 300
3299 -851.7366666666667 300
3300 -853.2366666666667 300
3301 -852.0433333333333 300
3302 -852.6933333333334 300
3303 -854.48 300
3304 -856.6366666666667 300
3305 -855.2366666666667 300
3306 -855.2966666666666 300
3307 -855.4333333333333 300
3308 -855.5833333333334 300
3309 -855.7633333333333 300
3310 -856.0966666666667 300
3311 -856.6066666666667 300
3312 -856.47 300
3313 -856.4533333333334 300
3314 -856.3933333333333 300
3315 -856.3666666666667 300
3316 -856.2333333333333 300
3317 -855.7033333333334 300
3318 -855.0566666666666 300
3319 -854.13 300
3320 -851.8666666666667 300
3321 -849.3933333333333 300
3322 -849.1366666666667 300
3323 -849.14 300
3324 -850.3766666666667 300
3325 -852.04 300
3326 -852.52 300
3327 -851.5966666666667 300
3328 -854.18 300
3329 -854.3433333333334 300
3330 -854.2866666666666 300
3331 -854.1466666666666 300
3332 -854.0633333333334 300
3333 -854.0233333333333 300
3334 -853.96 300
3335 -853.39 300
3336 -853.26 300
3337 -853.0433333333333 300
3338 -852.61 300
3339 -851.79 300
3340 -849.68 300
3341 -846.3433333333334 300
3342 -841.8566666666667 300
3343 -841.8566666666667 300
3344 -841.8566666666667 300
3345 -841.8566666666667 300
3346 -841.48 300
3347 -841.48 300
3348 -841.48 300
3349 -841.5233333333333 300
3350 -841.5666666666667 300
3351 -841.61 300
3352 -841.83 300
3353 -841.9633333333334 300
3354 -842.0866666666667 300
3355 -842.1766666666666 300
3356 -841.4833333333333 300
3357 -841.4833333333333 300
3358 -841.4833333333333 300
3359 -841.4833333333333 300
3360 -841.4766666666667 300
3361 -841.4733333333334 300
3362 -841.4733333333334 300
3363 -841.4733333333334 300
3364 -841.4733333333334 300
3365 -841.4733333333334 300
3366 -841.4266666666666 300
3367 -841.4266666666666 300
3368 -841.4266666666666 300
3369 -841.47 300
3370 -841.57 300
3371 -841.6233333333333 300
3372 -841.7166666666667 300
3373 -841.7166666666667 300
3374 -841.7166666666667 300
3375 -841.8133333333334 300
3376 -841.92 300
3377 -842.0166666666667 300
3378 -842.2633333333333 300
3379 -842.8966666666666 300
3380 -844.6933333333334 300
3381 -847.8033333333333 300
3382 -853.69 300
3383 -854.6333333333333 300
3384 -854.64 300
3385 -854.0666666666667 300
3386 -851.72 300
3387 -853.5233333333333 300
3388 -855.9833333333333 300
3389 -849.6966666666667 300
3390 -852.0966666666667 300
3391 -854.4066666666666 300
3392 -856.1933333333334 300
3393 -856.2166666666667 300
3394 -856.17 300
3395 -855.66 300
3396 -854.5066666666667 300
3397 -852.67 300
3398 -851.6466666666666 300
3399 -851.9033333333333 300
3400 -852.0866666666667 300
3401 -852.3666666666667 300
3402 -854.26 300
3403 -856.8266666666667 300
3404 -856.9 300
3405 -857.0566666666666 300
3406 -857.04 300
3407 -857.09 300
3408 -857.3 300
3409 -857.5066666666667 300
3410 -857.62 300
3411 -857.6466666666666 300
3412 -857.78 300
3413 -857.8766666666667 300
3414 -858.3066666666666 300
3415 -858.3966666666666 300
3416 -858.65 300
3417 -859.0733333333334 300
3418 -857.9066666666666 300
3419 -857.2233333333334 300
3420 -855.17 300
3421 -849.2633333333333 300
3422 -849.4466666666667 300
3423 -849.7266666666667 300
3424 -849.8133333333334 300
3425 -850.3 300
3426 -851.12 300
3427 -852.68 300
3428 -854.64 300
3429 -856.21 300
3430 -856.21 300
3431 -856.2166666666667 300
3432 -856.1833333333333 300
3433 -856.14 300
3434 -856.2866666666666 300
3435 -855.7333333333333 300
3436 -855.6866666666666 300
3437 -855.7366666666667 300
3438 -855.4833333333333 300
3439 -855.1133333333333 300
3440 -855.0666666666667 300
3441 -854.9766666666667 300
3442 -855.08 300
3443 -855.08 300
3444 -855.08 300
3445 -855.1966666666667 300
3446 -855.3 300
3447 -856.4333333333333 300
3448 -856.44 300
3449 -856.4466666666667 300
3450 -856.4966666666667 300
3451 -856.5033333333333 300
3452 -856.5633333333334 300
3453 -856.4833333333333 300
3454 -856.33 300
3455 -857.0433333333333 300
3456 -857.1466666666666 300
3457 -857.24 300
3458 -857.22 300
3459 -857.3133333333334 300
3460 -857.06 300
3461 -856.3133333333334 300
3462 -854.6466666666666 300
3463 -854.7433333333333 300
3464 -851.93 300
3465 -852.1466666666666 300
3466 -852.3733333333333 300
3467 -852.5566666666666 300
3468 -852.6533333333333 300
3469 -852.8366666666667 300
3470 -852.9766666666667 300
3471 -853.03 300
3472 -853.31 300
3473 -853.8166666666667 300
3474 -854.3033333333333 300
3475 -854.39 300
3476 -854.53 300
3477 -854.6166666666667 300
3478 -852.5166666666667 300
3479 -852.31 300
3480 -853.4966666666667 300
3481 -854.7933333333333 300
3482 -856.4133333333333 300
3483 -858.8466666666667 300
3484 -858.8466666666667 300
3485 -858.76 300
3486 -858.78 300
3487 -858.79 300
3488 -858.5966666666667 300
3489 -858.6566666666666 300
3490 -858.5466666666666 300
3491 -858.5666666666667 300
3492 -859.61 300
3493 -859.5 300
3494 -859.4966666666667 300
3495 -859.9266666666666 300
3496 -859.87 300
3497 -859.8766666666667 300
3498 -859.8333333333334 300
3499 -859.92 300
3500 -856.0533333333333 300
3501 -853.9466666666667 300
3502 -854.08 300
3503 -852.65 300
3504 -852.7133333333334 300
3505 -852.7166666666667 300
3506 -852.8533333333334 300
3507 -853.0233333333333 300
3508 -852.99 300
3509 -853.0333333333333 300
3510 -852.9033333333333 300
3511 -852.9933333333333 300
3512 -853.0966666666667 300
3513 -854.4866666666667 300
3514 -854.49 300
3515 -853.9266666666666 300
3516 -852.54 300
3517 -851.3233333333334 300
3518 -852.8466666666667 300
3519 -854.7133333333334 300
3520 -854.9433333333334 300
3521 -855.1266666666667 300
3522 -855.04 300
3523 -854.9966666666667 300
3524 -854.9533333333334 300
3525 -854.9566666666667 300
3526 -854.96 300
3527 -855.0666666666667 300
3528 -855.1233333333333 300
3529 -854.9566666666667 300
3530 -854.5366666666666 300
3531 -854.1566666666666 300
3532 -852.8566666666667 300
3533 -850.8666666666667 300
3534 -849.99 300
3535 -850.63 300
3536 -852.0266666666666 300
3537 -853.6933333333334 300
3538 -855.38 300
3539 -855.4266666666666 300
3540 -855.3533333333334 300
3541 -854.52 300
3542 -855.44 300
3543 -855.4433333333334 300
3544 -854.4033333333333 300
3545 -853.1466666666666 300
3546 -850.1733333333333 300
3547 -851.0133333333333 300
3548 -849.2366666666667 300
3549 -846.15 300
3550 -846.15 300
3551 -846.2766666666666 300
3552 -846.4033333333333 300
3553 -846.3366666666667 300
3554 -845.88 300
3555 -844.9633333333334 300
3556 -846.21 300
3557 -846.2533333333333 300
3558 -846.5366666666666 300
3559 -847.1833333333333 300
3560 -847.7566666666667 300
3561 -849.0666666666667 300
3562 -851.4733333333334 300
3563 -855.26 300
3564 -861.65 300
3565 -862.1766666666666 300
3566 -864.8233333333334 300
3567 -863.19 300
3568 -859.9266666666666 300
3569 -860.2233333333334 300
3570 -860.31 300
3571 -860.8733333333333 300
3572 -858.9133333333333 300
3573 -858.9433333333334 300
3574 -858.9833333333333 300
3575 -859.2633333333333 300
3576 -859.4233333333333 300
3577 -859.9733333333334 300
3578 -860.37 300
3579 -860.7033333333334 300
3580 -860.7866666666666 300
3581 -860.8433333333334 300
3582 -861.6966666666667 300
3583 -862.6433333333333 300
3584 -864.5833333333334 300
3585 -865.03 300
3586 -863.91 300
3587 -861.8333333333334 300
3588 -865.69 300
3589 -865.0633333333334 300
3590 -864.73 300
3591 -864.0133333333333 300
3592 -862.7066666666667 300
3593 -860.1166666666667 300
3594 -857.3133333333334 300
3595 -856.5733333333334 300
3596 -858.84 300
3597 -858.9466666666667 300
3598 -858.9666666666667 300
3599 -859.0366666666666 300
3600 -858.5166666666667 300
3601 -859.46 300
3602 -860.84 300
3603 -861.22 300
3604 -862.3233333333334 300
3605 -863.8233333333334 300
3606 -863.5366666666666 300
3607 -862.86 300
3608 -861.26 300
3609 -859.7266666666667 300
3610 -855.33 300
3611 -854.95 300
3612 -857.8133333333334 300
3613 -857.7633333333333 300
3614 -857.7966666666666 300
3615 -857.7466666666667 300
3616 -857.6966666666667 300
3617 -857.68 300
3618 -857.6633333333333 300
3619 -857.57 300
3620 -857.5533333333333 300
3621 -857.4933333333333 300
3622 -856.8066666666666 300
3623 -856.4866666666667 300
3624 -855.9866666666667 300
3625 -854.46 300
3626 -852.23 300
3627 -848.0366666666666 300
3628 -847.36 300
3629 -846.57 300
3630 -846.7533333333333 300
3631 -846.8866666666667 300
3632 -846.9866666666667 300
3633 -847.0833333333334 300
3634 -845.2433333333333 300
3635 -845.3266666666667 300
3636 -845.46 300
3637 -845.56 300
3638 -845.61 300
3639 -845.61 300
3640 -845.66 300
3641 -845.7933333333333 300
3642 -845.9366666666666 300
3643 -846.07 300
3644 -846.1533333333333 300
3645 -846.2866666666666 300
3646 -846.44 300
3647 -846.44 300
3648 -846.77 300
3649 -847.07 300
3650 -847.52 300
3651 -847.8833333333333 300
3652 -848.03 300
3653 -848.3033333333333 300
3654 -848.5066666666667 300
3655 -848.5733333333334 300
3656 -848.75 300
3657 -848.8 300
3658 -848.9333333333333 300
3659 -849.16 300
3660 -849.67 300
3661 -849.8133333333334 300
3662 -850.0833333333334 300
3663 -850.3533333333334 300
3664 -850.4833333333333 300
3665 -848.3333333333334 300
3666 -846.1133333333333 300
3667 -846.33 300
3668 -846.5033333333333 300
3669 -846.7233333333334 300
3670 -847.1033333333334 300
3671 -847.2866666666666 300
3672 -847.76 300
3673 -848.0533333333333 300
3674 -848.5366666666666 300
3675 -849.3633333333333 300
3676 -849.45 300
3677 -849.6666666666666 300
3678 -850.5966666666667 300
3679 -849.83 300
3680 -850.96 300
3681 -851.61 300
3682 -850.3033333333333 300
3683 -850.7733333333333 300
3684 -852.0566666666666 300
3685 -851.7566666666667 300
3686 -852.4366666666666 300
3687 -853.41 300
3688 -854.6866666666666 300
3689 -856.6833333333333 300
3690 -857.26 300
3691 -857.9133333333333 300
3692 -861.1833333333333 300
3693 -863.87 300
3694 -863.7966666666666 300
3695 -863.0166666666667 300
3696 -861.9533333333334 300
3697 -863.44 300
3698 -862.26 300
3699 -864.6533333333333 300
3700 -864.1033333333334 300
3701 -863.2266666666667 300
3702 -861.97 300
3703 -861.1166666666667 300
3704 -860.1333333333333 300
3705 -860.4633333333334 300
3706 -861.4066666666666 300
3707 -859.4633333333334 300
3708 -856.76 300
3709 -856.56 300
3710 -856.86 300
3711 -856.8533333333334 300
3712 -856.8833333333333 300
3713 -856.8133333333334 300
3714 -856.9433333333334 300
3715 -857.0233333333333 300
3716 -857.12 300
3717 -857.1566666666666 300
3718 -857.1566666666666 300
3719 -857.4233333333333 300
3720 -856.8633333333333 300
3721 -856.9366666666666 300
3722 -856.9366666666666 300
3723 -856.9333333333333 300
3724 -856.93 300
3725 -857.04 300
3726 -857.1033333333334 300
3727 -857.1333333333333 300
3728 -857.1133333333333 300
3729 -857.12 300
3730 -857.1166666666667 300
3731 -857.1066666666667 300
3732 -857.1433333333333 300
3733 -857.1 300
3734 -857.0566666666666 300
3735 -857.0566666666666 300
3736 -857.0033333333333 300
3737 -857.27 300
3738 -857.3033333333333 300
3739 -857.3766666666667 300
3740 -857.3733333333333 300
3741 -857.3466666666667 300
3742 -857.1566666666666 300
3743 -857.3066666666666 300
3744 -857.02 300
3745 -857.0566666666666 300
3746 -857.1633333333333 300
3747 -857.22 300
3748 -857.45 300
3749 -857.97 300
3750 -858.0266666666666 300
3751 -858.1633333333333 300
3752 -858.3466666666667 300
3753 -858.0966666666667 300
3754 -858.2466666666667 300
3755 -858.62 300
3756 -857.8933333333333 300
3757 -855.3633333333333 300
3758 -855.32 300
3759 -855.02 300
3760 -854.8433333333334 300
3761 -854.8666666666667 300
3762 -854.8733333333333 300
3763 -854.9233333333333 300
3764 -854.9666666666667 300
3765 -855.0433333333333 300
3766 -855.1533333333333 300
3767 -855.2933333333333 300
3768 -855.5766666666667 300
3769 -855.7033333333334 300
3770 -855.7 300
3771 -855.6966666666667 300
3772 -855.6966666666667 300
3773 -855.6933333333334 300
3774 -855.69 300
3775 -855.7266666666667 300
3776 -855.7233333333334 300
3777 -855.72 300
3778 -855.7166666666667 300
3779 -855.7066666666667 300
3780 -855.79 300
3781 -855.7666666666667 300
3782 -855.7666666666667 300
3783 -855.73 300
3784 -855.6266666666667 300
3785 -855.5066666666667 300
3786 -855.3966666666666 300
3787 -855.4433333333334 300
3788 -855.45 300
3789 -855.5 300
3790 -855.51 300
3791 -855.5466666666666 300
3792 -855.5966666666667 300
3793 -855.61 300
3794 -855.74 300
3795 -856.0133333333333 300
3796 -856.2466666666667 300
3797 -856.28 300
3798 -856.2766666666666 300
3799 -856.27 300
3800 -856.3 300
3801 -856.2933333333333 300
3802 -856.33 300
3803 -856.3633333333333 300
3804 -856.3133333333334 300
3805 -856.31 300
3806 -856.3433333333334 300
3807 -856.3366666666667 300
3808 -856.3566666666667 300
3809 -856.35 300
3810 -856.3433333333334 300
3811 -856.4166666666666 300
3812 -856.4833333333333 300
3813 -856.5133333333333 300
3814 -856.5033333333333 300
3815 -856.53 300
3816 -856.5566666666666 300
3817 -856.5833333333334 300
3818 -856.61 300
3819 -856.5566666666666 300
3820 -856.35 300
3821 -856.29 300
3822 -856.3133333333334 300
3823 -856.4 300
3824 -856.5033333333333 300
3825 -856.6466666666666 300
3826 -856.36 300
3827 -856.3966666666666 300
3828 -856.48 300
3829 -856.4833333333333 300
3830 -856.4866666666667 300
3831 -856.5366666666666 300
3832 -856.5966666666667 300
3833 -856.69 300
3834 -856.7366666666667 300
3835 -856.75 300
3836 -856.7533333333333 300
3837 -856.76 300
3838 -856.2733333333333 300
3839 -856.31 300
3840 -856.38 300
3841 -856.4233333333333 300
3842 -856.4833333333333 300
3843 -856.58 300
3844 -856.75 300
3845 -856.92 300
3846 -857.0666666666667 300
3847 -857.2933333333333 300
3848 -857.4366666666666 300
3849 -857.3666666666667 300
3850 -857.5266666666666 300
3851 -855.0833333333334 300
3852 -854.7666666666667 300
3853 -854.8833333333333 300
3854 -854.7533333333333 300
3855 -854.76 300
3856 -854.7633333333333 300
3857 -854.4633333333334 300
3858 -854.4633333333334 300
3859 -854.4633333333334 300
3860 -854.4666666666667 300
3861 -854.4666666666667 300
3862 -854.4666666666667 300
3863 -854.4666666666667 300
3864 -854.47 300
3865 -854.4733333333334 300
3866 -854.4733333333334 300
3867 -854.4833333333333 300
3868 -854.4833333333333 300
3869 -854.4833333333333 300
3870 -854.49 300
3871 -854.49 300
3872 -854.49 300
3873 -854.54 300
3874 -854.59 300
3875 -854.6433333333333 300
3876 -854.6533333333333 300
3877 -854.6633333333333 300
3878 -854.77 300
3879 -854.82 300
3880 -854.6966666666667 300
3881 -854.7033333333334 300
3882 -854.7933333333333 300
3883 -854.8 300
3884 -854.8 300
3885 -854.73 300
3886 -854.5333333333333 300
3887 -854.3266666666667 300
3888 -854.3266666666667 300
3889 -854.2733333333333 300
3890 -854.1133333333333 300
3891 -853.8733333333333 300
3892 -853.7133333333334 300
3893 -853.98 300
3894 -853.9433333333334 300
3895 -853.89 300
3896 -853.7833333333333 300
3897 -853.73 300
3898 -853.6766666666666 300
3899 -853.6766666666666 300
3900 -853.2966666666666 300
3901 -852.2833333333333 300
3902 -850.0 300
3903 -845.6166666666667 300
3904 -839.8366666666667 300
3905 -839.8366666666667 300
3906 -839.8933333333333 300
3907 -839.8933333333333 300
3908 -839.6066666666667 300
3909 -839.6066666666667 300
3910 -839.66 300
3911 -839.66 300
3912 -839.66 300
3913 -839.66 300
3914 -839.7666666666667 300
3915 -839.8733333333333 300
3916 -839.8733333333333 300
3917 -839.9166666666666 300
3918 -840.0133333333333 300
3919 -840.0133333333333 300
3920 -840.0666666666667 300
3921 -840.0666666666667 300
3922 -838.9833333333333 300
3923 -838.6733333333333 300
3924 -838.6733333333333 300
3925 -838.6733333333333 300
3926 -838.63 300
3927 -838.6333333333333 300
3928 -838.6433333333333 300
3929 -838.6566666666666 300
3930 -838.6733333333333 300
3931 -838.7366666666667 300
3932 -838.7666666666667 300
3933 -838.9166666666666 300
3934 -839.0766666666667 300
3935 -839.3033333333333 300
3936 -838.96 300
3937 -838.95 300
3938 -838.8266666666667 300
3939 -838.6066666666667 300
3940 -838.6533333333333 300
3941 -838.7466666666667 300
3942 -838.8966666666666 300
3943 -838.76 300
3944 -838.9566666666667 300
3945 -839.1233333333333 300
3946 -839.3166666666667 300
3947 -839.4833333333333 300
3948 -839.6166666666667 300
3949 -839.7666666666667 300
3950 -838.5466666666666 300
3951 -838.5 300
3952 -838.5 300
3953 -838.5 300
3954 -838.5 300
3955 -838.6033333333334 300
3956 -838.4766666666667 300
3957 -838.4766666666667 300
3958 -838.4766666666667 300
3959 -838.5766666666667 300
3960 -838.5766666666667 300
3961 -838.4833333333333 300
3962 -838.4333333333333 300
3963 -838.4333333333333 300
3964 -838.4333333333333 300
3965 -838.4866666666667 300
3966 -838.4866666666667 300
3967 -838.1033333333334 300
3968 -838.1033333333334 300
3969 -838.1033333333334 300
3970 -838.1033333333334 300
3971 -838.1033333333334 300
3972 -838.1033333333334 300
3973 -838.1033333333334 300
3974 -838.1033333333334 300
3975 -838.1033333333334 300
3976 -838.1033333333334 300
3977 -838.04 300
3978 -838.0 300
3979 -838.0033333333333 300
3980 -838.0033333333333 300
3981 -838.0033333333333 300
3982 -838.0066666666667 300
3983 -838.0066666666667 300
3984 -838.0 300
3985 -838.0 300
3986 -838.0 300
3987 -838.0 300
3988 -838.0 300
3989 -838.0 300
3990 -838.0 300
3991 -838.0433333333333 300
3992 -838.14 300
3993 -838.14 300
3994 -838.14 300
3995 -838.0466666666666 300
3996 -838.0 300
3997 -838.0 300
3998 -838.0 300
3999 -838.0 300
4000 -838.0 300
4001 -838.0 300
4002 -838.0 300
4003 -838.0 300
4004 -838.0 300
4005 -838.0 300
4006 -838.0 300
4007 -838.0433333333333 300
4008 -838.0433333333333 300
4009 -838.0433333333333 300
4010 -838.0433333333333 300
4011 -838.0 300
4012 -837.9566666666667 300
4013 -837.9133333333333 300
4014 -837.87 300
4015 -838.0 300
4016 -838.0 300
4017 -838.0 300
4018 -838.0 300
4019 -838.14 300
4020 -838.28 300
4021 -838.0866666666667 300
4022 -838.13 300
4023 -838.0866666666667 300
4024 -838.0866666666667 300
4025 -838.1833333333333 300
4026 -838.1833333333333 300
4027 -838.1833333333333 300
4028 -838.1833333333333 300
4029 -838.1833333333333 300
4030 -838.1833333333333 300
4031 -838.1833333333333 300
4032 -838.1833333333333 300
4033 -838.1833333333333 300
4034 -838.23 300
4035 -838.23 300
4036 -838.1166666666667 300
4037 -838.1166666666667 300
4038 -838.23 300
4039 -838.23 300
4040 -838.23 300
4041 -838.23 300
4042 -838.23 300
4043 -838.23 300
4044 -838.23 300
4045 -838.23 300
4046 -838.2866666666666 300
4047 -838.3333333333334 300
4048 -838.3366666666667 300
4049 -838.4366666666666 300
4050 -838.6333333333333 300
4051 -838.6333333333333 300
4052 -838.58 300
4053 -838.4266666666666 300
4054 -838.5133333333333 300
4055 -838.22 300
4056 -838.3066666666666 300
4057 -838.35 300
4058 -838.35 300
4059 -838.35 300
4060 -838.35 300
4061 -838.35 300
4062 -838.09 300
4063 -838.0933333333334 300
4064 -838.0933333333334 300
4065 -838.0966666666667 300
4066 -838.1 300
4067 -838.1 300
4068 -838.0566666666666 300
4069 -837.97 300
4070 -837.8866666666667 300
4071 -837.7166666666667 300
4072 -837.4166666666666 300
4073 -837.7633333333333 300
4074 -837.68 300
4075 -837.6366666666667 300
4076 -837.5533333333333 300
4077 -837.51 300
4078 -837.34 300
4079 -837.2533333333333 300
4080 -837.5333333333333 300
4081 -837.1433333333333 300
4082 -836.6233333333333 300
4083 -837.5766666666667 300
4084 -837.49 300
4085 -836.9733333333334 300
4086 -836.67 300
4087 -835.4166666666666 300
4088 -836.6733333333333 300
4089 -835.85 300
4090 -834.03 300
4091 -833.38 300
4092 -829.3933333333333 300
4093 -829.1766666666666 300
4094 -827.96 300
4095 -828.0466666666666 300
4096 -825.5366666666666 300
4097 -825.5366666666666 300
4098 -825.5366666666666 300
4099 -825.5366666666666 300
4100 -825.5366666666666 300
4101 -825.5366666666666 300
4102 -825.5366666666666 300
4103 -825.5366666666666 300
4104 -825.5366666666666 300
4105 -825.5366666666666 300
4106 -825.5366666666666 300
4107 -825.5366666666666 300
4108 -825.5366666666666 300
4109 -825.4933333333333 300
4110 -825.45 300
4111 -825.4066666666666 300
4112 -825.32 300
4113 -825.2333333333333 300
4114 -825.19 300
4115 -825.1466666666666 300
4116 -824.81 300
4117 -823.8566666666667 300
4118 -822.47 300
4119 -819.3933333333333 300
4120 -813.1533333333333 300
4121 -813.1533333333333 300
4122 -813.1533333333333 300
4123 -813.1966666666667 300
4124 -813.24 300
4125 -813.24 300
4126 -813.2833333333333 300
4127 -813.3266666666667 300
4128 -813.3266666666667 300
4129 -813.4266666666666 300
4130 -813.47 300
4131 -813.5133333333333 300
4132 -813.5133333333333 300
4133 -813.6 300
4134 -813.6 300
4135 -813.6433333333333 300
4136 -813.6433333333333 300
4137 -813.6866666666666 300
4138 -813.73 300
4139 -813.5466666666666 300
4140 -812.8966666666666 300
4141 -812.8966666666666 300
4142 -812.8533333333334 300
4143 -812.3633333333333 300
4144 -812.3633333333333 300
4145 -812.3633333333333 300
4146 -812.3633333333333 300
4147 -812.32 300
4148 -812.32 300
4149 -812.2766666666666 300
4150 -812.3633333333333 300
4151 -812.32 300
4152 -812.45 300
4153 -812.4966666666667 300
4154 -812.4066666666666 300
4155 -812.3633333333333 300
4156 -812.3633333333333 300
4157 -812.3633333333333 300
4158 -812.3633333333333 300
4159 -812.45 300
4160 -812.45 300
4161 -812.45 300
4162 -812.55 300
4163 -812.55 300
4164 -812.6466666666666 300
4165 -812.9466666666667 300
4166 -812.9466666666667 300
4167 -813.1466666666666 300
4168 -813.69 300
4169 -814.39 300
4170 -814.9933333333333 300
4171 -814.9933333333333 300
4172 -814.9933333333333 300
4173 -815.0933333333334 300
4174 -815.1933333333334 300
4175 -815.2933333333333 300
4176 -815.3933333333333 300
4177 -815.3966666666666 300
4178 -815.7966666666666 300
4179 -815.9966666666667 300
4180 -816.2833333333333 300
4181 -816.57 300
4182 -816.77 300
4183 -816.78 300
4184 -816.88 300
4185 -817.0233333333333 300
4186 -817.13 300
4187 -817.3333333333334 300
4188 -817.4966666666667 300
4189 -817.7033333333334 300
4190 -817.9133333333333 300
4191 -818.4966666666667 300
4192 -818.8366666666667 300
4193 -819.2066666666667 300
4194 -819.3533333333334 300
4195 -820.0633333333334 300
4196 -820.1666666666666 300
4197 -820.3566666666667 300
4198 -820.55 300
4199 -820.6566666666666 300
4200 -821.6066666666667 300
4201 -822.7733333333333 300
4202 -823.85 300
4203 -825.4566666666667 300
4204 -815.82 300
4205 -813.97 300
4206 -813.7233333333334 300
4207 -813.7233333333334 300
4208 -813.7233333333334 300
4209 -813.7233333333334 300
4210 -813.73 300
4211 -813.7333333333333 300
4212 -813.91 300
4213 -813.9166666666666 300
4214 -813.9766666666667 300
4215 -813.9933333333333 300
4216 -814.0333333333333 300
4217 -814.08 300
4218 -814.26 300
4219 -814.62 300
4220 -814.9233333333333 300
4221 -814.9233333333333 300
4222 -815.0066666666667 300
4223 -815.0066666666667 300
4224 -815.0766666666667 300
4225 -815.09 300
4226 -815.09 300
4227 -815.14 300
4228 -815.14 300
4229 -815.14 300
4230 -815.14 300
4231 -815.14 300
4232 -815.2233333333334 300
4233 -815.2666666666667 300
4234 -815.2666666666667 300
4235 -815.3533333333334 300
4236 -815.3566666666667 300
4237 -815.4766666666667 300
4238 -815.6033333333334 300
4239 -815.9866666666667 300
4240 -816.0266666666666 300
4241 -816.1166666666667 300
4242 -815.68 300
4243 -815.6366666666667 300
4244 -815.76 300
4245 -815.7566666666667 300
4246 -815.4966666666667 300
4247 -815.8866666666667 300
4248 -815.93 300
4249 -815.74 300
4250 -813.35 300
4251 -813.35 300
4252 -813.35 300
4253 -813.35 300
4254 -813.35 300
4255 -813.35 300
4256 -813.35 300
4257 -813.35 300
4258 -813.35 300
4259 -813.35 300
4260 -813.4466666666667 300
4261 -813.63 300
4262 -813.6833333333333 300
4263 -813.9733333333334 300
4264 -814.65 300
4265 -815.52 300
4266 -816.7233333333334 300
4267 -819.5266666666666 300
4268 -822.2766666666666 300
4269 -823.3566666666667 300
4270 -813.3866666666667 300
4271 -813.3866666666667 300
4272 -813.3866666666667 300
4273 -813.3866666666667 300
4274 -813.3866666666667 300
4275 -813.3866666666667 300
4276 -813.3866666666667 300
4277 -813.3866666666667 300
4278 -813.43 300
4279 -813.43 300
4280 -813.3866666666667 300
4281 -813.39 300
4282 -813.49 300
4283 -813.49 300
4284 -813.49 300
4285 -813.59 300
4286 -813.59 300
4287 -813.3 300
4288 -813.3 300
4289 -813.3 300
4290 -813.3 300
4291 -813.3 300
4292 -813.39 300
4293 -813.39 300
4294 -813.39 300
4295 -813.39 300
4296 -813.39 300
4297 -813.3933333333333 300
4298 -813.3933333333333 300
4299 -813.2433333333333 300
4300 -813.2433333333333 300
4301 -813.34 300
4302 -813.34 300
4303 -813.3833333333333 300
4304 -813.3833333333333 300
4305 -813.38 300
4306 -813.4733333333334 300
4307 -813.5166666666667 300
4308 -813.4633333333334 300
4309 -813.4566666666667 300
4310 -813.4533333333334 300
4311 -813.4466666666667 300
4312 -813.4233333333333 300
4313 -813.39 300
4314 -813.3233333333334 300
4315 -813.21 300
4316 -813.0866666666667 300
4317 -813.0766666666667 300
4318 -813.2233333333334 300
4319 -812.9666666666667 300
4320 -812.9633333333334 300
4321 -812.97 300
4322 -813.21 300
4323 -813.3766666666667 300
4324 -813.38 300
4325 -813.38 300
4326 -813.3766666666667 300
4327 -813.3733333333333 300
4328 -813.41 300
4329 -813.4066666666666 300
4330 -813.45 300
4331 -813.36 300
4332 -813.3366666666667 300
4333 -813.21 300
4334 -813.03 300
4335 -813.08 300
4336 -813.1966666666667 300
4337 -813.1466666666666 300
4338 -813.29 300
4339 -813.11 300
4340 -812.7033333333334 300
4341 -812.7033333333334 300
4342 -812.7166666666667 300
4343 -812.77 300
4344 -812.7766666666666 300
4345 -812.7866666666666 300
4346 -812.8 300
4347 -812.4266666666666 300
4348 -812.43 300
4349 -812.43 300
4350 -812.4766666666667 300
4351 -812.48 300
4352 -812.4833333333333 300
4353 -812.4866666666667 300
4354 -812.49 300
4355 -812.5866666666667 300
4356 -812.59 300
4357 -812.5966666666667 300
4358 -812.5133333333333 300
4359 -812.51 300
4360 -812.5033333333333 300
4361 -812.4933333333333 300
4362 -812.5233333333333 300
4363 -812.4966666666667 300
4364 -812.0433333333333 300
4365 -811.86 300
4366 -811.4333333333333 300
4367 -811.22 300
4368 -811.22 300
4369 -811.22 300
4370 -811.2633333333333 300
4371 -811.3066666666666 300
4372 -811.48 300
4373 -811.7833333333333 300
4374 -812.3033333333333 300
4375 -813.7333333333333 300
4376 -816.9833333333333 300
4377 -821.8633333333333 300
4378 -823.4566666666667 300
4379 -823.3866666666667 300
4380 -823.3566666666667 300
4381 -823.1366666666667 300
4382 -822.94 300
4383 -821.8766666666667 300
4384 -819.86 300
4385 -819.9366666666666 300
4386 -820.6666666666666 300
4387 -821.1466666666666 300
4388 -821.81 300
4389 -822.98 300
4390 -824.64 300
4391 -825.68 300
4392 -829.5366666666666 300
4393 -834.8866666666667 300
4394 -834.65 300
4395 -833.5733333333334 300
4396 -831.9566666666667 300
4397 -829.9566666666667 300
4398 -824.9566666666667 300
4399 -814.3666666666667 300
4400 -814.2733333333333 300
4401 -814.27 300
4402 -814.36 300
4403 -814.4433333333334 300
4404 -814.5633333333334 300
4405 -814.51 300
4406 -814.54 300
4407 -814.6133333333333 300
4408 -814.84 300
4409 -815.0033333333333 300
4410 -815.3633333333333 300
4411 -815.6233333333333 300
4412 -815.6533333333333 300
4413 -815.8866666666667 300
4414 -816.3133333333334 300
4415 -816.23 300
4416 -816.1566666666666 300
4417 -816.58 300
4418 -817.5166666666667 300
4419 -818.21 300
4420 -819.2366666666667 300
4421 -818.6566666666666 300
4422 -817.6666666666666 300
4423 -818.1 300
4424 -816.0433333333333 300
4425 -816.4533333333334 300
4426 -816.5333333333333 300
4427 -816.7233333333334 300
4428 -816.5066666666667 300
4429 -816.9166666666666 300
4430 -817.3866666666667 300
4431 -818.0966666666667 300
4432 -818.6266666666667 300
4433 -819.2866666666666 300
4434 -820.3566666666667 300
4435 -819.0633333333334 300
4436 -819.43 300
4437 -816.7266666666667 300
4438 -816.85 300
4439 -816.9333333333333 300
4440 -817.6133333333333 300
4441 -817.8633333333333 300
4442 -818.1966666666667 300
4443 -818.6466666666666 300
4444 -819.7033333333334 300
4445 -820.4633333333334 300
4446 -823.11 300
4447 -826.1233333333333 300
4448 -825.14 300
4449 -822.9233333333333 300
4450 -821.9166666666666 300
4451 -824.3766666666667 300
4452 -824.8833333333333 300
4453 -827.16 300
4454 -827.7033333333334 300
4455 -829.8766666666667 300
4456 -830.2566666666667 300
4457 -829.16 300
4458 -827.8033333333333 300
4459 -827.3966666666666 300
4460 -827.7266666666667 300
4461 -826.51 300
4462 -826.4566666666667 300
4463 -826.5033333333333 300
4464 -826.7366666666667 300
4465 -826.87 300
4466 -827.14 300
4467 -827.3133333333334 300
4468 -827.4933333333333 300
4469 -826.98 300
4470 -827.2033333333334 300
4471 -827.34 300
4472 -827.6666666666666 300
4473 -827.9466666666667 300
4474 -828.32 300
4475 -828.8066666666666 300
4476 -828.9933333333333 300
4477 -828.7833333333333 300
4478 -824.5833333333334 300
4479 -824.5833333333334 300
4480 -824.5833333333334 300
4481 -824.5833333333334 300
4482 -824.6266666666667 300
4483 -824.6266666666667 300
4484 -824.7133333333334 300
4485 -824.8433333333334 300
4486 -824.9733333333334 300
4487 -825.6233333333333 300
4488 -827.3133333333334 300
4489 -830.57 300
4490 -834.6433333333333 300
4491 -835.1966666666667 300
4492 -836.1066666666667 300
4493 -836.6833333333333 300
4494 -837.2 300
4495 -837.1633333333333 300
4496 -837.1266666666667 300
4497 -837.13 300
4498 -837.0933333333334 300
4499 -837.1 300
4500 -837.0633333333334 300
4501 -837.0266666666666 300
4502 -836.99 300
4503 -836.9533333333334 300
4504 -836.9166666666666 300
4505 -836.7933333333333 300
4506 -836.7433333333333 300
4507 -836.56 300
4508 -835.4833333333333 300
4509 -833.78 300
4510 -830.0433333333333 300
4511 -827.09 300
4512 -827.09 300
4513 -827.09 300
4514 -827.1333333333333 300
4515 -827.1333333333333 300
4516 -827.1766666666666 300
4517 -827.1766666666666 300
4518 -827.13 300
4519 -827.17 300
4520 -827.21 300
4521 -827.25 300
4522 -827.25 300
4523 -827.2933333333333 300
4524 -827.3566666666667 300
4525 -827.4266666666666 300
4526 -827.4333333333333 300
4527 -827.58 300
4528 -827.7766666666666 300
4529 -826.9133333333333 300
4530 -826.9633333333334 300
4531 -827.0566666666666 300
4532 -827.19 300
4533 -827.2866666666666 300
4534 -827.1466666666666 300
4535 -827.1766666666666 300
4536 -827.3533333333334 300
4537 -827.3533333333334 300
4538 -827.35 300
4539 -827.1766666666666 300
4540 -826.6566666666666 300
4541 -826.6133333333333 300
4542 -826.6566666666666 300
4543 -826.6566666666666 300
4544 -826.6566666666666 300
4545 -826.6566666666666 300
4546 -826.7 300
4547 -826.7 300
4548 -826.0933333333334 300
4549 -826.0933333333334 300
4550 -826.0933333333334 300
4551 -826.0933333333334 300
4552 -826.0933333333334 300
4553 -826.0933333333334 300
4554 -826.0933333333334 300
4555 -826.0933333333334 300
4556 -826.0933333333334 300
4557 -826.1366666666667 300
4558 -826.1366666666667 300
4559 -826.1366666666667 300
4560 -826.1366666666667 300
4561 -826.1366666666667 300
4562 -826.1366666666667 300
4563 -826.1366666666667 300
4564 -826.1366666666667 300
4565 -826.1366666666667 300
4566 -826.2766666666666 300
4567 -826.2766666666666 300
4568 -826.32 300
4569 -826.4166666666666 300
4570 -826.5033333333333 300
4571 -826.6433333333333 300
4572 -826.8266666666667 300
4573 -826.3933333333333 300
4574 -826.3933333333333 300
4575 -826.3933333333333 300
4576 -826.3933333333333 300
4577 -826.3933333333333 300
4578 -826.3966666666666 300
4579 -826.3966666666666 300
4580 -826.3966666666666 300
4581 -826.3966666666666 300
4582 -826.3966666666666 300
4583 -826.5333333333333 300
4584 -826.5333333333333 300
4585 -826.5333333333333 300
4586 -826.5333333333333 300
4587 -826.5333333333333 300
4588 -826.5333333333333 300
4589 -826.5333333333333 300
4590 -826.5766666666667 300
4591 -826.5766666666667 300
4592 -826.7166666666667 300
4593 -826.8533333333334 300
4594 -826.94 300
4595 -827.08 300
4596 -827.6633333333333 300
4597 -828.47 300
4598 -830.29 300
4599 -832.72 300
4600 -837.84 300
4601 -844.72 300
4602 -842.9266666666666 300
4603 -850.07 300
4604 -849.8 300
4605 -851.19 300
4606 -851.0266666666666 300
4607 -850.8633333333333 300
4608 -848.82 300
4609 -845.73 300
4610 -840.98 300
4611 -841.0766666666667 300
4612 -841.38 300
4613 -841.4966666666667 300
4614 -841.56 300
4615 -841.8533333333334 300
4616 -841.91 300
4617 -842.2333333333333 300
4618 -842.8166666666667 300
4619 -843.06 300
4620 -843.8166666666667 300
4621 -844.53 300
4622 -845.4866666666667 300
4623 -846.53 300
4624 -847.7266666666667 300
4625 -848.9233333333333 300
4626 -847.1 300
4627 -844.0866666666667 300
4628 -844.5333333333333 300
4629 -844.63 300
4630 -844.8233333333334 300
4631 -844.7466666666667 300
4632 -845.0866666666667 300
4633 -845.1866666666666 300
4634 -845.42 300
4635 -845.6 300
4636 -845.75 300
4637 -846.0366666666666 300
4638 -846.3233333333334 300
4639 -846.4233333333333 300
4640 -846.5033333333333 300
4641 -846.81 300
4642 -847.0733333333334 300
4643 -847.28 300
4644 -847.45 300
4645 -847.5033333333333 300
4646 -847.62 300
4647 -847.75 300
4648 -848.0666666666667 300
4649 -848.3266666666667 300
4650 -849.33 300
4651 -846.1333333333333 300
4652 -847.1033333333334 300
4653 -847.5833333333334 300
4654 -846.1 300
4655 -846.3366666666667 300
4656 -846.3066666666666 300
4657 -846.31 300
4658 -846.7433333333333 300
4659 -847.42 300
4660 -847.1166666666667 300
4661 -847.27 300
4662 -847.4766666666667 300
4663 -847.8766666666667 300
4664 -848.1 300
4665 -848.3633333333333 300
4666 -848.5866666666667 300
4667 -848.7933333333333 300
4668 -849.0166666666667 300
4669 -849.2233333333334 300
4670 -849.6466666666666 300
4671 -849.95 300
4672 -850.1733333333333 300
4673 -850.38 300
4674 -850.78 300
4675 -852.5666666666667 300
4676 -854.46 300
4677 -854.8433333333334 300
4678 -854.8766666666667 300
4679 -855.5833333333334 300
4680 -856.1633333333333 300
4681 -856.1533333333333 300
4682 -856.1533333333333 300
4683 -856.1366666666667 300
4684 -856.2333333333333 300
4685 -856.3233333333334 300
4686 -856.33 300
4687 -856.28 300
4688 -856.2866666666666 300
4689 -855.66 300
4690 -855.43 300
4691 -855.1533333333333 300
4692 -855.2066666666667 300
4693 -855.35 300
4694 -854.3066666666666 300
4695 -852.1066666666667 300
4696 -851.0733333333334 300
4697 -851.35 300
4698 -848.36 300
4699 -848.4566666666667 300
4700 -848.83 300
4701 -849.7266666666667 300
4702 -850.94 300
4703 -851.93 300
4704 -851.6166666666667 300
4705 -852.49 300
4706 -853.97 300
4707 -856.49 300
4708 -858.1766666666666 300
4709 -858.7433333333333 300
4710 -859.0333333333333 300
4711 -859.38 300
4712 -859.5166666666667 300
4713 -859.71 300
4714 -860.28 300
4715 -860.8466666666667 300
4716 -861.1233333333333 300
4717 -861.5133333333333 300
4718 -860.23 300
4719 -860.3633333333333 300
4720 -860.4566666666667 300
4721 -860.8333333333334 300
4722 -860.6133333333333 300
4723 -861.01 300
4724 -861.2066666666667 300
4725 -861.21 300
4726 -860.9066666666666 300
4727 -860.6433333333333 300
4728 -860.66 300
4729 -858.5266666666666 300
4730 -857.7433333333333 300
4731 -854.2366666666667 300
4732 -853.86 300
4733 -852.0533333333333 300
4734 -852.34 300
4735 -852.5666666666667 300
4736 -852.63 300
4737 -852.9333333333333 300
4738 -853.29 300
4739 -853.6333333333333 300
4740 -853.7933333333333 300
4741 -853.8 300
4742 -853.8533333333334 300
4743 -853.46 300
4744 -853.6166666666667 300
4745 -853.8233333333334 300
4746 -854.1 300
4747 -854.19 300
4748 -854.04 300
4749 -854.22 300
4750 -854.2533333333333 300
4751 -852.9566666666667 300
4752 -853.1333333333333 300
4753 -853.2933333333333 300
4754 -853.4766666666667 300
4755 -853.5833333333334 300
4756 -853.72 300
4757 -853.79 300
4758 -853.94 300
4759 -854.06 300
4760 -854.2933333333333 300
4761 -854.4533333333334 300
4762 -853.91 300
4763 -854.1133333333333 300
4764 -853.8766666666667 300
4765 -854.0266666666666 300
4766 -854.2333333333333 300
4767 -854.3133333333334 300
4768 -854.68 300
4769 -854.9133333333333 300
4770 -855.0166666666667 300
4771 -855.0666666666667 300
4772 -855.04 300
4773 -855.08 300
4774 -855.0533333333333 300
4775 -855.0666666666667 300
4776 -855.1066666666667 300
4777 -855.1033333333334 300
4778 -855.27 300
4779 -855.33 300
4780 -855.49 300
4781 -855.4833333333333 300
4782 -855.5166666666667 300
4783 -855.6366666666667 300
4784 -855.6133333333333 300
4785 -855.6466666666666 300
4786 -855.6433333333333 300
4787 -855.0633333333334 300
4788 -855.19 300
4789 -855.5266666666666 300
4790 -855.5933333333334 300
4791 -855.6133333333333 300
4792 -855.5366666666666 300
4793 -855.5566666666666 300
4794 -855.57 300
4795 -855.59 300
4796 -855.59 300
4797 -855.6533333333333 300
4798 -855.63 300
4799 -855.6933333333334 300
4800 -855.6533333333333 300
4801 -855.7433333333333 300
4802 -855.6766666666666 300
4803 -855.7066666666667 300
4804 -855.6966666666667 300
4805 -855.7266666666667 300
4806 -855.7966666666666 300
4807 -855.0833333333334 300
4808 -854.81 300
4809 -855.08 300
4810 -855.37 300
4811 -855.48 300
4812 -855.7 300
4813 -855.7333333333333 300
4814 -855.7966666666666 300
4815 -855.6033333333334 300
4816 -855.73 300
4817 -855.8766666666667 300
4818 -855.8566666666667 300
4819 -855.8033333333333 300
4820 -855.68 300
4821 -855.6833333333333 300
4822 -855.56 300
4823 -855.1666666666666 300
4824 -855.41 300
4825 -855.4933333333333 300
4826 -855.4666666666667 300
4827 -855.43 300
4828 -855.3833333333333 300
4829 -855.3966666666666 300
4830 -855.3433333333334 300
4831 -855.3433333333334 300
4832 -855.33 300
4833 -855.2866666666666 300
4834 -855.25 300
4835 -855.3033333333333 300
4836 -855.2666666666667 300
4837 -855.2366666666667 300
4838 -855.2 300
4839 -855.2966666666666 300
4840 -855.2266666666667 300
4841 -855.2366666666667 300
4842 -855.27 300
4843 -855.2566666666667 300
4844 -855.1466666666666 300
4845 -855.2433333333333 300
4846 -855.2433333333333 300
4847 -855.27 300
4848 -855.2733333333333 300
4849 -855.2966666666666 300
4850 -855.2666666666667 300
4851 -855.3333333333334 300
4852 -855.39 300
4853 -855.3766666666667 300
4854 -855.3933333333333 300
4855 -855.41 300
4856 -855.4333333333333 300
4857 -855.46 300
4858 -855.4766666666667 300
4859 -855.48 300
4860 -855.48 300
4861 -855.45 300
4862 -855.46 300
4863 -855.43 300
4864 -855.6066666666667 300
4865 -855.8466666666667 300
4866 -855.82 300
4867 -855.8 300
4868 -855.7633333333333 300
4869 -855.7766666666666 300
4870 -855.7833333333333 300
4871 -855.83 300
4872 -855.8033333333333 300
4873 -855.81 300
4874 -855.7666666666667 300
4875 -855.7833333333333 300
4876 -855.8166666666667 300
4877 -855.72 300
4878 -856.0066666666667 300
4879 -856.0333333333333 300
4880 -856.02 300
4881 -856.0033333333333 300
4882 -855.9866666666667 300
4883 -856.0166666666667 300
4884 -856.0966666666667 300
4885 -856.14 300
4886 -856.1033333333334 300
4887 -856.1166666666667 300
4888 -857.11 300
4889 -857.1833333333333 300
4890 -857.18 300
4891 -857.03 300
4892 -857.0233333333333 300
4893 -857.05 300
4894 -857.0133333333333 300
4895 -857.0133333333333 300
4896 -856.9666666666667 300
4897 -856.8966666666666 300
4898 -856.8966666666666 300
4899 -857.1166666666667 300
4900 -857.2533333333333 300
4901 -857.16 300
4902 -857.0733333333334 300
4903 -857.29 300
4904 -857.2433333333333 300
4905 -857.2133333333334 300
4906 -857.1366666666667 300
4907 -857.1033333333334 300
4908 -856.9766666666667 300
4909 -856.9433333333334 300
4910 -856.75 300
4911 -856.7366666666667 300
4912 -856.59 300
4913 -856.81 300
4914 -856.85 300
4915 -856.7933333333333 300
4916 -856.7266666666667 300
4917 -856.6366666666667 300
4918 -856.6433333333333 300
4919 -856.5766666666667 300
4920 -856.5666666666667 300
4921 -856.5166666666667 300
4922 -856.49 300
4923 -855.8833333333333 300
4924 -855.8466666666667 300
4925 -855.85 300
4926 -855.94 300
4927 -855.9166666666666 300
4928 -855.9533333333334 300
4929 -856.1666666666666 300
4930 -856.38 300
4931 -856.45 300
4932 -856.4633333333334 300
4933 -855.8933333333333 300
4934 -856.0366666666666 300
4935 -856.16 300
4936 -856.14 300
4937 -856.09 300
4938 -856.13 300
4939 -856.09 300
4940 -856.0533333333333 300
4941 -856.1533333333333 300
4942 -856.1633333333333 300
4943 -856.12 300
4944 -856.1833333333333 300
4945 -856.27 300
4946 -856.2166666666667 300
4947 -855.95 300
4948 -856.1933333333334 300
4949 -856.3433333333334 300
4950 -856.43 300
4951 -856.4733333333334 300
4952 -856.4633333333334 300
4953 -856.45 300
4954 -856.3933333333333 300
4955 -856.3566666666667 300
4956 -856.36 300
4957 -856.4733333333334 300
4958 -856.4066666666666 300
4959 -856.4466666666667 300
4960 -856.45 300
4961 -856.45 300
4962 -856.4433333333334 300
4963 -855.95 300
4964 -857.2633333333333 300
4965 -857.4366666666666 300
4966 -857.99 300
4967 -858.06 300
4968 -858.1466666666666 300
4969 -858.27 300
4970 -858.3033333333333 300
4971 -858.3666666666667 300
4972 -858.2166666666667 300
4973 -858.2033333333334 300
4974 -858.1966666666667 300
4975 -858.3366666666667 300
4976 -858.39 300
4977 -858.77 300
4978 -858.88 300
4979 -858.7766666666666 300
4980 -858.96 300
4981 -859.1933333333334 300
4982 -859.3933333333333 300
4983 -859.4433333333334 300
4984 -859.5433333333333 300
4985 -859.6533333333333 300
4986 -859.7233333333334 300
4987 -859.65 300
4988 -859.67 300
4989 -859.7 300
4990 -859.7233333333334 300
4991 -859.7466666666667 300
4992 -859.72 300
4993 -859.7566666666667 300
4994 -859.71 300
4995 -859.73 300
4996 -859.68 300
4997 -859.61 300
4998 -859.5666666666667 300
4999 -859.6333333333333 300
5000 -859.65 300
5001 -859.6533333333333 300
5002 -859.7166666666667 300
5003 -858.9833333333333 300
5004 -859.03 300
5005 -859.17 300
5006 -859.2066666666667 300
5007 -859.2266666666667 300
5008 -859.22 300
5009 -858.6733333333333 300
5010 -857.54 300
5011 -857.68 300
5012 -857.8566666666667 300
5013 -858.0133333333333 300
5014 -858.1833333333333 300
5015 -858.3966666666666 300
5016 -858.66 300
5017 -858.8466666666667 300
5018 -858.9666666666667 300
5019 -858.9 300
5020 -859.5166666666667 300
5021 -859.5466666666666 300
5022 -859.6766666666666 300
5023 -859.6633333333333 300
5024 -859.59 300
5025 -859.45 300
5026 -859.3233333333334 300
5027 -859.2266666666667 300
5028 -859.16 300
5029 -858.9866666666667 300
5030 -858.8633333333333 300
5031 -858.6933333333334 300
5032 -858.5633333333334 300
5033 -858.4833333333333 300
5034 -858.4966666666667 300
5035 -858.0933333333334 300
5036 -858.4766666666667 300
5037 -858.58 300
5038 -858.52 300
5039 -858.48 300
5040 -858.4 300
5041 -858.3866666666667 300
5042 -858.3466666666667 300
5043 -858.34 300
5044 -858.3333333333334 300
5045 -858.28 300
5046 -858.31 300
5047 -858.4333333333333 300
5048 -858.5533333333333 300
5049 -858.85 300
5050 -858.8566666666667 300
5051 -858.7533333333333 300
5052 -858.7433333333333 300
5053 -858.9633333333334 300
5054 -858.8666666666667 300
5055 -858.3166666666667 300
5056 -858.5833333333334 300
5057 -859.27 300
5058 -859.54 300
5059 -859.77 300
5060 -859.9366666666666 300
5061 -860.4666666666667 300
5062 -861.3433333333334 300
5063 -862.1033333333334 300
5064 -863.1533333333333 300
5065 -863.18 300
5066 -863.1233333333333 300
5067 -862.92 300
5068 -862.86 300
5069 -862.7433333333333 300
5070 -862.65 300
5071 -862.5033333333333 300
5072 -863.1033333333334 300
5073 -863.4066666666666 300
5074 -863.0733333333334 300
5075 -862.77 300
5076 -861.8766666666667 300
5077 -861.77 300
5078 -861.8333333333334 300
5079 -861.9033333333333 300
5080 -861.0433333333333 300
5081 -861.0466666666666 300
5082 -861.14 300
5083 -861.19 300
5084 -860.93 300
5085 -860.6133333333333 300
5086 -860.2466666666667 300
5087 -859.88 300
5088 -859.37 300
5089 -859.0066666666667 300
5090 -858.85 300
5091 -858.6633333333333 300
5092 -859.1233333333333 300
5093 -859.2866666666666 300
5094 -859.5766666666667 300
5095 -860.17 300
5096 -860.27 300
5097 -860.4366666666666 300
5098 -860.6 300
5099 -860.6566666666666 300
5100 -860.7066666666667 300
5101 -860.3966666666666 300
5102 -860.1333333333333 300
5103 -859.77 300
5104 -859.5066666666667 300
5105 -859.7366666666667 300
5106 -859.9533333333334 300
5107 -859.7466666666667 300
5108 -859.5066666666667 300
5109 -859.3 300
5110 -858.9866666666667 300
5111 -858.6733333333333 300
5112 -858.6433333333333 300
5113 -858.91 300
5114 -858.65 300
5115 -858.4466666666667 300
5116 -858.29 300
5117 -858.1366666666667 300
5118 -858.48 300
5119 -858.64 300
5120 -858.75 300
5121 -859.02 300
5122 -859.2366666666667 300
5123 -859.2366666666667 300
5124 -859.13 300
5125 -858.92 300
5126 -858.71 300
5127 -858.5533333333333 300
5128 -858.6366666666667 300
5129 -858.7433333333333 300
5130 -859.0133333333333 300
5131 -858.9966666666667 300
5132 -858.8366666666667 300
5133 -859.3166666666667 300
5134 -859.4233333333333 300
5135 -859.69 300
5136 -859.7966666666666 300
5137 -859.5833333333334 300
5138 -859.4233333333333 300
5139 -859.1566666666666 300
5140 -858.9466666666667 300
5141 -858.68 300
5142 -858.3633333333333 300
5143 -858.0966666666667 300
5144 -858.2566666666667 300
5145 -858.0966666666667 300
5146 -857.8833333333333 300
5147 -857.7266666666667 300
5148 -857.9333333333333 300
5149 -857.9333333333333 300
5150 -857.7733333333333 300
5151 -857.67 300
5152 -857.61 300
5153 -857.88 300
5154 -858.04 300
5155 -858.3533333333334 300
5156 -858.87 300
5157 -858.9666666666667 300
5158 -859.1733333333333 300
5159 -859.06 300
5160 -858.8933333333333 300
5161 -858.7166666666667 300
5162 -858.6566666666666 300
5163 -858.3566666666667 300
5164 -858.2533333333333 300
5165 -858.0966666666667 300
5166 -858.3566666666667 300
5167 -858.4033333333333 300
5168 -858.2933333333333 300
5169 -858.95 300
5170 -859.0566666666666 300
5171 -859.2166666666667 300
5172 -859.43 300
5173 -859.5333333333333 300
5174 -859.5333333333333 300
5175 -859.3233333333334 300
5176 -859.16 300
5177 -859.0966666666667 300
5178 -858.9833333333333 300
5179 -858.92 300
5180 -858.8033333333333 300
5181 -859.2966666666666 300
5182 -859.5233333333333 300
5183 -860.3066666666666 300
5184 -861.2333333333333 300
5185 -861.2466666666667 300
5186 -862.26 300
5187 -862.1433333333333 300
5188 -862.0366666666666 300
5189 -861.9366666666666 300
5190 -862.2266666666667 300
5191 -861.95 300
5192 -861.4666666666667 300
5193 -861.0466666666666 300
5194 -860.73 300
5195 -860.37 300
5196 -860.0533333333333 300
5197 -859.73 300
5198 -859.4633333333334 300
5199 -859.8633333333333 300
5200 -859.72 300
5201 -858.8566666666667 300
5202 -859.07 300
5203 -858.9066666666666 300
5204 -858.7533333333333 300
5205 -858.7033333333334 300
5206 -858.5966666666667 300
5207 -858.54 300
5208 -858.5433333333333 300
5209 -858.69 300
5210 -858.6366666666667 300
5211 -858.74 300
5212 -858.7866666666666 300
5213 -858.89 300
5214 -858.83 300
5215 -858.8833333333333 300
5216 -858.93 300
5217 -858.9933333333333 300
5218 -858.9966666666667 300
5219 -859.0 300
5220 -859.0433333333333 300
5221 -859.2633333333333 300
5222 -859.3033333333333 300
5223 -859.29 300
5224 -859.4033333333333 300
5225 -859.45 300
5226 -859.55 300
5227 -859.7 300
5228 -860.39 300
5229 -860.75 300
5230 -860.8733333333333 300
5231 -860.9366666666666 300
5232 -860.98 300
5233 -861.76 300
5234 -861.9433333333334 300
5235 -861.9733333333334 300
5236 -861.8866666666667 300
5237 -861.9366666666666 300
5238 -861.53 300
5239 -861.5433333333333 300
5240 -861.66 300
5241 -861.6266666666667 300
5242 -861.6333333333333 300
5243 -861.6933333333334 300
5244 -861.8633333333333 300
5245 -861.9233333333333 300
5246 -861.82 300
5247 -861.7833333333333 300
5248 -861.6766666666666 300
5249 -862.0033333333333 300
5250 -861.9533333333334 300
5251 -861.8566666666667 300
5252 -861.75 300
5253 -861.6966666666667 300
5254 -861.7 300
5255 -861.8 300
5256 -861.7466666666667 300
5257 -861.6366666666667 300
5258 -861.5333333333333 300
5259 -861.4366666666666 300
5260 -861.44 300
5261 -861.44 300
5262 -861.4433333333334 300
5263 -861.39 300
5264 -861.2833333333333 300
5265 -861.2333333333333 300
5266 -861.18 300
5267 -860.64 300
5268 -860.71 300
5269 -860.7666666666667 300
5270 -861.26 300
5271 -861.8666666666667 300
5272 -861.91 300
5273 -862.1266666666667 300
5274 -861.2166666666667 300
5275 -861.2733333333333 300
5276 -861.3766666666667 300
5277 -861.9666666666667 300
5278 -860.69 300
5279 -860.9633333333334 300
5280 -861.1833333333333 300
5281 -861.35 300
5282 -862.1333333333333 300
5283 -860.5933333333334 300
5284 -860.8033333333333 300
5285 -860.97 300
5286 -860.9733333333334 300
5287 -861.9233333333333 300
5288 -861.9166666666666 300
5289 -862.19 300
5290 -862.3033333333333 300
5291 -862.41 300
5292 -862.5766666666667 300
5293 -862.96 300
5294 -863.13 300
5295 -863.2366666666667 300
5296 -863.45 300
5297 -863.46 300
5298 -863.5033333333333 300
5299 -863.4933333333333 300
5300 -863.37 300
5301 -862.3733333333333 300
5302 -859.6466666666666 300
5303 -860.06 300
5304 -860.6766666666666 300
5305 -859.6866666666666 300
5306 -859.2433333333333 300
5307 -859.99 300
5308 -859.6366666666667 300
5309 -859.6966666666667 300
5310 -860.86 300
5311 -861.8066666666666 300
5312 -864.8333333333334 300
5313 -867.4 300
5314 -867.3466666666667 300
5315 -867.24 300
5316 -867.0733333333334 300
5317 -866.9133333333333 300
5318 -866.81 300
5319 -867.1733333333333 300
5320 -867.0633333333334 300
5321 -866.75 300
5322 -866.58 300
5323 -866.53 300
5324 -866.4233333333333 300
5325 -866.25 300
5326 -866.0366666666666 300
5327 -865.8666666666667 300
5328 -865.3266666666667 300
5329 -865.89 300
5330 -865.7666666666667 300
5331 -865.6533333333333 300
5332 -865.7033333333334 300
5333 -865.59 300
5334 -865.4666666666667 300
5335 -865.34 300
5336 -863.9633333333334 300
5337 -863.6233333333333 300
5338 -861.91 300
5339 -862.5866666666667 300
5340 -866.0433333333333 300
5341 -865.5333333333333 300
5342 -864.56 300
5343 -863.49 300
5344 -865.31 300
5345 -864.93 300
5346 -863.6733333333333 300
5347 -864.83 300
5348 -866.0666666666667 300
5349 -865.06 300
5350 -865.0933333333334 300
5351 -865.0266666666666 300
5352 -867.16 300
5353 -867.14 300
5354 -867.0633333333334 300
5355 -866.9866666666667 300
5356 -866.96 300
5357 -866.8733333333333 300
5358 -866.78 300
5359 -866.6633333333333 300
5360 -866.8166666666667 300
5361 -866.8033333333333 300
5362 -866.62 300
5363 -866.5666666666667 300
5364 -866.1566666666666 300
5365 -865.6866666666666 300
5366 -865.74 300
5367 -865.3333333333334 300
5368 -864.19 300
5369 -862.0833333333334 300
5370 -857.86 300
5371 -853.3266666666667 300
5372 -853.3833333333333 300
5373 -853.43 300
5374 -853.5333333333333 300
5375 -853.6466666666666 300
5376 -853.6933333333334 300
5377 -853.7966666666666 300
5378 -853.82 300
5379 -853.7533333333333 300
5380 -853.94 300
5381 -853.9833333333333 300
5382 -854.53 300
5383 -854.9366666666666 300
5384 -855.46 300
5385 -856.66 300
5386 -859.3533333333334 300
5387 -863.17 300
5388 -863.8866666666667 300
5389 -863.9766666666667 300
5390 -864.1166666666667 300
5391 -864.38 300
5392 -864.4466666666667 300
5393 -864.4733333333334 300
5394 -864.5 300
5395 -864.4666666666667 300
5396 -864.4533333333334 300
5397 -864.48 300
5398 -864.5066666666667 300
5399 -864.52 300
5400 -864.52 300
5401 -864.5333333333333 300
5402 -864.5766666666667 300
5403 -864.6066666666667 300
5404 -864.66 300
5405 -864.6733333333333 300
5406 -864.7033333333334 300
5407 -864.6433333333333 300
5408 -864.7333333333333 300
5409 -864.76 300
5410 -864.6266666666667 300
5411 -864.6466666666666 300
5412 -864.2666666666667 300
5413 -863.6033333333334 300
5414 -862.5833333333334 300
5415 -861.4333333333333 300
5416 -860.4833333333333 300
5417 -860.71 300
5418 -860.9833333333333 300
5419 -861.3133333333334 300
5420 -859.7733333333333 300
5421 -860.0466666666666 300
5422 -861.52 300
5423 -863.4466666666667 300
5424 -865.04 300
5425 -864.85 300
5426 -864.7833333333333 300
5427 -864.7333333333333 300
5428 -864.7266666666667 300
5429 -864.7 300
5430 -864.4566666666667 300
5431 -864.4266666666666 300
5432 -864.2866666666666 300
5433 -862.86 300
5434 -864.1866666666666 300
5435 -862.87 300
5436 -862.5733333333334 300
5437 -861.21 300
5438 -861.38 300
5439 -861.44 300
5440 -861.5533333333333 300
5441 -861.6033333333334 300
5442 -862.35 300
5443 -862.9633333333334 300
5444 -863.0233333333333 300
5445 -864.9666666666667 300
5446 -864.9066666666666 300
5447 -864.85 300
5448 -864.4133333333333 300
5449 -865.43 300
5450 -865.43 300
5451 -866.7366666666667 300
5452 -866.6666666666666 300
5453 -866.4766666666667 300
5454 -866.4666666666667 300
5455 -866.34 300
5456 -865.9533333333334 300
5457 -865.7033333333334 300
5458 -865.57 300
5459 -865.0066666666667 300
5460 -864.84 300
5461 -866.25 300
5462 -866.13 300
5463 -865.5066666666667 300
5464 -865.5466666666666 300
5465 -865.4666666666667 300
5466 -865.5333333333333 300
5467 -865.3866666666667 300
5468 -865.2633333333333 300
5469 -865.1133333333333 300
5470 -864.9533333333334 300
5471 -864.7866666666666 300
5472 -864.6566666666666 300
5473 -864.55 300
5474 -864.35 300
5475 -864.0966666666667 300
5476 -863.7966666666666 300
5477 -863.5466666666666 300
5478 -865.1366666666667 300
5479 -865.0466666666666 300
5480 -866.3066666666666 300
5481 -866.2033333333334 300
5482 -865.8833333333333 300
5483 -865.66 300
5484 -865.49 300
5485 -865.3733333333333 300
5486 -864.7666666666667 300
5487 -864.6766666666666 300
5488 -864.44 300
5489 -864.3533333333334 300
5490 -864.27 300
5491 -864.0433333333333 300
5492 -864.58 300
5493 -864.4566666666667 300
5494 -864.9933333333333 300
5495 -864.9766666666667 300
5496 -864.86 300
5497 -864.72 300
5498 -864.5766666666667 300
5499 -864.3966666666666 300
5500 -864.2433333333333 300
5501 -864.05 300
5502 -863.8466666666667 300
5503 -863.6433333333333 300
5504 -863.44 300
5505 -863.2366666666667 300
5506 -863.0333333333333 300
5507 -861.2066666666667 300
5508 -861.0666666666667 300
5509 -861.27 300
5510 -861.43 300
5511 -861.6333333333333 300
5512 -861.8733333333333 300
5513 -861.9566666666667 300
5514 -862.1066666666667 300
5515 -862.3333333333334 300
5516 -862.25 300
5517 -861.7966666666666 300
5518 -861.9333333333333 300
5519 -859.2766666666666 300
5520 -859.3433333333334 300
5521 -859.5366666666666 300
5522 -859.6366666666667 300
5523 -859.67 300
5524 -859.8133333333334 300
5525 -859.9933333333333 300
5526 -860.2266666666667 300
5527 -860.29 300
5528 -861.1466666666666 300
5529 -861.2266666666667 300
5530 -861.2866666666666 300
5531 -861.5033333333333 300
5532 -861.6866666666666 300
5533 -863.4066666666666 300
5534 -863.3566666666667 300
5535 -863.2966666666666 300
5536 -863.19 300
5537 -863.0166666666667 300
5538 -862.6633333333333 300
5539 -862.36 300
5540 -862.0566666666666 300
5541 -861.65 300
5542 -860.25 300
5543 -861.2033333333334 300
5544 -861.2966666666666 300
5545 -861.4433333333334 300
5546 -861.49 300
5547 -861.5833333333334 300
5548 -861.7 300
5549 -861.59 300
5550 -861.6133333333333 300
5551 -861.9066666666666 300
5552 -861.9833333333333 300
5553 -862.0866666666667 300
5554 -862.2166666666667 300
5555 -861.9733333333334 300
5556 -861.73 300
5557 -861.4866666666667 300
5558 -861.19 300
5559 -860.8933333333333 300
5560 -860.65 300
5561 -860.4066666666666 300
5562 -860.27 300
5563 -860.08 300
5564 -859.97 300
5565 -859.8066666666666 300
5566 -860.9466666666667 300
5567 -861.1866666666666 300
5568 -861.2733333333333 300
5569 -861.4366666666666 300
5570 -861.64 300
5571 -862.57 300
5572 -862.7333333333333 300
5573 -862.6533333333333 300
5574 -862.5666666666667 300
5575 -865.0033333333333 300
5576 -864.93 300
5577 -864.8533333333334 300
5578 -864.8333333333334 300
5579 -864.76 300
5580 -864.7133333333334 300
5581 -864.6566666666666 300
5582 -864.59 300
5583 -864.5 300
5584 -864.4966666666667 300
5585 -864.42 300
5586 -864.24 300
5587 -864.1166666666667 300
5588 -864.0066666666667 300
5589 -863.8266666666667 300
5590 -863.66 300
5591 -863.48 300
5592 -863.31 300
5593 -863.15 300
5594 -863.0033333333333 300
5595 -862.8433333333334 300
5596 -862.6766666666666 300
5597 -862.47 300
5598 -862.2566666666667 300
5599 -862.0533333333333 300
5600 -861.84 300
5601 -861.64 300
5602 -860.6166666666667 300
5603 -860.6866666666666 300
5604 -861.15 300
5605 -861.1933333333334 300
5606 -860.2133333333334 300
5607 -860.48 300
5608 -860.5266666666666 300
5609 -860.6566666666666 300
5610 -860.6366666666667 300
5611 -860.54 300
5612 -860.4 300
5613 -860.3 300
5614 -860.15 300
5615 -860.0366666666666 300
5616 -859.88 300
5617 -860.5666666666667 300
5618 -860.72 300
5619 -860.8433333333334 300
5620 -860.7466666666667 300
5621 -861.14 300
5622 -861.4266666666666 300
5623 -861.4666666666667 300
5624 -861.2833333333333 300
5625 -861.0466666666666 300
5626 -860.2266666666667 300
5627 -860.2366666666667 300
5628 -860.3733333333333 300
5629 -861.3033333333333 300
5630 -861.3733333333333 300
5631 -861.3566666666667 300
5632 -860.33 300
5633 -860.38 300
5634 -859.11 300
5635 -859.2833333333333 300
5636 -859.2433333333333 300
5637 -859.28 300
5638 -859.09 300
5639 -858.8866666666667 300
5640 -858.7366666666667 300
5641 -858.6933333333334 300
5642 -859.1066666666667 300
5643 -859.1866666666666 300
5644 -860.2633333333333 300
5645 -861.0366666666666 300
5646 -859.8 300
5647 -858.7366666666667 300
5648 -858.7733333333333 300
5649 -858.8 300
5650 -858.9033333333333 300
5651 -858.99 300
5652 -859.0133333333333 300
5653 -859.2066666666667 300
5654 -859.4666666666667 300
5655 -860.24 300
5656 -860.1533333333333 300
5657 -860.4533333333334 300
5658 -858.22 300
5659 -857.35 300
5660 -858.2 300
5661 -858.33 300
5662 -857.5233333333333 300
5663 -857.37 300
5664 -857.4 300
5665 -858.3566666666667 300
5666 -854.7033333333334 300
5667 -850.7766666666666 300
5668 -850.2066666666667 300
5669 -851.35 300
5670 -851.3933333333333 300
5671 -851.0466666666666 300
5672 -851.05 300
5673 -851.05 300
5674 -851.05 300
5675 -851.05 300
5676 -851.05 300
5677 -851.05 300
5678 -851.05 300
5679 -851.05 300
5680 -851.05 300
5681 -851.05 300
5682 -851.0933333333334 300
5683 -851.0933333333334 300
5684 -851.0933333333334 300
5685 -851.0966666666667 300
5686 -851.1866666666666 300
5687 -851.2733333333333 300
5688 -851.62 300
5689 -852.1433333333333 300
5690 -853.5833333333334 300
5691 -856.19 300
5692 -861.3966666666666 300
5693 -862.67 300
5694 -862.59 300
5695 -862.51 300
5696 -862.3333333333334 300
5697 -861.8133333333334 300
5698 -860.7733333333333 300
5699 -858.8566666666667 300
5700 -859.34 300
5701 -857.0266666666666 300
5702 -854.99 300
5703 -855.3766666666667 300
5704 -853.8433333333334 300
5705 -854.0466666666666 300
5706 -854.2233333333334 300
5707 -853.9066666666666 300
5708 -853.9866666666667 300
5709 -854.0666666666667 300
5710 -854.0633333333334 300
5711 -854.1866666666666 300
5712 -853.8533333333334 300
5713 -853.05 300
5714 -850.7333333333333 300
5715 -844.8133333333334 300
5716 -843.4633333333334 300
5717 -842.1633333333333 300
5718 -842.2066666666667 300
5719 -842.29 300
5720 -842.3333333333334 300
5721 -842.4166666666666 300
5722 -842.6733333333333 300
5723 -842.8433333333334 300
5724 -842.8866666666667 300
5725 -842.9266666666666 300
5726 -842.75 300
5727 -842.8733333333333 300
5728 -842.9566666666667 300
5729 -843.04 300
5730 -843.2066666666667 300
5731 -843.37 300
5732 -843.49 300
5733 -843.66 300
5734 -843.9033333333333 300
5735 -844.19 300
5736 -844.94 300
5737 -845.8 300
5738 -844.2566666666667 300
5739 -843.75 300
5740 -844.2266666666667 300
5741 -844.6166666666667 300
5742 -844.66 300
5743 -844.7466666666667 300
5744 -844.8333333333334 300
5745 -845.0933333333334 300
5746 -845.1366666666667 300
5747 -845.27 300
5748 -845.4 300
5749 -841.71 300
5750 -841.8866666666667 300
5751 -841.9266666666666 300
5752 -842.06 300
5753 -842.36 300
5754 -842.4433333333334 300
5755 -842.6033333333334 300
5756 -842.7766666666666 300
5757 -843.0833333333334 300
5758 -843.29 300
5759 -843.63 300
5760 -843.8 300
5761 -844.0 300
5762 -844.41 300
5763 -844.7866666666666 300
5764 -845.1166666666667 300
5765 -845.79 300
5766 -847.5033333333333 300
5767 -848.53 300
5768 -851.8233333333334 300
5769 -851.7933333333333 300
5770 -851.78 300
5771 -851.9166666666666 300
5772 -851.7566666666667 300
5773 -851.2366666666667 300
5774 -851.0833333333334 300
5775 -850.65 300
5776 -849.9733333333334 300
5777 -850.9866666666667 300
5778 -850.91 300
5779 -850.8333333333334 300
5780 -850.7933333333333 300
5781 -850.8066666666666 300
5782 -850.7733333333333 300
5783 -850.4833333333333 300
5784 -850.4466666666667 300
5785 -850.41 300
5786 -850.3733333333333 300
5787 -850.39 300
5788 -849.66 300
5789 -849.0466666666666 300
5790 -849.1333333333333 300
5791 -849.2333333333333 300
5792 -848.42 300
5793 -848.5166666666667 300
5794 -848.65 300
5795 -847.9466666666667 300
5796 -846.5133333333333 300
5797 -846.61 300
5798 -846.7033333333334 300
5799 -846.7933333333333 300
5800 -846.9366666666666 300
5801 -846.33 300
5802 -846.5966666666667 300
5803 -846.6866666666666 300
5804 -846.7433333333333 300
5805 -845.4166666666666 300
5806 -845.55 300
5807 -845.78 300
5808 -845.8833333333333 300
5809 -845.9833333333333 300
5810 -845.9666666666667 300
5811 -845.9733333333334 300
5812 -845.9333333333333 300
5813 -845.9333333333333 300
5814 -847.46 300
5815 -848.3866666666667 300
5816 -848.3066666666666 300
5817 -848.3966666666666 300
5818 -848.5266666666666 300
5819 -847.6133333333333 300
5820 -847.6166666666667 300
5821 -847.6666666666666 300
5822 -847.75 300
5823 -845.44 300
5824 -844.9033333333333 300
5825 -845.16 300
5826 -845.24 300
5827 -845.6166666666667 300
5828 -846.3366666666667 300
5829 -846.6266666666667 300
5830 -845.33 300
5831 -845.26 300
5832 -845.9466666666667 300
5833 -846.7366666666667 300
5834 -847.1 300
5835 -848.2066666666667 300
5836 -849.6033333333334 300
5837 -851.0766666666667 300
5838 -850.0266666666666 300
5839 -848.44 300
5840 -848.6166666666667 300
5841 -848.7833333333333 300
5842 -848.8766666666667 300
5843 -849.0133333333333 300
5844 -849.18 300
5845 -849.3833333333333 300
5846 -849.5133333333333 300
5847 -849.6466666666666 300
5848 -849.7333333333333 300
5849 -849.99 300
5850 -848.3433333333334 300
5851 -848.35 300
5852 -848.5566666666666 300
5853 -848.8133333333334 300
5854 -848.98 300
5855 -849.0666666666667 300
5856 -849.2833333333333 300
5857 -846.5066666666667 300
5858 -846.35 300
5859 -846.6566666666666 300
5860 -846.6466666666666 300
5861 -847.0066666666667 300
5862 -847.2233333333334 300
5863 -847.44 300
5864 -847.7 300
5865 -848.4533333333334 300
5866 -848.63 300
5867 -846.1466666666666 300
5868 -846.2933333333333 300
5869 -846.7933333333333 300
5870 -847.0166666666667 300
5871 -847.0633333333334 300
5872 -847.0666666666667 300
5873 -847.0633333333334 300
5874 -847.25 300
5875 -847.48 300
5876 -847.5733333333334 300
5877 -846.9533333333334 300
5878 -846.5166666666667 300
5879 -846.35 300
5880 -846.18 300
5881 -845.97 300
5882 -846.2966666666666 300
5883 -846.2666666666667 300
5884 -846.1433333333333 300
5885 -845.9366666666666 300
5886 -845.8166666666667 300
5887 -845.7366666666667 300
5888 -845.5666666666667 300
5889 -845.52 300
5890 -845.35 300
5891 -845.2633333333333 300
5892 -845.0766666666667 300
5893 -845.1266666666667 300
5894 -845.3466666666667 300
5895 -843.75 300
5896 -843.7566666666667 300
5897 -843.9033333333333 300
5898 -844.04 300
5899 -844.36 300
5900 -844.4566666666667 300
5901 -844.4566666666667 300
5902 -844.54 300
5903 -844.54 300
5904 -844.83 300
5905 -845.1266666666667 300
5906 -845.2733333333333 300
5907 -845.54 300
5908 -845.7533333333333 300
5909 -845.88 300
5910 -845.9066666666666 300
5911 -845.9733333333334 300
5912 -846.0 300
5913 -845.5766666666667 300
5914 -845.9066666666666 300
5915 -846.2066666666667 300
5916 -846.44 300
5917 -845.4266666666666 300
5918 -846.19 300
5919 -846.8966666666666 300
5920 -847.32 300
5921 -847.5733333333334 300
5922 -848.0766666666667 300
5923 -849.4 300
5924 -850.9166666666666 300
5925 -849.93 300
5926 -849.9233333333333 300
5927 -849.9966666666667 300
5928 -849.9566666666667 300
5929 -849.8733333333333 300
5930 -849.8733333333333 300
5931 -849.7633333333333 300
5932 -849.72 300
5933 -849.6466666666666 300
5934 -849.5633333333334 300
5935 -849.39 300
5936 -849.2266666666667 300
5937 -849.1166666666667 300
5938 -849.0 300
5939 -848.9733333333334 300
5940 -849.0533333333333 300
5941 -848.9633333333334 300
5942 -848.8766666666667 300
5943 -848.7633333333333 300
5944 -848.5533333333333 300
5945 -849.1133333333333 300
5946 -849.22 300
5947 -849.0533333333333 300
5948 -848.6733333333333 300
5949 -848.3466666666667 300
5950 -848.02 300
5951 -847.6933333333334 300
5952 -847.3666666666667 300
5953 -847.2066666666667 300
5954 -847.0 300
5955 -847.4733333333334 300
5956 -847.5966666666667 300
5957 -848.21 300
5958 -848.2566666666667 300
5959 -848.38 300
5960 -848.4166666666666 300
5961 -848.3766666666667 300
5962 -848.2466666666667 300
5963 -848.1666666666666 300
5964 -848.05 300
5965 -846.14 300
5966 -846.42 300
5967 -846.4666666666667 300
5968 -846.5033333333333 300
5969 -846.8133333333334 300
5970 -846.9333333333333 300
5971 -847.01 300
5972 -846.88 300
5973 -846.71 300
5974 -846.6233333333333 300
5975 -846.5833333333334 300
5976 -846.5466666666666 300
5977 -846.4633333333334 300
5978 -846.38 300
5979 -846.3366666666667 300
5980 -846.2533333333333 300
5981 -846.3366666666667 300
5982 -846.3766666666667 300
5983 -846.4966666666667 300
5984 -846.58 300
5985 -846.5766666666667 300
5986 -846.62 300
5987 -846.6766666666666 300
5988 -846.68 300
5989 -846.8066666666666 300
5990 -846.7733333333333 300
5991 -846.8133333333334 300
5992 -846.73 300
5993 -846.6833333333333 300
5994 -846.6766666666666 300
5995 -846.8 300
5996 -846.43 300
5997 -846.6433333333333 300
5998 -846.78 300
5999 -847.23 300
6000 -847.4366666666666 300
