390 -1090.0533333333333 300
391 -1090.0633333333333 300
392 -1090.0766666666666 300
393 -1090.1633333333334 300
394 -1090.1966666666667 300
395 -1090.0233333333333 300
396 -1089.6 300
397 -1089.9933333333333 300
398 -1088.78 300
399 -1088.17 300
400 -1084.7766666666666 300
401 -1081.2933333333333 300
402 -1081.4833333333333 300
403 -1079.2966666666666 300
404 -1078.53 300
405 -1077.9833333333333 300
406 -1077.2933333333333 300
407 -1076.1566666666668 300
408 -1077.0266666666666 300
409 -1075.2366666666667 300
410 -1071.81 300
411 -1066.14 300
412 -1065.4066666666668 300
413 -1065.03 300
414 -1065.1633333333334 300
415 -1064.8633333333332 300
416 -1063.86 300
417 -1062.8 300
418 -1059.48 300
419 -1060.31 300
420 -1061.6233333333332 300
421 -1060.5833333333333 300
422 -1053.8033333333333 300
423 -1056.61 300
424 -1062.74 300
425 -1063.1166666666666 300
426 -1066.15 300
427 -1068.87 300
428 -1067.0733333333333 300
429 -1066.0466666666666 300
430 -1069.4833333333333 300
431 -1073.53 300
432 -1070.2433333333333 300
433 -1065.4033333333334 300
434 -1061.0 300
435 -1061.2033333333334 300
436 -1055.1066666666666 300
437 -1055.0866666666666 300
438 -1055.0166666666667 300
439 -1054.6633333333334 300
440 -1054.3033333333333 300
441 -1053.1433333333334 300
442 -1051.3133333333333 300
443 -1047.91 300
444 -1040.7866666666666 300
445 -1042.17 300
446 -1045.3533333333332 300
447 -1051.38 300
448 -1049.31 300
449 -1050.77 300
450 -1052.6233333333332 300
451 -1051.0666666666666 300
452 -1047.7466666666667 300
453 -1046.07 300
454 -1045.98 300
455 -1045.0766666666666 300
456 -1042.9933333333333 300
457 -1043.1066666666666 300
458 -1042.3 300
459 -1045.7666666666667 300
460 -1049.71 300
461 -1053.2333333333333 300
462 -1053.3666666666666 300
463 -1053.28 300
464 -1053.1933333333334 300
465 -1052.9366666666667 300
466 -1052.2433333333333 300
467 -1051.03 300
468 -1048.2133333333334 300
469 -1042.8833333333334 300
470 -1042.9733333333334 300
471 -1043.1466666666668 300
472 -1043.19 300
473 -1043.3266666666666 300
474 -1043.5766666666666 300
475 -1043.4933333333333 300
476 -1043.5466666666666 300
477 -1043.59 300
478 -1043.28 300
479 -1041.8966666666668 300
480 -1039.1633333333334 300
481 -1038.02 300
482 -1035.0933333333332 300
483 -1035.1966666666667 300
484 -1034.8066666666666 300
485 -1033.37 300
486 -1030.1333333333334 300
487 -1030.2366666666667 300
488 -1035.38 300
489 -1037.2033333333334 300
490 -1033.2433333333333 300
491 -1028.85 300
492 -1031.78 300
493 -1033.11 300
494 -1037.9766666666667 300
495 -1037.6033333333332 300
496 -1038.4733333333334 300
497 -1037.5666666666666 300
498 -1035.81 300
499 -1032.86 300
500 -1030.51 300
501 -1026.8166666666666 300
502 -1018.0 300
503 -1020.42 300
504 -1020.83 300
505 -1020.73 300
506 -1017.23 300
507 -1010.0166666666667 300
508 -1012.3566666666667 300
509 -1013.52 300
510 -1014.74 300
511 -1017.37 300
512 -1015.4866666666667 300
513 -1015.2 300
514 -1015.1066666666667 300
515 -1012.4833333333333 300
516 -1012.3666666666667 300
517 -1010.3866666666667 300
518 -1013.3433333333334 300
519 -1011.76 300
520 -1009.16 300
521 -1009.8833333333333 300
522 -1006.0333333333333 300
523 -1004.8966666666666 300
524 -999.0066666666667 300
525 -997.33 300
526 -997.6 300
527 -998.2233333333334 300
528 -999.18 300
529 -1000.2833333333333 300
530 -1001.1333333333333 300
531 -1002.58 300
532 -1004.24 300
533 -1006.9433333333334 300
534 -1007.8866666666667 300
535 -1006.4666666666667 300
536 -1005.9 300
537 -1006.2066666666667 300
538 -992.1533333333333 300
539 -992.2733333333333 300
540 -992.3933333333333 300
541 -992.8366666666667 300
542 -993.5866666666667 300
543 -994.6233333333333 300
544 -996.99 300
545 -1000.8333333333334 300
546 -1000.13 300
547 -999.67 300
548 -997.85 300
549 -993.9166666666666 300
550 -994.6933333333334 300
551 -995.2433333333333 300
552 -996.54 300
553 -997.2933333333333 300
554 -993.5433333333333 300
555 -993.7933333333333 300
556 -995.1266666666667 300
557 -995.7 300
558 -998.5266666666666 300
559 -998.35 300
560 -994.7966666666666 300
561 -996.2833333333333 300
562 -998.03 300
563 -999.5066666666667 300
564 -1000.2533333333333 300
565 -1000.1233333333333 300
566 -1001.0766666666667 300
567 -1000.7433333333333 300
568 -1000.2666666666667 300
569 -998.8766666666667 300
570 -996.9 300
571 -995.2266666666667 300
572 -994.0633333333334 300
573 -991.2066666666667 300
574 -989.75 300
575 -989.9233333333333 300
576 -990.0533333333333 300
577 -990.2666666666667 300
578 -990.7633333333333 300
579 -992.08 300
580 -993.8866666666667 300
581 -996.1566666666666 300
582 -999.0066666666667 300
583 -998.8966666666666 300
584 -1000.58 300
585 -1000.5366666666666 300
586 -1000.4533333333334 300
587 -1000.47 300
588 -1000.2566666666667 300
589 -1000.2766666666666 300
590 -1000.43 300
591 -1000.45 300
592 -1000.4933333333333 300
593 -1000.5033333333333 300
594 -1000.5766666666667 300
595 -1000.7466666666667 300
596 -998.6066666666667 300
597 -998.4233333333333 300
598 -998.0733333333334 300
599 -997.9766666666667 300
600 -997.83 300
601 -998.5466666666666 300
602 -998.5533333333333 300
603 -998.5033333333333 300
604 -998.51 300
605 -998.51 300
606 -998.51 300
607 -998.6 300
608 -998.6 300
609 -998.6033333333334 300
610 -998.6033333333334 300
611 -998.7 300
612 -998.7433333333333 300
613 -998.8333333333334 300
614 -998.82 300
615 -998.82 300
616 -998.82 300
617 -998.82 300
618 -998.58 300
619 -998.6233333333333 300
620 -998.6733333333333 300
621 -998.6733333333333 300
622 -998.6733333333333 300
623 -998.6766666666666 300
624 -998.6766666666666 300
625 -998.5 300
626 -998.4166666666666 300
627 -998.4166666666666 300
628 -998.4233333333333 300
629 -998.4266666666666 300
630 -998.33 300
631 -998.19 300
632 -997.8033333333333 300
633 -997.5333333333333 300
634 -996.92 300
635 -996.4833333333333 300
636 -994.58 300
637 -991.3733333333333 300
638 -992.3733333333333 300
639 -993.4433333333334 300
640 -995.7 300
641 -996.9833333333333 300
642 -996.5366666666666 300
643 -996.19 300
644 -996.06 300
645 -996.6066666666667 300
646 -996.52 300
647 -996.3066666666666 300
648 -996.1766666666666 300
649 -995.0066666666667 300
650 -993.1 300
651 -989.8166666666667 300
652 -985.7633333333333 300
653 -985.5066666666667 300
654 -984.81 300
655 -984.5066666666667 300
656 -983.38 300
657 -980.6966666666667 300
658 -977.36 300
659 -978.6633333333333 300
660 -980.6133333333333 300
661 -984.0466666666666 300
662 -985.4366666666666 300
663 -985.3 300
664 -985.2533333333333 300
665 -985.0866666666667 300
666 -984.41 300
667 -982.7833333333333 300
668 -981.2266666666667 300
669 -982.1733333333333 300
670 -983.98 300
671 -981.7933333333333 300
672 -982.2333333333333 300
673 -983.11 300
674 -984.3333333333334 300
675 -985.65 300
676 -985.02 300
677 -982.28 300
678 -978.1733333333333 300
679 -977.1366666666667 300
680 -977.4366666666666 300
681 -977.4433333333334 300
682 -977.3266666666667 300
683 -977.5 300
684 -977.5866666666667 300
685 -977.6766666666666 300
686 -977.4033333333333 300
687 -978.2666666666667 300
688 -977.81 300
689 -977.8133333333334 300
690 -974.7466666666667 300
691 -974.27 300
692 -974.1433333333333 300
693 -974.2133333333334 300
694 -973.8666666666667 300
695 -973.89 300
696 -973.1266666666667 300
697 -971.9933333333333 300
698 -970.3466666666667 300
699 -966.3166666666667 300
700 -965.75 300
701 -963.3233333333334 300
702 -963.2366666666667 300
703 -963.5833333333334 300
704 -963.8433333333334 300
705 -964.45 300
706 -964.45 300
707 -964.3333333333334 300
708 -962.4266666666666 300
709 -962.4966666666667 300
710 -961.59 300
711 -961.3733333333333 300
712 -960.3033333333333 300
713 -959.12 300
714 -959.12 300
715 -959.12 300
716 -959.1266666666667 300
717 -959.1266666666667 300
718 -959.1333333333333 300
719 -959.05 300
720 -959.0933333333334 300
721 -959.13 300
722 -959.13 300
723 -959.1633333333333 300
724 -959.1466666666666 300
725 -959.1 300
726 -958.97 300
727 -958.9666666666667 300
728 -959.0566666666666 300
729 -959.0533333333333 300
730 -959.06 300
731 -959.1133333333333 300
732 -959.04 300
733 -958.9133333333333 300
734 -958.9866666666667 300
735 -959.1533333333333 300
736 -959.38 300
737 -959.6966666666667 300
738 -960.0633333333334 300
739 -960.1366666666667 300
740 -960.8566666666667 300
741 -962.4133333333333 300
742 -965.5066666666667 300
743 -968.5833333333334 300
744 -967.31 300
745 -967.1166666666667 300
746 -965.6633333333333 300
747 -965.15 300
748 -961.2566666666667 300
749 -959.8566666666667 300
750 -959.8433333333334 300
751 -959.8033333333333 300
752 -959.7666666666667 300
753 -959.6733333333333 300
754 -959.9566666666667 300
755 -960.04 300
756 -960.21 300
757 -960.3333333333334 300
758 -960.22 300
759 -960.08 300
760 -960.15 300
761 -958.9966666666667 300
762 -958.9766666666667 300
763 -958.9866666666667 300
764 -958.9933333333333 300
765 -958.3 300
766 -958.3333333333334 300
767 -958.3633333333333 300
768 -958.3733333333333 300
769 -958.36 300
770 -958.3233333333334 300
771 -958.3266666666667 300
772 -958.3466666666667 300
773 -958.0933333333334 300
774 -957.9233333333333 300
775 -957.4766666666667 300
776 -956.8933333333333 300
777 -957.7966666666666 300
778 -958.47 300
779 -958.7266666666667 300
780 -958.2766666666666 300
781 -958.23 300
782 -958.1533333333333 300
783 -958.0666666666667 300
784 -958.03 300
785 -957.7366666666667 300
786 -957.14 300
787 -956.29 300
788 -956.9533333333334 300
789 -956.8733333333333 300
790 -957.3066666666666 300
791 -957.8333333333334 300
792 -957.67 300
793 -957.4633333333334 300
794 -957.22 300
795 -956.6366666666667 300
796 -955.9766666666667 300
797 -954.5233333333333 300
798 -951.6266666666667 300
799 -947.9966666666667 300
800 -947.76 300
801 -945.66 300
802 -945.2533333333333 300
803 -945.2133333333334 300
804 -945.17 300
805 -945.0466666666666 300
806 -944.7166666666667 300
807 -944.2566666666667 300
808 -943.6633333333333 300
809 -942.1366666666667 300
810 -939.0366666666666 300
811 -936.0166666666667 300
812 -935.2433333333333 300
813 -935.5166666666667 300
814 -935.59 300
815 -935.5533333333333 300
816 -935.18 300
817 -934.0166666666667 300
818 -935.4233333333333 300
819 -938.8566666666667 300
820 -939.9833333333333 300
821 -941.3633333333333 300
822 -942.82 300
823 -941.0566666666666 300
824 -939.3166666666667 300
825 -935.5766666666667 300
826 -929.1 300
827 -926.0633333333334 300
828 -926.1933333333334 300
829 -926.3666666666667 300
830 -926.4966666666667 300
831 -928.1433333333333 300
832 -930.8733333333333 300
833 -933.04 300
834 -932.9966666666667 300
835 -932.9966666666667 300
836 -932.9966666666667 300
837 -932.9566666666667 300
838 -932.7833333333333 300
839 -932.6533333333333 300
840 -932.48 300
841 -932.1333333333333 300
842 -931.5266666666666 300
843 -931.57 300
844 -931.57 300
845 -933.0433333333333 300
846 -933.0433333333333 300
847 -933.0 300
848 -932.9033333333333 300
849 -932.6233333333333 300
850 -931.8166666666667 300
851 -931.2666666666667 300
852 -930.4166666666666 300
853 -929.0066666666667 300
854 -925.3533333333334 300
855 -917.4366666666666 300
856 -917.82 300
857 -918.2033333333334 300
858 -916.5666666666667 300
859 -916.8566666666667 300
860 -916.8566666666667 300
861 -917.05 300
862 -917.34 300
863 -917.4366666666666 300
864 -917.7266666666667 300
865 -920.5333333333333 300
866 -924.7333333333333 300
867 -930.1966666666667 300
868 -930.1 300
869 -929.95 300
870 -929.8533333333334 300
871 -929.8533333333334 300
872 -929.66 300
873 -929.5633333333334 300
874 -929.4666666666667 300
875 -929.37 300
876 -926.8566666666667 300
877 -922.3133333333334 300
878 -918.79 300
879 -919.0366666666666 300
880 -909.8 300
881 -910.53 300
882 -910.4433333333334 300
883 -910.5733333333334 300
884 -910.8533333333334 300
885 -911.25 300
886 -911.37 300
887 -911.8933333333333 300
888 -911.9 300
889 -911.3766666666667 300
890 -910.02 300
891 -907.61 300
892 -906.6666666666666 300
893 -905.6433333333333 300
894 -907.3233333333334 300
895 -907.38 300
896 -892.52 300
897 -892.65 300
898 -892.9966666666667 300
899 -893.3 300
900 -892.87 300
901 -892.61 300
902 -892.4366666666666 300
903 -891.6566666666666 300
904 -890.4433333333334 300
905 -886.8066666666666 300
906 -883.2633333333333 300
907 -883.3066666666666 300
908 -883.4366666666666 300
909 -883.87 300
910 -884.6066666666667 300
911 -885.6066666666667 300
912 -886.6 300
913 -888.34 300
914 -890.9466666666667 300
915 -892.4266666666666 300
916 -889.8433333333334 300
917 -891.8466666666667 300
918 -896.2066666666667 300
919 -899.8066666666666 300
920 -900.6466666666666 300
921 -898.0066666666667 300
922 -903.1266666666667 300
923 -902.5533333333333 300
924 -901.57 300
925 -898.87 300
926 -895.31 300
927 -889.4833333333333 300
928 -887.3533333333334 300
929 -882.93 300
930 -882.5233333333333 300
931 -882.7833333333333 300
932 -883.0866666666667 300
933 -883.3533333333334 300
934 -884.2333333333333 300
935 -884.63 300
936 -884.8466666666667 300
937 -885.2366666666667 300
938 -885.5466666666666 300
939 -885.8333333333334 300
940 -885.6433333333333 300
941 -888.0266666666666 300
942 -882.4466666666667 300
943 -875.5133333333333 300
944 -876.2066666666667 300
945 -875.6566666666666 300
946 -878.2733333333333 300
947 -882.2433333333333 300
948 -880.6533333333333 300
949 -880.6533333333333 300
950 -880.7833333333333 300
951 -880.7833333333333 300
952 -880.9133333333333 300
953 -881.0 300
954 -881.13 300
955 -881.0866666666667 300
956 -881.0866666666667 300
957 -881.0433333333333 300
958 -881.1733333333333 300
959 -881.1733333333333 300
960 -881.26 300
961 -881.3033333333333 300
962 -881.5633333333334 300
963 -881.5633333333334 300
964 -881.52 300
965 -881.5633333333334 300
966 -881.6933333333334 300
967 -881.6933333333334 300
968 -881.74 300
969 -881.8266666666667 300
970 -881.88 300
971 -882.1066666666667 300
972 -882.43 300
973 -882.48 300
974 -882.78 300
975 -879.37 300
976 -879.2833333333333 300
977 -878.8 300
978 -878.5033333333333 300
979 -878.2733333333333 300
980 -878.1433333333333 300
981 -878.1433333333333 300
982 -878.1433333333333 300
983 -878.1433333333333 300
984 -878.1433333333333 300
985 -878.1466666666666 300
986 -878.1333333333333 300
987 -878.1366666666667 300
988 -878.09 300
989 -878.0433333333333 300
990 -878.0433333333333 300
991 -878.0866666666667 300
992 -878.0866666666667 300
993 -878.1733333333333 300
994 -878.1733333333333 300
995 -878.1333333333333 300
996 -878.23 300
997 -878.3166666666667 300
998 -878.3166666666667 300
999 -878.4066666666666 300
1000 -878.4933333333333 300
1001 -878.7533333333333 300
1002 -878.9233333333333 300
1003 -879.2233333333334 300
1004 -879.3466666666667 300
1005 -879.3966666666666 300
1006 -879.44 300
1007 -879.5733333333334 300
1008 -879.7066666666667 300
1009 -879.75 300
1010 -879.9233333333333 300
1011 -879.9933333333333 300
1012 -878.26 300
1013 -878.26 300
1014 -878.26 300
1015 -878.26 300
1016 -878.2566666666667 300
1017 -878.2966666666666 300
1018 -878.2966666666666 300
1019 -878.3866666666667 300
1020 -878.3866666666667 300
1021 -878.34 300
1022 -878.1733333333333 300
1023 -878.13 300
1024 -878.13 300
1025 -878.1733333333333 300
1026 -878.1733333333333 300
1027 -878.1733333333333 300
1028 -878.1733333333333 300
1029 -878.1733333333333 300
1030 -878.1733333333333 300
1031 -878.1733333333333 300
1032 -878.1733333333333 300
1033 -878.1733333333333 300
1034 -878.2166666666667 300
1035 -878.2166666666667 300
1036 -878.2166666666667 300
1037 -878.2166666666667 300
1038 -878.2166666666667 300
1039 -878.2166666666667 300
1040 -878.2166666666667 300
1041 -878.2166666666667 300
1042 -878.2166666666667 300
1043 -878.2166666666667 300
1044 -878.3066666666666 300
1045 -878.3066666666666 300
1046 -878.3066666666666 300
1047 -878.3066666666666 300
1048 -878.3066666666666 300
1049 -878.3066666666666 300
1050 -878.2633333333333 300
1051 -878.2633333333333 300
1052 -878.2633333333333 300
1053 -878.2633333333333 300
1054 -878.2633333333333 300
1055 -878.1633333333333 300
1056 -878.2566666666667 300
1057 -878.2533333333333 300
1058 -878.2633333333333 300
1059 -878.2633333333333 300
1060 -878.2633333333333 300
1061 -878.3066666666666 300
1062 -878.2633333333333 300
1063 -878.1333333333333 300
1064 -878.1333333333333 300
1065 -878.22 300
1066 -878.22 300
1067 -878.22 300
1068 -878.2633333333333 300
1069 -878.2633333333333 300
1070 -878.2633333333333 300
1071 -878.36 300
1072 -878.3166666666667 300
1073 -878.22 300
1074 -878.22 300
1075 -878.1333333333333 300
1076 -878.1333333333333 300
1077 -878.1333333333333 300
1078 -878.09 300
1079 -878.09 300
1080 -878.09 300
1081 -878.0033333333333 300
1082 -878.09 300
1083 -877.9566666666667 300
1084 -877.87 300
1085 -877.8266666666667 300
1086 -877.6533333333333 300
1087 -877.5666666666667 300
1088 -877.2733333333333 300
1089 -877.0133333333333 300
1090 -876.32 300
1091 -875.24 300
1092 -872.9433333333334 300
1093 -872.51 300
1094 -873.3766666666667 300
1095 -874.85 300
1096 -876.4533333333334 300
1097 -875.8466666666667 300
1098 -874.1566666666666 300
1099 -869.69 300
1100 -869.95 300
1101 -869.69 300
1102 -869.95 300
1103 -870.1666666666666 300
1104 -871.12 300
1105 -869.5166666666667 300
1106 -869.95 300
1107 -870.1666666666666 300
1108 -870.6 300
1109 -871.38 300
1110 -872.94 300
1111 -874.8133333333334 300
1112 -875.8533333333334 300
1113 -876.8066666666666 300
1114 -876.35 300
1115 -875.18 300
1116 -873.62 300
1117 -871.9966666666667 300
1118 -867.8366666666667 300
1119 -867.9666666666667 300
1120 -868.01 300
1121 -868.0966666666667 300
1122 -868.14 300
1123 -868.2266666666667 300
1124 -865.65 300
1125 -865.65 300
1126 -865.79 300
1127 -865.8866666666667 300
1128 -866.23 300
1129 -866.52 300
1130 -866.9066666666666 300
1131 -867.3366666666667 300
1132 -866.8533333333334 300
1133 -866.8533333333334 300
1134 -866.22 300
1135 -865.7366666666667 300
1136 -865.78 300
1137 -865.65 300
1138 -865.6533333333333 300
1139 -865.6533333333333 300
1140 -865.6933333333334 300
1141 -865.6933333333334 300
1142 -865.6866666666666 300
1143 -865.6766666666666 300
1144 -865.7033333333334 300
1145 -865.6633333333333 300
1146 -865.6033333333334 300
1147 -865.5633333333334 300
1148 -865.6 300
1149 -865.7466666666667 300
1150 -865.8066666666666 300
1151 -865.83 300
1152 -865.69 300
1153 -865.36 300
1154 -865.0066666666667 300
1155 -865.0066666666667 300
1156 -865.0 300
1157 -865.04 300
1158 -865.03 300
1159 -865.1133333333333 300
1160 -865.1133333333333 300
1161 -865.1033333333334 300
1162 -865.02 300
1163 -864.78 300
1164 -864.5666666666667 300
1165 -864.6366666666667 300
1166 -864.82 300
1167 -864.7366666666667 300
1168 -864.7733333333333 300
1169 -864.9066666666666 300
1170 -864.9666666666667 300
1171 -865.2566666666667 300
1172 -865.3166666666667 300
1173 -865.3433333333334 300
1174 -865.6133333333333 300
1175 -866.0433333333333 300
1176 -866.3166666666667 300
1177 -866.6633333333333 300
1178 -867.3 300
1179 -868.82 300
1180 -871.5666666666667 300
1181 -872.2466666666667 300
1182 -870.76 300
1183 -867.92 300
1184 -867.5066666666667 300
1185 -867.55 300
1186 -867.6 300
1187 -867.6866666666666 300
1188 -867.7 300
1189 -867.7833333333333 300
1190 -867.8666666666667 300
1191 -867.99 300
1192 -868.12 300
1193 -868.2566666666667 300
1194 -868.23 300
1195 -868.3566666666667 300
1196 -868.4433333333334 300
1197 -868.5666666666667 300
1198 -868.66 300
1199 -868.3133333333334 300
1200 -868.4 300
1201 -868.5233333333333 300
1202 -868.5766666666667 300
1203 -868.7033333333334 300
1204 -868.7166666666667 300
1205 -868.7833333333333 300
1206 -868.8666666666667 300
1207 -868.95 300
1208 -869.0333333333333 300
1209 -869.1633333333333 300
1210 -869.2533333333333 300
1211 -869.3433333333334 300
1212 -869.48 300
1213 -869.57 300
1214 -869.5866666666667 300
1215 -869.43 300
1216 -869.4466666666667 300
1217 -869.4266666666666 300
1218 -868.8633333333333 300
1219 -868.95 300
1220 -867.06 300
1221 -867.0766666666667 300
1222 -867.1366666666667 300
1223 -867.16 300
1224 -867.5 300
1225 -867.7833333333333 300
1226 -867.96 300
1227 -867.87 300
1228 -867.0 300
1229 -865.4733333333334 300
1230 -865.4833333333333 300
1231 -865.55 300
1232 -865.53 300
1233 -865.56 300
1234 -865.5933333333334 300
1235 -865.57 300
1236 -865.67 300
1237 -865.68 300
1238 -865.7 300
1239 -865.8366666666667 300
1240 -865.9033333333333 300
1241 -866.0733333333334 300
1242 -865.89 300
1243 -865.2433333333333 300
1244 -865.1566666666666 300
1245 -865.1133333333333 300
1246 -864.9866666666667 300
1247 -864.8233333333334 300
1248 -864.6166666666667 300
1249 -864.0433333333333 300
1250 -864.1333333333333 300
1251 -863.95 300
1252 -863.7266666666667 300
1253 -863.6233333333333 300
1254 -863.8766666666667 300
1255 -864.0866666666667 300
1256 -863.4333333333333 300
1257 -862.9566666666667 300
1258 -861.4833333333333 300
1259 -859.3566666666667 300
1260 -856.36 300
1261 -856.4 300
1262 -856.31 300
1263 -856.39 300
1264 -856.43 300
1265 -856.47 300
1266 -856.5966666666667 300
1267 -856.59 300
1268 -856.67 300
1269 -856.75 300
1270 -856.8366666666667 300
1271 -857.4833333333333 300
1272 -858.2433333333333 300
1273 -859.1833333333333 300
1274 -859.0133333333333 300
1275 -859.1133333333333 300
1276 -859.1266666666667 300
1277 -858.99 300
1278 -859.05 300
1279 -859.0166666666667 300
1280 -859.0766666666667 300
1281 -859.09 300
1282 -859.1033333333334 300
1283 -859.0233333333333 300
1284 -858.99 300
1285 -858.91 300
1286 -858.9 300
1287 -858.8133333333334 300
1288 -858.7333333333333 300
1289 -858.61 300
1290 -856.2166666666667 300
1291 -855.9666666666667 300
1292 -854.33 300
1293 -852.32 300
1294 -852.3233333333334 300
1295 -852.3266666666667 300
1296 -852.33 300
1297 -852.3333333333334 300
1298 -852.3366666666667 300
1299 -852.34 300
1300 -852.34 300
1301 -852.3333333333334 300
1302 -852.3166666666667 300
1303 -852.2833333333333 300
1304 -852.1966666666667 300
1305 -851.9933333333333 300
1306 -851.65 300
1307 -851.9866666666667 300
1308 -852.1766666666666 300
1309 -852.2633333333333 300
1310 -852.63 300
1311 -852.9766666666667 300
1312 -853.0166666666667 300
1313 -853.0266666666666 300
1314 -853.0266666666666 300
1315 -853.03 300
1316 -853.0333333333333 300
1317 -853.06 300
1318 -853.0333333333333 300
1319 -852.6833333333333 300
1320 -852.69 300
1321 -852.6866666666666 300
1322 -852.6933333333334 300
1323 -852.6933333333334 300
1324 -852.6933333333334 300
1325 -852.7366666666667 300
1326 -852.74 300
1327 -852.7433333333333 300
1328 -852.7433333333333 300
1329 -852.9266666666666 300
1330 -852.9266666666666 300
1331 -852.9866666666667 300
1332 -853.0033333333333 300
1333 -852.9533333333334 300
1334 -853.0066666666667 300
1335 -853.0033333333333 300
1336 -852.9966666666667 300
1337 -853.0366666666666 300
1338 -853.0333333333333 300
1339 -853.0966666666667 300
1340 -852.9333333333333 300
1341 -852.99 300
1342 -852.8866666666667 300
1343 -852.83 300
1344 -851.77 300
1345 -851.7733333333333 300
1346 -851.7833333333333 300
1347 -851.7833333333333 300
1348 -851.7833333333333 300
1349 -851.8366666666667 300
1350 -851.8366666666667 300
1351 -851.84 300
1352 -851.8433333333334 300
1353 -851.8433333333334 300
1354 -851.94 300
1355 -851.9466666666667 300
1356 -851.9533333333334 300
1357 -851.9566666666667 300
1358 -852.0133333333333 300
1359 -852.09 300
1360 -852.1266666666667 300
1361 -852.3466666666667 300
1362 -852.43 300
1363 -852.45 300
1364 -852.4933333333333 300
1365 -852.4933333333333 300
1366 -852.5366666666666 300
1367 -852.5333333333333 300
1368 -852.53 300
1369 -852.5266666666666 300
1370 -852.52 300
1371 -852.53 300
1372 -852.4066666666666 300
1373 -852.46 300
1374 -852.46 300
1375 -852.4666666666667 300
1376 -852.4666666666667 300
1377 -852.47 300
1378 -852.4666666666667 300
1379 -852.4633333333334 300
1380 -852.47 300
1381 -852.4666666666667 300
1382 -852.46 300
1383 -852.4666666666667 300
1384 -852.46 300
1385 -852.4566666666667 300
1386 -852.4533333333334 300
1387 -852.49 300
1388 -852.3866666666667 300
1389 -852.6333333333333 300
1390 -852.5966666666667 300
1391 -852.54 300
1392 -852.43 300
1393 -852.1366666666667 300
1394 -852.0533333333333 300
1395 -852.0533333333333 300
1396 -852.0566666666666 300
1397 -852.11 300
1398 -852.1166666666667 300
1399 -852.1233333333333 300
1400 -852.1333333333333 300
1401 -852.2566666666667 300
1402 -852.44 300
1403 -852.61 300
1404 -852.54 300
1405 -852.73 300
1406 -852.73 300
1407 -852.7233333333334 300
1408 -852.7633333333333 300
1409 -852.8033333333333 300
1410 -852.7966666666666 300
1411 -852.7933333333333 300
1412 -852.2533333333333 300
1413 -852.27 300
1414 -852.2866666666666 300
1415 -852.4533333333334 300
1416 -852.38 300
1417 -852.24 300
1418 -852.1533333333333 300
1419 -852.3166666666667 300
1420 -852.3266666666667 300
1421 -852.4933333333333 300
1422 -852.5533333333333 300
1423 -852.5633333333334 300
1424 -852.18 300
1425 -852.23 300
1426 -852.2366666666667 300
1427 -852.13 300
1428 -852.14 300
1429 -852.15 300
1430 -852.2066666666667 300
1431 -852.22 300
1432 -852.2733333333333 300
1433 -852.3033333333333 300
1434 -852.31 300
1435 -852.3233333333334 300
1436 -852.3733333333333 300
1437 -852.3933333333333 300
1438 -852.3333333333334 300
1439 -852.3 300
1440 -852.2733333333333 300
1441 -852.3233333333334 300
1442 -852.3233333333334 300
1443 -852.28 300
1444 -852.2833333333333 300
1445 -852.3333333333334 300
1446 -852.4466666666667 300
1447 -852.4933333333333 300
1448 -852.3866666666667 300
1449 -852.3733333333333 300
1450 -852.3733333333333 300
1451 -852.42 300
1452 -852.42 300
1453 -852.4666666666667 300
1454 -852.6133333333333 300
1455 -852.6133333333333 300
1456 -852.6566666666666 300
1457 -852.7933333333333 300
1458 -852.7933333333333 300
1459 -851.34 300
1460 -851.34 300
1461 -851.34 300
1462 -851.3366666666667 300
1463 -851.43 300
1464 -851.4733333333334 300
1465 -851.4733333333334 300
1466 -851.56 300
1467 -851.56 300
1468 -851.56 300
1469 -851.56 300
1470 -851.56 300
1471 -851.4633333333334 300
1472 -851.4633333333334 300
1473 -851.4633333333334 300
1474 -851.4633333333334 300
1475 -851.2666666666667 300
1476 -851.2666666666667 300
1477 -851.2666666666667 300
1478 -851.2633333333333 300
1479 -851.36 300
1480 -851.36 300
1481 -851.4566666666667 300
1482 -851.4566666666667 300
1483 -851.4566666666667 300
1484 -851.4566666666667 300
1485 -851.5 300
1486 -851.5 300
1487 -851.2633333333333 300
1488 -851.2633333333333 300
1489 -851.2633333333333 300
1490 -851.2633333333333 300
1491 -851.2633333333333 300
1492 -851.2633333333333 300
1493 -851.2633333333333 300
1494 -851.2633333333333 300
1495 -851.2633333333333 300
1496 -851.2633333333333 300
1497 -851.2633333333333 300
1498 -851.2633333333333 300
1499 -851.2633333333333 300
1500 -851.2633333333333 300
1501 -851.2666666666667 300
1502 -851.2666666666667 300
1503 -851.2666666666667 300
1504 -851.2666666666667 300
1505 -851.2666666666667 300
1506 -851.2666666666667 300
1507 -851.3133333333334 300
1508 -851.3133333333334 300
1509 -851.3133333333334 300
1510 -851.3133333333334 300
1511 -851.3133333333334 300
1512 -851.3133333333334 300
1513 -851.26 300
1514 -851.26 300
1515 -851.26 300
1516 -851.2166666666667 300
1517 -851.1733333333333 300
1518 -851.1833333333333 300
1519 -851.0433333333333 300
1520 -851.0 300
1521 -850.9566666666667 300
1522 -850.9133333333333 300
1523 -850.87 300
1524 -850.8266666666667 300
1525 -850.7833333333333 300
1526 -850.74 300
1527 -850.6966666666667 300
1528 -850.6533333333333 300
1529 -850.61 300
1530 -850.5666666666667 300
1531 -850.5666666666667 300
1532 -850.5233333333333 300
1533 -850.48 300
1534 -850.4366666666666 300
1535 -851.0 300
1536 -851.0 300
1537 -851.0 300
1538 -851.1566666666666 300
1539 -851.1566666666666 300
1540 -851.16 300
1541 -851.2033333333334 300
1542 -851.2466666666667 300
1543 -851.29 300
1544 -851.3333333333334 300
1545 -851.2166666666667 300
1546 -851.2133333333334 300
1547 -851.2133333333334 300
1548 -851.21 300
1549 -851.2066666666667 300
1550 -851.2066666666667 300
1551 -851.2033333333334 300
1552 -851.2 300
1553 -851.1966666666667 300
1554 -851.1933333333334 300
1555 -851.19 300
1556 -851.2166666666667 300
1557 -851.1466666666666 300
1558 -851.2033333333334 300
1559 -851.2533333333333 300
1560 -851.2233333333334 300
1561 -851.1866666666666 300
1562 -851.14 300
1563 -851.0566666666666 300
1564 -850.93 300
1565 -850.5966666666667 300
1566 -850.1266666666667 300
1567 -849.5 300
1568 -847.95 300
1569 -844.4633333333334 300
1570 -844.3466666666667 300
1571 -844.2433333333333 300
1572 -840.9766666666667 300
1573 -841.09 300
1574 -841.1666666666666 300
1575 -841.14 300
1576 -841.0133333333333 300
1577 -840.8333333333334 300
1578 -840.79 300
1579 -840.8133333333334 300
1580 -840.6733333333333 300
1581 -839.98 300
1582 -837.8966666666666 300
1583 -841.0833333333334 300
1584 -841.3166666666667 300
1585 -841.4 300
1586 -841.6066666666667 300
1587 -841.7766666666666 300
1588 -841.9033333333333 300
1589 -842.2466666666667 300
1590 -839.4533333333334 300
1591 -839.4933333333333 300
1592 -839.5366666666666 300
1593 -839.6366666666667 300
1594 -839.7366666666667 300
1595 -839.9333333333333 300
1596 -840.1333333333333 300
1597 -840.1333333333333 300
1598 -840.5333333333333 300
1599 -840.9766666666667 300
1600 -841.7766666666666 300
1601 -842.8766666666667 300
1602 -845.1766666666666 300
1603 -850.72 300
1604 -858.3733333333333 300
1605 -867.8566666666667 300
1606 -867.67 300
1607 -867.63 300
1608 -866.8933333333333 300
1609 -864.91 300
1610 -861.76 300
1611 -863.6766666666666 300
1612 -867.43 300
1613 -866.09 300
1614 -866.7333333333333 300
1615 -865.85 300
1616 -863.7466666666667 300
1617 -859.78 300
1618 -856.4766666666667 300
1619 -856.6533333333333 300
1620 -856.79 300
1621 -856.87 300
1622 -857.4966666666667 300
1623 -857.81 300
1624 -858.1466666666666 300
1625 -858.5766666666667 300
1626 -859.1066666666667 300
1627 -859.5866666666667 300
1628 -859.7 300
1629 -859.76 300
1630 -859.8333333333334 300
1631 -859.8666666666667 300
1632 -860.1833333333333 300
1633 -860.34 300
1634 -860.3766666666667 300
1635 -860.4933333333333 300
1636 -860.61 300
1637 -860.8066666666666 300
1638 -860.7533333333333 300
1639 -857.3766666666667 300
1640 -857.4933333333333 300
1641 -857.61 300
1642 -857.73 300
1643 -857.9266666666666 300
1644 -857.9866666666667 300
1645 -858.1066666666667 300
1646 -858.2233333333334 300
1647 -858.3633333333333 300
1648 -858.5233333333333 300
1649 -858.5866666666667 300
1650 -858.7833333333333 300
1651 -858.8033333333333 300
1652 -858.9233333333333 300
1653 -858.93 300
1654 -859.0766666666667 300
1655 -859.2366666666667 300
1656 -859.4966666666667 300
1657 -859.8033333333333 300
1658 -860.03 300
1659 -860.2 300
1660 -860.6033333333334 300
1661 -860.5866666666667 300
1662 -859.29 300
1663 -859.4733333333334 300
1664 -853.53 300
1665 -853.79 300
1666 -854.1466666666666 300
1667 -854.5033333333333 300
1668 -854.9066666666666 300
1669 -855.18 300
1670 -855.6233333333333 300
1671 -856.05 300
1672 -856.4066666666666 300
1673 -856.8333333333334 300
1674 -857.2766666666666 300
1675 -859.1833333333333 300
1676 -861.77 300
1677 -866.39 300
1678 -866.0266666666666 300
1679 -864.7166666666667 300
1680 -863.9466666666667 300
1681 -863.97 300
1682 -864.03 300
1683 -863.9666666666667 300
1684 -864.42 300
1685 -864.4733333333334 300
1686 -864.48 300
1687 -864.4866666666667 300
1688 -864.3833333333333 300
1689 -864.0933333333334 300
1690 -864.0933333333334 300
1691 -864.0933333333334 300
1692 -864.0933333333334 300
1693 -864.0933333333334 300
1694 -864.0933333333334 300
1695 -864.0933333333334 300
1696 -864.0933333333334 300
1697 -864.19 300
1698 -864.19 300
1699 -864.19 300
1700 -864.1466666666666 300
1701 -864.0933333333334 300
1702 -864.0966666666667 300
1703 -864.0966666666667 300
1704 -864.0966666666667 300
1705 -864.0966666666667 300
1706 -864.0966666666667 300
1707 -864.0966666666667 300
1708 -864.0966666666667 300
1709 -864.0966666666667 300
1710 -864.0933333333334 300
1711 -864.0933333333334 300
1712 -864.0933333333334 300
1713 -864.0933333333334 300
1714 -864.0933333333334 300
1715 -864.0933333333334 300
1716 -864.0933333333334 300
1717 -864.05 300
1718 -864.0166666666667 300
1719 -864.07 300
1720 -864.2966666666666 300
1721 -864.2966666666666 300
1722 -864.1633333333333 300
1723 -863.9466666666667 300
1724 -863.4666666666667 300
1725 -862.81 300
1726 -861.94 300
1727 -860.1266666666667 300
1728 -857.4033333333333 300
1729 -855.4866666666667 300
1730 -855.3466666666667 300
1731 -855.26 300
1732 -855.4866666666667 300
1733 -853.4066666666666 300
1734 -853.6333333333333 300
1735 -852.68 300
1736 -852.56 300
1737 -852.56 300
1738 -852.56 300
1739 -852.56 300
1740 -852.56 300
1741 -852.56 300
1742 -852.6566666666666 300
1743 -852.6566666666666 300
1744 -852.6566666666666 300
1745 -852.7 300
1746 -852.7433333333333 300
1747 -852.7466666666667 300
1748 -852.7466666666667 300
1749 -852.7466666666667 300
1750 -852.7466666666667 300
1751 -852.8833333333333 300
1752 -852.9266666666666 300
1753 -853.11 300
1754 -853.2033333333334 300
1755 -853.2533333333333 300
1756 -853.1666666666666 300
1757 -853.0366666666666 300
1758 -852.6033333333334 300
1759 -851.48 300
1760 -849.89 300
1761 -846.3366666666667 300
1762 -846.9466666666667 300
1763 -847.6966666666667 300
1764 -849.0833333333334 300
1765 -850.3066666666666 300
1766 -847.75 300
1767 -844.0233333333333 300
1768 -844.3733333333333 300
1769 -844.6433333333333 300
1770 -845.0533333333333 300
1771 -840.1 300
1772 -840.26 300
1773 -840.4666666666667 300
1774 -841.0133333333333 300
1775 -842.1266666666667 300
1776 -843.5033333333333 300
1777 -846.4966666666667 300
1778 -851.7333333333333 300
1779 -858.6366666666667 300
1780 -853.4533333333334 300
1781 -846.2466666666667 300
1782 -847.53 300
1783 -849.1733333333333 300
1784 -851.21 300
1785 -852.19 300
1786 -851.2833333333333 300
1787 -849.9933333333333 300
1788 -852.29 300
1789 -852.64 300
1790 -851.2233333333334 300
1791 -850.4933333333333 300
1792 -849.27 300
1793 -846.71 300
1794 -841.7233333333334 300
1795 -840.33 300
1796 -840.33 300
1797 -840.33 300
1798 -840.33 300
1799 -840.33 300
1800 -840.3733333333333 300
1801 -840.46 300
1802 -840.59 300
1803 -840.8033333333333 300
1804 -841.2366666666667 300
1805 -841.6666666666666 300
1806 -841.77 300
1807 -841.8133333333334 300
1808 -841.8566666666667 300
1809 -841.9 300
1810 -841.9433333333334 300
1811 -841.9433333333334 300
1812 -841.9866666666667 300
1813 -842.2333333333333 300
1814 -842.5233333333333 300
1815 -842.7266666666667 300
1816 -842.7266666666667 300
1817 -842.77 300
1818 -842.8133333333334 300
1819 -842.9866666666667 300
1820 -843.03 300
1821 -842.9866666666667 300
1822 -842.9 300
1823 -842.5966666666667 300
1824 -841.8166666666667 300
1825 -840.7766666666666 300
1826 -843.8533333333334 300
1827 -843.6833333333333 300
1828 -848.2766666666666 300
1829 -852.62 300
1830 -852.62 300
1831 -852.5266666666666 300
1832 -852.3533333333334 300
1833 -852.3533333333334 300
1834 -852.6933333333334 300
1835 -852.48 300
1836 -851.9166666666666 300
1837 -850.2266666666667 300
1838 -847.3233333333334 300
1839 -843.0333333333333 300
1840 -845.5366666666666 300
1841 -844.29 300
1842 -840.0466666666666 300
1843 -840.1766666666666 300
1844 -840.1333333333333 300
1845 -840.1333333333333 300
1846 -840.35 300
1847 -839.5266666666666 300
1848 -839.5266666666666 300
1849 -839.6133333333333 300
1850 -839.7 300
1851 -839.6566666666666 300
1852 -837.5 300
1853 -841.22 300
1854 -841.5266666666666 300
1855 -841.49 300
1856 -841.4833333333333 300
1857 -841.52 300
1858 -841.3033333333333 300
1859 -841.13 300
1860 -840.2633333333333 300
1861 -838.4 300
1862 -837.23 300
1863 -837.3166666666667 300
1864 -837.4466666666667 300
1865 -840.0466666666666 300
1866 -841.3466666666667 300
1867 -840.74 300
1868 -840.6966666666667 300
1869 -840.61 300
1870 -840.5966666666667 300
1871 -840.38 300
1872 -839.8633333333333 300
1873 -838.91 300
1874 -836.96 300
1875 -834.4866666666667 300
1876 -836.1333333333333 300
1877 -838.1266666666667 300
1878 -838.59 300
1879 -838.5466666666666 300
1880 -838.59 300
1881 -841.09 300
1882 -841.0466666666666 300
1883 -841.0033333333333 300
1884 -840.7433333333333 300
1885 -840.2233333333334 300
1886 -838.88 300
1887 -836.7566666666667 300
1888 -833.2166666666667 300
1889 -834.43 300
1890 -836.38 300
1891 -839.63 300
1892 -838.59 300
1893 -836.38 300
1894 -834.7766666666666 300
1895 -829.5333333333333 300
1896 -825.2866666666666 300
1897 -824.94 300
1898 -824.32 300
1899 -822.9766666666667 300
1900 -818.9033333333333 300
1901 -818.99 300
1902 -819.0766666666667 300
1903 -817.65 300
1904 -817.65 300
1905 -817.6933333333334 300
1906 -817.74 300
1907 -817.7833333333333 300
1908 -818.0333333333333 300
1909 -818.0766666666667 300
1910 -818.0766666666667 300
1911 -817.3366666666667 300
1912 -817.29 300
1913 -817.29 300
1914 -817.29 300
1915 -817.58 300
1916 -817.58 300
1917 -817.58 300
1918 -817.58 300
1919 -817.6666666666666 300
1920 -817.71 300
1921 -817.7533333333333 300
1922 -818.06 300
1923 -818.96 300
1924 -820.09 300
1925 -823.2766666666666 300
1926 -828.4233333333333 300
1927 -829.7633333333333 300
1928 -829.6833333333333 300
1929 -829.8066666666666 300
1930 -829.7266666666667 300
1931 -829.6466666666666 300
1932 -829.57 300
1933 -824.8333333333334 300
1934 -824.7933333333333 300
1935 -824.7566666666667 300
1936 -824.72 300
1937 -825.9233333333333 300
1938 -825.8866666666667 300
1939 -825.85 300
1940 -825.6633333333333 300
1941 -825.53 300
1942 -825.3566666666667 300
1943 -824.7666666666667 300
1944 -824.5666666666667 300
1945 -823.84 300
1946 -826.1666666666666 300
1947 -826.3166666666667 300
1948 -826.41 300
1949 -826.2866666666666 300
1950 -825.43 300
1951 -823.4266666666666 300
1952 -818.95 300
1953 -817.2433333333333 300
1954 -817.5533333333333 300
1955 -817.73 300
1956 -817.9566666666667 300
1957 -818.3766666666667 300
1958 -819.06 300
1959 -820.51 300
1960 -823.6133333333333 300
1961 -827.7766666666666 300
1962 -828.61 300
1963 -828.3666666666667 300
1964 -828.4833333333333 300
1965 -828.4766666666667 300
1966 -828.4733333333334 300
1967 -828.4666666666667 300
1968 -828.46 300
1969 -828.4533333333334 300
1970 -828.4466666666667 300
1971 -828.4766666666667 300
1972 -828.5066666666667 300
1973 -828.5 300
1974 -828.4966666666667 300
1975 -828.5266666666666 300
1976 -828.5566666666666 300
1977 -828.55 300
1978 -828.59 300
1979 -828.62 300
1980 -828.6133333333333 300
1981 -828.6466666666666 300
1982 -828.6466666666666 300
1983 -828.6766666666666 300
1984 -828.6733333333333 300
1985 -828.6733333333333 300
1986 -828.7033333333334 300
1987 -828.78 300
1988 -828.82 300
1989 -828.86 300
1990 -828.86 300
1991 -828.8533333333334 300
1992 -828.94 300
1993 -828.9966666666667 300
1994 -829.0333333333333 300
1995 -829.0633333333334 300
1996 -829.1 300
1997 -827.86 300
1998 -827.8633333333333 300
1999 -827.8566666666667 300
2000 -827.8533333333334 300
2001 -827.85 300
2002 -827.85 300
2003 -827.8433333333334 300
2004 -827.84 300
2005 -827.8433333333334 300
2006 -827.8366666666667 300
2007 -827.8333333333334 300
2008 -827.9566666666667 300
2009 -827.9533333333334 300
2010 -827.9466666666667 300
2011 -827.9833333333333 300
2012 -827.9766666666667 300
2013 -827.9666666666667 300
2014 -827.9966666666667 300
2015 -827.99 300
2016 -827.98 300
2017 -827.97 300
2018 -827.96 300
2019 -828.02 300
2020 -828.02 300
2021 -828.02 300
2022 -828.0166666666667 300
2023 -828.0133333333333 300
2024 -828.0066666666667 300
2025 -827.97 300
2026 -827.8966666666666 300
2027 -827.8133333333334 300
2028 -827.9433333333334 300
2029 -828.0833333333334 300
2030 -828.34 300
2031 -828.34 300
2032 -828.34 300
2033 -828.34 300
2034 -828.3366666666667 300
2035 -828.3766666666667 300
2036 -828.3733333333333 300
2037 -828.3633333333333 300
2038 -828.32 300
2039 -828.3066666666666 300
2040 -828.2833333333333 300
2041 -828.2866666666666 300
2042 -828.2866666666666 300
2043 -828.2833333333333 300
2044 -828.28 300
2045 -828.28 300
2046 -828.2766666666666 300
2047 -828.2733333333333 300
2048 -828.3433333333334 300
2049 -828.3533333333334 300
2050 -828.39 300
2051 -828.39 300
2052 -828.1433333333333 300
2053 -828.1466666666666 300
2054 -828.1466666666666 300
2055 -828.2433333333333 300
2056 -828.2433333333333 300
2057 -828.2433333333333 300
2058 -828.2433333333333 300
2059 -828.2033333333334 300
2060 -828.1633333333333 300
2061 -828.0366666666666 300
2062 -827.6466666666666 300
2063 -827.6066666666667 300
2064 -827.5666666666667 300
2065 -827.5266666666666 300
2066 -827.4866666666667 300
2067 -827.5566666666666 300
2068 -827.5166666666667 300
2069 -827.4766666666667 300
2070 -827.0366666666666 300
2071 -826.7166666666667 300
2072 -825.9933333333333 300
2073 -824.4733333333334 300
2074 -826.3533333333334 300
2075 -827.7166666666667 300
2076 -827.6766666666666 300
2077 -827.6366666666667 300
2078 -827.6366666666667 300
2079 -827.5966666666667 300
2080 -827.5566666666666 300
2081 -827.5166666666667 300
2082 -827.5166666666667 300
2083 -827.4766666666667 300
2084 -827.4366666666666 300
2085 -827.3966666666666 300
2086 -827.3566666666667 300
2087 -827.0766666666667 300
2088 -826.8 300
2089 -826.2366666666667 300
2090 -825.3033333333333 300
2091 -825.1833333333333 300
2092 -824.6333333333333 300
2093 -824.5933333333334 300
2094 -822.8366666666667 300
2095 -822.8766666666667 300
2096 -824.32 300
2097 -826.8433333333334 300
2098 -827.2333333333333 300
2099 -827.2333333333333 300
2100 -827.2333333333333 300
2101 -827.2266666666667 300
2102 -827.2266666666667 300
2103 -827.2266666666667 300
2104 -827.2266666666667 300
2105 -827.2266666666667 300
2106 -827.2266666666667 300
2107 -827.2266666666667 300
2108 -827.2266666666667 300
2109 -827.2266666666667 300
2110 -827.2266666666667 300
2111 -827.2266666666667 300
2112 -827.2266666666667 300
2113 -827.23 300
2114 -827.23 300
2115 -827.23 300
2116 -827.2733333333333 300
2117 -827.36 300
2118 -827.4066666666666 300
2119 -827.58 300
2120 -827.8 300
2121 -827.8433333333334 300
2122 -827.8466666666667 300
2123 -827.8933333333333 300
2124 -827.8933333333333 300
2125 -827.8933333333333 300
2126 -827.8933333333333 300
2127 -827.9366666666666 300
2128 -827.98 300
2129 -827.9833333333333 300
2130 -828.0266666666666 300
2131 -828.0266666666666 300
2132 -828.0 300
2133 -828.0466666666666 300
2134 -828.09 300
2135 -828.1766666666666 300
2136 -828.1766666666666 300
2137 -828.22 300
2138 -828.22 300
2139 -828.2633333333333 300
2140 -828.2633333333333 300
2141 -828.2633333333333 300
2142 -828.22 300
2143 -828.22 300
2144 -828.4733333333334 300
2145 -827.6066666666667 300
2146 -827.45 300
2147 -827.45 300
2148 -827.38 300
2149 -827.38 300
2150 -827.38 300
2151 -827.38 300
2152 -827.38 300
2153 -827.38 300
2154 -827.38 300
2155 -827.38 300
2156 -827.38 300
2157 -827.38 300
2158 -827.4233333333333 300
2159 -827.4233333333333 300
2160 -827.4233333333333 300
2161 -827.4233333333333 300
2162 -827.31 300
2163 -827.31 300
2164 -827.31 300
2165 -827.31 300
2166 -827.31 300
2167 -827.31 300
2168 -827.31 300
2169 -827.31 300
2170 -827.3533333333334 300
2171 -827.2566666666667 300
2172 -827.17 300
2173 -827.0833333333334 300
2174 -827.03 300
2175 -826.88 300
2176 -826.8366666666667 300
2177 -826.9233333333333 300
2178 -827.1166666666667 300
2179 -827.1166666666667 300
2180 -827.16 300
2181 -827.2566666666667 300
2182 -827.3533333333334 300
2183 -827.45 300
2184 -827.45 300
2185 -827.4066666666666 300
2186 -827.2666666666667 300
2187 -827.2666666666667 300
2188 -827.2666666666667 300
2189 -827.2666666666667 300
2190 -827.27 300
2191 -827.27 300
2192 -827.2233333333334 300
2193 -827.2233333333334 300
2194 -827.2233333333334 300
2195 -827.2233333333334 300
2196 -827.2266666666667 300
2197 -827.1333333333333 300
2198 -827.1433333333333 300
2199 -826.9566666666667 300
2200 -826.2833333333333 300
2201 -826.19 300
2202 -826.39 300
2203 -827.1833333333333 300
2204 -828.0833333333334 300
2205 -829.8733333333333 300
2206 -832.8666666666667 300
2207 -838.05 300
2208 -844.9233333333333 300
2209 -844.9233333333333 300
2210 -844.9233333333333 300
2211 -848.6233333333333 300
2212 -848.6233333333333 300
2213 -848.4233333333333 300
2214 -848.3233333333334 300
2215 -848.0233333333333 300
2216 -847.7266666666667 300
2217 -847.63 300
2218 -839.15 300
2219 -827.4533333333334 300
2220 -827.4566666666667 300
2221 -827.4566666666667 300
2222 -827.5533333333333 300
2223 -827.5533333333333 300
2224 -827.5533333333333 300
2225 -827.5966666666667 300
2226 -827.56 300
2227 -827.6 300
2228 -827.46 300
2229 -827.46 300
2230 -827.46 300
2231 -827.46 300
2232 -827.46 300
2233 -827.46 300
2234 -827.46 300
2235 -827.46 300
2236 -827.46 300
2237 -827.46 300
2238 -827.46 300
2239 -827.46 300
2240 -827.46 300
2241 -827.46 300
2242 -827.46 300
2243 -827.46 300
2244 -827.46 300
2245 -827.46 300
2246 -827.46 300
2247 -827.46 300
2248 -827.46 300
2249 -827.46 300
2250 -827.46 300
2251 -827.46 300
2252 -827.46 300
2253 -827.4666666666667 300
2254 -827.4666666666667 300
2255 -827.4666666666667 300
2256 -827.4666666666667 300
2257 -827.4666666666667 300
2258 -827.4666666666667 300
2259 -827.4666666666667 300
2260 -827.4666666666667 300
2261 -827.4666666666667 300
2262 -827.4666666666667 300
2263 -827.4666666666667 300
2264 -827.4666666666667 300
2265 -827.4666666666667 300
2266 -827.4666666666667 300
2267 -827.4666666666667 300
2268 -827.4666666666667 300
2269 -827.4666666666667 300
2270 -827.4666666666667 300
2271 -827.51 300
2272 -827.51 300
2273 -827.51 300
2274 -827.51 300
2275 -827.51 300
2276 -827.51 300
2277 -827.5133333333333 300
2278 -827.5133333333333 300
2279 -827.5133333333333 300
2280 -827.5133333333333 300
2281 -827.5133333333333 300
2282 -827.5133333333333 300
2283 -827.5133333333333 300
2284 -827.47 300
2285 -827.4266666666666 300
2286 -827.4266666666666 300
2287 -827.3833333333333 300
2288 -827.4833333333333 300
2289 -827.44 300
2290 -827.3966666666666 300
2291 -827.3533333333334 300
2292 -827.31 300
2293 -827.2666666666667 300
2294 -827.2233333333334 300
2295 -827.18 300
2296 -827.1366666666667 300
2297 -827.57 300
2298 -827.57 300
2299 -827.6133333333333 300
2300 -827.6133333333333 300
2301 -827.57 300
2302 -827.5266666666666 300
2303 -827.3433333333334 300
2304 -826.7833333333333 300
2305 -827.1366666666667 300
2306 -826.4866666666667 300
2307 -826.4 300
2308 -827.05 300
2309 -826.5733333333334 300
2310 -825.75 300
2311 -824.85 300
2312 -824.8066666666666 300
2313 -824.8066666666666 300
2314 -824.59 300
2315 -824.59 300
2316 -824.59 300
2317 -824.59 300
2318 -824.5033333333333 300
2319 -824.4166666666666 300
2320 -824.3733333333333 300
2321 -824.2866666666666 300
2322 -824.2 300
2323 -824.1566666666666 300
2324 -824.0266666666666 300
2325 -823.9833333333333 300
2326 -823.9833333333333 300
2327 -823.8533333333334 300
2328 -821.6033333333334 300
2329 -821.6033333333334 300
2330 -821.6466666666666 300
2331 -821.6033333333334 300
2332 -821.5166666666667 300
2333 -821.4733333333334 300
2334 -821.4733333333334 300
2335 -821.5166666666667 300
2336 -821.43 300
2337 -821.3 300
2338 -816.23 300
2339 -814.1933333333334 300
2340 -814.1933333333334 300
2341 -814.1933333333334 300
2342 -814.1933333333334 300
2343 -814.1933333333334 300
2344 -814.1933333333334 300
2345 -814.1466666666666 300
2346 -814.1466666666666 300
2347 -814.19 300
2348 -814.19 300
2349 -814.19 300
2350 -814.19 300
2351 -814.19 300
2352 -814.19 300
2353 -814.19 300
2354 -814.19 300
2355 -814.19 300
2356 -814.19 300
2357 -814.19 300
2358 -814.19 300
2359 -814.19 300
2360 -814.19 300
2361 -814.19 300
2362 -814.19 300
2363 -814.19 300
2364 -814.19 300
2365 -814.19 300
2366 -814.19 300
2367 -814.19 300
2368 -814.19 300
2369 -814.19 300
2370 -814.19 300
2371 -814.19 300
2372 -814.19 300
2373 -814.19 300
2374 -814.19 300
2375 -814.19 300
2376 -814.19 300
2377 -814.19 300
2378 -814.19 300
2379 -814.19 300
2380 -814.19 300
2381 -814.19 300
2382 -814.19 300
2383 -814.19 300
2384 -814.19 300
2385 -814.19 300
2386 -814.19 300
2387 -814.19 300
2388 -814.19 300
2389 -814.19 300
2390 -814.19 300
2391 -814.19 300
2392 -814.19 300
2393 -814.19 300
2394 -814.19 300
2395 -814.19 300
2396 -814.19 300
2397 -814.19 300
2398 -814.19 300
2399 -814.0433333333333 300
2400 -814.0433333333333 300
2401 -814.0433333333333 300
2402 -814.0433333333333 300
2403 -814.0433333333333 300
2404 -814.0433333333333 300
2405 -814.0433333333333 300
2406 -814.0466666666666 300
2407 -814.0466666666666 300
2408 -814.0466666666666 300
2409 -814.0466666666666 300
2410 -814.0466666666666 300
2411 -814.0466666666666 300
2412 -814.0866666666667 300
2413 -814.0866666666667 300
2414 -814.0866666666667 300
2415 -814.0866666666667 300
2416 -814.0866666666667 300
2417 -814.0866666666667 300
2418 -814.0866666666667 300
2419 -814.0866666666667 300
2420 -814.0866666666667 300
2421 -814.0866666666667 300
2422 -814.0866666666667 300
2423 -814.0866666666667 300
2424 -814.0866666666667 300
2425 -814.0866666666667 300
2426 -814.0866666666667 300
2427 -814.0866666666667 300
2428 -814.0866666666667 300
2429 -814.0866666666667 300
2430 -814.0866666666667 300
2431 -814.0866666666667 300
2432 -814.0866666666667 300
2433 -814.0866666666667 300
2434 -814.0866666666667 300
2435 -814.0866666666667 300
2436 -814.0866666666667 300
2437 -814.13 300
2438 -814.17 300
2439 -814.2266666666667 300
2440 -814.2266666666667 300
2441 -814.2266666666667 300
2442 -814.2266666666667 300
2443 -814.2266666666667 300
2444 -814.2266666666667 300
2445 -814.2266666666667 300
2446 -814.2266666666667 300
2447 -814.2266666666667 300
2448 -814.2266666666667 300
2449 -814.2266666666667 300
2450 -814.2266666666667 300
2451 -814.2266666666667 300
2452 -814.2266666666667 300
2453 -814.18 300
2454 -814.26 300
2455 -814.1533333333333 300
2456 -814.1833333333333 300
2457 -814.28 300
2458 -814.28 300
2459 -814.28 300
2460 -814.28 300
2461 -814.28 300
2462 -814.28 300
2463 -814.28 300
2464 -814.28 300
2465 -814.2366666666667 300
2466 -814.2366666666667 300
2467 -814.28 300
2468 -814.28 300
2469 -814.28 300
2470 -814.28 300
2471 -814.28 300
2472 -814.28 300
2473 -814.28 300
2474 -814.28 300
2475 -814.28 300
2476 -814.3666666666667 300
2477 -814.4533333333334 300
2478 -814.54 300
2479 -814.5866666666667 300
2480 -814.53 300
2481 -814.53 300
2482 -814.53 300
2483 -814.53 300
2484 -814.53 300
2485 -814.53 300
2486 -814.53 300
2487 -814.53 300
2488 -814.5733333333334 300
2489 -814.5733333333334 300
2490 -814.27 300
2491 -814.27 300
2492 -814.4133333333333 300
2493 -814.5666666666667 300
2494 -814.61 300
2495 -814.98 300
2496 -815.3966666666666 300
2497 -815.9833333333333 300
2498 -817.0533333333333 300
2499 -817.35 300
2500 -818.39 300
2501 -818.49 300
2502 -818.4933333333333 300
2503 -818.5366666666666 300
2504 -818.64 300
2505 -818.7433333333333 300
2506 -818.94 300
2507 -819.2833333333333 300
2508 -819.5566666666666 300
2509 -820.0233333333333 300
2510 -820.8133333333334 300
2511 -822.2633333333333 300
2512 -824.22 300
2513 -827.2 300
2514 -828.62 300
2515 -830.7066666666667 300
2516 -830.92 300
2517 -831.0866666666667 300
2518 -831.2866666666666 300
2519 -831.3633333333333 300
2520 -831.78 300
2521 -831.45 300
2522 -831.6066666666667 300
2523 -831.9066666666666 300
2524 -832.2633333333333 300
2525 -832.87 300
2526 -833.7333333333333 300
2527 -835.45 300
2528 -837.4 300
2529 -840.64 300
2530 -845.32 300
2531 -851.4666666666667 300
2532 -852.1266666666667 300
2533 -850.1 300
2534 -847.7466666666667 300
2535 -843.2133333333334 300
2536 -842.3966666666666 300
2537 -842.4033333333333 300
2538 -842.3233333333334 300
2539 -842.2966666666666 300
2540 -842.3666666666667 300
2541 -842.33 300
2542 -842.2433333333333 300
2543 -842.21 300
2544 -842.1233333333333 300
2545 -842.09 300
2546 -842.1466666666666 300
2547 -842.0533333333333 300
2548 -842.1233333333333 300
2549 -843.9333333333333 300
2550 -843.95 300
2551 -843.9133333333333 300
2552 -843.92 300
2553 -843.9266666666666 300
2554 -843.9433333333334 300
2555 -843.96 300
2556 -843.9266666666666 300
2557 -843.8833333333333 300
2558 -843.85 300
2559 -843.8166666666667 300
2560 -843.7233333333334 300
2561 -842.4 300
2562 -842.38 300
2563 -842.3066666666666 300
2564 -842.2266666666667 300
2565 -842.42 300
2566 -842.4166666666666 300
2567 -842.42 300
2568 -842.4633333333334 300
2569 -842.3933333333333 300
2570 -842.3833333333333 300
2571 -842.34 300
2572 -842.2766666666666 300
2573 -842.24 300
2574 -839.6433333333333 300
2575 -837.5433333333333 300
2576 -837.6366666666667 300
2577 -837.8166666666667 300
2578 -835.76 300
2579 -835.9033333333333 300
2580 -835.9466666666667 300
2581 -835.99 300
2582 -836.5766666666667 300
2583 -837.82 300
2584 -839.2466666666667 300
2585 -839.29 300
2586 -836.97 300
2587 -831.2066666666667 300
2588 -831.3 300
2589 -831.3 300
2590 -831.5233333333333 300
2591 -831.6466666666666 300
2592 -831.8266666666667 300
2593 -830.8066666666666 300
2594 -829.7833333333333 300
2595 -829.8266666666667 300
2596 -829.8266666666667 300
2597 -829.87 300
2598 -829.9566666666667 300
2599 -830.0 300
2600 -830.0433333333333 300
2601 -830.0866666666667 300
2602 -830.13 300
2603 -830.2166666666667 300
2604 -830.26 300
2605 -830.26 300
2606 -830.3033333333333 300
2607 -830.4333333333333 300
2608 -830.5033333333333 300
2609 -830.5033333333333 300
2610 -830.7733333333333 300
2611 -831.0866666666667 300
2612 -831.31 300
2613 -831.4833333333333 300
2614 -831.5266666666666 300
2615 -831.3966666666666 300
2616 -830.2866666666666 300
2617 -830.33 300
2618 -830.3733333333333 300
2619 -830.3733333333333 300
2620 -830.4166666666666 300
2621 -830.5533333333333 300
2622 -830.64 300
2623 -830.6833333333333 300
2624 -830.77 300
2625 -828.3866666666667 300
2626 -828.3866666666667 300
2627 -828.3866666666667 300
2628 -828.3866666666667 300
2629 -828.3866666666667 300
2630 -828.3866666666667 300
2631 -828.3866666666667 300
2632 -828.3866666666667 300
2633 -828.3866666666667 300
2634 -828.3866666666667 300
2635 -828.3866666666667 300
2636 -828.3866666666667 300
2637 -828.3866666666667 300
2638 -828.3866666666667 300
2639 -828.3866666666667 300
2640 -828.3866666666667 300
2641 -828.3866666666667 300
2642 -828.3866666666667 300
2643 -828.3866666666667 300
2644 -828.3866666666667 300
2645 -828.3866666666667 300
2646 -828.3866666666667 300
2647 -828.3866666666667 300
2648 -828.3866666666667 300
2649 -828.3866666666667 300
2650 -828.3866666666667 300
2651 -828.3866666666667 300
2652 -828.4833333333333 300
2653 -828.3866666666667 300
2654 -828.43 300
2655 -828.28 300
2656 -828.28 300
2657 -828.28 300
2658 -828.28 300
2659 -828.28 300
2660 -828.28 300
2661 -828.28 300
2662 -828.28 300
2663 -828.28 300
2664 -828.28 300
2665 -828.2833333333333 300
2666 -828.2866666666666 300
2667 -828.4266666666666 300
2668 -828.61 300
2669 -828.61 300
2670 -828.61 300
2671 -828.57 300
2672 -828.57 300
2673 -828.57 300
2674 -828.57 300
2675 -828.57 300
2676 -828.57 300
2677 -828.57 300
2678 -828.6566666666666 300
2679 -828.6566666666666 300
2680 -828.6133333333333 300
2681 -828.5666666666667 300
2682 -828.48 300
2683 -828.2866666666666 300
2684 -828.2866666666666 300
2685 -828.2866666666666 300
2686 -828.2866666666666 300
2687 -828.28 300
2688 -828.28 300
2689 -828.28 300
2690 -828.28 300
2691 -828.28 300
2692 -828.28 300
2693 -828.3233333333334 300
2694 -828.3233333333334 300
2695 -828.3666666666667 300
2696 -828.3666666666667 300
2697 -828.3666666666667 300
2698 -828.3666666666667 300
2699 -828.3666666666667 300
2700 -828.3666666666667 300
2701 -828.3666666666667 300
2702 -828.3666666666667 300
2703 -828.41 300
2704 -828.41 300
2705 -828.41 300
2706 -828.4533333333334 300
2707 -828.4533333333334 300
2708 -828.4533333333334 300
2709 -828.4533333333334 300
2710 -828.4533333333334 300
2711 -828.4533333333334 300
2712 -828.4533333333334 300
2713 -828.4533333333334 300
2714 -828.4533333333334 300
2715 -828.4533333333334 300
2716 -828.4533333333334 300
2717 -828.4533333333334 300
2718 -828.4533333333334 300
2719 -828.4533333333334 300
2720 -828.4533333333334 300
2721 -828.41 300
2722 -828.41 300
2723 -828.4533333333334 300
2724 -828.4533333333334 300
2725 -828.4533333333334 300
2726 -828.4533333333334 300
2727 -828.4533333333334 300
2728 -828.4533333333334 300
2729 -828.4533333333334 300
2730 -828.1733333333333 300
2731 -828.1733333333333 300
2732 -828.1733333333333 300
2733 -828.1733333333333 300
2734 -828.1733333333333 300
2735 -828.1733333333333 300
2736 -828.1733333333333 300
2737 -828.1733333333333 300
2738 -828.1733333333333 300
2739 -828.1733333333333 300
2740 -828.1733333333333 300
2741 -828.1733333333333 300
2742 -828.1733333333333 300
2743 -828.1733333333333 300
2744 -828.1733333333333 300
2745 -828.27 300
2746 -828.1733333333333 300
2747 -828.1733333333333 300
2748 -828.1733333333333 300
2749 -828.1733333333333 300
2750 -828.1733333333333 300
2751 -828.1733333333333 300
2752 -828.1733333333333 300
2753 -828.1733333333333 300
2754 -828.0866666666667 300
2755 -828.2 300
2756 -828.2 300
2757 -828.2 300
2758 -828.2 300
2759 -828.2 300
2760 -828.2 300
2761 -828.2 300
2762 -828.2 300
2763 -828.2 300
2764 -828.2 300
2765 -828.2 300
2766 -828.2 300
2767 -828.2 300
2768 -828.2 300
2769 -828.2 300
2770 -828.2 300
2771 -828.2 300
2772 -828.2 300
2773 -828.2 300
2774 -828.2 300
2775 -828.2 300
2776 -828.2 300
2777 -828.2 300
2778 -828.2 300
2779 -828.2 300
2780 -828.2 300
2781 -828.13 300
2782 -828.13 300
2783 -828.13 300
2784 -828.13 300
2785 -828.13 300
2786 -828.27 300
2787 -828.27 300
2788 -828.27 300
2789 -828.27 300
2790 -828.27 300
2791 -828.27 300
2792 -828.27 300
2793 -828.27 300
2794 -828.2733333333333 300
2795 -828.2733333333333 300
2796 -828.2733333333333 300
2797 -828.2733333333333 300
2798 -828.2733333333333 300
2799 -828.2733333333333 300
2800 -828.2733333333333 300
2801 -828.3166666666667 300
2802 -828.3166666666667 300
2803 -828.3166666666667 300
2804 -828.3166666666667 300
2805 -828.3166666666667 300
2806 -828.3166666666667 300
2807 -828.3166666666667 300
2808 -828.3166666666667 300
2809 -828.3166666666667 300
2810 -828.3166666666667 300
2811 -828.36 300
2812 -828.36 300
2813 -828.36 300
2814 -828.3166666666667 300
2815 -828.3166666666667 300
2816 -828.3166666666667 300
2817 -828.3166666666667 300
2818 -828.3166666666667 300
2819 -828.3166666666667 300
2820 -828.3166666666667 300
2821 -828.3166666666667 300
2822 -828.3166666666667 300
2823 -828.3166666666667 300
2824 -828.3166666666667 300
2825 -828.3166666666667 300
2826 -828.3166666666667 300
2827 -828.3166666666667 300
2828 -828.3166666666667 300
2829 -828.3166666666667 300
2830 -828.3166666666667 300
2831 -828.36 300
2832 -828.36 300
2833 -828.36 300
2834 -828.4466666666667 300
2835 -828.4466666666667 300
2836 -828.4466666666667 300
2837 -828.4033333333333 300
2838 -828.36 300
2839 -828.36 300
2840 -828.2733333333333 300
2841 -828.1433333333333 300
2842 -828.4033333333333 300
2843 -828.3566666666667 300
2844 -828.3133333333334 300
2845 -828.3133333333334 300
2846 -828.3133333333334 300
2847 -828.3133333333334 300
2848 -828.27 300
2849 -828.2266666666667 300
2850 -828.0966666666667 300
2851 -828.0533333333333 300
2852 -828.1066666666667 300
2853 -828.02 300
2854 -827.8366666666667 300
2855 -827.75 300
2856 -827.6633333333333 300
2857 -827.5766666666667 300
2858 -827.5333333333333 300
2859 -827.4466666666667 300
2860 -827.36 300
2861 -827.2733333333333 300
2862 -827.1866666666666 300
2863 -826.45 300
2864 -825.3233333333334 300
2865 -822.55 300
2866 -820.08 300
2867 -820.3833333333333 300
2868 -820.6866666666666 300
2869 -820.92 300
2870 -821.5266666666666 300
2871 -821.8466666666667 300
2872 -822.3133333333334 300
2873 -822.7533333333333 300
2874 -823.41 300
2875 -825.1966666666667 300
2876 -825.3566666666667 300
2877 -825.4433333333334 300
2878 -823.8833333333333 300
2879 -823.6233333333333 300
2880 -823.6233333333333 300
2881 -823.6666666666666 300
2882 -823.6666666666666 300
2883 -823.6666666666666 300
2884 -823.7533333333333 300
2885 -823.71 300
2886 -823.7533333333333 300
2887 -823.7533333333333 300
2888 -823.84 300
2889 -823.9266666666666 300
2890 -823.97 300
2891 -823.8833333333333 300
2892 -824.0133333333333 300
2893 -824.1433333333333 300
2894 -824.1 300
2895 -824.2733333333333 300
2896 -824.3166666666667 300
2897 -824.3166666666667 300
2898 -824.4466666666667 300
2899 -824.5333333333333 300
2900 -824.62 300
2901 -824.7933333333333 300
2902 -824.7933333333333 300
2903 -824.9666666666667 300
2904 -824.9666666666667 300
2905 -824.9233333333333 300
2906 -825.0533333333333 300
2907 -825.14 300
2908 -825.0533333333333 300
2909 -824.9233333333333 300
2910 -824.7933333333333 300
2911 -824.6633333333333 300
2912 -824.5333333333333 300
2913 -823.0166666666667 300
2914 -823.1466666666666 300
2915 -823.2766666666666 300
2916 -823.32 300
2917 -823.32 300
2918 -823.4933333333333 300
2919 -823.6233333333333 300
2920 -824.62 300
2921 -824.62 300
2922 -824.7066666666667 300
2923 -824.88 300
2924 -824.88 300
2925 -824.7933333333333 300
2926 -826.6566666666666 300
2927 -826.2666666666667 300
2928 -825.0966666666667 300
2929 -825.0533333333333 300
2930 -825.0533333333333 300
2931 -824.62 300
2932 -824.5333333333333 300
2933 -826.7533333333333 300
2934 -826.28 300
2935 -825.5433333333333 300
2936 -825.41 300
2937 -825.41 300
2938 -825.3233333333334 300
2939 -825.42 300
2940 -825.2366666666667 300
2941 -825.1933333333334 300
2942 -825.2366666666667 300
2943 -825.1933333333334 300
2944 -825.1066666666667 300
2945 -825.1066666666667 300
2946 -825.1933333333334 300
2947 -825.15 300
2948 -825.0633333333334 300
2949 -822.9 300
2950 -820.9066666666666 300
2951 -821.1333333333333 300
2952 -821.1766666666666 300
2953 -821.22 300
2954 -822.4266666666666 300
2955 -823.1433333333333 300
2956 -824.55 300
2957 -826.42 300
2958 -826.1466666666666 300
2959 -825.6533333333333 300
2960 -824.38 300
2961 -822.6033333333334 300
2962 -819.69 300
2963 -814.3633333333333 300
2964 -804.62 300
2965 -801.2733333333333 300
2966 -801.5466666666666 300
2967 -801.9566666666667 300
2968 -802.1766666666666 300
2969 -802.5866666666667 300
2970 -802.9966666666667 300
2971 -803.4066666666666 300
2972 -803.8166666666667 300
2973 -805.32 300
2974 -806.9633333333334 300
2975 -809.2866666666666 300
2976 -811.53 300
2977 -817.2633333333333 300
2978 -823.49 300
2979 -822.2933333333333 300
2980 -819.16 300
2981 -820.7966666666666 300
2982 -824.6333333333333 300
2983 -823.83 300
2984 -821.91 300
2985 -818.8966666666666 300
2986 -823.7766666666666 300
2987 -822.2233333333334 300
2988 -819.21 300
2989 -819.54 300
2990 -819.5233333333333 300
2991 -819.5633333333334 300
2992 -819.5066666666667 300
2993 -819.49 300
2994 -819.4733333333334 300
2995 -819.4333333333333 300
2996 -819.2566666666667 300
2997 -819.28 300
2998 -819.1833333333333 300
2999 -819.0466666666666 300
3000 -818.99 300
