502.5 -599.1666666666665
502.5 -599.1666666666665
518.3333333333333 -700.8333333333334
518.3333333333333 -700.8333333333334
505.83333333333337 -682.4999999999999
509.1666666666667 -688.3333333333334
505.83333333333337 -682.4999999999999
511.6666666666667 -692.5
508.3333333333333 -685.8333333333334
517.5 -699.9999999999999
507.5 -685.0
511.6666666666667 -692.5
516.6666666666666 -698.3333333333334
506.6666666666667 -684.1666666666666
512.5 -694.1666666666667
514.1666666666666 -695.8333333333334
516.6666666666666 -698.3333333333334
514.1666666666666 -695.8333333333334
515.0 -696.6666666666667
515.8333333333333 -697.5
513.3333333333333 -695.0
506.6666666666667 -684.1666666666666
512.5 -694.1666666666667
513.3333333333333 -695.0
515.8333333333333 -697.5
515.0 -696.6666666666667
512.5 -694.1666666666667
513.3333333333333 -695.0
516.6666666666666 -698.3333333333334
515.0 -696.6666666666667
515.0 -696.6666666666667
513.3333333333333 -695.0
513.3333333333333 -695.0
512.5 -694.1666666666667
515.8333333333333 -697.5
514.1666666666666 -695.8333333333334
516.6666666666666 -698.3333333333334
515.0 -696.6666666666667
515.0 -696.6666666666667
514.1666666666666 -695.8333333333334
516.6666666666666 -698.3333333333334
515.8333333333333 -697.5
516.6666666666666 -698.3333333333334
514.1666666666666 -695.8333333333334
514.1666666666666 -695.8333333333334
514.1666666666666 -695.8333333333334
515.0 -696.6666666666667
514.1666666666666 -695.8333333333334
512.5 -694.1666666666667
512.5 -694.1666666666667
515.8333333333333 -697.5
514.1666666666666 -695.8333333333334
516.6666666666666 -698.3333333333334
512.5 -694.1666666666667
512.5 -694.1666666666667
516.6666666666666 -698.3333333333334
513.3333333333333 -695.0
516.6666666666666 -698.3333333333334
512.5 -694.1666666666667
515.0 -696.6666666666667
516.6666666666666 -698.3333333333334
512.5 -694.1666666666667
515.8333333333333 -697.5
512.5 -694.1666666666667
515.8333333333333 -697.5
514.1666666666666 -695.8333333333334
515.0 -696.6666666666667
516.6666666666666 -698.3333333333334
512.5 -694.1666666666667
514.1666666666666 -695.8333333333334
515.8333333333333 -697.5
515.8333333333333 -697.5
516.6666666666666 -698.3333333333334
512.5 -694.1666666666667
514.1666666666666 -695.8333333333334
516.6666666666666 -698.3333333333334
512.5 -694.1666666666667
516.6666666666666 -698.3333333333334
516.6666666666666 -698.3333333333334
514.1666666666666 -695.8333333333334
512.5 -694.1666666666667
515.8333333333333 -697.5
514.1666666666666 -695.8333333333334
514.1666666666666 -695.8333333333334
514.1666666666666 -695.8333333333334
514.1666666666666 -695.8333333333334
514.1666666666666 -695.8333333333334
515.0 -696.6666666666667
515.0 -696.6666666666667
514.1666666666666 -695.8333333333334
514.1666666666666 -695.8333333333334
516.6666666666666 -698.3333333333334
512.5 -694.1666666666667
514.1666666666666 -695.8333333333334
512.5 -694.1666666666667
515.0 -696.6666666666667
515.8333333333333 -697.5
513.3333333333333 -695.0
515.8333333333333 -697.5
512.5 -694.1666666666667
516.6666666666666 -698.3333333333334
514.1666666666666 -695.8333333333334
512.5 -694.1666666666667
516.6666666666666 -698.3333333333334
516.6666666666666 -698.3333333333334
516.6666666666666 -698.3333333333334
516.6666666666666 -698.3333333333334
513.3333333333333 -695.0
515.8333333333333 -697.5
515.8333333333333 -697.5
515.8333333333333 -697.5
512.5 -694.1666666666667
516.6666666666666 -698.3333333333334
514.1666666666666 -695.8333333333334
515.8333333333333 -697.5
513.3333333333333 -695.0
512.5 -694.1666666666667
516.6666666666666 -698.3333333333334
512.5 -694.1666666666667
516.6666666666666 -698.3333333333334
512.5 -694.1666666666667
514.1666666666666 -695.8333333333334
515.0 -696.6666666666667
512.5 -694.1666666666667
515.8333333333333 -697.5
514.1666666666666 -695.8333333333334
514.1666666666666 -695.8333333333334
516.6666666666666 -698.3333333333334
516.6666666666666 -698.3333333333334
515.0 -696.6666666666667
516.6666666666666 -698.3333333333334
512.5 -694.1666666666667
514.1666666666666 -695.8333333333334
514.1666666666666 -695.8333333333334
515.8333333333333 -697.5
514.1666666666666 -695.8333333333334
516.6666666666666 -698.3333333333334
514.1666666666666 -695.8333333333334
515.0 -696.6666666666667
515.8333333333333 -697.5
512.5 -694.1666666666667
514.1666666666666 -695.8333333333334
512.5 -694.1666666666667
515.0 -696.6666666666667
514.1666666666666 -695.8333333333334
513.3333333333333 -695.0
512.5 -694.1666666666667
516.6666666666666 -698.3333333333334
515.0 -696.6666666666667
514.1666666666666 -695.8333333333334
512.5 -694.1666666666667
513.3333333333333 -695.0
512.5 -694.1666666666667
512.5 -694.1666666666667
512.5 -694.1666666666667
515.0 -696.6666666666667
516.6666666666666 -698.3333333333334
515.0 -696.6666666666667
515.0 -696.6666666666667
513.3333333333333 -695.0
514.1666666666666 -695.8333333333334
514.1666666666666 -695.8333333333334
512.5 -694.1666666666667
514.1666666666666 -695.8333333333334
512.5 -694.1666666666667
515.8333333333333 -697.5
513.3333333333333 -695.0
515.8333333333333 -697.5
516.6666666666666 -698.3333333333334
515.8333333333333 -697.5
513.3333333333333 -695.0
513.3333333333333 -695.0
516.6666666666666 -698.3333333333334
511.6666666666667 -692.5
516.6666666666666 -698.3333333333334
516.6666666666666 -698.3333333333334
506.6666666666667 -684.1666666666666
513.3333333333333 -695.0
514.1666666666666 -695.8333333333334
512.5 -694.1666666666667
514.1666666666666 -695.8333333333334
515.0 -696.6666666666667
515.8333333333333 -697.5
515.0 -696.6666666666667
515.0 -696.6666666666667
512.5 -694.1666666666667
515.8333333333333 -697.5
515.8333333333333 -697.5
516.6666666666666 -698.3333333333334
511.6666666666667 -692.5
515.8333333333333 -697.5
513.3333333333333 -695.0
515.8333333333333 -697.5
515.8333333333333 -697.5
515.8333333333333 -697.5
514.1666666666666 -695.8333333333334
514.1666666666666 -695.8333333333334
511.6666666666667 -692.5
512.5 -694.1666666666667
514.1666666666666 -695.8333333333334
