502.5 -599.1666666666665
502.5 -599.1666666666665
518.3333333333333 -700.8333333333334
518.3333333333333 -700.8333333333334
505.83333333333337 -682.4999999999999
505.83333333333337 -682.4999999999999
511.6666666666667 -692.5
510.0 -690.0
510.0 -690.0
511.6666666666667 -692.5
506.6666666666667 -684.1666666666666
516.6666666666667 -699.1666666666667
506.6666666666667 -684.1666666666666
516.6666666666667 -699.1666666666667
518.3333333333333 -700.8333333333334
511.6666666666667 -692.5
506.6666666666667 -684.1666666666666
511.6666666666667 -692.5
506.6666666666667 -684.1666666666666
511.6666666666667 -692.5
506.6666666666667 -684.1666666666666
511.6666666666667 -692.5
511.6666666666667 -692.5
511.6666666666667 -692.5
511.6666666666667 -692.5
506.6666666666667 -684.1666666666666
518.3333333333333 -700.8333333333334
511.6666666666667 -692.5
510.0 -690.0
511.6666666666667 -692.5
511.6666666666667 -692.5
511.6666666666667 -692.5
514.1666666666666 -698.3333333333334
506.6666666666667 -684.1666666666666
511.6666666666667 -692.5
511.6666666666667 -692.5
511.6666666666667 -692.5
511.6666666666667 -692.5
517.5 -700.0
516.6666666666667 -699.1666666666667
506.6666666666667 -684.1666666666666
511.6666666666667 -692.5
507.5 -688.3333333333334
511.6666666666667 -692.5
511.6666666666667 -692.5
511.6666666666667 -692.5
506.6666666666667 -684.1666666666666
511.6666666666667 -692.5
512.5 -696.6666666666667
