502.5 -599.1666666666665
502.5 -599.1666666666665
514.1666666666666 -698.3333333333334
514.1666666666666 -698.3333333333334
514.1666666666666 -698.3333333333334
515.0 -699.1666666666667
506.6666666666667 -688.3333333333334
515.0 -699.1666666666667
505.83333333333337 -683.3333333333334
510.83333333333337 -695.8333333333334
515.0 -699.1666666666667
514.1666666666666 -698.3333333333334
511.6666666666667 -697.5
515.0 -699.1666666666667
515.0 -699.1666666666667
514.1666666666666 -698.3333333333334
507.5 -690.0
515.0 -699.1666666666667
514.1666666666666 -698.3333333333334
515.0 -699.1666666666667
506.6666666666667 -688.3333333333334
514.1666666666666 -698.3333333333334
515.0 -699.1666666666667
511.6666666666667 -697.5
514.1666666666666 -698.3333333333334
517.5 -701.6666666666667
517.5 -701.6666666666667
511.6666666666667 -697.5
516.6666666666666 -700.0
515.0 -699.1666666666667
514.1666666666666 -698.3333333333334
514.1666666666666 -698.3333333333334
515.0 -699.1666666666667
