502.5 -599.1666666666665
502.5 -599.1666666666665
505.83333333333337 -683.3333333333334
510.83333333333337 -695.8333333333334
511.6666666666667 -697.5
507.5 -690.0
511.6666666666667 -697.5
511.6666666666667 -697.5
518.3333333333333 -702.5000000000001
511.6666666666667 -697.5
511.6666666666667 -697.5
517.5 -702.5
514.1666666666667 -700.8333333333334
511.6666666666667 -697.5
511.6666666666667 -697.5
511.6666666666667 -697.5
513.3333333333333 -699.1666666666667
511.6666666666667 -697.5
511.6666666666667 -697.5
509.1666666666667 -690.8333333333334
511.6666666666667 -697.5
518.3333333333333 -702.5000000000001
509.1666666666667 -690.8333333333334
506.6666666666667 -689.1666666666666
511.6666666666667 -697.5
511.6666666666667 -697.5
518.3333333333333 -702.5000000000001
505.83333333333337 -683.3333333333334
512.5 -698.3333333333334
511.6666666666667 -697.5
511.6666666666667 -697.5
510.83333333333337 -695.8333333333334
511.6666666666667 -697.5
514.1666666666666 -700.0
511.6666666666667 -697.5
511.6666666666667 -697.5
512.5 -698.3333333333334
510.8333333333333 -692.5
511.6666666666667 -697.5
