502.5 -599.1666666666665
502.5 -599.1666666666665
516.6666666666667 -706.6666666666667
516.6666666666667 -706.6666666666667
507.5 -694.1666666666667
509.1666666666667 -695.0
509.1666666666667 -695.0
506.6666666666667 -692.5
512.5 -702.5000000000001
506.6666666666667 -692.5
512.5 -702.5000000000001
516.6666666666667 -706.6666666666667
509.1666666666667 -695.0
506.6666666666667 -692.5
512.5 -702.5000000000001
516.6666666666667 -706.6666666666667
509.1666666666667 -695.0
506.6666666666667 -692.5
512.5 -702.5000000000001
509.1666666666667 -695.0
506.6666666666667 -692.5
512.5 -702.5000000000001
509.1666666666667 -695.0
506.6666666666667 -692.5
512.5 -702.5000000000001
509.1666666666667 -695.0
506.6666666666667 -692.5
512.5 -702.5000000000001
509.1666666666667 -695.0
506.6666666666667 -692.5
512.5 -702.5000000000001
509.1666666666667 -695.0
506.6666666666667 -692.5
512.5 -702.5000000000001
509.1666666666667 -695.0
512.5 -702.5000000000001
512.5 -702.5000000000001
509.1666666666667 -695.0
512.5 -702.5000000000001
512.5 -702.5000000000001
512.5 -702.5000000000001
512.5 -702.5000000000001
512.5 -702.5000000000001
512.5 -702.5000000000001
512.5 -702.5000000000001
512.5 -702.5000000000001
512.5 -702.5000000000001
512.5 -702.5000000000001
512.5 -702.5000000000001
512.5 -702.5000000000001
512.5 -702.5000000000001
512.5 -702.5000000000001
509.1666666666667 -695.0
512.5 -702.5000000000001
512.5 -702.5000000000001
512.5 -702.5000000000001
509.1666666666667 -695.0
512.5 -702.5000000000001
512.5 -702.5000000000001
512.5 -702.5000000000001
512.5 -702.5000000000001
509.1666666666667 -695.0
512.5 -702.5000000000001
512.5 -702.5000000000001
509.1666666666667 -695.0
512.5 -702.5000000000001
509.1666666666667 -695.0
506.6666666666667 -692.5
509.1666666666667 -695.0
509.1666666666667 -695.0
512.5 -702.5000000000001
512.5 -702.5000000000001
512.5 -702.5000000000001
506.6666666666667 -692.5
510.0 -701.6666666666667
509.1666666666667 -695.0
512.5 -702.5000000000001
513.3333333333333 -704.1666666666667
506.6666666666667 -692.5
509.1666666666667 -695.0
512.5 -702.5000000000001
509.1666666666667 -695.0
506.6666666666667 -692.5
509.1666666666667 -695.0
512.5 -702.5000000000001
506.6666666666667 -692.5
506.6666666666667 -692.5
506.6666666666667 -692.5
512.5 -702.5000000000001
509.1666666666667 -695.0
509.1666666666667 -695.0
509.1666666666667 -695.0
509.1666666666667 -695.0
512.5 -702.5000000000001
512.5 -702.5000000000001
512.5 -702.5000000000001
512.5 -702.5000000000001
512.5 -702.5000000000001
509.1666666666667 -695.0
512.5 -702.5000000000001
512.5 -702.5000000000001
506.6666666666667 -692.5
512.5 -702.5000000000001
506.6666666666667 -692.5
506.6666666666667 -692.5
509.1666666666667 -695.0
506.6666666666667 -692.5
512.5 -702.5000000000001
512.5 -702.5000000000001
515.0 -705.8333333333335
506.6666666666667 -692.5
509.1666666666667 -695.0
506.6666666666667 -692.5
506.6666666666667 -692.5
509.1666666666667 -695.0
509.1666666666667 -695.0
509.1666666666667 -695.0
512.5 -702.5000000000001
512.5 -702.5000000000001
512.5 -702.5000000000001
509.1666666666667 -695.0
509.1666666666667 -695.0
512.5 -702.5000000000001
512.5 -702.5000000000001
512.5 -702.5000000000001
516.6666666666667 -706.6666666666667
512.5 -702.5000000000001
506.6666666666667 -692.5
509.1666666666667 -695.0
506.6666666666667 -692.5
512.5 -702.5000000000001
506.6666666666667 -692.5
509.1666666666667 -695.0
506.6666666666667 -692.5
506.6666666666667 -692.5
512.5 -702.5000000000001
517.5 -707.5000000000001
509.1666666666667 -695.0
516.6666666666667 -706.6666666666667
509.1666666666667 -695.0
512.5 -702.5000000000001
503.33333333333337 -690.8333333333333
512.5 -702.5000000000001
506.6666666666667 -692.5
512.5 -702.5000000000001
506.6666666666667 -692.5
506.6666666666667 -692.5
506.6666666666667 -692.5
509.1666666666667 -695.0
512.5 -702.5000000000001
506.6666666666667 -692.5
512.5 -702.5000000000001
512.5 -702.5000000000001
510.0 -701.6666666666667
506.6666666666667 -692.5
506.6666666666667 -692.5
517.5 -707.5000000000001
506.6666666666667 -692.5
504.1666666666667 -691.6666666666667
506.6666666666667 -692.5
506.6666666666667 -692.5
509.1666666666667 -695.0
512.5 -702.5000000000001
506.6666666666667 -692.5
509.1666666666667 -695.0
506.6666666666667 -692.5
506.6666666666667 -692.5
506.6666666666667 -692.5
512.5 -702.5000000000001
512.5 -702.5000000000001
509.1666666666667 -695.0
506.6666666666667 -692.5
506.6666666666667 -692.5
509.1666666666667 -695.0
512.5 -702.5000000000001
517.5 -707.5000000000001
509.1666666666667 -695.0
509.1666666666667 -695.0
512.5 -702.5000000000001
