502.5 -599.1666666666665
502.5 -599.1666666666665
511.6666666666667 -705.8333333333335
511.6666666666667 -705.8333333333335
512.5 -706.6666666666669
509.1666666666667 -703.3333333333334
509.1666666666667 -703.3333333333334
511.6666666666667 -705.8333333333335
514.1666666666667 -708.3333333333335
514.1666666666667 -708.3333333333335
510.0 -704.1666666666667
508.33333333333337 -700.8333333333334
507.5 -697.5000000000001
505.83333333333337 -696.6666666666667
509.1666666666667 -703.3333333333334
511.6666666666667 -705.8333333333335
512.5 -706.6666666666669
507.5 -697.5000000000001
509.1666666666667 -703.3333333333334
509.1666666666667 -703.3333333333334
515.0 -709.1666666666669
511.6666666666667 -705.8333333333335
503.33333333333337 -695.8333333333334
509.1666666666667 -703.3333333333334
509.1666666666667 -703.3333333333334
