502.5 -599.1666666666665
502.5 -599.1666666666665
509.1666666666667 -703.3333333333334
509.1666666666667 -703.3333333333334
509.1666666666667 -703.3333333333334
509.1666666666667 -703.3333333333334
509.1666666666667 -703.3333333333334
503.33333333333337 -695.8333333333334
509.1666666666667 -703.3333333333334
509.1666666666667 -703.3333333333334
509.1666666666667 -703.3333333333334
509.1666666666667 -703.3333333333334
509.1666666666667 -703.3333333333334
509.1666666666667 -703.3333333333334
509.1666666666667 -703.3333333333334
509.1666666666667 -703.3333333333334
509.1666666666667 -703.3333333333334
509.1666666666667 -703.3333333333334
509.1666666666667 -703.3333333333334
509.1666666666667 -703.3333333333334
509.1666666666667 -703.3333333333334
509.1666666666667 -703.3333333333334
509.1666666666667 -703.3333333333334
505.00000000000006 -697.5
509.1666666666667 -703.3333333333334
509.1666666666667 -703.3333333333334
503.33333333333337 -695.8333333333334
509.1666666666667 -703.3333333333334
513.3333333333333 -709.1666666666669
509.1666666666667 -703.3333333333334
509.1666666666667 -703.3333333333334
509.1666666666667 -703.3333333333334
509.1666666666667 -703.3333333333334
514.1666666666667 -710.0000000000001
504.1666666666667 -696.6666666666666
509.1666666666667 -703.3333333333334
509.1666666666667 -703.3333333333334
509.1666666666667 -703.3333333333334
509.1666666666667 -703.3333333333334
509.1666666666667 -703.3333333333334
509.1666666666667 -703.3333333333334
505.00000000000006 -697.5
509.1666666666667 -703.3333333333334
508.33333333333337 -700.8333333333335
505.00000000000006 -697.5
505.00000000000006 -697.5
509.1666666666667 -703.3333333333334
509.1666666666667 -703.3333333333334
505.00000000000006 -697.5
513.3333333333333 -709.1666666666669
509.1666666666667 -703.3333333333334
509.1666666666667 -703.3333333333334
505.83333333333337 -700.0000000000001
509.1666666666667 -703.3333333333334
509.1666666666667 -703.3333333333334
509.1666666666667 -703.3333333333334
510.0 -707.5000000000001
509.1666666666667 -703.3333333333334
509.1666666666667 -703.3333333333334
