502.5 -599.1666666666665
502.5 -599.1666666666665
503.33333333333337 -697.4999999999999
510.0 -708.3333333333335
510.0 -708.3333333333335
511.6666666666667 -710.0000000000001
510.0 -708.3333333333335
503.33333333333337 -697.4999999999999
504.1666666666667 -698.3333333333334
510.0 -708.3333333333335
510.0 -708.3333333333335
511.6666666666667 -710.0000000000001
504.1666666666667 -698.3333333333334
503.33333333333337 -697.4999999999999
510.0 -708.3333333333335
512.5 -710.8333333333335
503.33333333333337 -697.4999999999999
504.1666666666667 -698.3333333333334
510.0 -708.3333333333335
503.33333333333337 -697.4999999999999
512.5 -710.8333333333335
510.0 -708.3333333333335
507.50000000000006 -704.1666666666669
507.50000000000006 -704.1666666666669
510.0 -708.3333333333335
505.00000000000006 -704.1666666666667
510.0 -708.3333333333335
503.33333333333337 -697.4999999999999
511.6666666666667 -710.0000000000001
511.6666666666667 -710.0000000000001
509.1666666666667 -708.3333333333334
510.0 -708.3333333333335
514.1666666666667 -713.3333333333335
508.33333333333337 -705.0000000000002
509.1666666666667 -708.3333333333334
503.33333333333337 -697.4999999999999
510.0 -708.3333333333335
511.6666666666667 -710.0000000000001
503.33333333333337 -697.4999999999999
