502.5 -599.1666666666665
502.5 -599.1666666666665
505.83333333333337 -707.5000000000002
503.33333333333337 -701.6666666666667
505.00000000000006 -706.6666666666669
506.6666666666667 -708.3333333333335
503.33333333333337 -701.6666666666667
506.6666666666667 -708.3333333333335
505.00000000000006 -706.6666666666669
506.6666666666667 -708.3333333333335
505.00000000000006 -706.6666666666669
506.6666666666667 -708.3333333333335
505.00000000000006 -706.6666666666669
503.33333333333337 -701.6666666666667
505.83333333333337 -707.5000000000002
503.33333333333337 -701.6666666666667
505.00000000000006 -706.6666666666669
504.1666666666667 -702.5000000000001
504.1666666666667 -702.5000000000001
505.00000000000006 -706.6666666666669
509.1666666666667 -712.5000000000001
503.33333333333337 -701.6666666666667
505.00000000000006 -706.6666666666669
505.00000000000006 -706.6666666666669
503.33333333333337 -701.6666666666667
525.0 -719.166666666667
505.00000000000006 -706.6666666666669
505.00000000000006 -706.6666666666669
503.33333333333337 -701.6666666666667
506.6666666666667 -708.3333333333335
504.1666666666667 -702.5000000000001
503.33333333333337 -701.6666666666667
505.00000000000006 -706.6666666666669
504.1666666666667 -702.5000000000001
505.83333333333337 -707.5000000000002
505.00000000000006 -706.6666666666669
507.5 -709.166666666667
504.1666666666667 -702.5000000000001
509.1666666666667 -712.5000000000001
506.6666666666667 -708.3333333333335
504.1666666666667 -702.5000000000001
503.33333333333337 -701.6666666666667
511.6666666666667 -717.5000000000001
505.0 -705.8333333333335
503.33333333333337 -701.6666666666667
505.83333333333337 -707.5000000000002
505.8333333333333 -706.666666666667
506.6666666666667 -708.3333333333335
507.5 -709.166666666667
505.0 -705.8333333333335
503.33333333333337 -701.6666666666667
503.33333333333337 -701.6666666666667
507.5 -709.166666666667
515.8333333333334 -719.1666666666669
506.6666666666667 -708.3333333333335
503.33333333333337 -701.6666666666667
505.00000000000006 -706.6666666666669
505.00000000000006 -706.6666666666669
510.83333333333337 -716.6666666666669
