502.5 -599.1666666666665
502.5 -599.1666666666665
505.83333333333337 -707.5000000000002
503.33333333333337 -701.6666666666667
505.00000000000006 -706.6666666666669
503.33333333333337 -701.6666666666667
505.00000000000006 -706.6666666666669
505.00000000000006 -706.6666666666669
505.00000000000006 -706.6666666666669
503.33333333333337 -701.6666666666667
505.83333333333337 -707.5000000000002
503.33333333333337 -701.6666666666667
505.00000000000006 -706.6666666666669
504.1666666666667 -702.5000000000001
504.1666666666667 -702.5000000000001
505.00000000000006 -706.6666666666669
509.1666666666667 -712.5000000000001
503.33333333333337 -701.6666666666667
505.00000000000006 -706.6666666666669
505.00000000000006 -706.6666666666669
503.33333333333337 -701.6666666666667
525.0 -719.166666666667
505.00000000000006 -706.6666666666669
505.00000000000006 -706.6666666666669
503.33333333333337 -701.6666666666667
504.1666666666667 -702.5000000000001
503.33333333333337 -701.6666666666667
505.00000000000006 -706.6666666666669
504.1666666666667 -702.5000000000001
505.83333333333337 -707.5000000000002
505.00000000000006 -706.6666666666669
504.1666666666667 -702.5000000000001
509.1666666666667 -712.5000000000001
504.1666666666667 -702.5000000000001
503.33333333333337 -701.6666666666667
505.0 -705.8333333333335
503.33333333333337 -701.6666666666667
505.83333333333337 -707.5000000000002
505.8333333333333 -706.666666666667
505.0 -705.8333333333335
503.33333333333337 -701.6666666666667
503.33333333333337 -701.6666666666667
515.8333333333334 -719.1666666666669
503.33333333333337 -701.6666666666667
505.00000000000006 -706.6666666666669
505.00000000000006 -706.6666666666669
510.83333333333337 -716.6666666666669
509.1666666666667 -712.5000000000001
510.83333333333337 -716.6666666666669
510.0 -713.3333333333336
505.00000000000006 -706.6666666666669
504.1666666666667 -702.5000000000001
503.33333333333337 -701.6666666666667
510.0 -713.3333333333336
509.1666666666667 -712.5000000000001
505.0 -705.8333333333335
503.33333333333337 -701.6666666666667
506.6666666666667 -710.8333333333335
511.6666666666667 -717.5000000000002
507.5 -711.6666666666669
504.1666666666667 -702.5000000000001
503.33333333333337 -701.6666666666667
505.0 -705.8333333333335
505.0 -705.8333333333335
509.1666666666667 -712.5000000000001
505.0 -705.8333333333335
506.6666666666667 -710.8333333333335
503.33333333333337 -701.6666666666667
510.0 -713.3333333333336
505.00000000000006 -706.6666666666669
511.6666666666667 -717.5000000000002
509.1666666666667 -712.5000000000001
505.00000000000006 -706.6666666666669
504.1666666666667 -702.5000000000001
505.00000000000006 -706.6666666666669
510.83333333333337 -716.6666666666669
510.0 -713.3333333333336
511.6666666666667 -717.5000000000002
510.83333333333337 -716.6666666666669
509.1666666666667 -712.5000000000001
509.1666666666667 -712.5000000000001
