502.5 -599.1666666666665
502.5 -599.1666666666665
510.8333333333333 -716.6666666666669
510.8333333333333 -716.6666666666669
510.8333333333333 -716.6666666666669
510.8333333333333 -716.6666666666669
510.8333333333333 -716.6666666666669
510.8333333333333 -716.6666666666669
510.8333333333333 -716.6666666666669
510.8333333333333 -716.6666666666669
512.5 -719.1666666666669
509.1666666666667 -714.1666666666669
510.8333333333333 -716.6666666666669
510.8333333333333 -716.6666666666669
510.83333333333337 -717.5000000000002
506.6666666666667 -711.666666666667
509.1666666666667 -714.1666666666669
506.6666666666667 -711.666666666667
510.8333333333333 -716.6666666666669
505.0 -709.166666666667
511.6666666666667 -718.3333333333336
510.0 -715.0000000000002
507.50000000000006 -713.3333333333336
510.8333333333333 -716.6666666666669
510.0 -715.0000000000002
510.83333333333337 -717.5000000000002
510.8333333333333 -716.6666666666669
511.6666666666667 -718.3333333333336
510.0 -715.0000000000002
505.0 -709.166666666667
510.0 -715.0000000000002
506.6666666666667 -711.666666666667
510.8333333333333 -716.6666666666669
503.33333333333337 -705.0000000000002
510.83333333333337 -717.5000000000002
516.6666666666667 -720.0000000000002
510.8333333333333 -716.6666666666669
506.6666666666667 -711.666666666667
