503.33333333333337 -706.6666666666669
506.6666666666667 -713.3333333333336
504.16666666666674 -708.3333333333335
505.0 -710.8333333333335
506.6666666666667 -713.3333333333336
506.6666666666667 -713.3333333333336
503.33333333333337 -706.6666666666669
505.0 -710.8333333333335
505.0 -710.8333333333335
506.6666666666667 -713.3333333333336
503.33333333333337 -706.6666666666669
505.0 -710.8333333333335
505.0 -710.8333333333335
506.6666666666667 -713.3333333333336
505.0 -710.8333333333335
506.6666666666667 -713.3333333333336
513.3333333333333 -724.1666666666669
510.00000000000006 -720.0000000000002
504.16666666666674 -708.3333333333335
506.6666666666667 -713.3333333333336
503.33333333333337 -706.6666666666669
503.33333333333337 -706.6666666666669
505.0 -710.8333333333335
506.6666666666667 -713.3333333333336
506.6666666666667 -713.3333333333336
505.0 -710.8333333333335
503.33333333333337 -706.6666666666669
504.16666666666674 -708.3333333333335
505.0 -710.8333333333335
503.33333333333337 -706.6666666666669
506.6666666666667 -713.3333333333336
503.33333333333337 -706.6666666666669
506.6666666666667 -713.3333333333336
503.33333333333337 -706.6666666666669
505.0 -710.8333333333335
505.0 -710.8333333333335
503.33333333333337 -706.6666666666669
503.33333333333337 -706.6666666666669
503.33333333333337 -706.6666666666669
503.33333333333337 -706.6666666666669
508.33333333333337 -716.6666666666669
506.6666666666667 -713.3333333333336
505.0 -710.8333333333335
503.33333333333337 -706.6666666666669
504.16666666666674 -708.3333333333335
504.16666666666674 -708.3333333333335
508.33333333333337 -716.6666666666669
503.33333333333337 -706.6666666666669
508.33333333333337 -716.6666666666669
505.83333333333337 -712.5000000000002
505.0 -710.8333333333335
506.6666666666667 -713.3333333333336
504.16666666666674 -708.3333333333335
504.16666666666674 -708.3333333333335
506.6666666666667 -713.3333333333336
503.33333333333337 -706.6666666666669
505.83333333333337 -712.5000000000002
505.83333333333337 -712.5000000000002
506.6666666666667 -713.3333333333336
503.33333333333337 -706.6666666666669
505.83333333333337 -712.5000000000002
505.0 -710.8333333333335
505.0 -710.8333333333335
505.0 -710.8333333333335
503.33333333333337 -706.6666666666669
505.83333333333337 -712.5000000000002
510.83333333333337 -723.3333333333336
505.0 -710.8333333333335
503.33333333333337 -706.6666666666669
503.33333333333337 -706.6666666666669
505.0 -710.8333333333335
505.83333333333337 -712.5000000000002
506.6666666666667 -713.3333333333336
505.0 -710.8333333333335
506.6666666666667 -713.3333333333336
506.6666666666667 -713.3333333333336
506.6666666666667 -713.3333333333336
506.6666666666667 -713.3333333333336
504.16666666666674 -708.3333333333335
504.16666666666674 -708.3333333333335
505.0 -710.8333333333335
505.0 -710.8333333333335
510.83333333333337 -723.3333333333336
506.6666666666667 -713.3333333333336
505.0 -710.8333333333335
505.0 -710.8333333333335
504.16666666666674 -708.3333333333335
507.5 -715.8333333333335
505.0 -710.8333333333335
503.33333333333337 -706.6666666666669
507.5 -715.8333333333335
504.16666666666674 -708.3333333333335
505.0 -710.8333333333335
504.16666666666674 -708.3333333333335
510.83333333333337 -723.3333333333336
504.16666666666674 -708.3333333333335
505.0 -710.8333333333335
504.16666666666674 -708.3333333333335
505.0 -710.8333333333335
505.83333333333337 -712.5000000000002
505.0 -710.8333333333335
505.83333333333337 -712.5000000000002
505.0 -710.8333333333335
504.16666666666674 -708.3333333333335
513.3333333333334 -725.8333333333335
505.0 -710.8333333333335
506.6666666666667 -713.3333333333336
507.5 -715.8333333333335
503.33333333333337 -706.6666666666669
505.0 -710.8333333333335
503.33333333333337 -706.6666666666669
503.33333333333337 -706.6666666666669
505.83333333333337 -712.5000000000002
503.33333333333337 -706.6666666666669
505.0 -710.8333333333335
504.16666666666674 -708.3333333333335
505.0 -710.8333333333335
505.0 -710.8333333333335
505.83333333333337 -712.5000000000002
504.16666666666674 -708.3333333333335
505.0 -710.8333333333335
506.6666666666667 -713.3333333333336
505.0 -710.8333333333335
507.5 -715.8333333333335
503.33333333333337 -706.6666666666669
501.66666666666674 -705.8333333333335
503.33333333333337 -706.6666666666669
503.33333333333337 -706.6666666666669
506.6666666666667 -713.3333333333336
509.1666666666667 -718.3333333333335
504.16666666666674 -708.3333333333335
504.16666666666674 -708.3333333333335
509.1666666666667 -718.3333333333335
513.3333333333334 -725.8333333333335
504.16666666666674 -708.3333333333335
504.16666666666674 -708.3333333333335
