500.83333333333337 -704.1666666666669
509.1666666666667 -720.0000000000002
510.83333333333337 -723.3333333333336
501.66666666666674 -705.8333333333335
510.83333333333337 -723.3333333333336
510.83333333333337 -723.3333333333336
510.83333333333337 -723.3333333333336
510.83333333333337 -723.3333333333336
510.83333333333337 -723.3333333333336
510.83333333333337 -723.3333333333336
505.0 -713.3333333333335
509.1666666666667 -720.0000000000002
505.0 -713.3333333333335
505.0 -713.3333333333335
510.83333333333337 -723.3333333333336
505.0 -713.3333333333335
505.0 -713.3333333333335
509.1666666666667 -720.0000000000002
507.5 -718.3333333333335
511.66666666666674 -725.0000000000002
505.0 -713.3333333333335
505.0 -713.3333333333335
513.3333333333334 -728.3333333333335
500.83333333333337 -704.1666666666669
505.0 -713.3333333333335
509.1666666666667 -720.0000000000002
510.83333333333337 -723.3333333333336
505.0 -713.3333333333335
503.33333333333337 -710.0000000000002
505.0 -713.3333333333335
503.33333333333337 -710.0000000000002
505.0 -713.3333333333335
510.83333333333337 -723.3333333333336
510.83333333333337 -723.3333333333336
508.33333333333337 -718.3333333333336
507.5 -718.3333333333335
503.33333333333337 -710.0000000000002
502.5 -709.1666666666669
513.3333333333334 -728.3333333333335
504.1666666666667 -712.5000000000002
505.0 -713.3333333333335
506.6666666666667 -715.8333333333335
510.83333333333337 -723.3333333333336
501.66666666666674 -705.8333333333335
510.83333333333337 -723.3333333333336
505.00000000000006 -714.1666666666669
505.0 -713.3333333333335
513.3333333333334 -728.3333333333335
