500.83333333333337 -704.1666666666669
510.83333333333337 -723.3333333333336
501.66666666666674 -705.8333333333335
510.83333333333337 -723.3333333333336
510.83333333333337 -723.3333333333336
510.83333333333337 -723.3333333333336
510.83333333333337 -723.3333333333336
510.83333333333337 -723.3333333333336
510.83333333333337 -723.3333333333336
510.83333333333337 -723.3333333333336
511.66666666666674 -725.0000000000002
513.3333333333334 -728.3333333333335
500.83333333333337 -704.1666666666669
510.83333333333337 -723.3333333333336
510.83333333333337 -723.3333333333336
510.83333333333337 -723.3333333333336
513.3333333333334 -728.3333333333335
510.83333333333337 -723.3333333333336
501.66666666666674 -705.8333333333335
510.83333333333337 -723.3333333333336
513.3333333333334 -728.3333333333335
502.5 -710.8333333333335
507.5 -718.3333333333336
506.6666666666667 -717.5000000000002
513.3333333333334 -728.3333333333335
510.83333333333337 -723.3333333333336
510.83333333333337 -723.3333333333336
509.1666666666667 -722.5000000000001
510.83333333333337 -723.3333333333336
510.83333333333337 -723.3333333333336
510.83333333333337 -723.3333333333336
506.6666666666667 -717.5000000000002
502.5 -710.8333333333335
510.83333333333337 -723.3333333333336
508.33333333333337 -720.8333333333336
513.3333333333334 -728.3333333333335
509.1666666666667 -722.5000000000001
513.3333333333334 -728.3333333333335
510.83333333333337 -723.3333333333336
506.6666666666667 -717.5000000000002
508.33333333333337 -720.8333333333336
504.1666666666667 -715.0000000000002
