503.33333333333337 -712.5000000000002
500.83333333333337 -706.6666666666669
500.83333333333337 -706.6666666666669
500.83333333333337 -706.6666666666669
500.83333333333337 -706.6666666666669
514.1666666666667 -730.0000000000002
500.83333333333337 -706.6666666666669
514.1666666666667 -730.0000000000002
503.33333333333337 -712.5000000000002
503.33333333333337 -712.5000000000002
503.33333333333337 -712.5000000000002
500.83333333333337 -706.6666666666669
500.83333333333337 -706.6666666666669
503.33333333333337 -712.5000000000002
504.1666666666667 -715.8333333333336
503.33333333333337 -712.5000000000002
501.66666666666663 -709.1666666666669
504.1666666666667 -715.8333333333336
500.83333333333337 -706.6666666666669
514.1666666666667 -730.0000000000002
513.3333333333333 -730.0000000000001
512.5 -729.1666666666669
512.5 -729.1666666666669
504.1666666666667 -715.8333333333336
500.83333333333337 -706.6666666666669
514.1666666666667 -730.0000000000002
512.5 -729.1666666666669
504.1666666666667 -715.8333333333336
515.8333333333334 -731.6666666666669
515.0 -730.8333333333335
500.83333333333337 -706.6666666666669
503.33333333333337 -712.5000000000002
504.1666666666667 -715.8333333333336
512.5 -729.1666666666669
500.83333333333337 -706.6666666666669
505.0 -718.3333333333336
504.1666666666667 -715.8333333333336
504.1666666666667 -715.8333333333336
503.33333333333337 -712.5000000000002
510.0 -726.6666666666669
502.5 -711.666666666667
512.5 -729.1666666666669
512.5 -729.1666666666669
512.5 -729.1666666666669
509.16666666666663 -724.1666666666669
505.8333333333333 -721.6666666666669
514.1666666666667 -730.0000000000002
502.5 -711.666666666667
507.50000000000006 -722.5000000000002
503.33333333333337 -712.5000000000002
510.0 -726.6666666666669
504.1666666666667 -715.8333333333336
503.33333333333337 -712.5000000000002
510.0 -726.6666666666669
510.8333333333333 -727.5000000000002
504.1666666666667 -715.8333333333336
