506.6666666666667 -730.0
502.5 -720.8333333333335
502.5 -720.8333333333335
505.0 -725.8333333333335
506.6666666666667 -730.0
505.0 -725.8333333333335
504.1666666666667 -725.0000000000001
510.83333333333337 -735.8333333333334
510.83333333333337 -735.8333333333334
513.3333333333334 -738.3333333333334
510.83333333333337 -735.8333333333334
505.0 -725.8333333333335
510.83333333333337 -735.8333333333334
510.0 -734.1666666666667
510.83333333333337 -735.8333333333334
502.5 -720.8333333333335
502.5 -720.8333333333335
503.3333333333333 -723.3333333333335
505.0 -725.8333333333335
509.1666666666667 -732.5
510.83333333333337 -735.8333333333334
505.0 -725.8333333333335
510.0 -734.1666666666667
502.5 -720.8333333333335
509.1666666666667 -732.5
510.83333333333337 -735.8333333333334
510.83333333333337 -735.8333333333334
502.5 -720.8333333333335
502.5 -720.8333333333335
504.1666666666667 -725.0000000000001
501.66666666666663 -717.5000000000001
513.3333333333334 -738.3333333333334
500.83333333333337 -716.6666666666669
506.6666666666667 -730.0
509.1666666666667 -732.5
506.6666666666667 -730.0
513.3333333333334 -738.3333333333334
505.0 -725.8333333333335
502.5 -720.8333333333335
506.6666666666667 -730.0
500.0 -715.0000000000001
501.6666666666667 -719.1666666666667
508.3333333333333 -730.8333333333334
510.83333333333337 -735.8333333333334
504.1666666666667 -725.0000000000001
505.0 -725.8333333333335
503.3333333333333 -723.3333333333335
502.5 -720.8333333333335
510.0 -734.1666666666667
505.0 -725.8333333333335
501.6666666666667 -719.1666666666667
503.3333333333333 -723.3333333333335
505.0 -725.8333333333335
505.0 -725.8333333333335
505.0 -725.8333333333335
