500.0 -715.0000000000001
515.8333333333334 -740.0
500.0 -715.0000000000001
504.1666666666667 -728.3333333333334
508.3333333333333 -734.1666666666666
506.6666666666667 -730.0
509.1666666666667 -735.8333333333333
504.16666666666663 -724.1666666666667
510.83333333333337 -735.8333333333335
512.5 -736.6666666666667
506.6666666666667 -730.0
502.5 -720.8333333333335
503.3333333333333 -723.3333333333335
500.83333333333337 -716.6666666666669
501.66666666666663 -719.1666666666667
514.1666666666667 -739.1666666666666
502.5 -720.8333333333335
513.3333333333334 -738.3333333333334
501.66666666666663 -719.1666666666667
500.83333333333337 -716.6666666666669
514.1666666666667 -739.1666666666666
513.3333333333334 -738.3333333333334
503.3333333333333 -723.3333333333335
511.66666666666674 -736.6666666666666
511.66666666666674 -736.6666666666666
504.16666666666663 -724.1666666666667
514.1666666666667 -739.1666666666666
500.0 -715.0000000000001
506.6666666666667 -730.0
502.5 -720.8333333333335
501.66666666666663 -719.1666666666667
500.83333333333337 -716.6666666666669
513.3333333333334 -738.3333333333334
503.3333333333333 -723.3333333333335
511.66666666666674 -736.6666666666666
504.16666666666663 -724.1666666666667
514.1666666666667 -739.1666666666666
500.0 -715.0000000000001
506.6666666666667 -730.0
511.66666666666674 -736.6666666666666
513.3333333333334 -738.3333333333334
502.5 -720.8333333333335
501.66666666666663 -719.1666666666667
500.83333333333337 -716.6666666666669
503.3333333333333 -723.3333333333335
504.16666666666663 -724.1666666666667
500.0 -715.0000000000001
514.1666666666667 -739.1666666666666
511.66666666666674 -736.6666666666666
513.3333333333334 -738.3333333333334
502.5 -720.8333333333335
501.66666666666663 -719.1666666666667
500.83333333333337 -716.6666666666669
506.6666666666667 -730.0
503.3333333333333 -723.3333333333335
504.16666666666663 -724.1666666666667
502.5 -720.8333333333335
506.6666666666667 -730.0
502.5 -720.8333333333335
502.5 -720.8333333333335
502.5 -720.8333333333335
502.5 -720.8333333333335
502.5 -720.8333333333335
513.3333333333334 -738.3333333333334
506.6666666666667 -730.0
506.6666666666667 -730.0
513.3333333333334 -738.3333333333334
502.5 -720.8333333333335
506.6666666666667 -730.0
503.3333333333333 -723.3333333333335
502.5 -720.8333333333335
503.3333333333333 -723.3333333333335
502.5 -720.8333333333335
506.6666666666667 -730.0
506.6666666666667 -730.0
506.6666666666667 -730.0
506.6666666666667 -730.0
503.3333333333333 -723.3333333333335
503.3333333333333 -723.3333333333335
501.66666666666663 -719.1666666666667
502.5 -720.8333333333335
503.3333333333333 -723.3333333333335
506.6666666666667 -730.0
502.5 -720.8333333333335
502.5 -720.8333333333335
501.66666666666663 -719.1666666666667
503.3333333333333 -723.3333333333335
503.3333333333333 -723.3333333333335
500.83333333333337 -716.6666666666669
503.3333333333333 -723.3333333333335
506.6666666666667 -730.0
502.5 -720.8333333333335
502.5 -720.8333333333335
500.83333333333337 -716.6666666666669
503.3333333333333 -723.3333333333335
501.66666666666663 -719.1666666666667
506.6666666666667 -730.0
502.5 -720.8333333333335
506.6666666666667 -730.0
500.0 -715.0000000000001
502.5 -720.8333333333335
513.3333333333334 -738.3333333333334
503.3333333333333 -723.3333333333335
504.16666666666663 -724.1666666666667
500.83333333333337 -716.6666666666669
504.16666666666663 -724.1666666666667
506.6666666666667 -730.0
502.5 -720.8333333333335
511.66666666666674 -736.6666666666666
502.5 -720.8333333333335
503.3333333333333 -723.3333333333335
504.16666666666663 -724.1666666666667
506.6666666666667 -730.0
511.66666666666674 -736.6666666666666
503.3333333333333 -723.3333333333335
513.3333333333334 -738.3333333333334
503.3333333333333 -723.3333333333335
500.83333333333337 -716.6666666666669
502.5 -720.8333333333335
502.5 -720.8333333333335
502.5 -720.8333333333335
501.66666666666663 -719.1666666666667
513.3333333333334 -738.3333333333334
503.3333333333333 -723.3333333333335
502.5 -720.8333333333335
502.5 -720.8333333333335
503.3333333333333 -723.3333333333335
502.5 -720.8333333333335
502.5 -720.8333333333335
502.5 -720.8333333333335
506.6666666666667 -730.0
511.66666666666674 -736.6666666666666
504.16666666666663 -724.1666666666667
503.3333333333333 -723.3333333333335
503.3333333333333 -723.3333333333335
504.16666666666663 -724.1666666666667
502.5 -720.8333333333335
501.66666666666663 -719.1666666666667
511.66666666666674 -736.6666666666666
506.6666666666667 -730.0
502.5 -720.8333333333335
500.0 -715.0000000000001
506.6666666666667 -730.0
501.66666666666663 -719.1666666666667
506.6666666666667 -730.0
502.5 -720.8333333333335
500.0 -715.0000000000001
503.3333333333333 -723.3333333333335
511.66666666666674 -736.6666666666666
501.66666666666663 -719.1666666666667
501.66666666666663 -719.1666666666667
500.83333333333337 -716.6666666666669
503.3333333333333 -723.3333333333335
506.6666666666667 -730.0
501.66666666666663 -719.1666666666667
506.6666666666667 -730.0
502.5 -720.8333333333335
500.0 -715.0000000000001
501.66666666666663 -719.1666666666667
503.3333333333333 -723.3333333333335
501.66666666666663 -719.1666666666667
504.16666666666663 -724.1666666666667
503.3333333333333 -723.3333333333335
503.3333333333333 -723.3333333333335
506.6666666666667 -730.0
503.3333333333333 -723.3333333333335
504.16666666666663 -724.1666666666667
506.6666666666667 -730.0
504.16666666666663 -724.1666666666667
503.3333333333333 -723.3333333333335
502.5 -720.8333333333335
501.66666666666663 -719.1666666666667
503.3333333333333 -723.3333333333335
511.66666666666674 -736.6666666666666
506.6666666666667 -730.0
501.66666666666663 -719.1666666666667
502.5 -720.8333333333335
500.0 -715.0000000000001
501.66666666666663 -719.1666666666667
500.0 -715.0000000000001
500.83333333333337 -716.6666666666669
500.0 -715.0000000000001
513.3333333333334 -738.3333333333334
511.66666666666674 -736.6666666666666
500.83333333333337 -716.6666666666669
500.0 -715.0000000000001
501.66666666666663 -719.1666666666667
506.6666666666667 -730.0
504.16666666666663 -724.1666666666667
506.6666666666667 -730.0
503.3333333333333 -723.3333333333335
504.16666666666663 -724.1666666666667
503.3333333333333 -723.3333333333335
503.3333333333333 -723.3333333333335
514.1666666666667 -739.1666666666666
503.3333333333333 -723.3333333333335
500.0 -715.0000000000001
502.5 -720.8333333333335
504.16666666666663 -724.1666666666667
504.16666666666663 -724.1666666666667
