500.0 -715.0000000000001
514.1666666666667 -742.4999999999999
500.0 -715.0000000000001
514.1666666666667 -742.4999999999999
506.6666666666667 -733.3333333333333
504.1666666666667 -728.3333333333334
503.3333333333333 -723.3333333333335
509.1666666666667 -735.8333333333333
508.3333333333333 -734.1666666666666
504.16666666666663 -727.5
503.3333333333333 -723.3333333333335
508.3333333333333 -734.1666666666666
504.16666666666663 -727.5
509.1666666666667 -735.8333333333333
500.0 -715.0000000000001
503.3333333333333 -723.3333333333335
500.0 -715.0000000000001
503.3333333333333 -723.3333333333335
500.0 -715.0000000000001
503.3333333333333 -723.3333333333335
500.0 -715.0000000000001
503.3333333333333 -723.3333333333335
500.0 -715.0000000000001
503.3333333333333 -723.3333333333335
503.3333333333333 -723.3333333333335
503.3333333333333 -723.3333333333335
503.3333333333333 -723.3333333333335
503.3333333333333 -723.3333333333335
503.3333333333333 -723.3333333333335
503.3333333333333 -723.3333333333335
503.3333333333333 -723.3333333333335
503.3333333333333 -723.3333333333335
503.3333333333333 -723.3333333333335
500.0 -715.0000000000001
503.3333333333333 -723.3333333333335
503.3333333333333 -723.3333333333335
503.3333333333333 -723.3333333333335
503.3333333333333 -723.3333333333335
503.3333333333333 -723.3333333333335
503.3333333333333 -723.3333333333335
503.3333333333333 -723.3333333333335
503.3333333333333 -723.3333333333335
500.0 -715.0000000000001
500.0 -715.0000000000001
503.3333333333333 -723.3333333333335
503.3333333333333 -723.3333333333335
500.0 -715.0000000000001
503.3333333333333 -723.3333333333335
503.3333333333333 -723.3333333333335
503.3333333333333 -723.3333333333335
503.3333333333333 -723.3333333333335
503.3333333333333 -723.3333333333335
503.3333333333333 -723.3333333333335
500.0 -715.0000000000001
500.0 -715.0000000000001
500.0 -715.0000000000001
500.0 -715.0000000000001
503.3333333333333 -723.3333333333335
503.3333333333333 -723.3333333333335
503.3333333333333 -723.3333333333335
503.3333333333333 -723.3333333333335
500.0 -715.0000000000001
503.3333333333333 -723.3333333333335
503.3333333333333 -723.3333333333335
503.3333333333333 -723.3333333333335
503.3333333333333 -723.3333333333335
503.3333333333333 -723.3333333333335
503.3333333333333 -723.3333333333335
503.3333333333333 -723.3333333333335
500.0 -715.0000000000001
500.0 -715.0000000000001
503.3333333333333 -723.3333333333335
505.0 -729.1666666666667
500.0 -715.0000000000001
506.66666666666663 -730.0
503.3333333333333 -723.3333333333335
503.3333333333333 -723.3333333333335
508.3333333333333 -734.1666666666666
503.3333333333333 -723.3333333333335
501.66666666666663 -722.5
500.0 -715.0000000000001
503.3333333333333 -723.3333333333335
503.3333333333333 -723.3333333333335
500.0 -715.0000000000001
503.3333333333333 -723.3333333333335
500.0 -715.0000000000001
510.83333333333337 -739.1666666666667
500.83333333333337 -720.0000000000001
506.66666666666663 -730.0
503.3333333333333 -723.3333333333335
500.0 -715.0000000000001
503.3333333333333 -723.3333333333335
506.6666666666667 -733.3333333333333
