497.5 -714.1666666666667
515.0 -746.6666666666667
497.5 -714.1666666666667
498.33333333333337 -715.8333333333334
499.16666666666663 -720.0000000000001
512.5 -744.1666666666667
514.1666666666667 -745.0
508.3333333333333 -738.3333333333334
510.83333333333337 -741.6666666666667
510.0 -740.0
508.3333333333333 -738.3333333333334
506.6666666666667 -735.8333333333333
506.6666666666667 -735.8333333333333
502.5 -726.6666666666667
501.66666666666663 -725.0
505.8333333333333 -734.1666666666666
505.0 -731.6666666666666
500.8333333333333 -722.5
503.3333333333333 -729.1666666666667
511.66666666666674 -742.4999999999999
501.66666666666663 -725.0
502.5 -726.6666666666667
500.0 -720.8333333333334
510.0 -740.0
505.8333333333333 -734.1666666666666
500.8333333333333 -722.5
504.16666666666663 -730.0
504.1666666666667 -730.8333333333334
503.3333333333333 -729.1666666666667
500.0 -720.8333333333334
505.0 -731.6666666666666
511.66666666666674 -742.4999999999999
504.1666666666667 -730.8333333333334
504.16666666666663 -730.0
497.5 -714.1666666666667
508.3333333333333 -738.3333333333334
506.6666666666667 -735.8333333333333
501.66666666666663 -725.0
502.5 -726.6666666666667
510.0 -740.0
505.8333333333333 -734.1666666666666
500.8333333333333 -722.5
503.3333333333333 -729.1666666666667
500.0 -720.8333333333334
505.0 -731.6666666666666
511.66666666666674 -742.4999999999999
504.1666666666667 -730.8333333333334
504.16666666666663 -730.0
497.5 -714.1666666666667
508.3333333333333 -738.3333333333334
506.6666666666667 -735.8333333333333
501.66666666666663 -725.0
502.5 -726.6666666666667
510.0 -740.0
505.8333333333333 -734.1666666666666
500.8333333333333 -722.5
503.3333333333333 -729.1666666666667
500.0 -720.8333333333334
505.0 -731.6666666666666
511.66666666666674 -742.4999999999999
504.1666666666667 -730.8333333333334
504.16666666666663 -730.0
497.5 -714.1666666666667
506.6666666666667 -735.8333333333333
501.66666666666663 -725.0
502.5 -726.6666666666667
510.0 -740.0
505.8333333333333 -734.1666666666666
500.8333333333333 -722.5
503.3333333333333 -729.1666666666667
500.0 -720.8333333333334
505.0 -731.6666666666666
511.66666666666674 -742.4999999999999
504.1666666666667 -730.8333333333334
504.16666666666663 -730.0
497.5 -714.1666666666667
506.6666666666667 -735.8333333333333
501.66666666666663 -725.0
502.5 -726.6666666666667
510.0 -740.0
505.8333333333333 -734.1666666666666
500.8333333333333 -722.5
503.3333333333333 -729.1666666666667
505.0 -731.6666666666666
500.0 -720.8333333333334
504.1666666666667 -730.8333333333334
504.16666666666663 -730.0
497.5 -714.1666666666667
506.6666666666667 -735.8333333333333
501.66666666666663 -725.0
502.5 -726.6666666666667
510.0 -740.0
505.8333333333333 -734.1666666666666
500.8333333333333 -722.5
503.3333333333333 -729.1666666666667
500.0 -720.8333333333334
505.0 -731.6666666666666
504.1666666666667 -730.8333333333334
504.16666666666663 -730.0
497.5 -714.1666666666667
506.6666666666667 -735.8333333333333
501.66666666666663 -725.0
502.5 -726.6666666666667
510.0 -740.0
505.8333333333333 -734.1666666666666
500.8333333333333 -722.5
503.3333333333333 -729.1666666666667
505.0 -731.6666666666666
500.0 -720.8333333333334
504.1666666666667 -730.8333333333334
504.16666666666663 -730.0
497.5 -714.1666666666667
506.6666666666667 -735.8333333333333
501.66666666666663 -725.0
502.5 -726.6666666666667
510.0 -740.0
505.8333333333333 -734.1666666666666
500.8333333333333 -722.5
503.3333333333333 -729.1666666666667
500.0 -720.8333333333334
505.0 -731.6666666666666
504.1666666666667 -730.8333333333334
504.16666666666663 -730.0
497.5 -714.1666666666667
506.6666666666667 -735.8333333333333
501.66666666666663 -725.0
500.0 -720.8333333333334
510.0 -740.0
505.8333333333333 -734.1666666666666
500.8333333333333 -722.5
503.3333333333333 -729.1666666666667
505.0 -731.6666666666666
504.1666666666667 -730.8333333333334
504.16666666666663 -730.0
497.5 -714.1666666666667
501.66666666666663 -725.0
500.0 -720.8333333333334
505.8333333333333 -734.1666666666666
500.8333333333333 -722.5
506.6666666666667 -735.8333333333333
503.3333333333333 -729.1666666666667
510.0 -740.0
505.0 -731.6666666666666
504.16666666666663 -730.0
497.5 -714.1666666666667
501.66666666666663 -725.0
500.0 -720.8333333333334
505.8333333333333 -734.1666666666666
505.0 -731.6666666666666
500.8333333333333 -722.5
506.6666666666667 -735.8333333333333
504.16666666666663 -730.0
503.3333333333333 -729.1666666666667
510.0 -740.0
497.5 -714.1666666666667
500.0 -720.8333333333334
505.8333333333333 -734.1666666666666
500.8333333333333 -722.5
506.6666666666667 -735.8333333333333
501.66666666666663 -725.0
504.16666666666663 -730.0
503.3333333333333 -729.1666666666667
510.0 -740.0
500.0 -720.8333333333334
505.8333333333333 -734.1666666666666
500.8333333333333 -722.5
506.6666666666667 -735.8333333333333
501.66666666666663 -725.0
504.16666666666663 -730.0
503.3333333333333 -729.1666666666667
510.0 -740.0
500.0 -720.8333333333334
505.8333333333333 -734.1666666666666
500.8333333333333 -722.5
506.6666666666667 -735.8333333333333
501.66666666666663 -725.0
510.0 -740.0
503.3333333333333 -729.1666666666667
504.16666666666663 -730.0
510.0 -740.0
500.8333333333333 -722.5
510.0 -740.0
503.3333333333333 -729.1666666666667
505.8333333333333 -734.1666666666666
505.0 -731.6666666666666
505.8333333333333 -734.1666666666666
500.8333333333333 -722.5
503.3333333333333 -729.1666666666667
503.3333333333333 -729.1666666666667
510.0 -740.0
505.0 -731.6666666666666
510.0 -740.0
505.8333333333333 -734.1666666666666
503.3333333333333 -729.1666666666667
504.1666666666667 -730.8333333333334
501.66666666666663 -725.0
500.8333333333333 -722.5
510.0 -740.0
504.16666666666663 -730.0
510.0 -740.0
