497.5 -714.1666666666667
515.0 -746.6666666666667
497.5 -714.1666666666667
505.8333333333333 -735.8333333333333
498.33333333333337 -717.5000000000001
500.8333333333333 -724.1666666666666
508.3333333333333 -738.3333333333334
505.0 -731.6666666666666
508.3333333333333 -738.3333333333334
511.6666666666667 -742.5
500.0 -720.8333333333334
514.1666666666667 -745.0
512.5 -744.1666666666667
499.16666666666663 -720.0000000000001
502.5 -726.6666666666667
503.3333333333333 -729.1666666666667
510.0 -740.0
501.6666666666667 -725.8333333333334
510.8333333333333 -740.8333333333333
510.0 -740.0
510.83333333333337 -741.6666666666667
501.66666666666663 -725.0
504.16666666666663 -730.0
504.1666666666667 -730.8333333333334
502.5 -726.6666666666667
512.5 -744.1666666666667
503.3333333333333 -729.1666666666667
505.0 -731.6666666666666
500.0 -720.8333333333334
499.16666666666663 -720.0000000000001
514.1666666666667 -745.0
501.66666666666663 -725.0
510.83333333333337 -741.6666666666667
504.1666666666667 -730.8333333333334
504.16666666666663 -730.0
497.5 -714.1666666666667
508.3333333333333 -738.3333333333334
510.0 -740.0
502.5 -726.6666666666667
503.3333333333333 -729.1666666666667
500.0 -720.8333333333334
505.0 -731.6666666666666
512.5 -744.1666666666667
514.1666666666667 -745.0
501.66666666666663 -725.0
504.1666666666667 -730.8333333333334
504.16666666666663 -730.0
497.5 -714.1666666666667
508.3333333333333 -738.3333333333334
510.0 -740.0
502.5 -726.6666666666667
503.3333333333333 -729.1666666666667
505.0 -731.6666666666666
500.0 -720.8333333333334
501.66666666666663 -725.0
504.1666666666667 -730.8333333333334
504.16666666666663 -730.0
497.5 -714.1666666666667
508.3333333333333 -738.3333333333334
510.0 -740.0
502.5 -726.6666666666667
503.3333333333333 -729.1666666666667
505.0 -731.6666666666666
500.0 -720.8333333333334
501.66666666666663 -725.0
504.1666666666667 -730.8333333333334
504.16666666666663 -730.0
497.5 -714.1666666666667
508.3333333333333 -738.3333333333334
502.5 -726.6666666666667
510.0 -740.0
501.66666666666663 -725.0
503.3333333333333 -729.1666666666667
500.0 -720.8333333333334
505.0 -731.6666666666666
504.1666666666667 -730.8333333333334
504.16666666666663 -730.0
497.5 -714.1666666666667
508.3333333333333 -738.3333333333334
501.66666666666663 -725.0
502.5 -726.6666666666667
510.0 -740.0
503.3333333333333 -729.1666666666667
505.0 -731.6666666666666
500.0 -720.8333333333334
504.1666666666667 -730.8333333333334
504.16666666666663 -730.0
497.5 -714.1666666666667
501.66666666666663 -725.0
502.5 -726.6666666666667
510.0 -740.0
503.3333333333333 -729.1666666666667
500.0 -720.8333333333334
505.0 -731.6666666666666
504.1666666666667 -730.8333333333334
504.16666666666663 -730.0
497.5 -714.1666666666667
501.66666666666663 -725.0
502.5 -726.6666666666667
510.0 -740.0
503.3333333333333 -729.1666666666667
500.0 -720.8333333333334
505.0 -731.6666666666666
504.1666666666667 -730.8333333333334
504.16666666666663 -730.0
497.5 -714.1666666666667
501.66666666666663 -725.0
502.5 -726.6666666666667
510.0 -740.0
503.3333333333333 -729.1666666666667
500.0 -720.8333333333334
505.0 -731.6666666666666
504.1666666666667 -730.8333333333334
504.16666666666663 -730.0
497.5 -714.1666666666667
501.66666666666663 -725.0
502.5 -726.6666666666667
510.0 -740.0
503.3333333333333 -729.1666666666667
500.0 -720.8333333333334
505.0 -731.6666666666666
504.1666666666667 -730.8333333333334
504.16666666666663 -730.0
497.5 -714.1666666666667
501.66666666666663 -725.0
502.5 -726.6666666666667
510.0 -740.0
503.3333333333333 -729.1666666666667
505.0 -731.6666666666666
500.0 -720.8333333333334
504.1666666666667 -730.8333333333334
504.16666666666663 -730.0
497.5 -714.1666666666667
501.66666666666663 -725.0
502.5 -726.6666666666667
510.0 -740.0
503.3333333333333 -729.1666666666667
500.0 -720.8333333333334
505.0 -731.6666666666666
504.1666666666667 -730.8333333333334
504.16666666666663 -730.0
497.5 -714.1666666666667
501.66666666666663 -725.0
502.5 -726.6666666666667
510.0 -740.0
503.3333333333333 -729.1666666666667
505.0 -731.6666666666666
500.0 -720.8333333333334
504.1666666666667 -730.8333333333334
504.16666666666663 -730.0
497.5 -714.1666666666667
501.66666666666663 -725.0
502.5 -726.6666666666667
510.0 -740.0
503.3333333333333 -729.1666666666667
500.0 -720.8333333333334
505.0 -731.6666666666666
504.1666666666667 -730.8333333333334
504.16666666666663 -730.0
497.5 -714.1666666666667
501.66666666666663 -725.0
500.0 -720.8333333333334
510.0 -740.0
503.3333333333333 -729.1666666666667
505.0 -731.6666666666666
504.16666666666663 -730.0
497.5 -714.1666666666667
501.66666666666663 -725.0
500.0 -720.8333333333334
503.3333333333333 -729.1666666666667
510.0 -740.0
505.0 -731.6666666666666
504.16666666666663 -730.0
497.5 -714.1666666666667
501.66666666666663 -725.0
500.0 -720.8333333333334
505.0 -731.6666666666666
504.16666666666663 -730.0
503.3333333333333 -729.1666666666667
510.0 -740.0
497.5 -714.1666666666667
500.0 -720.8333333333334
501.66666666666663 -725.0
504.16666666666663 -730.0
503.3333333333333 -729.1666666666667
510.0 -740.0
500.0 -720.8333333333334
501.66666666666663 -725.0
504.16666666666663 -730.0
503.3333333333333 -729.1666666666667
510.0 -740.0
500.0 -720.8333333333334
501.66666666666663 -725.0
510.0 -740.0
503.3333333333333 -729.1666666666667
504.16666666666663 -730.0
510.0 -740.0
510.0 -740.0
503.3333333333333 -729.1666666666667
505.0 -731.6666666666666
