515.0 -746.6666666666667
497.5 -715.8333333333334
497.5 -715.8333333333334
501.66666666666663 -726.6666666666667
505.8333333333333 -735.8333333333333
498.33333333333337 -717.5000000000001
500.8333333333333 -724.1666666666666
500.0 -722.5
507.50000000000006 -736.6666666666666
513.3333333333333 -745.0
508.3333333333333 -738.3333333333334
499.16666666666663 -720.0000000000001
499.16666666666663 -720.0000000000001
510.8333333333333 -740.8333333333334
511.6666666666667 -742.5
512.5 -744.1666666666667
508.3333333333333 -738.3333333333334
505.8333333333333 -735.8333333333333
510.83333333333337 -741.6666666666667
512.5 -744.1666666666667
511.6666666666667 -742.5
510.83333333333337 -741.6666666666667
508.3333333333333 -738.3333333333334
499.16666666666663 -720.0000000000001
512.5 -744.1666666666667
508.3333333333333 -738.3333333333334
512.5 -744.1666666666667
508.3333333333333 -738.3333333333334
512.5 -744.1666666666667
508.3333333333333 -738.3333333333334
508.3333333333333 -738.3333333333334
508.3333333333333 -738.3333333333334
508.3333333333333 -738.3333333333334
508.3333333333333 -738.3333333333334
508.3333333333333 -738.3333333333334
504.16666666666663 -731.6666666666666
499.16666666666663 -720.0000000000001
512.5 -744.1666666666667
512.5 -744.1666666666667
511.6666666666667 -742.5
511.6666666666667 -742.5
504.1666666666667 -732.5
512.5 -744.1666666666667
509.1666666666667 -740.0
497.5 -715.8333333333334
508.3333333333333 -738.3333333333334
503.3333333333333 -730.8333333333333
501.6666666666667 -727.5
510.83333333333337 -741.6666666666667
510.83333333333337 -741.6666666666667
511.6666666666667 -742.5
507.5 -735.8333333333334
499.16666666666663 -720.0000000000001
512.5 -744.1666666666667
500.8333333333333 -724.1666666666666
510.8333333333333 -740.8333333333334
512.5 -744.1666666666667
509.1666666666667 -740.0
