515.0 -746.6666666666667
497.5 -715.8333333333334
515.0 -746.6666666666667
497.5 -715.8333333333334
510.0 -741.6666666666666
502.5 -730.0
500.8333333333333 -725.8333333333334
503.3333333333333 -732.5
507.5 -740.0
510.83333333333337 -743.3333333333333
500.0 -722.5
505.8333333333333 -735.8333333333333
513.3333333333333 -745.0
504.1666666666667 -734.1666666666666
498.33333333333337 -717.5000000000001
506.6666666666667 -737.5
499.16666666666663 -720.0000000000001
500.0 -722.5
499.16666666666663 -720.0000000000001
513.3333333333333 -745.0
511.6666666666667 -744.1666666666667
506.6666666666667 -737.5
504.1666666666667 -734.1666666666666
505.8333333333333 -735.8333333333333
498.33333333333337 -717.5000000000001
507.5 -740.0
501.6666666666667 -727.5
511.6666666666667 -744.1666666666667
501.66666666666663 -726.6666666666667
501.6666666666667 -727.5
501.66666666666663 -726.6666666666667
515.0 -746.6666666666667
497.5 -715.8333333333334
500.0 -722.5
499.16666666666663 -720.0000000000001
513.3333333333333 -745.0
506.6666666666667 -737.5
504.1666666666667 -734.1666666666666
505.8333333333333 -735.8333333333333
498.33333333333337 -717.5000000000001
511.6666666666667 -744.1666666666667
501.6666666666667 -727.5
501.66666666666663 -726.6666666666667
497.5 -715.8333333333334
499.16666666666663 -720.0000000000001
505.8333333333333 -735.8333333333333
499.16666666666663 -720.0000000000001
499.16666666666663 -720.0000000000001
497.5 -715.8333333333334
499.16666666666663 -720.0000000000001
499.16666666666663 -720.0000000000001
499.16666666666663 -720.0000000000001
501.66666666666663 -726.6666666666667
499.16666666666663 -720.0000000000001
499.16666666666663 -720.0000000000001
497.5 -715.8333333333334
499.16666666666663 -720.0000000000001
505.8333333333333 -735.8333333333333
498.33333333333337 -717.5000000000001
501.66666666666663 -726.6666666666667
497.5 -715.8333333333334
501.66666666666663 -726.6666666666667
498.33333333333337 -717.5000000000001
505.8333333333333 -735.8333333333333
499.16666666666663 -720.0000000000001
505.8333333333333 -735.8333333333333
505.8333333333333 -735.8333333333333
498.33333333333337 -717.5000000000001
501.66666666666663 -726.6666666666667
499.16666666666663 -720.0000000000001
500.0 -722.5
499.16666666666663 -720.0000000000001
511.6666666666667 -744.1666666666667
497.5 -715.8333333333334
505.8333333333333 -735.8333333333333
505.8333333333333 -735.8333333333333
499.16666666666663 -720.0000000000001
501.66666666666663 -726.6666666666667
505.8333333333333 -735.8333333333333
500.0 -722.5
498.33333333333337 -717.5000000000001
505.8333333333333 -735.8333333333333
505.8333333333333 -735.8333333333333
499.16666666666663 -720.0000000000001
499.16666666666663 -720.0000000000001
499.16666666666663 -720.0000000000001
497.5 -715.8333333333334
497.5 -715.8333333333334
501.66666666666663 -726.6666666666667
505.8333333333333 -735.8333333333333
499.16666666666663 -720.0000000000001
505.8333333333333 -735.8333333333333
505.8333333333333 -735.8333333333333
499.16666666666663 -720.0000000000001
501.66666666666663 -726.6666666666667
505.8333333333333 -735.8333333333333
498.33333333333337 -717.5000000000001
501.66666666666663 -726.6666666666667
501.66666666666663 -726.6666666666667
500.0 -722.5
498.33333333333337 -717.5000000000001
501.66666666666663 -726.6666666666667
506.6666666666667 -737.5
499.16666666666663 -720.0000000000001
499.16666666666663 -720.0000000000001
505.8333333333333 -735.8333333333333
497.5 -715.8333333333334
505.8333333333333 -735.8333333333333
499.16666666666663 -720.0000000000001
505.8333333333333 -735.8333333333333
499.16666666666663 -720.0000000000001
500.0 -722.5
499.16666666666663 -720.0000000000001
505.8333333333333 -735.8333333333333
505.8333333333333 -735.8333333333333
497.5 -715.8333333333334
501.66666666666663 -726.6666666666667
500.0 -722.5
499.16666666666663 -720.0000000000001
499.16666666666663 -720.0000000000001
497.5 -715.8333333333334
497.5 -715.8333333333334
499.16666666666663 -720.0000000000001
499.16666666666663 -720.0000000000001
501.66666666666663 -726.6666666666667
497.5 -715.8333333333334
500.0 -722.5
500.0 -722.5
501.66666666666663 -726.6666666666667
499.16666666666663 -720.0000000000001
504.1666666666667 -734.1666666666666
500.0 -722.5
497.5 -715.8333333333334
501.66666666666663 -726.6666666666667
501.66666666666663 -726.6666666666667
499.16666666666663 -720.0000000000001
499.16666666666663 -720.0000000000001
497.5 -715.8333333333334
499.16666666666663 -720.0000000000001
501.66666666666663 -726.6666666666667
500.0 -722.5
499.16666666666663 -720.0000000000001
501.66666666666663 -726.6666666666667
501.66666666666663 -726.6666666666667
501.66666666666663 -726.6666666666667
501.66666666666663 -726.6666666666667
501.66666666666663 -726.6666666666667
501.66666666666663 -726.6666666666667
505.8333333333333 -735.8333333333333
505.8333333333333 -735.8333333333333
501.66666666666663 -726.6666666666667
497.5 -715.8333333333334
499.16666666666663 -720.0000000000001
500.0 -722.5
501.66666666666663 -726.6666666666667
497.5 -715.8333333333334
505.8333333333333 -735.8333333333333
505.8333333333333 -735.8333333333333
497.5 -715.8333333333334
501.66666666666663 -726.6666666666667
505.8333333333333 -735.8333333333333
498.33333333333337 -717.5000000000001
500.0 -722.5
499.16666666666663 -720.0000000000001
497.5 -715.8333333333334
501.66666666666663 -726.6666666666667
499.16666666666663 -720.0000000000001
500.0 -722.5
500.0 -722.5
499.16666666666663 -720.0000000000001
500.0 -722.5
500.0 -722.5
500.0 -722.5
500.0 -722.5
501.66666666666663 -726.6666666666667
501.66666666666663 -726.6666666666667
501.66666666666663 -726.6666666666667
500.0 -722.5
500.0 -722.5
500.0 -722.5
497.5 -715.8333333333334
499.16666666666663 -720.0000000000001
500.0 -722.5
500.0 -722.5
501.66666666666663 -726.6666666666667
501.66666666666663 -726.6666666666667
500.0 -722.5
500.0 -722.5
501.66666666666663 -726.6666666666667
501.66666666666663 -726.6666666666667
501.66666666666663 -726.6666666666667
497.5 -715.8333333333334
505.8333333333333 -735.8333333333333
501.66666666666663 -726.6666666666667
498.33333333333337 -717.5000000000001
497.5 -715.8333333333334
500.0 -722.5
497.5 -715.8333333333334
501.66666666666663 -726.6666666666667
500.0 -722.5
