515.0 -746.6666666666667
515.0 -746.6666666666667
499.16666666666663 -721.6666666666667
507.5 -740.0
500.8333333333333 -725.8333333333334
510.0 -741.6666666666666
510.83333333333337 -743.3333333333333
504.1666666666667 -734.1666666666666
502.5 -730.0
506.6666666666667 -737.5
501.66666666666663 -728.3333333333334
503.3333333333333 -732.5
511.6666666666667 -744.1666666666667
506.6666666666667 -737.5
504.1666666666667 -734.1666666666666
510.0 -741.6666666666666
503.3333333333333 -732.5
507.5 -740.0
501.66666666666663 -728.3333333333334
502.5 -730.0
511.6666666666667 -744.1666666666667
515.0 -746.6666666666667
506.6666666666667 -737.5
504.1666666666667 -734.1666666666666
507.5 -740.0
511.6666666666667 -744.1666666666667
515.0 -746.6666666666667
506.6666666666667 -737.5
504.1666666666667 -734.1666666666666
511.6666666666667 -744.1666666666667
511.6666666666667 -744.1666666666667
506.6666666666667 -737.5
504.1666666666667 -734.1666666666666
506.6666666666667 -737.5
515.0 -746.6666666666667
507.5 -740.0
507.5 -740.0
506.6666666666667 -737.5
503.3333333333333 -732.5
497.5 -717.5000000000001
506.6666666666667 -737.5
503.3333333333333 -732.5
500.0 -724.1666666666667
503.3333333333333 -732.5
512.5 -745.8333333333334
511.6666666666667 -744.1666666666667
506.6666666666667 -737.5
507.5 -740.0
510.0 -741.6666666666666
502.5 -730.0
511.6666666666667 -744.1666666666667
510.0 -741.6666666666666
510.0 -741.6666666666666
507.5 -740.0
500.0 -724.1666666666667
506.6666666666667 -737.5
511.6666666666667 -744.1666666666667
503.3333333333333 -732.5
502.5 -730.0
503.3333333333333 -732.5
510.0 -741.6666666666666
510.83333333333337 -743.3333333333333
506.6666666666667 -737.5
506.6666666666667 -737.5
510.0 -741.6666666666666
503.3333333333333 -732.5
510.0 -741.6666666666666
503.3333333333333 -732.5
506.6666666666667 -737.5
503.3333333333333 -732.5
506.6666666666667 -737.5
503.3333333333333 -732.5
500.0 -724.1666666666667
506.6666666666667 -737.5
506.6666666666667 -737.5
506.6666666666667 -737.5
510.0 -741.6666666666666
503.3333333333333 -732.5
503.3333333333333 -732.5
504.1666666666667 -734.1666666666666
506.6666666666667 -737.5
504.1666666666667 -734.1666666666666
503.3333333333333 -732.5
502.5 -730.0
503.3333333333333 -732.5
510.0 -741.6666666666666
503.3333333333333 -732.5
510.0 -741.6666666666666
502.5 -730.0
506.6666666666667 -737.5
503.3333333333333 -732.5
511.6666666666667 -744.1666666666667
502.5 -730.0
510.0 -741.6666666666666
503.3333333333333 -732.5
503.3333333333333 -732.5
503.3333333333333 -732.5
506.6666666666667 -737.5
504.1666666666667 -734.1666666666666
500.0 -724.1666666666667
506.6666666666667 -737.5
510.0 -741.6666666666666
506.6666666666667 -737.5
515.8333333333333 -747.5
505.0 -736.6666666666667
503.3333333333333 -732.5
504.1666666666667 -734.1666666666666
510.0 -741.6666666666666
507.5 -740.0
515.0 -746.6666666666667
506.6666666666667 -737.5
510.0 -741.6666666666666
507.5 -740.0
500.0 -724.1666666666667
