497.5 -717.5000000000001
516.6666666666667 -748.3333333333333
497.5 -717.5000000000001
511.6666666666667 -746.6666666666667
510.00000000000006 -743.3333333333334
515.8333333333333 -747.5
501.66666666666663 -729.1666666666667
499.16666666666663 -721.6666666666667
499.16666666666663 -721.6666666666667
500.8333333333333 -725.8333333333334
504.1666666666667 -735.8333333333333
505.8333333333333 -738.3333333333334
500.0 -724.1666666666667
500.0 -724.1666666666667
505.8333333333333 -738.3333333333334
505.0 -736.6666666666667
500.8333333333333 -725.8333333333334
504.1666666666667 -735.8333333333333
505.0 -736.6666666666667
497.5 -717.5000000000001
499.16666666666663 -721.6666666666667
500.0 -724.1666666666667
500.8333333333333 -725.8333333333334
505.0 -736.6666666666667
497.5 -717.5000000000001
499.16666666666663 -721.6666666666667
500.0 -724.1666666666667
500.8333333333333 -725.8333333333334
505.0 -736.6666666666667
499.16666666666663 -721.6666666666667
500.0 -724.1666666666667
500.8333333333333 -725.8333333333334
505.0 -736.6666666666667
500.0 -724.1666666666667
500.8333333333333 -725.8333333333334
505.0 -736.6666666666667
500.0 -724.1666666666667
500.8333333333333 -725.8333333333334
505.0 -736.6666666666667
500.0 -724.1666666666667
500.0 -724.1666666666667
500.0 -724.1666666666667
500.0 -724.1666666666667
500.0 -724.1666666666667
500.8333333333333 -725.8333333333334
500.0 -724.1666666666667
500.0 -724.1666666666667
500.0 -724.1666666666667
500.0 -724.1666666666667
500.0 -724.1666666666667
500.0 -724.1666666666667
500.0 -724.1666666666667
500.0 -724.1666666666667
500.0 -724.1666666666667
500.0 -724.1666666666667
505.0 -736.6666666666667
500.0 -724.1666666666667
500.0 -724.1666666666667
500.8333333333333 -725.8333333333334
505.0 -736.6666666666667
500.0 -724.1666666666667
505.0 -736.6666666666667
505.0 -736.6666666666667
500.0 -724.1666666666667
505.0 -736.6666666666667
505.0 -736.6666666666667
500.0 -724.1666666666667
505.0 -736.6666666666667
505.0 -736.6666666666667
497.5 -717.5000000000001
505.0 -736.6666666666667
500.0 -724.1666666666667
505.0 -736.6666666666667
500.0 -724.1666666666667
505.0 -736.6666666666667
499.16666666666663 -721.6666666666667
507.5 -741.6666666666666
500.0 -724.1666666666667
500.0 -724.1666666666667
505.0 -736.6666666666667
505.0 -736.6666666666667
500.0 -724.1666666666667
505.0 -736.6666666666667
500.0 -724.1666666666667
500.0 -724.1666666666667
500.0 -724.1666666666667
502.5 -731.6666666666666
509.16666666666663 -741.6666666666667
500.0 -724.1666666666667
500.0 -724.1666666666667
500.0 -724.1666666666667
505.0 -736.6666666666667
505.0 -736.6666666666667
503.3333333333333 -733.3333333333334
500.0 -724.1666666666667
500.0 -724.1666666666667
505.0 -736.6666666666667
501.66666666666663 -729.1666666666667
500.0 -724.1666666666667
505.0 -736.6666666666667
497.5 -717.5000000000001
505.0 -736.6666666666667
500.0 -724.1666666666667
505.0 -736.6666666666667
500.0 -724.1666666666667
500.8333333333333 -725.8333333333334
501.66666666666663 -729.1666666666667
500.0 -724.1666666666667
500.0 -724.1666666666667
505.0 -736.6666666666667
500.0 -724.1666666666667
505.0 -736.6666666666667
500.8333333333333 -725.8333333333334
499.16666666666663 -721.6666666666667
500.0 -724.1666666666667
499.16666666666663 -721.6666666666667
499.16666666666663 -721.6666666666667
497.5 -717.5000000000001
500.8333333333333 -725.8333333333334
505.0 -736.6666666666667
505.0 -736.6666666666667
500.8333333333333 -725.8333333333334
505.0 -736.6666666666667
497.5 -717.5000000000001
505.0 -736.6666666666667
500.0 -724.1666666666667
500.0 -724.1666666666667
497.5 -717.5000000000001
500.0 -724.1666666666667
500.0 -724.1666666666667
500.0 -724.1666666666667
498.33333333333337 -719.1666666666667
500.0 -724.1666666666667
500.0 -724.1666666666667
500.0 -724.1666666666667
505.0 -736.6666666666667
503.3333333333333 -733.3333333333334
505.0 -736.6666666666667
497.5 -717.5000000000001
497.5 -717.5000000000001
