497.5 -718.3333333333334
514.1666666666667 -750.0000000000001
514.1666666666667 -750.0000000000001
497.5 -718.3333333333334
503.3333333333333 -736.6666666666666
500.83333333333337 -730.0
500.0 -729.1666666666667
511.66666666666663 -746.6666666666667
507.5 -742.5
504.1666666666667 -738.3333333333333
505.0 -739.1666666666667
499.1666666666667 -724.1666666666666
498.33333333333337 -719.1666666666667
501.66666666666663 -733.3333333333333
505.0 -739.1666666666667
509.16666666666663 -742.5000000000001
507.5 -742.5
502.5 -734.1666666666665
511.6666666666667 -748.3333333333334
512.5 -749.1666666666666
510.0 -745.0
499.16666666666663 -722.5
510.0 -745.0
499.1666666666667 -724.1666666666666
509.1666666666667 -744.1666666666667
499.16666666666663 -722.5
512.5 -749.1666666666666
498.33333333333337 -719.1666666666667
500.0 -729.1666666666667
502.5 -734.1666666666665
501.66666666666663 -733.3333333333333
509.1666666666667 -744.1666666666667
509.16666666666663 -742.5000000000001
497.5 -718.3333333333334
505.0 -739.1666666666667
507.5 -742.5
499.1666666666667 -724.1666666666666
499.16666666666663 -722.5
512.5 -749.1666666666666
498.33333333333337 -719.1666666666667
500.0 -729.1666666666667
502.5 -734.1666666666665
501.66666666666663 -733.3333333333333
509.1666666666667 -744.1666666666667
509.16666666666663 -742.5000000000001
497.5 -718.3333333333334
505.0 -739.1666666666667
507.5 -742.5
499.1666666666667 -724.1666666666666
499.16666666666663 -722.5
498.33333333333337 -719.1666666666667
502.5 -734.1666666666665
509.1666666666667 -744.1666666666667
509.16666666666663 -742.5000000000001
497.5 -718.3333333333334
505.0 -739.1666666666667
507.5 -742.5
499.1666666666667 -724.1666666666666
499.16666666666663 -722.5
498.33333333333337 -719.1666666666667
502.5 -734.1666666666665
509.1666666666667 -744.1666666666667
509.16666666666663 -742.5000000000001
497.5 -718.3333333333334
505.0 -739.1666666666667
507.5 -742.5
499.1666666666667 -724.1666666666666
499.16666666666663 -722.5
498.33333333333337 -719.1666666666667
509.1666666666667 -744.1666666666667
509.16666666666663 -742.5000000000001
497.5 -718.3333333333334
505.0 -739.1666666666667
507.5 -742.5
499.1666666666667 -724.1666666666666
499.16666666666663 -722.5
498.33333333333337 -719.1666666666667
509.1666666666667 -744.1666666666667
497.5 -718.3333333333334
505.0 -739.1666666666667
507.5 -742.5
499.1666666666667 -724.1666666666666
499.16666666666663 -722.5
498.33333333333337 -719.1666666666667
509.1666666666667 -744.1666666666667
497.5 -718.3333333333334
505.0 -739.1666666666667
507.5 -742.5
499.1666666666667 -724.1666666666666
499.16666666666663 -722.5
498.33333333333337 -719.1666666666667
509.1666666666667 -744.1666666666667
497.5 -718.3333333333334
505.0 -739.1666666666667
507.5 -742.5
499.1666666666667 -724.1666666666666
499.16666666666663 -722.5
498.33333333333337 -719.1666666666667
509.1666666666667 -744.1666666666667
497.5 -718.3333333333334
505.0 -739.1666666666667
507.5 -742.5
499.1666666666667 -724.1666666666666
499.16666666666663 -722.5
498.33333333333337 -719.1666666666667
497.5 -718.3333333333334
505.0 -739.1666666666667
507.5 -742.5
499.1666666666667 -724.1666666666666
499.16666666666663 -722.5
498.33333333333337 -719.1666666666667
497.5 -718.3333333333334
505.0 -739.1666666666667
499.1666666666667 -724.1666666666666
499.16666666666663 -722.5
498.33333333333337 -719.1666666666667
497.5 -718.3333333333334
505.0 -739.1666666666667
499.16666666666663 -722.5
498.33333333333337 -719.1666666666667
497.5 -718.3333333333334
505.0 -739.1666666666667
499.16666666666663 -722.5
498.33333333333337 -719.1666666666667
497.5 -718.3333333333334
505.0 -739.1666666666667
499.16666666666663 -722.5
498.33333333333337 -719.1666666666667
497.5 -718.3333333333334
505.0 -739.1666666666667
499.16666666666663 -722.5
498.33333333333337 -719.1666666666667
499.16666666666663 -722.5
498.33333333333337 -719.1666666666667
498.33333333333337 -719.1666666666667
499.16666666666663 -722.5
499.16666666666663 -722.5
499.16666666666663 -722.5
497.5 -718.3333333333334
499.16666666666663 -722.5
499.16666666666663 -722.5
499.16666666666663 -722.5
499.16666666666663 -722.5
499.16666666666663 -722.5
497.5 -718.3333333333334
497.5 -718.3333333333334
498.33333333333337 -719.1666666666667
499.16666666666663 -722.5
499.16666666666663 -722.5
499.16666666666663 -722.5
498.33333333333337 -719.1666666666667
497.5 -718.3333333333334
499.16666666666663 -722.5
499.16666666666663 -722.5
499.16666666666663 -722.5
505.0 -739.1666666666667
497.5 -718.3333333333334
497.5 -718.3333333333334
499.16666666666663 -722.5
499.16666666666663 -722.5
497.5 -718.3333333333334
497.5 -718.3333333333334
499.16666666666663 -722.5
499.16666666666663 -722.5
499.16666666666663 -722.5
497.5 -718.3333333333334
499.16666666666663 -722.5
499.16666666666663 -722.5
497.5 -718.3333333333334
499.16666666666663 -722.5
497.5 -718.3333333333334
499.16666666666663 -722.5
497.5 -718.3333333333334
497.5 -718.3333333333334
499.16666666666663 -722.5
498.33333333333337 -719.1666666666667
499.16666666666663 -722.5
497.5 -718.3333333333334
499.16666666666663 -722.5
497.5 -718.3333333333334
505.0 -739.1666666666667
497.5 -718.3333333333334
499.16666666666663 -722.5
497.5 -718.3333333333334
499.16666666666663 -722.5
497.5 -718.3333333333334
498.33333333333337 -719.1666666666667
498.33333333333337 -719.1666666666667
499.16666666666663 -722.5
499.16666666666663 -722.5
499.16666666666663 -722.5
505.0 -739.1666666666667
505.0 -739.1666666666667
498.33333333333337 -719.1666666666667
499.16666666666663 -722.5
505.0 -739.1666666666667
498.33333333333337 -719.1666666666667
497.5 -718.3333333333334
499.16666666666663 -722.5
505.0 -739.1666666666667
