497.5 -720.8333333333334
497.5 -720.8333333333334
516.6666666666666 -757.5000000000001
499.16666666666663 -725.0
502.49999999999994 -736.6666666666666
514.1666666666667 -754.1666666666667
500.0 -730.0
499.16666666666663 -725.0
515.8333333333333 -755.0
500.8333333333333 -730.8333333333334
501.66666666666663 -734.1666666666666
501.66666666666663 -734.1666666666666
510.8333333333333 -748.3333333333335
510.0 -748.3333333333334
503.3333333333333 -738.3333333333334
509.1666666666667 -747.5000000000001
513.3333333333333 -752.5
513.3333333333333 -752.5
500.0 -730.0
500.8333333333333 -730.8333333333334
509.1666666666667 -747.5000000000001
503.3333333333333 -738.3333333333334
515.8333333333333 -755.0
504.1666666666667 -739.1666666666667
510.8333333333333 -748.3333333333335
504.16666666666663 -739.1666666666666
504.1666666666667 -739.1666666666667
504.16666666666663 -739.1666666666666
497.5 -720.8333333333334
499.16666666666663 -725.0
501.66666666666663 -734.1666666666666
515.8333333333333 -755.0
513.3333333333333 -752.5
500.0 -730.0
509.1666666666667 -747.5000000000001
503.3333333333333 -738.3333333333334
510.8333333333333 -748.3333333333335
504.1666666666667 -739.1666666666667
504.16666666666663 -739.1666666666666
497.5 -720.8333333333334
515.8333333333333 -755.0
499.16666666666663 -725.0
501.66666666666663 -734.1666666666666
513.3333333333333 -752.5
500.0 -730.0
509.1666666666667 -747.5000000000001
503.3333333333333 -738.3333333333334
510.8333333333333 -748.3333333333335
504.1666666666667 -739.1666666666667
504.16666666666663 -739.1666666666666
497.5 -720.8333333333334
515.8333333333333 -755.0
499.16666666666663 -725.0
501.66666666666663 -734.1666666666666
513.3333333333333 -752.5
500.0 -730.0
503.3333333333333 -738.3333333333334
510.8333333333333 -748.3333333333335
504.1666666666667 -739.1666666666667
504.16666666666663 -739.1666666666666
515.8333333333333 -755.0
499.16666666666663 -725.0
501.66666666666663 -734.1666666666666
513.3333333333333 -752.5
500.0 -730.0
510.8333333333333 -748.3333333333335
503.3333333333333 -738.3333333333334
504.1666666666667 -739.1666666666667
504.16666666666663 -739.1666666666666
515.8333333333333 -755.0
499.16666666666663 -725.0
513.3333333333333 -752.5
500.0 -730.0
510.8333333333333 -748.3333333333335
503.3333333333333 -738.3333333333334
501.66666666666663 -734.1666666666666
504.1666666666667 -739.1666666666667
515.8333333333333 -755.0
499.16666666666663 -725.0
513.3333333333333 -752.5
500.0 -730.0
510.8333333333333 -748.3333333333335
503.3333333333333 -738.3333333333334
501.66666666666663 -734.1666666666666
504.1666666666667 -739.1666666666667
499.16666666666663 -725.0
513.3333333333333 -752.5
500.0 -730.0
510.8333333333333 -748.3333333333335
503.3333333333333 -738.3333333333334
501.66666666666663 -734.1666666666666
504.1666666666667 -739.1666666666667
499.16666666666663 -725.0
513.3333333333333 -752.5
500.0 -730.0
510.8333333333333 -748.3333333333335
503.3333333333333 -738.3333333333334
501.66666666666663 -734.1666666666666
504.1666666666667 -739.1666666666667
499.16666666666663 -725.0
513.3333333333333 -752.5
500.0 -730.0
510.8333333333333 -748.3333333333335
503.3333333333333 -738.3333333333334
501.66666666666663 -734.1666666666666
504.1666666666667 -739.1666666666667
513.3333333333333 -752.5
500.0 -730.0
510.8333333333333 -748.3333333333335
501.66666666666663 -734.1666666666666
503.3333333333333 -738.3333333333334
510.8333333333333 -748.3333333333335
509.1666666666667 -747.5000000000001
510.8333333333333 -748.3333333333335
510.8333333333333 -748.3333333333335
507.5 -745.8333333333334
497.5 -720.8333333333334
499.16666666666663 -725.0
515.8333333333333 -755.0
510.8333333333333 -748.3333333333335
510.8333333333333 -748.3333333333335
503.3333333333333 -738.3333333333334
499.16666666666663 -725.0
501.66666666666663 -734.1666666666666
500.8333333333333 -730.8333333333334
513.3333333333333 -752.5
505.83333333333337 -743.3333333333335
499.16666666666663 -725.0
500.0 -730.0
511.6666666666667 -751.6666666666667
510.8333333333333 -748.3333333333335
510.8333333333333 -748.3333333333335
513.3333333333333 -752.5
510.8333333333333 -748.3333333333335
515.8333333333333 -755.0
515.8333333333333 -755.0
513.3333333333333 -752.5
505.0 -741.6666666666667
509.1666666666667 -747.5000000000001
514.1666666666666 -753.3333333333334
513.3333333333333 -752.5
513.3333333333333 -752.5
510.8333333333333 -748.3333333333335
516.6666666666666 -757.5000000000001
515.8333333333333 -755.0
500.0 -730.0
