497.5 -720.8333333333334
497.5 -720.8333333333334
516.6666666666666 -757.5000000000001
499.16666666666663 -725.0
502.49999999999994 -736.6666666666666
514.1666666666667 -754.1666666666667
500.0 -730.0
499.16666666666663 -725.0
503.3333333333333 -738.3333333333334
509.1666666666667 -747.5000000000001
500.0 -730.0
509.1666666666667 -747.5000000000001
503.3333333333333 -738.3333333333334
504.1666666666667 -739.1666666666667
504.16666666666663 -739.1666666666666
504.1666666666667 -739.1666666666667
504.16666666666663 -739.1666666666666
497.5 -720.8333333333334
499.16666666666663 -725.0
500.0 -730.0
509.1666666666667 -747.5000000000001
503.3333333333333 -738.3333333333334
504.1666666666667 -739.1666666666667
504.16666666666663 -739.1666666666666
497.5 -720.8333333333334
499.16666666666663 -725.0
500.0 -730.0
509.1666666666667 -747.5000000000001
503.3333333333333 -738.3333333333334
504.1666666666667 -739.1666666666667
504.16666666666663 -739.1666666666666
497.5 -720.8333333333334
499.16666666666663 -725.0
500.0 -730.0
503.3333333333333 -738.3333333333334
504.1666666666667 -739.1666666666667
504.16666666666663 -739.1666666666666
499.16666666666663 -725.0
500.0 -730.0
503.3333333333333 -738.3333333333334
504.1666666666667 -739.1666666666667
504.16666666666663 -739.1666666666666
499.16666666666663 -725.0
500.0 -730.0
503.3333333333333 -738.3333333333334
504.1666666666667 -739.1666666666667
499.16666666666663 -725.0
500.0 -730.0
503.3333333333333 -738.3333333333334
504.1666666666667 -739.1666666666667
499.16666666666663 -725.0
500.0 -730.0
503.3333333333333 -738.3333333333334
504.1666666666667 -739.1666666666667
499.16666666666663 -725.0
500.0 -730.0
503.3333333333333 -738.3333333333334
504.1666666666667 -739.1666666666667
499.16666666666663 -725.0
500.0 -730.0
503.3333333333333 -738.3333333333334
504.1666666666667 -739.1666666666667
500.0 -730.0
503.3333333333333 -738.3333333333334
509.1666666666667 -747.5000000000001
507.5 -745.8333333333334
497.5 -720.8333333333334
499.16666666666663 -725.0
503.3333333333333 -738.3333333333334
499.16666666666663 -725.0
505.83333333333337 -743.3333333333335
499.16666666666663 -725.0
500.0 -730.0
511.6666666666667 -751.6666666666667
505.0 -741.6666666666667
509.1666666666667 -747.5000000000001
516.6666666666666 -757.5000000000001
500.0 -730.0
511.66666666666663 -749.1666666666667
505.0 -741.6666666666667
509.1666666666667 -747.5000000000001
497.5 -720.8333333333334
513.3333333333333 -753.3333333333334
503.3333333333333 -738.3333333333334
516.6666666666666 -757.5000000000001
497.5 -720.8333333333334
509.1666666666667 -747.5000000000001
505.83333333333337 -743.3333333333335
500.0 -730.0
500.0 -730.0
504.1666666666667 -739.1666666666667
511.6666666666667 -751.6666666666667
497.5 -720.8333333333334
500.0 -730.0
507.5 -745.8333333333334
504.16666666666663 -739.1666666666666
510.0 -748.3333333333335
516.6666666666666 -757.5000000000001
504.1666666666667 -739.1666666666667
508.3333333333333 -746.6666666666666
499.16666666666663 -725.0
503.3333333333333 -738.3333333333334
500.0 -730.0
504.1666666666667 -739.1666666666667
503.3333333333333 -738.3333333333334
500.8333333333333 -732.5
504.16666666666663 -739.1666666666666
504.16666666666663 -739.1666666666666
500.0 -730.0
503.3333333333333 -738.3333333333334
509.1666666666667 -747.5000000000001
508.3333333333333 -746.6666666666666
503.3333333333333 -738.3333333333334
504.16666666666663 -739.1666666666666
500.0 -730.0
500.0 -730.0
504.16666666666663 -739.1666666666666
500.8333333333333 -732.5
500.0 -730.0
501.66666666666663 -734.9999999999999
503.3333333333333 -738.3333333333334
502.49999999999994 -736.6666666666666
503.3333333333333 -738.3333333333334
505.83333333333337 -743.3333333333335
500.0 -730.0
504.1666666666667 -739.1666666666667
498.3333333333333 -721.6666666666667
503.3333333333333 -738.3333333333334
504.16666666666663 -739.1666666666666
503.3333333333333 -738.3333333333334
510.8333333333333 -749.1666666666666
500.0 -730.0
509.1666666666667 -747.5000000000001
504.1666666666667 -739.1666666666667
499.16666666666663 -725.0
508.3333333333333 -746.6666666666666
499.99999999999994 -727.5
512.5 -752.5
505.8333333333333 -742.5000000000001
499.16666666666663 -725.0
500.0 -730.0
515.8333333333333 -755.8333333333335
507.5 -745.8333333333334
503.3333333333333 -738.3333333333334
505.83333333333337 -743.3333333333335
502.49999999999994 -736.6666666666666
510.0 -748.3333333333335
505.0 -741.6666666666667
500.0 -730.0
502.49999999999994 -736.6666666666666
497.5 -720.8333333333334
501.66666666666663 -734.9999999999999
510.0 -748.3333333333335
503.3333333333333 -738.3333333333334
504.16666666666663 -739.1666666666666
512.5 -752.5
503.3333333333333 -738.3333333333334
503.3333333333333 -738.3333333333334
509.1666666666667 -747.5000000000001
504.16666666666663 -739.1666666666666
503.3333333333333 -738.3333333333334
499.16666666666663 -725.0
504.16666666666663 -739.1666666666666
503.3333333333333 -738.3333333333334
503.3333333333333 -738.3333333333334
500.8333333333333 -732.5
