497.5 -720.8333333333334
516.6666666666666 -757.5000000000001
497.5 -720.8333333333334
516.6666666666666 -757.5000000000001
515.8333333333333 -755.8333333333335
498.3333333333333 -723.3333333333334
514.1666666666667 -754.1666666666667
511.66666666666663 -751.6666666666667
499.99999999999994 -727.5
500.8333333333333 -732.5
505.0 -741.6666666666667
500.8333333333333 -732.5
507.5 -745.8333333333334
501.66666666666663 -734.9999999999999
505.83333333333337 -743.3333333333335
507.5 -745.8333333333334
501.66666666666663 -734.9999999999999
502.49999999999994 -736.6666666666666
499.99999999999994 -727.5
505.83333333333337 -743.3333333333335
513.3333333333333 -753.3333333333334
508.3333333333333 -746.6666666666666
509.1666666666667 -747.5000000000001
509.1666666666667 -747.5000000000001
512.5 -752.5
505.0 -741.6666666666667
502.49999999999994 -736.6666666666666
503.33333333333326 -737.5
505.8333333333333 -742.5000000000001
510.0 -748.3333333333335
508.3333333333333 -746.6666666666666
513.3333333333333 -753.3333333333334
512.5 -752.5
510.0 -748.3333333333335
503.33333333333326 -737.5
505.8333333333333 -742.5000000000001
497.5 -720.8333333333334
516.6666666666666 -757.5000000000001
500.8333333333333 -732.5
507.5 -745.8333333333334
501.66666666666663 -734.9999999999999
505.83333333333337 -743.3333333333335
509.1666666666667 -747.5000000000001
505.0 -741.6666666666667
502.49999999999994 -736.6666666666666
508.3333333333333 -746.6666666666666
513.3333333333333 -753.3333333333334
512.5 -752.5
510.0 -748.3333333333335
505.8333333333333 -742.5000000000001
497.5 -720.8333333333334
516.6666666666666 -757.5000000000001
500.8333333333333 -732.5
501.66666666666663 -734.9999999999999
505.83333333333337 -743.3333333333335
509.1666666666667 -747.5000000000001
505.0 -741.6666666666667
502.49999999999994 -736.6666666666666
508.3333333333333 -746.6666666666666
513.3333333333333 -753.3333333333334
512.5 -752.5
510.0 -748.3333333333335
497.5 -720.8333333333334
516.6666666666666 -757.5000000000001
500.8333333333333 -732.5
505.83333333333337 -743.3333333333335
509.1666666666667 -747.5000000000001
502.49999999999994 -736.6666666666666
505.0 -741.6666666666667
508.3333333333333 -746.6666666666666
513.3333333333333 -753.3333333333334
497.5 -720.8333333333334
509.1666666666667 -747.5000000000001
497.5 -720.8333333333334
509.1666666666667 -747.5000000000001
497.5 -720.8333333333334
509.1666666666667 -747.5000000000001
497.5 -720.8333333333334
509.1666666666667 -747.5000000000001
497.5 -720.8333333333334
509.1666666666667 -747.5000000000001
516.6666666666666 -757.5000000000001
505.0 -741.6666666666667
509.1666666666667 -747.5000000000001
509.1666666666667 -747.5000000000001
505.83333333333337 -743.3333333333335
509.1666666666667 -747.5000000000001
500.8333333333333 -732.5
502.49999999999994 -736.6666666666666
509.1666666666667 -747.5000000000001
503.3333333333333 -739.1666666666666
505.83333333333337 -743.3333333333335
509.1666666666667 -747.5000000000001
502.49999999999994 -736.6666666666666
505.8333333333333 -742.5000000000001
505.0 -741.6666666666667
509.1666666666667 -747.5000000000001
497.5 -720.8333333333334
505.0 -741.6666666666667
498.3333333333333 -723.3333333333334
516.6666666666666 -757.5000000000001
509.1666666666667 -747.5000000000001
505.0 -741.6666666666667
503.33333333333326 -737.5
515.8333333333333 -755.8333333333335
513.3333333333333 -753.3333333333334
502.49999999999994 -736.6666666666666
508.3333333333333 -746.6666666666666
516.6666666666666 -757.5000000000001
504.16666666666663 -740.0
500.0 -730.0000000000001
516.6666666666666 -757.5000000000001
505.8333333333333 -742.5000000000001
505.0 -741.6666666666667
505.0 -741.6666666666667
502.49999999999994 -736.6666666666666
515.0 -755.0
505.83333333333337 -743.3333333333335
509.1666666666667 -747.5000000000001
510.0 -748.3333333333335
497.5 -720.8333333333334
503.3333333333333 -739.1666666666666
508.3333333333333 -746.6666666666666
509.1666666666667 -747.5000000000001
509.1666666666667 -747.5000000000001
510.0 -748.3333333333335
512.5 -752.5
505.83333333333337 -743.3333333333335
501.66666666666663 -734.9999999999999
502.49999999999994 -736.6666666666666
500.0 -730.0000000000001
497.5 -720.8333333333334
509.1666666666667 -747.5000000000001
505.83333333333337 -743.3333333333335
505.8333333333333 -742.5000000000001
507.5 -745.8333333333334
499.99999999999994 -727.5
510.0 -748.3333333333335
499.16666666666663 -725.8333333333334
502.49999999999994 -736.6666666666666
507.5 -745.8333333333334
515.0 -755.0
503.33333333333326 -737.5
499.16666666666663 -725.8333333333334
510.8333333333333 -750.8333333333334
510.0 -748.3333333333335
512.5 -752.5
510.0 -748.3333333333335
497.5 -720.8333333333334
497.5 -720.8333333333334
509.1666666666667 -747.5000000000001
512.5 -752.5
509.1666666666667 -747.5000000000001
510.0 -748.3333333333335
499.99999999999994 -727.5
505.8333333333333 -742.5000000000001
512.5 -752.5
516.6666666666666 -757.5000000000001
512.5 -752.5
510.0 -748.3333333333335
509.1666666666667 -747.5000000000001
500.8333333333333 -732.5
513.3333333333333 -753.3333333333334
510.8333333333333 -750.8333333333334
505.0 -741.6666666666667
516.6666666666666 -757.5000000000001
500.0 -730.0000000000001
505.83333333333337 -743.3333333333335
510.0 -748.3333333333335
509.1666666666667 -747.5000000000001
512.5 -752.5
510.0 -748.3333333333335
510.0 -748.3333333333335
509.1666666666667 -747.5000000000001
505.83333333333337 -743.3333333333335
498.3333333333333 -723.3333333333334
498.3333333333333 -723.3333333333334
497.5 -720.8333333333334
