497.5 -720.8333333333335
516.6666666666666 -758.3333333333335
516.6666666666666 -758.3333333333335
498.3333333333333 -724.1666666666666
500.8333333333333 -733.3333333333333
514.1666666666667 -755.0
502.49999999999994 -737.5
501.66666666666663 -734.9999999999999
499.16666666666663 -725.8333333333334
500.0 -730.0000000000001
499.99999999999994 -728.3333333333333
500.0 -730.0000000000001
503.3333333333333 -739.1666666666666
504.16666666666663 -740.8333333333334
499.16666666666663 -725.8333333333334
504.16666666666663 -740.8333333333334
502.49999999999994 -737.5
501.66666666666663 -734.9999999999999
503.3333333333333 -739.1666666666666
505.0 -742.5
499.99999999999994 -728.3333333333333
513.3333333333333 -754.1666666666667
505.0 -742.5
512.5 -753.3333333333334
512.5 -753.3333333333334
513.3333333333333 -754.1666666666667
516.6666666666666 -758.3333333333335
501.66666666666663 -734.9999999999999
499.16666666666663 -725.8333333333334
502.49999999999994 -737.5
503.3333333333333 -739.1666666666666
500.0 -730.0000000000001
499.99999999999994 -728.3333333333333
505.0 -742.5
512.5 -753.3333333333334
513.3333333333333 -754.1666666666667
516.6666666666666 -758.3333333333335
501.66666666666663 -734.9999999999999
499.16666666666663 -725.8333333333334
502.49999999999994 -737.5
503.3333333333333 -739.1666666666666
500.0 -730.0000000000001
499.99999999999994 -728.3333333333333
505.0 -742.5
512.5 -753.3333333333334
513.3333333333333 -754.1666666666667
516.6666666666666 -758.3333333333335
501.66666666666663 -734.9999999999999
499.16666666666663 -725.8333333333334
502.49999999999994 -737.5
503.3333333333333 -739.1666666666666
500.0 -730.0000000000001
505.0 -742.5
512.5 -753.3333333333334
513.3333333333333 -754.1666666666667
516.6666666666666 -758.3333333333335
501.66666666666663 -734.9999999999999
499.16666666666663 -725.8333333333334
502.49999999999994 -737.5
503.3333333333333 -739.1666666666666
500.0 -730.0000000000001
505.0 -742.5
512.5 -753.3333333333334
513.3333333333333 -754.1666666666667
516.6666666666666 -758.3333333333335
499.16666666666663 -725.8333333333334
501.66666666666663 -734.9999999999999
513.3333333333333 -754.1666666666667
502.49999999999994 -737.5
503.3333333333333 -739.1666666666666
500.0 -730.0000000000001
505.0 -742.5
512.5 -753.3333333333334
516.6666666666666 -758.3333333333335
501.66666666666663 -734.9999999999999
513.3333333333333 -754.1666666666667
502.49999999999994 -737.5
503.3333333333333 -739.1666666666666
500.0 -730.0000000000001
505.0 -742.5
512.5 -753.3333333333334
516.6666666666666 -758.3333333333335
501.66666666666663 -734.9999999999999
513.3333333333333 -754.1666666666667
502.49999999999994 -737.5
503.3333333333333 -739.1666666666666
500.0 -730.0000000000001
505.0 -742.5
512.5 -753.3333333333334
516.6666666666666 -758.3333333333335
501.66666666666663 -734.9999999999999
502.49999999999994 -737.5
503.3333333333333 -739.1666666666666
500.0 -730.0000000000001
505.0 -742.5
512.5 -753.3333333333334
516.6666666666666 -758.3333333333335
513.3333333333333 -754.1666666666667
512.5 -753.3333333333334
516.6666666666666 -758.3333333333335
502.49999999999994 -737.5
512.5 -753.3333333333334
508.3333333333333 -752.5
513.3333333333333 -754.1666666666667
513.3333333333333 -754.1666666666667
516.6666666666666 -758.3333333333335
514.1666666666667 -755.0
516.6666666666666 -758.3333333333335
513.3333333333333 -754.1666666666667
505.0 -742.5
505.0 -742.5
512.5 -753.3333333333334
512.5 -753.3333333333334
515.0 -757.5000000000001
516.6666666666666 -758.3333333333335
512.5 -753.3333333333334
512.5 -753.3333333333334
516.6666666666666 -758.3333333333335
512.5 -753.3333333333334
516.6666666666666 -758.3333333333335
512.5 -753.3333333333334
515.0 -757.5000000000001
512.5 -753.3333333333334
505.0 -742.5
505.0 -742.5
505.0 -742.5
503.3333333333333 -739.1666666666666
512.5 -753.3333333333334
512.5 -753.3333333333334
513.3333333333333 -754.1666666666667
512.5 -753.3333333333334
501.66666666666663 -734.9999999999999
503.3333333333333 -739.1666666666666
512.5 -753.3333333333334
512.5 -753.3333333333334
513.3333333333333 -754.1666666666667
505.8333333333333 -748.3333333333334
508.3333333333333 -752.5
