497.5 -721.6666666666669
518.3333333333333 -765.8333333333335
518.3333333333333 -765.8333333333335
497.5 -721.6666666666669
500.0 -735.8333333333334
499.99999999999994 -729.1666666666667
517.5 -765.0000000000001
504.16666666666674 -745.0000000000001
501.66666666666663 -740.8333333333333
501.66666666666663 -740.8333333333333
505.0 -748.3333333333334
515.8333333333333 -763.3333333333335
505.83333333333337 -750.0000000000001
507.5 -752.5000000000001
514.1666666666666 -760.0000000000001
514.1666666666667 -761.6666666666667
499.16666666666663 -726.6666666666666
498.3333333333333 -724.1666666666666
502.49999999999994 -743.3333333333333
499.16666666666663 -726.6666666666666
507.5 -752.5000000000001
498.3333333333333 -724.1666666666666
503.33333333333326 -744.1666666666666
510.0 -755.0000000000001
510.8333333333333 -756.6666666666667
515.8333333333333 -763.3333333333335
503.3333333333333 -745.0
502.49999999999994 -743.3333333333333
510.8333333333333 -756.6666666666667
511.66666666666663 -757.5000000000001
505.8333333333333 -749.1666666666667
510.0 -755.0000000000001
511.6666666666667 -758.3333333333335
509.16666666666663 -753.3333333333335
509.1666666666667 -754.1666666666667
508.3333333333333 -753.3333333333334
505.0 -748.3333333333334
515.0 -762.5000000000001
515.0 -762.5000000000001
513.3333333333333 -759.1666666666669
512.5 -759.1666666666667
499.99999999999994 -729.1666666666667
505.83333333333337 -750.0000000000001
513.3333333333333 -759.1666666666669
508.3333333333333 -753.3333333333334
512.5 -759.1666666666667
509.1666666666667 -754.1666666666667
511.66666666666663 -757.5000000000001
505.8333333333333 -749.1666666666667
511.6666666666667 -758.3333333333335
509.16666666666663 -753.3333333333335
497.5 -721.6666666666669
501.66666666666663 -740.8333333333333
499.16666666666663 -726.6666666666666
507.5 -752.5000000000001
515.8333333333333 -763.3333333333335
498.3333333333333 -724.1666666666666
502.49999999999994 -743.3333333333333
510.8333333333333 -756.6666666666667
510.0 -755.0000000000001
505.0 -748.3333333333334
515.0 -762.5000000000001
508.3333333333333 -753.3333333333334
512.5 -759.1666666666667
509.1666666666667 -754.1666666666667
511.66666666666663 -757.5000000000001
505.8333333333333 -749.1666666666667
511.6666666666667 -758.3333333333335
509.16666666666663 -753.3333333333335
497.5 -721.6666666666669
501.66666666666663 -740.8333333333333
507.5 -752.5000000000001
499.16666666666663 -726.6666666666666
515.8333333333333 -763.3333333333335
498.3333333333333 -724.1666666666666
502.49999999999994 -743.3333333333333
510.8333333333333 -756.6666666666667
510.0 -755.0000000000001
505.0 -748.3333333333334
515.0 -762.5000000000001
508.3333333333333 -753.3333333333334
512.5 -759.1666666666667
509.1666666666667 -754.1666666666667
511.66666666666663 -757.5000000000001
505.8333333333333 -749.1666666666667
511.6666666666667 -758.3333333333335
497.5 -721.6666666666669
501.66666666666663 -740.8333333333333
499.16666666666663 -726.6666666666666
515.8333333333333 -763.3333333333335
498.3333333333333 -724.1666666666666
515.0 -762.5000000000001
502.49999999999994 -743.3333333333333
510.8333333333333 -756.6666666666667
510.0 -755.0000000000001
507.5 -752.5000000000001
505.0 -748.3333333333334
512.5 -759.1666666666667
508.3333333333333 -753.3333333333334
509.1666666666667 -754.1666666666667
505.8333333333333 -749.1666666666667
511.6666666666667 -758.3333333333335
497.5 -721.6666666666669
499.16666666666663 -726.6666666666666
498.3333333333333 -724.1666666666666
508.3333333333333 -753.3333333333334
510.0 -755.0000000000001
512.5 -759.1666666666667
499.16666666666663 -726.6666666666666
498.3333333333333 -724.1666666666666
512.5 -759.1666666666667
499.16666666666663 -726.6666666666666
498.3333333333333 -724.1666666666666
512.5 -759.1666666666667
499.16666666666663 -726.6666666666666
512.5 -759.1666666666667
499.16666666666663 -726.6666666666666
512.5 -759.1666666666667
499.16666666666663 -726.6666666666666
512.5 -759.1666666666667
499.16666666666663 -726.6666666666666
512.5 -759.1666666666667
499.16666666666663 -726.6666666666666
499.16666666666663 -726.6666666666666
499.16666666666663 -726.6666666666666
499.16666666666663 -726.6666666666666
499.16666666666663 -726.6666666666666
499.16666666666663 -726.6666666666666
499.16666666666663 -726.6666666666666
509.1666666666667 -754.1666666666667
498.3333333333333 -724.1666666666666
498.3333333333333 -724.1666666666666
499.16666666666663 -726.6666666666666
512.5 -759.1666666666667
509.1666666666667 -754.1666666666667
499.16666666666663 -726.6666666666666
512.5 -759.1666666666667
498.3333333333333 -724.1666666666666
499.16666666666663 -726.6666666666666
505.0 -748.3333333333334
509.1666666666667 -754.1666666666667
499.16666666666663 -726.6666666666666
499.16666666666663 -726.6666666666666
512.5 -759.1666666666667
510.0 -755.0000000000001
505.0 -748.3333333333334
510.0 -755.0000000000001
511.6666666666667 -758.3333333333335
499.16666666666663 -726.6666666666666
505.8333333333333 -749.1666666666667
499.16666666666663 -726.6666666666666
498.3333333333333 -724.1666666666666
508.3333333333333 -753.3333333333334
498.3333333333333 -724.1666666666666
499.16666666666663 -726.6666666666666
511.6666666666667 -758.3333333333335
501.66666666666663 -740.8333333333333
499.16666666666663 -726.6666666666666
501.66666666666663 -740.8333333333333
512.5 -759.1666666666667
510.0 -755.0000000000001
508.3333333333333 -753.3333333333334
511.6666666666667 -758.3333333333335
510.0 -755.0000000000001
512.5 -759.1666666666667
511.6666666666667 -758.3333333333335
510.0 -755.0000000000001
512.5 -759.1666666666667
515.0 -762.5000000000001
510.0 -755.0000000000001
509.1666666666667 -754.1666666666667
512.5 -759.1666666666667
515.0 -762.5000000000001
509.1666666666667 -754.1666666666667
505.0 -748.3333333333334
512.5 -759.1666666666667
508.3333333333333 -753.3333333333334
512.5 -759.1666666666667
515.8333333333333 -763.3333333333335
508.3333333333333 -753.3333333333334
499.16666666666663 -726.6666666666666
509.1666666666667 -754.1666666666667
512.5 -759.1666666666667
509.1666666666667 -754.1666666666667
510.0 -755.0000000000001
511.6666666666667 -758.3333333333335
511.6666666666667 -758.3333333333335
511.6666666666667 -758.3333333333335
499.16666666666663 -726.6666666666666
515.0 -762.5000000000001
511.6666666666667 -758.3333333333335
512.5 -759.1666666666667
511.6666666666667 -758.3333333333335
512.5 -759.1666666666667
510.0 -755.0000000000001
509.1666666666667 -754.1666666666667
510.0 -755.0000000000001
512.5 -759.1666666666667
515.8333333333333 -763.3333333333335
507.5 -752.5000000000001
