497.5 -721.6666666666669
518.3333333333333 -765.8333333333335
497.5 -721.6666666666669
518.3333333333333 -765.8333333333335
500.0 -735.8333333333334
508.3333333333333 -755.8333333333334
505.8333333333333 -752.5
510.8333333333333 -756.6666666666669
499.99999999999994 -729.1666666666667
507.5 -752.5000000000001
501.66666666666663 -740.8333333333333
501.66666666666663 -740.8333333333333
505.0 -748.3333333333334
516.6666666666667 -764.1666666666667
504.16666666666674 -745.0000000000001
505.0 -748.3333333333334
499.16666666666663 -726.6666666666666
498.3333333333333 -724.1666666666666
502.49999999999994 -743.3333333333333
499.16666666666663 -726.6666666666666
498.3333333333333 -724.1666666666666
503.33333333333326 -744.1666666666666
511.66666666666663 -757.5000000000001
511.6666666666667 -759.1666666666667
515.8333333333333 -763.3333333333335
503.3333333333333 -745.0
513.3333333333333 -760.8333333333335
514.1666666666666 -761.6666666666667
515.0 -762.5000000000001
512.5 -760.0
514.1666666666666 -761.6666666666667
502.49999999999994 -743.3333333333333
517.5 -765.0000000000001
517.5 -765.0000000000001
515.0 -762.5000000000001
515.8333333333333 -763.3333333333335
513.3333333333333 -760.8333333333335
512.5 -760.0
499.99999999999994 -729.1666666666667
507.5 -752.5000000000001
504.16666666666674 -745.0000000000001
511.6666666666667 -759.1666666666667
511.66666666666663 -757.5000000000001
503.3333333333333 -745.0
518.3333333333333 -765.8333333333335
497.5 -721.6666666666669
501.66666666666663 -740.8333333333333
505.0 -748.3333333333334
499.16666666666663 -726.6666666666666
498.3333333333333 -724.1666666666666
502.49999999999994 -743.3333333333333
517.5 -765.0000000000001
515.0 -762.5000000000001
515.8333333333333 -763.3333333333335
513.3333333333333 -760.8333333333335
499.99999999999994 -729.1666666666667
507.5 -752.5000000000001
504.16666666666674 -745.0000000000001
511.6666666666667 -759.1666666666667
511.66666666666663 -757.5000000000001
518.3333333333333 -765.8333333333335
497.5 -721.6666666666669
501.66666666666663 -740.8333333333333
505.0 -748.3333333333334
499.16666666666663 -726.6666666666666
498.3333333333333 -724.1666666666666
502.49999999999994 -743.3333333333333
515.0 -762.5000000000001
517.5 -765.0000000000001
515.8333333333333 -763.3333333333335
507.5 -752.5000000000001
504.16666666666674 -745.0000000000001
511.66666666666663 -757.5000000000001
518.3333333333333 -765.8333333333335
497.5 -721.6666666666669
501.66666666666663 -740.8333333333333
499.16666666666663 -726.6666666666666
498.3333333333333 -724.1666666666666
507.5 -752.5000000000001
502.49999999999994 -743.3333333333333
505.0 -748.3333333333334
517.5 -765.0000000000001
515.0 -762.5000000000001
515.8333333333333 -763.3333333333335
511.66666666666663 -757.5000000000001
497.5 -721.6666666666669
518.3333333333333 -765.8333333333335
501.66666666666663 -740.8333333333333
499.16666666666663 -726.6666666666666
498.3333333333333 -724.1666666666666
507.5 -752.5000000000001
505.0 -748.3333333333334
515.0 -762.5000000000001
515.8333333333333 -763.3333333333335
511.66666666666663 -757.5000000000001
518.3333333333333 -765.8333333333335
497.5 -721.6666666666669
501.66666666666663 -740.8333333333333
499.16666666666663 -726.6666666666666
498.3333333333333 -724.1666666666666
507.5 -752.5000000000001
505.0 -748.3333333333334
515.0 -762.5000000000001
515.8333333333333 -763.3333333333335
511.66666666666663 -757.5000000000001
518.3333333333333 -765.8333333333335
497.5 -721.6666666666669
501.66666666666663 -740.8333333333333
499.16666666666663 -726.6666666666666
498.3333333333333 -724.1666666666666
507.5 -752.5000000000001
505.0 -748.3333333333334
515.0 -762.5000000000001
515.8333333333333 -763.3333333333335
511.66666666666663 -757.5000000000001
497.5 -721.6666666666669
501.66666666666663 -740.8333333333333
499.16666666666663 -726.6666666666666
498.3333333333333 -724.1666666666666
507.5 -752.5000000000001
505.0 -748.3333333333334
515.0 -762.5000000000001
515.8333333333333 -763.3333333333335
511.66666666666663 -757.5000000000001
497.5 -721.6666666666669
501.66666666666663 -740.8333333333333
499.16666666666663 -726.6666666666666
498.3333333333333 -724.1666666666666
507.5 -752.5000000000001
505.0 -748.3333333333334
515.0 -762.5000000000001
515.8333333333333 -763.3333333333335
511.66666666666663 -757.5000000000001
497.5 -721.6666666666669
501.66666666666663 -740.8333333333333
499.16666666666663 -726.6666666666666
498.3333333333333 -724.1666666666666
515.8333333333333 -763.3333333333335
507.5 -752.5000000000001
505.0 -748.3333333333334
515.0 -762.5000000000001
511.66666666666663 -757.5000000000001
515.8333333333333 -763.3333333333335
507.5 -752.5000000000001
505.0 -748.3333333333334
515.0 -762.5000000000001
511.66666666666663 -757.5000000000001
515.8333333333333 -763.3333333333335
507.5 -752.5000000000001
505.0 -748.3333333333334
515.0 -762.5000000000001
511.66666666666663 -757.5000000000001
515.8333333333333 -763.3333333333335
507.5 -752.5000000000001
505.0 -748.3333333333334
515.0 -762.5000000000001
511.66666666666663 -757.5000000000001
515.8333333333333 -763.3333333333335
507.5 -752.5000000000001
505.0 -748.3333333333334
515.0 -762.5000000000001
511.66666666666663 -757.5000000000001
515.8333333333333 -763.3333333333335
507.5 -752.5000000000001
505.0 -748.3333333333334
515.0 -762.5000000000001
511.66666666666663 -757.5000000000001
511.66666666666663 -757.5000000000001
515.8333333333333 -763.3333333333335
515.8333333333333 -763.3333333333335
515.8333333333333 -763.3333333333335
511.66666666666663 -757.5000000000001
505.0 -748.3333333333334
511.66666666666663 -757.5000000000001
511.66666666666663 -757.5000000000001
511.66666666666663 -757.5000000000001
507.5 -752.5000000000001
505.0 -748.3333333333334
511.66666666666663 -757.5000000000001
515.8333333333333 -763.3333333333335
507.5 -752.5000000000001
511.66666666666663 -757.5000000000001
515.8333333333333 -763.3333333333335
515.0 -762.5000000000001
507.5 -752.5000000000001
507.5 -752.5000000000001
515.8333333333333 -763.3333333333335
515.8333333333333 -763.3333333333335
515.8333333333333 -763.3333333333335
507.5 -752.5000000000001
511.66666666666663 -757.5000000000001
515.0 -762.5000000000001
515.8333333333333 -763.3333333333335
511.66666666666663 -757.5000000000001
515.0 -762.5000000000001
515.8333333333333 -763.3333333333335
515.0 -762.5000000000001
511.66666666666663 -757.5000000000001
515.0 -762.5000000000001
511.66666666666663 -757.5000000000001
