497.5 -721.6666666666669
518.3333333333333 -770.0000000000001
497.5 -721.6666666666669
498.3333333333333 -730.0
498.3333333333333 -730.0
500.0 -735.8333333333334
500.0 -735.8333333333334
502.49999999999994 -743.3333333333334
505.0 -753.3333333333335
516.6666666666666 -768.3333333333335
505.83333333333337 -754.1666666666669
508.33333333333337 -758.3333333333334
500.8333333333333 -739.1666666666667
503.33333333333337 -745.8333333333334
501.66666666666663 -740.8333333333333
504.16666666666674 -749.1666666666667
507.5 -757.5000000000001
511.6666666666667 -763.3333333333335
502.50000000000006 -745.0
511.66666666666663 -761.6666666666667
507.49999999999994 -755.8333333333334
500.8333333333333 -739.1666666666667
501.66666666666663 -740.8333333333333
504.1666666666667 -749.1666666666666
517.5 -769.1666666666667
514.1666666666666 -765.0000000000001
515.8333333333333 -767.5000000000001
506.6666666666667 -755.0000000000002
510.83333333333337 -760.8333333333335
503.33333333333337 -745.8333333333334
513.3333333333333 -765.0
505.0 -753.3333333333335
515.8333333333333 -767.5000000000001
515.0 -766.6666666666667
514.1666666666667 -765.8333333333335
512.5 -764.1666666666669
512.5 -764.1666666666669
517.5 -769.1666666666667
515.0 -766.6666666666667
504.1666666666667 -749.1666666666666
510.8333333333333 -760.8333333333334
510.0 -760.0000000000001
509.16666666666663 -759.1666666666666
506.66666666666663 -755.0
509.1666666666667 -759.1666666666669
513.3333333333333 -765.0
509.99999999999994 -760.0
504.16666666666674 -749.1666666666667
502.50000000000006 -745.0
514.1666666666667 -765.8333333333335
511.6666666666667 -763.3333333333335
507.5 -757.5000000000001
510.0 -760.0000000000001
509.16666666666663 -759.1666666666666
511.66666666666663 -761.6666666666667
510.8333333333333 -760.8333333333334
509.1666666666667 -759.1666666666669
509.99999999999994 -760.0
506.66666666666663 -755.0
507.49999999999994 -755.8333333333334
514.1666666666666 -765.0000000000001
497.5 -721.6666666666669
498.3333333333333 -730.0
500.0 -735.8333333333334
500.8333333333333 -739.1666666666667
501.66666666666663 -740.8333333333333
503.33333333333337 -745.8333333333334
505.0 -753.3333333333335
515.0 -766.6666666666667
517.5 -769.1666666666667
504.1666666666667 -749.1666666666666
513.3333333333333 -765.0
502.50000000000006 -745.0
511.6666666666667 -763.3333333333335
510.0 -760.0000000000001
510.8333333333333 -760.8333333333334
507.5 -757.5000000000001
509.16666666666663 -759.1666666666666
511.66666666666663 -761.6666666666667
507.49999999999994 -755.8333333333334
514.1666666666666 -765.0000000000001
517.5 -769.1666666666667
497.5 -721.6666666666669
500.0 -735.8333333333334
513.3333333333333 -765.0
500.8333333333333 -739.1666666666667
501.66666666666663 -740.8333333333333
503.33333333333337 -745.8333333333334
509.16666666666663 -759.1666666666666
515.0 -766.6666666666667
504.1666666666667 -749.1666666666666
511.6666666666667 -763.3333333333335
502.50000000000006 -745.0
511.66666666666663 -761.6666666666667
514.1666666666666 -765.0000000000001
517.5 -769.1666666666667
497.5 -721.6666666666669
500.0 -735.8333333333334
513.3333333333333 -765.0
501.66666666666663 -740.8333333333333
503.33333333333337 -745.8333333333334
509.16666666666663 -759.1666666666666
504.1666666666667 -749.1666666666666
511.6666666666667 -763.3333333333335
502.50000000000006 -745.0
511.66666666666663 -761.6666666666667
514.1666666666666 -765.0000000000001
497.5 -721.6666666666669
517.5 -769.1666666666667
500.0 -735.8333333333334
513.3333333333333 -765.0
501.66666666666663 -740.8333333333333
503.33333333333337 -745.8333333333334
509.16666666666663 -759.1666666666666
504.1666666666667 -749.1666666666666
502.50000000000006 -745.0
511.66666666666663 -761.6666666666667
514.1666666666666 -765.0000000000001
517.5 -769.1666666666667
497.5 -721.6666666666669
500.0 -735.8333333333334
513.3333333333333 -765.0
501.66666666666663 -740.8333333333333
503.33333333333337 -745.8333333333334
504.1666666666667 -749.1666666666666
502.50000000000006 -745.0
514.1666666666666 -765.0000000000001
497.5 -721.6666666666669
500.0 -735.8333333333334
501.66666666666663 -740.8333333333333
503.33333333333337 -745.8333333333334
504.1666666666667 -749.1666666666666
502.50000000000006 -745.0
514.1666666666666 -765.0000000000001
497.5 -721.6666666666669
500.0 -735.8333333333334
501.66666666666663 -740.8333333333333
503.33333333333337 -745.8333333333334
504.1666666666667 -749.1666666666666
502.50000000000006 -745.0
514.1666666666666 -765.0000000000001
497.5 -721.6666666666669
500.0 -735.8333333333334
504.1666666666667 -749.1666666666666
501.66666666666663 -740.8333333333333
503.33333333333337 -745.8333333333334
502.50000000000006 -745.0
514.1666666666666 -765.0000000000001
497.5 -721.6666666666669
500.0 -735.8333333333334
504.1666666666667 -749.1666666666666
501.66666666666663 -740.8333333333333
503.33333333333337 -745.8333333333334
502.50000000000006 -745.0
514.1666666666666 -765.0000000000001
497.5 -721.6666666666669
500.0 -735.8333333333334
504.1666666666667 -749.1666666666666
503.33333333333337 -745.8333333333334
502.50000000000006 -745.0
514.1666666666666 -765.0000000000001
497.5 -721.6666666666669
500.0 -735.8333333333334
504.1666666666667 -749.1666666666666
503.33333333333337 -745.8333333333334
502.50000000000006 -745.0
514.1666666666666 -765.0000000000001
500.0 -735.8333333333334
504.1666666666667 -749.1666666666666
502.50000000000006 -745.0
514.1666666666666 -765.0000000000001
504.1666666666667 -749.1666666666666
502.50000000000006 -745.0
514.1666666666666 -765.0000000000001
502.50000000000006 -745.0
504.1666666666667 -749.1666666666666
502.50000000000006 -745.0
504.1666666666667 -749.1666666666666
514.1666666666666 -765.0000000000001
502.50000000000006 -745.0
500.0 -735.8333333333334
504.1666666666667 -749.1666666666666
507.5 -757.5000000000001
500.0 -735.8333333333334
500.0 -735.8333333333334
502.50000000000006 -745.0
504.1666666666667 -749.1666666666666
503.33333333333337 -745.8333333333334
502.50000000000006 -745.0
504.1666666666667 -749.1666666666666
502.50000000000006 -745.0
507.5 -757.5000000000001
502.50000000000006 -745.0
502.50000000000006 -745.0
502.50000000000006 -745.0
504.1666666666667 -749.1666666666666
510.0 -760.0000000000001
514.1666666666666 -765.0000000000001
504.1666666666667 -749.1666666666666
502.50000000000006 -745.0
