497.5 -725.0000000000001
518.3333333333333 -771.6666666666669
497.5 -725.0000000000001
518.3333333333333 -771.6666666666669
502.50000000000006 -748.3333333333334
503.33333333333337 -752.4999999999999
500.8333333333333 -744.1666666666666
500.0 -735.8333333333334
507.5 -760.8333333333333
498.3333333333333 -730.0
498.3333333333333 -730.0
500.0 -735.8333333333334
500.8333333333333 -744.1666666666666
505.8333333333333 -756.6666666666667
512.5 -765.8333333333333
505.0 -755.8333333333334
510.8333333333333 -764.1666666666666
505.8333333333333 -756.6666666666667
505.0 -755.8333333333334
515.8333333333333 -770.0
510.0 -763.3333333333333
507.5 -760.8333333333333
511.6666666666667 -764.1666666666667
516.6666666666667 -770.0000000000001
513.3333333333333 -765.8333333333334
517.5 -770.8333333333335
517.5 -770.8333333333335
513.3333333333333 -765.8333333333334
511.6666666666667 -764.1666666666667
515.8333333333333 -770.0
516.6666666666667 -770.0000000000001
510.0 -763.3333333333333
497.5 -725.0000000000001
518.3333333333333 -771.6666666666669
498.3333333333333 -730.0
500.0 -735.8333333333334
500.8333333333333 -744.1666666666666
517.5 -770.8333333333335
513.3333333333333 -765.8333333333334
511.6666666666667 -764.1666666666667
516.6666666666667 -770.0000000000001
497.5 -725.0000000000001
518.3333333333333 -771.6666666666669
498.3333333333333 -730.0
500.0 -735.8333333333334
511.6666666666667 -764.1666666666667
517.5 -770.8333333333335
513.3333333333333 -765.8333333333334
516.6666666666667 -770.0000000000001
518.3333333333333 -771.6666666666669
498.3333333333333 -730.0
500.0 -735.8333333333334
511.6666666666667 -764.1666666666667
517.5 -770.8333333333335
513.3333333333333 -765.8333333333334
516.6666666666667 -770.0000000000001
518.3333333333333 -771.6666666666669
498.3333333333333 -730.0
500.0 -735.8333333333334
511.6666666666667 -764.1666666666667
517.5 -770.8333333333335
513.3333333333333 -765.8333333333334
516.6666666666667 -770.0000000000001
518.3333333333333 -771.6666666666669
500.0 -735.8333333333334
511.6666666666667 -764.1666666666667
517.5 -770.8333333333335
513.3333333333333 -765.8333333333334
516.6666666666667 -770.0000000000001
518.3333333333333 -771.6666666666669
500.0 -735.8333333333334
511.6666666666667 -764.1666666666667
517.5 -770.8333333333335
513.3333333333333 -765.8333333333334
518.3333333333333 -771.6666666666669
500.0 -735.8333333333334
511.6666666666667 -764.1666666666667
513.3333333333333 -765.8333333333334
517.5 -770.8333333333335
518.3333333333333 -771.6666666666669
500.0 -735.8333333333334
511.6666666666667 -764.1666666666667
513.3333333333333 -765.8333333333334
517.5 -770.8333333333335
518.3333333333333 -771.6666666666669
500.0 -735.8333333333334
513.3333333333333 -765.8333333333334
517.5 -770.8333333333335
511.6666666666667 -764.1666666666667
518.3333333333333 -771.6666666666669
500.0 -735.8333333333334
513.3333333333333 -765.8333333333334
517.5 -770.8333333333335
511.6666666666667 -764.1666666666667
518.3333333333333 -771.6666666666669
513.3333333333333 -765.8333333333334
517.5 -770.8333333333335
511.6666666666667 -764.1666666666667
518.3333333333333 -771.6666666666669
513.3333333333333 -765.8333333333334
517.5 -770.8333333333335
511.6666666666667 -764.1666666666667
518.3333333333333 -771.6666666666669
513.3333333333333 -765.8333333333334
517.5 -770.8333333333335
511.6666666666667 -764.1666666666667
518.3333333333333 -771.6666666666669
513.3333333333333 -765.8333333333334
517.5 -770.8333333333335
511.6666666666667 -764.1666666666667
518.3333333333333 -771.6666666666669
513.3333333333333 -765.8333333333334
517.5 -770.8333333333335
511.6666666666667 -764.1666666666667
518.3333333333333 -771.6666666666669
513.3333333333333 -765.8333333333334
517.5 -770.8333333333335
511.6666666666667 -764.1666666666667
513.3333333333333 -765.8333333333334
517.5 -770.8333333333335
513.3333333333333 -765.8333333333334
513.3333333333333 -765.8333333333334
513.3333333333333 -765.8333333333334
513.3333333333333 -765.8333333333334
517.5 -770.8333333333335
513.3333333333333 -765.8333333333334
513.3333333333333 -765.8333333333334
517.5 -770.8333333333335
511.6666666666667 -764.1666666666667
513.3333333333333 -765.8333333333334
514.1666666666666 -768.3333333333334
511.6666666666667 -764.1666666666667
517.5 -770.8333333333335
513.3333333333333 -765.8333333333334
513.3333333333333 -765.8333333333334
518.3333333333333 -771.6666666666669
513.3333333333333 -765.8333333333334
518.3333333333333 -771.6666666666669
517.5 -770.8333333333335
509.16666666666663 -762.4999999999999
513.3333333333333 -765.8333333333334
518.3333333333333 -771.6666666666669
513.3333333333333 -765.8333333333334
505.0 -755.8333333333334
508.3333333333333 -761.6666666666666
510.0 -763.3333333333333
517.5 -770.8333333333335
513.3333333333333 -765.8333333333334
517.5 -770.8333333333335
508.3333333333333 -761.6666666666666
511.6666666666667 -764.1666666666667
513.3333333333333 -765.8333333333334
518.3333333333333 -771.6666666666669
511.6666666666667 -764.1666666666667
