497.5 -725.0000000000001
520.8333333333333 -774.1666666666669
497.5 -725.0000000000001
520.8333333333333 -774.1666666666669
500.0 -736.6666666666666
505.0 -757.4999999999999
498.3333333333333 -733.3333333333333
500.8333333333333 -744.1666666666666
505.8333333333333 -759.1666666666666
507.5 -761.6666666666665
502.50000000000006 -748.3333333333334
503.33333333333337 -752.4999999999999
503.33333333333337 -752.4999999999999
500.8333333333333 -744.1666666666666
502.50000000000006 -748.3333333333334
519.1666666666666 -772.5000000000001
498.3333333333333 -733.3333333333333
517.5 -770.8333333333335
510.8333333333333 -764.1666666666666
515.0 -769.1666666666666
520.0 -773.3333333333335
509.99999999999994 -763.3333333333333
515.8333333333333 -770.0
518.3333333333333 -771.6666666666669
516.6666666666666 -770.8333333333334
513.3333333333333 -767.5
514.1666666666666 -768.3333333333334
514.1666666666666 -768.3333333333334
509.99999999999994 -763.3333333333333
512.5 -766.6666666666666
509.16666666666663 -762.4999999999999
510.8333333333333 -764.1666666666666
511.66666666666663 -765.0
508.3333333333333 -761.6666666666666
509.16666666666663 -762.4999999999999
511.6666666666667 -765.8333333333333
513.3333333333333 -767.5
515.8333333333333 -770.0
520.0 -773.3333333333335
512.5 -766.6666666666666
518.3333333333333 -771.6666666666669
515.0 -769.1666666666666
516.6666666666666 -770.8333333333334
508.3333333333333 -761.6666666666666
517.5 -770.8333333333335
511.6666666666667 -765.8333333333333
511.66666666666663 -765.0
497.5 -725.0000000000001
520.8333333333333 -774.1666666666669
503.33333333333337 -752.4999999999999
500.8333333333333 -744.1666666666666
502.50000000000006 -748.3333333333334
514.1666666666666 -768.3333333333334
509.99999999999994 -763.3333333333333
510.8333333333333 -764.1666666666666
509.16666666666663 -762.4999999999999
513.3333333333333 -767.5
515.8333333333333 -770.0
512.5 -766.6666666666666
520.0 -773.3333333333335
518.3333333333333 -771.6666666666669
515.0 -769.1666666666666
516.6666666666666 -770.8333333333334
508.3333333333333 -761.6666666666666
517.5 -770.8333333333335
511.6666666666667 -765.8333333333333
511.66666666666663 -765.0
497.5 -725.0000000000001
520.8333333333333 -774.1666666666669
503.33333333333337 -752.4999999999999
500.8333333333333 -744.1666666666666
502.50000000000006 -748.3333333333334
514.1666666666666 -768.3333333333334
509.99999999999994 -763.3333333333333
510.8333333333333 -764.1666666666666
509.16666666666663 -762.4999999999999
513.3333333333333 -767.5
515.8333333333333 -770.0
512.5 -766.6666666666666
520.0 -773.3333333333335
518.3333333333333 -771.6666666666669
515.0 -769.1666666666666
516.6666666666666 -770.8333333333334
508.3333333333333 -761.6666666666666
517.5 -770.8333333333335
511.6666666666667 -765.8333333333333
511.66666666666663 -765.0
497.5 -725.0000000000001
520.8333333333333 -774.1666666666669
503.33333333333337 -752.4999999999999
500.8333333333333 -744.1666666666666
502.50000000000006 -748.3333333333334
514.1666666666666 -768.3333333333334
509.99999999999994 -763.3333333333333
510.8333333333333 -764.1666666666666
509.16666666666663 -762.4999999999999
515.8333333333333 -770.0
513.3333333333333 -767.5
520.0 -773.3333333333335
512.5 -766.6666666666666
518.3333333333333 -771.6666666666669
515.0 -769.1666666666666
516.6666666666666 -770.8333333333334
508.3333333333333 -761.6666666666666
517.5 -770.8333333333335
511.6666666666667 -765.8333333333333
511.66666666666663 -765.0
497.5 -725.0000000000001
520.8333333333333 -774.1666666666669
503.33333333333337 -752.4999999999999
500.8333333333333 -744.1666666666666
514.1666666666666 -768.3333333333334
509.99999999999994 -763.3333333333333
510.8333333333333 -764.1666666666666
509.16666666666663 -762.4999999999999
513.3333333333333 -767.5
515.8333333333333 -770.0
512.5 -766.6666666666666
520.0 -773.3333333333335
518.3333333333333 -771.6666666666669
515.0 -769.1666666666666
516.6666666666666 -770.8333333333334
508.3333333333333 -761.6666666666666
517.5 -770.8333333333335
511.6666666666667 -765.8333333333333
511.66666666666663 -765.0
497.5 -725.0000000000001
520.8333333333333 -774.1666666666669
503.33333333333337 -752.4999999999999
514.1666666666666 -768.3333333333334
509.99999999999994 -763.3333333333333
510.8333333333333 -764.1666666666666
509.16666666666663 -762.4999999999999
515.8333333333333 -770.0
513.3333333333333 -767.5
520.0 -773.3333333333335
512.5 -766.6666666666666
518.3333333333333 -771.6666666666669
516.6666666666666 -770.8333333333334
508.3333333333333 -761.6666666666666
517.5 -770.8333333333335
511.6666666666667 -765.8333333333333
497.5 -725.0000000000001
520.8333333333333 -774.1666666666669
514.1666666666666 -768.3333333333334
509.99999999999994 -763.3333333333333
510.8333333333333 -764.1666666666666
509.16666666666663 -762.4999999999999
515.8333333333333 -770.0
513.3333333333333 -767.5
520.0 -773.3333333333335
518.3333333333333 -771.6666666666669
516.6666666666666 -770.8333333333334
508.3333333333333 -761.6666666666666
517.5 -770.8333333333335
511.6666666666667 -765.8333333333333
520.8333333333333 -774.1666666666669
514.1666666666666 -768.3333333333334
509.99999999999994 -763.3333333333333
510.8333333333333 -764.1666666666666
509.16666666666663 -762.4999999999999
513.3333333333333 -767.5
515.8333333333333 -770.0
520.0 -773.3333333333335
518.3333333333333 -771.6666666666669
516.6666666666666 -770.8333333333334
508.3333333333333 -761.6666666666666
517.5 -770.8333333333335
511.6666666666667 -765.8333333333333
520.8333333333333 -774.1666666666669
514.1666666666666 -768.3333333333334
509.99999999999994 -763.3333333333333
510.8333333333333 -764.1666666666666
509.16666666666663 -762.4999999999999
515.8333333333333 -770.0
513.3333333333333 -767.5
520.0 -773.3333333333335
518.3333333333333 -771.6666666666669
516.6666666666666 -770.8333333333334
508.3333333333333 -761.6666666666666
517.5 -770.8333333333335
520.8333333333333 -774.1666666666669
514.1666666666666 -768.3333333333334
509.99999999999994 -763.3333333333333
510.8333333333333 -764.1666666666666
509.16666666666663 -762.4999999999999
515.8333333333333 -770.0
513.3333333333333 -767.5
520.0 -773.3333333333335
518.3333333333333 -771.6666666666669
516.6666666666666 -770.8333333333334
508.3333333333333 -761.6666666666666
517.5 -770.8333333333335
520.8333333333333 -774.1666666666669
514.1666666666666 -768.3333333333334
515.8333333333333 -770.0
509.99999999999994 -763.3333333333333
510.8333333333333 -764.1666666666666
509.16666666666663 -762.4999999999999
513.3333333333333 -767.5
