520.8333333333333 -774.1666666666669
497.5 -725.8333333333335
520.8333333333333 -774.1666666666669
500.0 -736.6666666666666
500.8333333333333 -744.1666666666666
498.3333333333333 -733.3333333333333
502.50000000000006 -748.3333333333334
503.33333333333337 -754.1666666666666
515.8333333333333 -770.8333333333334
517.5 -770.8333333333335
518.3333333333333 -773.3333333333334
500.8333333333333 -744.1666666666666
502.50000000000006 -748.3333333333334
503.33333333333337 -754.1666666666666
505.0 -758.3333333333333
498.3333333333333 -733.3333333333333
520.0 -773.3333333333335
505.8333333333333 -759.1666666666666
505.0 -758.3333333333333
505.8333333333333 -759.1666666666666
507.5 -761.6666666666665
507.5 -761.6666666666665
515.0 -769.1666666666666
508.3333333333333 -761.6666666666666
509.16666666666663 -763.3333333333331
510.8333333333333 -764.1666666666666
514.1666666666666 -768.3333333333334
513.3333333333333 -767.5
509.99999999999994 -764.1666666666665
514.1666666666666 -768.3333333333334
509.16666666666663 -763.3333333333331
512.5 -766.6666666666666
511.66666666666663 -765.0
511.6666666666667 -765.8333333333333
513.3333333333333 -767.5
512.5 -766.6666666666666
515.0 -769.1666666666666
509.99999999999994 -764.1666666666665
508.3333333333333 -761.6666666666666
510.8333333333333 -764.1666666666666
518.3333333333333 -773.3333333333334
517.5 -770.8333333333335
520.0 -773.3333333333335
511.6666666666667 -765.8333333333333
511.66666666666663 -765.0
520.8333333333333 -774.1666666666669
500.8333333333333 -744.1666666666666
502.50000000000006 -748.3333333333334
498.3333333333333 -733.3333333333333
505.0 -758.3333333333333
505.8333333333333 -759.1666666666666
514.1666666666666 -768.3333333333334
509.16666666666663 -763.3333333333331
513.3333333333333 -767.5
512.5 -766.6666666666666
515.0 -769.1666666666666
508.3333333333333 -761.6666666666666
510.8333333333333 -764.1666666666666
518.3333333333333 -773.3333333333334
520.0 -773.3333333333335
517.5 -770.8333333333335
511.6666666666667 -765.8333333333333
511.66666666666663 -765.0
520.8333333333333 -774.1666666666669
500.8333333333333 -744.1666666666666
502.50000000000006 -748.3333333333334
505.0 -758.3333333333333
505.8333333333333 -759.1666666666666
514.1666666666666 -768.3333333333334
513.3333333333333 -767.5
512.5 -766.6666666666666
515.0 -769.1666666666666
508.3333333333333 -761.6666666666666
510.8333333333333 -764.1666666666666
520.0 -773.3333333333335
517.5 -770.8333333333335
511.6666666666667 -765.8333333333333
511.66666666666663 -765.0
520.8333333333333 -774.1666666666669
500.8333333333333 -744.1666666666666
502.50000000000006 -748.3333333333334
505.0 -758.3333333333333
505.8333333333333 -759.1666666666666
514.1666666666666 -768.3333333333334
513.3333333333333 -767.5
512.5 -766.6666666666666
515.0 -769.1666666666666
508.3333333333333 -761.6666666666666
510.8333333333333 -764.1666666666666
517.5 -770.8333333333335
520.0 -773.3333333333335
511.6666666666667 -765.8333333333333
511.66666666666663 -765.0
520.8333333333333 -774.1666666666669
500.8333333333333 -744.1666666666666
502.50000000000006 -748.3333333333334
505.0 -758.3333333333333
505.8333333333333 -759.1666666666666
514.1666666666666 -768.3333333333334
513.3333333333333 -767.5
512.5 -766.6666666666666
515.0 -769.1666666666666
508.3333333333333 -761.6666666666666
510.8333333333333 -764.1666666666666
520.0 -773.3333333333335
517.5 -770.8333333333335
511.6666666666667 -765.8333333333333
511.66666666666663 -765.0
520.8333333333333 -774.1666666666669
500.8333333333333 -744.1666666666666
502.50000000000006 -748.3333333333334
505.0 -758.3333333333333
505.8333333333333 -759.1666666666666
514.1666666666666 -768.3333333333334
510.8333333333333 -764.1666666666666
513.3333333333333 -767.5
512.5 -766.6666666666666
515.0 -769.1666666666666
508.3333333333333 -761.6666666666666
517.5 -770.8333333333335
520.0 -773.3333333333335
511.6666666666667 -765.8333333333333
511.66666666666663 -765.0
520.8333333333333 -774.1666666666669
500.8333333333333 -744.1666666666666
502.50000000000006 -748.3333333333334
505.0 -758.3333333333333
505.8333333333333 -759.1666666666666
514.1666666666666 -768.3333333333334
510.8333333333333 -764.1666666666666
513.3333333333333 -767.5
512.5 -766.6666666666666
515.0 -769.1666666666666
508.3333333333333 -761.6666666666666
520.0 -773.3333333333335
517.5 -770.8333333333335
511.6666666666667 -765.8333333333333
511.66666666666663 -765.0
520.8333333333333 -774.1666666666669
500.8333333333333 -744.1666666666666
502.50000000000006 -748.3333333333334
505.0 -758.3333333333333
505.8333333333333 -759.1666666666666
514.1666666666666 -768.3333333333334
510.8333333333333 -764.1666666666666
513.3333333333333 -767.5
512.5 -766.6666666666666
515.0 -769.1666666666666
508.3333333333333 -761.6666666666666
517.5 -770.8333333333335
520.0 -773.3333333333335
511.6666666666667 -765.8333333333333
511.66666666666663 -765.0
520.8333333333333 -774.1666666666669
502.50000000000006 -748.3333333333334
505.0 -758.3333333333333
505.8333333333333 -759.1666666666666
514.1666666666666 -768.3333333333334
510.8333333333333 -764.1666666666666
513.3333333333333 -767.5
512.5 -766.6666666666666
515.0 -769.1666666666666
508.3333333333333 -761.6666666666666
517.5 -770.8333333333335
520.0 -773.3333333333335
511.6666666666667 -765.8333333333333
511.66666666666663 -765.0
520.8333333333333 -774.1666666666669
502.50000000000006 -748.3333333333334
505.8333333333333 -759.1666666666666
514.1666666666666 -768.3333333333334
510.8333333333333 -764.1666666666666
513.3333333333333 -767.5
512.5 -766.6666666666666
515.0 -769.1666666666666
508.3333333333333 -761.6666666666666
517.5 -770.8333333333335
520.0 -773.3333333333335
511.6666666666667 -765.8333333333333
511.66666666666663 -765.0
520.8333333333333 -774.1666666666669
502.50000000000006 -748.3333333333334
505.8333333333333 -759.1666666666666
514.1666666666666 -768.3333333333334
510.8333333333333 -764.1666666666666
513.3333333333333 -767.5
512.5 -766.6666666666666
515.0 -769.1666666666666
508.3333333333333 -761.6666666666666
520.0 -773.3333333333335
517.5 -770.8333333333335
511.6666666666667 -765.8333333333333
511.66666666666663 -765.0
520.8333333333333 -774.1666666666669
514.1666666666666 -768.3333333333334
510.8333333333333 -764.1666666666666
513.3333333333333 -767.5
512.5 -766.6666666666666
515.0 -769.1666666666666
508.3333333333333 -761.6666666666666
