497.5 -725.8333333333335
500.8333333333333 -744.9999999999999
500.0 -736.6666666666666
505.0 -759.1666666666666
498.3333333333333 -733.3333333333333
502.50000000000006 -748.3333333333334
503.33333333333337 -754.1666666666666
503.33333333333337 -754.1666666666666
507.49999999999994 -759.9999999999999
502.50000000000006 -748.3333333333334
498.3333333333333 -733.3333333333333
509.99999999999994 -764.9999999999999
509.99999999999994 -764.9999999999999
507.5 -761.6666666666665
507.5 -761.6666666666665
507.49999999999994 -759.9999999999999
503.33333333333337 -754.1666666666666
502.50000000000006 -748.3333333333334
498.3333333333333 -733.3333333333333
509.99999999999994 -764.9999999999999
507.5 -761.6666666666665
507.49999999999994 -759.9999999999999
503.33333333333337 -754.1666666666666
502.50000000000006 -748.3333333333334
507.5 -761.6666666666665
507.49999999999994 -759.9999999999999
503.33333333333337 -754.1666666666666
502.50000000000006 -748.3333333333334
507.5 -761.6666666666665
507.49999999999994 -759.9999999999999
503.33333333333337 -754.1666666666666
502.50000000000006 -748.3333333333334
507.5 -761.6666666666665
507.49999999999994 -759.9999999999999
503.33333333333337 -754.1666666666666
502.50000000000006 -748.3333333333334
507.5 -761.6666666666665
507.49999999999994 -759.9999999999999
503.33333333333337 -754.1666666666666
502.50000000000006 -748.3333333333334
507.5 -761.6666666666665
507.49999999999994 -759.9999999999999
502.50000000000006 -748.3333333333334
503.33333333333337 -754.1666666666666
507.5 -761.6666666666665
507.49999999999994 -759.9999999999999
502.50000000000006 -748.3333333333334
503.33333333333337 -754.1666666666666
507.49999999999994 -759.9999999999999
502.50000000000006 -748.3333333333334
503.33333333333337 -754.1666666666666
507.49999999999994 -759.9999999999999
502.50000000000006 -748.3333333333334
503.33333333333337 -754.1666666666666
502.50000000000006 -748.3333333333334
503.33333333333337 -754.1666666666666
502.50000000000006 -748.3333333333334
503.33333333333337 -754.1666666666666
502.50000000000006 -748.3333333333334
503.33333333333337 -754.1666666666666
503.33333333333337 -754.1666666666666
503.33333333333337 -754.1666666666666
503.33333333333337 -754.1666666666666
502.50000000000006 -748.3333333333334
508.3333333333333 -763.3333333333333
502.50000000000006 -748.3333333333334
513.3333333333333 -770.8333333333333
507.5 -761.6666666666665
507.5 -761.6666666666665
507.5 -761.6666666666665
503.33333333333337 -754.1666666666666
503.33333333333337 -754.1666666666666
502.50000000000006 -748.3333333333334
502.50000000000006 -748.3333333333334
502.50000000000006 -748.3333333333334
503.33333333333337 -754.1666666666666
507.49999999999994 -759.9999999999999
522.4999999999999 -776.6666666666669
508.3333333333333 -763.3333333333333
522.4999999999999 -776.6666666666669
511.6666666666667 -769.1666666666666
507.49999999999994 -759.9999999999999
507.49999999999994 -759.9999999999999
503.33333333333337 -754.1666666666666
502.50000000000006 -748.3333333333334
502.50000000000006 -748.3333333333334
507.5 -761.6666666666665
503.33333333333337 -754.1666666666666
502.50000000000006 -748.3333333333334
514.1666666666666 -771.6666666666666
518.3333333333333 -775.0000000000001
503.33333333333337 -754.1666666666666
503.33333333333337 -754.1666666666666
510.8333333333333 -767.5
510.0 -765.8333333333333
