497.5 -725.8333333333335
519.9999999999999 -777.5000000000001
500.8333333333333 -744.9999999999999
515.8333333333333 -775.8333333333334
502.50000000000006 -750.8333333333333
510.0 -770.8333333333334
500.0 -736.6666666666666
498.3333333333333 -733.3333333333333
503.33333333333337 -760.0
513.3333333333333 -771.6666666666666
505.0 -764.1666666666667
502.50000000000006 -750.8333333333333
514.1666666666667 -772.5
504.1666666666667 -760.8333333333333
498.3333333333333 -733.3333333333333
500.0 -736.6666666666666
507.5 -766.6666666666666
505.8333333333333 -765.0
514.1666666666667 -772.5
507.5 -766.6666666666666
505.8333333333333 -765.0
513.3333333333333 -771.6666666666666
508.33333333333337 -767.5
503.33333333333337 -760.0
504.1666666666667 -760.8333333333333
508.33333333333337 -767.5
509.1666666666667 -768.3333333333334
509.1666666666667 -768.3333333333334
509.16666666666663 -768.3333333333333
509.16666666666663 -768.3333333333333
502.50000000000006 -750.8333333333333
498.3333333333333 -733.3333333333333
507.5 -766.6666666666666
513.3333333333333 -771.6666666666666
503.33333333333337 -760.0
504.1666666666667 -760.8333333333333
509.1666666666667 -768.3333333333334
509.16666666666663 -768.3333333333333
502.50000000000006 -750.8333333333333
498.3333333333333 -733.3333333333333
507.5 -766.6666666666666
513.3333333333333 -771.6666666666666
503.33333333333337 -760.0
504.1666666666667 -760.8333333333333
509.1666666666667 -768.3333333333334
509.16666666666663 -768.3333333333333
502.50000000000006 -750.8333333333333
498.3333333333333 -733.3333333333333
507.5 -766.6666666666666
504.1666666666667 -760.8333333333333
503.33333333333337 -760.0
513.3333333333333 -771.6666666666666
509.16666666666663 -768.3333333333333
502.50000000000006 -750.8333333333333
507.5 -766.6666666666666
503.33333333333337 -760.0
513.3333333333333 -771.6666666666666
509.16666666666663 -768.3333333333333
502.50000000000006 -750.8333333333333
507.5 -766.6666666666666
513.3333333333333 -771.6666666666666
509.16666666666663 -768.3333333333333
502.50000000000006 -750.8333333333333
507.5 -766.6666666666666
513.3333333333333 -771.6666666666666
502.50000000000006 -750.8333333333333
507.5 -766.6666666666666
513.3333333333333 -771.6666666666666
502.50000000000006 -750.8333333333333
507.5 -766.6666666666666
513.3333333333333 -771.6666666666666
502.50000000000006 -750.8333333333333
507.5 -766.6666666666666
513.3333333333333 -771.6666666666666
502.50000000000006 -750.8333333333333
507.5 -766.6666666666666
513.3333333333333 -771.6666666666666
502.50000000000006 -750.8333333333333
513.3333333333333 -771.6666666666666
502.50000000000006 -750.8333333333333
513.3333333333333 -771.6666666666666
502.50000000000006 -750.8333333333333
513.3333333333333 -771.6666666666666
502.50000000000006 -750.8333333333333
513.3333333333333 -771.6666666666666
502.50000000000006 -750.8333333333333
513.3333333333333 -771.6666666666666
502.50000000000006 -750.8333333333333
513.3333333333333 -771.6666666666666
502.50000000000006 -750.8333333333333
513.3333333333333 -771.6666666666666
502.50000000000006 -750.8333333333333
513.3333333333333 -771.6666666666666
502.50000000000006 -750.8333333333333
513.3333333333333 -771.6666666666666
502.50000000000006 -750.8333333333333
513.3333333333333 -771.6666666666666
502.50000000000006 -750.8333333333333
513.3333333333333 -771.6666666666666
502.50000000000006 -750.8333333333333
513.3333333333333 -771.6666666666666
502.50000000000006 -750.8333333333333
513.3333333333333 -771.6666666666666
502.50000000000006 -750.8333333333333
513.3333333333333 -771.6666666666666
502.50000000000006 -750.8333333333333
513.3333333333333 -771.6666666666666
502.50000000000006 -750.8333333333333
502.50000000000006 -750.8333333333333
502.50000000000006 -750.8333333333333
502.50000000000006 -750.8333333333333
502.50000000000006 -750.8333333333333
502.50000000000006 -750.8333333333333
502.50000000000006 -750.8333333333333
502.50000000000006 -750.8333333333333
502.50000000000006 -750.8333333333333
502.50000000000006 -750.8333333333333
502.50000000000006 -750.8333333333333
502.50000000000006 -750.8333333333333
502.50000000000006 -750.8333333333333
502.50000000000006 -750.8333333333333
502.50000000000006 -750.8333333333333
502.50000000000006 -750.8333333333333
502.50000000000006 -750.8333333333333
502.50000000000006 -750.8333333333333
502.50000000000006 -750.8333333333333
502.50000000000006 -750.8333333333333
502.50000000000006 -750.8333333333333
502.50000000000006 -750.8333333333333
502.50000000000006 -750.8333333333333
502.50000000000006 -750.8333333333333
502.50000000000006 -750.8333333333333
502.50000000000006 -750.8333333333333
502.50000000000006 -750.8333333333333
502.50000000000006 -750.8333333333333
502.50000000000006 -750.8333333333333
502.50000000000006 -750.8333333333333
502.50000000000006 -750.8333333333333
502.50000000000006 -750.8333333333333
502.50000000000006 -750.8333333333333
502.50000000000006 -750.8333333333333
502.50000000000006 -750.8333333333333
502.50000000000006 -750.8333333333333
502.50000000000006 -750.8333333333333
502.50000000000006 -750.8333333333333
502.50000000000006 -750.8333333333333
502.50000000000006 -750.8333333333333
502.50000000000006 -750.8333333333333
502.50000000000006 -750.8333333333333
502.50000000000006 -750.8333333333333
502.50000000000006 -750.8333333333333
502.50000000000006 -750.8333333333333
502.50000000000006 -750.8333333333333
502.50000000000006 -750.8333333333333
502.50000000000006 -750.8333333333333
502.50000000000006 -750.8333333333333
502.50000000000006 -750.8333333333333
502.50000000000006 -750.8333333333333
502.50000000000006 -750.8333333333333
502.50000000000006 -750.8333333333333
513.3333333333333 -771.6666666666666
502.50000000000006 -750.8333333333333
502.50000000000006 -750.8333333333333
502.50000000000006 -750.8333333333333
502.50000000000006 -750.8333333333333
502.50000000000006 -750.8333333333333
502.50000000000006 -750.8333333333333
513.3333333333333 -771.6666666666666
502.50000000000006 -750.8333333333333
502.50000000000006 -750.8333333333333
502.50000000000006 -750.8333333333333
502.50000000000006 -750.8333333333333
502.50000000000006 -750.8333333333333
502.50000000000006 -750.8333333333333
502.50000000000006 -750.8333333333333
502.50000000000006 -750.8333333333333
502.50000000000006 -750.8333333333333
502.50000000000006 -750.8333333333333
502.50000000000006 -750.8333333333333
502.50000000000006 -750.8333333333333
502.50000000000006 -750.8333333333333
513.3333333333333 -771.6666666666666
513.3333333333333 -771.6666666666666
513.3333333333333 -771.6666666666666
502.50000000000006 -750.8333333333333
513.3333333333333 -771.6666666666666
502.50000000000006 -750.8333333333333
502.50000000000006 -750.8333333333333
502.50000000000006 -750.8333333333333
502.50000000000006 -750.8333333333333
502.50000000000006 -750.8333333333333
502.50000000000006 -750.8333333333333
502.50000000000006 -750.8333333333333
502.50000000000006 -750.8333333333333
502.50000000000006 -750.8333333333333
502.50000000000006 -750.8333333333333
502.50000000000006 -750.8333333333333
502.50000000000006 -750.8333333333333
502.50000000000006 -750.8333333333333
502.50000000000006 -750.8333333333333
