497.5 -725.8333333333335
497.5 -725.8333333333335
520.0 -785.0000000000002
500.8333333333333 -744.9999999999999
513.3333333333333 -780.0
502.50000000000006 -752.4999999999998
500.0 -736.6666666666666
498.3333333333333 -733.3333333333333
505.8333333333333 -770.8333333333334
502.50000000000006 -752.4999999999998
498.3333333333333 -733.3333333333333
500.0 -736.6666666666666
518.3333333333333 -782.5000000000002
504.1666666666667 -766.6666666666666
518.3333333333333 -782.5000000000002
517.5 -781.6666666666667
504.1666666666667 -766.6666666666666
517.5 -781.6666666666667
502.50000000000006 -752.4999999999998
498.3333333333333 -733.3333333333333
500.0 -736.6666666666666
502.50000000000006 -752.4999999999998
498.3333333333333 -733.3333333333333
500.0 -736.6666666666666
498.3333333333333 -733.3333333333333
498.3333333333333 -733.3333333333333
498.3333333333333 -733.3333333333333
503.33333333333337 -765.8333333333334
518.3333333333333 -782.5000000000002
502.50000000000006 -752.4999999999998
502.50000000000006 -752.4999999999998
505.8333333333333 -770.8333333333334
504.1666666666667 -766.6666666666666
510.8333333333333 -778.3333333333334
510.0 -777.5
510.8333333333333 -778.3333333333334
506.6666666666667 -771.6666666666667
515.8333333333334 -780.8333333333335
507.5 -775.0
518.3333333333333 -782.5000000000002
508.3333333333333 -775.8333333333334
505.8333333333333 -770.8333333333334
508.3333333333333 -775.8333333333334
503.33333333333337 -765.8333333333334
508.3333333333333 -775.8333333333334
508.3333333333333 -775.8333333333334
505.0 -770.0000000000001
