497.5 -725.8333333333335
521.6666666666667 -788.3333333333335
521.6666666666667 -788.3333333333335
497.5 -725.8333333333335
498.3333333333333 -734.1666666666666
500.8333333333333 -744.9999999999999
503.33333333333337 -765.8333333333334
502.50000000000006 -752.4999999999998
500.0 -736.6666666666666
502.5 -745.8333333333334
515.8333333333334 -781.6666666666669
512.5 -780.8333333333334
520.8333333333334 -787.5000000000001
508.3333333333333 -776.6666666666667
502.50000000000006 -752.4999999999998
517.5 -783.3333333333335
519.1666666666667 -785.8333333333335
507.5 -775.8333333333334
519.1666666666667 -785.8333333333335
517.5 -783.3333333333335
504.1666666666667 -766.6666666666666
505.0 -770.0000000000001
512.5 -780.8333333333334
510.0 -778.3333333333334
510.8333333333333 -779.1666666666667
515.8333333333334 -781.6666666666669
507.5 -775.8333333333334
505.83333333333337 -771.6666666666667
500.0 -736.6666666666666
505.83333333333337 -771.6666666666667
510.8333333333333 -779.1666666666667
510.0 -778.3333333333334
505.8333333333333 -770.8333333333334
503.33333333333337 -765.8333333333334
505.0 -770.0000000000001
504.1666666666667 -766.6666666666666
505.8333333333333 -770.8333333333334
497.5 -725.8333333333335
502.50000000000006 -752.4999999999998
519.1666666666667 -785.8333333333335
507.5 -775.8333333333334
500.0 -736.6666666666666
510.8333333333333 -779.1666666666667
510.0 -778.3333333333334
503.33333333333337 -765.8333333333334
505.0 -770.0000000000001
504.1666666666667 -766.6666666666666
505.8333333333333 -770.8333333333334
497.5 -725.8333333333335
502.50000000000006 -752.4999999999998
519.1666666666667 -785.8333333333335
507.5 -775.8333333333334
500.0 -736.6666666666666
510.8333333333333 -779.1666666666667
510.0 -778.3333333333334
503.33333333333337 -765.8333333333334
505.0 -770.0000000000001
504.1666666666667 -766.6666666666666
505.8333333333333 -770.8333333333334
497.5 -725.8333333333335
502.50000000000006 -752.4999999999998
519.1666666666667 -785.8333333333335
500.0 -736.6666666666666
510.8333333333333 -779.1666666666667
507.5 -775.8333333333334
505.8333333333333 -770.8333333333334
503.33333333333337 -765.8333333333334
505.0 -770.0000000000001
504.1666666666667 -766.6666666666666
497.5 -725.8333333333335
502.50000000000006 -752.4999999999998
519.1666666666667 -785.8333333333335
500.0 -736.6666666666666
510.8333333333333 -779.1666666666667
505.8333333333333 -770.8333333333334
503.33333333333337 -765.8333333333334
505.0 -770.0000000000001
504.1666666666667 -766.6666666666666
502.50000000000006 -752.4999999999998
519.1666666666667 -785.8333333333335
500.0 -736.6666666666666
510.8333333333333 -779.1666666666667
505.8333333333333 -770.8333333333334
503.33333333333337 -765.8333333333334
505.0 -770.0000000000001
504.1666666666667 -766.6666666666666
502.50000000000006 -752.4999999999998
519.1666666666667 -785.8333333333335
500.0 -736.6666666666666
505.8333333333333 -770.8333333333334
503.33333333333337 -765.8333333333334
505.0 -770.0000000000001
504.1666666666667 -766.6666666666666
502.50000000000006 -752.4999999999998
519.1666666666667 -785.8333333333335
505.8333333333333 -770.8333333333334
503.33333333333337 -765.8333333333334
505.0 -770.0000000000001
504.1666666666667 -766.6666666666666
502.50000000000006 -752.4999999999998
519.1666666666667 -785.8333333333335
505.8333333333333 -770.8333333333334
503.33333333333337 -765.8333333333334
505.0 -770.0000000000001
504.1666666666667 -766.6666666666666
502.50000000000006 -752.4999999999998
519.1666666666667 -785.8333333333335
505.8333333333333 -770.8333333333334
503.33333333333337 -765.8333333333334
505.0 -770.0000000000001
504.1666666666667 -766.6666666666666
502.50000000000006 -752.4999999999998
519.1666666666667 -785.8333333333335
505.8333333333333 -770.8333333333334
503.33333333333337 -765.8333333333334
505.0 -770.0000000000001
504.1666666666667 -766.6666666666666
502.50000000000006 -752.4999999999998
519.1666666666667 -785.8333333333335
505.8333333333333 -770.8333333333334
503.33333333333337 -765.8333333333334
505.0 -770.0000000000001
504.1666666666667 -766.6666666666666
502.50000000000006 -752.4999999999998
519.1666666666667 -785.8333333333335
505.8333333333333 -770.8333333333334
503.33333333333337 -765.8333333333334
505.0 -770.0000000000001
504.1666666666667 -766.6666666666666
502.50000000000006 -752.4999999999998
519.1666666666667 -785.8333333333335
505.8333333333333 -770.8333333333334
503.33333333333337 -765.8333333333334
505.0 -770.0000000000001
504.1666666666667 -766.6666666666666
502.50000000000006 -752.4999999999998
519.1666666666667 -785.8333333333335
505.8333333333333 -770.8333333333334
503.33333333333337 -765.8333333333334
505.0 -770.0000000000001
504.1666666666667 -766.6666666666666
502.50000000000006 -752.4999999999998
519.1666666666667 -785.8333333333335
505.8333333333333 -770.8333333333334
503.33333333333337 -765.8333333333334
505.0 -770.0000000000001
504.1666666666667 -766.6666666666666
502.50000000000006 -752.4999999999998
519.1666666666667 -785.8333333333335
505.8333333333333 -770.8333333333334
503.33333333333337 -765.8333333333334
505.0 -770.0000000000001
504.1666666666667 -766.6666666666666
502.50000000000006 -752.4999999999998
519.1666666666667 -785.8333333333335
505.8333333333333 -770.8333333333334
503.33333333333337 -765.8333333333334
505.0 -770.0000000000001
504.1666666666667 -766.6666666666666
502.50000000000006 -752.4999999999998
519.1666666666667 -785.8333333333335
505.8333333333333 -770.8333333333334
503.33333333333337 -765.8333333333334
505.0 -770.0000000000001
504.1666666666667 -766.6666666666666
502.50000000000006 -752.4999999999998
505.8333333333333 -770.8333333333334
503.33333333333337 -765.8333333333334
505.0 -770.0000000000001
504.1666666666667 -766.6666666666666
502.50000000000006 -752.4999999999998
505.8333333333333 -770.8333333333334
503.33333333333337 -765.8333333333334
505.0 -770.0000000000001
504.1666666666667 -766.6666666666666
502.50000000000006 -752.4999999999998
505.8333333333333 -770.8333333333334
503.33333333333337 -765.8333333333334
505.0 -770.0000000000001
504.1666666666667 -766.6666666666666
502.50000000000006 -752.4999999999998
505.8333333333333 -770.8333333333334
503.33333333333337 -765.8333333333334
505.0 -770.0000000000001
504.1666666666667 -766.6666666666666
502.50000000000006 -752.4999999999998
505.8333333333333 -770.8333333333334
503.33333333333337 -765.8333333333334
505.0 -770.0000000000001
504.1666666666667 -766.6666666666666
502.50000000000006 -752.4999999999998
505.8333333333333 -770.8333333333334
503.33333333333337 -765.8333333333334
505.0 -770.0000000000001
504.1666666666667 -766.6666666666666
502.50000000000006 -752.4999999999998
505.8333333333333 -770.8333333333334
503.33333333333337 -765.8333333333334
505.0 -770.0000000000001
504.1666666666667 -766.6666666666666
