497.5 -725.8333333333335
524.1666666666667 -791.6666666666669
497.5 -725.8333333333335
524.1666666666667 -791.6666666666669
503.33333333333337 -765.8333333333334
500.8333333333333 -744.9999999999999
502.50000000000006 -752.4999999999998
500.0 -736.6666666666666
498.3333333333333 -734.1666666666666
502.5 -745.8333333333334
502.50000000000006 -752.4999999999998
520.0 -787.5000000000001
517.5 -786.6666666666667
516.6666666666666 -785.8333333333334
520.8333333333335 -788.3333333333335
504.1666666666667 -766.6666666666666
505.0 -770.0000000000001
506.6666666666667 -772.5
507.5 -775.8333333333334
498.3333333333333 -734.1666666666666
500.0 -736.6666666666666
523.3333333333334 -790.0000000000002
520.0 -787.5000000000001
517.5 -786.6666666666667
515.0 -784.1666666666666
509.1666666666667 -777.5
522.5 -790.0000000000001
513.3333333333333 -782.5
514.1666666666666 -783.3333333333334
508.3333333333333 -776.6666666666667
515.8333333333333 -785.0
514.1666666666666 -783.3333333333334
507.5 -775.8333333333334
511.66666666666663 -780.0
512.5 -781.6666666666666
510.0 -778.3333333333334
505.8333333333333 -770.8333333333334
505.83333333333337 -771.6666666666667
511.6666666666667 -780.8333333333334
510.8333333333333 -779.1666666666667
510.0 -778.3333333333334
503.33333333333337 -765.8333333333334
505.0 -770.0000000000001
508.3333333333333 -776.6666666666667
510.8333333333333 -779.1666666666667
504.1666666666667 -766.6666666666666
506.6666666666667 -772.5
509.1666666666667 -777.5
515.8333333333333 -785.0
513.3333333333333 -782.5
521.6666666666667 -789.1666666666667
521.6666666666667 -789.1666666666667
515.0 -784.1666666666666
512.5 -781.6666666666666
523.3333333333334 -790.0000000000002
522.5 -790.0000000000001
502.5 -745.8333333333334
505.83333333333337 -771.6666666666667
511.6666666666667 -780.8333333333334
511.66666666666663 -780.0
505.8333333333333 -770.8333333333334
524.1666666666667 -791.6666666666669
497.5 -725.8333333333335
502.50000000000006 -752.4999999999998
500.0 -736.6666666666666
517.5 -786.6666666666667
514.1666666666666 -783.3333333333334
507.5 -775.8333333333334
510.0 -778.3333333333334
503.33333333333337 -765.8333333333334
505.0 -770.0000000000001
508.3333333333333 -776.6666666666667
510.8333333333333 -779.1666666666667
504.1666666666667 -766.6666666666666
509.1666666666667 -777.5
506.6666666666667 -772.5
515.8333333333333 -785.0
513.3333333333333 -782.5
512.5 -781.6666666666666
515.0 -784.1666666666666
523.3333333333334 -790.0000000000002
522.5 -790.0000000000001
502.5 -745.8333333333334
511.6666666666667 -780.8333333333334
505.83333333333337 -771.6666666666667
505.8333333333333 -770.8333333333334
511.66666666666663 -780.0
524.1666666666667 -791.6666666666669
497.5 -725.8333333333335
502.50000000000006 -752.4999999999998
517.5 -786.6666666666667
500.0 -736.6666666666666
515.8333333333333 -785.0
514.1666666666666 -783.3333333333334
507.5 -775.8333333333334
510.0 -778.3333333333334
503.33333333333337 -765.8333333333334
505.0 -770.0000000000001
508.3333333333333 -776.6666666666667
510.8333333333333 -779.1666666666667
506.6666666666667 -772.5
509.1666666666667 -777.5
504.1666666666667 -766.6666666666666
513.3333333333333 -782.5
512.5 -781.6666666666666
515.0 -784.1666666666666
523.3333333333334 -790.0000000000002
522.5 -790.0000000000001
502.5 -745.8333333333334
505.83333333333337 -771.6666666666667
511.6666666666667 -780.8333333333334
505.8333333333333 -770.8333333333334
511.66666666666663 -780.0
524.1666666666667 -791.6666666666669
497.5 -725.8333333333335
502.50000000000006 -752.4999999999998
517.5 -786.6666666666667
500.0 -736.6666666666666
515.8333333333333 -785.0
514.1666666666666 -783.3333333333334
507.5 -775.8333333333334
510.0 -778.3333333333334
503.33333333333337 -765.8333333333334
505.0 -770.0000000000001
508.3333333333333 -776.6666666666667
510.8333333333333 -779.1666666666667
506.6666666666667 -772.5
504.1666666666667 -766.6666666666666
509.1666666666667 -777.5
513.3333333333333 -782.5
512.5 -781.6666666666666
515.0 -784.1666666666666
523.3333333333334 -790.0000000000002
522.5 -790.0000000000001
505.83333333333337 -771.6666666666667
511.6666666666667 -780.8333333333334
505.8333333333333 -770.8333333333334
511.66666666666663 -780.0
524.1666666666667 -791.6666666666669
497.5 -725.8333333333335
502.50000000000006 -752.4999999999998
517.5 -786.6666666666667
500.0 -736.6666666666666
515.8333333333333 -785.0
514.1666666666666 -783.3333333333334
507.5 -775.8333333333334
510.0 -778.3333333333334
503.33333333333337 -765.8333333333334
505.0 -770.0000000000001
508.3333333333333 -776.6666666666667
510.8333333333333 -779.1666666666667
509.1666666666667 -777.5
506.6666666666667 -772.5
504.1666666666667 -766.6666666666666
513.3333333333333 -782.5
515.0 -784.1666666666666
512.5 -781.6666666666666
523.3333333333334 -790.0000000000002
522.5 -790.0000000000001
505.83333333333337 -771.6666666666667
511.6666666666667 -780.8333333333334
505.8333333333333 -770.8333333333334
511.66666666666663 -780.0
497.5 -725.8333333333335
502.50000000000006 -752.4999999999998
517.5 -786.6666666666667
500.0 -736.6666666666666
515.8333333333333 -785.0
514.1666666666666 -783.3333333333334
507.5 -775.8333333333334
510.0 -778.3333333333334
503.33333333333337 -765.8333333333334
505.0 -770.0000000000001
508.3333333333333 -776.6666666666667
510.8333333333333 -779.1666666666667
506.6666666666667 -772.5
509.1666666666667 -777.5
504.1666666666667 -766.6666666666666
513.3333333333333 -782.5
515.0 -784.1666666666666
512.5 -781.6666666666666
523.3333333333334 -790.0000000000002
522.5 -790.0000000000001
505.83333333333337 -771.6666666666667
511.6666666666667 -780.8333333333334
505.8333333333333 -770.8333333333334
511.66666666666663 -780.0
497.5 -725.8333333333335
502.50000000000006 -752.4999999999998
517.5 -786.6666666666667
500.0 -736.6666666666666
515.8333333333333 -785.0
514.1666666666666 -783.3333333333334
507.5 -775.8333333333334
510.0 -778.3333333333334
503.33333333333337 -765.8333333333334
505.0 -770.0000000000001
508.3333333333333 -776.6666666666667
510.8333333333333 -779.1666666666667
506.6666666666667 -772.5
