497.5 -725.8333333333335
524.1666666666667 -791.6666666666669
497.5 -725.8333333333335
524.1666666666667 -791.6666666666669
503.33333333333337 -765.8333333333334
500.8333333333333 -744.9999999999999
502.50000000000006 -752.4999999999998
517.5 -788.3333333333334
502.5 -745.8333333333334
500.0 -736.6666666666666
498.3333333333333 -734.1666666666666
520.8333333333335 -788.3333333333335
502.50000000000006 -752.4999999999998
499.16666666666663 -734.9999999999999
516.6666666666666 -785.8333333333334
504.1666666666667 -766.6666666666666
505.0 -770.0000000000001
506.6666666666667 -774.1666666666666
507.5 -777.5
510.0 -780.0
508.3333333333333 -778.3333333333334
515.0 -785.8333333333333
505.8333333333333 -770.8333333333334
505.83333333333337 -773.3333333333334
500.0 -736.6666666666666
508.3333333333333 -778.3333333333334
510.8333333333333 -780.8333333333334
511.6666666666667 -782.5
510.0 -780.0
523.3333333333334 -790.8333333333335
523.3333333333334 -790.8333333333335
513.3333333333333 -784.1666666666666
514.1666666666666 -785.0
510.8333333333333 -780.8333333333334
522.5 -790.0000000000001
511.6666666666667 -782.5
514.1666666666666 -785.0
507.5 -777.5
512.5 -783.3333333333333
503.33333333333337 -765.8333333333334
498.3333333333333 -734.1666666666666
505.0 -770.0000000000001
506.6666666666667 -774.1666666666666
504.1666666666667 -766.6666666666666
513.3333333333333 -784.1666666666666
522.5 -790.0000000000001
521.6666666666667 -789.1666666666667
512.5 -783.3333333333333
521.6666666666667 -789.1666666666667
515.0 -785.8333333333333
516.6666666666666 -785.8333333333334
520.8333333333335 -788.3333333333335
502.5 -745.8333333333334
505.83333333333337 -773.3333333333334
505.8333333333333 -770.8333333333334
497.5 -725.8333333333335
524.1666666666667 -791.6666666666669
502.50000000000006 -752.4999999999998
500.0 -736.6666666666666
508.3333333333333 -778.3333333333334
510.0 -780.0
510.8333333333333 -780.8333333333334
523.3333333333334 -790.8333333333335
511.6666666666667 -782.5
514.1666666666666 -785.0
507.5 -777.5
503.33333333333337 -765.8333333333334
498.3333333333333 -734.1666666666666
505.0 -770.0000000000001
506.6666666666667 -774.1666666666666
504.1666666666667 -766.6666666666666
522.5 -790.0000000000001
513.3333333333333 -784.1666666666666
521.6666666666667 -789.1666666666667
515.0 -785.8333333333333
516.6666666666666 -785.8333333333334
520.8333333333335 -788.3333333333335
502.5 -745.8333333333334
505.83333333333337 -773.3333333333334
505.8333333333333 -770.8333333333334
524.1666666666667 -791.6666666666669
497.5 -725.8333333333335
502.50000000000006 -752.4999999999998
500.0 -736.6666666666666
508.3333333333333 -778.3333333333334
510.0 -780.0
523.3333333333334 -790.8333333333335
510.8333333333333 -780.8333333333334
511.6666666666667 -782.5
514.1666666666666 -785.0
507.5 -777.5
503.33333333333337 -765.8333333333334
498.3333333333333 -734.1666666666666
505.0 -770.0000000000001
504.1666666666667 -766.6666666666666
513.3333333333333 -784.1666666666666
522.5 -790.0000000000001
521.6666666666667 -789.1666666666667
515.0 -785.8333333333333
516.6666666666666 -785.8333333333334
520.8333333333335 -788.3333333333335
502.5 -745.8333333333334
505.83333333333337 -773.3333333333334
505.8333333333333 -770.8333333333334
497.5 -725.8333333333335
524.1666666666667 -791.6666666666669
502.50000000000006 -752.4999999999998
500.0 -736.6666666666666
508.3333333333333 -778.3333333333334
510.0 -780.0
510.8333333333333 -780.8333333333334
523.3333333333334 -790.8333333333335
511.6666666666667 -782.5
514.1666666666666 -785.0
507.5 -777.5
503.33333333333337 -765.8333333333334
505.0 -770.0000000000001
504.1666666666667 -766.6666666666666
522.5 -790.0000000000001
513.3333333333333 -784.1666666666666
521.6666666666667 -789.1666666666667
515.0 -785.8333333333333
516.6666666666666 -785.8333333333334
520.8333333333335 -788.3333333333335
502.5 -745.8333333333334
505.83333333333337 -773.3333333333334
505.8333333333333 -770.8333333333334
524.1666666666667 -791.6666666666669
497.5 -725.8333333333335
502.50000000000006 -752.4999999999998
500.0 -736.6666666666666
508.3333333333333 -778.3333333333334
510.0 -780.0
523.3333333333334 -790.8333333333335
510.8333333333333 -780.8333333333334
511.6666666666667 -782.5
514.1666666666666 -785.0
507.5 -777.5
503.33333333333337 -765.8333333333334
505.0 -770.0000000000001
504.1666666666667 -766.6666666666666
513.3333333333333 -784.1666666666666
522.5 -790.0000000000001
521.6666666666667 -789.1666666666667
515.0 -785.8333333333333
516.6666666666666 -785.8333333333334
520.8333333333335 -788.3333333333335
502.5 -745.8333333333334
505.83333333333337 -773.3333333333334
505.8333333333333 -770.8333333333334
497.5 -725.8333333333335
524.1666666666667 -791.6666666666669
502.50000000000006 -752.4999999999998
500.0 -736.6666666666666
508.3333333333333 -778.3333333333334
510.0 -780.0
523.3333333333334 -790.8333333333335
510.8333333333333 -780.8333333333334
511.6666666666667 -782.5
514.1666666666666 -785.0
507.5 -777.5
503.33333333333337 -765.8333333333334
505.0 -770.0000000000001
504.1666666666667 -766.6666666666666
513.3333333333333 -784.1666666666666
522.5 -790.0000000000001
521.6666666666667 -789.1666666666667
515.0 -785.8333333333333
516.6666666666666 -785.8333333333334
520.8333333333335 -788.3333333333335
502.5 -745.8333333333334
505.83333333333337 -773.3333333333334
505.8333333333333 -770.8333333333334
497.5 -725.8333333333335
524.1666666666667 -791.6666666666669
502.50000000000006 -752.4999999999998
500.0 -736.6666666666666
510.0 -780.0
510.8333333333333 -780.8333333333334
523.3333333333334 -790.8333333333335
511.6666666666667 -782.5
514.1666666666666 -785.0
507.5 -777.5
503.33333333333337 -765.8333333333334
505.0 -770.0000000000001
504.1666666666667 -766.6666666666666
513.3333333333333 -784.1666666666666
522.5 -790.0000000000001
521.6666666666667 -789.1666666666667
515.0 -785.8333333333333
516.6666666666666 -785.8333333333334
520.8333333333335 -788.3333333333335
502.5 -745.8333333333334
505.83333333333337 -773.3333333333334
505.8333333333333 -770.8333333333334
497.5 -725.8333333333335
524.1666666666667 -791.6666666666669
502.50000000000006 -752.4999999999998
500.0 -736.6666666666666
510.0 -780.0
