497.5 -725.8333333333335
524.1666666666667 -791.6666666666669
524.1666666666667 -791.6666666666669
497.5 -725.8333333333335
503.33333333333337 -765.8333333333334
500.8333333333333 -744.9999999999999
502.50000000000006 -752.4999999999998
507.5 -779.1666666666667
502.5 -745.8333333333334
500.0 -736.6666666666666
498.3333333333333 -734.1666666666666
517.5 -788.3333333333334
520.8333333333335 -788.3333333333335
502.50000000000006 -752.4999999999998
510.0 -780.0
506.6666666666667 -774.1666666666666
499.16666666666663 -734.9999999999999
511.66666666666663 -783.3333333333334
515.8333333333333 -786.6666666666666
504.1666666666667 -766.6666666666666
505.0 -770.0000000000001
515.0 -785.8333333333333
513.3333333333333 -785.0
505.8333333333333 -770.8333333333334
510.8333333333333 -782.5
505.83333333333337 -773.3333333333334
500.0 -736.6666666666666
516.6666666666666 -787.5
523.3333333333334 -790.8333333333335
516.6666666666666 -787.5
523.3333333333334 -790.8333333333335
522.5 -790.0000000000001
512.5 -784.1666666666667
510.8333333333333 -782.5
503.33333333333337 -765.8333333333334
507.5 -779.1666666666667
498.3333333333333 -734.1666666666666
505.0 -770.0000000000001
510.0 -780.0
506.6666666666667 -774.1666666666666
504.1666666666667 -766.6666666666666
522.5 -790.0000000000001
512.5 -784.1666666666667
521.6666666666667 -789.1666666666667
513.3333333333333 -785.0
521.6666666666667 -789.1666666666667
515.0 -785.8333333333333
517.5 -788.3333333333334
520.8333333333335 -788.3333333333335
502.5 -745.8333333333334
505.83333333333337 -773.3333333333334
505.8333333333333 -770.8333333333334
497.5 -725.8333333333335
524.1666666666667 -791.6666666666669
502.50000000000006 -752.4999999999998
500.0 -736.6666666666666
523.3333333333334 -790.8333333333335
503.33333333333337 -765.8333333333334
498.3333333333333 -734.1666666666666
505.0 -770.0000000000001
510.0 -780.0
504.1666666666667 -766.6666666666666
506.6666666666667 -774.1666666666666
522.5 -790.0000000000001
521.6666666666667 -789.1666666666667
515.0 -785.8333333333333
517.5 -788.3333333333334
520.8333333333335 -788.3333333333335
502.5 -745.8333333333334
505.83333333333337 -773.3333333333334
505.8333333333333 -770.8333333333334
497.5 -725.8333333333335
524.1666666666667 -791.6666666666669
502.50000000000006 -752.4999999999998
500.0 -736.6666666666666
523.3333333333334 -790.8333333333335
503.33333333333337 -765.8333333333334
498.3333333333333 -734.1666666666666
505.0 -770.0000000000001
504.1666666666667 -766.6666666666666
510.0 -780.0
506.6666666666667 -774.1666666666666
522.5 -790.0000000000001
521.6666666666667 -789.1666666666667
515.0 -785.8333333333333
520.8333333333335 -788.3333333333335
502.5 -745.8333333333334
505.83333333333337 -773.3333333333334
505.8333333333333 -770.8333333333334
497.5 -725.8333333333335
524.1666666666667 -791.6666666666669
502.50000000000006 -752.4999999999998
500.0 -736.6666666666666
523.3333333333334 -790.8333333333335
503.33333333333337 -765.8333333333334
505.0 -770.0000000000001
510.0 -780.0
506.6666666666667 -774.1666666666666
504.1666666666667 -766.6666666666666
522.5 -790.0000000000001
521.6666666666667 -789.1666666666667
515.0 -785.8333333333333
520.8333333333335 -788.3333333333335
502.5 -745.8333333333334
505.83333333333337 -773.3333333333334
505.8333333333333 -770.8333333333334
497.5 -725.8333333333335
524.1666666666667 -791.6666666666669
502.50000000000006 -752.4999999999998
500.0 -736.6666666666666
523.3333333333334 -790.8333333333335
503.33333333333337 -765.8333333333334
505.0 -770.0000000000001
506.6666666666667 -774.1666666666666
504.1666666666667 -766.6666666666666
510.0 -780.0
522.5 -790.0000000000001
521.6666666666667 -789.1666666666667
515.0 -785.8333333333333
520.8333333333335 -788.3333333333335
502.5 -745.8333333333334
505.83333333333337 -773.3333333333334
505.8333333333333 -770.8333333333334
497.5 -725.8333333333335
524.1666666666667 -791.6666666666669
502.50000000000006 -752.4999999999998
500.0 -736.6666666666666
523.3333333333334 -790.8333333333335
503.33333333333337 -765.8333333333334
505.0 -770.0000000000001
504.1666666666667 -766.6666666666666
510.0 -780.0
506.6666666666667 -774.1666666666666
522.5 -790.0000000000001
515.0 -785.8333333333333
521.6666666666667 -789.1666666666667
520.8333333333335 -788.3333333333335
502.5 -745.8333333333334
505.83333333333337 -773.3333333333334
505.8333333333333 -770.8333333333334
497.5 -725.8333333333335
524.1666666666667 -791.6666666666669
502.50000000000006 -752.4999999999998
500.0 -736.6666666666666
523.3333333333334 -790.8333333333335
503.33333333333337 -765.8333333333334
505.0 -770.0000000000001
510.0 -780.0
506.6666666666667 -774.1666666666666
504.1666666666667 -766.6666666666666
522.5 -790.0000000000001
515.0 -785.8333333333333
521.6666666666667 -789.1666666666667
520.8333333333335 -788.3333333333335
502.5 -745.8333333333334
505.83333333333337 -773.3333333333334
505.8333333333333 -770.8333333333334
497.5 -725.8333333333335
524.1666666666667 -791.6666666666669
502.50000000000006 -752.4999999999998
500.0 -736.6666666666666
523.3333333333334 -790.8333333333335
503.33333333333337 -765.8333333333334
505.0 -770.0000000000001
506.6666666666667 -774.1666666666666
510.0 -780.0
504.1666666666667 -766.6666666666666
522.5 -790.0000000000001
521.6666666666667 -789.1666666666667
515.0 -785.8333333333333
520.8333333333335 -788.3333333333335
502.5 -745.8333333333334
505.83333333333337 -773.3333333333334
505.8333333333333 -770.8333333333334
524.1666666666667 -791.6666666666669
497.5 -725.8333333333335
502.50000000000006 -752.4999999999998
510.0 -780.0
523.3333333333334 -790.8333333333335
503.33333333333337 -765.8333333333334
505.0 -770.0000000000001
504.1666666666667 -766.6666666666666
506.6666666666667 -774.1666666666666
522.5 -790.0000000000001
521.6666666666667 -789.1666666666667
515.0 -785.8333333333333
520.8333333333335 -788.3333333333335
505.83333333333337 -773.3333333333334
505.8333333333333 -770.8333333333334
524.1666666666667 -791.6666666666669
502.50000000000006 -752.4999999999998
510.0 -780.0
523.3333333333334 -790.8333333333335
503.33333333333337 -765.8333333333334
505.0 -770.0000000000001
504.1666666666667 -766.6666666666666
506.6666666666667 -774.1666666666666
522.5 -790.0000000000001
515.0 -785.8333333333333
521.6666666666667 -789.1666666666667
