497.5 -725.8333333333335
524.1666666666667 -791.6666666666669
524.1666666666667 -791.6666666666669
497.5 -725.8333333333335
517.5 -790.0
503.33333333333337 -765.8333333333334
500.8333333333333 -744.9999999999999
502.50000000000006 -752.4999999999998
522.5 -790.0000000000001
502.5 -745.8333333333334
500.0 -736.6666666666666
498.3333333333333 -734.1666666666666
515.8333333333333 -788.3333333333333
506.6666666666667 -775.8333333333334
502.50000000000006 -752.4999999999998
510.0 -781.6666666666667
499.16666666666663 -734.9999999999999
504.1666666666667 -766.6666666666666
505.83333333333337 -774.1666666666667
507.5 -779.1666666666667
508.3333333333333 -780.0000000000001
500.0 -736.6666666666666
515.0 -786.6666666666667
508.3333333333333 -780.0000000000001
514.1666666666666 -785.8333333333334
523.3333333333334 -790.8333333333335
514.1666666666666 -785.8333333333334
511.66666666666663 -783.3333333333334
523.3333333333334 -790.8333333333335
512.5 -784.1666666666667
513.3333333333333 -785.0
507.5 -779.1666666666667
511.66666666666663 -783.3333333333334
510.8333333333333 -782.5
503.33333333333337 -765.8333333333334
498.3333333333333 -734.1666666666666
510.8333333333333 -782.5
504.1666666666667 -766.6666666666666
513.3333333333333 -785.0
515.0 -786.6666666666667
512.5 -784.1666666666667
522.5 -790.0000000000001
505.83333333333337 -774.1666666666667
502.5 -745.8333333333334
497.5 -725.8333333333335
524.1666666666667 -791.6666666666669
502.50000000000006 -752.4999999999998
500.0 -736.6666666666666
508.3333333333333 -780.0000000000001
523.3333333333334 -790.8333333333335
507.5 -779.1666666666667
511.66666666666663 -783.3333333333334
503.33333333333337 -765.8333333333334
498.3333333333333 -734.1666666666666
510.8333333333333 -782.5
504.1666666666667 -766.6666666666666
513.3333333333333 -785.0
512.5 -784.1666666666667
515.0 -786.6666666666667
522.5 -790.0000000000001
505.83333333333337 -774.1666666666667
502.5 -745.8333333333334
497.5 -725.8333333333335
524.1666666666667 -791.6666666666669
502.50000000000006 -752.4999999999998
500.0 -736.6666666666666
523.3333333333334 -790.8333333333335
507.5 -779.1666666666667
511.66666666666663 -783.3333333333334
503.33333333333337 -765.8333333333334
498.3333333333333 -734.1666666666666
510.8333333333333 -782.5
504.1666666666667 -766.6666666666666
513.3333333333333 -785.0
512.5 -784.1666666666667
522.5 -790.0000000000001
502.5 -745.8333333333334
524.1666666666667 -791.6666666666669
497.5 -725.8333333333335
502.50000000000006 -752.4999999999998
500.0 -736.6666666666666
523.3333333333334 -790.8333333333335
507.5 -779.1666666666667
511.66666666666663 -783.3333333333334
503.33333333333337 -765.8333333333334
498.3333333333333 -734.1666666666666
504.1666666666667 -766.6666666666666
513.3333333333333 -785.0
512.5 -784.1666666666667
522.5 -790.0000000000001
502.5 -745.8333333333334
497.5 -725.8333333333335
524.1666666666667 -791.6666666666669
502.50000000000006 -752.4999999999998
500.0 -736.6666666666666
523.3333333333334 -790.8333333333335
507.5 -779.1666666666667
511.66666666666663 -783.3333333333334
503.33333333333337 -765.8333333333334
504.1666666666667 -766.6666666666666
513.3333333333333 -785.0
512.5 -784.1666666666667
522.5 -790.0000000000001
502.5 -745.8333333333334
497.5 -725.8333333333335
524.1666666666667 -791.6666666666669
502.50000000000006 -752.4999999999998
500.0 -736.6666666666666
523.3333333333334 -790.8333333333335
507.5 -779.1666666666667
503.33333333333337 -765.8333333333334
504.1666666666667 -766.6666666666666
513.3333333333333 -785.0
512.5 -784.1666666666667
522.5 -790.0000000000001
502.5 -745.8333333333334
524.1666666666667 -791.6666666666669
497.5 -725.8333333333335
502.50000000000006 -752.4999999999998
500.0 -736.6666666666666
523.3333333333334 -790.8333333333335
507.5 -779.1666666666667
503.33333333333337 -765.8333333333334
504.1666666666667 -766.6666666666666
513.3333333333333 -785.0
512.5 -784.1666666666667
522.5 -790.0000000000001
502.5 -745.8333333333334
524.1666666666667 -791.6666666666669
497.5 -725.8333333333335
502.50000000000006 -752.4999999999998
507.5 -779.1666666666667
500.0 -736.6666666666666
513.3333333333333 -785.0
523.3333333333334 -790.8333333333335
503.33333333333337 -765.8333333333334
504.1666666666667 -766.6666666666666
512.5 -784.1666666666667
522.5 -790.0000000000001
502.5 -745.8333333333334
497.5 -725.8333333333335
524.1666666666667 -791.6666666666669
502.50000000000006 -752.4999999999998
507.5 -779.1666666666667
500.0 -736.6666666666666
513.3333333333333 -785.0
523.3333333333334 -790.8333333333335
503.33333333333337 -765.8333333333334
504.1666666666667 -766.6666666666666
522.5 -790.0000000000001
502.5 -745.8333333333334
497.5 -725.8333333333335
524.1666666666667 -791.6666666666669
502.50000000000006 -752.4999999999998
507.5 -779.1666666666667
500.0 -736.6666666666666
513.3333333333333 -785.0
523.3333333333334 -790.8333333333335
503.33333333333337 -765.8333333333334
504.1666666666667 -766.6666666666666
522.5 -790.0000000000001
502.5 -745.8333333333334
497.5 -725.8333333333335
524.1666666666667 -791.6666666666669
502.50000000000006 -752.4999999999998
500.0 -736.6666666666666
523.3333333333334 -790.8333333333335
503.33333333333337 -765.8333333333334
504.1666666666667 -766.6666666666666
513.3333333333333 -785.0
522.5 -790.0000000000001
502.5 -745.8333333333334
497.5 -725.8333333333335
524.1666666666667 -791.6666666666669
502.50000000000006 -752.4999999999998
523.3333333333334 -790.8333333333335
503.33333333333337 -765.8333333333334
524.1666666666667 -791.6666666666669
524.1666666666667 -791.6666666666669
504.1666666666667 -766.6666666666666
503.33333333333337 -765.8333333333334
503.33333333333337 -765.8333333333334
523.3333333333334 -790.8333333333335
511.66666666666663 -783.3333333333334
524.1666666666667 -791.6666666666669
522.5 -790.0000000000001
507.5 -779.1666666666667
513.3333333333333 -785.0
511.66666666666663 -783.3333333333334
507.5 -779.1666666666667
497.5 -725.8333333333335
500.0 -736.6666666666666
507.5 -779.1666666666667
513.3333333333333 -785.0
512.5 -784.1666666666667
508.3333333333333 -780.0000000000001
511.66666666666663 -783.3333333333334
505.0 -771.6666666666667
