497.5 -725.8333333333335
524.1666666666667 -791.6666666666669
524.1666666666667 -791.6666666666669
497.5 -725.8333333333335
503.33333333333337 -767.5000000000001
500.8333333333333 -744.9999999999999
502.50000000000006 -752.4999999999998
507.5 -780.8333333333334
505.0 -771.6666666666669
522.5 -790.0000000000001
517.5 -790.0
502.5 -745.8333333333334
500.0 -736.6666666666666
498.3333333333333 -734.1666666666666
502.50000000000006 -752.4999999999998
506.6666666666667 -775.8333333333334
510.0 -781.6666666666667
499.16666666666663 -734.9999999999999
503.33333333333337 -767.5000000000001
505.83333333333337 -775.0000000000001
500.0 -736.6666666666666
511.66666666666663 -783.3333333333334
512.5 -784.9999999999999
512.5 -784.9999999999999
516.6666666666666 -789.1666666666666
515.0 -787.4999999999999
523.3333333333334 -790.8333333333335
515.8333333333333 -788.3333333333333
514.1666666666666 -786.6666666666666
516.6666666666666 -789.1666666666666
513.3333333333333 -785.8333333333333
511.66666666666663 -783.3333333333334
523.3333333333334 -790.8333333333335
505.83333333333337 -775.0000000000001
514.1666666666666 -786.6666666666666
510.8333333333333 -782.5
510.0 -781.6666666666667
498.3333333333333 -734.1666666666666
506.6666666666667 -775.8333333333334
510.8333333333333 -782.5
515.8333333333333 -788.3333333333333
513.3333333333333 -785.8333333333333
515.0 -787.4999999999999
517.5 -790.0
522.5 -790.0000000000001
502.5 -745.8333333333334
497.5 -725.8333333333335
524.1666666666667 -791.6666666666669
502.50000000000006 -752.4999999999998
500.0 -736.6666666666666
510.0 -781.6666666666667
511.66666666666663 -783.3333333333334
523.3333333333334 -790.8333333333335
505.83333333333337 -775.0000000000001
514.1666666666666 -786.6666666666666
498.3333333333333 -734.1666666666666
510.8333333333333 -782.5
513.3333333333333 -785.8333333333333
515.0 -787.4999999999999
522.5 -790.0000000000001
502.5 -745.8333333333334
524.1666666666667 -791.6666666666669
497.5 -725.8333333333335
502.50000000000006 -752.4999999999998
500.0 -736.6666666666666
510.0 -781.6666666666667
511.66666666666663 -783.3333333333334
523.3333333333334 -790.8333333333335
498.3333333333333 -734.1666666666666
510.8333333333333 -782.5
513.3333333333333 -785.8333333333333
522.5 -790.0000000000001
502.5 -745.8333333333334
497.5 -725.8333333333335
524.1666666666667 -791.6666666666669
502.50000000000006 -752.4999999999998
500.0 -736.6666666666666
510.0 -781.6666666666667
511.66666666666663 -783.3333333333334
523.3333333333334 -790.8333333333335
498.3333333333333 -734.1666666666666
510.8333333333333 -782.5
522.5 -790.0000000000001
502.5 -745.8333333333334
524.1666666666667 -791.6666666666669
497.5 -725.8333333333335
502.50000000000006 -752.4999999999998
500.0 -736.6666666666666
510.0 -781.6666666666667
523.3333333333334 -790.8333333333335
511.66666666666663 -783.3333333333334
498.3333333333333 -734.1666666666666
510.8333333333333 -782.5
522.5 -790.0000000000001
502.5 -745.8333333333334
497.5 -725.8333333333335
524.1666666666667 -791.6666666666669
502.50000000000006 -752.4999999999998
500.0 -736.6666666666666
510.0 -781.6666666666667
523.3333333333334 -790.8333333333335
511.66666666666663 -783.3333333333334
510.8333333333333 -782.5
522.5 -790.0000000000001
502.5 -745.8333333333334
497.5 -725.8333333333335
524.1666666666667 -791.6666666666669
502.50000000000006 -752.4999999999998
500.0 -736.6666666666666
510.0 -781.6666666666667
523.3333333333334 -790.8333333333335
511.66666666666663 -783.3333333333334
510.8333333333333 -782.5
522.5 -790.0000000000001
502.5 -745.8333333333334
524.1666666666667 -791.6666666666669
497.5 -725.8333333333335
502.50000000000006 -752.4999999999998
500.0 -736.6666666666666
510.0 -781.6666666666667
523.3333333333334 -790.8333333333335
511.66666666666663 -783.3333333333334
510.8333333333333 -782.5
522.5 -790.0000000000001
502.5 -745.8333333333334
497.5 -725.8333333333335
524.1666666666667 -791.6666666666669
502.50000000000006 -752.4999999999998
500.0 -736.6666666666666
510.0 -781.6666666666667
523.3333333333334 -790.8333333333335
511.66666666666663 -783.3333333333334
510.8333333333333 -782.5
522.5 -790.0000000000001
502.5 -745.8333333333334
497.5 -725.8333333333335
524.1666666666667 -791.6666666666669
502.50000000000006 -752.4999999999998
500.0 -736.6666666666666
510.0 -781.6666666666667
523.3333333333334 -790.8333333333335
511.66666666666663 -783.3333333333334
510.8333333333333 -782.5
522.5 -790.0000000000001
502.5 -745.8333333333334
497.5 -725.8333333333335
524.1666666666667 -791.6666666666669
502.50000000000006 -752.4999999999998
500.0 -736.6666666666666
523.3333333333334 -790.8333333333335
511.66666666666663 -783.3333333333334
510.8333333333333 -782.5
522.5 -790.0000000000001
502.5 -745.8333333333334
524.1666666666667 -791.6666666666669
497.5 -725.8333333333335
502.50000000000006 -752.4999999999998
500.0 -736.6666666666666
523.3333333333334 -790.8333333333335
511.66666666666663 -783.3333333333334
510.8333333333333 -782.5
522.5 -790.0000000000001
502.5 -745.8333333333334
497.5 -725.8333333333335
524.1666666666667 -791.6666666666669
502.50000000000006 -752.4999999999998
500.0 -736.6666666666666
523.3333333333334 -790.8333333333335
511.66666666666663 -783.3333333333334
510.8333333333333 -782.5
522.5 -790.0000000000001
502.5 -745.8333333333334
497.5 -725.8333333333335
524.1666666666667 -791.6666666666669
502.50000000000006 -752.4999999999998
500.0 -736.6666666666666
523.3333333333334 -790.8333333333335
511.66666666666663 -783.3333333333334
510.8333333333333 -782.5
522.5 -790.0000000000001
502.5 -745.8333333333334
524.1666666666667 -791.6666666666669
497.5 -725.8333333333335
502.50000000000006 -752.4999999999998
500.0 -736.6666666666666
523.3333333333334 -790.8333333333335
511.66666666666663 -783.3333333333334
510.8333333333333 -782.5
502.5 -745.8333333333334
510.8333333333333 -782.5
511.66666666666663 -783.3333333333334
510.8333333333333 -782.5
497.5 -725.8333333333335
512.5 -784.9999999999999
511.66666666666663 -783.3333333333334
502.50000000000006 -752.4999999999998
498.3333333333333 -734.1666666666666
510.0 -781.6666666666667
511.66666666666663 -783.3333333333334
510.0 -781.6666666666667
