497.5 -725.8333333333335
524.1666666666667 -791.6666666666669
497.5 -725.8333333333335
524.1666666666667 -791.6666666666669
503.33333333333337 -769.1666666666667
502.50000000000006 -752.4999999999998
522.5 -790.0000000000001
517.5 -790.0
505.0 -771.6666666666669
500.8333333333333 -744.9999999999999
502.5 -745.8333333333334
500.0 -736.6666666666666
498.3333333333333 -734.1666666666666
502.50000000000006 -752.4999999999998
508.3333333333333 -781.6666666666667
510.0 -783.3333333333334
512.5 -785.8333333333334
505.83333333333337 -775.8333333333333
506.6666666666667 -775.8333333333334
507.5 -780.8333333333334
499.16666666666663 -734.9999999999999
515.0 -787.4999999999999
513.3333333333333 -786.6666666666666
510.8333333333333 -784.1666666666666
510.8333333333333 -784.1666666666666
500.0 -736.6666666666666
516.6666666666666 -789.1666666666666
523.3333333333334 -790.8333333333335
516.6666666666666 -789.1666666666666
515.8333333333333 -788.3333333333333
523.3333333333334 -790.8333333333335
500.8333333333333 -744.9999999999999
507.5 -780.8333333333334
498.3333333333333 -734.1666666666666
515.8333333333333 -788.3333333333333
513.3333333333333 -786.6666666666666
515.0 -787.4999999999999
517.5 -790.0
522.5 -790.0000000000001
506.6666666666667 -775.8333333333334
502.5 -745.8333333333334
524.1666666666667 -791.6666666666669
497.5 -725.8333333333335
502.50000000000006 -752.4999999999998
500.0 -736.6666666666666
516.6666666666666 -789.1666666666666
523.3333333333334 -790.8333333333335
500.8333333333333 -744.9999999999999
498.3333333333333 -734.1666666666666
515.8333333333333 -788.3333333333333
515.0 -787.4999999999999
517.5 -790.0
522.5 -790.0000000000001
502.5 -745.8333333333334
497.5 -725.8333333333335
524.1666666666667 -791.6666666666669
502.50000000000006 -752.4999999999998
500.0 -736.6666666666666
523.3333333333334 -790.8333333333335
498.3333333333333 -734.1666666666666
515.0 -787.4999999999999
517.5 -790.0
522.5 -790.0000000000001
502.5 -745.8333333333334
524.1666666666667 -791.6666666666669
497.5 -725.8333333333335
502.50000000000006 -752.4999999999998
500.0 -736.6666666666666
523.3333333333334 -790.8333333333335
498.3333333333333 -734.1666666666666
515.0 -787.4999999999999
517.5 -790.0
522.5 -790.0000000000001
502.5 -745.8333333333334
497.5 -725.8333333333335
524.1666666666667 -791.6666666666669
502.50000000000006 -752.4999999999998
500.0 -736.6666666666666
523.3333333333334 -790.8333333333335
498.3333333333333 -734.1666666666666
515.0 -787.4999999999999
522.5 -790.0000000000001
502.5 -745.8333333333334
524.1666666666667 -791.6666666666669
497.5 -725.8333333333335
502.50000000000006 -752.4999999999998
500.0 -736.6666666666666
523.3333333333334 -790.8333333333335
498.3333333333333 -734.1666666666666
515.0 -787.4999999999999
522.5 -790.0000000000001
502.5 -745.8333333333334
497.5 -725.8333333333335
524.1666666666667 -791.6666666666669
502.50000000000006 -752.4999999999998
500.0 -736.6666666666666
523.3333333333334 -790.8333333333335
498.3333333333333 -734.1666666666666
522.5 -790.0000000000001
502.5 -745.8333333333334
524.1666666666667 -791.6666666666669
497.5 -725.8333333333335
502.50000000000006 -752.4999999999998
500.0 -736.6666666666666
523.3333333333334 -790.8333333333335
522.5 -790.0000000000001
502.5 -745.8333333333334
497.5 -725.8333333333335
524.1666666666667 -791.6666666666669
502.50000000000006 -752.4999999999998
500.0 -736.6666666666666
523.3333333333334 -790.8333333333335
522.5 -790.0000000000001
502.5 -745.8333333333334
524.1666666666667 -791.6666666666669
497.5 -725.8333333333335
502.50000000000006 -752.4999999999998
500.0 -736.6666666666666
523.3333333333334 -790.8333333333335
522.5 -790.0000000000001
502.5 -745.8333333333334
497.5 -725.8333333333335
524.1666666666667 -791.6666666666669
502.50000000000006 -752.4999999999998
500.0 -736.6666666666666
523.3333333333334 -790.8333333333335
522.5 -790.0000000000001
502.5 -745.8333333333334
524.1666666666667 -791.6666666666669
497.5 -725.8333333333335
502.50000000000006 -752.4999999999998
500.0 -736.6666666666666
523.3333333333334 -790.8333333333335
522.5 -790.0000000000001
502.5 -745.8333333333334
497.5 -725.8333333333335
524.1666666666667 -791.6666666666669
502.50000000000006 -752.4999999999998
500.0 -736.6666666666666
523.3333333333334 -790.8333333333335
522.5 -790.0000000000001
502.5 -745.8333333333334
497.5 -725.8333333333335
524.1666666666667 -791.6666666666669
502.50000000000006 -752.4999999999998
500.0 -736.6666666666666
523.3333333333334 -790.8333333333335
522.5 -790.0000000000001
502.5 -745.8333333333334
524.1666666666667 -791.6666666666669
497.5 -725.8333333333335
502.50000000000006 -752.4999999999998
500.0 -736.6666666666666
523.3333333333334 -790.8333333333335
522.5 -790.0000000000001
502.5 -745.8333333333334
497.5 -725.8333333333335
524.1666666666667 -791.6666666666669
502.50000000000006 -752.4999999999998
500.0 -736.6666666666666
523.3333333333334 -790.8333333333335
522.5 -790.0000000000001
502.5 -745.8333333333334
497.5 -725.8333333333335
524.1666666666667 -791.6666666666669
502.50000000000006 -752.4999999999998
500.0 -736.6666666666666
523.3333333333334 -790.8333333333335
522.5 -790.0000000000001
502.5 -745.8333333333334
497.5 -725.8333333333335
524.1666666666667 -791.6666666666669
502.50000000000006 -752.4999999999998
500.0 -736.6666666666666
523.3333333333334 -790.8333333333335
522.5 -790.0000000000001
502.5 -745.8333333333334
524.1666666666667 -791.6666666666669
497.5 -725.8333333333335
502.50000000000006 -752.4999999999998
500.0 -736.6666666666666
523.3333333333334 -790.8333333333335
522.5 -790.0000000000001
502.5 -745.8333333333334
497.5 -725.8333333333335
524.1666666666667 -791.6666666666669
502.50000000000006 -752.4999999999998
500.0 -736.6666666666666
523.3333333333334 -790.8333333333335
522.5 -790.0000000000001
502.5 -745.8333333333334
497.5 -725.8333333333335
524.1666666666667 -791.6666666666669
502.50000000000006 -752.4999999999998
500.0 -736.6666666666666
523.3333333333334 -790.8333333333335
522.5 -790.0000000000001
502.5 -745.8333333333334
524.1666666666667 -791.6666666666669
497.5 -725.8333333333335
