497.5 -725.8333333333335
526.6666666666667 -793.3333333333335
526.6666666666667 -793.3333333333335
497.5 -725.8333333333335
502.50000000000006 -754.1666666666664
503.33333333333337 -769.1666666666667
522.5 -790.0000000000001
517.5 -790.0
500.8333333333333 -744.9999999999999
502.5 -747.5
500.0 -736.6666666666666
498.3333333333333 -734.1666666666666
505.0 -773.3333333333335
524.1666666666667 -791.6666666666669
499.16666666666663 -734.9999999999999
505.0 -773.3333333333335
503.33333333333337 -769.1666666666667
506.6666666666667 -777.5
507.5 -780.8333333333334
505.83333333333337 -776.6666666666667
515.8333333333333 -789.1666666666667
500.8333333333333 -744.9999999999999
517.5 -790.0
524.1666666666667 -791.6666666666669
500.0 -736.6666666666666
509.1666666666667 -782.5
514.1666666666666 -787.5
515.0 -788.3333333333334
523.3333333333334 -790.8333333333335
510.8333333333333 -784.1666666666666
509.99999999999994 -783.3333333333334
523.3333333333334 -790.8333333333335
514.1666666666666 -787.5
508.3333333333333 -781.6666666666667
511.66666666666663 -785.0
505.83333333333337 -776.6666666666667
512.5 -785.8333333333334
513.3333333333333 -786.6666666666666
507.5 -780.8333333333334
511.66666666666663 -785.0
498.3333333333333 -734.1666666666666
508.3333333333333 -781.6666666666667
506.6666666666667 -777.5
510.8333333333333 -784.1666666666666
513.3333333333333 -786.6666666666666
515.0 -788.3333333333334
512.5 -785.8333333333334
515.8333333333333 -789.1666666666667
509.99999999999994 -783.3333333333334
509.1666666666667 -782.5
502.5 -747.5
522.5 -790.0000000000001
526.6666666666667 -793.3333333333335
497.5 -725.8333333333335
505.0 -773.3333333333335
503.33333333333337 -769.1666666666667
500.8333333333333 -744.9999999999999
517.5 -790.0
524.1666666666667 -791.6666666666669
500.0 -736.6666666666666
514.1666666666666 -787.5
523.3333333333334 -790.8333333333335
505.83333333333337 -776.6666666666667
507.5 -780.8333333333334
511.66666666666663 -785.0
498.3333333333333 -734.1666666666666
508.3333333333333 -781.6666666666667
506.6666666666667 -777.5
510.8333333333333 -784.1666666666666
513.3333333333333 -786.6666666666666
515.0 -788.3333333333334
512.5 -785.8333333333334
515.8333333333333 -789.1666666666667
509.99999999999994 -783.3333333333334
509.1666666666667 -782.5
522.5 -790.0000000000001
497.5 -725.8333333333335
505.0 -773.3333333333335
503.33333333333337 -769.1666666666667
500.8333333333333 -744.9999999999999
517.5 -790.0
524.1666666666667 -791.6666666666669
500.0 -736.6666666666666
523.3333333333334 -790.8333333333335
514.1666666666666 -787.5
505.83333333333337 -776.6666666666667
507.5 -780.8333333333334
511.66666666666663 -785.0
498.3333333333333 -734.1666666666666
508.3333333333333 -781.6666666666667
510.8333333333333 -784.1666666666666
513.3333333333333 -786.6666666666666
515.0 -788.3333333333334
512.5 -785.8333333333334
515.8333333333333 -789.1666666666667
509.1666666666667 -782.5
522.5 -790.0000000000001
497.5 -725.8333333333335
505.0 -773.3333333333335
503.33333333333337 -769.1666666666667
500.8333333333333 -744.9999999999999
517.5 -790.0
524.1666666666667 -791.6666666666669
500.0 -736.6666666666666
523.3333333333334 -790.8333333333335
514.1666666666666 -787.5
505.83333333333337 -776.6666666666667
507.5 -780.8333333333334
511.66666666666663 -785.0
498.3333333333333 -734.1666666666666
508.3333333333333 -781.6666666666667
510.8333333333333 -784.1666666666666
513.3333333333333 -786.6666666666666
515.0 -788.3333333333334
512.5 -785.8333333333334
515.8333333333333 -789.1666666666667
522.5 -790.0000000000001
497.5 -725.8333333333335
505.0 -773.3333333333335
503.33333333333337 -769.1666666666667
500.8333333333333 -744.9999999999999
517.5 -790.0
524.1666666666667 -791.6666666666669
500.0 -736.6666666666666
523.3333333333334 -790.8333333333335
514.1666666666666 -787.5
505.83333333333337 -776.6666666666667
507.5 -780.8333333333334
511.66666666666663 -785.0
498.3333333333333 -734.1666666666666
508.3333333333333 -781.6666666666667
510.8333333333333 -784.1666666666666
513.3333333333333 -786.6666666666666
512.5 -785.8333333333334
515.0 -788.3333333333334
515.8333333333333 -789.1666666666667
522.5 -790.0000000000001
497.5 -725.8333333333335
505.0 -773.3333333333335
503.33333333333337 -769.1666666666667
500.8333333333333 -744.9999999999999
517.5 -790.0
524.1666666666667 -791.6666666666669
500.0 -736.6666666666666
508.3333333333333 -781.6666666666667
523.3333333333334 -790.8333333333335
514.1666666666666 -787.5
505.83333333333337 -776.6666666666667
507.5 -780.8333333333334
511.66666666666663 -785.0
498.3333333333333 -734.1666666666666
510.8333333333333 -784.1666666666666
513.3333333333333 -786.6666666666666
515.0 -788.3333333333334
512.5 -785.8333333333334
515.8333333333333 -789.1666666666667
522.5 -790.0000000000001
497.5 -725.8333333333335
505.0 -773.3333333333335
503.33333333333337 -769.1666666666667
500.8333333333333 -744.9999999999999
517.5 -790.0
524.1666666666667 -791.6666666666669
500.0 -736.6666666666666
508.3333333333333 -781.6666666666667
523.3333333333334 -790.8333333333335
514.1666666666666 -787.5
505.83333333333337 -776.6666666666667
507.5 -780.8333333333334
511.66666666666663 -785.0
498.3333333333333 -734.1666666666666
510.8333333333333 -784.1666666666666
513.3333333333333 -786.6666666666666
515.0 -788.3333333333334
512.5 -785.8333333333334
515.8333333333333 -789.1666666666667
522.5 -790.0000000000001
497.5 -725.8333333333335
505.0 -773.3333333333335
503.33333333333337 -769.1666666666667
500.8333333333333 -744.9999999999999
517.5 -790.0
524.1666666666667 -791.6666666666669
500.0 -736.6666666666666
508.3333333333333 -781.6666666666667
523.3333333333334 -790.8333333333335
514.1666666666666 -787.5
505.83333333333337 -776.6666666666667
507.5 -780.8333333333334
511.66666666666663 -785.0
498.3333333333333 -734.1666666666666
510.8333333333333 -784.1666666666666
513.3333333333333 -786.6666666666666
512.5 -785.8333333333334
515.0 -788.3333333333334
515.8333333333333 -789.1666666666667
522.5 -790.0000000000001
497.5 -725.8333333333335
505.0 -773.3333333333335
503.33333333333337 -769.1666666666667
