497.5 -725.8333333333335
524.1666666666667 -793.3333333333335
524.1666666666667 -793.3333333333335
497.5 -725.8333333333335
502.50000000000006 -754.1666666666664
503.33333333333337 -769.1666666666667
500.0 -736.6666666666666
500.8333333333333 -744.9999999999999
498.3333333333333 -734.1666666666666
519.1666666666666 -790.8333333333334
515.8333333333333 -790.0
502.5 -747.5
505.0 -773.3333333333335
519.1666666666666 -790.8333333333334
501.66666666666663 -745.8333333333333
521.6666666666667 -792.5
505.0 -773.3333333333335
503.33333333333337 -769.1666666666667
510.0 -784.1666666666667
521.6666666666667 -792.5
505.83333333333337 -776.6666666666667
523.3333333333334 -792.5000000000001
513.3333333333333 -787.5
511.6666666666667 -785.8333333333334
507.5 -780.8333333333334
513.3333333333333 -787.5
499.16666666666663 -734.9999999999999
500.0 -736.6666666666666
511.6666666666667 -785.8333333333334
514.1666666666667 -788.3333333333334
510.83333333333337 -785.0
505.83333333333337 -776.6666666666667
499.16666666666663 -734.9999999999999
500.8333333333333 -744.9999999999999
509.1666666666667 -783.3333333333334
509.1666666666667 -783.3333333333334
498.3333333333333 -734.1666666666666
506.6666666666667 -777.5
508.3333333333333 -781.6666666666667
510.83333333333337 -785.0
508.33333333333337 -782.5
515.8333333333333 -790.0
507.5 -780.8333333333334
515.0 -789.1666666666667
514.1666666666667 -788.3333333333334
515.0 -789.1666666666667
506.66666666666674 -778.3333333333333
506.66666666666674 -778.3333333333333
523.3333333333334 -792.5000000000001
502.5 -747.5
508.33333333333337 -782.5
508.3333333333333 -781.6666666666667
506.6666666666667 -777.5
524.1666666666667 -793.3333333333335
497.5 -725.8333333333335
519.1666666666666 -790.8333333333334
505.0 -773.3333333333335
503.33333333333337 -769.1666666666667
521.6666666666667 -792.5
513.3333333333333 -787.5
500.0 -736.6666666666666
511.6666666666667 -785.8333333333334
505.83333333333337 -776.6666666666667
499.16666666666663 -734.9999999999999
500.8333333333333 -744.9999999999999
509.1666666666667 -783.3333333333334
498.3333333333333 -734.1666666666666
510.83333333333337 -785.0
515.8333333333333 -790.0
507.5 -780.8333333333334
514.1666666666667 -788.3333333333334
506.66666666666674 -778.3333333333333
523.3333333333334 -792.5000000000001
502.5 -747.5
508.33333333333337 -782.5
508.3333333333333 -781.6666666666667
506.6666666666667 -777.5
524.1666666666667 -793.3333333333335
497.5 -725.8333333333335
519.1666666666666 -790.8333333333334
505.0 -773.3333333333335
503.33333333333337 -769.1666666666667
521.6666666666667 -792.5
513.3333333333333 -787.5
500.0 -736.6666666666666
511.6666666666667 -785.8333333333334
505.83333333333337 -776.6666666666667
499.16666666666663 -734.9999999999999
500.8333333333333 -744.9999999999999
509.1666666666667 -783.3333333333334
498.3333333333333 -734.1666666666666
510.83333333333337 -785.0
515.8333333333333 -790.0
507.5 -780.8333333333334
523.3333333333334 -792.5000000000001
502.5 -747.5
508.33333333333337 -782.5
508.3333333333333 -781.6666666666667
506.6666666666667 -777.5
497.5 -725.8333333333335
519.1666666666666 -790.8333333333334
505.0 -773.3333333333335
503.33333333333337 -769.1666666666667
521.6666666666667 -792.5
513.3333333333333 -787.5
500.0 -736.6666666666666
511.6666666666667 -785.8333333333334
505.83333333333337 -776.6666666666667
499.16666666666663 -734.9999999999999
500.8333333333333 -744.9999999999999
509.1666666666667 -783.3333333333334
498.3333333333333 -734.1666666666666
510.83333333333337 -785.0
515.8333333333333 -790.0
507.5 -780.8333333333334
523.3333333333334 -792.5000000000001
502.5 -747.5
508.33333333333337 -782.5
508.3333333333333 -781.6666666666667
506.6666666666667 -777.5
497.5 -725.8333333333335
519.1666666666666 -790.8333333333334
505.0 -773.3333333333335
503.33333333333337 -769.1666666666667
521.6666666666667 -792.5
513.3333333333333 -787.5
500.0 -736.6666666666666
511.6666666666667 -785.8333333333334
505.83333333333337 -776.6666666666667
500.8333333333333 -744.9999999999999
509.1666666666667 -783.3333333333334
498.3333333333333 -734.1666666666666
510.83333333333337 -785.0
515.8333333333333 -790.0
507.5 -780.8333333333334
523.3333333333334 -792.5000000000001
508.33333333333337 -782.5
508.3333333333333 -781.6666666666667
506.6666666666667 -777.5
497.5 -725.8333333333335
519.1666666666666 -790.8333333333334
505.0 -773.3333333333335
503.33333333333337 -769.1666666666667
513.3333333333333 -787.5
500.0 -736.6666666666666
511.6666666666667 -785.8333333333334
505.83333333333337 -776.6666666666667
500.8333333333333 -744.9999999999999
509.1666666666667 -783.3333333333334
498.3333333333333 -734.1666666666666
510.83333333333337 -785.0
515.8333333333333 -790.0
507.5 -780.8333333333334
523.3333333333334 -792.5000000000001
508.33333333333337 -782.5
508.3333333333333 -781.6666666666667
506.6666666666667 -777.5
497.5 -725.8333333333335
519.1666666666666 -790.8333333333334
505.0 -773.3333333333335
503.33333333333337 -769.1666666666667
513.3333333333333 -787.5
500.0 -736.6666666666666
511.6666666666667 -785.8333333333334
505.83333333333337 -776.6666666666667
500.8333333333333 -744.9999999999999
509.1666666666667 -783.3333333333334
498.3333333333333 -734.1666666666666
510.83333333333337 -785.0
515.8333333333333 -790.0
507.5 -780.8333333333334
523.3333333333334 -792.5000000000001
508.33333333333337 -782.5
508.3333333333333 -781.6666666666667
506.6666666666667 -777.5
497.5 -725.8333333333335
519.1666666666666 -790.8333333333334
505.0 -773.3333333333335
503.33333333333337 -769.1666666666667
513.3333333333333 -787.5
500.0 -736.6666666666666
511.6666666666667 -785.8333333333334
505.83333333333337 -776.6666666666667
500.8333333333333 -744.9999999999999
509.1666666666667 -783.3333333333334
498.3333333333333 -734.1666666666666
510.83333333333337 -785.0
515.8333333333333 -790.0
507.5 -780.8333333333334
508.33333333333337 -782.5
508.3333333333333 -781.6666666666667
506.6666666666667 -777.5
497.5 -725.8333333333335
505.0 -773.3333333333335
503.33333333333337 -769.1666666666667
513.3333333333333 -787.5
500.0 -736.6666666666666
511.6666666666667 -785.8333333333334
505.83333333333337 -776.6666666666667
500.8333333333333 -744.9999999999999
