512.5 -617.4999999999999
502.5 -597.4999999999999
502.5 -597.4999999999999
515.8333333333333 -619.9999999999999
515.8333333333333 -619.9999999999999
515.8333333333333 -619.9999999999999
515.8333333333333 -619.9999999999999
515.8333333333333 -619.9999999999999
515.8333333333333 -619.9999999999999
502.5 -597.4999999999999
515.8333333333333 -619.9999999999999
515.8333333333333 -619.9999999999999
515.8333333333333 -619.9999999999999
515.8333333333333 -619.9999999999999
515.8333333333333 -619.9999999999999
515.8333333333333 -619.9999999999999
515.8333333333333 -619.9999999999999
515.8333333333333 -619.9999999999999
515.8333333333333 -619.9999999999999
515.8333333333333 -619.9999999999999
515.8333333333333 -619.9999999999999
515.8333333333333 -619.9999999999999
515.8333333333333 -619.9999999999999
515.8333333333333 -619.9999999999999
515.8333333333333 -619.9999999999999
515.8333333333333 -619.9999999999999
515.8333333333333 -619.9999999999999
515.8333333333333 -619.9999999999999
515.8333333333333 -619.9999999999999
519.1666666666666 -625.8333333333331
515.8333333333333 -619.9999999999999
515.8333333333333 -619.9999999999999
515.8333333333333 -619.9999999999999
515.8333333333333 -619.9999999999999
519.1666666666666 -625.8333333333331
515.8333333333333 -619.9999999999999
519.1666666666666 -625.8333333333331
515.8333333333333 -619.9999999999999
515.8333333333333 -619.9999999999999
515.8333333333333 -619.9999999999999
515.8333333333333 -619.9999999999999
515.8333333333333 -619.9999999999999
515.8333333333333 -619.9999999999999
515.8333333333333 -619.9999999999999
515.8333333333333 -619.9999999999999
515.8333333333333 -619.9999999999999
515.8333333333333 -619.9999999999999
515.8333333333333 -619.9999999999999
515.8333333333333 -619.9999999999999
515.8333333333333 -619.9999999999999
515.8333333333333 -619.9999999999999
515.8333333333333 -619.9999999999999
515.8333333333333 -619.9999999999999
515.8333333333333 -619.9999999999999
515.8333333333333 -619.9999999999999
515.8333333333333 -619.9999999999999
515.8333333333333 -619.9999999999999
515.8333333333333 -619.9999999999999
515.8333333333333 -619.9999999999999
515.8333333333333 -619.9999999999999
515.8333333333333 -619.9999999999999
515.8333333333333 -619.9999999999999
515.8333333333333 -619.9999999999999
516.6666666666666 -624.9999999999999
515.8333333333333 -619.9999999999999
515.8333333333333 -619.9999999999999
515.8333333333333 -619.9999999999999
515.8333333333333 -619.9999999999999
515.8333333333333 -619.9999999999999
515.8333333333333 -619.9999999999999
515.8333333333333 -619.9999999999999
515.8333333333333 -619.9999999999999
515.8333333333333 -619.9999999999999
