502.5 -599.1666666666665
514.1666666666667 -648.3333333333331
515.8333333333333 -649.9999999999999
515.8333333333333 -649.9999999999999
514.1666666666667 -648.3333333333331
515.8333333333333 -649.9999999999999
516.6666666666667 -654.9999999999999
514.1666666666667 -648.3333333333331
514.1666666666667 -648.3333333333331
516.6666666666667 -654.9999999999999
511.6666666666667 -642.4999999999998
516.6666666666666 -650.8333333333331
511.6666666666667 -642.4999999999998
511.6666666666667 -642.4999999999998
511.6666666666667 -642.4999999999998
