502.5 -599.1666666666665
516.6666666666667 -655.8333333333333
514.1666666666667 -650.8333333333331
514.1666666666667 -650.8333333333331
516.6666666666667 -655.8333333333333
512.5 -645.8333333333331
514.1666666666667 -650.8333333333331
514.1666666666667 -650.8333333333331
516.6666666666667 -655.8333333333333
514.1666666666667 -650.8333333333331
525.8333333333333 -656.6666666666666
514.1666666666667 -650.8333333333331
514.1666666666667 -650.8333333333331
511.6666666666667 -644.9999999999999
514.1666666666667 -650.8333333333331
514.1666666666667 -650.8333333333331
511.6666666666667 -644.9999999999999
514.1666666666667 -650.8333333333331
514.1666666666667 -650.8333333333331
