502.5 -599.1666666666665
514.1666666666667 -659.1666666666666
514.1666666666667 -659.1666666666666
514.1666666666667 -659.1666666666666
520.8333333333333 -671.6666666666667
520.8333333333333 -671.6666666666667
515.8333333333334 -669.1666666666666
510.00000000000006 -658.3333333333333
520.8333333333333 -671.6666666666667
520.8333333333333 -671.6666666666667
514.1666666666667 -659.1666666666666
515.8333333333334 -669.1666666666666
515.8333333333334 -669.1666666666666
520.8333333333333 -671.6666666666667
516.6666666666667 -670.8333333333333
520.8333333333333 -671.6666666666667
514.1666666666667 -659.1666666666666
514.1666666666667 -659.1666666666666
520.8333333333333 -671.6666666666667
516.6666666666667 -670.8333333333333
510.00000000000006 -658.3333333333333
510.83333333333337 -659.1666666666665
514.1666666666667 -659.1666666666666
520.8333333333333 -671.6666666666667
514.1666666666667 -659.1666666666666
514.1666666666667 -659.1666666666666
514.1666666666667 -659.1666666666666
514.1666666666667 -659.1666666666666
514.1666666666667 -659.1666666666666
515.8333333333334 -669.1666666666666
