502.5 -599.1666666666665
515.8333333333334 -669.1666666666666
510.00000000000006 -658.3333333333333
515.8333333333334 -669.1666666666666
515.8333333333334 -669.1666666666666
516.6666666666667 -670.8333333333333
516.6666666666667 -670.8333333333333
510.00000000000006 -658.3333333333333
515.8333333333334 -669.1666666666666
512.5 -660.8333333333333
510.83333333333337 -659.9999999999999
510.00000000000006 -658.3333333333333
512.5 -660.8333333333333
515.8333333333334 -669.1666666666666
519.1666666666667 -673.3333333333334
515.8333333333334 -669.1666666666666
516.6666666666667 -670.8333333333333
510.00000000000006 -658.3333333333333
510.00000000000006 -658.3333333333333
510.00000000000006 -658.3333333333333
516.6666666666667 -670.8333333333333
513.3333333333334 -661.6666666666665
510.00000000000006 -658.3333333333333
518.3333333333334 -671.6666666666666
