502.5 -599.1666666666665
502.5 -599.1666666666665
507.50000000000006 -661.6666666666665
509.16666666666674 -664.9999999999999
509.16666666666674 -664.9999999999999
514.1666666666667 -674.1666666666666
511.66666666666674 -667.4999999999999
518.3333333333334 -680.0
517.5 -678.3333333333333
507.50000000000006 -661.6666666666665
514.1666666666667 -674.1666666666666
514.1666666666667 -674.1666666666666
515.8333333333334 -677.4999999999999
514.1666666666667 -674.1666666666666
515.0 -675.8333333333333
507.50000000000006 -661.6666666666665
507.50000000000006 -661.6666666666665
508.33333333333337 -664.1666666666665
514.1666666666667 -674.1666666666666
518.3333333333334 -680.0
513.3333333333334 -672.4999999999999
514.1666666666667 -674.1666666666666
515.8333333333334 -677.4999999999999
509.16666666666674 -664.9999999999999
507.50000000000006 -661.6666666666665
507.50000000000006 -661.6666666666665
513.3333333333334 -672.4999999999999
514.1666666666667 -674.1666666666666
509.16666666666674 -664.9999999999999
507.50000000000006 -661.6666666666665
513.3333333333334 -672.4999999999999
514.1666666666667 -674.1666666666666
510.00000000000006 -666.6666666666665
512.5 -669.1666666666665
514.1666666666667 -674.1666666666666
518.3333333333334 -680.0
