502.5 -599.1666666666665
502.5 -599.1666666666665
507.50000000000006 -661.6666666666665
507.50000000000006 -661.6666666666665
515.0 -675.8333333333333
507.50000000000006 -661.6666666666665
507.50000000000006 -661.6666666666665
508.33333333333337 -664.1666666666665
507.50000000000006 -661.6666666666665
507.50000000000006 -661.6666666666665
507.50000000000006 -661.6666666666665
510.00000000000006 -667.4999999999999
508.33333333333337 -664.1666666666665
507.50000000000006 -661.6666666666665
507.50000000000006 -661.6666666666665
507.50000000000006 -661.6666666666665
507.50000000000006 -661.6666666666665
514.1666666666667 -675.0
515.0 -675.8333333333333
510.83333333333337 -669.1666666666665
507.50000000000006 -661.6666666666665
515.8333333333334 -679.1666666666667
515.0 -675.8333333333333
515.0 -675.8333333333333
507.50000000000006 -661.6666666666665
507.50000000000006 -661.6666666666665
507.50000000000006 -661.6666666666665
509.16666666666674 -666.6666666666666
518.3333333333334 -680.0000000000001
515.0 -675.8333333333333
507.50000000000006 -661.6666666666665
507.50000000000006 -661.6666666666665
508.33333333333337 -664.1666666666665
515.0 -675.8333333333333
507.50000000000006 -661.6666666666665
507.50000000000006 -661.6666666666665
509.1666666666667 -666.6666666666665
520.8333333333334 -682.5
507.50000000000006 -661.6666666666665
507.50000000000006 -661.6666666666665
507.50000000000006 -661.6666666666665
510.83333333333337 -669.1666666666665
513.3333333333334 -674.1666666666666
