502.5 -599.1666666666665
502.5 -599.1666666666665
507.50000000000006 -670.8333333333334
511.66666666666674 -676.6666666666667
506.6666666666667 -668.3333333333333
508.33333333333337 -673.3333333333334
507.50000000000006 -670.8333333333334
515.0 -683.3333333333334
513.3333333333334 -681.6666666666669
509.16666666666674 -674.1666666666667
508.33333333333337 -673.3333333333334
511.66666666666674 -676.6666666666667
507.50000000000006 -670.8333333333334
507.50000000000006 -670.8333333333334
517.5 -685.8333333333334
505.83333333333337 -665.0
510.83333333333337 -675.0
