502.5 -599.1666666666665
502.5 -599.1666666666665
506.6666666666667 -668.3333333333333
515.0 -683.3333333333334
513.3333333333334 -681.6666666666669
509.16666666666674 -674.1666666666667
514.1666666666667 -682.5000000000001
511.66666666666674 -677.5
510.83333333333337 -675.8333333333333
505.83333333333337 -665.8333333333333
514.1666666666667 -682.5000000000001
507.50000000000006 -671.6666666666667
516.6666666666667 -685.8333333333334
508.33333333333337 -674.1666666666666
513.3333333333334 -681.6666666666669
