502.5 -599.1666666666665
502.5 -599.1666666666665
506.6666666666667 -668.3333333333333
513.3333333333334 -681.6666666666669
511.66666666666674 -677.5
510.83333333333337 -675.8333333333333
505.83333333333337 -665.8333333333333
507.50000000000006 -671.6666666666667
508.33333333333337 -674.1666666666666
513.3333333333334 -681.6666666666669
507.50000000000006 -671.6666666666667
513.3333333333334 -681.6666666666669
514.1666666666667 -683.3333333333335
507.5 -669.1666666666666
507.50000000000006 -671.6666666666667
509.16666666666674 -675.0
517.5 -687.5000000000001
516.6666666666667 -686.6666666666667
515.0 -685.8333333333335
513.3333333333334 -681.6666666666669
513.3333333333333 -679.1666666666667
512.5 -678.3333333333334
