502.5 -599.1666666666665
502.5 -599.1666666666665
519.1666666666667 -694.1666666666667
519.1666666666667 -694.1666666666667
505.83333333333337 -670.8333333333333
515.0 -691.6666666666667
505.83333333333337 -670.8333333333333
517.5 -692.5000000000001
513.3333333333334 -687.5000000000001
507.5 -673.3333333333333
507.50000000000006 -676.6666666666667
513.3333333333333 -684.1666666666667
514.1666666666667 -689.1666666666667
506.6666666666667 -672.5
511.6666666666667 -681.6666666666667
508.33333333333337 -678.3333333333334
512.5 -683.3333333333334
514.1666666666667 -689.1666666666667
518.3333333333333 -693.3333333333335
510.83333333333337 -680.8333333333334
510.0 -680.0000000000001
508.33333333333337 -678.3333333333334
512.5 -683.3333333333334
509.1666666666667 -679.1666666666667
511.6666666666667 -681.6666666666667
509.1666666666667 -679.1666666666667
506.6666666666667 -672.5
510.0 -680.0000000000001
510.83333333333337 -680.8333333333334
517.5 -692.5000000000001
518.3333333333333 -693.3333333333335
513.3333333333334 -687.5000000000001
507.50000000000006 -676.6666666666667
513.3333333333333 -684.1666666666667
507.5 -673.3333333333333
519.1666666666667 -694.1666666666667
505.83333333333337 -670.8333333333333
514.1666666666667 -689.1666666666667
508.33333333333337 -678.3333333333334
512.5 -683.3333333333334
509.1666666666667 -679.1666666666667
511.6666666666667 -681.6666666666667
506.6666666666667 -672.5
510.0 -680.0000000000001
510.83333333333337 -680.8333333333334
517.5 -692.5000000000001
513.3333333333334 -687.5000000000001
507.50000000000006 -676.6666666666667
513.3333333333333 -684.1666666666667
507.5 -673.3333333333333
519.1666666666667 -694.1666666666667
505.83333333333337 -670.8333333333333
514.1666666666667 -689.1666666666667
508.33333333333337 -678.3333333333334
512.5 -683.3333333333334
509.1666666666667 -679.1666666666667
511.6666666666667 -681.6666666666667
506.6666666666667 -672.5
510.0 -680.0000000000001
510.83333333333337 -680.8333333333334
517.5 -692.5000000000001
513.3333333333334 -687.5000000000001
507.50000000000006 -676.6666666666667
513.3333333333333 -684.1666666666667
507.5 -673.3333333333333
519.1666666666667 -694.1666666666667
505.83333333333337 -670.8333333333333
514.1666666666667 -689.1666666666667
508.33333333333337 -678.3333333333334
512.5 -683.3333333333334
509.1666666666667 -679.1666666666667
511.6666666666667 -681.6666666666667
506.6666666666667 -672.5
510.0 -680.0000000000001
510.83333333333337 -680.8333333333334
517.5 -692.5000000000001
513.3333333333334 -687.5000000000001
507.50000000000006 -676.6666666666667
513.3333333333333 -684.1666666666667
507.5 -673.3333333333333
519.1666666666667 -694.1666666666667
505.83333333333337 -670.8333333333333
514.1666666666667 -689.1666666666667
508.33333333333337 -678.3333333333334
512.5 -683.3333333333334
509.1666666666667 -679.1666666666667
511.6666666666667 -681.6666666666667
506.6666666666667 -672.5
510.0 -680.0000000000001
510.83333333333337 -680.8333333333334
517.5 -692.5000000000001
513.3333333333334 -687.5000000000001
507.50000000000006 -676.6666666666667
513.3333333333333 -684.1666666666667
507.5 -673.3333333333333
513.3333333333334 -687.5000000000001
513.3333333333334 -687.5000000000001
513.3333333333334 -687.5000000000001
507.50000000000006 -676.6666666666667
507.50000000000006 -676.6666666666667
509.1666666666667 -679.1666666666667
513.3333333333334 -687.5000000000001
510.83333333333337 -680.8333333333334
513.3333333333334 -687.5000000000001
513.3333333333334 -687.5000000000001
517.5 -692.5000000000001
509.1666666666667 -679.1666666666667
513.3333333333334 -687.5000000000001
513.3333333333334 -687.5000000000001
508.33333333333337 -678.3333333333334
510.83333333333337 -680.8333333333334
505.83333333333337 -670.8333333333333
510.83333333333337 -680.8333333333334
517.5 -692.5000000000001
513.3333333333334 -687.5000000000001
507.50000000000006 -676.6666666666667
514.1666666666667 -689.1666666666667
509.1666666666667 -679.1666666666667
507.50000000000006 -676.6666666666667
514.1666666666667 -689.1666666666667
517.5 -692.5000000000001
510.83333333333337 -680.8333333333334
513.3333333333334 -687.5000000000001
511.6666666666667 -681.6666666666667
508.33333333333337 -678.3333333333334
512.5 -683.3333333333334
509.1666666666667 -679.1666666666667
509.1666666666667 -679.1666666666667
512.5 -683.3333333333334
513.3333333333334 -687.5000000000001
508.33333333333337 -678.3333333333334
512.5 -683.3333333333334
509.1666666666667 -679.1666666666667
511.6666666666667 -681.6666666666667
509.1666666666667 -679.1666666666667
512.5 -683.3333333333334
513.3333333333334 -687.5000000000001
506.6666666666667 -672.5
512.5 -683.3333333333334
513.3333333333334 -687.5000000000001
509.1666666666667 -679.1666666666667
509.1666666666667 -679.1666666666667
513.3333333333334 -687.5000000000001
509.1666666666667 -679.1666666666667
513.3333333333334 -687.5000000000001
509.1666666666667 -679.1666666666667
517.5 -692.5000000000001
509.1666666666667 -679.1666666666667
514.1666666666667 -689.1666666666667
508.33333333333337 -678.3333333333334
506.6666666666667 -672.5
509.1666666666667 -679.1666666666667
514.1666666666667 -689.1666666666667
514.1666666666667 -689.1666666666667
509.1666666666667 -679.1666666666667
517.5 -692.5000000000001
511.6666666666667 -681.6666666666667
514.1666666666667 -689.1666666666667
517.5 -692.5000000000001
509.1666666666667 -679.1666666666667
513.3333333333334 -687.5000000000001
517.5 -692.5000000000001
517.5 -692.5000000000001
517.5 -692.5000000000001
517.5 -692.5000000000001
506.6666666666667 -672.5
514.1666666666667 -689.1666666666667
514.1666666666667 -689.1666666666667
519.1666666666667 -694.1666666666667
511.6666666666667 -681.6666666666667
507.50000000000006 -676.6666666666667
514.1666666666667 -689.1666666666667
514.1666666666667 -689.1666666666667
508.33333333333337 -678.3333333333334
517.5 -692.5000000000001
517.5 -692.5000000000001
513.3333333333334 -687.5000000000001
513.3333333333334 -687.5000000000001
513.3333333333334 -687.5000000000001
511.6666666666667 -681.6666666666667
511.6666666666667 -681.6666666666667
514.1666666666667 -689.1666666666667
509.1666666666667 -679.1666666666667
512.5 -683.3333333333334
509.1666666666667 -679.1666666666667
511.6666666666667 -681.6666666666667
511.6666666666667 -681.6666666666667
512.5 -683.3333333333334
517.5 -692.5000000000001
514.1666666666667 -689.1666666666667
508.33333333333337 -678.3333333333334
517.5 -692.5000000000001
517.5 -692.5000000000001
506.6666666666667 -672.5
510.0 -680.0000000000001
505.83333333333337 -670.8333333333333
506.6666666666667 -672.5
509.1666666666667 -679.1666666666667
509.1666666666667 -679.1666666666667
514.1666666666667 -689.1666666666667
