502.5 -599.1666666666665
502.5 -599.1666666666665
519.1666666666667 -694.1666666666667
519.1666666666667 -694.1666666666667
505.83333333333337 -670.8333333333333
505.83333333333337 -670.8333333333333
516.6666666666667 -693.3333333333334
515.0 -691.6666666666667
510.0 -680.8333333333334
514.1666666666667 -690.8333333333334
508.33333333333337 -679.1666666666666
518.3333333333333 -693.3333333333335
513.3333333333334 -687.5000000000001
507.5 -673.3333333333333
507.50000000000006 -676.6666666666667
506.6666666666667 -672.5
506.6666666666667 -672.5
518.3333333333333 -693.3333333333335
513.3333333333334 -687.5000000000001
507.50000000000006 -676.6666666666667
507.5 -673.3333333333333
519.1666666666667 -694.1666666666667
505.83333333333337 -670.8333333333333
506.6666666666667 -672.5
513.3333333333334 -687.5000000000001
507.50000000000006 -676.6666666666667
507.5 -673.3333333333333
519.1666666666667 -694.1666666666667
505.83333333333337 -670.8333333333333
506.6666666666667 -672.5
513.3333333333334 -687.5000000000001
507.50000000000006 -676.6666666666667
507.5 -673.3333333333333
519.1666666666667 -694.1666666666667
505.83333333333337 -670.8333333333333
506.6666666666667 -672.5
513.3333333333334 -687.5000000000001
507.50000000000006 -676.6666666666667
507.5 -673.3333333333333
519.1666666666667 -694.1666666666667
505.83333333333337 -670.8333333333333
506.6666666666667 -672.5
513.3333333333334 -687.5000000000001
507.50000000000006 -676.6666666666667
507.5 -673.3333333333333
519.1666666666667 -694.1666666666667
505.83333333333337 -670.8333333333333
506.6666666666667 -672.5
513.3333333333334 -687.5000000000001
507.50000000000006 -676.6666666666667
507.5 -673.3333333333333
519.1666666666667 -694.1666666666667
505.83333333333337 -670.8333333333333
506.6666666666667 -672.5
513.3333333333334 -687.5000000000001
507.50000000000006 -676.6666666666667
507.5 -673.3333333333333
519.1666666666667 -694.1666666666667
505.83333333333337 -670.8333333333333
506.6666666666667 -672.5
513.3333333333334 -687.5000000000001
507.50000000000006 -676.6666666666667
507.5 -673.3333333333333
519.1666666666667 -694.1666666666667
505.83333333333337 -670.8333333333333
506.6666666666667 -672.5
513.3333333333334 -687.5000000000001
507.50000000000006 -676.6666666666667
507.5 -673.3333333333333
519.1666666666667 -694.1666666666667
505.83333333333337 -670.8333333333333
506.6666666666667 -672.5
513.3333333333334 -687.5000000000001
507.50000000000006 -676.6666666666667
507.5 -673.3333333333333
513.3333333333334 -687.5000000000001
513.3333333333334 -687.5000000000001
513.3333333333334 -687.5000000000001
507.50000000000006 -676.6666666666667
507.50000000000006 -676.6666666666667
513.3333333333334 -687.5000000000001
513.3333333333334 -687.5000000000001
513.3333333333334 -687.5000000000001
513.3333333333334 -687.5000000000001
513.3333333333334 -687.5000000000001
505.83333333333337 -670.8333333333333
513.3333333333334 -687.5000000000001
507.50000000000006 -676.6666666666667
513.3333333333334 -687.5000000000001
513.3333333333334 -687.5000000000001
513.3333333333334 -687.5000000000001
506.6666666666667 -672.5
513.3333333333334 -687.5000000000001
513.3333333333334 -687.5000000000001
513.3333333333334 -687.5000000000001
506.6666666666667 -672.5
513.3333333333334 -687.5000000000001
506.6666666666667 -672.5
513.3333333333334 -687.5000000000001
513.3333333333334 -687.5000000000001
513.3333333333334 -687.5000000000001
505.83333333333337 -670.8333333333333
507.5 -673.3333333333333
507.5 -673.3333333333333
513.3333333333334 -687.5000000000001
507.5 -673.3333333333333
506.6666666666667 -672.5
506.6666666666667 -672.5
507.5 -673.3333333333333
505.83333333333337 -670.8333333333333
513.3333333333334 -687.5000000000001
507.5 -673.3333333333333
507.5 -673.3333333333333
507.50000000000006 -676.6666666666667
507.50000000000006 -676.6666666666667
519.1666666666667 -694.1666666666667
507.5 -673.3333333333333
519.1666666666667 -694.1666666666667
509.1666666666667 -680.0
507.5 -673.3333333333333
506.6666666666667 -672.5
507.5 -673.3333333333333
511.6666666666667 -685.0
519.1666666666667 -694.1666666666667
505.83333333333337 -670.8333333333333
507.5 -673.3333333333333
506.6666666666667 -672.5
513.3333333333334 -687.5000000000001
505.83333333333337 -670.8333333333333
507.5 -673.3333333333333
513.3333333333334 -687.5000000000001
515.0 -691.6666666666667
507.5 -673.3333333333333
507.5 -673.3333333333333
513.3333333333334 -687.5000000000001
507.50000000000006 -676.6666666666667
507.50000000000006 -676.6666666666667
505.83333333333337 -670.8333333333333
507.5 -673.3333333333333
506.6666666666667 -672.5
519.1666666666667 -694.1666666666667
506.6666666666667 -672.5
505.83333333333337 -670.8333333333333
507.50000000000006 -676.6666666666667
507.50000000000006 -676.6666666666667
513.3333333333334 -687.5000000000001
518.3333333333333 -693.3333333333335
507.5 -673.3333333333333
506.6666666666667 -672.5
519.1666666666667 -694.1666666666667
505.83333333333337 -670.8333333333333
506.6666666666667 -672.5
507.5 -673.3333333333333
505.83333333333337 -670.8333333333333
513.3333333333334 -687.5000000000001
507.5 -673.3333333333333
513.3333333333334 -687.5000000000001
519.1666666666667 -694.1666666666667
507.50000000000006 -676.6666666666667
506.6666666666667 -672.5
509.1666666666667 -680.0
506.6666666666667 -672.5
507.5 -673.3333333333333
519.1666666666667 -694.1666666666667
507.5 -673.3333333333333
505.83333333333337 -670.8333333333333
505.83333333333337 -670.8333333333333
507.5 -673.3333333333333
519.1666666666667 -694.1666666666667
519.1666666666667 -694.1666666666667
506.6666666666667 -672.5
507.50000000000006 -676.6666666666667
507.5 -673.3333333333333
506.6666666666667 -672.5
516.6666666666667 -693.3333333333334
506.6666666666667 -672.5
507.5 -673.3333333333333
507.5 -673.3333333333333
511.6666666666667 -685.0
507.5 -673.3333333333333
505.83333333333337 -670.8333333333333
505.83333333333337 -670.8333333333333
509.1666666666667 -680.0
