502.5 -599.1666666666665
502.5 -599.1666666666665
516.6666666666667 -693.3333333333334
515.0 -691.6666666666667
514.1666666666667 -690.8333333333334
511.6666666666667 -685.0
515.0 -691.6666666666667
516.6666666666667 -693.3333333333334
511.6666666666667 -685.0
517.5 -694.1666666666667
505.83333333333337 -674.1666666666666
514.1666666666667 -690.8333333333334
511.6666666666667 -685.0
505.83333333333337 -674.1666666666666
511.6666666666667 -685.0
511.6666666666667 -685.0
516.6666666666667 -693.3333333333334
505.83333333333337 -674.1666666666666
517.5 -694.1666666666667
516.6666666666667 -693.3333333333334
509.1666666666667 -680.8333333333334
511.6666666666667 -685.0
517.5 -694.1666666666667
510.83333333333337 -682.5
519.1666666666667 -695.8333333333334
505.83333333333337 -674.1666666666666
514.1666666666667 -690.8333333333334
507.50000000000006 -677.5
519.1666666666667 -695.8333333333334
516.6666666666667 -693.3333333333334
511.6666666666667 -685.0
511.6666666666667 -685.0
506.6666666666667 -677.4999999999999
511.6666666666667 -685.0
516.6666666666667 -693.3333333333334
507.50000000000006 -677.5
507.50000000000006 -677.5
510.0 -681.6666666666666
511.6666666666667 -685.0
511.6666666666667 -685.0
511.6666666666667 -685.0
516.6666666666667 -693.3333333333334
511.6666666666667 -685.0
514.1666666666667 -690.8333333333334
511.6666666666667 -685.0
507.50000000000006 -677.5
505.83333333333337 -674.1666666666666
511.6666666666667 -685.0
511.6666666666667 -685.0
511.6666666666667 -685.0
507.50000000000006 -677.5
507.50000000000006 -677.5
507.50000000000006 -677.5
505.83333333333337 -674.1666666666666
511.6666666666667 -685.0
513.3333333333334 -688.3333333333335
512.5 -688.3333333333333
505.83333333333337 -674.1666666666666
505.83333333333337 -674.1666666666666
508.33333333333337 -680.0
