797.0 -796.0 
876.0 -848.0 
797.0 -796.0 
840.0 -845.0 
875.0 -846.0 
830.0 -840.0 
815.0 -839.0 
799.0 -805.0 
805.0 -827.0 
809.0 -835.0 
807.0 -832.0 
805.0 -827.0 
799.0 -805.0 
809.0 -835.0 
800.0 -809.0 
807.0 -832.0 
802.0 -810.0 
800.0 -809.0 
802.0 -810.0 
875.0 -846.0 
797.0 -796.0 
805.0 -827.0 
799.0 -805.0 
807.0 -832.0 
802.0 -810.0 
875.0 -846.0 
797.0 -796.0 
805.0 -827.0 
799.0 -805.0 
807.0 -832.0 
802.0 -810.0 
875.0 -846.0 
797.0 -796.0 
875.0 -846.0 
805.0 -827.0 
799.0 -805.0 
807.0 -832.0 
802.0 -810.0 
797.0 -796.0 
875.0 -846.0 
805.0 -827.0 
799.0 -805.0 
807.0 -832.0 
802.0 -810.0 
797.0 -796.0 
875.0 -846.0 
805.0 -827.0 
799.0 -805.0 
807.0 -832.0 
802.0 -810.0 
797.0 -796.0 
875.0 -846.0 
805.0 -827.0 
799.0 -805.0 
807.0 -832.0 
802.0 -810.0 
797.0 -796.0 
875.0 -846.0 
799.0 -805.0 
805.0 -827.0 
802.0 -810.0 
797.0 -796.0 
875.0 -846.0 
805.0 -827.0 
802.0 -810.0 
797.0 -796.0 
875.0 -846.0 
805.0 -827.0 
802.0 -810.0 
875.0 -846.0 
805.0 -827.0 
802.0 -810.0 
875.0 -846.0 
805.0 -827.0 
875.0 -846.0 
805.0 -827.0 
875.0 -846.0 
805.0 -827.0 
875.0 -846.0 
805.0 -827.0 
875.0 -846.0 
805.0 -827.0 
875.0 -846.0 
805.0 -827.0 
875.0 -846.0 
875.0 -846.0 
875.0 -846.0 
875.0 -846.0 
875.0 -846.0 
875.0 -846.0 
875.0 -846.0 
875.0 -846.0 
875.0 -846.0 
875.0 -846.0 
875.0 -846.0 
875.0 -846.0 
875.0 -846.0 
875.0 -846.0 
875.0 -846.0 
875.0 -846.0 
875.0 -846.0 
875.0 -846.0 
875.0 -846.0 
875.0 -846.0 
875.0 -846.0 
875.0 -846.0 
875.0 -846.0 
875.0 -846.0 
875.0 -846.0 
875.0 -846.0 
875.0 -846.0 
875.0 -846.0 
875.0 -846.0 
875.0 -846.0 
875.0 -846.0 
875.0 -846.0 
875.0 -846.0 
875.0 -846.0 
875.0 -846.0 
875.0 -846.0 
875.0 -846.0 
875.0 -846.0 
875.0 -846.0 
875.0 -846.0 
875.0 -846.0 
875.0 -846.0 
875.0 -846.0 
875.0 -846.0 
875.0 -846.0 
875.0 -846.0 
875.0 -846.0 
875.0 -846.0 
875.0 -846.0 
875.0 -846.0 
875.0 -846.0 
875.0 -846.0 
875.0 -846.0 
875.0 -846.0 
875.0 -846.0 
875.0 -846.0 
875.0 -846.0 
875.0 -846.0 
875.0 -846.0 
875.0 -846.0 
875.0 -846.0 
875.0 -846.0 
875.0 -846.0 
875.0 -846.0 
875.0 -846.0 
875.0 -846.0 
875.0 -846.0 
875.0 -846.0 
875.0 -846.0 
875.0 -846.0 
875.0 -846.0 
875.0 -846.0 
875.0 -846.0 
875.0 -846.0 
875.0 -846.0 
875.0 -846.0 
875.0 -846.0 
875.0 -846.0 
875.0 -846.0 
875.0 -846.0 
875.0 -846.0 
805.0 -827.0 
875.0 -846.0 
875.0 -846.0 
875.0 -846.0 
875.0 -846.0 
875.0 -846.0 
875.0 -846.0 
875.0 -846.0 
875.0 -846.0 
875.0 -846.0 
875.0 -846.0 
875.0 -846.0 
875.0 -846.0 
875.0 -846.0 
875.0 -846.0 
875.0 -846.0 
875.0 -846.0 
875.0 -846.0 
805.0 -827.0 
805.0 -827.0 
875.0 -846.0 
875.0 -846.0 
805.0 -827.0 
805.0 -827.0 
875.0 -846.0 
805.0 -827.0 
875.0 -846.0 
802.0 -810.0 
805.0 -827.0 
805.0 -827.0 
805.0 -827.0 
802.0 -810.0 
805.0 -827.0 
805.0 -827.0 
805.0 -827.0 
875.0 -846.0 
802.0 -810.0 
802.0 -810.0 
797.0 -796.0 
875.0 -846.0 
875.0 -846.0 
875.0 -846.0 
805.0 -827.0 
875.0 -846.0 
807.0 -832.0 
875.0 -846.0 
875.0 -846.0 
805.0 -827.0 
797.0 -796.0 
875.0 -846.0 
875.0 -846.0 
875.0 -846.0 
875.0 -846.0 
805.0 -827.0 
875.0 -846.0 
802.0 -810.0 
875.0 -846.0 
875.0 -846.0 
805.0 -827.0 
805.0 -827.0 
805.0 -827.0 
875.0 -846.0 
875.0 -846.0 
805.0 -827.0 
805.0 -827.0 
805.0 -827.0 
875.0 -846.0 
805.0 -827.0 
799.0 -805.0 
802.0 -810.0 
805.0 -827.0 
807.0 -832.0 
875.0 -846.0 
802.0 -810.0 
875.0 -846.0 
803.0 -821.0 
875.0 -846.0 
875.0 -846.0 
875.0 -846.0 
797.0 -796.0 
875.0 -846.0 
875.0 -846.0 
799.0 -805.0 
805.0 -827.0 
