1149.0 -652.0 
1240.0 -754.0 
1370.0 -686.0 
1252.0 -587.0 
1256.0 -610.0 
1285.0 -630.0 
1361.0 -670.0 
1180.0 -637.0 
1310.0 -641.0 
1332.0 -653.0 
1207.0 -596.0 
1152.0 -657.0 
1202.0 -635.0 
1228.0 -624.0 
1215.0 -623.0 
1300.0 -642.0 
1238.0 -751.0 
1182.0 -647.0 
1200.0 -625.0 
1237.0 -740.0 
1230.0 -737.0 
1157.0 -671.0 
1296.0 -606.0 
1282.0 -595.0 
1280.0 -713.0 
1340.0 -664.0 
1302.0 -605.0 
1320.0 -641.0 
1338.0 -695.0 
1365.0 -683.0 
1218.0 -626.0 
1306.0 -617.0 
1275.0 -605.0 
1355.0 -667.0 
1163.0 -674.0 
1175.0 -638.0 
1335.0 -695.0 
1273.0 -603.0 
1240.0 -589.0 
1323.0 -689.0 
1229.0 -734.0 
1153.0 -655.0 
1153.0 -656.0 
1263.0 -708.0 
1209.0 -593.0 
1239.0 -588.0 
1299.0 -612.0 
1214.0 -591.0 
1278.0 -724.0 
1281.0 -712.0 
1248.0 -741.0 
1286.0 -598.0 
1242.0 -753.0 
1360.0 -673.0 
1322.0 -692.0 
1260.0 -722.0 
1190.0 -620.0 
1168.0 -679.0 
1304.0 -615.0 
1150.0 -654.0 
1220.0 -704.0 
1317.0 -688.0 
1177.0 -685.0 
1172.0 -640.0 
1235.0 -736.0 
1337.0 -699.0 
1251.0 -718.0 
1356.0 -665.0 
1346.0 -669.0 
1279.0 -596.0 
1160.0 -670.0 
1352.0 -666.0 
1194.0 -618.0 
1308.0 -651.0 
1267.0 -592.0 
1244.0 -754.0 
1357.0 -674.0 
1348.0 -663.0 
1345.0 -667.0 
1197.0 -628.0 
1212.0 -696.0 
1232.0 -702.0 
1314.0 -640.0 
1326.0 -688.0 
1164.0 -679.0 
1368.0 -677.0 
1287.0 -645.0 
1155.0 -665.0 
1196.0 -629.0 
1318.0 -690.0 
1359.0 -669.0 
1186.0 -683.0 
1329.0 -654.0 
1221.0 -629.0 
1277.0 -718.0 
1195.0 -617.0 
1173.0 -684.0 
1369.0 -685.0 
1269.0 -594.0 
1319.0 -644.0 
1316.0 -645.0 
1174.0 -639.0 
1216.0 -592.0 
1165.0 -677.0 
1250.0 -750.0 
1347.0 -666.0 
1246.0 -739.0 
1199.0 -626.0 
1349.0 -661.0 
1254.0 -719.0 
1166.0 -678.0 
1161.0 -676.0 
1170.0 -682.0 
1330.0 -694.0 
1283.0 -716.0 
1213.0 -726.0 
1226.0 -732.0 
1159.0 -671.0 
1223.0 -628.0 
1343.0 -660.0 
1327.0 -690.0 
1192.0 -619.0 
1258.0 -744.0 
1233.0 -747.0 
1271.0 -714.0 
1364.0 -680.0 
1313.0 -639.0 
1177.0 -685.0 
1353.0 -670.0 
1229.0 -727.0 
1252.0 -722.0 
1240.0 -701.0 
1235.0 -748.0 
1370.0 -686.0 
1252.0 -587.0 
1233.0 -747.0 
1258.0 -744.0 
1248.0 -738.0 
1292.0 -720.0 
1214.0 -591.0 
1278.0 -724.0 
1360.0 -673.0 
1299.0 -612.0 
1154.0 -660.0 
1224.0 -702.0 
1201.0 -600.0 
1344.0 -663.0 
1181.0 -644.0 
1283.0 -716.0 
1349.0 -661.0 
1271.0 -714.0 
1254.0 -719.0 
1161.0 -676.0 
1170.0 -682.0 
1330.0 -694.0 
1192.0 -619.0 
1166.0 -678.0 
1242.0 -753.0 
1305.0 -614.0 
1209.0 -729.0 
1241.0 -743.0 
1158.0 -668.0 
1217.0 -594.0 
1264.0 -706.0 
1156.0 -662.0 
1231.0 -746.0 
1247.0 -715.0 
1289.0 -601.0 
1188.0 -696.0 
1211.0 -698.0 
1325.0 -648.0 
1183.0 -650.0 
1249.0 -749.0 
1227.0 -733.0 
1328.0 -700.0 
1270.0 -616.0 
1253.0 -703.0 
1297.0 -604.0 
1198.0 -627.0 
1185.0 -649.0 
1276.0 -711.0 
1265.0 -731.0 
1294.0 -609.0 
1301.0 -608.0 
1358.0 -675.0 
1288.0 -643.0 
1261.0 -709.0 
1315.0 -691.0 
1298.0 -607.0 
1243.0 -725.0 
1169.0 -681.0 
1262.0 -707.0 
1257.0 -745.0 
1191.0 -621.0 
1208.0 -636.0 
1236.0 -742.0 
1245.0 -717.0 
1184.0 -687.0 
1342.0 -658.0 
1203.0 -599.0 
1225.0 -710.0 
1290.0 -633.0 
1210.0 -697.0 
1151.0 -659.0 
1206.0 -728.0 
1291.0 -721.0 
1205.0 -631.0 
1268.0 -613.0 
1309.0 -622.0 
1293.0 -632.0 
1204.0 -634.0 
1187.0 -693.0 
1324.0 -646.0 
1222.0 -705.0 
1151.0 -659.0 
1308.0 -637.0 
1172.0 -638.0 
1261.0 -709.0 
1169.0 -681.0 
1324.0 -646.0 
1194.0 -618.0 
1205.0 -631.0 
1243.0 -725.0 
1268.0 -613.0 
1290.0 -633.0 
1240.0 -603.0 
1294.0 -609.0 
1276.0 -711.0 
1342.0 -658.0 
1309.0 -622.0 
1187.0 -693.0 
1297.0 -604.0 
1222.0 -705.0 
1227.0 -733.0 
1249.0 -749.0 
1185.0 -649.0 
1236.0 -742.0 
1289.0 -601.0 
1235.0 -736.0 
1270.0 -616.0 
1184.0 -687.0 
1325.0 -648.0 
1262.0 -707.0 
1229.0 -735.0 
1245.0 -717.0 
1239.0 -750.0 
1364.0 -680.0 
1158.0 -668.0 
1203.0 -599.0 
1208.0 -636.0 
1313.0 -639.0 
1211.0 -698.0 
1298.0 -607.0 
1231.0 -746.0 
1206.0 -728.0 
1293.0 -632.0 
1337.0 -699.0 
1204.0 -634.0 
1358.0 -675.0 
1323.0 -652.0 
1301.0 -608.0 
1305.0 -614.0 
1281.0 -598.0 
1191.0 -621.0 
1264.0 -706.0 
1266.0 -730.0 
1168.0 -680.0 
1198.0 -627.0 
1328.0 -700.0 
1315.0 -691.0 
1288.0 -643.0 
1367.0 -684.0 
1241.0 -751.0 
1210.0 -697.0 
1253.0 -703.0 
1295.0 -603.0 
1260.0 -738.0 
1225.0 -730.0 
1304.0 -615.0 
1291.0 -721.0 
1156.0 -662.0 
1341.0 -664.0 
1322.0 -692.0 
1201.0 -600.0 
1183.0 -650.0 
1256.0 -715.0 
1257.0 -710.0 
1263.0 -739.0 
1265.0 -731.0 
1334.0 -653.0 
1220.0 -704.0 
1292.0 -720.0 
1351.0 -674.0 
1367.0 -684.0 
1334.0 -653.0 
1188.0 -696.0 
1292.0 -602.0 
1192.0 -620.0 
1322.0 -651.0 
1256.0 -735.0 
