826.0 -855.0 
801.0 -837.0 
826.0 -855.0 
801.0 -837.0 
816.0 -853.0 
814.0 -851.0 
808.0 -849.0 
804.0 -842.0 
805.0 -845.0 
806.0 -847.0 
811.0 -850.0 
811.0 -850.0 
816.0 -853.0 
806.0 -847.0 
805.0 -845.0 
803.0 -840.0 
802.0 -839.0 
804.0 -842.0 
808.0 -849.0 
802.0 -839.0 
815.0 -852.0 
815.0 -852.0 
803.0 -840.0 
826.0 -855.0 
801.0 -837.0 
816.0 -853.0 
806.0 -847.0 
805.0 -845.0 
804.0 -842.0 
811.0 -850.0 
802.0 -839.0 
803.0 -840.0 
826.0 -855.0 
801.0 -837.0 
816.0 -853.0 
806.0 -847.0 
805.0 -845.0 
804.0 -842.0 
811.0 -850.0 
802.0 -839.0 
803.0 -840.0 
801.0 -837.0 
826.0 -855.0 
816.0 -853.0 
806.0 -847.0 
805.0 -845.0 
804.0 -842.0 
811.0 -850.0 
802.0 -839.0 
803.0 -840.0 
826.0 -855.0 
801.0 -837.0 
816.0 -853.0 
806.0 -847.0 
805.0 -845.0 
804.0 -842.0 
811.0 -850.0 
802.0 -839.0 
803.0 -840.0 
826.0 -855.0 
801.0 -837.0 
816.0 -853.0 
806.0 -847.0 
805.0 -845.0 
804.0 -842.0 
811.0 -850.0 
802.0 -839.0 
803.0 -840.0 
801.0 -837.0 
826.0 -855.0 
816.0 -853.0 
806.0 -847.0 
805.0 -845.0 
804.0 -842.0 
811.0 -850.0 
802.0 -839.0 
803.0 -840.0 
826.0 -855.0 
801.0 -837.0 
816.0 -853.0 
805.0 -845.0 
804.0 -842.0 
811.0 -850.0 
803.0 -840.0 
826.0 -855.0 
816.0 -853.0 
804.0 -842.0 
811.0 -850.0 
805.0 -845.0 
803.0 -840.0 
826.0 -855.0 
816.0 -853.0 
804.0 -842.0 
811.0 -850.0 
805.0 -845.0 
803.0 -840.0 
826.0 -855.0 
803.0 -840.0 
816.0 -853.0 
804.0 -842.0 
811.0 -850.0 
805.0 -845.0 
826.0 -855.0 
803.0 -840.0 
816.0 -853.0 
804.0 -842.0 
811.0 -850.0 
805.0 -845.0 
826.0 -855.0 
803.0 -840.0 
816.0 -853.0 
804.0 -842.0 
811.0 -850.0 
805.0 -845.0 
826.0 -855.0 
803.0 -840.0 
816.0 -853.0 
804.0 -842.0 
811.0 -850.0 
805.0 -845.0 
826.0 -855.0 
803.0 -840.0 
816.0 -853.0 
811.0 -850.0 
805.0 -845.0 
826.0 -855.0 
816.0 -853.0 
803.0 -840.0 
811.0 -850.0 
805.0 -845.0 
816.0 -853.0 
803.0 -840.0 
811.0 -850.0 
805.0 -845.0 
816.0 -853.0 
803.0 -840.0 
811.0 -850.0 
805.0 -845.0 
816.0 -853.0 
811.0 -850.0 
803.0 -840.0 
805.0 -845.0 
816.0 -853.0 
811.0 -850.0 
803.0 -840.0 
805.0 -845.0 
816.0 -853.0 
811.0 -850.0 
805.0 -845.0 
816.0 -853.0 
811.0 -850.0 
805.0 -845.0 
816.0 -853.0 
805.0 -845.0 
811.0 -850.0 
816.0 -853.0 
805.0 -845.0 
811.0 -850.0 
816.0 -853.0 
805.0 -845.0 
811.0 -850.0 
816.0 -853.0 
805.0 -845.0 
811.0 -850.0 
816.0 -853.0 
805.0 -845.0 
811.0 -850.0 
816.0 -853.0 
805.0 -845.0 
811.0 -850.0 
816.0 -853.0 
805.0 -845.0 
811.0 -850.0 
816.0 -853.0 
805.0 -845.0 
811.0 -850.0 
816.0 -853.0 
805.0 -845.0 
811.0 -850.0 
816.0 -853.0 
805.0 -845.0 
811.0 -850.0 
816.0 -853.0 
805.0 -845.0 
811.0 -850.0 
816.0 -853.0 
805.0 -845.0 
811.0 -850.0 
816.0 -853.0 
805.0 -845.0 
811.0 -850.0 
816.0 -853.0 
805.0 -845.0 
811.0 -850.0 
816.0 -853.0 
805.0 -845.0 
811.0 -850.0 
816.0 -853.0 
805.0 -845.0 
811.0 -850.0 
816.0 -853.0 
805.0 -845.0 
811.0 -850.0 
816.0 -853.0 
805.0 -845.0 
811.0 -850.0 
816.0 -853.0 
805.0 -845.0 
811.0 -850.0 
816.0 -853.0 
805.0 -845.0 
811.0 -850.0 
816.0 -853.0 
805.0 -845.0 
811.0 -850.0 
816.0 -853.0 
805.0 -845.0 
811.0 -850.0 
816.0 -853.0 
805.0 -845.0 
811.0 -850.0 
816.0 -853.0 
805.0 -845.0 
811.0 -850.0 
816.0 -853.0 
805.0 -845.0 
811.0 -850.0 
816.0 -853.0 
805.0 -845.0 
811.0 -850.0 
816.0 -853.0 
805.0 -845.0 
811.0 -850.0 
816.0 -853.0 
805.0 -845.0 
811.0 -850.0 
816.0 -853.0 
805.0 -845.0 
811.0 -850.0 
816.0 -853.0 
805.0 -845.0 
811.0 -850.0 
816.0 -853.0 
805.0 -845.0 
811.0 -850.0 
816.0 -853.0 
805.0 -845.0 
811.0 -850.0 
816.0 -853.0 
805.0 -845.0 
811.0 -850.0 
816.0 -853.0 
805.0 -845.0 
811.0 -850.0 
816.0 -853.0 
805.0 -845.0 
811.0 -850.0 
816.0 -853.0 
805.0 -845.0 
811.0 -850.0 
816.0 -853.0 
805.0 -845.0 
811.0 -850.0 
816.0 -853.0 
805.0 -845.0 
811.0 -850.0 
805.0 -845.0 
811.0 -850.0 
805.0 -845.0 
811.0 -850.0 
805.0 -845.0 
811.0 -850.0 
805.0 -845.0 
811.0 -850.0 
805.0 -845.0 
811.0 -850.0 
805.0 -845.0 
811.0 -850.0 
805.0 -845.0 
811.0 -850.0 
805.0 -845.0 
811.0 -850.0 
805.0 -845.0 
811.0 -850.0 
805.0 -845.0 
805.0 -845.0 
805.0 -845.0 
811.0 -850.0 
805.0 -845.0 
805.0 -845.0 
805.0 -845.0 
816.0 -853.0 
805.0 -845.0 
805.0 -845.0 
805.0 -845.0 
805.0 -845.0 
805.0 -845.0 
811.0 -850.0 
805.0 -845.0 
811.0 -850.0 
