360 -1015.8466666666667 300
361 -1015.82 300
362 -1013.67 300
363 -1011.7666666666667 300
364 -1009.1666666666666 300
365 -1008.68 300
366 -1008.68 300
367 -1002.0533333333333 300
368 -1000.8033333333333 300
369 -993.8733333333333 300
370 -993.4433333333334 300
371 -993.3733333333333 300
372 -992.6166666666667 300
373 -991.5533333333333 300
374 -991.7566666666667 300
375 -991.5266666666666 300
376 -990.0633333333334 300
377 -990.1733333333333 300
378 -988.9166666666666 300
379 -988.12 300
380 -991.0666666666667 300
381 -989.93 300
382 -988.8266666666667 300
383 -987.08 300
384 -987.8733333333333 300
385 -990.5933333333334 300
386 -989.86 300
387 -988.0633333333334 300
388 -985.8133333333334 300
389 -981.8266666666667 300
390 -976.46 300
391 -974.0933333333334 300
392 -968.8733333333333 300
393 -964.0333333333333 300
394 -964.2733333333333 300
395 -961.5866666666667 300
396 -969.6166666666667 300
397 -970.6333333333333 300
398 -967.7033333333334 300
399 -967.6833333333333 300
400 -967.4733333333334 300
401 -966.4366666666666 300
402 -966.3866666666667 300
403 -966.41 300
404 -967.34 300
405 -966.7566666666667 300
406 -966.39 300
407 -964.0233333333333 300
408 -961.3566666666667 300
409 -955.8866666666667 300
410 -951.8766666666667 300
411 -942.77 300
412 -942.71 300
413 -943.2266666666667 300
414 -943.4133333333333 300
415 -941.7766666666666 300
416 -941.8033333333333 300
417 -941.2666666666667 300
418 -940.8766666666667 300
419 -940.6 300
420 -941.37 300
421 -942.1533333333333 300
422 -944.6566666666666 300
423 -948.57 300
424 -944.1033333333334 300
425 -938.4633333333334 300
426 -938.98 300
427 -939.6266666666667 300
428 -940.5933333333334 300
429 -942.82 300
430 -946.1833333333333 300
431 -947.3733333333333 300
432 -949.21 300
433 -952.2066666666667 300
434 -946.93 300
435 -947.3133333333334 300
436 -958.3966666666666 300
437 -962.01 300
438 -961.2966666666666 300
439 -960.1766666666666 300
440 -958.06 300
441 -954.0766666666667 300
442 -948.0933333333334 300
443 -949.3766666666667 300
444 -950.5866666666667 300
445 -946.6366666666667 300
446 -951.32 300
447 -955.8166666666667 300
448 -958.19 300
449 -953.4866666666667 300
450 -952.81 300
451 -952.7466666666667 300
452 -952.6866666666666 300
453 -952.6633333333333 300
454 -949.91 300
455 -949.91 300
456 -949.8466666666667 300
457 -951.2166666666667 300
458 -951.1333333333333 300
459 -950.94 300
460 -950.7 300
461 -949.3566666666667 300
462 -946.1233333333333 300
463 -939.8433333333334 300
464 -942.0133333333333 300
465 -945.3666666666667 300
466 -951.7966666666666 300
467 -959.1366666666667 300
468 -956.2666666666667 300
469 -952.3133333333334 300
470 -944.5566666666666 300
471 -949.62 300
472 -949.72 300
473 -949.5833333333334 300
474 -949.4166666666666 300
475 -949.2066666666667 300
476 -948.5833333333334 300
477 -947.43 300
478 -945.3266666666667 300
479 -941.5666666666667 300
480 -936.4933333333333 300
481 -928.9333333333333 300
482 -926.68 300
483 -925.4233333333333 300
484 -924.2966666666666 300
485 -917.7266666666667 300
486 -912.7966666666666 300
487 -911.8366666666667 300
488 -909.6166666666667 300
489 -905.3166666666667 300
490 -902.5266666666666 300
491 -902.5733333333334 300
492 -903.26 300
493 -903.75 300
494 -902.34 300
495 -901.39 300
496 -901.69 300
497 -902.0833333333334 300
498 -902.82 300
499 -903.1266666666667 300
500 -903.9566666666667 300
501 -904.2233333333334 300
502 -904.3233333333334 300
503 -904.6333333333333 300
504 -905.1566666666666 300
505 -904.88 300
506 -901.4366666666666 300
507 -899.51 300
508 -899.7266666666667 300
509 -899.4066666666666 300
510 -899.39 300
511 -899.2766666666666 300
512 -899.4633333333334 300
513 -899.6433333333333 300
514 -899.8233333333334 300
515 -899.89 300
516 -899.7833333333333 300
517 -899.3233333333334 300
518 -897.5533333333333 300
519 -897.26 300
520 -896.7333333333333 300
521 -895.7466666666667 300
522 -893.85 300
523 -893.94 300
524 -892.73 300
525 -892.4833333333333 300
526 -896.1633333333333 300
527 -895.3833333333333 300
528 -894.6066666666667 300
529 -893.3933333333333 300
530 -890.3766666666667 300
531 -885.4433333333334 300
532 -877.1133333333333 300
533 -873.54 300
534 -872.34 300
535 -867.66 300
536 -867.8 300
537 -867.8 300
538 -867.9433333333334 300
539 -868.0866666666667 300
540 -868.0933333333334 300
541 -868.0966666666667 300
542 -867.9566666666667 300
543 -867.89 300
544 -867.03 300
545 -866.59 300
546 -865.3333333333334 300
547 -863.3066666666666 300
548 -857.8166666666667 300
549 -847.9133333333333 300
550 -845.85 300
551 -843.9066666666666 300
552 -845.0466666666666 300
553 -846.39 300
554 -847.79 300
555 -849.8566666666667 300
556 -840.4466666666667 300
557 -839.5033333333333 300
558 -839.5033333333333 300
559 -839.5033333333333 300
560 -839.59 300
561 -839.7266666666667 300
562 -839.8533333333334 300
563 -839.8033333333333 300
564 -839.9133333333333 300
565 -839.59 300
566 -839.7 300
567 -837.8533333333334 300
568 -837.9733333333334 300
569 -837.95 300
570 -837.92 300
571 -837.89 300
572 -837.7433333333333 300
573 -837.76 300
574 -837.69 300
575 -837.92 300
576 -837.8633333333333 300
577 -837.78 300
578 -837.6366666666667 300
579 -837.3233333333334 300
580 -837.15 300
581 -837.0133333333333 300
582 -837.0133333333333 300
583 -837.06 300
584 -837.1566666666666 300
585 -837.2033333333334 300
586 -837.2066666666667 300
587 -837.11 300
588 -837.1133333333333 300
589 -837.0633333333334 300
590 -837.0133333333333 300
591 -837.1 300
592 -837.1 300
593 -837.1 300
594 -837.0566666666666 300
595 -837.0566666666666 300
596 -837.0566666666666 300
597 -837.0566666666666 300
598 -837.1 300
599 -837.1866666666666 300
600 -837.19 300
601 -837.37 300
602 -837.4533333333334 300
603 -837.54 300
604 -837.8033333333333 300
605 -837.89 300
606 -837.9333333333333 300
607 -837.9333333333333 300
608 -838.07 300
609 -838.1633333333333 300
610 -838.1666666666666 300
611 -838.04 300
612 -837.4866666666667 300
613 -837.5733333333334 300
614 -837.6166666666667 300
615 -837.7 300
616 -837.46 300
617 -837.1 300
618 -837.06 300
619 -837.06 300
620 -836.93 300
621 -836.7533333333333 300
622 -836.6633333333333 300
623 -836.8733333333333 300
624 -836.7433333333333 300
625 -836.57 300
626 -836.05 300
627 -835.53 300
628 -834.66 300
629 -832.8833333333333 300
630 -830.24 300
631 -831.2366666666667 300
632 -833.36 300
633 -835.05 300
634 -833.8466666666667 300
635 -831.7233333333334 300
636 -828.3 300
637 -823.23 300
638 -824.7033333333334 300
639 -825.2566666666667 300
640 -825.2566666666667 300
641 -825.3433333333334 300
642 -825.4733333333334 300
643 -824.39 300
644 -824.4866666666667 300
645 -824.4866666666667 300
646 -824.4433333333334 300
647 -824.3033333333333 300
648 -824.3133333333334 300
649 -824.3133333333334 300
650 -824.27 300
651 -824.1833333333333 300
652 -824.0 300
653 -824.0 300
654 -824.0 300
655 -824.0 300
656 -824.0433333333333 300
657 -824.0433333333333 300
658 -824.0433333333333 300
659 -823.9966666666667 300
660 -823.9933333333333 300
661 -823.99 300
662 -823.9866666666667 300
663 -824.0 300
664 -824.0 300
665 -824.0 300
666 -824.0 300
667 -823.9966666666667 300
668 -824.0366666666666 300
669 -824.1666666666666 300
670 -824.2533333333333 300
671 -824.13 300
672 -824.13 300
673 -824.09 300
674 -824.09 300
675 -824.0 300
676 -823.9966666666667 300
677 -823.9966666666667 300
678 -823.9933333333333 300
679 -823.9933333333333 300
680 -824.0266666666666 300
681 -824.0166666666667 300
682 -824.0 300
683 -823.9566666666667 300
684 -823.94 300
685 -823.83 300
686 -823.5933333333334 300
687 -823.0766666666667 300
688 -823.0166666666667 300
689 -822.8933333333333 300
690 -822.77 300
691 -822.3066666666666 300
692 -821.5966666666667 300
693 -821.78 300
694 -821.2133333333334 300
695 -819.8233333333334 300
696 -817.5366666666666 300
697 -814.6333333333333 300
698 -813.1933333333334 300
699 -811.5033333333333 300
700 -809.9833333333333 300
701 -809.47 300
702 -809.06 300
703 -808.1033333333334 300
704 -807.69 300
705 -806.17 300
706 -804.1 300
707 -798.8966666666666 300
708 -797.42 300
709 -797.4266666666666 300
710 -797.5466666666666 300
711 -797.6533333333333 300
712 -797.98 300
713 -798.29 300
714 -798.57 300
715 -799.2433333333333 300
716 -797.9766666666667 300
717 -797.9833333333333 300
718 -797.6433333333333 300
719 -797.6633333333333 300
720 -797.6966666666667 300
721 -797.7433333333333 300
722 -797.8733333333333 300
723 -797.9733333333334 300
724 -797.6833333333333 300
725 -797.5633333333334 300
726 -797.4333333333333 300
727 -797.32 300
728 -797.3933333333333 300
729 -797.0366666666666 300
730 -796.83 300
731 -796.51 300
732 -795.84 300
733 -795.0333333333333 300
734 -793.3666666666667 300
735 -789.8633333333333 300
736 -781.65 300
737 -774.4166666666666 300
738 -774.53 300
739 -774.8066666666666 300
740 -775.57 300
741 -776.8166666666667 300
742 -777.6166666666667 300
743 -779.51 300
744 -783.18 300
745 -787.6833333333333 300
746 -788.52 300
747 -786.0433333333333 300
748 -775.1733333333333 300
749 -775.47 300
750 -775.9333333333333 300
751 -777.8433333333334 300
752 -778.95 300
753 -780.89 300
754 -783.8033333333333 300
755 -787.74 300
756 -793.2466666666667 300
757 -793.75 300
758 -790.3833333333333 300
759 -792.3033333333333 300
760 -786.7933333333333 300
761 -790.61 300
762 -796.3566666666667 300
763 -797.3866666666667 300
764 -795.8366666666667 300
765 -803.3933333333333 300
766 -809.0633333333334 300
767 -808.3333333333334 300
768 -806.62 300
769 -805.6666666666666 300
770 -801.5133333333333 300
771 -801.5566666666666 300
772 -802.3333333333334 300
773 -803.8066666666666 300
774 -805.73 300
775 -809.0766666666667 300
776 -808.98 300
777 -808.6566666666666 300
778 -808.2 300
779 -807.3466666666667 300
780 -805.6733333333333 300
781 -802.6166666666667 300
782 -803.2866666666666 300
783 -806.12 300
784 -809.77 300
785 -812.84 300
786 -815.98 300
787 -816.0266666666666 300
788 -815.9766666666667 300
789 -815.86 300
790 -815.9033333333333 300
791 -816.64 300
792 -817.2266666666667 300
793 -816.9633333333334 300
794 -816.92 300
795 -817.0466666666666 300
796 -818.1366666666667 300
797 -815.4733333333334 300
798 -811.7333333333333 300
799 -803.1 300
800 -795.6933333333334 300
801 -795.7 300
802 -795.7066666666667 300
803 -795.7066666666667 300
804 -795.71 300
805 -795.71 300
806 -795.6666666666666 300
807 -795.6266666666667 300
808 -795.5366666666666 300
809 -795.5433333333333 300
810 -795.4833333333333 300
811 -795.3666666666667 300
812 -795.3666666666667 300
813 -795.3666666666667 300
814 -795.41 300
815 -795.41 300
816 -795.4066666666666 300
817 -795.4133333333333 300
818 -795.4066666666666 300
819 -795.3733333333333 300
820 -795.4233333333333 300
821 -795.4233333333333 300
822 -795.4233333333333 300
823 -795.43 300
824 -795.45 300
825 -795.4566666666667 300
826 -795.46 300
827 -795.62 300
828 -795.55 300
829 -795.7133333333334 300
830 -795.8066666666666 300
831 -795.7833333333333 300
832 -795.8533333333334 300
833 -795.97 300
834 -795.4666666666667 300
835 -795.6766666666666 300
836 -795.9566666666667 300
837 -796.5166666666667 300
838 -797.68 300
839 -799.7 300
840 -803.33 300
841 -810.2533333333333 300
842 -815.9833333333333 300
843 -815.9533333333334 300
844 -815.9333333333333 300
845 -815.7533333333333 300
846 -816.38 300
847 -816.38 300
848 -816.38 300
849 -816.2833333333333 300
850 -816.1866666666666 300
851 -816.2833333333333 300
852 -816.38 300
853 -816.38 300
854 -816.38 300
855 -816.4233333333333 300
856 -816.4166666666666 300
857 -816.3733333333333 300
858 -816.2866666666666 300
859 -816.26 300
860 -816.1733333333333 300
861 -816.0866666666667 300
862 -815.9133333333333 300
863 -815.2633333333333 300
864 -813.9633333333334 300
865 -811.7966666666666 300
866 -808.07 300
867 -805.1666666666666 300
868 -805.3833333333333 300
869 -805.6866666666666 300
870 -806.0766666666667 300
871 -807.3766666666667 300
872 -808.5466666666666 300
873 -803.4766666666667 300
874 -803.4766666666667 300
875 -803.4766666666667 300
876 -803.52 300
877 -803.52 300
878 -803.6166666666667 300
879 -803.3066666666666 300
880 -803.0466666666666 300
881 -802.4833333333333 300
882 -801.14 300
883 -798.8866666666667 300
884 -794.2066666666667 300
885 -791.0833333333334 300
886 -791.0433333333333 300
887 -791.3966666666666 300
888 -792.07 300
889 -793.04 300
890 -795.0033333333333 300
891 -797.85 300
892 -802.9766666666667 300
893 -799.18 300
894 -800.1866666666666 300
895 -792.3466666666667 300
896 -792.64 300
897 -792.8066666666666 300
898 -793.1033333333334 300
899 -793.27 300
900 -793.7333333333333 300
901 -793.73 300
902 -794.3333333333334 300
903 -791.4933333333333 300
904 -791.5766666666667 300
905 -791.62 300
906 -791.6633333333333 300
907 -791.6966666666667 300
908 -791.6966666666667 300
909 -791.6966666666667 300
910 -791.6966666666667 300
911 -791.74 300
912 -791.8266666666667 300
913 -791.9133333333333 300
914 -791.9566666666667 300
915 -792.1266666666667 300
916 -792.1266666666667 300
917 -792.2066666666667 300
918 -792.3333333333334 300
919 -792.6766666666666 300
920 -793.0666666666667 300
921 -793.4966666666667 300
922 -794.1 300
923 -792.5766666666667 300
924 -792.5766666666667 300
925 -792.66 300
926 -792.7 300
927 -792.7 300
928 -792.7866666666666 300
929 -792.61 300
930 -792.6066666666667 300
931 -792.73 300
932 -792.86 300
933 -792.7666666666667 300
934 -793.2833333333333 300
935 -793.4066666666666 300
936 -794.31 300
937 -795.51 300
938 -796.7766666666666 300
939 -797.8033333333333 300
940 -796.12 300
941 -796.5766666666667 300
942 -793.7366666666667 300
943 -793.7766666666666 300
944 -793.82 300
945 -793.8633333333333 300
946 -793.8233333333334 300
947 -794.2966666666666 300
948 -794.5333333333333 300
949 -794.8466666666667 300
950 -794.8866666666667 300
951 -794.83 300
952 -795.07 300
953 -795.5533333333333 300
954 -795.9466666666667 300
955 -796.4633333333334 300
956 -797.38 300
957 -798.4966666666667 300
958 -799.8533333333334 300
959 -797.6433333333333 300
960 -794.1433333333333 300
961 -791.4266666666666 300
962 -791.44 300
963 -791.2933333333333 300
964 -791.2366666666667 300
965 -791.1033333333334 300
966 -790.8866666666667 300
967 -790.48 300
968 -790.6133333333333 300
969 -790.5366666666666 300
970 -790.54 300
971 -790.55 300
972 -790.6566666666666 300
973 -790.9266666666666 300
974 -790.9766666666667 300
975 -791.1766666666666 300
976 -791.26 300
977 -789.9066666666666 300
978 -791.82 300
979 -795.8433333333334 300
980 -797.78 300
981 -799.26 300
982 -801.0666666666667 300
983 -802.1166666666667 300
984 -801.71 300
985 -801.3233333333334 300
986 -800.2466666666667 300
987 -798.53 300
988 -795.8966666666666 300
989 -795.9333333333333 300
990 -796.1 300
991 -796.0966666666667 300
992 -796.5733333333334 300
993 -797.33 300
994 -797.8366666666667 300
995 -799.3933333333333 300
996 -801.1633333333333 300
997 -801.5666666666667 300
998 -801.53 300
999 -801.5666666666667 300
1000 -801.49 300
1001 -801.4133333333333 300
1002 -801.4166666666666 300
1003 -802.4666666666667 300
1004 -802.43 300
1005 -802.3933333333333 300
1006 -802.0133333333333 300
1007 -801.3166666666667 300
1008 -799.9966666666667 300
1009 -800.0333333333333 300
1010 -800.0333333333333 300
1011 -802.71 300
1012 -803.0033333333333 300
1013 -802.93 300
1014 -802.8933333333333 300
1015 -802.8166666666667 300
1016 -802.7433333333333 300
1017 -802.6666666666666 300
1018 -802.44 300
1019 -802.0333333333333 300
1020 -801.88 300
1021 -801.8766666666667 300
1022 -801.84 300
1023 -801.7266666666667 300
1024 -801.6133333333333 300
1025 -801.5366666666666 300
1026 -801.4233333333333 300
1027 -801.2733333333333 300
1028 -800.46 300
1029 -798.6666666666666 300
1030 -795.84 300
1031 -791.94 300
1032 -791.94 300
1033 -791.94 300
1034 -791.9466666666667 300
1035 -791.95 300
1036 -791.9466666666667 300
1037 -791.9433333333334 300
1038 -791.94 300
1039 -791.9366666666666 300
1040 -791.9333333333333 300
1041 -791.93 300
1042 -791.9266666666666 300
1043 -791.9233333333333 300
1044 -791.93 300
1045 -791.93 300
1046 -791.9266666666666 300
1047 -791.9233333333333 300
1048 -791.92 300
1049 -791.9166666666666 300
1050 -791.9133333333333 300
1051 -791.9133333333333 300
1052 -791.9133333333333 300
1053 -791.9133333333333 300
1054 -792.0766666666667 300
1055 -792.0766666666667 300
1056 -792.1733333333333 300
1057 -792.3666666666667 300
1058 -792.6966666666667 300
1059 -793.18 300
1060 -793.7566666666667 300
1061 -794.2866666666666 300
1062 -794.9633333333334 300
1063 -795.0133333333333 300
1064 -795.11 300
1065 -795.11 300
1066 -795.5366666666666 300
1067 -795.5266666666666 300
1068 -795.7133333333334 300
1069 -795.94 300
1070 -796.4333333333333 300
1071 -796.7733333333333 300
1072 -796.7033333333334 300
1073 -797.3866666666667 300
1074 -792.8066666666666 300
1075 -792.89 300
1076 -792.8433333333334 300
1077 -792.9033333333333 300
1078 -792.7566666666667 300
1079 -792.4933333333333 300
1080 -792.4933333333333 300
1081 -792.5766666666667 300
1082 -792.7033333333334 300
1083 -792.5033333333333 300
1084 -792.5466666666666 300
1085 -792.5466666666666 300
1086 -792.5933333333334 300
1087 -792.6366666666667 300
1088 -792.68 300
1089 -792.55 300
1090 -792.55 300
1091 -792.5933333333334 300
1092 -792.6366666666667 300
1093 -792.7233333333334 300
1094 -792.4666666666667 300
1095 -791.58 300
1096 -791.58 300
1097 -791.58 300
1098 -791.6733333333333 300
1099 -791.8633333333333 300
1100 -792.3466666666667 300
1101 -793.83 300
1102 -795.7066666666667 300
1103 -798.64 300
1104 -801.9166666666666 300
1105 -794.9066666666666 300
1106 -792.8533333333334 300
1107 -792.6066666666667 300
1108 -793.6133333333333 300
1109 -796.5733333333334 300
1110 -801.0666666666667 300
1111 -809.5233333333333 300
1112 -818.2466666666667 300
1113 -819.62 300
1114 -819.5633333333334 300
1115 -819.44 300
1116 -819.4633333333334 300
1117 -819.5566666666666 300
1118 -820.3666666666667 300
1119 -821.18 300
1120 -822.3033333333333 300
1121 -823.4466666666667 300
1122 -823.8 300
1123 -826.44 300
1124 -827.9666666666667 300
1125 -830.55 300
1126 -837.4133333333333 300
1127 -842.51 300
1128 -848.2533333333333 300
1129 -847.97 300
1130 -847.0233333333333 300
1131 -846.9333333333333 300
1132 -845.1833333333333 300
1133 -843.0 300
1134 -837.5833333333334 300
1135 -841.21 300
1136 -847.9366666666666 300
1137 -848.6633333333333 300
1138 -849.0266666666666 300
1139 -853.03 300
1140 -848.21 300
1141 -840.97 300
1142 -832.6033333333334 300
1143 -829.4566666666667 300
1144 -823.5133333333333 300
1145 -809.87 300
1146 -809.9666666666667 300
1147 -810.0733333333334 300
1148 -809.9766666666667 300
1149 -810.4166666666666 300
1150 -810.8333333333334 300
1151 -811.26 300
1152 -811.2 300
1153 -811.8933333333333 300
1154 -814.4066666666666 300
1155 -814.81 300
1156 -815.0033333333333 300
1157 -815.7766666666666 300
1158 -816.7866666666666 300
1159 -818.13 300
1160 -818.79 300
1161 -819.0833333333334 300
1162 -817.6766666666666 300
1163 -809.46 300
1164 -809.46 300
1165 -809.5033333333333 300
1166 -809.6533333333333 300
1167 -809.9533333333334 300
1168 -810.34 300
1169 -810.64 300
1170 -810.4033333333333 300
1171 -810.4133333333333 300
1172 -810.3266666666667 300
1173 -810.2866666666666 300
1174 -810.6233333333333 300
1175 -810.8266666666667 300
1176 -810.77 300
1177 -811.6766666666666 300
1178 -811.7833333333333 300
1179 -811.93 300
1180 -812.4 300
1181 -812.3133333333334 300
1182 -812.32 300
1183 -811.9333333333333 300
1184 -812.1 300
1185 -815.69 300
1186 -818.1033333333334 300
1187 -820.02 300
1188 -820.1666666666666 300
1189 -820.2666666666667 300
1190 -820.22 300
1191 -820.0733333333334 300
1192 -819.6166666666667 300
1193 -822.6166666666667 300
1194 -826.1166666666667 300
1195 -831.4933333333333 300
1196 -834.21 300
1197 -834.0133333333333 300
1198 -832.3733333333333 300
1199 -831.3566666666667 300
1200 -833.1433333333333 300
1201 -833.6166666666667 300
1202 -833.2366666666667 300
1203 -830.5266666666666 300
1204 -828.7633333333333 300
1205 -832.5966666666667 300
1206 -832.1966666666667 300
1207 -837.9 300
1208 -838.3 300
1209 -837.7733333333333 300
1210 -831.1066666666667 300
1211 -832.7433333333333 300
1212 -830.45 300
1213 -834.5566666666666 300
1214 -833.0766666666667 300
1215 -830.75 300
1216 -826.4233333333333 300
1217 -824.7633333333333 300
1218 -820.38 300
1219 -809.1 300
1220 -809.2466666666667 300
1221 -809.35 300
1222 -809.45 300
1223 -809.5966666666667 300
1224 -809.7466666666667 300
1225 -809.8966666666666 300
1226 -810.2 300
1227 -810.7566666666667 300
1228 -810.86 300
1229 -811.31 300
1230 -811.7566666666667 300
1231 -807.1533333333333 300
1232 -805.8933333333333 300
1233 -806.1133333333333 300
1234 -806.6333333333333 300
1235 -806.8666666666667 300
1236 -807.01 300
1237 -807.3966666666666 300
1238 -807.69 300
1239 -808.2033333333334 300
1240 -808.2333333333333 300
1241 -807.8666666666667 300
1242 -806.0533333333333 300
1243 -806.2166666666667 300
1244 -806.15 300
1245 -806.0766666666667 300
1246 -806.3233333333334 300
1247 -806.3866666666667 300
1248 -806.4166666666666 300
1249 -806.1433333333333 300
1250 -805.4666666666667 300
1251 -805.4766666666667 300
1252 -805.2366666666667 300
1253 -805.24 300
1254 -805.34 300
1255 -805.5866666666667 300
1256 -805.7733333333333 300
1257 -805.6633333333333 300
1258 -805.4633333333334 300
1259 -805.6166666666667 300
1260 -805.77 300
1261 -805.5666666666667 300
1262 -805.1066666666667 300
1263 -805.11 300
1264 -805.11 300
1265 -805.16 300
1266 -805.16 300
1267 -805.1633333333333 300
1268 -805.1666666666666 300
1269 -805.2166666666667 300
1270 -805.3066666666666 300
1271 -805.36 300
1272 -805.5833333333334 300
1273 -805.9833333333333 300
1274 -806.5466666666666 300
1275 -806.8566666666667 300
1276 -807.12 300
1277 -807.49 300
1278 -807.8166666666667 300
1279 -808.1266666666667 300
1280 -808.17 300
1281 -808.63 300
1282 -809.35 300
1283 -809.7966666666666 300
1284 -807.0166666666667 300
1285 -806.5066666666667 300
1286 -806.5833333333334 300
1287 -806.88 300
1288 -807.0066666666667 300
1289 -807.05 300
1290 -807.05 300
1291 -807.0466666666666 300
1292 -807.0866666666667 300
1293 -807.1366666666667 300
1294 -807.27 300
1295 -807.4433333333334 300
1296 -807.08 300
1297 -806.5033333333333 300
1298 -806.4966666666667 300
1299 -806.4933333333333 300
1300 -806.4866666666667 300
1301 -806.4566666666667 300
1302 -806.42 300
1303 -806.3266666666667 300
1304 -806.38 300
1305 -806.44 300
1306 -806.4866666666667 300
1307 -806.3666666666667 300
1308 -806.1366666666667 300
1309 -805.79 300
1310 -805.7933333333333 300
1311 -805.7966666666666 300
1312 -805.76 300
1313 -805.76 300
1314 -805.7666666666667 300
1315 -805.77 300
1316 -805.7733333333333 300
1317 -805.7766666666666 300
1318 -805.7333333333333 300
1319 -805.7766666666666 300
1320 -805.8233333333334 300
1321 -805.8366666666667 300
1322 -805.8933333333333 300
1323 -805.8966666666666 300
1324 -805.8966666666666 300
1325 -805.9 300
1326 -805.9033333333333 300
1327 -805.8233333333334 300
1328 -805.83 300
1329 -805.8333333333334 300
1330 -805.8333333333334 300
1331 -805.8366666666667 300
1332 -805.84 300
1333 -805.8433333333334 300
1334 -805.8466666666667 300
1335 -805.8333333333334 300
1336 -805.8166666666667 300
1337 -805.8666666666667 300
1338 -805.8266666666667 300
1339 -805.7933333333333 300
1340 -805.6633333333333 300
1341 -805.5066666666667 300
1342 -805.35 300
1343 -804.9533333333334 300
1344 -804.36 300
1345 -804.64 300
1346 -806.2666666666667 300
1347 -806.31 300
1348 -806.31 300
1349 -806.3133333333334 300
1350 -806.3566666666667 300
1351 -806.5066666666667 300
1352 -806.5066666666667 300
1353 -806.5066666666667 300
1354 -806.5066666666667 300
1355 -806.55 300
1356 -806.6366666666667 300
1357 -806.7666666666667 300
1358 -806.8533333333334 300
1359 -807.4866666666667 300
1360 -808.53 300
1361 -810.5233333333333 300
1362 -814.1666666666666 300
1363 -818.1466666666666 300
1364 -818.07 300
1365 -818.0333333333333 300
1366 -817.9533333333334 300
1367 -817.8766666666667 300
1368 -817.64 300
1369 -817.6166666666667 300
1370 -817.4166666666666 300
1371 -816.4566666666667 300
1372 -815.82 300
1373 -814.3 300
1374 -811.5033333333333 300
1375 -810.1366666666667 300
1376 -808.7 300
1377 -808.83 300
1378 -808.9533333333334 300
1379 -808.7766666666666 300
1380 -808.9033333333333 300
1381 -808.9033333333333 300
1382 -808.9833333333333 300
1383 -809.0233333333333 300
1384 -809.1533333333333 300
1385 -809.08 300
1386 -808.8966666666666 300
1387 -809.0633333333334 300
1388 -809.3866666666667 300
1389 -809.4733333333334 300
1390 -809.56 300
1391 -809.64 300
1392 -809.7633333333333 300
1393 -810.06 300
1394 -810.1433333333333 300
1395 -810.4633333333334 300
1396 -810.95 300
1397 -811.16 300
1398 -811.2466666666667 300
1399 -811.29 300
1400 -811.2833333333333 300
1401 -811.5866666666667 300
1402 -811.89 300
1403 -812.1766666666666 300
1404 -812.44 300
1405 -812.8966666666666 300
1406 -813.42 300
1407 -814.0 300
1408 -814.2466666666667 300
1409 -815.3266666666667 300
1410 -815.78 300
1411 -815.18 300
1412 -815.2333333333333 300
1413 -815.5866666666667 300
1414 -815.5866666666667 300
1415 -815.66 300
1416 -815.9333333333333 300
1417 -813.2566666666667 300
1418 -813.5666666666667 300
1419 -813.9366666666666 300
1420 -814.6733333333333 300
1421 -815.56 300
1422 -816.4766666666667 300
1423 -818.37 300
1424 -820.3466666666667 300
1425 -820.31 300
1426 -820.2733333333333 300
1427 -820.5333333333333 300
1428 -820.5133333333333 300
1429 -820.01 300
1430 -819.4233333333333 300
1431 -818.9166666666666 300
1432 -817.5966666666667 300
1433 -817.88 300
1434 -817.91 300
1435 -817.96 300
1436 -814.9133333333333 300
1437 -814.91 300
1438 -814.4233333333333 300
1439 -814.57 300
1440 -814.7433333333333 300
1441 -815.15 300
1442 -815.3566666666667 300
1443 -815.6466666666666 300
1444 -817.4933333333333 300
1445 -819.24 300
1446 -818.1533333333333 300
1447 -819.6666666666666 300
1448 -818.7566666666667 300
1449 -816.73 300
1450 -814.3366666666667 300
1451 -814.11 300
1452 -814.49 300
1453 -814.7966666666666 300
1454 -815.12 300
1455 -815.2933333333333 300
1456 -816.14 300
1457 -816.8033333333333 300
1458 -817.8433333333334 300
1459 -819.48 300
1460 -822.9533333333334 300
1461 -824.3533333333334 300
1462 -824.0066666666667 300
1463 -823.1633333333333 300
1464 -821.3133333333334 300
1465 -819.9566666666667 300
1466 -816.98 300
1467 -817.3133333333334 300
1468 -817.5433333333333 300
1469 -817.9466666666667 300
1470 -817.48 300
1471 -816.6966666666667 300
1472 -814.7833333333333 300
1473 -815.5866666666667 300
1474 -816.3133333333334 300
1475 -817.5333333333333 300
1476 -820.37 300
1477 -822.6166666666667 300
1478 -827.84 300
1479 -828.6166666666667 300
1480 -829.0033333333333 300
1481 -830.8133333333334 300
1482 -831.0766666666667 300
1483 -831.3533333333334 300
1484 -830.68 300
1485 -830.8133333333334 300
1486 -831.04 300
1487 -826.5533333333333 300
1488 -825.2333333333333 300
1489 -825.5033333333333 300
1490 -829.0966666666667 300
1491 -830.9466666666667 300
1492 -824.8366666666667 300
1493 -825.1 300
1494 -825.4833333333333 300
1495 -823.9733333333334 300
1496 -824.04 300
1497 -824.19 300
1498 -824.2966666666666 300
1499 -824.6 300
1500 -825.3066666666666 300
1501 -825.7433333333333 300
1502 -826.04 300
1503 -826.2266666666667 300
1504 -826.79 300
1505 -827.2833333333333 300
1506 -827.5733333333334 300
1507 -828.4666666666667 300
1508 -828.97 300
1509 -829.27 300
1510 -830.8266666666667 300
1511 -831.72 300
1512 -832.03 300
1513 -832.47 300
1514 -832.9666666666667 300
1515 -832.96 300
1516 -835.93 300
1517 -836.0933333333334 300
1518 -836.1533333333333 300
1519 -836.1566666666666 300
1520 -836.3966666666666 300
1521 -836.6133333333333 300
1522 -836.53 300
1523 -820.27 300
1524 -817.63 300
1525 -813.01 300
1526 -800.6166666666667 300
1527 -800.85 300
1528 -799.8533333333334 300
1529 -800.1766666666666 300
1530 -800.6 300
1531 -800.6 300
1532 -800.88 300
1533 -800.97 300
1534 -801.1033333333334 300
1535 -801.1466666666666 300
1536 -801.1066666666667 300
1537 -801.24 300
1538 -801.24 300
1539 -801.6066666666667 300
1540 -801.88 300
1541 -802.2933333333333 300
1542 -802.39 300
1543 -802.8133333333334 300
1544 -803.1766666666666 300
1545 -803.8766666666667 300
1546 -804.4733333333334 300
1547 -805.9366666666666 300
1548 -808.4666666666667 300
1549 -812.19 300
1550 -812.15 300
1551 -812.6633333333333 300
1552 -812.99 300
1553 -813.46 300
1554 -813.66 300
1555 -814.0033333333333 300
1556 -814.2433333333333 300
1557 -814.8733333333333 300
1558 -816.13 300
1559 -817.1433333333333 300
1560 -818.4266666666666 300
1561 -815.8966666666666 300
1562 -816.6233333333333 300
1563 -817.0833333333334 300
1564 -817.9033333333333 300
1565 -818.6166666666667 300
1566 -819.8966666666666 300
1567 -821.76 300
1568 -824.14 300
1569 -824.03 300
1570 -821.93 300
1571 -821.93 300
1572 -821.93 300
1573 -821.8866666666667 300
1574 -821.8433333333334 300
1575 -821.8 300
1576 -821.7566666666667 300
1577 -821.7133333333334 300
1578 -821.7133333333334 300
1579 -821.71 300
1580 -821.85 300
1581 -821.8066666666666 300
1582 -821.7633333333333 300
1583 -821.72 300
1584 -821.6466666666666 300
1585 -821.4433333333334 300
1586 -820.8333333333334 300
1587 -819.4466666666667 300
1588 -816.8466666666667 300
1589 -812.22 300
1590 -812.4066666666666 300
1591 -812.72 300
1592 -812.8066666666666 300
1593 -812.89 300
1594 -812.9766666666667 300
1595 -813.35 300
1596 -813.5366666666666 300
1597 -813.71 300
1598 -813.7533333333333 300
1599 -813.7533333333333 300
1600 -814.11 300
1601 -814.3866666666667 300
1602 -814.43 300
1603 -813.3366666666667 300
1604 -813.5666666666667 300
1605 -813.65 300
1606 -813.6933333333334 300
1607 -813.8666666666667 300
1608 -814.0933333333334 300
1609 -814.55 300
1610 -815.05 300
1611 -815.3633333333333 300
1612 -815.7566666666667 300
1613 -816.05 300
1614 -816.2166666666667 300
1615 -816.5266666666666 300
1616 -816.86 300
1617 -816.54 300
1618 -816.8733333333333 300
1619 -817.41 300
1620 -809.47 300
1621 -809.8033333333333 300
1622 -810.14 300
1623 -810.3466666666667 300
1624 -810.1 300
1625 -810.3533333333334 300
1626 -811.1033333333334 300
1627 -811.1 300
1628 -811.58 300
1629 -811.7833333333333 300
1630 -812.3866666666667 300
1631 -813.5766666666667 300
1632 -814.1366666666667 300
1633 -814.62 300
1634 -815.37 300
1635 -811.79 300
1636 -806.8766666666667 300
1637 -806.92 300
1638 -806.92 300
1639 -806.92 300
1640 -806.92 300
1641 -806.92 300
1642 -806.96 300
1643 -807.0 300
1644 -807.04 300
1645 -807.04 300
1646 -807.0833333333334 300
1647 -807.0833333333334 300
1648 -807.0833333333334 300
1649 -805.7366666666667 300
1650 -805.7366666666667 300
1651 -805.7366666666667 300
1652 -805.7366666666667 300
1653 -805.7366666666667 300
1654 -805.7366666666667 300
1655 -805.78 300
1656 -805.78 300
1657 -805.78 300
1658 -805.78 300
1659 -805.78 300
1660 -805.78 300
1661 -805.78 300
1662 -805.78 300
1663 -805.78 300
1664 -805.78 300
1665 -805.8233333333334 300
1666 -805.8666666666667 300
1667 -805.8666666666667 300
1668 -805.91 300
1669 -805.91 300
1670 -805.91 300
1671 -805.8666666666667 300
1672 -805.8666666666667 300
1673 -805.8666666666667 300
1674 -805.8666666666667 300
1675 -805.8666666666667 300
1676 -805.8666666666667 300
1677 -805.8666666666667 300
1678 -805.91 300
1679 -805.9533333333334 300
1680 -805.9533333333334 300
1681 -805.9533333333334 300
1682 -805.9533333333334 300
1683 -805.9533333333334 300
1684 -805.9533333333334 300
1685 -805.9533333333334 300
1686 -805.9533333333334 300
1687 -805.9533333333334 300
1688 -805.9533333333334 300
1689 -805.9533333333334 300
1690 -805.9533333333334 300
1691 -805.9533333333334 300
1692 -805.9566666666667 300
1693 -805.9533333333334 300
1694 -805.91 300
1695 -805.9966666666667 300
1696 -806.04 300
1697 -805.9133333333333 300
1698 -805.9566666666667 300
1699 -805.9566666666667 300
1700 -806.0 300
1701 -806.0 300
1702 -806.0433333333333 300
1703 -806.0433333333333 300
1704 -806.0466666666666 300
1705 -806.0466666666666 300
1706 -806.0433333333333 300
1707 -806.0 300
1708 -806.0 300
1709 -806.0433333333333 300
1710 -805.9566666666667 300
1711 -805.9533333333334 300
1712 -805.9966666666667 300
1713 -806.04 300
1714 -806.0833333333334 300
1715 -806.0133333333333 300
1716 -806.1433333333333 300
1717 -806.3433333333334 300
1718 -806.3 300
1719 -806.3 300
1720 -806.3 300
1721 -806.3433333333334 300
1722 -806.3433333333334 300
1723 -806.0833333333334 300
1724 -806.0833333333334 300
1725 -806.0833333333334 300
1726 -806.0833333333334 300
1727 -806.0833333333334 300
1728 -806.17 300
1729 -806.17 300
1730 -806.16 300
1731 -806.2133333333334 300
1732 -805.9533333333334 300
1733 -806.08 300
1734 -805.9933333333333 300
1735 -805.9066666666666 300
1736 -805.9066666666666 300
1737 -805.9066666666666 300
1738 -805.9766666666667 300
1739 -805.9766666666667 300
1740 -805.9333333333333 300
1741 -805.89 300
1742 -805.8466666666667 300
1743 -805.76 300
1744 -805.7166666666667 300
1745 -805.6733333333333 300
1746 -805.63 300
1747 -805.6733333333333 300
1748 -805.5 300
1749 -805.7166666666667 300
1750 -805.9333333333333 300
1751 -805.9066666666666 300
1752 -805.9066666666666 300
1753 -805.9066666666666 300
1754 -805.9066666666666 300
1755 -805.63 300
1756 -805.6333333333333 300
1757 -805.6333333333333 300
1758 -805.6333333333333 300
1759 -805.6333333333333 300
1760 -805.1766666666666 300
1761 -805.1766666666666 300
1762 -805.1766666666666 300
1763 -805.1766666666666 300
1764 -805.1366666666667 300
1765 -805.1366666666667 300
1766 -805.1333333333333 300
1767 -805.1333333333333 300
1768 -805.1333333333333 300
1769 -805.1333333333333 300
1770 -805.09 300
1771 -805.09 300
1772 -805.0 300
1773 -805.0 300
1774 -805.0 300
1775 -805.0 300
1776 -804.9566666666667 300
1777 -804.9566666666667 300
1778 -804.9566666666667 300
1779 -804.9566666666667 300
1780 -804.9566666666667 300
1781 -804.9566666666667 300
1782 -804.9566666666667 300
1783 -804.9566666666667 300
1784 -805.0033333333333 300
1785 -805.0033333333333 300
1786 -804.9633333333334 300
1787 -805.0066666666667 300
1788 -805.15 300
1789 -805.2666666666667 300
1790 -805.3766666666667 300
1791 -805.2466666666667 300
1792 -805.14 300
1793 -805.0 300
1794 -804.6433333333333 300
1795 -804.5966666666667 300
1796 -805.4633333333334 300
1797 -805.42 300
1798 -805.42 300
1799 -805.3766666666667 300
1800 -805.3333333333334 300
1801 -805.1166666666667 300
1802 -804.8566666666667 300
1803 -804.5966666666667 300
1804 -804.5966666666667 300
1805 -805.4633333333334 300
1806 -805.42 300
1807 -805.3766666666667 300
1808 -805.3333333333334 300
1809 -805.16 300
1810 -805.16 300
1811 -805.1166666666667 300
1812 -805.0733333333334 300
1813 -805.03 300
1814 -804.9866666666667 300
1815 -804.9433333333334 300
1816 -804.9 300
1817 -804.8566666666667 300
1818 -804.8133333333334 300
1819 -804.77 300
1820 -804.7266666666667 300
1821 -804.6833333333333 300
1822 -804.64 300
1823 -804.5966666666667 300
1824 -804.5533333333333 300
1825 -804.51 300
1826 -804.4666666666667 300
1827 -804.4233333333333 300
1828 -804.4233333333333 300
1829 -804.4233333333333 300
1830 -804.38 300
1831 -804.3366666666667 300
1832 -804.2933333333333 300
1833 -804.25 300
1834 -803.77 300
1835 -802.6866666666666 300
1836 -800.1733333333333 300
1837 -801.0833333333334 300
1838 -802.2933333333333 300
1839 -803.95 300
1840 -805.2066666666667 300
1841 -805.2066666666667 300
1842 -804.9033333333333 300
1843 -804.87 300
1844 -804.4933333333333 300
1845 -803.8333333333334 300
1846 -805.4466666666667 300
1847 -805.0966666666667 300
1848 -804.58 300
1849 -803.78 300
1850 -803.78 300
1851 -803.7833333333333 300
1852 -803.9233333333333 300
1853 -803.9666666666667 300
1854 -804.1933333333334 300
1855 -804.28 300
1856 -804.3766666666667 300
1857 -804.42 300
1858 -804.4666666666667 300
1859 -804.64 300
1860 -804.77 300
1861 -804.8233333333334 300
1862 -804.9133333333333 300
1863 -804.7233333333334 300
1864 -804.6266666666667 300
1865 -804.8533333333334 300
1866 -805.0733333333334 300
1867 -805.17 300
1868 -807.7033333333334 300
1869 -806.5333333333333 300
1870 -804.2933333333333 300
1871 -802.7366666666667 300
1872 -803.3033333333333 300
1873 -803.6533333333333 300
1874 -804.3133333333334 300
1875 -805.37 300
1876 -806.6533333333333 300
1877 -806.46 300
1878 -802.5066666666667 300
1879 -800.3 300
1880 -800.61 300
1881 -801.0466666666666 300
1882 -800.8466666666667 300
1883 -802.27 300
1884 -804.46 300
1885 -807.09 300
1886 -800.45 300
1887 -803.9266666666666 300
1888 -807.6433333333333 300
1889 -811.07 300
1890 -809.1466666666666 300
1891 -809.2433333333333 300
1892 -809.3433333333334 300
1893 -809.1833333333333 300
1894 -809.0233333333333 300
1895 -808.7333333333333 300
1896 -808.7033333333334 300
1897 -804.9233333333333 300
1898 -805.0233333333333 300
1899 -805.5766666666667 300
1900 -805.6733333333333 300
1901 -805.8033333333333 300
1902 -805.77 300
1903 -805.7366666666667 300
1904 -805.7033333333334 300
1905 -805.4133333333333 300
1906 -805.38 300
1907 -805.61 300
1908 -805.84 300
1909 -805.81 300
1910 -814.09 300
1911 -813.77 300
1912 -811.3466666666667 300
1913 -814.49 300
1914 -813.5366666666666 300
1915 -811.2566666666667 300
1916 -807.3133333333334 300
1917 -799.0133333333333 300
1918 -785.06 300
1919 -784.9233333333333 300
1920 -784.82 300
1921 -784.6033333333334 300
1922 -783.9133333333333 300
1923 -783.92 300
1924 -783.9266666666666 300
1925 -783.9333333333333 300
1926 -783.9433333333334 300
1927 -784.04 300
1928 -784.0366666666666 300
1929 -784.03 300
1930 -784.03 300
1931 -784.16 300
1932 -784.29 300
1933 -784.9833333333333 300
1934 -785.2 300
1935 -785.7633333333333 300
1936 -786.1966666666667 300
1937 -786.42 300
1938 -785.5533333333333 300
1939 -782.8233333333334 300
1940 -782.8666666666667 300
1941 -782.8666666666667 300
1942 -782.8666666666667 300
1943 -782.87 300
1944 -782.2166666666667 300
1945 -782.26 300
1946 -782.3033333333333 300
1947 -782.29 300
1948 -782.3266666666667 300
1949 -782.1533333333333 300
1950 -782.3366666666667 300
1951 -782.4666666666667 300
1952 -782.51 300
1953 -782.76 300
1954 -782.75 300
1955 -783.0433333333333 300
1956 -782.8966666666666 300
1957 -782.78 300
1958 -782.91 300
1959 -783.0833333333334 300
1960 -783.3433333333334 300
1961 -783.42 300
1962 -783.7233333333334 300
1963 -783.8533333333334 300
1964 -784.35 300
1965 -784.9566666666667 300
1966 -785.4133333333333 300
1967 -786.3533333333334 300
1968 -788.2233333333334 300
1969 -790.7 300
1970 -788.3966666666666 300
1971 -788.4133333333333 300
1972 -788.9433333333334 300
1973 -789.67 300
1974 -790.87 300
1975 -792.8533333333334 300
1976 -794.9233333333333 300
1977 -794.92 300
1978 -795.0333333333333 300
1979 -795.0833333333334 300
1980 -794.77 300
1981 -794.83 300
1982 -795.03 300
1983 -795.13 300
1984 -795.08 300
1985 -795.4233333333333 300
1986 -795.0066666666667 300
1987 -795.99 300
1988 -796.7033333333334 300
1989 -797.4433333333334 300
1990 -797.9766666666667 300
1991 -797.4066666666666 300
1992 -797.6833333333333 300
1993 -797.9766666666667 300
1994 -800.8133333333334 300
1995 -798.7366666666667 300
1996 -795.5466666666666 300
1997 -792.0366666666666 300
1998 -791.1333333333333 300
1999 -792.64 300
2000 -793.3433333333334 300
2001 -794.17 300
2002 -795.31 300
2003 -798.04 300
2004 -797.4533333333334 300
2005 -798.6933333333334 300
2006 -800.57 300
2007 -802.0833333333334 300
2008 -802.0366666666666 300
2009 -801.9866666666667 300
2010 -801.94 300
2011 -801.9466666666667 300
2012 -801.8966666666666 300
2013 -801.9433333333334 300
2014 -801.8966666666666 300
2015 -801.9466666666667 300
2016 -801.9 300
2017 -801.9 300
2018 -801.9466666666667 300
2019 -801.9066666666666 300
2020 -801.9066666666666 300
2021 -800.01 300
2022 -801.8066666666666 300
2023 -799.4866666666667 300
2024 -798.6666666666666 300
2025 -799.4 300
2026 -802.5533333333333 300
2027 -802.72 300
2028 -802.7233333333334 300
2029 -802.8733333333333 300
2030 -800.75 300
2031 -797.36 300
2032 -798.49 300
2033 -799.7233333333334 300
2034 -800.91 300
2035 -804.0433333333333 300
2036 -806.87 300
2037 -806.9433333333334 300
2038 -806.7333333333333 300
2039 -806.6866666666666 300
2040 -805.7733333333333 300
2041 -804.44 300
2042 -798.88 300
2043 -796.0133333333333 300
2044 -796.1433333333333 300
2045 -796.3233333333334 300
2046 -796.4166666666666 300
2047 -798.12 300
2048 -799.93 300
2049 -802.4266666666666 300
2050 -806.9666666666667 300
2051 -813.88 300
2052 -813.8233333333334 300
2053 -813.8233333333334 300
2054 -813.7666666666667 300
2055 -813.72 300
2056 -813.3333333333334 300
2057 -812.6666666666666 300
2058 -812.19 300
2059 -812.15 300
2060 -812.11 300
2061 -810.9 300
2062 -809.0066666666667 300
2063 -812.35 300
2064 -813.0866666666667 300
2065 -813.13 300
2066 -813.1333333333333 300
2067 -813.1466666666666 300
2068 -813.15 300
2069 -813.1533333333333 300
2070 -813.1566666666666 300
2071 -813.1666666666666 300
2072 -813.3266666666667 300
2073 -813.4466666666667 300
2074 -813.3233333333334 300
2075 -813.12 300
2076 -813.0933333333334 300
2077 -813.0866666666667 300
2078 -813.44 300
2079 -812.9933333333333 300
2080 -812.97 300
2081 -812.9133333333333 300
2082 -812.8333333333334 300
2083 -812.7266666666667 300
2084 -812.5266666666666 300
2085 -812.17 300
2086 -811.6133333333333 300
2087 -812.1366666666667 300
2088 -812.1366666666667 300
2089 -812.1366666666667 300
2090 -812.1366666666667 300
2091 -812.14 300
2092 -812.14 300
2093 -812.14 300
2094 -812.1433333333333 300
2095 -812.1466666666666 300
2096 -812.1466666666666 300
2097 -812.15 300
2098 -812.1533333333333 300
2099 -812.1566666666666 300
2100 -812.1566666666666 300
2101 -812.1633333333333 300
2102 -812.1633333333333 300
2103 -812.1666666666666 300
2104 -812.2166666666667 300
2105 -812.1766666666666 300
2106 -812.3233333333334 300
2107 -812.3233333333334 300
2108 -812.3333333333334 300
2109 -812.3333333333334 300
2110 -812.45 300
2111 -812.4533333333334 300
2112 -812.4633333333334 300
2113 -812.3566666666667 300
2114 -812.3633333333333 300
2115 -812.4266666666666 300
2116 -812.6066666666667 300
2117 -812.7266666666667 300
2118 -812.9833333333333 300
2119 -812.7833333333333 300
2120 -812.66 300
2121 -812.66 300
2122 -812.66 300
2123 -812.66 300
2124 -812.66 300
2125 -812.7033333333334 300
2126 -812.7066666666667 300
2127 -812.7933333333333 300
2128 -812.8433333333334 300
2129 -812.8466666666667 300
2130 -812.9233333333333 300
2131 -812.9566666666667 300
2132 -813.03 300
2133 -813.0366666666666 300
2134 -812.63 300
2135 -811.5566666666666 300
2136 -809.72 300
2137 -805.7066666666667 300
2138 -797.72 300
2139 -790.26 300
2140 -790.8733333333333 300
2141 -791.17 300
2142 -791.37 300
2143 -791.7666666666667 300
2144 -792.3 300
2145 -789.7066666666667 300
2146 -786.81 300
2147 -786.81 300
2148 -786.7233333333334 300
2149 -786.5966666666667 300
2150 -786.6 300
2151 -786.6033333333334 300
2152 -786.6033333333334 300
2153 -786.6033333333334 300
2154 -786.75 300
2155 -786.9366666666666 300
2156 -787.13 300
2157 -787.08 300
2158 -787.3766666666667 300
2159 -787.7666666666667 300
2160 -784.0566666666666 300
2161 -784.0566666666666 300
2162 -784.0566666666666 300
2163 -784.0566666666666 300
2164 -784.0566666666666 300
2165 -783.7333333333333 300
2166 -783.69 300
2167 -783.6466666666666 300
2168 -783.6033333333334 300
2169 -783.56 300
2170 -783.3433333333334 300
2171 -782.9533333333334 300
2172 -782.4766666666667 300
2173 -781.4366666666666 300
2174 -783.6466666666666 300
2175 -783.56 300
2176 -783.2133333333334 300
2177 -783.17 300
2178 -783.17 300
2179 -783.1266666666667 300
2180 -783.04 300
2181 -782.9966666666667 300
2182 -782.9533333333334 300
2183 -782.6933333333334 300
2184 -782.3033333333333 300
2185 -781.48 300
2186 -780.18 300
2187 -777.7533333333333 300
2188 -773.3766666666667 300
2189 -773.7666666666667 300
2190 -773.94 300
2191 -774.2866666666666 300
2192 -774.72 300
2193 -775.2833333333333 300
2194 -775.6733333333333 300
2195 -776.02 300
2196 -773.7666666666667 300
2197 -774.2 300
2198 -773.29 300
2199 -773.68 300
2200 -774.1666666666666 300
2201 -774.7333333333333 300
2202 -775.3833333333333 300
2203 -776.51 300
2204 -777.7266666666667 300
2205 -779.3133333333334 300
2206 -782.0866666666667 300
2207 -782.2166666666667 300
2208 -782.1733333333333 300
2209 -782.13 300
2210 -782.0866666666667 300
2211 -782.0866666666667 300
2212 -782.0433333333333 300
2213 -781.1766666666666 300
2214 -781.1333333333333 300
2215 -781.09 300
2216 -781.1333333333333 300
2217 -781.09 300
2218 -781.09 300
2219 -781.0466666666666 300
2220 -780.8733333333333 300
2221 -780.9166666666666 300
2222 -780.8733333333333 300
2223 -780.9166666666666 300
2224 -780.83 300
2225 -780.83 300
2226 -781.0466666666666 300
2227 -781.0466666666666 300
2228 -781.0033333333333 300
2229 -781.09 300
2230 -781.1333333333333 300
2231 -781.22 300
2232 -781.22 300
2233 -781.1766666666666 300
2234 -779.53 300
2235 -776.5833333333334 300
2236 -776.7133333333334 300
2237 -776.8866666666667 300
2238 -777.06 300
2239 -777.2333333333333 300
2240 -777.4066666666666 300
2241 -777.4933333333333 300
2242 -777.6233333333333 300
2243 -777.84 300
2244 -778.0566666666666 300
2245 -778.1866666666666 300
2246 -778.4466666666667 300
2247 -778.5766666666667 300
2248 -778.75 300
2249 -778.88 300
2250 -779.0966666666667 300
2251 -779.2266666666667 300
2252 -779.5833333333334 300
2253 -779.37 300
2254 -779.5 300
2255 -779.5 300
2256 -779.6733333333333 300
2257 -779.8466666666667 300
2258 -780.15 300
2259 -780.4533333333334 300
2260 -780.7133333333334 300
2261 -780.7566666666667 300
2262 -780.8 300
2263 -780.8433333333334 300
2264 -780.8866666666667 300
2265 -780.93 300
2266 -780.93 300
2267 -780.93 300
2268 -780.93 300
2269 -780.93 300
2270 -780.93 300
2271 -780.93 300
2272 -783.14 300
2273 -783.14 300
2274 -783.14 300
2275 -783.1833333333333 300
2276 -783.1833333333333 300
2277 -783.2266666666667 300
2278 -783.2266666666667 300
2279 -783.2266666666667 300
2280 -783.2266666666667 300
2281 -783.2266666666667 300
2282 -783.27 300
2283 -783.27 300
2284 -783.27 300
2285 -783.27 300
2286 -783.3133333333334 300
2287 -783.3133333333334 300
2288 -783.3133333333334 300
2289 -783.3133333333334 300
2290 -783.3133333333334 300
2291 -783.3133333333334 300
2292 -783.3566666666667 300
2293 -783.3566666666667 300
2294 -783.3566666666667 300
2295 -783.3566666666667 300
2296 -783.3566666666667 300
2297 -783.3566666666667 300
2298 -783.3566666666667 300
2299 -783.36 300
2300 -783.36 300
2301 -783.36 300
2302 -783.36 300
2303 -783.36 300
2304 -783.4033333333333 300
2305 -783.4466666666667 300
2306 -783.4466666666667 300
2307 -783.4466666666667 300
2308 -783.4466666666667 300
2309 -783.4466666666667 300
2310 -783.4466666666667 300
2311 -783.4466666666667 300
2312 -783.4433333333334 300
2313 -783.4433333333334 300
2314 -783.4433333333334 300
2315 -783.4433333333334 300
2316 -783.4433333333334 300
2317 -783.4433333333334 300
2318 -783.4433333333334 300
2319 -783.4433333333334 300
2320 -783.4433333333334 300
2321 -783.4433333333334 300
2322 -783.4866666666667 300
2323 -783.4866666666667 300
2324 -783.4433333333334 300
2325 -783.4433333333334 300
2326 -783.4866666666667 300
2327 -783.3133333333334 300
2328 -783.2266666666667 300
2329 -783.2266666666667 300
2330 -783.2266666666667 300
2331 -783.2266666666667 300
2332 -783.2266666666667 300
2333 -783.2266666666667 300
2334 -783.2266666666667 300
2335 -783.2266666666667 300
2336 -783.2266666666667 300
2337 -783.2266666666667 300
2338 -783.2266666666667 300
2339 -783.2266666666667 300
2340 -783.2266666666667 300
2341 -783.3233333333334 300
2342 -783.3233333333334 300
2343 -783.3233333333334 300
2344 -783.3233333333334 300
2345 -783.3233333333334 300
2346 -783.3233333333334 300
2347 -783.3233333333334 300
2348 -783.3233333333334 300
2349 -783.3233333333334 300
2350 -783.3233333333334 300
2351 -783.3233333333334 300
2352 -783.3233333333334 300
2353 -783.3233333333334 300
2354 -783.3233333333334 300
2355 -783.3233333333334 300
2356 -783.3233333333334 300
2357 -783.3233333333334 300
2358 -783.3233333333334 300
2359 -783.3233333333334 300
2360 -783.3233333333334 300
2361 -783.3233333333334 300
2362 -783.3233333333334 300
2363 -783.41 300
2364 -783.4533333333334 300
2365 -783.4533333333334 300
2366 -783.4533333333334 300
2367 -783.4533333333334 300
2368 -783.4533333333334 300
2369 -783.4533333333334 300
2370 -783.3566666666667 300
2371 -783.3566666666667 300
2372 -783.3566666666667 300
2373 -783.3566666666667 300
2374 -783.3566666666667 300
2375 -783.3566666666667 300
2376 -783.3566666666667 300
2377 -783.3566666666667 300
2378 -783.3566666666667 300
2379 -783.3566666666667 300
2380 -783.3566666666667 300
2381 -783.3566666666667 300
2382 -783.3566666666667 300
2383 -783.3566666666667 300
2384 -783.3566666666667 300
2385 -783.3566666666667 300
2386 -783.3566666666667 300
2387 -783.3566666666667 300
2388 -783.3566666666667 300
2389 -783.3566666666667 300
2390 -783.4966666666667 300
2391 -783.4966666666667 300
2392 -783.4966666666667 300
2393 -783.4033333333333 300
2394 -783.4033333333333 300
2395 -783.4033333333333 300
2396 -783.4033333333333 300
2397 -783.4466666666667 300
2398 -783.4466666666667 300
2399 -783.4466666666667 300
2400 -783.4466666666667 300
2401 -783.4466666666667 300
2402 -783.45 300
2403 -783.45 300
2404 -783.45 300
2405 -783.45 300
2406 -783.45 300
2407 -783.45 300
2408 -783.4933333333333 300
2409 -783.4933333333333 300
2410 -783.4933333333333 300
2411 -783.4933333333333 300
2412 -783.4933333333333 300
2413 -783.4933333333333 300
2414 -783.5366666666666 300
2415 -783.5366666666666 300
2416 -783.5366666666666 300
2417 -783.5366666666666 300
2418 -783.54 300
2419 -783.54 300
2420 -783.54 300
2421 -783.54 300
2422 -783.54 300
2423 -783.54 300
2424 -783.54 300
2425 -783.54 300
2426 -783.54 300
2427 -783.54 300
2428 -783.4433333333334 300
2429 -783.4866666666667 300
2430 -783.4866666666667 300
2431 -783.5333333333333 300
2432 -783.5333333333333 300
2433 -783.5333333333333 300
2434 -783.5333333333333 300
2435 -783.5333333333333 300
2436 -783.5333333333333 300
2437 -783.5366666666666 300
2438 -783.5333333333333 300
2439 -783.5333333333333 300
2440 -783.5333333333333 300
2441 -783.5333333333333 300
2442 -783.5333333333333 300
2443 -783.5333333333333 300
2444 -783.5333333333333 300
2445 -783.5333333333333 300
2446 -783.5333333333333 300
2447 -783.5333333333333 300
2448 -783.5333333333333 300
2449 -783.58 300
2450 -783.5333333333333 300
2451 -783.5333333333333 300
2452 -783.5333333333333 300
2453 -783.5333333333333 300
2454 -783.5333333333333 300
2455 -783.5333333333333 300
2456 -783.5333333333333 300
2457 -783.58 300
2458 -783.6233333333333 300
2459 -783.6233333333333 300
2460 -783.6233333333333 300
2461 -783.6266666666667 300
2462 -783.6266666666667 300
2463 -783.67 300
2464 -783.67 300
2465 -783.67 300
2466 -783.67 300
2467 -783.67 300
2468 -783.7133333333334 300
2469 -783.7 300
2470 -783.7 300
2471 -783.7 300
2472 -783.7 300
2473 -783.7 300
2474 -783.7 300
2475 -783.7 300
2476 -783.7433333333333 300
2477 -783.7433333333333 300
2478 -783.7433333333333 300
2479 -783.7433333333333 300
2480 -783.7433333333333 300
2481 -783.7433333333333 300
2482 -783.7866666666666 300
2483 -783.7866666666666 300
2484 -783.83 300
2485 -783.83 300
2486 -783.8733333333333 300
2487 -783.8733333333333 300
2488 -783.8733333333333 300
2489 -783.8733333333333 300
2490 -783.9166666666666 300
2491 -783.96 300
2492 -783.96 300
2493 -783.96 300
2494 -783.96 300
2495 -783.96 300
2496 -784.0033333333333 300
2497 -784.0466666666666 300
2498 -784.0466666666666 300
2499 -784.0466666666666 300
2500 -784.0466666666666 300
2501 -784.0466666666666 300
2502 -784.0466666666666 300
2503 -784.0433333333333 300
2504 -784.13 300
2505 -784.13 300
2506 -784.13 300
2507 -784.0433333333333 300
2508 -784.0433333333333 300
2509 -784.0433333333333 300
2510 -784.0433333333333 300
2511 -784.0433333333333 300
2512 -784.0866666666667 300
2513 -784.13 300
2514 -784.13 300
2515 -784.13 300
2516 -784.1733333333333 300
2517 -784.1733333333333 300
2518 -784.17 300
2519 -784.2133333333334 300
2520 -784.2133333333334 300
2521 -784.2566666666667 300
2522 -784.3 300
2523 -784.3 300
2524 -784.3 300
2525 -784.3866666666667 300
2526 -784.3866666666667 300
2527 -784.3866666666667 300
2528 -784.43 300
2529 -784.43 300
2530 -784.43 300
2531 -784.43 300
2532 -784.43 300
2533 -784.5166666666667 300
2534 -784.5166666666667 300
2535 -784.6033333333334 300
2536 -784.6466666666666 300
2537 -784.69 300
2538 -784.69 300
2539 -784.69 300
2540 -784.7766666666666 300
2541 -784.82 300
2542 -784.9066666666666 300
2543 -784.95 300
2544 -785.0366666666666 300
2545 -785.1233333333333 300
2546 -785.1666666666666 300
2547 -785.2533333333333 300
2548 -785.2966666666666 300
2549 -785.34 300
2550 -785.4266666666666 300
2551 -785.47 300
2552 -785.5566666666666 300
2553 -785.6866666666666 300
2554 -785.7733333333333 300
2555 -785.8166666666667 300
2556 -786.0333333333333 300
2557 -786.0766666666667 300
2558 -786.1633333333333 300
2559 -786.25 300
2560 -786.3366666666667 300
2561 -786.7266666666667 300
2562 -786.8566666666667 300
2563 -786.9866666666667 300
2564 -787.2033333333334 300
2565 -787.3333333333334 300
2566 -787.42 300
2567 -787.81 300
2568 -788.1233333333333 300
2569 -788.2433333333333 300
2570 -788.4166666666666 300
2571 -788.5466666666666 300
2572 -788.6333333333333 300
2573 -788.7633333333333 300
2574 -788.85 300
2575 -788.9366666666666 300
2576 -789.0666666666667 300
2577 -789.1966666666667 300
2578 -789.3266666666667 300
2579 -789.3266666666667 300
2580 -789.4566666666667 300
2581 -789.2833333333333 300
2582 -789.4133333333333 300
2583 -789.37 300
2584 -788.72 300
2585 -789.24 300
2586 -789.3266666666667 300
2587 -789.4566666666667 300
2588 -789.5866666666667 300
2589 -789.6733333333333 300
2590 -789.8133333333334 300
2591 -789.8133333333334 300
2592 -789.9 300
2593 -789.8566666666667 300
2594 -789.77 300
2595 -789.64 300
2596 -789.51 300
2597 -789.4233333333333 300
2598 -789.2933333333333 300
2599 -789.2066666666667 300
2600 -787.8633333333333 300
2601 -787.9933333333333 300
2602 -788.1233333333333 300
2603 -788.21 300
2604 -788.1233333333333 300
2605 -788.0366666666666 300
2606 -787.95 300
2607 -787.9066666666666 300
2608 -787.82 300
2609 -787.7766666666666 300
2610 -787.69 300
2611 -786.39 300
2612 -786.52 300
2613 -786.5633333333334 300
2614 -786.52 300
2615 -786.4333333333333 300
2616 -786.52 300
2617 -786.65 300
2618 -786.65 300
2619 -786.6066666666667 300
2620 -786.52 300
2621 -786.4766666666667 300
2622 -786.4333333333333 300
2623 -786.52 300
2624 -786.65 300
2625 -786.6066666666667 300
2626 -786.6066666666667 300
2627 -786.5633333333334 300
2628 -786.65 300
2629 -786.6933333333334 300
2630 -786.7366666666667 300
2631 -786.8233333333334 300
2632 -786.8666666666667 300
2633 -786.9966666666667 300
2634 -786.91 300
2635 -786.8666666666667 300
2636 -786.78 300
2637 -786.91 300
2638 -786.9533333333334 300
2639 -787.04 300
2640 -787.04 300
2641 -786.9533333333334 300
2642 -786.8666666666667 300
2643 -786.78 300
2644 -786.65 300
2645 -786.52 300
2646 -786.4333333333333 300
2647 -785.0466666666666 300
2648 -785.09 300
2649 -785.09 300
2650 -785.09 300
2651 -785.1766666666666 300
2652 -785.2633333333333 300
2653 -785.2633333333333 300
2654 -785.3066666666666 300
2655 -785.35 300
2656 -785.0033333333333 300
2657 -785.0033333333333 300
2658 -785.0033333333333 300
2659 -785.0466666666666 300
2660 -785.09 300
2661 -785.1333333333333 300
2662 -785.1333333333333 300
2663 -785.1766666666666 300
2664 -785.1766666666666 300
2665 -785.22 300
2666 -785.2633333333333 300
2667 -785.3066666666666 300
2668 -785.35 300
2669 -785.3933333333333 300
2670 -785.4366666666666 300
2671 -785.4366666666666 300
2672 -785.48 300
2673 -785.5233333333333 300
2674 -785.5666666666667 300
2675 -785.61 300
2676 -785.61 300
2677 -785.6533333333333 300
2678 -785.6966666666667 300
2679 -785.74 300
2680 -785.6966666666667 300
2681 -785.4366666666666 300
2682 -785.5233333333333 300
2683 -785.5233333333333 300
2684 -785.5233333333333 300
2685 -785.5233333333333 300
2686 -785.3933333333333 300
2687 -785.3933333333333 300
2688 -785.35 300
2689 -785.35 300
2690 -785.35 300
2691 -785.2633333333333 300
2692 -785.0366666666666 300
2693 -785.0366666666666 300
2694 -784.9066666666666 300
2695 -784.8633333333333 300
2696 -784.82 300
2697 -784.7766666666666 300
2698 -784.6033333333334 300
2699 -784.5166666666667 300
2700 -784.43 300
2701 -784.3433333333334 300
2702 -784.2133333333334 300
2703 -784.1266666666667 300
2704 -783.9966666666667 300
2705 -783.7366666666667 300
2706 -783.39 300
2707 -783.0 300
2708 -782.6533333333333 300
2709 -782.2633333333333 300
2710 -781.9166666666666 300
2711 -781.6133333333333 300
2712 -781.96 300
2713 -781.7433333333333 300
2714 -781.57 300
2715 -781.31 300
2716 -782.0466666666666 300
2717 -782.1766666666666 300
2718 -782.09 300
2719 -781.83 300
2720 -781.8733333333333 300
2721 -781.6566666666666 300
2722 -781.57 300
2723 -783.7866666666666 300
2724 -783.8233333333334 300
2725 -783.7366666666667 300
2726 -783.65 300
2727 -783.6066666666667 300
2728 -783.52 300
2729 -783.1766666666666 300
2730 -782.4833333333333 300
2731 -782.53 300
2732 -782.4433333333334 300
2733 -782.4433333333334 300
2734 -782.53 300
2735 -782.4433333333334 300
2736 -782.4866666666667 300
2737 -782.4 300
2738 -782.3566666666667 300
2739 -782.3566666666667 300
2740 -782.3133333333334 300
2741 -782.3133333333334 300
2742 -782.3133333333334 300
2743 -782.3133333333334 300
2744 -782.79 300
2745 -783.4833333333333 300
2746 -783.5266666666666 300
2747 -783.57 300
2748 -783.57 300
2749 -783.53 300
2750 -783.66 300
2751 -783.62 300
2752 -783.5366666666666 300
2753 -784.4033333333333 300
2754 -785.23 300
2755 -785.1033333333334 300
2756 -782.5066666666667 300
2757 -782.42 300
2758 -782.3766666666667 300
2759 -782.29 300
2760 -782.2033333333334 300
2761 -782.1166666666667 300
2762 -782.03 300
2763 -781.9433333333334 300
2764 -781.86 300
2765 -781.7733333333333 300
2766 -781.6433333333333 300
2767 -781.2066666666667 300
2768 -781.12 300
2769 -781.0333333333333 300
2770 -780.04 300
2771 -778.1766666666666 300
2772 -777.05 300
2773 -777.18 300
2774 -777.3966666666666 300
2775 -777.57 300
2776 -777.7 300
2777 -777.83 300
2778 -777.3966666666666 300
2779 -777.4433333333334 300
2780 -777.6166666666667 300
2781 -777.6166666666667 300
2782 -775.06 300
2783 -775.06 300
2784 -775.2333333333333 300
2785 -775.58 300
2786 -775.7533333333333 300
2787 -775.8833333333333 300
2788 -776.1 300
2789 -776.23 300
2790 -776.4033333333333 300
2791 -777.1833333333333 300
2792 -778.1366666666667 300
2793 -778.31 300
2794 -778.4833333333333 300
2795 -778.4833333333333 300
2796 -778.6566666666666 300
2797 -778.6566666666666 300
2798 -778.7866666666666 300
2799 -778.9166666666666 300
2800 -778.83 300
2801 -778.7866666666666 300
2802 -778.8733333333333 300
2803 -778.83 300
2804 -778.6566666666666 300
2805 -778.3966666666666 300
2806 -778.18 300
2807 -777.9633333333334 300
2808 -777.7433333333333 300
2809 -777.6133333333333 300
2810 -775.1433333333333 300
2811 -775.2766666666666 300
2812 -775.4066666666666 300
2813 -775.4933333333333 300
2814 -775.71 300
2815 -775.84 300
2816 -775.97 300
2817 -776.1 300
2818 -776.2333333333333 300
2819 -776.4066666666666 300
2820 -775.41 300
2821 -775.4533333333334 300
2822 -775.4966666666667 300
2823 -775.4566666666667 300
2824 -775.37 300
2825 -775.24 300
2826 -775.11 300
2827 -775.0233333333333 300
2828 -774.9366666666666 300
2829 -774.9366666666666 300
2830 -774.94 300
2831 -774.94 300
2832 -775.1566666666666 300
2833 -775.2866666666666 300
2834 -775.3733333333333 300
2835 -775.46 300
2836 -775.5033333333333 300
2837 -775.6366666666667 300
2838 -775.7233333333334 300
2839 -775.5933333333334 300
2840 -775.64 300
2841 -775.6866666666666 300
2842 -775.6 300
2843 -775.6433333333333 300
2844 -775.5566666666666 300
2845 -775.5566666666666 300
2846 -775.5166666666667 300
2847 -775.4733333333334 300
2848 -775.5166666666667 300
2849 -775.4733333333334 300
2850 -775.43 300
2851 -775.6466666666666 300
2852 -775.82 300
2853 -775.8633333333333 300
2854 -775.82 300
2855 -775.78 300
2856 -775.7366666666667 300
2857 -775.7366666666667 300
2858 -775.6933333333334 300
2859 -775.6066666666667 300
2860 -775.5633333333334 300
2861 -775.5633333333334 300
2862 -775.4766666666667 300
2863 -775.4333333333333 300
2864 -775.3033333333333 300
2865 -775.3033333333333 300
2866 -775.3033333333333 300
2867 -775.5633333333334 300
2868 -775.7366666666667 300
2869 -775.8666666666667 300
2870 -776.0833333333334 300
2871 -776.5166666666667 300
2872 -776.6466666666666 300
2873 -776.82 300
2874 -776.9933333333333 300
2875 -777.1233333333333 300
2876 -777.7733333333333 300
2877 -777.8166666666667 300
2878 -777.99 300
2879 -778.2166666666667 300
2880 -778.6933333333334 300
2881 -778.8666666666667 300
2882 -778.8233333333334 300
2883 -778.9566666666667 300
2884 -779.1333333333333 300
2885 -779.0033333333333 300
2886 -778.9166666666666 300
2887 -777.8333333333334 300
2888 -778.7433333333333 300
2889 -780.39 300
2890 -782.9133333333333 300
2891 -782.9966666666667 300
2892 -782.9133333333333 300
2893 -782.8266666666667 300
2894 -782.7866666666666 300
2895 -782.7466666666667 300
2896 -782.88 300
2897 -782.88 300
2898 -782.6233333333333 300
2899 -782.5433333333333 300
2900 -783.24 300
2901 -783.2466666666667 300
2902 -783.25 300
2903 -783.2566666666667 300
2904 -783.26 300
2905 -783.2633333333333 300
2906 -783.16 300
2907 -783.2066666666667 300
2908 -783.2066666666667 300
2909 -783.2066666666667 300
2910 -783.2066666666667 300
2911 -783.2066666666667 300
2912 -783.2066666666667 300
2913 -783.2066666666667 300
2914 -783.2066666666667 300
2915 -783.2066666666667 300
2916 -783.2066666666667 300
2917 -783.2066666666667 300
2918 -783.2066666666667 300
2919 -783.2066666666667 300
2920 -783.2066666666667 300
2921 -783.2066666666667 300
2922 -783.2066666666667 300
2923 -783.2066666666667 300
2924 -783.2066666666667 300
2925 -783.2066666666667 300
2926 -783.2066666666667 300
2927 -783.2066666666667 300
2928 -783.2133333333334 300
2929 -783.2133333333334 300
2930 -783.2133333333334 300
2931 -783.2133333333334 300
2932 -783.2133333333334 300
2933 -783.2133333333334 300
2934 -783.2133333333334 300
2935 -783.2133333333334 300
2936 -783.2133333333334 300
2937 -783.2133333333334 300
2938 -783.2133333333334 300
2939 -783.2133333333334 300
2940 -783.17 300
2941 -783.17 300
2942 -783.17 300
2943 -783.17 300
2944 -783.1733333333333 300
2945 -783.2166666666667 300
2946 -783.2166666666667 300
2947 -783.2166666666667 300
2948 -783.2166666666667 300
2949 -783.2166666666667 300
2950 -783.2166666666667 300
2951 -783.2166666666667 300
2952 -783.2166666666667 300
2953 -783.2166666666667 300
2954 -783.2166666666667 300
2955 -783.1733333333333 300
2956 -783.2166666666667 300
2957 -783.2166666666667 300
2958 -783.2166666666667 300
2959 -783.22 300
2960 -783.22 300
2961 -783.22 300
2962 -783.22 300
2963 -783.22 300
2964 -783.22 300
2965 -783.22 300
2966 -783.22 300
2967 -783.2633333333333 300
2968 -783.32 300
2969 -783.32 300
2970 -783.32 300
2971 -783.32 300
2972 -783.32 300
2973 -783.32 300
2974 -783.32 300
2975 -783.32 300
2976 -783.32 300
2977 -783.32 300
2978 -783.32 300
2979 -783.32 300
2980 -783.32 300
2981 -783.2766666666666 300
2982 -783.2766666666666 300
2983 -783.2766666666666 300
2984 -783.2766666666666 300
2985 -783.2333333333333 300
2986 -783.32 300
2987 -783.3233333333334 300
2988 -783.3266666666667 300
2989 -783.3266666666667 300
2990 -783.3266666666667 300
2991 -783.3266666666667 300
2992 -783.3266666666667 300
2993 -783.3266666666667 300
2994 -783.3266666666667 300
2995 -783.3266666666667 300
2996 -783.3266666666667 300
2997 -783.3266666666667 300
2998 -783.3266666666667 300
2999 -783.3266666666667 300
3000 -783.3266666666667 300
