348 -993.39 300
349 -993.46 300
350 -994.0466666666666 300
351 -994.3033333333333 300
352 -994.3166666666667 300
353 -994.5433333333333 300
354 -994.1933333333334 300
355 -993.3466666666667 300
356 -993.4566666666667 300
357 -993.6066666666667 300
358 -993.7066666666667 300
359 -994.02 300
360 -994.54 300
361 -994.9833333333333 300
362 -995.5333333333333 300
363 -995.21 300
364 -992.93 300
365 -993.5966666666667 300
366 -993.0266666666666 300
367 -992.0 300
368 -989.8733333333333 300
369 -987.2866666666666 300
370 -987.1666666666666 300
371 -986.1533333333333 300
372 -981.48 300
373 -981.5466666666666 300
374 -981.62 300
375 -981.07 300
376 -980.6966666666667 300
377 -979.2666666666667 300
378 -977.34 300
379 -973.0833333333334 300
380 -973.2166666666667 300
381 -974.1233333333333 300
382 -975.46 300
383 -977.41 300
384 -978.5733333333334 300
385 -975.41 300
386 -969.31 300
387 -974.4233333333333 300
388 -983.6866666666666 300
389 -980.2733333333333 300
390 -980.19 300
391 -979.5033333333333 300
392 -979.8366666666667 300
393 -978.9166666666666 300
394 -978.0566666666666 300
395 -976.78 300
396 -975.9166666666666 300
397 -977.93 300
398 -978.3233333333334 300
399 -975.54 300
400 -976.13 300
401 -977.2533333333333 300
402 -973.2066666666667 300
403 -970.7733333333333 300
404 -973.7133333333334 300
405 -974.94 300
406 -971.3533333333334 300
407 -966.74 300
408 -968.0966666666667 300
409 -968.12 300
410 -967.9566666666667 300
411 -968.31 300
412 -968.57 300
413 -968.69 300
414 -968.62 300
415 -966.86 300
416 -963.2933333333333 300
417 -963.7433333333333 300
418 -964.18 300
419 -964.8033333333333 300
420 -965.38 300
421 -966.3866666666667 300
422 -967.9466666666667 300
423 -970.0766666666667 300
424 -970.95 300
425 -973.7633333333333 300
426 -974.7333333333333 300
427 -974.6833333333333 300
428 -973.4866666666667 300
429 -969.49 300
430 -966.04 300
431 -966.7266666666667 300
432 -960.2233333333334 300
433 -960.0566666666666 300
434 -959.89 300
435 -957.4033333333333 300
436 -956.0733333333334 300
437 -956.1533333333333 300
438 -956.2266666666667 300
439 -956.3466666666667 300
440 -955.9966666666667 300
441 -956.9433333333334 300
442 -956.9466666666667 300
443 -957.0833333333334 300
444 -957.0866666666667 300
445 -956.78 300
446 -956.8333333333334 300
447 -956.8766666666667 300
448 -956.02 300
449 -956.1133333333333 300
450 -956.2633333333333 300
451 -956.18 300
452 -956.2333333333333 300
453 -956.2766666666666 300
454 -956.3866666666667 300
455 -956.5933333333334 300
456 -957.1366666666667 300
457 -957.9266666666666 300
458 -958.7766666666666 300
459 -960.2733333333333 300
460 -962.4533333333334 300
461 -964.77 300
462 -966.9966666666667 300
463 -969.68 300
464 -965.52 300
465 -958.55 300
466 -958.5933333333334 300
467 -958.1966666666667 300
468 -958.37 300
469 -958.27 300
470 -958.2566666666667 300
471 -958.4566666666667 300
472 -958.81 300
473 -958.83 300
474 -956.7733333333333 300
475 -956.61 300
476 -956.9266666666666 300
477 -958.3466666666667 300
478 -959.0 300
479 -959.44 300
480 -957.23 300
481 -957.96 300
482 -959.3466666666667 300
483 -960.3366666666667 300
484 -961.1533333333333 300
485 -962.83 300
486 -961.78 300
487 -962.36 300
488 -963.7366666666667 300
489 -965.2333333333333 300
490 -962.9833333333333 300
491 -961.0566666666666 300
492 -962.9166666666666 300
493 -963.2433333333333 300
494 -966.2966666666666 300
495 -964.6766666666666 300
496 -962.1133333333333 300
497 -957.2133333333334 300
498 -948.72 300
499 -949.32 300
500 -946.4766666666667 300
501 -946.9566666666667 300
502 -947.64 300
503 -947.8233333333334 300
504 -948.6533333333333 300
505 -949.8866666666667 300
506 -953.1433333333333 300
507 -951.3633333333333 300
508 -953.83 300
509 -954.1466666666666 300
510 -953.3133333333334 300
511 -950.7833333333333 300
512 -950.04 300
513 -940.48 300
514 -940.47 300
515 -940.6 300
516 -940.8966666666666 300
517 -941.06 300
518 -940.45 300
519 -938.7566666666667 300
520 -935.03 300
521 -930.0466666666666 300
522 -929.34 300
523 -929.57 300
524 -929.8333333333334 300
525 -929.2 300
526 -929.5033333333333 300
527 -929.27 300
528 -929.5133333333333 300
529 -929.3566666666667 300
530 -929.4433333333334 300
531 -929.5566666666666 300
532 -929.9366666666666 300
533 -929.9866666666667 300
534 -929.12 300
535 -929.3966666666666 300
536 -930.0 300
537 -930.1233333333333 300
538 -929.6366666666667 300
539 -929.7866666666666 300
540 -929.9866666666667 300
541 -927.9733333333334 300
542 -928.0733333333334 300
543 -928.2033333333334 300
544 -928.2033333333334 300
545 -927.9033333333333 300
546 -927.5566666666666 300
547 -928.7266666666667 300
548 -928.55 300
549 -927.18 300
550 -926.7466666666667 300
551 -926.09 300
552 -924.7866666666666 300
553 -922.2966666666666 300
554 -918.74 300
555 -919.1666666666666 300
556 -919.81 300
557 -920.62 300
558 -921.62 300
559 -916.4666666666667 300
560 -916.5333333333333 300
561 -916.4166666666666 300
562 -916.0033333333333 300
563 -915.1833333333333 300
564 -912.25 300
565 -915.01 300
566 -913.93 300
567 -914.0433333333333 300
568 -914.3933333333333 300
569 -914.62 300
570 -914.9266666666666 300
571 -915.59 300
572 -917.0533333333333 300
573 -919.6833333333333 300
574 -921.88 300
575 -916.7766666666666 300
576 -917.1033333333334 300
577 -917.2433333333333 300
578 -917.4233333333333 300
579 -917.6566666666666 300
580 -917.9333333333333 300
581 -918.8233333333334 300
582 -919.14 300
583 -919.4166666666666 300
584 -918.6433333333333 300
585 -918.74 300
586 -918.8833333333333 300
587 -919.17 300
588 -919.89 300
589 -920.0166666666667 300
590 -920.48 300
591 -920.99 300
592 -923.57 300
593 -926.6166666666667 300
594 -929.1333333333333 300
595 -920.9233333333333 300
596 -922.68 300
597 -921.6866666666666 300
598 -917.5266666666666 300
599 -908.24 300
600 -901.2133333333334 300
601 -901.1233333333333 300
602 -901.2133333333334 300
603 -901.2133333333334 300
604 -901.2133333333334 300
605 -901.2133333333334 300
606 -901.17 300
607 -901.26 300
608 -901.1733333333333 300
609 -901.0866666666667 300
610 -900.9566666666667 300
611 -900.47 300
612 -899.9966666666667 300
613 -898.9833333333333 300
614 -896.61 300
615 -891.2133333333334 300
616 -889.3366666666667 300
617 -889.3366666666667 300
618 -889.3833333333333 300
619 -889.72 300
620 -889.65 300
621 -889.7833333333333 300
622 -888.1266666666667 300
623 -888.1266666666667 300
624 -888.1266666666667 300
625 -888.1266666666667 300
626 -888.1266666666667 300
627 -888.0366666666666 300
628 -888.17 300
629 -888.3533333333334 300
630 -888.2233333333334 300
631 -888.1366666666667 300
632 -888.05 300
633 -887.3433333333334 300
634 -887.19 300
635 -887.1033333333334 300
636 -886.8866666666667 300
637 -886.97 300
638 -887.1066666666667 300
639 -887.15 300
640 -887.15 300
641 -887.35 300
642 -887.35 300
643 -887.2366666666667 300
644 -887.2366666666667 300
645 -887.2766666666666 300
646 -887.38 300
647 -887.4233333333333 300
648 -887.4233333333333 300
649 -887.4233333333333 300
650 -887.4233333333333 300
651 -887.38 300
652 -887.2933333333333 300
653 -887.25 300
654 -887.25 300
655 -887.2933333333333 300
656 -887.2933333333333 300
657 -887.2933333333333 300
658 -887.62 300
659 -887.8066666666666 300
660 -888.28 300
661 -889.04 300
662 -891.65 300
663 -896.3966666666666 300
664 -903.7566666666667 300
665 -916.51 300
666 -920.4433333333334 300
667 -914.2166666666667 300
668 -906.55 300
669 -912.6333333333333 300
670 -925.5566666666666 300
671 -936.47 300
672 -932.4833333333333 300
673 -931.95 300
674 -931.6166666666667 300
675 -936.1233333333333 300
676 -938.49 300
677 -936.8133333333334 300
678 -933.1433333333333 300
679 -927.7966666666666 300
680 -924.8066666666666 300
681 -926.15 300
682 -927.8466666666667 300
683 -927.65 300
684 -926.29 300
685 -930.0066666666667 300
686 -930.5066666666667 300
687 -931.09 300
688 -931.7333333333333 300
689 -933.2566666666667 300
690 -934.6566666666666 300
691 -934.7633333333333 300
692 -933.9 300
693 -931.84 300
694 -932.2 300
695 -934.0266666666666 300
696 -937.4766666666667 300
697 -941.9333333333333 300
698 -946.0633333333334 300
699 -950.23 300
700 -946.3366666666667 300
701 -955.81 300
702 -953.1933333333334 300
703 -949.33 300
704 -944.97 300
705 -955.5533333333333 300
706 -953.73 300
707 -956.6366666666667 300
708 -954.5633333333334 300
709 -951.6866666666666 300
710 -945.7633333333333 300
711 -955.3766666666667 300
712 -956.0433333333333 300
713 -955.9733333333334 300
714 -953.0166666666667 300
715 -956.6433333333333 300
716 -954.87 300
717 -953.83 300
718 -957.98 300
719 -957.8266666666667 300
720 -957.5933333333334 300
721 -957.2033333333334 300
722 -955.8966666666666 300
723 -954.9366666666666 300
724 -958.1666666666666 300
725 -957.93 300
726 -957.63 300
727 -956.0733333333334 300
728 -953.9433333333334 300
729 -951.7833333333333 300
730 -952.1066666666667 300
731 -946.9866666666667 300
732 -937.4666666666667 300
733 -937.4666666666667 300
734 -937.5466666666666 300
735 -937.6266666666667 300
736 -937.75 300
737 -937.8266666666667 300
738 -937.96 300
739 -938.04 300
740 -938.12 300
741 -938.3266666666667 300
742 -938.4533333333334 300
743 -938.4533333333334 300
744 -938.6233333333333 300
745 -938.6233333333333 300
746 -938.79 300
747 -939.04 300
748 -939.1666666666666 300
749 -939.3366666666667 300
750 -939.84 300
751 -940.0066666666667 300
752 -940.2166666666667 300
753 -940.47 300
754 -940.5966666666667 300
755 -940.8333333333334 300
756 -941.0 300
757 -941.2033333333334 300
758 -941.3966666666666 300
759 -941.7066666666667 300
760 -942.3 300
761 -942.9866666666667 300
762 -943.6233333333333 300
763 -945.2533333333333 300
764 -946.0466666666666 300
765 -946.85 300
766 -948.59 300
767 -947.2 300
768 -946.8966666666666 300
769 -946.7766666666666 300
770 -949.07 300
771 -950.5166666666667 300
772 -952.4766666666667 300
773 -953.0533333333333 300
774 -953.3633333333333 300
775 -953.8166666666667 300
776 -954.2333333333333 300
777 -954.9433333333334 300
778 -955.92 300
779 -954.1566666666666 300
780 -950.56 300
781 -944.44 300
782 -941.3166666666667 300
783 -940.7466666666667 300
784 -940.5966666666667 300
785 -941.4366666666666 300
786 -941.6966666666667 300
787 -942.1 300
788 -942.2733333333333 300
789 -942.51 300
790 -942.8866666666667 300
791 -941.0733333333334 300
792 -938.2233333333334 300
793 -938.15 300
794 -938.2833333333333 300
795 -937.4166666666666 300
796 -937.5733333333334 300
797 -937.5266666666666 300
798 -937.47 300
799 -936.65 300
800 -934.06 300
801 -933.8766666666667 300
802 -934.0233333333333 300
803 -934.11 300
804 -934.1066666666667 300
805 -934.08 300
806 -934.0466666666666 300
807 -933.9833333333333 300
808 -933.8633333333333 300
809 -933.6366666666667 300
810 -933.5933333333334 300
811 -933.2266666666667 300
812 -933.28 300
813 -933.29 300
814 -933.4266666666666 300
815 -933.4766666666667 300
816 -933.6266666666667 300
817 -933.9766666666667 300
818 -934.3033333333333 300
819 -934.16 300
820 -934.5 300
821 -934.56 300
822 -934.72 300
823 -934.9133333333333 300
824 -935.1066666666667 300
825 -933.7833333333333 300
826 -933.68 300
827 -933.69 300
828 -933.69 300
829 -933.6066666666667 300
830 -933.62 300
831 -933.63 300
832 -933.7033333333334 300
833 -933.7666666666667 300
834 -933.7 300
835 -933.7 300
836 -933.56 300
837 -933.1633333333333 300
838 -933.2066666666667 300
839 -933.2233333333334 300
840 -933.1733333333333 300
841 -933.0133333333333 300
842 -932.5966666666667 300
843 -932.1133333333333 300
844 -931.1266666666667 300
845 -930.6333333333333 300
846 -930.2433333333333 300
847 -929.25 300
848 -927.47 300
849 -924.3966666666666 300
850 -924.45 300
851 -925.27 300
852 -926.7233333333334 300
853 -929.7166666666667 300
854 -932.1833333333333 300
855 -932.18 300
856 -932.24 300
857 -932.2566666666667 300
858 -932.2233333333334 300
859 -932.2933333333333 300
860 -932.0933333333334 300
861 -932.14 300
862 -932.1866666666666 300
863 -932.2033333333334 300
864 -932.2266666666667 300
865 -932.2366666666667 300
866 -932.2833333333333 300
867 -932.46 300
868 -932.6833333333333 300
869 -933.0 300
870 -933.3666666666667 300
871 -933.8233333333334 300
872 -934.6233333333333 300
873 -934.6533333333333 300
874 -934.61 300
875 -934.7833333333333 300
876 -935.0433333333333 300
877 -935.3033333333333 300
878 -935.6533333333333 300
879 -935.4433333333334 300
880 -932.0966666666667 300
881 -932.0966666666667 300
882 -932.0966666666667 300
883 -932.0966666666667 300
884 -932.1933333333334 300
885 -932.1933333333334 300
886 -932.1933333333334 300
887 -932.1933333333334 300
888 -932.1933333333334 300
889 -932.19 300
890 -932.1366666666667 300
891 -932.1366666666667 300
892 -932.1366666666667 300
893 -932.1366666666667 300
894 -932.1366666666667 300
895 -932.09 300
896 -932.0466666666666 300
897 -931.8266666666667 300
898 -931.74 300
899 -931.5233333333333 300
900 -930.92 300
901 -931.3966666666666 300
902 -931.18 300
903 -930.53 300
904 -929.2733333333333 300
905 -927.2366666666667 300
906 -927.0666666666667 300
907 -929.3566666666667 300
908 -930.5266666666666 300
909 -929.8766666666667 300
910 -928.4766666666667 300
911 -925.6 300
912 -924.9833333333333 300
913 -926.24 300
914 -927.7133333333334 300
915 -930.3566666666667 300
916 -931.8266666666667 300
917 -931.8266666666667 300
918 -931.7833333333333 300
919 -931.74 300
920 -931.6966666666667 300
921 -931.75 300
922 -931.61 300
923 -931.5666666666667 300
924 -931.5233333333333 300
925 -931.48 300
926 -930.8733333333333 300
927 -930.0933333333334 300
928 -928.6633333333333 300
929 -925.24 300
930 -920.5166666666667 300
931 -920.6033333333334 300
932 -920.6 300
933 -920.6833333333333 300
934 -920.81 300
935 -920.8466666666667 300
936 -920.81 300
937 -920.7966666666666 300
938 -920.66 300
939 -920.8066666666666 300
940 -920.8866666666667 300
941 -920.9066666666666 300
942 -920.7933333333333 300
943 -920.6 300
944 -920.4033333333333 300
945 -920.5366666666666 300
946 -920.7066666666667 300
947 -920.8766666666667 300
948 -920.7333333333333 300
949 -920.8 300
950 -920.9666666666667 300
951 -920.5433333333333 300
952 -919.74 300
953 -918.2366666666667 300
954 -914.89 300
955 -915.1633333333333 300
956 -915.3866666666667 300
957 -911.8266666666667 300
958 -912.05 300
959 -912.0966666666667 300
960 -912.2333333333333 300
961 -912.5066666666667 300
962 -912.6433333333333 300
963 -913.2633333333333 300
964 -913.89 300
965 -914.07 300
966 -914.5233333333333 300
967 -915.06 300
968 -916.1366666666667 300
969 -916.9533333333334 300
970 -918.84 300
971 -920.1133333333333 300
972 -920.0 300
973 -917.2566666666667 300
974 -913.86 300
975 -909.9033333333333 300
976 -910.2233333333334 300
977 -910.6333333333333 300
978 -910.8133333333334 300
979 -911.0866666666667 300
980 -911.4 300
981 -911.63 300
982 -911.9033333333333 300
983 -911.8533333333334 300
984 -912.21 300
985 -912.21 300
986 -912.5866666666667 300
987 -913.1833333333333 300
988 -913.9533333333334 300
989 -914.7266666666667 300
990 -915.77 300
991 -913.03 300
992 -914.0666666666667 300
993 -912.49 300
994 -913.1933333333334 300
995 -912.3766666666667 300
996 -909.2166666666667 300
997 -909.4466666666667 300
998 -909.7133333333334 300
999 -910.3433333333334 300
1000 -910.8266666666667 300
1001 -911.4433333333334 300
1002 -912.4066666666666 300
1003 -913.32 300
1004 -914.3466666666667 300
1005 -915.7366666666667 300
1006 -917.2266666666667 300
1007 -918.0966666666667 300
1008 -917.0233333333333 300
1009 -915.0366666666666 300
1010 -911.4933333333333 300
1011 -911.4433333333334 300
1012 -911.57 300
1013 -911.5266666666666 300
1014 -911.6533333333333 300
1015 -912.3866666666667 300
1016 -912.7266666666667 300
1017 -913.8166666666667 300
1018 -914.6433333333333 300
1019 -910.3133333333334 300
1020 -908.9933333333333 300
1021 -909.04 300
1022 -909.17 300
1023 -909.17 300
1024 -909.3033333333333 300
1025 -909.3866666666667 300
1026 -909.4766666666667 300
1027 -909.5633333333334 300
1028 -909.5633333333334 300
1029 -909.6033333333334 300
1030 -909.6433333333333 300
1031 -909.9566666666667 300
1032 -910.2133333333334 300
1033 -910.26 300
1034 -910.2266666666667 300
1035 -910.74 300
1036 -910.4033333333333 300
1037 -909.63 300
1038 -912.32 300
1039 -912.5333333333333 300
1040 -912.5566666666666 300
1041 -912.77 300
1042 -915.3166666666667 300
1043 -915.4966666666667 300
1044 -915.56 300
1045 -914.87 300
1046 -912.3733333333333 300
1047 -912.25 300
1048 -910.2533333333333 300
1049 -910.0833333333334 300
1050 -901.5066666666667 300
1051 -894.26 300
1052 -894.26 300
1053 -894.26 300
1054 -894.4033333333333 300
1055 -894.3066666666666 300
1056 -894.3466666666667 300
1057 -894.39 300
1058 -894.39 300
1059 -894.4333333333333 300
1060 -894.4333333333333 300
1061 -894.5666666666667 300
1062 -894.48 300
1063 -894.48 300
1064 -894.48 300
1065 -894.48 300
1066 -894.48 300
1067 -894.48 300
1068 -894.48 300
1069 -894.48 300
1070 -894.44 300
1071 -894.3966666666666 300
1072 -894.4833333333333 300
1073 -894.66 300
1074 -894.66 300
1075 -894.75 300
1076 -894.75 300
1077 -894.75 300
1078 -894.75 300
1079 -894.75 300
1080 -894.75 300
1081 -894.7966666666666 300
1082 -894.8833333333333 300
1083 -895.0133333333333 300
1084 -895.0966666666667 300
1085 -895.57 300
1086 -896.39 300
1087 -898.4233333333333 300
1088 -901.3433333333334 300
1089 -904.61 300
1090 -906.7466666666667 300
1091 -906.7733333333333 300
1092 -907.8066666666666 300
1093 -909.4433333333334 300
1094 -911.1933333333334 300
1095 -916.3 300
1096 -915.36 300
1097 -913.6733333333333 300
1098 -909.76 300
1099 -907.24 300
1100 -907.19 300
1101 -907.1966666666667 300
1102 -906.82 300
1103 -906.8666666666667 300
1104 -906.87 300
1105 -906.91 300
1106 -906.9566666666667 300
1107 -907.0933333333334 300
1108 -907.2266666666667 300
1109 -907.4 300
1110 -907.61 300
1111 -907.98 300
1112 -906.9533333333334 300
1113 -906.99 300
1114 -906.9933333333333 300
1115 -906.9933333333333 300
1116 -906.8933333333333 300
1117 -906.84 300
1118 -906.8866666666667 300
1119 -906.6433333333333 300
1120 -906.2933333333333 300
1121 -905.9133333333333 300
1122 -905.1733333333333 300
1123 -904.0833333333334 300
1124 -903.82 300
1125 -904.08 300
1126 -904.3466666666667 300
1127 -904.56 300
1128 -904.88 300
1129 -905.2533333333333 300
1130 -905.6266666666667 300
1131 -906.32 300
1132 -906.7633333333333 300
1133 -906.7633333333333 300
1134 -906.7633333333333 300
1135 -906.7633333333333 300
1136 -906.4966666666667 300
1137 -906.5 300
1138 -906.3933333333333 300
1139 -906.3933333333333 300
1140 -906.43 300
1141 -906.43 300
1142 -906.38 300
1143 -906.5266666666666 300
1144 -906.4833333333333 300
1145 -906.4833333333333 300
1146 -906.43 300
1147 -906.4233333333333 300
1148 -906.3266666666667 300
1149 -906.2833333333333 300
1150 -906.4533333333334 300
1151 -905.8033333333333 300
1152 -904.3733333333333 300
1153 -905.8533333333334 300
1154 -906.32 300
1155 -906.9666666666667 300
1156 -907.0266666666666 300
1157 -907.0233333333333 300
1158 -906.62 300
1159 -906.4633333333334 300
1160 -906.5433333333333 300
1161 -906.64 300
1162 -905.8566666666667 300
1163 -904.2333333333333 300
1164 -900.9333333333333 300
1165 -901.0166666666667 300
1166 -901.2333333333333 300
1167 -901.3366666666667 300
1168 -901.5533333333333 300
1169 -901.68 300
1170 -901.8733333333333 300
1171 -901.9866666666667 300
1172 -902.0033333333333 300
1173 -902.8133333333334 300
1174 -904.47 300
1175 -905.9466666666667 300
1176 -905.9533333333334 300
1177 -906.6566666666666 300
1178 -906.5666666666667 300
1179 -906.54 300
1180 -907.0 300
1181 -906.7366666666667 300
1182 -906.7 300
1183 -906.27 300
1184 -905.84 300
1185 -905.1933333333334 300
1186 -903.6666666666666 300
1187 -904.96 300
1188 -905.65 300
1189 -904.6733333333333 300
1190 -904.07 300
1191 -894.49 300
1192 -894.6666666666666 300
1193 -894.58 300
1194 -894.7266666666667 300
1195 -894.8866666666667 300
1196 -894.9866666666667 300
1197 -895.1433333333333 300
1198 -895.01 300
1199 -894.0333333333333 300
1200 -893.8966666666666 300
1201 -893.8633333333333 300
1202 -893.1966666666667 300
1203 -892.7966666666666 300
1204 -894.1566666666666 300
1205 -893.9 300
1206 -892.0233333333333 300
1207 -891.5066666666667 300
1208 -892.84 300
1209 -895.14 300
1210 -887.6933333333334 300
1211 -885.67 300
1212 -883.7166666666667 300
1213 -883.9733333333334 300
1214 -884.1433333333333 300
1215 -884.42 300
1216 -884.6466666666666 300
1217 -884.9566666666667 300
1218 -885.31 300
1219 -885.62 300
1220 -885.8866666666667 300
1221 -886.1133333333333 300
1222 -886.52 300
1223 -887.0666666666667 300
1224 -887.8866666666667 300
1225 -888.4966666666667 300
1226 -888.78 300
1227 -889.1466666666666 300
1228 -886.71 300
1229 -887.66 300
1230 -889.1166666666667 300
1231 -891.3233333333334 300
1232 -889.0566666666666 300
1233 -890.45 300
1234 -892.7066666666667 300
1235 -895.01 300
1236 -895.07 300
1237 -895.15 300
1238 -895.2333333333333 300
1239 -895.24 300
1240 -895.38 300
1241 -895.4666666666667 300
1242 -892.0466666666666 300
1243 -892.09 300
1244 -892.31 300
1245 -892.4 300
1246 -892.6166666666667 300
1247 -892.9366666666666 300
1248 -893.37 300
1249 -894.1066666666667 300
1250 -895.3333333333334 300
1251 -897.63 300
1252 -901.5666666666667 300
1253 -902.4333333333333 300
1254 -902.3933333333333 300
1255 -902.3633333333333 300
1256 -902.3233333333334 300
1257 -902.2433333333333 300
1258 -902.25 300
1259 -902.0966666666667 300
1260 -901.9466666666667 300
1261 -901.93 300
1262 -901.6566666666666 300
1263 -900.9833333333333 300
1264 -899.4033333333333 300
1265 -899.3666666666667 300
1266 -899.5066666666667 300
1267 -899.5066666666667 300
1268 -900.87 300
1269 -902.6966666666667 300
1270 -902.7033333333334 300
1271 -902.71 300
1272 -902.72 300
1273 -902.7033333333334 300
1274 -902.7233333333334 300
1275 -902.7566666666667 300
1276 -902.75 300
1277 -902.4466666666667 300
1278 -902.2166666666667 300
1279 -902.0166666666667 300
1280 -901.5233333333333 300
1281 -900.9966666666667 300
1282 -899.7733333333333 300
1283 -897.8133333333334 300
1284 -893.16 300
1285 -893.2833333333333 300
1286 -893.2866666666666 300
1287 -893.4333333333333 300
1288 -893.51 300
1289 -893.5866666666667 300
1290 -893.74 300
1291 -893.83 300
1292 -893.87 300
1293 -893.9866666666667 300
1294 -893.9766666666667 300
1295 -894.14 300
1296 -894.3966666666666 300
1297 -894.4566666666667 300
1298 -894.6433333333333 300
1299 -894.6666666666666 300
1300 -894.7033333333334 300
1301 -894.89 300
1302 -895.11 300
1303 -895.33 300
1304 -895.7366666666667 300
1305 -895.8633333333333 300
1306 -895.8633333333333 300
1307 -895.78 300
1308 -895.8166666666667 300
1309 -895.7866666666666 300
1310 -896.08 300
1311 -896.4833333333333 300
1312 -896.9233333333333 300
1313 -897.3633333333333 300
1314 -897.3266666666667 300
1315 -897.3633333333333 300
1316 -898.7566666666667 300
1317 -899.3133333333334 300
1318 -899.1666666666666 300
1319 -899.2033333333334 300
1320 -897.8533333333334 300
1321 -895.1966666666667 300
1322 -891.97 300
1323 -891.97 300
1324 -891.97 300
1325 -891.97 300
1326 -891.97 300
1327 -891.97 300
1328 -891.97 300
1329 -892.0133333333333 300
1330 -892.0133333333333 300
1331 -892.0133333333333 300
1332 -892.0133333333333 300
1333 -892.0166666666667 300
1334 -892.02 300
1335 -892.02 300
1336 -892.02 300
1337 -892.02 300
1338 -892.2566666666667 300
1339 -892.0633333333334 300
1340 -892.0633333333334 300
1341 -892.1066666666667 300
1342 -892.1066666666667 300
1343 -892.1066666666667 300
1344 -892.02 300
1345 -892.0633333333334 300
1346 -892.0633333333334 300
1347 -892.0633333333334 300
1348 -892.0633333333334 300
1349 -892.0633333333334 300
1350 -891.9766666666667 300
1351 -891.9333333333333 300
1352 -891.9333333333333 300
1353 -891.9333333333333 300
1354 -891.9333333333333 300
1355 -891.9333333333333 300
1356 -891.89 300
1357 -891.8033333333333 300
1358 -891.8033333333333 300
1359 -891.7566666666667 300
1360 -891.9333333333333 300
1361 -891.9333333333333 300
1362 -891.9733333333334 300
1363 -892.0166666666667 300
1364 -892.0166666666667 300
1365 -892.06 300
1366 -892.1866666666666 300
1367 -892.2266666666667 300
1368 -892.27 300
1369 -892.3133333333334 300
1370 -892.3966666666666 300
1371 -892.3966666666666 300
1372 -892.44 300
1373 -892.2633333333333 300
1374 -892.3033333333333 300
1375 -892.3066666666666 300
1376 -892.3866666666667 300
1377 -892.3866666666667 300
1378 -892.39 300
1379 -892.3933333333333 300
1380 -892.3966666666666 300
1381 -892.4 300
1382 -892.3966666666666 300
1383 -892.3966666666666 300
1384 -892.4366666666666 300
1385 -892.5166666666667 300
1386 -892.52 300
1387 -892.52 300
1388 -892.0966666666667 300
1389 -892.33 300
1390 -892.29 300
1391 -892.4233333333333 300
1392 -892.7533333333333 300
1393 -893.14 300
1394 -893.2366666666667 300
1395 -892.95 300
1396 -892.8433333333334 300
1397 -892.85 300
1398 -892.9033333333333 300
1399 -893.1833333333333 300
1400 -893.3466666666667 300
1401 -893.7866666666666 300
1402 -892.2066666666667 300
1403 -892.2 300
1404 -892.2 300
1405 -892.2 300
1406 -892.2433333333333 300
1407 -892.2433333333333 300
1408 -892.2433333333333 300
1409 -892.2433333333333 300
1410 -892.2433333333333 300
1411 -892.19 300
1412 -892.19 300
1413 -892.19 300
1414 -892.14 300
1415 -892.0866666666667 300
1416 -891.9366666666666 300
1417 -891.8433333333334 300
1418 -891.5033333333333 300
1419 -889.86 300
1420 -886.5333333333333 300
1421 -880.2933333333333 300
1422 -884.91 300
1423 -877.5733333333334 300
1424 -881.0533333333333 300
1425 -871.3333333333334 300
1426 -872.28 300
1427 -873.08 300
1428 -869.7 300
1429 -867.88 300
1430 -867.9233333333333 300
1431 -867.9666666666667 300
1432 -868.1066666666667 300
1433 -868.15 300
1434 -868.41 300
1435 -869.08 300
1436 -868.72 300
1437 -869.16 300
1438 -869.86 300
1439 -870.5233333333333 300
1440 -870.7 300
1441 -870.84 300
1442 -871.0166666666667 300
1443 -870.9733333333334 300
1444 -871.8533333333334 300
1445 -873.3766666666667 300
1446 -875.0066666666667 300
1447 -874.29 300
1448 -873.6666666666666 300
1449 -871.4433333333334 300
1450 -868.1166666666667 300
1451 -867.5933333333334 300
1452 -867.5066666666667 300
1453 -867.5066666666667 300
1454 -867.5933333333334 300
1455 -867.6366666666667 300
1456 -867.6366666666667 300
1457 -867.6366666666667 300
1458 -867.8633333333333 300
1459 -867.82 300
1460 -867.9166666666666 300
1461 -868.1366666666667 300
1462 -868.3533333333334 300
1463 -868.2233333333334 300
1464 -868.2666666666667 300
1465 -868.2233333333334 300
1466 -868.4 300
1467 -868.5333333333333 300
1468 -868.5333333333333 300
1469 -868.62 300
1470 -868.7633333333333 300
1471 -868.94 300
1472 -869.12 300
1473 -868.2966666666666 300
1474 -868.3433333333334 300
1475 -868.4833333333333 300
1476 -868.4833333333333 300
1477 -868.6233333333333 300
1478 -868.6633333333333 300
1479 -868.8733333333333 300
1480 -869.19 300
1481 -869.7166666666667 300
1482 -870.5266666666666 300
1483 -871.35 300
1484 -872.3033333333333 300
1485 -874.31 300
1486 -875.5366666666666 300
1487 -878.7766666666666 300
1488 -880.49 300
1489 -880.62 300
1490 -880.65 300
1491 -880.54 300
1492 -880.6733333333333 300
1493 -880.7633333333333 300
1494 -880.9933333333333 300
1495 -881.0366666666666 300
1496 -881.1766666666666 300
1497 -881.31 300
1498 -881.3533333333334 300
1499 -881.54 300
1500 -881.68 300
1501 -881.8633333333333 300
1502 -882.1366666666667 300
1503 -882.27 300
1504 -882.3133333333334 300
1505 -882.4 300
1506 -878.8766666666667 300
1507 -879.1833333333333 300
1508 -879.36 300
1509 -879.62 300
1510 -880.1 300
1511 -880.43 300
1512 -880.25 300
1513 -880.5433333333333 300
1514 -880.3233333333334 300
1515 -880.37 300
1516 -880.4166666666666 300
1517 -880.5033333333333 300
1518 -880.5066666666667 300
1519 -880.7266666666667 300
1520 -878.13 300
1521 -878.04 300
1522 -878.04 300
1523 -878.0833333333334 300
1524 -878.1266666666667 300
1525 -878.31 300
1526 -878.3533333333334 300
1527 -878.4866666666667 300
1528 -878.62 300
1529 -879.02 300
1530 -879.4633333333334 300
1531 -880.12 300
1532 -879.96 300
1533 -880.6833333333333 300
1534 -878.78 300
1535 -878.7433333333333 300
1536 -877.7566666666667 300
1537 -877.7933333333333 300
1538 -878.0533333333333 300
1539 -878.3133333333334 300
1540 -878.5233333333333 300
1541 -879.0866666666667 300
1542 -879.78 300
1543 -880.09 300
1544 -876.2 300
1545 -876.11 300
1546 -875.1533333333333 300
1547 -875.1533333333333 300
1548 -875.1566666666666 300
1549 -875.1566666666666 300
1550 -875.1566666666666 300
1551 -875.1566666666666 300
1552 -875.1566666666666 300
1553 -875.1566666666666 300
1554 -875.1566666666666 300
1555 -875.1566666666666 300
1556 -875.14 300
1557 -875.14 300
1558 -875.14 300
1559 -875.14 300
1560 -875.14 300
1561 -875.14 300
1562 -875.14 300
1563 -875.14 300
1564 -875.14 300
1565 -875.14 300
1566 -875.2533333333333 300
1567 -875.0466666666666 300
1568 -875.0466666666666 300
1569 -875.0466666666666 300
1570 -875.0466666666666 300
1571 -875.09 300
1572 -875.09 300
1573 -875.09 300
1574 -875.09 300
1575 -875.09 300
1576 -875.09 300
1577 -875.09 300
1578 -875.09 300
1579 -875.09 300
1580 -875.09 300
1581 -875.09 300
1582 -875.1333333333333 300
1583 -875.1333333333333 300
1584 -875.1333333333333 300
1585 -875.1333333333333 300
1586 -875.1333333333333 300
1587 -875.1366666666667 300
1588 -875.2166666666667 300
1589 -875.2166666666667 300
1590 -875.2166666666667 300
1591 -875.3733333333333 300
1592 -875.2866666666666 300
1593 -875.3733333333333 300
1594 -875.0433333333333 300
1595 -875.0433333333333 300
1596 -875.0433333333333 300
1597 -875.0433333333333 300
1598 -875.0433333333333 300
1599 -875.0433333333333 300
1600 -875.0433333333333 300
1601 -875.0433333333333 300
1602 -875.0433333333333 300
1603 -875.0433333333333 300
1604 -875.0433333333333 300
1605 -875.0433333333333 300
1606 -875.0433333333333 300
1607 -875.0433333333333 300
1608 -875.0433333333333 300
1609 -875.0433333333333 300
1610 -875.0433333333333 300
1611 -875.0433333333333 300
1612 -875.0866666666667 300
1613 -875.0433333333333 300
1614 -875.0433333333333 300
1615 -875.0433333333333 300
1616 -875.0433333333333 300
1617 -875.0433333333333 300
1618 -875.0433333333333 300
1619 -875.0433333333333 300
1620 -875.0433333333333 300
1621 -875.0433333333333 300
1622 -875.0433333333333 300
1623 -875.0433333333333 300
1624 -874.9466666666667 300
1625 -874.85 300
1626 -874.9466666666667 300
1627 -874.9466666666667 300
1628 -874.9866666666667 300
1629 -874.85 300
1630 -874.85 300
1631 -875.0866666666667 300
1632 -875.0866666666667 300
1633 -875.0866666666667 300
1634 -875.0866666666667 300
1635 -875.0866666666667 300
1636 -875.0866666666667 300
1637 -875.0866666666667 300
1638 -875.1433333333333 300
1639 -875.1433333333333 300
1640 -875.1433333333333 300
1641 -875.1433333333333 300
1642 -875.1433333333333 300
1643 -875.1433333333333 300
1644 -875.1433333333333 300
1645 -875.1433333333333 300
1646 -875.1433333333333 300
1647 -875.1433333333333 300
1648 -875.1433333333333 300
1649 -875.1433333333333 300
1650 -875.1433333333333 300
1651 -875.1433333333333 300
1652 -875.1433333333333 300
1653 -875.1433333333333 300
1654 -875.1433333333333 300
1655 -875.09 300
1656 -875.09 300
1657 -875.09 300
1658 -875.09 300
1659 -875.09 300
1660 -875.09 300
1661 -875.09 300
1662 -875.09 300
1663 -875.1333333333333 300
1664 -875.1333333333333 300
1665 -875.1333333333333 300
1666 -875.1333333333333 300
1667 -875.1333333333333 300
1668 -875.1333333333333 300
1669 -875.1333333333333 300
1670 -875.1333333333333 300
1671 -875.1333333333333 300
1672 -875.1333333333333 300
1673 -875.1333333333333 300
1674 -875.1333333333333 300
1675 -875.1333333333333 300
1676 -875.1333333333333 300
1677 -875.1333333333333 300
1678 -875.1333333333333 300
1679 -875.1333333333333 300
1680 -875.1333333333333 300
1681 -875.1333333333333 300
1682 -875.1333333333333 300
1683 -875.1333333333333 300
1684 -875.1333333333333 300
1685 -875.1766666666666 300
1686 -875.1766666666666 300
1687 -875.1766666666666 300
1688 -875.1766666666666 300
1689 -875.1766666666666 300
1690 -875.1766666666666 300
1691 -875.1766666666666 300
1692 -875.1766666666666 300
1693 -875.1766666666666 300
1694 -875.1766666666666 300
1695 -875.1766666666666 300
1696 -875.1766666666666 300
1697 -875.18 300
1698 -875.18 300
1699 -875.18 300
1700 -875.18 300
1701 -875.18 300
1702 -875.18 300
1703 -875.18 300
1704 -875.18 300
1705 -875.18 300
1706 -875.18 300
1707 -875.18 300
1708 -875.18 300
1709 -875.18 300
1710 -875.0933333333334 300
1711 -875.0933333333334 300
1712 -875.09 300
1713 -875.0933333333334 300
1714 -875.0933333333334 300
1715 -875.0933333333334 300
1716 -875.0933333333334 300
1717 -875.0933333333334 300
1718 -875.0933333333334 300
1719 -875.0933333333334 300
1720 -875.0933333333334 300
1721 -875.0933333333334 300
1722 -875.05 300
1723 -875.05 300
1724 -875.0466666666666 300
1725 -875.09 300
1726 -875.09 300
1727 -875.0866666666667 300
1728 -875.1266666666667 300
1729 -875.1666666666666 300
1730 -875.2366666666667 300
1731 -875.21 300
1732 -875.2266666666667 300
1733 -875.2766666666666 300
1734 -875.24 300
1735 -875.17 300
1736 -874.9233333333333 300
1737 -874.9733333333334 300
1738 -875.0366666666666 300
1739 -875.1966666666667 300
1740 -875.2633333333333 300
1741 -875.1866666666666 300
1742 -875.0833333333334 300
1743 -874.9233333333333 300
1744 -874.62 300
1745 -874.6233333333333 300
1746 -874.6266666666667 300
1747 -874.6266666666667 300
1748 -874.5733333333334 300
1749 -874.5766666666667 300
1750 -874.58 300
1751 -874.5 300
1752 -874.38 300
1753 -874.21 300
1754 -874.17 300
1755 -874.1266666666667 300
1756 -874.04 300
1757 -873.9533333333334 300
1758 -873.8233333333334 300
1759 -873.4066666666666 300
1760 -872.0766666666667 300
1761 -873.4033333333333 300
1762 -872.4266666666666 300
1763 -872.73 300
1764 -871.9566666666667 300
1765 -869.1366666666667 300
1766 -869.2 300
1767 -870.61 300
1768 -866.9433333333334 300
1769 -866.99 300
1770 -867.2133333333334 300
1771 -863.95 300
1772 -863.99 300
1773 -863.9866666666667 300
1774 -864.0266666666666 300
1775 -864.0666666666667 300
1776 -864.1066666666667 300
1777 -864.19 300
1778 -864.23 300
1779 -864.2266666666667 300
1780 -864.2666666666667 300
1781 -864.3066666666666 300
1782 -864.5066666666667 300
1783 -864.7366666666667 300
1784 -864.8233333333334 300
1785 -864.9033333333333 300
1786 -862.8066666666666 300
1787 -862.3033333333333 300
1788 -862.3033333333333 300
1789 -862.2966666666666 300
1790 -862.43 300
1791 -862.2066666666667 300
1792 -862.3033333333333 300
1793 -862.3333333333334 300
1794 -862.18 300
1795 -862.22 300
1796 -861.8733333333333 300
1797 -861.9833333333333 300
1798 -862.0833333333334 300
1799 -862.13 300
1800 -862.01 300
1801 -862.0133333333333 300
1802 -862.0666666666667 300
1803 -862.11 300
1804 -862.2 300
1805 -862.2766666666666 300
1806 -862.7066666666667 300
1807 -863.4933333333333 300
1808 -864.0633333333334 300
1809 -865.49 300
1810 -866.9366666666666 300
1811 -869.74 300
1812 -872.8866666666667 300
1813 -872.5133333333333 300
1814 -872.6633333333333 300
1815 -872.6233333333333 300
1816 -873.1266666666667 300
1817 -873.0866666666667 300
1818 -873.0466666666666 300
1819 -873.0066666666667 300
1820 -872.9666666666667 300
1821 -872.88 300
1822 -872.8 300
1823 -872.72 300
1824 -872.6433333333333 300
1825 -872.5666666666667 300
1826 -872.4866666666667 300
1827 -872.6866666666666 300
1828 -872.6066666666667 300
1829 -872.5266666666666 300
1830 -872.4466666666667 300
1831 -872.41 300
1832 -872.37 300
1833 -872.29 300
1834 -872.21 300
1835 -872.1166666666667 300
1836 -871.4366666666666 300
1837 -870.2766666666666 300
1838 -868.0066666666667 300
1839 -868.0466666666666 300
1840 -868.1666666666666 300
1841 -868.2433333333333 300
1842 -868.3233333333334 300
1843 -868.4866666666667 300
1844 -868.4666666666667 300
1845 -869.9033333333333 300
1846 -869.8933333333333 300
1847 -869.7266666666667 300
1848 -869.6833333333333 300
1849 -869.5166666666667 300
1850 -868.9066666666666 300
1851 -868.8233333333334 300
1852 -868.8966666666666 300
1853 -868.81 300
1854 -868.8833333333333 300
1855 -868.9166666666666 300
1856 -868.79 300
1857 -869.5433333333333 300
1858 -871.5666666666667 300
1859 -871.15 300
1860 -870.2733333333333 300
1861 -868.6866666666666 300
1862 -866.26 300
1863 -866.51 300
1864 -866.3433333333334 300
1865 -866.26 300
1866 -866.26 300
1867 -860.97 300
1868 -854.64 300
1869 -854.89 300
1870 -855.2266666666667 300
1871 -855.3133333333334 300
1872 -855.6066666666667 300
1873 -855.7733333333333 300
1874 -855.9433333333334 300
1875 -857.1166666666667 300
1876 -857.8733333333333 300
1877 -859.23 300
1878 -861.09 300
1879 -863.8066666666666 300
1880 -865.9566666666667 300
1881 -866.29 300
1882 -866.3366666666667 300
1883 -871.76 300
1884 -872.2133333333334 300
1885 -872.05 300
1886 -871.8866666666667 300
1887 -871.7666666666667 300
1888 -871.6866666666666 300
1889 -871.5233333333333 300
1890 -871.04 300
1891 -870.8766666666667 300
1892 -870.7133333333334 300
1893 -868.9466666666667 300
1894 -866.69 300
1895 -862.6633333333333 300
1896 -862.82 300
1897 -863.0666666666667 300
1898 -863.4633333333334 300
1899 -866.1033333333334 300
1900 -868.23 300
1901 -868.2333333333333 300
1902 -868.2366666666667 300
1903 -868.4066666666666 300
1904 -868.2433333333333 300
1905 -868.2833333333333 300
1906 -867.29 300
1907 -867.0766666666667 300
1908 -866.9133333333333 300
1909 -865.5433333333333 300
1910 -865.46 300
1911 -865.63 300
1912 -865.6333333333333 300
1913 -865.8866666666667 300
1914 -865.97 300
1915 -865.7233333333334 300
1916 -865.81 300
1917 -861.7733333333333 300
1918 -856.5533333333333 300
1919 -856.8 300
1920 -857.05 300
1921 -858.2266666666667 300
1922 -859.4033333333333 300
1923 -859.8933333333333 300
1924 -861.0866666666667 300
1925 -861.2566666666667 300
1926 -861.5933333333334 300
1927 -861.8433333333334 300
1928 -862.0933333333334 300
1929 -862.3466666666667 300
1930 -862.5166666666667 300
1931 -862.77 300
1932 -862.94 300
1933 -863.1933333333334 300
1934 -863.53 300
1935 -864.0333333333333 300
1936 -864.3733333333333 300
1937 -864.71 300
1938 -865.09 300
1939 -865.3033333333333 300
1940 -865.4733333333334 300
1941 -865.6033333333334 300
1942 -865.8566666666667 300
1943 -865.9033333333333 300
1944 -866.0333333333333 300
1945 -866.12 300
1946 -866.1233333333333 300
1947 -863.6333333333333 300
1948 -863.7933333333333 300
1949 -865.0933333333334 300
1950 -865.4233333333333 300
1951 -865.8366666666667 300
1952 -865.6833333333333 300
1953 -868.86 300
1954 -871.33 300
1955 -871.17 300
1956 -871.13 300
1957 -871.09 300
1958 -871.05 300
1959 -871.01 300
1960 -870.89 300
1961 -870.85 300
1962 -870.77 300
1963 -870.65 300
1964 -870.69 300
1965 -870.09 300
1966 -870.09 300
1967 -870.01 300
1968 -869.97 300
1969 -869.81 300
1970 -870.3266666666667 300
1971 -870.2466666666667 300
1972 -870.88 300
1973 -870.84 300
1974 -870.7233333333334 300
1975 -870.6 300
1976 -870.68 300
1977 -870.5166666666667 300
1978 -870.3966666666666 300
1979 -870.1933333333334 300
1980 -869.99 300
1981 -869.8266666666667 300
1982 -869.7433333333333 300
1983 -869.6633333333333 300
1984 -868.58 300
1985 -868.3366666666667 300
1986 -868.3366666666667 300
1987 -868.3733333333333 300
1988 -866.89 300
1989 -864.7266666666667 300
1990 -864.7666666666667 300
1991 -864.8033333333333 300
1992 -864.6366666666667 300
1993 -863.7033333333334 300
1994 -864.6933333333334 300
1995 -864.0633333333334 300
1996 -862.53 300
1997 -861.4166666666666 300
1998 -858.7566666666667 300
1999 -857.13 300
2000 -858.1466666666666 300
2001 -857.14 300
2002 -857.78 300
2003 -858.6366666666667 300
2004 -859.85 300
2005 -862.02 300
2006 -863.1366666666667 300
2007 -859.4266666666666 300
2008 -860.64 300
2009 -862.0433333333333 300
2010 -864.6933333333334 300
2011 -867.2166666666667 300
2012 -865.25 300
2013 -865.37 300
2014 -865.65 300
2015 -865.5233333333333 300
2016 -865.5633333333334 300
2017 -865.6833333333333 300
2018 -866.1266666666667 300
2019 -866.4466666666667 300
2020 -866.8466666666667 300
2021 -867.4066666666666 300
2022 -867.8466666666667 300
2023 -867.9266666666666 300
2024 -868.0066666666667 300
2025 -869.1266666666667 300
2026 -870.2466666666667 300
2027 -870.2866666666666 300
2028 -870.2866666666666 300
2029 -870.1266666666667 300
2030 -870.1266666666667 300
2031 -872.8466666666667 300
2032 -872.8066666666666 300
2033 -872.77 300
2034 -872.65 300
2035 -872.61 300
2036 -872.21 300
2037 -871.81 300
2038 -871.4933333333333 300
2039 -871.4133333333333 300
2040 -871.4133333333333 300
2041 -871.3333333333334 300
2042 -871.2533333333333 300
2043 -871.2133333333334 300
2044 -871.0866666666667 300
2045 -871.2033333333334 300
2046 -870.9666666666667 300
2047 -870.8866666666667 300
2048 -869.2066666666667 300
2049 -866.0466666666666 300
2050 -862.6466666666666 300
2051 -862.6466666666666 300
2052 -862.6466666666666 300
2053 -862.6466666666666 300
2054 -862.6466666666666 300
2055 -862.6033333333334 300
2056 -862.56 300
2057 -862.5566666666666 300
2058 -862.6066666666667 300
2059 -862.65 300
2060 -862.5233333333333 300
2061 -862.8666666666667 300
2062 -862.91 300
2063 -862.8633333333333 300
2064 -862.7333333333333 300
2065 -862.5566666666666 300
2066 -862.0866666666667 300
2067 -861.0866666666667 300
2068 -863.5133333333333 300
2069 -863.69 300
2070 -864.0466666666666 300
2071 -864.0 300
2072 -863.6566666666666 300
2073 -862.78 300
2074 -860.57 300
2075 -858.72 300
2076 -860.2633333333333 300
2077 -861.8566666666667 300
2078 -860.9 300
2079 -862.71 300
2080 -860.5766666666667 300
2081 -859.51 300
2082 -858.18 300
2083 -858.1333333333333 300
2084 -858.1766666666666 300
2085 -858.3066666666666 300
2086 -858.48 300
2087 -858.6066666666667 300
2088 -858.7333333333333 300
2089 -858.9033333333333 300
2090 -859.12 300
2091 -859.29 300
2092 -849.01 300
2093 -849.01 300
2094 -849.0533333333333 300
2095 -849.0533333333333 300
2096 -849.14 300
2097 -849.14 300
2098 -849.14 300
2099 -849.14 300
2100 -849.2266666666667 300
2101 -849.27 300
2102 -849.3566666666667 300
2103 -849.4433333333334 300
2104 -849.4866666666667 300
2105 -848.88 300
2106 -848.7933333333333 300
2107 -848.8366666666667 300
2108 -848.8366666666667 300
2109 -848.88 300
2110 -848.88 300
2111 -849.0633333333334 300
2112 -849.1066666666667 300
2113 -849.1066666666667 300
2114 -849.15 300
2115 -849.1966666666667 300
2116 -849.24 300
2117 -849.2833333333333 300
2118 -849.37 300
2119 -849.3733333333333 300
2120 -849.37 300
2121 -849.4566666666667 300
2122 -849.5 300
2123 -848.6766666666666 300
2124 -848.72 300
2125 -848.72 300
2126 -848.7633333333333 300
2127 -848.85 300
2128 -848.85 300
2129 -848.8966666666666 300
2130 -848.8966666666666 300
2131 -848.94 300
2132 -848.8966666666666 300
2133 -848.8966666666666 300
2134 -848.8966666666666 300
2135 -848.9433333333334 300
2136 -848.9433333333334 300
2137 -848.9433333333334 300
2138 -848.9866666666667 300
2139 -848.9866666666667 300
2140 -848.9433333333334 300
2141 -848.9866666666667 300
2142 -848.9866666666667 300
2143 -848.9866666666667 300
2144 -848.9866666666667 300
2145 -849.03 300
2146 -849.03 300
2147 -849.0733333333334 300
2148 -849.1166666666667 300
2149 -849.1166666666667 300
2150 -849.2566666666667 300
2151 -849.3966666666666 300
2152 -849.3966666666666 300
2153 -848.75 300
2154 -848.75 300
2155 -848.75 300
2156 -848.75 300
2157 -848.75 300
2158 -848.75 300
2159 -848.75 300
2160 -848.75 300
2161 -848.75 300
2162 -848.75 300
2163 -848.75 300
2164 -848.7966666666666 300
2165 -848.7966666666666 300
2166 -848.7966666666666 300
2167 -848.7966666666666 300
2168 -848.7966666666666 300
2169 -848.7966666666666 300
2170 -848.7966666666666 300
2171 -848.7533333333333 300
2172 -848.7533333333333 300
2173 -848.7533333333333 300
2174 -848.7533333333333 300
2175 -848.7533333333333 300
2176 -848.7533333333333 300
2177 -848.7966666666666 300
2178 -848.7966666666666 300
2179 -848.7966666666666 300
2180 -848.8433333333334 300
2181 -848.94 300
2182 -848.9 300
2183 -848.96 300
2184 -848.93 300
2185 -848.7966666666666 300
2186 -848.5633333333334 300
2187 -848.3566666666667 300
2188 -849.1233333333333 300
2189 -849.04 300
2190 -849.04 300
2191 -849.04 300
2192 -849.04 300
2193 -849.04 300
2194 -848.9466666666667 300
2195 -848.9466666666667 300
2196 -848.9466666666667 300
2197 -848.9466666666667 300
2198 -848.9466666666667 300
2199 -848.9466666666667 300
2200 -848.9933333333333 300
2201 -848.9933333333333 300
2202 -848.9933333333333 300
2203 -848.9933333333333 300
2204 -848.9933333333333 300
2205 -848.9933333333333 300
2206 -848.9933333333333 300
2207 -848.9933333333333 300
2208 -849.04 300
2209 -849.0866666666667 300
2210 -849.0866666666667 300
2211 -849.0866666666667 300
2212 -849.0866666666667 300
2213 -849.0866666666667 300
2214 -849.1333333333333 300
2215 -849.1333333333333 300
2216 -849.1333333333333 300
2217 -849.1766666666666 300
2218 -849.08 300
2219 -849.08 300
2220 -849.08 300
2221 -849.08 300
2222 -849.18 300
2223 -849.18 300
2224 -849.2233333333334 300
2225 -849.2233333333334 300
2226 -849.3666666666667 300
2227 -849.3233333333334 300
2228 -848.53 300
2229 -848.53 300
2230 -848.53 300
2231 -848.53 300
2232 -848.53 300
2233 -848.53 300
2234 -848.53 300
2235 -848.53 300
2236 -848.53 300
2237 -848.53 300
2238 -848.4333333333333 300
2239 -848.4333333333333 300
2240 -848.4333333333333 300
2241 -848.4333333333333 300
2242 -848.1466666666666 300
2243 -848.1466666666666 300
2244 -848.1466666666666 300
2245 -848.1466666666666 300
2246 -848.2866666666666 300
2247 -848.3833333333333 300
2248 -848.2866666666666 300
2249 -848.29 300
2250 -848.29 300
2251 -848.29 300
2252 -848.29 300
2253 -848.29 300
2254 -848.29 300
2255 -848.3866666666667 300
2256 -848.4833333333333 300
2257 -849.1633333333333 300
2258 -850.2266666666667 300
2259 -851.58 300
2260 -848.2933333333333 300
2261 -848.2966666666666 300
2262 -848.3033333333333 300
2263 -848.3133333333334 300
2264 -848.4266666666666 300
2265 -848.4533333333334 300
2266 -848.5066666666667 300
2267 -848.6133333333333 300
2268 -848.6766666666666 300
2269 -848.7566666666667 300
2270 -848.6933333333334 300
2271 -848.7 300
2272 -848.6133333333333 300
2273 -848.6966666666667 300
2274 -848.8133333333334 300
2275 -849.08 300
2276 -849.0266666666666 300
2277 -849.0266666666666 300
2278 -849.0666666666667 300
2279 -849.0666666666667 300
2280 -849.1233333333333 300
2281 -849.2633333333333 300
2282 -849.2666666666667 300
2283 -849.3566666666667 300
2284 -849.5033333333333 300
2285 -849.5533333333333 300
2286 -849.1433333333333 300
2287 -849.1433333333333 300
2288 -849.1433333333333 300
2289 -849.0466666666666 300
2290 -849.0466666666666 300
2291 -849.0466666666666 300
2292 -849.0466666666666 300
2293 -849.0466666666666 300
2294 -849.0466666666666 300
2295 -849.0466666666666 300
2296 -849.1433333333333 300
2297 -849.1433333333333 300
2298 -849.1433333333333 300
2299 -849.1433333333333 300
2300 -849.1433333333333 300
2301 -849.1433333333333 300
2302 -849.1433333333333 300
2303 -849.1433333333333 300
2304 -849.1433333333333 300
2305 -849.1433333333333 300
2306 -849.1433333333333 300
2307 -849.1433333333333 300
2308 -849.1433333333333 300
2309 -849.1433333333333 300
2310 -849.1433333333333 300
2311 -849.1433333333333 300
2312 -849.1466666666666 300
2313 -849.0333333333333 300
2314 -849.0333333333333 300
2315 -849.0866666666667 300
2316 -849.1466666666666 300
2317 -849.1466666666666 300
2318 -849.1466666666666 300
2319 -849.1466666666666 300
2320 -849.1033333333334 300
2321 -849.1033333333334 300
2322 -849.0033333333333 300
2323 -849.0033333333333 300
2324 -849.0033333333333 300
2325 -849.0033333333333 300
2326 -849.0033333333333 300
2327 -849.0033333333333 300
2328 -849.0033333333333 300
2329 -849.0033333333333 300
2330 -849.0033333333333 300
2331 -849.0033333333333 300
2332 -849.0033333333333 300
2333 -849.0033333333333 300
2334 -849.0033333333333 300
2335 -849.0033333333333 300
2336 -849.0033333333333 300
2337 -849.0033333333333 300
2338 -849.0033333333333 300
2339 -849.0033333333333 300
2340 -849.0033333333333 300
2341 -849.0033333333333 300
2342 -849.0033333333333 300
2343 -849.0033333333333 300
2344 -849.0033333333333 300
2345 -849.0033333333333 300
2346 -849.0466666666666 300
2347 -849.0466666666666 300
2348 -849.0466666666666 300
2349 -849.0466666666666 300
2350 -849.0466666666666 300
2351 -849.0466666666666 300
2352 -849.0466666666666 300
2353 -849.0466666666666 300
2354 -849.0466666666666 300
2355 -849.0466666666666 300
2356 -849.09 300
2357 -849.09 300
2358 -849.09 300
2359 -849.09 300
2360 -849.09 300
2361 -849.09 300
2362 -849.09 300
2363 -849.09 300
2364 -849.09 300
2365 -849.09 300
2366 -849.09 300
2367 -849.09 300
2368 -849.0933333333334 300
2369 -849.0933333333334 300
2370 -849.0933333333334 300
2371 -849.0966666666667 300
2372 -849.1 300
2373 -849.1 300
2374 -849.09 300
2375 -849.09 300
2376 -849.09 300
2377 -849.09 300
2378 -849.09 300
2379 -849.09 300
2380 -849.0866666666667 300
2381 -849.0866666666667 300
2382 -849.0866666666667 300
2383 -849.0866666666667 300
2384 -849.0866666666667 300
2385 -849.0866666666667 300
2386 -849.0866666666667 300
2387 -849.0866666666667 300
2388 -849.0866666666667 300
2389 -849.0866666666667 300
2390 -849.0866666666667 300
2391 -849.0866666666667 300
2392 -849.09 300
2393 -849.09 300
2394 -849.09 300
2395 -849.09 300
2396 -849.09 300
2397 -849.09 300
2398 -849.1333333333333 300
2399 -849.1333333333333 300
2400 -849.1333333333333 300
2401 -849.1766666666666 300
2402 -849.1766666666666 300
2403 -849.1766666666666 300
2404 -849.1766666666666 300
2405 -849.1766666666666 300
2406 -849.1766666666666 300
2407 -849.1766666666666 300
2408 -849.1766666666666 300
2409 -849.1766666666666 300
2410 -849.1766666666666 300
2411 -849.1766666666666 300
2412 -849.1766666666666 300
2413 -849.1766666666666 300
2414 -849.1766666666666 300
2415 -849.1766666666666 300
2416 -849.1766666666666 300
2417 -849.1766666666666 300
2418 -849.1766666666666 300
2419 -849.1766666666666 300
2420 -849.1766666666666 300
2421 -849.1766666666666 300
2422 -849.1766666666666 300
2423 -849.1766666666666 300
2424 -849.1766666666666 300
2425 -849.1766666666666 300
2426 -849.1766666666666 300
2427 -849.1766666666666 300
2428 -849.1766666666666 300
2429 -849.1766666666666 300
2430 -849.1766666666666 300
2431 -849.1766666666666 300
2432 -849.1766666666666 300
2433 -849.22 300
2434 -849.22 300
2435 -849.22 300
2436 -849.22 300
2437 -849.22 300
2438 -849.22 300
2439 -849.22 300
2440 -849.22 300
2441 -849.2233333333334 300
2442 -849.2233333333334 300
2443 -849.2233333333334 300
2444 -849.18 300
2445 -849.18 300
2446 -849.1366666666667 300
2447 -849.05 300
2448 -849.0066666666667 300
2449 -848.7033333333334 300
2450 -848.4 300
2451 -847.88 300
2452 -847.88 300
2453 -847.9233333333333 300
2454 -847.88 300
2455 -847.8366666666667 300
2456 -847.7933333333333 300
2457 -847.75 300
2458 -847.7933333333333 300
2459 -847.75 300
2460 -847.7533333333333 300
2461 -847.71 300
2462 -847.71 300
2463 -847.6666666666666 300
2464 -847.71 300
2465 -847.71 300
2466 -847.6666666666666 300
2467 -847.6233333333333 300
2468 -846.6266666666667 300
2469 -844.98 300
2470 -845.0666666666667 300
2471 -845.11 300
2472 -845.1533333333333 300
2473 -845.2 300
2474 -845.2866666666666 300
2475 -845.2433333333333 300
2476 -845.2433333333333 300
2477 -845.2866666666666 300
2478 -845.3333333333334 300
2479 -845.3766666666667 300
2480 -845.3366666666667 300
2481 -845.25 300
2482 -845.2933333333333 300
2483 -845.2533333333333 300
2484 -845.2533333333333 300
2485 -845.3433333333334 300
2486 -847.56 300
2487 -849.34 300
2488 -849.3433333333334 300
2489 -849.3433333333334 300
2490 -849.3433333333334 300
2491 -849.3433333333334 300
2492 -849.3433333333334 300
2493 -849.3433333333334 300
2494 -849.3433333333334 300
2495 -849.3433333333334 300
2496 -849.3466666666667 300
2497 -849.3466666666667 300
2498 -849.3466666666667 300
2499 -849.3466666666667 300
2500 -849.3466666666667 300
2501 -849.35 300
2502 -849.35 300
2503 -849.35 300
2504 -849.3533333333334 300
2505 -849.3966666666666 300
2506 -849.3033333333333 300
2507 -849.4 300
2508 -849.4033333333333 300
2509 -849.4033333333333 300
2510 -849.4033333333333 300
2511 -849.4033333333333 300
2512 -849.4066666666666 300
2513 -849.4066666666666 300
2514 -849.4066666666666 300
2515 -849.4066666666666 300
2516 -849.4066666666666 300
2517 -849.4066666666666 300
2518 -849.4066666666666 300
2519 -849.41 300
2520 -849.41 300
2521 -849.41 300
2522 -849.41 300
2523 -849.41 300
2524 -849.41 300
2525 -849.41 300
2526 -849.4033333333333 300
2527 -849.4033333333333 300
2528 -849.4033333333333 300
2529 -849.4033333333333 300
2530 -849.4033333333333 300
2531 -849.42 300
2532 -849.42 300
2533 -849.42 300
2534 -849.42 300
2535 -849.42 300
2536 -849.42 300
2537 -849.42 300
2538 -849.42 300
2539 -849.42 300
2540 -849.42 300
2541 -849.42 300
2542 -849.3766666666667 300
2543 -849.42 300
2544 -849.42 300
2545 -849.42 300
2546 -849.42 300
2547 -849.42 300
2548 -849.42 300
2549 -849.42 300
2550 -849.42 300
2551 -849.42 300
2552 -849.4633333333334 300
2553 -849.4633333333334 300
2554 -849.4666666666667 300
2555 -849.4666666666667 300
2556 -849.47 300
2557 -849.47 300
2558 -849.5166666666667 300
2559 -849.5166666666667 300
2560 -849.5166666666667 300
2561 -849.5166666666667 300
2562 -849.5633333333334 300
2563 -849.65 300
2564 -849.7833333333333 300
2565 -849.96 300
2566 -850.35 300
2567 -851.0866666666667 300
2568 -851.9566666666667 300
2569 -852.9166666666666 300
2570 -853.0 300
2571 -853.09 300
2572 -853.0933333333334 300
2573 -853.14 300
2574 -853.4966666666667 300
2575 -854.04 300
2576 -854.2966666666666 300
2577 -854.34 300
2578 -854.0366666666666 300
2579 -854.0366666666666 300
2580 -854.1233333333333 300
2581 -854.21 300
2582 -854.2966666666666 300
2583 -854.34 300
2584 -854.34 300
2585 -854.6 300
2586 -854.6866666666666 300
2587 -855.2933333333333 300
2588 -855.4666666666667 300
2589 -855.64 300
2590 -855.6833333333333 300
2591 -855.8133333333334 300
2592 -855.9 300
2593 -855.9433333333334 300
2594 -856.03 300
2595 -856.16 300
2596 -856.3333333333334 300
2597 -856.42 300
2598 -856.55 300
2599 -856.5933333333334 300
2600 -856.7233333333334 300
2601 -856.81 300
2602 -856.8533333333334 300
2603 -853.6466666666666 300
2604 -852.7366666666667 300
2605 -852.8233333333334 300
2606 -852.9966666666667 300
2607 -853.0833333333334 300
2608 -853.2566666666667 300
2609 -853.3866666666667 300
2610 -852.4333333333333 300
2611 -852.52 300
2612 -852.7366666666667 300
2613 -851.9133333333333 300
2614 -852.0 300
2615 -852.09 300
2616 -852.0466666666666 300
2617 -852.22 300
2618 -852.35 300
2619 -852.48 300
2620 -852.5666666666667 300
2621 -852.6966666666667 300
2622 -852.8266666666667 300
2623 -853.0033333333333 300
2624 -853.1366666666667 300
2625 -853.2666666666667 300
2626 -853.3966666666666 300
2627 -853.5733333333334 300
2628 -853.8766666666667 300
2629 -854.2233333333334 300
2630 -854.5733333333334 300
2631 -855.3233333333334 300
2632 -855.4566666666667 300
2633 -855.46 300
2634 -855.6366666666667 300
2635 -855.7266666666667 300
2636 -855.8033333333333 300
2637 -855.89 300
2638 -855.85 300
2639 -856.0266666666666 300
2640 -856.2833333333333 300
2641 -856.3733333333333 300
2642 -856.5033333333333 300
2643 -856.68 300
2644 -856.8966666666666 300
2645 -856.8966666666666 300
2646 -856.9833333333333 300
2647 -857.1133333333333 300
2648 -857.2433333333333 300
2649 -857.2466666666667 300
2650 -857.0333333333333 300
2651 -856.7766666666666 300
2652 -856.52 300
2653 -856.2633333333333 300
2654 -856.0933333333334 300
2655 -856.01 300
2656 -855.9266666666666 300
2657 -855.8433333333334 300
2658 -855.76 300
2659 -855.7633333333333 300
2660 -855.68 300
2661 -855.6833333333333 300
2662 -855.73 300
2663 -855.69 300
2664 -855.6933333333334 300
2665 -855.6966666666667 300
2666 -855.7866666666666 300
2667 -855.79 300
2668 -855.75 300
2669 -855.7533333333333 300
2670 -855.7566666666667 300
2671 -855.8433333333334 300
2672 -855.8833333333333 300
2673 -855.9266666666666 300
2674 -855.97 300
2675 -856.0133333333333 300
2676 -856.1 300
2677 -856.14 300
2678 -856.1833333333333 300
2679 -856.1833333333333 300
2680 -856.1833333333333 300
2681 -856.1833333333333 300
2682 -856.1833333333333 300
2683 -856.1833333333333 300
2684 -856.1833333333333 300
2685 -856.1833333333333 300
2686 -856.1833333333333 300
2687 -856.1833333333333 300
2688 -856.1833333333333 300
2689 -856.1833333333333 300
2690 -856.2266666666667 300
2691 -856.2266666666667 300
2692 -856.2266666666667 300
2693 -856.2266666666667 300
2694 -856.7966666666666 300
2695 -856.9233333333333 300
2696 -856.9233333333333 300
2697 -856.9233333333333 300
2698 -856.9666666666667 300
2699 -856.9666666666667 300
2700 -856.9666666666667 300
2701 -857.4966666666667 300
2702 -857.6233333333333 300
2703 -857.6233333333333 300
2704 -857.6666666666666 300
2705 -857.6666666666666 300
2706 -857.6666666666666 300
2707 -857.71 300
2708 -857.7533333333333 300
2709 -857.7933333333333 300
2710 -857.2766666666666 300
2711 -857.3233333333334 300
2712 -857.3266666666667 300
2713 -857.37 300
2714 -857.37 300
2715 -857.4133333333333 300
2716 -857.4133333333333 300
2717 -855.8833333333333 300
2718 -855.9666666666667 300
2719 -856.18 300
2720 -856.5833333333334 300
2721 -856.8866666666667 300
2722 -856.9733333333334 300
2723 -857.06 300
2724 -857.19 300
2725 -857.2766666666666 300
2726 -857.2766666666666 300
2727 -857.2766666666666 300
2728 -857.2333333333333 300
2729 -857.2766666666666 300
2730 -857.2766666666666 300
2731 -855.5433333333333 300
2732 -856.4533333333334 300
2733 -856.67 300
2734 -856.8 300
2735 -856.8433333333334 300
2736 -857.1033333333334 300
2737 -857.2766666666666 300
2738 -857.45 300
2739 -857.6666666666666 300
2740 -857.84 300
2741 -856.8433333333334 300
2742 -856.9733333333334 300
2743 -857.1033333333334 300
2744 -857.1033333333334 300
2745 -857.19 300
2746 -857.3633333333333 300
2747 -857.5366666666666 300
2748 -857.6233333333333 300
2749 -858.1433333333333 300
2750 -858.3166666666667 300
2751 -858.4033333333333 300
2752 -858.49 300
2753 -858.62 300
2754 -858.7066666666667 300
2755 -858.75 300
2756 -858.75 300
2757 -859.0966666666667 300
2758 -859.2266666666667 300
2759 -859.3566666666667 300
2760 -859.4 300
2761 -859.4 300
2762 -859.3966666666666 300
2763 -859.44 300
2764 -859.4866666666667 300
2765 -859.4866666666667 300
2766 -859.4866666666667 300
2767 -857.72 300
2768 -856.81 300
2769 -856.9833333333333 300
2770 -857.07 300
2771 -857.07 300
2772 -857.2866666666666 300
2773 -857.4166666666666 300
2774 -857.59 300
2775 -857.8066666666666 300
2776 -857.98 300
2777 -859.28 300
2778 -860.6233333333333 300
2779 -860.6666666666666 300
2780 -860.67 300
2781 -860.6266666666667 300
2782 -860.67 300
2783 -860.7566666666667 300
2784 -860.7133333333334 300
2785 -859.76 300
2786 -858.33 300
2787 -858.2433333333333 300
2788 -858.33 300
2789 -858.2866666666666 300
2790 -858.33 300
2791 -858.4166666666666 300
2792 -858.4166666666666 300
2793 -858.46 300
2794 -858.46 300
2795 -858.3766666666667 300
2796 -858.4633333333334 300
2797 -858.42 300
2798 -858.42 300
2799 -858.5066666666667 300
2800 -858.4633333333334 300
2801 -858.5533333333333 300
2802 -858.64 300
2803 -858.5533333333333 300
2804 -858.4666666666667 300
2805 -858.3366666666667 300
2806 -858.2066666666667 300
2807 -858.0766666666667 300
2808 -857.7733333333333 300
2809 -858.1633333333333 300
2810 -858.2933333333333 300
2811 -858.4666666666667 300
2812 -858.5533333333333 300
2813 -858.4233333333333 300
2814 -858.2933333333333 300
2815 -858.2066666666667 300
2816 -858.1633333333333 300
2817 -858.12 300
2818 -858.0766666666667 300
2819 -857.99 300
2820 -857.9466666666667 300
2821 -857.86 300
2822 -859.0733333333334 300
2823 -859.29 300
2824 -859.3333333333334 300
2825 -859.3766666666667 300
2826 -859.4633333333334 300
2827 -859.6366666666667 300
2828 -859.68 300
2829 -859.68 300
2830 -859.5933333333334 300
2831 -859.5933333333334 300
2832 -859.68 300
2833 -859.7233333333334 300
2834 -859.7233333333334 300
2835 -859.7233333333334 300
2836 -859.7233333333334 300
2837 -859.7233333333334 300
2838 -859.7233333333334 300
2839 -859.7233333333334 300
2840 -859.68 300
2841 -862.0166666666667 300
2842 -862.2266666666667 300
2843 -862.2266666666667 300
2844 -862.2266666666667 300
2845 -862.2266666666667 300
2846 -862.2266666666667 300
2847 -862.2266666666667 300
2848 -862.2266666666667 300
2849 -862.2266666666667 300
2850 -862.2266666666667 300
2851 -862.2266666666667 300
2852 -862.2266666666667 300
2853 -862.2266666666667 300
2854 -862.2266666666667 300
2855 -862.2266666666667 300
2856 -862.2266666666667 300
2857 -862.2266666666667 300
2858 -862.2266666666667 300
2859 -862.2266666666667 300
2860 -862.2266666666667 300
2861 -862.2266666666667 300
2862 -862.2266666666667 300
2863 -862.2266666666667 300
2864 -862.2266666666667 300
2865 -862.2266666666667 300
2866 -862.2266666666667 300
2867 -862.2266666666667 300
2868 -862.2266666666667 300
2869 -862.2266666666667 300
2870 -862.2266666666667 300
2871 -862.2266666666667 300
2872 -862.2266666666667 300
2873 -862.2266666666667 300
2874 -862.1733333333333 300
2875 -862.1733333333333 300
2876 -862.1733333333333 300
2877 -862.1733333333333 300
2878 -862.1733333333333 300
2879 -862.1733333333333 300
2880 -862.1733333333333 300
2881 -862.1733333333333 300
2882 -862.1733333333333 300
2883 -862.1733333333333 300
2884 -862.1733333333333 300
2885 -862.1733333333333 300
2886 -862.1733333333333 300
2887 -862.22 300
2888 -862.22 300
2889 -862.22 300
2890 -862.22 300
2891 -862.22 300
2892 -862.22 300
2893 -862.22 300
2894 -862.22 300
2895 -862.22 300
2896 -862.22 300
2897 -862.22 300
2898 -862.22 300
2899 -862.22 300
2900 -862.22 300
2901 -862.22 300
2902 -862.2233333333334 300
2903 -862.2233333333334 300
2904 -862.2233333333334 300
2905 -862.2233333333334 300
2906 -862.2233333333334 300
2907 -862.2233333333334 300
2908 -862.2233333333334 300
2909 -862.2233333333334 300
2910 -862.2233333333334 300
2911 -862.2233333333334 300
2912 -862.2233333333334 300
2913 -862.2233333333334 300
2914 -862.2233333333334 300
2915 -862.1366666666667 300
2916 -862.1366666666667 300
2917 -862.1366666666667 300
2918 -862.1366666666667 300
2919 -862.1366666666667 300
2920 -862.1366666666667 300
2921 -862.1366666666667 300
2922 -862.1366666666667 300
2923 -862.1333333333333 300
2924 -862.1333333333333 300
2925 -862.1333333333333 300
2926 -862.1333333333333 300
2927 -862.1333333333333 300
2928 -862.1333333333333 300
2929 -862.1333333333333 300
2930 -862.1333333333333 300
2931 -862.1333333333333 300
2932 -862.1333333333333 300
2933 -862.1333333333333 300
2934 -862.1333333333333 300
2935 -862.1333333333333 300
2936 -862.1333333333333 300
2937 -862.1333333333333 300
2938 -862.1333333333333 300
2939 -862.1333333333333 300
2940 -862.1333333333333 300
2941 -862.1333333333333 300
2942 -862.1333333333333 300
2943 -862.1333333333333 300
2944 -862.09 300
2945 -862.09 300
2946 -862.09 300
2947 -862.09 300
2948 -862.09 300
2949 -862.09 300
2950 -862.09 300
2951 -862.09 300
2952 -862.09 300
2953 -862.09 300
2954 -862.09 300
2955 -862.09 300
2956 -862.09 300
2957 -862.09 300
2958 -862.09 300
2959 -862.09 300
2960 -862.09 300
2961 -862.09 300
2962 -862.09 300
2963 -862.09 300
2964 -862.09 300
2965 -862.09 300
2966 -862.09 300
2967 -862.09 300
2968 -862.09 300
2969 -862.09 300
2970 -862.09 300
2971 -862.09 300
2972 -862.09 300
2973 -862.09 300
2974 -862.09 300
2975 -862.09 300
2976 -862.09 300
2977 -862.09 300
2978 -862.09 300
2979 -862.09 300
2980 -862.09 300
2981 -862.09 300
2982 -862.09 300
2983 -862.09 300
2984 -862.09 300
2985 -862.09 300
2986 -862.1333333333333 300
2987 -862.1333333333333 300
2988 -862.1333333333333 300
2989 -862.1333333333333 300
2990 -862.1333333333333 300
2991 -862.1333333333333 300
2992 -862.1333333333333 300
2993 -862.1333333333333 300
2994 -862.1333333333333 300
2995 -862.1333333333333 300
2996 -862.1333333333333 300
2997 -862.1333333333333 300
2998 -862.1333333333333 300
2999 -862.1333333333333 300
3000 -862.1333333333333 300
