828.0 -845.0 
868.0 -883.0 
868.0 -883.0 
858.0 -881.0 
848.0 -880.0 
858.0 -881.0 
831.0 -858.0 
842.0 -871.0 
829.0 -851.0 
839.0 -867.0 
845.0 -876.0 
834.0 -860.0 
830.0 -854.0 
829.0 -851.0 
830.0 -854.0 
836.0 -863.0 
844.0 -874.0 
836.0 -863.0 
844.0 -874.0 
840.0 -869.0 
834.0 -860.0 
837.0 -865.0 
846.0 -878.0 
837.0 -865.0 
840.0 -869.0 
846.0 -878.0 
848.0 -880.0 
868.0 -883.0 
858.0 -881.0 
829.0 -851.0 
830.0 -854.0 
836.0 -863.0 
844.0 -874.0 
834.0 -860.0 
840.0 -869.0 
837.0 -865.0 
846.0 -878.0 
848.0 -880.0 
868.0 -883.0 
858.0 -881.0 
829.0 -851.0 
830.0 -854.0 
844.0 -874.0 
836.0 -863.0 
834.0 -860.0 
837.0 -865.0 
846.0 -878.0 
840.0 -869.0 
848.0 -880.0 
868.0 -883.0 
858.0 -881.0 
829.0 -851.0 
836.0 -863.0 
844.0 -874.0 
834.0 -860.0 
840.0 -869.0 
846.0 -878.0 
837.0 -865.0 
848.0 -880.0 
830.0 -854.0 
868.0 -883.0 
858.0 -881.0 
836.0 -863.0 
844.0 -874.0 
834.0 -860.0 
840.0 -869.0 
837.0 -865.0 
846.0 -878.0 
848.0 -880.0 
829.0 -851.0 
868.0 -883.0 
858.0 -881.0 
836.0 -863.0 
844.0 -874.0 
834.0 -860.0 
837.0 -865.0 
846.0 -878.0 
840.0 -869.0 
848.0 -880.0 
829.0 -851.0 
868.0 -883.0 
858.0 -881.0 
836.0 -863.0 
844.0 -874.0 
834.0 -860.0 
837.0 -865.0 
840.0 -869.0 
846.0 -878.0 
848.0 -880.0 
829.0 -851.0 
868.0 -883.0 
858.0 -881.0 
844.0 -874.0 
836.0 -863.0 
834.0 -860.0 
840.0 -869.0 
837.0 -865.0 
846.0 -878.0 
848.0 -880.0 
829.0 -851.0 
868.0 -883.0 
858.0 -881.0 
836.0 -863.0 
844.0 -874.0 
834.0 -860.0 
846.0 -878.0 
840.0 -869.0 
837.0 -865.0 
848.0 -880.0 
829.0 -851.0 
868.0 -883.0 
858.0 -881.0 
844.0 -874.0 
836.0 -863.0 
834.0 -860.0 
840.0 -869.0 
846.0 -878.0 
837.0 -865.0 
848.0 -880.0 
829.0 -851.0 
868.0 -883.0 
858.0 -881.0 
844.0 -874.0 
836.0 -863.0 
834.0 -860.0 
840.0 -869.0 
846.0 -878.0 
837.0 -865.0 
848.0 -880.0 
829.0 -851.0 
868.0 -883.0 
858.0 -881.0 
836.0 -863.0 
844.0 -874.0 
834.0 -860.0 
837.0 -865.0 
840.0 -869.0 
846.0 -878.0 
848.0 -880.0 
829.0 -851.0 
868.0 -883.0 
858.0 -881.0 
836.0 -863.0 
844.0 -874.0 
834.0 -860.0 
837.0 -865.0 
840.0 -869.0 
846.0 -878.0 
848.0 -880.0 
829.0 -851.0 
868.0 -883.0 
858.0 -881.0 
844.0 -874.0 
836.0 -863.0 
834.0 -860.0 
840.0 -869.0 
846.0 -878.0 
837.0 -865.0 
848.0 -880.0 
829.0 -851.0 
868.0 -883.0 
858.0 -881.0 
844.0 -874.0 
836.0 -863.0 
834.0 -860.0 
846.0 -878.0 
840.0 -869.0 
837.0 -865.0 
848.0 -880.0 
829.0 -851.0 
868.0 -883.0 
858.0 -881.0 
844.0 -874.0 
836.0 -863.0 
834.0 -860.0 
837.0 -865.0 
840.0 -869.0 
846.0 -878.0 
848.0 -880.0 
829.0 -851.0 
868.0 -883.0 
858.0 -881.0 
844.0 -874.0 
836.0 -863.0 
834.0 -860.0 
837.0 -865.0 
840.0 -869.0 
846.0 -878.0 
848.0 -880.0 
829.0 -851.0 
858.0 -881.0 
836.0 -863.0 
844.0 -874.0 
834.0 -860.0 
840.0 -869.0 
846.0 -878.0 
837.0 -865.0 
848.0 -880.0 
829.0 -851.0 
858.0 -881.0 
836.0 -863.0 
844.0 -874.0 
834.0 -860.0 
840.0 -869.0 
837.0 -865.0 
846.0 -878.0 
848.0 -880.0 
829.0 -851.0 
858.0 -881.0 
844.0 -874.0 
836.0 -863.0 
834.0 -860.0 
846.0 -878.0 
840.0 -869.0 
837.0 -865.0 
848.0 -880.0 
829.0 -851.0 
858.0 -881.0 
836.0 -863.0 
844.0 -874.0 
834.0 -860.0 
837.0 -865.0 
846.0 -878.0 
840.0 -869.0 
848.0 -880.0 
829.0 -851.0 
858.0 -881.0 
836.0 -863.0 
844.0 -874.0 
834.0 -860.0 
840.0 -869.0 
837.0 -865.0 
846.0 -878.0 
848.0 -880.0 
829.0 -851.0 
858.0 -881.0 
836.0 -863.0 
844.0 -874.0 
834.0 -860.0 
837.0 -865.0 
846.0 -878.0 
840.0 -869.0 
848.0 -880.0 
829.0 -851.0 
858.0 -881.0 
836.0 -863.0 
844.0 -874.0 
834.0 -860.0 
840.0 -869.0 
846.0 -878.0 
837.0 -865.0 
848.0 -880.0 
829.0 -851.0 
858.0 -881.0 
836.0 -863.0 
844.0 -874.0 
834.0 -860.0 
837.0 -865.0 
840.0 -869.0 
846.0 -878.0 
848.0 -880.0 
829.0 -851.0 
858.0 -881.0 
844.0 -874.0 
836.0 -863.0 
834.0 -860.0 
840.0 -869.0 
846.0 -878.0 
837.0 -865.0 
848.0 -880.0 
829.0 -851.0 
858.0 -881.0 
844.0 -874.0 
836.0 -863.0 
834.0 -860.0 
840.0 -869.0 
846.0 -878.0 
837.0 -865.0 
848.0 -880.0 
829.0 -851.0 
858.0 -881.0 
844.0 -874.0 
836.0 -863.0 
834.0 -860.0 
840.0 -869.0 
846.0 -878.0 
837.0 -865.0 
848.0 -880.0 
829.0 -851.0 
858.0 -881.0 
844.0 -874.0 
836.0 -863.0 
834.0 -860.0 
837.0 -865.0 
840.0 -869.0 
836.0 -863.0 
846.0 -878.0 
840.0 -869.0 
840.0 -869.0 
844.0 -874.0 
