496.0 -879.0 
529.0 -915.0 
496.0 -879.0 
521.0 -908.0 
514.0 -905.0 
505.0 -900.0 
526.0 -913.0 
522.0 -910.0 
497.0 -885.0 
510.0 -901.0 
525.0 -911.0 
500.0 -888.0 
504.0 -896.0 
501.0 -892.0 
513.0 -903.0 
514.0 -905.0 
521.0 -908.0 
511.0 -902.0 
501.0 -892.0 
502.0 -894.0 
505.0 -900.0 
497.0 -885.0 
511.0 -902.0 
502.0 -894.0 
498.0 -886.0 
499.0 -887.0 
503.0 -895.0 
525.0 -911.0 
504.0 -896.0 
510.0 -901.0 
513.0 -903.0 
503.0 -895.0 
498.0 -886.0 
500.0 -888.0 
499.0 -887.0 
496.0 -879.0 
514.0 -905.0 
521.0 -908.0 
501.0 -892.0 
497.0 -885.0 
511.0 -902.0 
502.0 -894.0 
525.0 -911.0 
510.0 -901.0 
513.0 -903.0 
504.0 -896.0 
498.0 -886.0 
499.0 -887.0 
500.0 -888.0 
503.0 -895.0 
496.0 -879.0 
514.0 -905.0 
521.0 -908.0 
501.0 -892.0 
497.0 -885.0 
511.0 -902.0 
502.0 -894.0 
513.0 -903.0 
525.0 -911.0 
510.0 -901.0 
498.0 -886.0 
504.0 -896.0 
500.0 -888.0 
499.0 -887.0 
503.0 -895.0 
496.0 -879.0 
514.0 -905.0 
521.0 -908.0 
501.0 -892.0 
497.0 -885.0 
511.0 -902.0 
502.0 -894.0 
525.0 -911.0 
500.0 -888.0 
503.0 -895.0 
513.0 -903.0 
510.0 -901.0 
498.0 -886.0 
499.0 -887.0 
504.0 -896.0 
496.0 -879.0 
514.0 -905.0 
521.0 -908.0 
501.0 -892.0 
497.0 -885.0 
511.0 -902.0 
502.0 -894.0 
525.0 -911.0 
513.0 -903.0 
510.0 -901.0 
500.0 -888.0 
498.0 -886.0 
504.0 -896.0 
503.0 -895.0 
499.0 -887.0 
496.0 -879.0 
514.0 -905.0 
521.0 -908.0 
501.0 -892.0 
497.0 -885.0 
511.0 -902.0 
502.0 -894.0 
525.0 -911.0 
513.0 -903.0 
504.0 -896.0 
500.0 -888.0 
499.0 -887.0 
498.0 -886.0 
503.0 -895.0 
510.0 -901.0 
514.0 -905.0 
521.0 -908.0 
501.0 -892.0 
497.0 -885.0 
511.0 -902.0 
502.0 -894.0 
525.0 -911.0 
498.0 -886.0 
510.0 -901.0 
500.0 -888.0 
513.0 -903.0 
504.0 -896.0 
503.0 -895.0 
499.0 -887.0 
514.0 -905.0 
521.0 -908.0 
501.0 -892.0 
497.0 -885.0 
511.0 -902.0 
502.0 -894.0 
510.0 -901.0 
513.0 -903.0 
503.0 -895.0 
499.0 -887.0 
504.0 -896.0 
525.0 -911.0 
500.0 -888.0 
498.0 -886.0 
514.0 -905.0 
521.0 -908.0 
497.0 -885.0 
511.0 -902.0 
502.0 -894.0 
525.0 -911.0 
513.0 -903.0 
503.0 -895.0 
500.0 -888.0 
504.0 -896.0 
510.0 -901.0 
498.0 -886.0 
499.0 -887.0 
514.0 -905.0 
521.0 -908.0 
497.0 -885.0 
511.0 -902.0 
502.0 -894.0 
525.0 -911.0 
513.0 -903.0 
510.0 -901.0 
499.0 -887.0 
503.0 -895.0 
504.0 -896.0 
498.0 -886.0 
500.0 -888.0 
514.0 -905.0 
521.0 -908.0 
497.0 -885.0 
502.0 -894.0 
511.0 -902.0 
525.0 -911.0 
513.0 -903.0 
504.0 -896.0 
498.0 -886.0 
500.0 -888.0 
499.0 -887.0 
503.0 -895.0 
510.0 -901.0 
514.0 -905.0 
521.0 -908.0 
497.0 -885.0 
502.0 -894.0 
511.0 -902.0 
513.0 -903.0 
525.0 -911.0 
510.0 -901.0 
500.0 -888.0 
498.0 -886.0 
499.0 -887.0 
503.0 -895.0 
504.0 -896.0 
514.0 -905.0 
521.0 -908.0 
497.0 -885.0 
502.0 -894.0 
511.0 -902.0 
525.0 -911.0 
510.0 -901.0 
513.0 -903.0 
500.0 -888.0 
498.0 -886.0 
504.0 -896.0 
499.0 -887.0 
503.0 -895.0 
514.0 -905.0 
521.0 -908.0 
497.0 -885.0 
502.0 -894.0 
511.0 -902.0 
525.0 -911.0 
500.0 -888.0 
510.0 -901.0 
513.0 -903.0 
503.0 -895.0 
504.0 -896.0 
498.0 -886.0 
499.0 -887.0 
514.0 -905.0 
521.0 -908.0 
497.0 -885.0 
502.0 -894.0 
511.0 -902.0 
513.0 -903.0 
500.0 -888.0 
504.0 -896.0 
510.0 -901.0 
503.0 -895.0 
498.0 -886.0 
525.0 -911.0 
499.0 -887.0 
514.0 -905.0 
521.0 -908.0 
502.0 -894.0 
511.0 -902.0 
525.0 -911.0 
500.0 -888.0 
513.0 -903.0 
498.0 -886.0 
503.0 -895.0 
499.0 -887.0 
504.0 -896.0 
510.0 -901.0 
514.0 -905.0 
521.0 -908.0 
502.0 -894.0 
511.0 -902.0 
525.0 -911.0 
510.0 -901.0 
499.0 -887.0 
513.0 -903.0 
500.0 -888.0 
498.0 -886.0 
503.0 -895.0 
504.0 -896.0 
514.0 -905.0 
521.0 -908.0 
502.0 -894.0 
511.0 -902.0 
510.0 -901.0 
513.0 -903.0 
503.0 -895.0 
500.0 -888.0 
498.0 -886.0 
499.0 -887.0 
504.0 -896.0 
514.0 -905.0 
521.0 -908.0 
502.0 -894.0 
511.0 -902.0 
498.0 -886.0 
513.0 -903.0 
499.0 -887.0 
510.0 -901.0 
500.0 -888.0 
504.0 -896.0 
503.0 -895.0 
514.0 -905.0 
502.0 -894.0 
511.0 -902.0 
499.0 -887.0 
499.0 -887.0 
500.0 -888.0 
503.0 -895.0 
502.0 -894.0 
499.0 -887.0 
500.0 -888.0 
500.0 -888.0 
498.0 -886.0 
497.0 -885.0 
503.0 -895.0 
503.0 -895.0 
503.0 -895.0 
499.0 -887.0 
502.0 -894.0 
499.0 -887.0 
504.0 -896.0 
503.0 -895.0 
503.0 -895.0 
499.0 -887.0 
499.0 -887.0 
499.0 -887.0 
