1 500.0
2 500.0
3 500.0
4 500.0
5 500.0
6 500.0
7 500.0
8 500.0
9 500.0
10 500.0
11 500.0
12 500.0
13 500.0
14 500.0
15 500.0
16 500.0
17 500.0
18 500.0
19 500.0
20 500.0
21 500.0
22 500.0
23 500.0
24 500.0
25 500.0
26 500.0
27 500.0
28 500.0
29 500.0
30 500.0
31 500.0
32 500.0
33 500.0
34 500.0
35 500.0
36 500.0
37 500.0
38 500.0
39 500.0
40 500.0
41 500.0
42 500.0
43 500.0
44 500.0
45 500.0
46 500.0
47 500.0
48 500.0
49 500.0
50 500.0
51 500.0
52 500.0
53 500.0
54 500.0
55 500.0
56 500.0
57 500.0
58 500.0
59 500.0
60 500.0
61 500.0
62 500.0
63 500.0
64 500.0
65 500.0
66 500.0
67 500.0
68 500.0
69 500.0
70 500.0
71 500.0
72 500.0
73 500.0
74 500.0
75 500.0
76 500.0
77 500.0
78 500.0
79 500.0
80 500.0
81 500.0
82 500.0
83 500.0
84 500.0
85 500.0
86 500.0
87 500.0
88 500.0
89 500.0
90 500.0
91 500.0
92 500.0
93 500.0
94 500.0
95 500.0
96 500.0
97 500.0
98 500.0
99 500.0
100 500.0
101 500.0
102 500.0
103 500.0
104 500.0
105 500.0
106 500.0
107 500.0
108 500.0
109 500.0
110 500.0
111 500.0
112 500.0
113 500.0
114 500.0
115 500.0
116 500.0
117 500.0
118 500.0
119 500.0
120 500.0
121 500.0
122 500.0
123 500.0
124 500.0
125 500.0
126 500.0
127 500.0
128 500.0
129 500.0
130 500.0
131 500.0
132 500.0
133 500.0
134 500.0
135 500.0
136 500.0
137 500.0
138 500.0
139 500.0
140 500.0
141 500.0
142 500.0
143 500.0
144 500.0
145 500.0
146 500.0
147 500.0
148 500.0
149 500.0
150 500.0
151 500.0
152 500.0
153 500.0
154 500.0
155 500.0
156 500.0
157 500.0
158 500.0
159 500.0
160 500.0
161 500.0
162 500.0
163 500.0
164 500.0
165 500.0
166 500.0
167 500.0
168 500.0
169 500.0
170 500.0
171 500.0
172 500.0
173 500.0
174 500.0
175 500.0
176 500.0
177 500.0
178 500.0
179 500.0
180 500.0
181 500.0
182 500.0
183 500.0
184 500.0
185 500.0
186 500.0
187 500.0
188 500.0
189 500.0
190 500.0
191 500.0
192 500.0
193 500.0
194 500.0
195 500.0
196 500.0
197 500.0
198 500.0
199 500.0
200 500.0
201 500.0
202 500.0
203 500.0
204 500.0
205 500.0
206 500.0
207 500.0
208 500.0
209 500.0
210 500.0
211 500.0
212 500.0
213 500.0
214 500.0
215 500.0
216 500.0
217 500.0
218 500.0
219 500.0
220 500.0
221 500.0
222 500.0
223 500.0
224 500.0
225 500.0
226 500.0
227 500.0
228 500.0
229 500.0
230 500.0
231 500.0
232 500.0
233 500.0
234 500.0
235 500.0
236 500.0
237 500.0
238 500.0
239 500.0
240 500.0
241 500.0
242 500.0
243 500.0
244 500.0
245 500.0
246 500.0
247 500.0
248 500.0
249 500.0
250 500.0
251 500.0
252 500.0
253 500.0
254 500.0
255 500.0
256 500.0
257 500.0
258 500.0
259 500.0
260 500.0
261 500.0
262 500.0
263 500.0
264 500.0
265 500.0
266 500.0
267 500.0
268 500.0
269 500.0
270 500.0
271 500.0
272 500.0
273 500.0
274 500.0
275 500.0
276 500.0
277 500.0
278 500.0
279 500.0
280 500.0
281 500.0
282 500.0
283 500.0
284 500.0
285 500.0
286 500.0
287 500.0
288 500.0
289 500.0
290 500.0
291 500.0
292 500.0
293 500.0
294 500.0
295 500.0
296 500.0
297 500.0
298 500.0
299 500.0
300 500.0
301 500.0
302 500.0
303 500.0
304 500.0
305 500.0
306 500.0
307 500.0
308 500.0
309 500.0
310 500.0
311 500.0
312 500.0
313 500.0
314 500.0
315 500.0
316 500.0
317 500.0
318 500.0
319 500.0
320 500.0
321 500.0
322 500.0
323 500.0
324 500.0
325 500.0
326 500.0
327 500.0
328 500.0
329 500.0
330 500.0
331 500.0
332 500.0
333 500.0
334 500.0
335 500.0
336 500.0
337 500.0
338 500.0
339 500.0
340 500.0
341 500.0
342 500.0
343 500.0
344 500.0
345 500.0
346 500.0
347 500.0
348 500.0
349 500.0
350 500.0
351 500.0
352 500.0
353 500.0
354 500.0
355 500.0
356 500.0
357 500.0
358 500.0
359 500.0
360 500.0
361 500.0
362 500.0
363 500.0
364 500.0
365 500.0
366 500.0
367 500.0
368 500.0
369 500.0
370 500.0
371 500.0
372 500.0
373 500.0
374 500.0
375 500.0
376 500.0
377 500.0
378 500.0
379 500.0
380 500.0
381 500.0
382 500.0
383 500.0
384 500.0
385 500.0
386 500.0
387 500.0
388 500.0
389 500.0
390 500.0
391 500.0
392 500.0
393 500.0
394 500.0
395 500.0
396 500.0
397 500.0
398 500.0
399 500.0
400 500.0
401 500.0
402 500.0
403 500.0
404 500.0
405 500.0
406 500.0
407 500.0
408 500.0
409 500.0
410 500.0
411 500.0
412 500.0
413 500.0
414 500.0
415 500.0
416 500.0
417 500.0
418 500.0
419 500.0
420 500.0
421 500.0
422 500.0
423 500.0
424 500.0
425 500.0
426 500.0
427 500.0
428 500.0
429 500.0
430 500.0
431 500.0
432 500.0
433 500.0
434 500.0
435 500.0
436 500.0
437 500.0
438 500.0
439 500.0
440 500.0
441 500.0
442 500.0
443 500.0
444 500.0
445 500.0
446 500.0
447 500.0
448 500.0
449 500.0
450 500.0
451 500.0
452 500.0
453 500.0
454 500.0
455 500.0
456 500.0
457 500.0
458 500.0
459 500.0
460 500.0
461 500.0
462 500.0
463 500.0
464 500.0
465 500.0
466 500.0
467 500.0
468 500.0
469 500.0
470 500.0
471 500.0
472 500.0
473 500.0
474 500.0
475 500.0
476 500.0
477 500.0
478 500.0
479 500.0
480 500.0
481 500.0
482 500.0
483 500.0
484 500.0
485 500.0
486 500.0
487 500.0
488 500.0
489 500.0
490 500.0
491 500.0
492 500.0
493 500.0
494 500.0
495 500.0
496 500.0
497 500.0
498 500.0
499 500.0
500 500.0
501 500.0
502 500.0
503 500.0
504 500.0
505 500.0
506 500.0
507 500.0
508 500.0
509 500.0
510 500.0
511 500.0
512 500.0
513 500.0
514 500.0
515 500.0
516 500.0
517 500.0
518 500.0
519 500.0
520 500.0
521 500.0
522 500.0
523 500.0
524 500.0
525 500.0
526 500.0
527 500.0
528 500.0
529 500.0
530 500.0
531 500.0
532 500.0
533 500.0
534 500.0
535 500.0
536 500.0
537 500.0
538 500.0
539 500.0
540 500.0
541 500.0
542 500.0
543 500.0
544 500.0
545 500.0
546 500.0
547 500.0
548 500.0
549 500.0
550 500.0
551 500.0
552 500.0
553 500.0
554 500.0
555 500.0
556 500.0
557 500.0
558 500.0
559 500.0
560 500.0
561 500.0
562 500.0
563 500.0
564 500.0
565 500.0
566 500.0
567 500.0
568 500.0
569 500.0
570 500.0
571 500.0
572 500.0
573 500.0
574 500.0
575 500.0
576 500.0
577 500.0
578 500.0
579 500.0
580 500.0
581 500.0
582 500.0
583 500.0
584 500.0
585 500.0
586 500.0
587 500.0
588 500.0
589 500.0
590 500.0
591 500.0
592 500.0
593 500.0
594 500.0
595 500.0
596 500.0
597 500.0
598 500.0
599 500.0
600 500.0
601 500.0
602 500.0
603 500.0
604 500.0
605 500.0
606 500.0
607 500.0
608 500.0
609 500.0
610 500.0
611 500.0
612 500.0
613 500.0
614 500.0
615 500.0
616 500.0
617 500.0
618 500.0
619 500.0
620 500.0
621 500.0
622 500.0
623 500.0
624 500.0
625 500.0
626 500.0
627 500.0
628 500.0
629 500.0
630 500.0
631 500.0
632 500.0
633 500.0
634 500.0
635 500.0
636 500.0
637 500.0
638 500.0
639 500.0
640 500.0
641 500.0
642 500.0
643 500.0
644 500.0
645 500.0
646 500.0
647 500.0
648 500.0
649 500.0
650 500.0
651 500.0
652 500.0
653 500.0
654 500.0
655 500.0
656 500.0
657 500.0
658 500.0
659 500.0
660 500.0
661 500.0
662 500.0
663 500.0
664 500.0
665 500.0
666 500.0
667 500.0
668 500.0
669 500.0
670 500.0
671 500.0
672 500.0
673 500.0
674 500.0
675 500.0
676 500.0
677 500.0
678 500.0
679 500.0
680 500.0
681 500.0
682 500.0
683 500.0
684 500.0
685 500.0
686 500.0
687 500.0
688 500.0
689 500.0
690 500.0
691 500.0
692 500.0
693 500.0
694 500.0
695 500.0
696 500.0
697 500.0
698 500.0
699 500.0
700 500.0
701 500.0
702 500.0
703 500.0
704 500.0
705 500.0
706 500.0
707 500.0
708 500.0
709 500.0
710 500.0
711 500.0
712 500.0
713 500.0
714 500.0
715 500.0
716 500.0
717 500.0
718 500.0
719 500.0
720 500.0
721 500.0
722 500.0
723 500.0
724 500.0
725 500.0
726 500.0
727 500.0
728 500.0
729 500.0
730 500.0
731 500.0
732 500.0
733 500.0
734 500.0
735 500.0
736 500.0
737 500.0
738 500.0
739 500.0
740 500.0
741 500.0
742 500.0
743 500.0
744 500.0
745 500.0
746 500.0
747 500.0
748 500.0
749 500.0
750 500.0
751 500.0
752 500.0
753 500.0
754 500.0
755 500.0
756 500.0
757 500.0
758 500.0
759 500.0
760 500.0
761 500.0
762 500.0
763 500.0
764 500.0
765 500.0
766 500.0
767 500.0
768 500.0
769 500.0
770 500.0
771 500.0
772 500.0
773 500.0
774 500.0
775 500.0
776 500.0
777 500.0
778 500.0
779 500.0
780 500.0
781 500.0
782 500.0
783 500.0
784 500.0
785 500.0
786 500.0
787 500.0
788 500.0
789 500.0
790 500.0
791 500.0
792 500.0
793 500.0
794 500.0
795 500.0
796 500.0
797 500.0
798 500.0
799 500.0
800 500.0
801 500.0
802 500.0
803 500.0
804 500.0
805 500.0
806 500.0
807 500.0
808 500.0
809 500.0
810 500.0
811 500.0
812 500.0
813 500.0
814 500.0
815 500.0
816 500.0
817 500.0
818 500.0
819 500.0
820 500.0
821 500.0
822 500.0
823 500.0
824 500.0
825 500.0
826 500.0
827 500.0
828 500.0
829 500.0
830 500.0
831 500.0
832 500.0
833 500.0
834 500.0
835 500.0
836 500.0
837 500.0
838 500.0
839 500.0
840 500.0
841 500.0
842 500.0
843 500.0
844 500.0
845 500.0
846 500.0
847 500.0
848 500.0
849 500.0
850 500.0
851 500.0
852 500.0
853 500.0
854 500.0
855 500.0
856 500.0
857 500.0
858 500.0
859 500.0
860 500.0
861 500.0
862 500.0
863 500.0
864 500.0
865 500.0
866 500.0
867 500.0
868 500.0
869 500.0
870 500.0
871 500.0
872 500.0
873 500.0
874 500.0
875 500.0
876 500.0
877 500.0
878 500.0
879 500.0
880 500.0
881 500.0
882 500.0
883 500.0
884 500.0
885 500.0
886 500.0
887 500.0
888 500.0
889 500.0
890 500.0
891 500.0
892 500.0
893 500.0
894 500.0
895 500.0
896 500.0
897 500.0
898 500.0
899 500.0
900 500.0
901 500.0
902 500.0
903 500.0
904 500.0
905 500.0
906 500.0
907 500.0
908 500.0
909 500.0
910 500.0
911 500.0
912 500.0
913 500.0
914 500.0
915 500.0
916 500.0
917 500.0
918 500.0
919 500.0
920 500.0
921 500.0
922 500.0
923 500.0
924 500.0
925 500.0
926 500.0
927 500.0
928 500.0
929 500.0
930 500.0
931 500.0
932 500.0
933 500.0
934 500.0
935 500.0
936 500.0
937 500.0
938 500.0
939 500.0
940 500.0
941 500.0
942 500.0
943 500.0
944 500.0
945 500.0
946 500.0
947 500.0
948 500.0
949 500.0
950 500.0
951 500.0
952 500.0
953 500.0
954 500.0
955 500.0
956 500.0
957 500.0
958 500.0
959 500.0
960 500.0
961 500.0
962 500.0
963 500.0
964 500.0
965 500.0
966 500.0
967 500.0
968 500.0
969 500.0
970 500.0
971 500.0
972 500.0
973 500.0
974 500.0
975 500.0
976 500.0
977 500.0
978 500.0
979 500.0
980 500.0
981 500.0
982 500.0
983 500.0
984 500.0
985 500.0
986 500.0
987 500.0
988 500.0
989 500.0
990 500.0
991 500.0
992 500.0
993 500.0
994 500.0
995 500.0
996 500.0
997 500.0
998 500.0
999 500.0
1000 500.0
1001 500.0
1002 500.0
1003 500.0
1004 500.0
1005 500.0
1006 500.0
1007 500.0
1008 500.0
1009 500.0
1010 500.0
1011 500.0
1012 500.0
1013 500.0
1014 500.0
1015 500.0
1016 500.0
1017 500.0
1018 500.0
1019 500.0
1020 500.0
1021 500.0
1022 500.0
1023 500.0
1024 500.0
1025 500.0
1026 500.0
1027 500.0
1028 500.0
1029 500.0
1030 500.0
1031 500.0
1032 500.0
1033 500.0
1034 500.0
1035 500.0
1036 500.0
1037 500.0
1038 500.0
1039 500.0
1040 500.0
1041 500.0
1042 500.0
1043 500.0
1044 500.0
1045 500.0
1046 500.0
1047 500.0
1048 500.0
1049 500.0
1050 500.0
1051 500.0
1052 500.0
1053 500.0
1054 500.0
1055 500.0
1056 500.0
1057 500.0
1058 500.0
1059 500.0
1060 500.0
1061 500.0
1062 500.0
1063 500.0
1064 500.0
1065 500.0
1066 500.0
1067 500.0
1068 500.0
1069 500.0
1070 500.0
1071 500.0
1072 500.0
1073 500.0
1074 500.0
1075 500.0
1076 500.0
1077 500.0
1078 500.0
1079 500.0
1080 500.0
1081 500.0
1082 500.0
1083 500.0
1084 500.0
1085 500.0
1086 500.0
1087 500.0
1088 500.0
1089 500.0
1090 500.0
1091 500.0
1092 500.0
1093 500.0
1094 500.0
1095 500.0
1096 500.0
1097 500.0
1098 500.0
1099 500.0
1100 500.0
1101 500.0
1102 500.0
1103 500.0
1104 500.0
1105 500.0
1106 500.0
1107 500.0
1108 500.0
1109 500.0
1110 500.0
1111 500.0
1112 500.0
1113 500.0
1114 500.0
1115 500.0
1116 500.0
1117 500.0
1118 500.0
1119 500.0
1120 500.0
1121 500.0
1122 500.0
1123 500.0
1124 500.0
1125 500.0
1126 500.0
1127 500.0
1128 500.0
1129 500.0
1130 500.0
1131 500.0
1132 500.0
1133 500.0
1134 500.0
1135 500.0
1136 500.0
1137 500.0
1138 500.0
1139 500.0
1140 500.0
1141 500.0
1142 500.0
1143 500.0
1144 500.0
1145 500.0
1146 500.0
1147 500.0
1148 500.0
1149 500.0
1150 500.0
1151 500.0
1152 500.0
1153 500.0
1154 500.0
1155 500.0
1156 500.0
1157 500.0
1158 500.0
1159 500.0
1160 500.0
1161 500.0
1162 500.0
1163 500.0
1164 500.0
1165 500.0
1166 500.0
1167 500.0
1168 500.0
1169 500.0
1170 500.0
1171 500.0
1172 500.0
1173 500.0
1174 500.0
1175 500.0
1176 500.0
1177 500.0
1178 500.0
1179 500.0
1180 500.0
1181 500.0
1182 500.0
1183 500.0
1184 500.0
1185 500.0
1186 500.0
1187 500.0
1188 500.0
1189 500.0
1190 500.0
1191 500.0
1192 500.0
1193 500.0
1194 500.0
1195 500.0
1196 500.0
1197 500.0
1198 500.0
1199 500.0
1200 500.0
1201 500.0
1202 500.0
1203 500.0
1204 500.0
1205 500.0
1206 500.0
1207 500.0
1208 500.0
1209 500.0
1210 500.0
1211 500.0
1212 500.0
1213 500.0
1214 500.0
1215 500.0
1216 500.0
1217 500.0
1218 500.0
1219 500.0
1220 500.0
1221 500.0
1222 500.0
1223 500.0
1224 500.0
1225 500.0
1226 500.0
1227 500.0
1228 500.0
1229 500.0
1230 500.0
1231 500.0
1232 500.0
1233 500.0
1234 500.0
1235 500.0
1236 500.0
1237 500.0
1238 500.0
1239 500.0
1240 500.0
1241 500.0
1242 500.0
1243 500.0
1244 500.0
1245 500.0
1246 500.0
1247 500.0
1248 500.0
1249 500.0
1250 500.0
1251 500.0
1252 500.0
1253 500.0
1254 500.0
1255 500.0
1256 500.0
1257 500.0
1258 500.0
1259 500.0
1260 500.0
1261 500.0
1262 500.0
1263 500.0
1264 500.0
1265 500.0
1266 500.0
1267 500.0
1268 500.0
1269 500.0
1270 500.0
1271 500.0
1272 500.0
1273 500.0
1274 500.0
1275 500.0
1276 500.0
1277 500.0
1278 500.0
1279 500.0
1280 500.0
1281 500.0
1282 500.0
1283 500.0
1284 500.0
1285 500.0
1286 500.0
1287 500.0
1288 500.0
1289 500.0
1290 500.0
1291 500.0
1292 500.0
1293 500.0
1294 500.0
1295 500.0
1296 500.0
1297 500.0
1298 500.0
1299 500.0
1300 500.0
1301 500.0
1302 500.0
1303 500.0
1304 500.0
1305 500.0
1306 500.0
1307 500.0
1308 500.0
1309 500.0
1310 500.0
1311 500.0
1312 500.0
1313 500.0
1314 500.0
1315 500.0
1316 500.0
1317 500.0
1318 500.0
1319 500.0
1320 500.0
1321 500.0
1322 500.0
1323 500.0
1324 500.0
1325 500.0
1326 500.0
1327 500.0
1328 500.0
1329 500.0
1330 500.0
1331 500.0
1332 500.0
1333 500.0
1334 500.0
1335 500.0
1336 500.0
1337 500.0
1338 500.0
1339 500.0
1340 500.0
1341 500.0
1342 500.0
1343 500.0
1344 500.0
1345 500.0
1346 500.0
1347 500.0
1348 500.0
1349 500.0
1350 500.0
1351 500.0
1352 500.0
1353 500.0
1354 500.0
1355 500.0
1356 500.0
1357 500.0
1358 500.0
1359 500.0
1360 500.0
1361 500.0
1362 500.0
1363 500.0
1364 500.0
1365 500.0
1366 500.0
1367 500.0
1368 500.0
1369 500.0
1370 500.0
1371 500.0
1372 500.0
1373 500.0
1374 500.0
1375 500.0
1376 500.0
1377 500.0
1378 500.0
1379 500.0
1380 500.0
1381 500.0
1382 500.0
1383 500.0
1384 500.0
1385 500.0
1386 500.0
1387 500.0
1388 500.0
1389 500.0
1390 500.0
1391 500.0
1392 500.0
1393 500.0
1394 500.0
1395 500.0
1396 500.0
1397 500.0
1398 500.0
1399 500.0
1400 500.0
1401 500.0
1402 500.0
1403 500.0
1404 500.0
1405 500.0
1406 500.0
1407 500.0
1408 500.0
1409 500.0
1410 500.0
1411 500.0
1412 500.0
1413 500.0
1414 500.0
1415 500.0
1416 500.0
1417 500.0
1418 500.0
1419 500.0
1420 500.0
1421 500.0
1422 500.0
1423 500.0
1424 500.0
1425 500.0
1426 500.0
1427 500.0
1428 500.0
1429 500.0
1430 500.0
1431 500.0
1432 500.0
1433 500.0
1434 500.0
1435 500.0
1436 500.0
1437 500.0
1438 500.0
1439 500.0
1440 500.0
1441 500.0
1442 500.0
1443 500.0
1444 500.0
1445 500.0
1446 500.0
1447 500.0
1448 500.0
1449 500.0
1450 500.0
1451 500.0
1452 500.0
1453 500.0
1454 500.0
1455 500.0
1456 500.0
1457 500.0
1458 500.0
1459 500.0
1460 500.0
1461 500.0
1462 500.0
1463 500.0
1464 500.0
1465 500.0
1466 500.0
1467 500.0
1468 500.0
1469 500.0
1470 500.0
1471 500.0
1472 500.0
1473 500.0
1474 500.0
1475 500.0
1476 500.0
1477 500.0
1478 500.0
1479 500.0
1480 500.0
1481 500.0
1482 500.0
1483 500.0
1484 500.0
1485 500.0
1486 500.0
1487 500.0
1488 500.0
1489 500.0
1490 500.0
1491 500.0
1492 500.0
1493 500.0
1494 500.0
1495 500.0
1496 500.0
1497 500.0
1498 500.0
1499 500.0
1500 500.0
1501 500.0
1502 500.0
1503 500.0
1504 500.0
1505 500.0
1506 500.0
1507 500.0
1508 500.0
1509 500.0
1510 500.0
1511 500.0
1512 500.0
1513 500.0
1514 500.0
1515 500.0
1516 500.0
1517 500.0
1518 500.0
1519 500.0
1520 500.0
1521 500.0
1522 500.0
1523 500.0
1524 500.0
1525 500.0
1526 500.0
1527 500.0
1528 500.0
1529 500.0
1530 500.0
1531 500.0
1532 500.0
1533 500.0
1534 500.0
1535 500.0
1536 500.0
1537 500.0
1538 500.0
1539 500.0
1540 500.0
1541 500.0
1542 500.0
1543 500.0
1544 500.0
1545 500.0
1546 500.0
1547 500.0
1548 500.0
1549 500.0
1550 500.0
1551 500.0
1552 500.0
1553 500.0
1554 500.0
1555 500.0
1556 500.0
1557 500.0
1558 500.0
1559 500.0
1560 500.0
1561 500.0
1562 500.0
1563 500.0
1564 500.0
1565 500.0
1566 500.0
1567 500.0
1568 500.0
1569 500.0
1570 500.0
1571 500.0
1572 500.0
1573 500.0
1574 500.0
1575 500.0
1576 500.0
1577 500.0
1578 500.0
1579 500.0
1580 500.0
1581 500.0
1582 500.0
1583 500.0
1584 500.0
1585 500.0
1586 500.0
1587 500.0
1588 500.0
1589 500.0
1590 500.0
1591 500.0
1592 500.0
1593 500.0
1594 500.0
1595 500.0
1596 500.0
1597 500.0
1598 500.0
1599 500.0
1600 500.0
1601 500.0
1602 500.0
1603 500.0
1604 500.0
1605 500.0
1606 500.0
1607 500.0
1608 500.0
1609 500.0
1610 500.0
1611 500.0
1612 500.0
1613 500.0
1614 500.0
1615 500.0
1616 500.0
1617 500.0
1618 500.0
1619 500.0
1620 500.0
1621 500.0
1622 500.0
1623 500.0
1624 500.0
1625 500.0
1626 500.0
1627 500.0
1628 500.0
1629 500.0
1630 500.0
1631 500.0
1632 500.0
1633 500.0
1634 500.0
1635 500.0
1636 495.0
1637 495.0
1638 495.0
1639 495.0
1640 495.0
1641 495.0
1642 495.0
1643 495.0
1644 495.0
1645 495.0
1646 495.0
1647 495.0
1648 495.0
1649 495.0
1650 495.0
1651 495.0
1652 495.0
1653 495.0
1654 495.0
1655 495.0
1656 495.0
1657 495.0
1658 495.0
1659 495.0
1660 495.0
1661 495.0
1662 495.0
1663 495.0
1664 495.0
1665 495.0
1666 495.0
1667 495.0
1668 495.0
1669 495.0
1670 495.0
1671 495.0
1672 495.0
1673 495.0
1674 495.0
1675 495.0
1676 495.0
1677 495.0
1678 495.0
1679 495.0
1680 495.0
1681 495.0
1682 495.0
1683 495.0
1684 495.0
1685 495.0
1686 495.0
1687 495.0
1688 495.0
1689 495.0
1690 495.0
1691 495.0
1692 495.0
1693 495.0
1694 495.0
1695 495.0
1696 495.0
1697 495.0
1698 495.0
1699 495.0
1700 495.0
1701 495.0
1702 495.0
1703 494.1666666666667
1704 494.1666666666667
1705 494.1666666666667
1706 494.1666666666667
1707 494.1666666666667
1708 494.1666666666667
1709 494.1666666666667
1710 494.1666666666667
1711 494.1666666666667
1712 494.1666666666667
1713 494.1666666666667
1714 494.1666666666667
1715 494.1666666666667
1716 494.1666666666667
1717 494.1666666666667
1718 494.1666666666667
1719 493.3333333333333
1720 493.3333333333333
1721 493.3333333333333
1722 493.3333333333333
1723 493.3333333333333
1724 493.3333333333333
1725 493.3333333333333
1726 493.3333333333333
1727 493.3333333333333
1728 493.3333333333333
1729 493.3333333333333
1730 493.3333333333333
1731 493.3333333333333
1732 493.3333333333333
1733 493.3333333333333
1734 493.3333333333333
1735 493.3333333333333
1736 493.3333333333333
1737 492.5
1738 492.5
1739 492.5
1740 492.5
1741 492.5
1742 492.5
1743 492.5
1744 492.5
1745 492.5
1746 492.5
1747 492.5
1748 492.5
1749 492.5
1750 492.5
1751 491.6666666666667
1752 491.6666666666667
1753 491.6666666666667
1754 491.6666666666667
1755 491.6666666666667
1756 491.6666666666667
1757 491.6666666666667
1758 491.6666666666667
1759 491.6666666666667
1760 491.6666666666667
1761 491.6666666666667
1762 491.6666666666667
1763 491.6666666666667
1764 491.6666666666667
1765 491.6666666666667
1766 491.6666666666667
1767 491.6666666666667
1768 491.6666666666667
1769 491.6666666666667
1770 491.6666666666667
1771 491.6666666666667
1772 491.6666666666667
1773 491.6666666666667
1774 491.6666666666667
1775 491.6666666666667
1776 491.6666666666667
1777 491.6666666666667
1778 491.6666666666667
1779 491.6666666666667
1780 491.6666666666667
1781 491.6666666666667
1782 491.6666666666667
1783 491.6666666666667
1784 491.6666666666667
1785 491.6666666666667
1786 491.6666666666667
1787 491.6666666666667
1788 491.6666666666667
1789 491.6666666666667
1790 491.6666666666667
1791 491.6666666666667
1792 491.6666666666667
1793 491.6666666666667
1794 491.6666666666667
1795 491.6666666666667
1796 491.6666666666667
1797 491.6666666666667
1798 491.6666666666667
1799 491.6666666666667
1800 491.6666666666667
1801 491.6666666666667
1802 491.6666666666667
1803 491.6666666666667
1804 491.6666666666667
1805 491.6666666666667
1806 491.6666666666667
1807 491.6666666666667
1808 491.6666666666667
1809 491.6666666666667
1810 491.6666666666667
1811 491.6666666666667
1812 491.6666666666667
1813 491.6666666666667
1814 491.6666666666667
1815 491.6666666666667
1816 491.6666666666667
1817 491.6666666666667
1818 491.6666666666667
1819 491.6666666666667
1820 491.6666666666667
1821 491.6666666666667
1822 491.6666666666667
1823 491.6666666666667
1824 491.6666666666667
1825 491.6666666666667
1826 491.6666666666667
1827 491.6666666666667
1828 491.6666666666667
1829 491.6666666666667
1830 491.6666666666667
1831 491.6666666666667
1832 491.6666666666667
1833 491.6666666666667
1834 491.6666666666667
1835 491.6666666666667
1836 491.6666666666667
1837 491.6666666666667
1838 491.6666666666667
1839 490.0
1840 490.0
1841 490.0
1842 490.0
1843 490.0
1844 490.0
1845 490.0
1846 490.0
1847 490.0
1848 490.0
1849 490.0
1850 490.0
1851 490.0
1852 490.0
1853 490.0
1854 490.0
1855 490.0
1856 490.0
1857 490.0
1858 490.0
1859 490.0
1860 490.0
1861 490.0
1862 490.0
1863 490.0
1864 490.0
1865 490.0
1866 490.0
1867 490.0
1868 490.0
1869 490.0
1870 490.0
1871 490.0
1872 490.0
1873 490.0
1874 490.0
1875 490.0
1876 490.0
1877 490.0
1878 490.0
1879 490.0
1880 490.0
1881 490.0
1882 490.0
1883 490.0
1884 490.0
1885 490.0
1886 490.0
1887 490.0
1888 490.0
1889 490.0
1890 490.0
1891 490.0
1892 490.0
1893 490.0
1894 490.0
1895 490.0
1896 490.0
1897 490.0
1898 490.0
1899 490.0
1900 490.0
1901 490.0
1902 490.0
1903 490.0
1904 490.0
1905 490.0
1906 490.0
1907 490.0
1908 490.0
1909 490.0
1910 490.0
1911 490.0
1912 490.0
1913 490.0
1914 490.0
1915 490.0
1916 490.0
1917 490.0
1918 490.0
1919 490.0
1920 490.0
1921 490.0
1922 490.0
1923 490.0
1924 490.0
1925 490.0
1926 490.0
1927 490.0
1928 490.0
1929 490.0
1930 490.0
1931 490.0
1932 490.0
1933 490.0
1934 490.0
1935 490.0
1936 490.0
1937 490.0
1938 490.0
1939 490.0
1940 490.0
1941 490.0
1942 490.0
1943 490.0
1944 490.0
1945 490.0
1946 490.0
1947 490.0
1948 490.0
1949 490.0
1950 490.0
1951 490.0
1952 490.0
1953 490.0
1954 490.0
1955 490.0
1956 490.0
1957 490.0
1958 490.0
1959 490.0
1960 490.0
1961 490.0
1962 490.0
1963 490.0
1964 490.0
1965 490.0
1966 490.0
1967 490.0
1968 490.0
1969 490.0
1970 490.0
1971 490.0
1972 490.0
1973 490.0
1974 490.0
1975 490.0
1976 490.0
1977 490.0
1978 490.0
1979 490.0
1980 490.0
1981 490.0
1982 490.0
1983 490.0
1984 490.0
1985 490.0
1986 490.0
1987 490.0
1988 490.0
1989 490.0
1990 490.0
1991 490.0
1992 490.0
1993 490.0
1994 490.0
1995 490.0
1996 490.0
1997 490.0
1998 490.0
1999 490.0
2000 490.0
2001 490.0
2002 490.0
2003 490.0
2004 490.0
2005 490.0
2006 490.0
2007 490.0
2008 490.0
2009 490.0
2010 490.0
2011 490.0
2012 490.0
2013 490.0
2014 490.0
2015 490.0
2016 490.0
2017 490.0
2018 490.0
2019 490.0
2020 490.0
2021 490.0
2022 490.0
2023 490.0
2024 490.0
2025 490.0
2026 490.0
2027 490.0
2028 490.0
2029 490.0
2030 490.0
2031 490.0
2032 490.0
2033 490.0
2034 490.0
2035 490.0
2036 490.0
2037 490.0
2038 490.0
2039 490.0
2040 490.0
2041 490.0
2042 490.0
2043 490.0
2044 490.0
2045 490.0
2046 490.0
2047 490.0
2048 490.0
2049 490.0
2050 490.0
2051 490.0
2052 490.0
2053 490.0
2054 490.0
2055 490.0
2056 490.0
2057 490.0
2058 490.0
2059 490.0
2060 490.0
2061 490.0
2062 490.0
2063 490.0
2064 490.0
2065 490.0
2066 490.0
2067 490.0
2068 490.0
2069 490.0
2070 490.0
2071 490.0
2072 490.0
2073 490.0
2074 490.0
2075 490.0
2076 490.0
2077 490.0
2078 490.0
2079 490.0
2080 490.0
2081 490.0
2082 490.0
2083 490.0
2084 490.0
2085 490.0
2086 490.0
2087 490.0
2088 490.0
2089 490.0
2090 490.0
2091 490.0
2092 490.0
2093 490.0
2094 490.0
2095 490.0
2096 490.0
2097 490.0
2098 490.0
2099 490.0
2100 490.0
2101 490.0
2102 490.0
2103 490.0
2104 490.0
2105 490.0
2106 490.0
2107 490.0
2108 490.0
2109 490.0
2110 490.0
2111 490.0
2112 490.0
2113 490.0
2114 490.0
2115 490.0
2116 490.0
2117 490.0
2118 490.0
2119 490.0
2120 490.0
2121 490.0
2122 490.0
2123 490.0
2124 490.0
2125 490.0
2126 490.0
2127 490.0
2128 490.0
2129 490.0
2130 490.0
2131 490.0
2132 490.0
2133 490.0
2134 490.0
2135 490.0
2136 490.0
2137 490.0
2138 490.0
2139 490.0
2140 490.0
2141 490.0
2142 490.0
2143 490.0
2144 490.0
2145 490.0
2146 490.0
2147 490.0
2148 490.0
2149 490.0
2150 490.0
2151 490.0
2152 490.0
2153 490.0
2154 490.0
2155 490.0
2156 490.0
2157 490.0
2158 490.0
2159 490.0
2160 490.0
2161 490.0
2162 490.0
2163 490.0
2164 490.0
2165 490.0
2166 490.0
2167 490.0
2168 490.0
2169 490.0
2170 490.0
2171 490.0
2172 490.0
2173 490.0
2174 490.0
2175 490.0
2176 490.0
2177 490.0
2178 490.0
2179 490.0
2180 490.0
2181 490.0
2182 490.0
2183 490.0
2184 490.0
2185 490.0
2186 490.0
2187 490.0
2188 490.0
2189 490.0
2190 490.0
2191 490.0
2192 490.0
2193 490.0
2194 490.0
2195 490.0
2196 490.0
2197 490.0
2198 490.0
2199 490.0
2200 490.0
2201 490.0
2202 490.0
2203 490.0
2204 490.0
2205 490.0
2206 490.0
2207 490.0
2208 490.0
2209 490.0
2210 490.0
2211 490.0
2212 490.0
2213 490.0
2214 490.0
2215 490.0
2216 490.0
2217 490.0
2218 490.0
2219 490.0
2220 490.0
2221 490.0
2222 490.0
2223 490.0
2224 490.0
2225 490.0
2226 490.0
2227 490.0
2228 490.0
2229 490.0
2230 490.0
2231 490.0
2232 490.0
2233 490.0
2234 490.0
2235 490.0
2236 490.0
2237 490.0
2238 490.0
2239 490.0
2240 490.0
2241 490.0
2242 490.0
2243 490.0
2244 490.0
2245 490.0
2246 490.0
2247 490.0
2248 490.0
2249 490.0
2250 490.0
2251 490.0
2252 490.0
2253 490.0
2254 490.0
2255 490.0
2256 490.0
2257 490.0
2258 490.0
2259 490.0
2260 490.0
2261 490.0
2262 490.0
2263 490.0
2264 490.0
2265 490.0
2266 490.0
2267 490.0
2268 490.0
2269 490.0
2270 490.0
2271 490.0
2272 490.0
2273 490.0
2274 490.0
2275 490.0
2276 490.0
2277 490.0
2278 490.0
2279 490.0
2280 490.0
2281 490.0
2282 490.0
2283 490.0
2284 490.0
2285 490.0
2286 490.0
2287 490.0
2288 490.0
2289 490.0
2290 490.0
2291 490.0
2292 490.0
2293 490.0
2294 490.0
2295 490.0
2296 490.0
2297 490.0
2298 490.0
2299 490.0
2300 490.0
2301 490.0
2302 490.0
2303 490.0
2304 490.0
2305 490.0
2306 490.0
2307 490.0
2308 490.0
2309 490.0
2310 490.0
2311 490.0
2312 490.0
2313 490.0
2314 490.0
2315 490.0
2316 490.0
2317 490.0
2318 490.0
2319 490.0
2320 490.0
2321 490.0
2322 490.0
2323 490.0
2324 490.0
2325 490.0
2326 490.0
2327 490.0
2328 490.0
2329 490.0
2330 490.0
2331 490.0
2332 490.0
2333 490.0
2334 490.0
2335 490.0
2336 490.0
2337 490.0
2338 490.0
2339 490.0
2340 490.0
2341 490.0
2342 490.0
2343 490.0
2344 490.0
2345 490.0
2346 490.0
2347 490.0
2348 490.0
2349 490.0
2350 490.0
2351 490.0
2352 490.0
2353 490.0
2354 490.0
2355 490.0
2356 490.0
2357 490.0
2358 490.0
2359 490.0
2360 490.0
2361 490.0
2362 490.0
2363 490.0
2364 490.0
2365 490.0
2366 490.0
2367 490.0
2368 490.0
2369 490.0
2370 490.0
2371 490.0
2372 490.0
2373 490.0
2374 490.0
2375 490.0
2376 490.0
2377 490.0
2378 490.0
2379 490.0
2380 490.0
2381 490.0
2382 490.0
2383 490.0
2384 490.0
2385 490.0
2386 490.0
2387 490.0
2388 490.0
2389 490.0
2390 490.0
2391 490.0
2392 490.0
2393 490.0
2394 490.0
2395 490.0
2396 490.0
2397 490.0
2398 490.0
2399 490.0
2400 490.0
2401 490.0
2402 490.0
2403 490.0
2404 490.0
2405 490.0
2406 490.0
2407 490.0
2408 490.0
2409 490.0
2410 490.0
2411 490.0
2412 490.0
2413 490.0
2414 490.0
2415 490.0
2416 490.0
2417 490.0
2418 490.0
2419 490.0
2420 490.0
2421 490.0
2422 490.0
2423 490.0
2424 490.0
2425 490.0
2426 490.0
2427 490.0
2428 490.0
2429 490.0
2430 490.0
2431 490.0
2432 490.0
2433 490.0
2434 490.0
2435 490.0
2436 490.0
2437 490.0
2438 490.0
2439 490.0
2440 490.0
2441 490.0
2442 490.0
2443 490.0
2444 490.0
2445 490.0
2446 490.0
2447 490.0
2448 490.0
2449 490.0
2450 490.0
2451 490.0
2452 490.0
2453 490.0
2454 490.0
2455 490.0
2456 490.0
2457 490.0
2458 490.0
2459 490.0
2460 490.0
2461 490.0
2462 490.0
2463 490.0
2464 490.0
2465 490.0
2466 490.0
2467 490.0
2468 490.0
2469 490.0
2470 490.0
2471 490.0
2472 490.0
2473 490.0
2474 490.0
2475 490.0
2476 490.0
2477 490.0
2478 490.0
2479 490.0
2480 490.0
2481 490.0
2482 490.0
2483 490.0
2484 490.0
2485 490.0
2486 490.0
2487 490.0
2488 490.0
2489 490.0
2490 490.0
2491 490.0
2492 490.0
2493 490.0
2494 490.0
2495 490.0
2496 490.0
2497 490.0
2498 490.0
2499 490.0
2500 490.0
