1 507.5
2 507.5
3 507.5
4 507.5
5 507.5
6 507.5
7 507.5
8 507.5
9 507.5
10 507.5
11 507.5
12 507.5
13 507.5
14 507.5
15 507.5
16 507.5
17 507.5
18 507.5
19 507.5
20 507.5
21 507.5
22 507.5
23 507.5
24 507.5
25 507.5
26 507.5
27 507.5
28 507.5
29 507.5
30 507.5
31 507.5
32 507.5
33 507.5
34 507.5
35 507.5
36 507.5
37 507.5
38 507.5
39 507.5
40 507.5
41 507.5
42 507.5
43 507.5
44 507.5
45 507.5
46 507.5
47 507.5
48 507.5
49 507.5
50 507.5
51 507.5
52 507.5
53 507.5
54 507.5
55 507.5
56 507.5
57 507.5
58 507.5
59 507.5
60 507.5
61 507.5
62 507.5
63 507.5
64 507.5
65 507.5
66 507.5
67 507.5
68 507.5
69 507.5
70 507.5
71 507.5
72 507.5
73 507.5
74 507.5
75 507.5
76 507.5
77 507.5
78 507.5
79 507.5
80 507.5
81 507.5
82 507.5
83 507.5
84 507.5
85 507.5
86 507.5
87 507.5
88 507.5
89 507.5
90 507.5
91 507.5
92 507.5
93 507.5
94 507.5
95 507.5
96 507.5
97 507.5
98 507.5
99 507.5
100 507.5
101 507.5
102 507.5
103 507.5
104 507.5
105 507.5
106 507.5
107 507.5
108 507.5
109 507.5
110 507.5
111 507.5
112 507.5
113 507.5
114 507.5
115 507.5
116 507.5
117 507.5
118 507.5
119 507.5
120 507.5
121 507.5
122 507.5
123 507.5
124 507.5
125 507.5
126 507.5
127 507.5
128 507.5
129 507.5
130 507.5
131 507.5
132 507.5
133 507.5
134 507.5
135 507.5
136 507.5
137 507.5
138 507.5
139 507.5
140 507.5
141 507.5
142 507.5
143 507.5
144 507.5
145 507.5
146 507.5
147 507.5
148 507.5
149 507.5
150 507.5
151 507.5
152 507.5
153 507.5
154 507.5
155 507.5
156 507.5
157 507.5
158 507.5
159 507.5
160 507.5
161 507.5
162 507.5
163 507.5
164 507.5
165 507.5
166 507.5
167 507.5
168 507.5
169 507.5
170 507.5
171 507.5
172 507.5
173 507.5
174 507.5
175 507.5
176 507.5
177 507.5
178 507.5
179 507.5
180 507.5
181 507.5
182 507.5
183 507.5
184 507.5
185 507.5
186 507.5
187 507.5
188 507.5
189 507.5
190 507.5
191 507.5
192 507.5
193 507.5
194 507.5
195 507.5
196 507.5
197 507.5
198 507.5
199 507.5
200 507.5
201 507.5
202 507.5
203 507.5
204 507.5
205 507.5
206 507.5
207 507.5
208 507.5
209 507.5
210 507.5
211 507.5
212 507.5
213 507.5
214 507.5
215 507.5
216 507.5
217 507.5
218 507.5
219 507.5
220 507.5
221 507.5
222 507.5
223 507.5
224 507.5
225 507.5
226 507.5
227 507.5
228 507.5
229 507.5
230 507.5
231 507.5
232 507.5
233 507.5
234 507.5
235 507.5
236 507.5
237 507.5
238 507.5
239 507.5
240 507.5
241 507.5
242 507.5
243 507.5
244 507.5
245 507.5
246 507.5
247 507.5
248 507.5
249 507.5
250 507.5
251 507.5
252 507.5
253 507.5
254 507.5
255 507.5
256 507.5
257 507.5
258 507.5
259 507.5
260 507.5
261 507.5
262 507.5
263 507.5
264 507.5
265 507.5
266 507.5
267 507.5
268 507.5
269 507.5
270 507.5
271 507.5
272 507.5
273 507.5
274 507.5
275 507.5
276 507.5
277 507.5
278 507.5
279 507.5
280 507.5
281 507.5
282 507.5
283 507.5
284 507.5
285 507.5
286 507.5
287 507.5
288 507.5
289 507.5
290 507.5
291 507.5
292 507.5
293 507.5
294 507.5
295 507.5
296 507.5
297 507.5
298 507.5
299 507.5
300 507.5
301 507.5
302 507.5
303 507.5
304 507.5
305 507.5
306 507.5
307 507.5
308 507.5
309 507.5
310 507.5
311 507.5
312 507.5
313 507.5
314 500.8333333333333
315 500.8333333333333
316 500.8333333333333
317 500.8333333333333
318 500.8333333333333
319 500.8333333333333
320 500.8333333333333
321 500.8333333333333
322 500.8333333333333
323 500.8333333333333
324 500.8333333333333
325 500.8333333333333
326 500.8333333333333
327 500.8333333333333
328 500.8333333333333
329 500.8333333333333
330 500.8333333333333
331 500.8333333333333
332 500.8333333333333
333 500.8333333333333
334 500.8333333333333
335 500.8333333333333
336 500.8333333333333
337 500.8333333333333
338 500.8333333333333
339 500.8333333333333
340 500.8333333333333
341 500.8333333333333
342 500.8333333333333
343 500.8333333333333
344 500.8333333333333
345 500.8333333333333
346 500.8333333333333
347 500.8333333333333
348 500.8333333333333
349 500.8333333333333
350 500.8333333333333
351 500.8333333333333
352 500.8333333333333
353 500.8333333333333
354 500.8333333333333
355 500.8333333333333
356 500.8333333333333
357 500.8333333333333
358 500.8333333333333
359 500.8333333333333
360 500.8333333333333
361 500.8333333333333
362 500.8333333333333
363 500.8333333333333
364 500.8333333333333
365 500.8333333333333
366 500.8333333333333
367 500.8333333333333
368 500.8333333333333
369 500.8333333333333
370 500.8333333333333
371 500.8333333333333
372 500.8333333333333
373 500.8333333333333
374 500.8333333333333
375 500.8333333333333
376 500.8333333333333
377 500.8333333333333
378 500.8333333333333
379 500.8333333333333
380 500.8333333333333
381 500.8333333333333
382 500.8333333333333
383 500.8333333333333
384 500.8333333333333
385 500.8333333333333
386 500.8333333333333
387 500.8333333333333
388 500.8333333333333
389 500.8333333333333
390 500.8333333333333
391 500.8333333333333
392 500.8333333333333
393 500.8333333333333
394 500.8333333333333
395 500.8333333333333
396 500.8333333333333
397 500.8333333333333
398 500.8333333333333
399 500.8333333333333
400 500.8333333333333
401 500.8333333333333
402 500.8333333333333
403 500.8333333333333
404 500.8333333333333
405 500.8333333333333
406 500.8333333333333
407 500.8333333333333
408 500.8333333333333
409 500.8333333333333
410 500.8333333333333
411 500.8333333333333
412 500.8333333333333
413 500.8333333333333
414 500.8333333333333
415 500.8333333333333
416 500.8333333333333
417 500.8333333333333
418 500.8333333333333
419 500.8333333333333
420 500.8333333333333
421 500.8333333333333
422 500.8333333333333
423 500.8333333333333
424 500.8333333333333
425 500.8333333333333
426 500.8333333333333
427 500.8333333333333
428 500.8333333333333
429 500.8333333333333
430 500.8333333333333
431 500.8333333333333
432 500.8333333333333
433 500.8333333333333
434 500.8333333333333
435 500.8333333333333
436 500.8333333333333
437 500.8333333333333
438 500.8333333333333
439 500.8333333333333
440 500.8333333333333
441 500.8333333333333
442 500.8333333333333
443 500.8333333333333
444 500.8333333333333
445 500.8333333333333
446 500.8333333333333
447 500.8333333333333
448 500.8333333333333
449 500.8333333333333
450 500.8333333333333
451 500.8333333333333
452 500.8333333333333
453 500.8333333333333
454 500.8333333333333
455 500.8333333333333
456 500.8333333333333
457 500.8333333333333
458 500.8333333333333
459 500.8333333333333
460 500.8333333333333
461 500.8333333333333
462 500.8333333333333
463 500.8333333333333
464 500.8333333333333
465 500.8333333333333
466 500.8333333333333
467 500.8333333333333
468 500.8333333333333
469 500.8333333333333
470 500.8333333333333
471 500.8333333333333
472 500.8333333333333
473 500.8333333333333
474 500.8333333333333
475 500.8333333333333
476 500.8333333333333
477 500.8333333333333
478 500.8333333333333
479 500.8333333333333
480 500.8333333333333
481 500.8333333333333
482 500.8333333333333
483 500.8333333333333
484 500.8333333333333
485 500.8333333333333
486 500.8333333333333
487 500.8333333333333
488 500.8333333333333
489 500.8333333333333
490 500.8333333333333
491 500.8333333333333
492 500.8333333333333
493 500.8333333333333
494 500.8333333333333
495 500.8333333333333
496 500.8333333333333
497 500.8333333333333
498 500.8333333333333
499 500.8333333333333
500 500.8333333333333
501 500.8333333333333
502 500.8333333333333
503 500.8333333333333
504 500.8333333333333
505 500.8333333333333
506 500.8333333333333
507 500.8333333333333
508 500.8333333333333
509 500.8333333333333
510 500.8333333333333
511 500.8333333333333
512 500.8333333333333
513 500.8333333333333
514 500.8333333333333
515 500.8333333333333
516 500.8333333333333
517 500.8333333333333
518 500.8333333333333
519 500.8333333333333
520 500.8333333333333
521 500.8333333333333
522 500.8333333333333
523 500.8333333333333
524 500.8333333333333
525 500.8333333333333
526 500.8333333333333
527 500.8333333333333
528 500.8333333333333
529 500.8333333333333
530 500.8333333333333
531 500.8333333333333
532 500.8333333333333
533 500.8333333333333
534 500.8333333333333
535 500.8333333333333
536 500.8333333333333
537 500.8333333333333
538 500.8333333333333
539 500.8333333333333
540 500.8333333333333
541 500.8333333333333
542 500.8333333333333
543 500.8333333333333
544 500.8333333333333
545 500.8333333333333
546 500.8333333333333
547 500.8333333333333
548 500.8333333333333
549 500.8333333333333
550 500.8333333333333
551 500.8333333333333
552 500.8333333333333
553 500.8333333333333
554 500.8333333333333
555 500.8333333333333
556 500.8333333333333
557 500.8333333333333
558 500.8333333333333
559 500.8333333333333
560 500.8333333333333
561 500.8333333333333
562 500.8333333333333
563 500.8333333333333
564 500.8333333333333
565 500.8333333333333
566 500.8333333333333
567 500.8333333333333
568 500.8333333333333
569 500.8333333333333
570 500.8333333333333
571 500.8333333333333
572 500.8333333333333
573 500.8333333333333
574 500.8333333333333
575 500.8333333333333
576 500.8333333333333
577 500.8333333333333
578 500.8333333333333
579 500.8333333333333
580 500.8333333333333
581 500.8333333333333
582 500.8333333333333
583 500.8333333333333
584 500.8333333333333
585 500.8333333333333
586 500.8333333333333
587 500.8333333333333
588 500.8333333333333
589 500.8333333333333
590 500.8333333333333
591 500.8333333333333
592 500.8333333333333
593 500.8333333333333
594 500.8333333333333
595 500.8333333333333
596 500.8333333333333
597 500.8333333333333
598 500.8333333333333
599 500.8333333333333
600 500.8333333333333
601 500.8333333333333
602 500.8333333333333
603 500.8333333333333
604 500.8333333333333
605 500.8333333333333
606 500.8333333333333
607 500.8333333333333
608 500.8333333333333
609 500.8333333333333
610 500.8333333333333
611 500.8333333333333
612 500.8333333333333
613 500.8333333333333
614 500.8333333333333
615 500.8333333333333
616 500.8333333333333
617 500.8333333333333
618 500.8333333333333
619 500.8333333333333
620 500.8333333333333
621 500.8333333333333
622 500.8333333333333
623 500.8333333333333
624 500.8333333333333
625 500.8333333333333
626 500.8333333333333
627 500.8333333333333
628 500.8333333333333
629 500.8333333333333
630 500.8333333333333
631 500.8333333333333
632 500.8333333333333
633 500.8333333333333
634 500.8333333333333
635 500.8333333333333
636 500.8333333333333
637 500.8333333333333
638 500.8333333333333
639 500.8333333333333
640 500.8333333333333
641 500.8333333333333
642 500.8333333333333
643 500.8333333333333
644 500.8333333333333
645 500.8333333333333
646 500.8333333333333
647 500.8333333333333
648 500.8333333333333
649 500.8333333333333
650 500.8333333333333
651 500.8333333333333
652 500.8333333333333
653 500.8333333333333
654 500.8333333333333
655 500.8333333333333
656 500.8333333333333
657 500.8333333333333
658 500.8333333333333
659 500.8333333333333
660 500.8333333333333
661 500.8333333333333
662 500.8333333333333
663 500.8333333333333
664 500.8333333333333
665 500.8333333333333
666 500.8333333333333
667 500.8333333333333
668 500.8333333333333
669 500.8333333333333
670 500.8333333333333
671 500.8333333333333
672 500.8333333333333
673 500.8333333333333
674 500.8333333333333
675 500.8333333333333
676 500.8333333333333
677 500.8333333333333
678 500.8333333333333
679 500.8333333333333
680 500.8333333333333
681 500.8333333333333
682 500.8333333333333
683 500.8333333333333
684 500.8333333333333
685 500.8333333333333
686 500.8333333333333
687 500.8333333333333
688 500.8333333333333
689 500.8333333333333
690 500.8333333333333
691 500.8333333333333
692 500.8333333333333
693 500.8333333333333
694 500.8333333333333
695 500.8333333333333
696 500.8333333333333
697 500.8333333333333
698 500.8333333333333
699 500.8333333333333
700 500.8333333333333
701 500.8333333333333
702 500.8333333333333
703 500.8333333333333
704 500.8333333333333
705 500.8333333333333
706 500.8333333333333
707 500.8333333333333
708 500.8333333333333
709 500.8333333333333
710 500.8333333333333
711 500.8333333333333
712 500.8333333333333
713 500.8333333333333
714 500.8333333333333
715 500.8333333333333
716 500.8333333333333
717 500.8333333333333
718 500.8333333333333
719 500.8333333333333
720 500.8333333333333
721 500.8333333333333
722 500.8333333333333
723 500.8333333333333
724 500.8333333333333
725 500.8333333333333
726 500.8333333333333
727 500.8333333333333
728 500.8333333333333
729 500.8333333333333
730 500.8333333333333
731 500.8333333333333
732 500.8333333333333
733 500.8333333333333
734 500.8333333333333
735 500.8333333333333
736 500.8333333333333
737 500.8333333333333
738 500.8333333333333
739 500.8333333333333
740 500.8333333333333
741 500.8333333333333
742 500.8333333333333
743 500.8333333333333
744 500.8333333333333
745 500.8333333333333
746 500.8333333333333
747 500.8333333333333
748 500.8333333333333
749 500.8333333333333
750 500.8333333333333
751 500.8333333333333
752 500.8333333333333
753 500.8333333333333
754 500.8333333333333
755 500.8333333333333
756 500.8333333333333
757 500.8333333333333
758 500.8333333333333
759 500.8333333333333
760 500.8333333333333
761 500.8333333333333
762 500.8333333333333
763 500.8333333333333
764 500.8333333333333
765 500.8333333333333
766 500.8333333333333
767 500.8333333333333
768 500.8333333333333
769 500.8333333333333
770 500.8333333333333
771 500.8333333333333
772 500.8333333333333
773 500.8333333333333
774 500.8333333333333
775 500.8333333333333
776 500.8333333333333
777 500.8333333333333
778 500.8333333333333
779 500.8333333333333
780 500.8333333333333
781 500.8333333333333
782 500.8333333333333
783 500.8333333333333
784 500.8333333333333
785 500.8333333333333
786 500.8333333333333
787 500.8333333333333
788 500.8333333333333
789 500.8333333333333
790 500.8333333333333
791 500.8333333333333
792 500.8333333333333
793 500.8333333333333
794 500.8333333333333
795 500.8333333333333
796 500.8333333333333
797 500.8333333333333
798 500.8333333333333
799 500.8333333333333
800 500.8333333333333
801 500.8333333333333
802 500.8333333333333
803 500.8333333333333
804 500.8333333333333
805 500.8333333333333
806 500.8333333333333
807 500.8333333333333
808 500.8333333333333
809 500.8333333333333
810 500.8333333333333
811 500.8333333333333
812 500.8333333333333
813 500.8333333333333
814 500.8333333333333
815 500.8333333333333
816 500.8333333333333
817 500.8333333333333
818 500.8333333333333
819 500.8333333333333
820 500.8333333333333
821 500.8333333333333
822 500.8333333333333
823 500.8333333333333
824 500.8333333333333
825 500.8333333333333
826 500.8333333333333
827 500.8333333333333
828 500.8333333333333
829 500.8333333333333
830 500.8333333333333
831 500.8333333333333
832 500.8333333333333
833 499.1666666666667
834 499.1666666666667
835 499.1666666666667
836 499.1666666666667
837 499.1666666666667
838 499.1666666666667
839 499.1666666666667
840 499.1666666666667
841 499.1666666666667
842 499.1666666666667
843 499.1666666666667
844 499.1666666666667
845 499.1666666666667
846 499.1666666666667
847 498.3333333333333
848 498.3333333333333
849 498.3333333333333
850 498.3333333333333
851 498.3333333333333
852 498.3333333333333
853 498.3333333333333
854 498.3333333333333
855 498.3333333333333
856 498.3333333333333
857 498.3333333333333
858 498.3333333333333
859 498.3333333333333
860 498.3333333333333
861 498.3333333333333
862 498.3333333333333
863 497.5
864 497.5
865 497.5
866 497.5
867 497.5
868 497.5
869 497.5
870 497.5
871 497.5
872 497.5
873 497.5
874 497.5
875 497.5
876 497.5
877 497.5
878 497.5
879 497.5
880 497.5
881 497.5
882 497.5
883 497.5
884 497.5
885 497.5
886 497.5
887 497.5
888 497.5
889 497.5
890 497.5
891 497.5
892 497.5
893 497.5
894 497.5
895 497.5
896 497.5
897 497.5
898 497.5
899 497.5
900 497.5
901 497.5
902 497.5
903 497.5
904 497.5
905 497.5
906 497.5
907 497.5
908 497.5
909 497.5
910 497.5
911 497.5
912 497.5
913 497.5
914 497.5
915 497.5
916 497.5
917 497.5
918 497.5
919 497.5
920 497.5
921 497.5
922 497.5
923 497.5
924 497.5
925 497.5
926 497.5
927 497.5
928 497.5
929 497.5
930 497.5
931 493.3333333333333
932 493.3333333333333
933 493.3333333333333
934 493.3333333333333
935 493.3333333333333
936 493.3333333333333
937 493.3333333333333
938 493.3333333333333
939 493.3333333333333
940 493.3333333333333
941 493.3333333333333
942 493.3333333333333
943 493.3333333333333
944 493.3333333333333
945 493.3333333333333
946 493.3333333333333
947 493.3333333333333
948 493.3333333333333
949 493.3333333333333
950 493.3333333333333
951 493.3333333333333
952 493.3333333333333
953 493.3333333333333
954 493.3333333333333
955 493.3333333333333
956 493.3333333333333
957 493.3333333333333
958 493.3333333333333
959 493.3333333333333
960 493.3333333333333
961 493.3333333333333
962 493.3333333333333
963 493.3333333333333
964 493.3333333333333
965 493.3333333333333
966 493.3333333333333
967 493.3333333333333
968 493.3333333333333
969 493.3333333333333
970 493.3333333333333
971 493.3333333333333
972 493.3333333333333
973 493.3333333333333
974 493.3333333333333
975 493.3333333333333
976 493.3333333333333
977 493.3333333333333
978 493.3333333333333
979 493.3333333333333
980 493.3333333333333
981 493.3333333333333
982 493.3333333333333
983 493.3333333333333
984 493.3333333333333
985 493.3333333333333
986 493.3333333333333
987 493.3333333333333
988 493.3333333333333
989 493.3333333333333
990 493.3333333333333
991 493.3333333333333
992 493.3333333333333
993 493.3333333333333
994 493.3333333333333
995 493.3333333333333
996 493.3333333333333
997 493.3333333333333
998 493.3333333333333
999 493.3333333333333
1000 493.3333333333333
1001 493.3333333333333
1002 493.3333333333333
1003 493.3333333333333
1004 493.3333333333333
1005 493.3333333333333
1006 493.3333333333333
1007 493.3333333333333
1008 493.3333333333333
1009 493.3333333333333
1010 493.3333333333333
1011 493.3333333333333
1012 493.3333333333333
1013 493.3333333333333
1014 493.3333333333333
1015 493.3333333333333
1016 493.3333333333333
1017 493.3333333333333
1018 493.3333333333333
1019 493.3333333333333
1020 493.3333333333333
1021 493.3333333333333
1022 493.3333333333333
1023 493.3333333333333
1024 493.3333333333333
1025 493.3333333333333
1026 493.3333333333333
1027 493.3333333333333
1028 493.3333333333333
1029 493.3333333333333
1030 493.3333333333333
1031 493.3333333333333
1032 493.3333333333333
1033 493.3333333333333
1034 493.3333333333333
1035 493.3333333333333
1036 493.3333333333333
1037 493.3333333333333
1038 493.3333333333333
1039 493.3333333333333
1040 493.3333333333333
1041 493.3333333333333
1042 493.3333333333333
1043 493.3333333333333
1044 493.3333333333333
1045 493.3333333333333
1046 493.3333333333333
1047 493.3333333333333
1048 493.3333333333333
1049 493.3333333333333
1050 493.3333333333333
1051 493.3333333333333
1052 493.3333333333333
1053 493.3333333333333
1054 493.3333333333333
1055 493.3333333333333
1056 493.3333333333333
1057 493.3333333333333
1058 493.3333333333333
1059 493.3333333333333
1060 493.3333333333333
1061 493.3333333333333
1062 493.3333333333333
1063 493.3333333333333
1064 493.3333333333333
1065 493.3333333333333
1066 493.3333333333333
1067 493.3333333333333
1068 493.3333333333333
1069 493.3333333333333
1070 493.3333333333333
1071 493.3333333333333
1072 493.3333333333333
1073 493.3333333333333
1074 493.3333333333333
1075 493.3333333333333
1076 493.3333333333333
1077 493.3333333333333
1078 493.3333333333333
1079 493.3333333333333
1080 493.3333333333333
1081 493.3333333333333
1082 493.3333333333333
1083 493.3333333333333
1084 493.3333333333333
1085 493.3333333333333
1086 493.3333333333333
1087 493.3333333333333
1088 493.3333333333333
1089 493.3333333333333
1090 493.3333333333333
1091 493.3333333333333
1092 493.3333333333333
1093 493.3333333333333
1094 493.3333333333333
1095 493.3333333333333
1096 493.3333333333333
1097 493.3333333333333
1098 493.3333333333333
1099 493.3333333333333
1100 493.3333333333333
1101 493.3333333333333
1102 493.3333333333333
1103 493.3333333333333
1104 493.3333333333333
1105 493.3333333333333
1106 493.3333333333333
1107 493.3333333333333
1108 492.5
1109 492.5
1110 492.5
1111 492.5
1112 492.5
1113 492.5
1114 492.5
1115 492.5
1116 492.5
1117 492.5
1118 492.5
1119 492.5
1120 492.5
1121 492.5
1122 492.5
1123 492.5
1124 492.5
1125 492.5
1126 492.5
1127 492.5
1128 492.5
1129 492.5
1130 492.5
1131 492.5
1132 492.5
1133 492.5
1134 492.5
1135 492.5
1136 492.5
1137 492.5
1138 492.5
1139 492.5
1140 492.5
1141 492.5
1142 492.5
1143 492.5
1144 492.5
1145 492.5
1146 492.5
1147 492.5
1148 492.5
1149 492.5
1150 492.5
1151 492.5
1152 492.5
1153 492.5
1154 492.5
1155 492.5
1156 492.5
1157 492.5
1158 492.5
1159 492.5
1160 492.5
1161 492.5
1162 492.5
1163 492.5
1164 492.5
1165 492.5
1166 492.5
1167 492.5
1168 492.5
1169 492.5
1170 492.5
1171 492.5
1172 492.5
1173 492.5
1174 492.5
1175 492.5
1176 492.5
1177 492.5
1178 492.5
1179 492.5
1180 492.5
1181 492.5
1182 492.5
1183 492.5
1184 492.5
1185 492.5
1186 492.5
1187 492.5
1188 492.5
1189 492.5
1190 492.5
1191 492.5
1192 492.5
1193 492.5
1194 492.5
1195 492.5
1196 492.5
1197 492.5
1198 492.5
1199 492.5
1200 492.5
1201 492.5
1202 492.5
1203 492.5
1204 492.5
1205 492.5
1206 492.5
1207 492.5
1208 492.5
1209 492.5
1210 492.5
1211 492.5
1212 492.5
1213 492.5
1214 492.5
1215 492.5
1216 492.5
1217 492.5
1218 492.5
1219 492.5
1220 492.5
1221 492.5
1222 492.5
1223 492.5
1224 492.5
1225 492.5
1226 492.5
1227 492.5
1228 492.5
1229 492.5
1230 492.5
1231 492.5
1232 492.5
1233 492.5
1234 492.5
1235 492.5
1236 492.5
1237 492.5
1238 492.5
1239 492.5
1240 492.5
1241 492.5
1242 492.5
1243 492.5
1244 492.5
1245 492.5
1246 492.5
1247 492.5
1248 492.5
1249 492.5
1250 492.5
1251 492.5
1252 492.5
1253 492.5
1254 492.5
1255 492.5
1256 492.5
1257 492.5
1258 492.5
1259 492.5
1260 492.5
1261 492.5
1262 492.5
1263 492.5
1264 492.5
1265 492.5
1266 492.5
1267 492.5
1268 492.5
1269 492.5
1270 492.5
1271 492.5
1272 492.5
1273 492.5
1274 492.5
1275 492.5
1276 492.5
1277 492.5
1278 492.5
1279 492.5
1280 492.5
1281 492.5
1282 492.5
1283 492.5
1284 492.5
1285 492.5
1286 492.5
1287 492.5
1288 492.5
1289 492.5
1290 492.5
1291 492.5
1292 492.5
1293 492.5
1294 492.5
1295 492.5
1296 492.5
1297 492.5
1298 492.5
1299 492.5
1300 492.5
1301 492.5
1302 492.5
1303 492.5
1304 492.5
1305 492.5
1306 492.5
1307 492.5
1308 492.5
1309 492.5
1310 492.5
1311 492.5
1312 492.5
1313 492.5
1314 492.5
1315 492.5
1316 492.5
1317 492.5
1318 492.5
1319 492.5
1320 492.5
1321 492.5
1322 492.5
1323 492.5
1324 492.5
1325 492.5
1326 492.5
1327 492.5
1328 492.5
1329 492.5
1330 492.5
1331 492.5
1332 492.5
1333 492.5
1334 492.5
1335 492.5
1336 492.5
1337 492.5
1338 492.5
1339 492.5
1340 492.5
1341 492.5
1342 492.5
1343 492.5
1344 492.5
1345 492.5
1346 492.5
1347 492.5
1348 492.5
1349 492.5
1350 492.5
1351 492.5
1352 492.5
1353 492.5
1354 492.5
1355 492.5
1356 492.5
1357 492.5
1358 492.5
1359 492.5
1360 492.5
1361 492.5
1362 492.5
1363 492.5
1364 492.5
1365 492.5
1366 492.5
1367 492.5
1368 492.5
1369 492.5
1370 492.5
1371 492.5
1372 492.5
1373 492.5
1374 492.5
1375 492.5
1376 492.5
1377 492.5
1378 492.5
1379 492.5
1380 492.5
1381 492.5
1382 492.5
1383 492.5
1384 492.5
1385 492.5
1386 492.5
1387 492.5
1388 492.5
1389 492.5
1390 492.5
1391 492.5
1392 492.5
1393 492.5
1394 492.5
1395 492.5
1396 492.5
1397 492.5
1398 492.5
1399 492.5
1400 492.5
1401 492.5
1402 492.5
1403 492.5
1404 492.5
1405 492.5
1406 492.5
1407 492.5
1408 492.5
1409 492.5
1410 492.5
1411 492.5
1412 492.5
1413 492.5
1414 492.5
1415 492.5
1416 492.5
1417 492.5
1418 492.5
1419 492.5
1420 492.5
1421 492.5
1422 492.5
1423 492.5
1424 492.5
1425 492.5
1426 492.5
1427 492.5
1428 492.5
1429 492.5
1430 492.5
1431 492.5
1432 492.5
1433 492.5
1434 492.5
1435 492.5
1436 492.5
1437 492.5
1438 492.5
1439 492.5
1440 492.5
1441 492.5
1442 492.5
1443 492.5
1444 492.5
1445 492.5
1446 492.5
1447 492.5
1448 492.5
1449 492.5
1450 492.5
1451 492.5
1452 492.5
1453 492.5
1454 492.5
1455 492.5
1456 492.5
1457 492.5
1458 492.5
1459 492.5
1460 492.5
1461 492.5
1462 492.5
1463 492.5
1464 492.5
1465 492.5
1466 492.5
1467 492.5
1468 492.5
1469 492.5
1470 492.5
1471 492.5
1472 492.5
1473 492.5
1474 492.5
1475 492.5
1476 492.5
1477 492.5
1478 492.5
1479 492.5
1480 492.5
1481 492.5
1482 492.5
1483 492.5
1484 492.5
1485 492.5
1486 492.5
1487 492.5
1488 492.5
1489 492.5
1490 492.5
1491 492.5
1492 492.5
1493 492.5
1494 492.5
1495 492.5
1496 492.5
1497 492.5
1498 492.5
1499 492.5
1500 492.5
1501 492.5
1502 492.5
1503 492.5
1504 492.5
1505 492.5
1506 492.5
1507 492.5
1508 492.5
1509 492.5
1510 492.5
1511 492.5
1512 492.5
1513 492.5
1514 492.5
1515 492.5
1516 492.5
1517 492.5
1518 492.5
1519 492.5
1520 492.5
1521 492.5
1522 492.5
1523 492.5
1524 492.5
1525 492.5
1526 492.5
1527 492.5
1528 492.5
1529 492.5
1530 492.5
1531 492.5
1532 492.5
1533 492.5
1534 492.5
1535 492.5
1536 492.5
1537 492.5
1538 492.5
1539 492.5
1540 492.5
1541 492.5
1542 492.5
1543 492.5
1544 492.5
1545 492.5
1546 492.5
1547 492.5
1548 492.5
1549 492.5
1550 492.5
1551 492.5
1552 492.5
1553 492.5
1554 492.5
1555 492.5
1556 492.5
1557 492.5
1558 492.5
1559 492.5
1560 492.5
1561 492.5
1562 492.5
1563 492.5
1564 492.5
1565 492.5
1566 492.5
1567 492.5
1568 492.5
1569 492.5
1570 492.5
1571 492.5
1572 492.5
1573 492.5
1574 492.5
1575 492.5
1576 492.5
1577 492.5
1578 492.5
1579 492.5
1580 492.5
1581 492.5
1582 492.5
1583 492.5
1584 492.5
1585 492.5
1586 492.5
1587 492.5
1588 492.5
1589 492.5
1590 492.5
1591 492.5
1592 492.5
1593 492.5
1594 492.5
1595 492.5
1596 492.5
1597 492.5
1598 492.5
1599 492.5
1600 492.5
1601 492.5
1602 492.5
1603 492.5
1604 492.5
1605 492.5
1606 492.5
1607 492.5
1608 492.5
1609 492.5
1610 492.5
1611 492.5
1612 492.5
1613 492.5
1614 492.5
1615 492.5
1616 492.5
1617 492.5
1618 492.5
1619 492.5
1620 492.5
1621 492.5
1622 492.5
1623 492.5
1624 492.5
1625 492.5
1626 492.5
1627 492.5
1628 492.5
1629 492.5
1630 492.5
1631 492.5
1632 492.5
1633 492.5
1634 492.5
1635 492.5
1636 492.5
1637 492.5
1638 492.5
1639 492.5
1640 492.5
1641 492.5
1642 492.5
1643 492.5
1644 492.5
1645 492.5
1646 492.5
1647 492.5
1648 492.5
1649 492.5
1650 492.5
1651 492.5
1652 492.5
1653 492.5
1654 492.5
1655 492.5
1656 492.5
1657 492.5
1658 492.5
1659 492.5
1660 492.5
1661 492.5
1662 492.5
1663 492.5
1664 492.5
1665 492.5
1666 492.5
1667 492.5
1668 492.5
1669 492.5
1670 492.5
1671 492.5
1672 492.5
1673 492.5
1674 492.5
1675 492.5
1676 492.5
1677 492.5
1678 492.5
1679 492.5
1680 492.5
1681 492.5
1682 492.5
1683 492.5
1684 492.5
1685 492.5
1686 492.5
1687 492.5
1688 492.5
1689 492.5
1690 492.5
1691 492.5
1692 492.5
1693 492.5
1694 492.5
1695 492.5
1696 492.5
1697 492.5
1698 492.5
1699 492.5
1700 492.5
1701 492.5
1702 492.5
1703 492.5
1704 492.5
1705 492.5
1706 492.5
1707 492.5
1708 492.5
1709 492.5
1710 492.5
1711 492.5
1712 492.5
1713 492.5
1714 492.5
1715 492.5
1716 492.5
1717 492.5
1718 492.5
1719 492.5
1720 492.5
1721 492.5
1722 492.5
1723 492.5
1724 492.5
1725 492.5
1726 492.5
1727 492.5
1728 492.5
1729 492.5
1730 492.5
1731 492.5
1732 492.5
1733 492.5
1734 492.5
1735 492.5
1736 492.5
1737 492.5
1738 492.5
1739 492.5
1740 492.5
1741 492.5
1742 492.5
1743 492.5
1744 492.5
1745 492.5
1746 492.5
1747 492.5
1748 492.5
1749 492.5
1750 492.5
1751 492.5
1752 492.5
1753 492.5
1754 492.5
1755 492.5
1756 492.5
1757 492.5
1758 492.5
1759 492.5
1760 492.5
1761 492.5
1762 492.5
1763 492.5
1764 492.5
1765 492.5
1766 492.5
1767 492.5
1768 492.5
1769 492.5
1770 492.5
1771 492.5
1772 492.5
1773 492.5
1774 492.5
1775 492.5
1776 492.5
1777 492.5
1778 492.5
1779 492.5
1780 492.5
1781 492.5
1782 492.5
1783 492.5
1784 492.5
1785 492.5
1786 492.5
1787 492.5
1788 492.5
1789 492.5
1790 492.5
1791 492.5
1792 492.5
1793 492.5
1794 492.5
1795 492.5
1796 492.5
1797 492.5
1798 492.5
1799 492.5
1800 492.5
1801 492.5
1802 492.5
1803 492.5
1804 492.5
1805 492.5
1806 492.5
1807 492.5
1808 492.5
1809 492.5
1810 492.5
1811 492.5
1812 492.5
1813 492.5
1814 492.5
1815 492.5
1816 492.5
1817 492.5
1818 492.5
1819 492.5
1820 492.5
1821 492.5
1822 492.5
1823 492.5
1824 492.5
1825 492.5
1826 492.5
1827 492.5
1828 492.5
1829 492.5
1830 492.5
1831 492.5
1832 492.5
1833 492.5
1834 492.5
1835 492.5
1836 492.5
1837 492.5
1838 492.5
1839 492.5
1840 492.5
1841 492.5
1842 492.5
1843 492.5
1844 492.5
1845 492.5
1846 492.5
1847 492.5
1848 492.5
1849 492.5
1850 492.5
1851 492.5
1852 492.5
1853 492.5
1854 492.5
1855 492.5
1856 492.5
1857 492.5
1858 492.5
1859 492.5
1860 492.5
1861 492.5
1862 492.5
1863 492.5
1864 492.5
1865 492.5
1866 492.5
1867 492.5
1868 492.5
1869 492.5
1870 492.5
1871 492.5
1872 492.5
1873 492.5
1874 492.5
1875 492.5
1876 492.5
1877 492.5
1878 492.5
1879 492.5
1880 492.5
1881 492.5
1882 492.5
1883 492.5
1884 492.5
1885 492.5
1886 492.5
1887 492.5
1888 492.5
1889 492.5
1890 492.5
1891 492.5
1892 492.5
1893 492.5
1894 492.5
1895 492.5
1896 492.5
1897 492.5
1898 492.5
1899 492.5
1900 492.5
1901 492.5
1902 492.5
1903 492.5
1904 492.5
1905 492.5
1906 492.5
1907 492.5
1908 492.5
1909 492.5
1910 492.5
1911 492.5
1912 492.5
1913 492.5
1914 492.5
1915 492.5
1916 492.5
1917 492.5
1918 492.5
1919 492.5
1920 492.5
1921 492.5
1922 492.5
1923 492.5
1924 492.5
1925 492.5
1926 492.5
1927 492.5
1928 492.5
1929 492.5
1930 492.5
1931 492.5
1932 492.5
1933 492.5
1934 492.5
1935 492.5
1936 492.5
1937 492.5
1938 492.5
1939 492.5
1940 492.5
1941 492.5
1942 492.5
1943 492.5
1944 492.5
1945 492.5
1946 492.5
1947 492.5
1948 492.5
1949 492.5
1950 492.5
1951 492.5
1952 492.5
1953 492.5
1954 492.5
1955 492.5
1956 492.5
1957 492.5
1958 492.5
1959 492.5
1960 492.5
1961 492.5
1962 492.5
1963 492.5
1964 492.5
1965 492.5
1966 492.5
1967 492.5
1968 492.5
1969 492.5
1970 492.5
1971 492.5
1972 492.5
1973 492.5
1974 492.5
1975 492.5
1976 492.5
1977 492.5
1978 492.5
1979 492.5
1980 492.5
1981 492.5
1982 492.5
1983 492.5
1984 492.5
1985 492.5
1986 492.5
1987 492.5
1988 492.5
1989 492.5
1990 492.5
1991 492.5
1992 492.5
1993 492.5
1994 492.5
1995 492.5
1996 492.5
1997 492.5
1998 492.5
1999 492.5
2000 492.5
2001 492.5
2002 492.5
2003 492.5
2004 492.5
2005 492.5
2006 492.5
2007 492.5
2008 492.5
2009 492.5
2010 492.5
2011 492.5
2012 492.5
2013 492.5
2014 492.5
2015 492.5
2016 492.5
2017 492.5
2018 492.5
2019 492.5
2020 492.5
2021 492.5
2022 492.5
2023 492.5
2024 492.5
2025 492.5
2026 492.5
2027 492.5
2028 492.5
2029 492.5
2030 492.5
2031 492.5
2032 492.5
2033 492.5
2034 492.5
2035 492.5
2036 492.5
2037 492.5
2038 492.5
2039 492.5
2040 492.5
2041 492.5
2042 492.5
2043 492.5
2044 492.5
2045 492.5
2046 492.5
2047 492.5
2048 492.5
2049 492.5
2050 492.5
2051 492.5
2052 492.5
2053 492.5
2054 492.5
2055 492.5
2056 492.5
2057 492.5
2058 492.5
2059 492.5
2060 492.5
2061 492.5
2062 492.5
2063 492.5
2064 492.5
2065 492.5
2066 492.5
2067 492.5
2068 492.5
2069 492.5
2070 492.5
2071 492.5
2072 492.5
2073 492.5
2074 492.5
2075 492.5
2076 492.5
2077 492.5
2078 492.5
2079 492.5
2080 492.5
2081 492.5
2082 492.5
2083 492.5
2084 492.5
2085 492.5
2086 492.5
2087 492.5
2088 492.5
2089 492.5
2090 492.5
2091 492.5
2092 492.5
2093 492.5
2094 492.5
2095 492.5
2096 492.5
2097 492.5
2098 492.5
2099 492.5
2100 492.5
2101 492.5
2102 492.5
2103 492.5
2104 492.5
2105 492.5
2106 492.5
2107 492.5
2108 492.5
2109 492.5
2110 492.5
2111 492.5
2112 492.5
2113 492.5
2114 492.5
2115 492.5
2116 492.5
2117 492.5
2118 492.5
2119 492.5
2120 492.5
2121 492.5
2122 492.5
2123 492.5
2124 492.5
2125 492.5
2126 492.5
2127 492.5
2128 492.5
2129 492.5
2130 492.5
2131 492.5
2132 492.5
2133 492.5
2134 492.5
2135 492.5
2136 492.5
2137 492.5
2138 492.5
2139 492.5
2140 492.5
2141 492.5
2142 492.5
2143 492.5
2144 492.5
2145 492.5
2146 492.5
2147 492.5
2148 492.5
2149 492.5
2150 492.5
2151 492.5
2152 492.5
2153 492.5
2154 492.5
2155 492.5
2156 492.5
2157 492.5
2158 492.5
2159 492.5
2160 492.5
2161 492.5
2162 492.5
2163 492.5
2164 492.5
2165 492.5
2166 492.5
2167 492.5
2168 492.5
2169 492.5
2170 492.5
2171 492.5
2172 492.5
2173 492.5
2174 492.5
2175 492.5
2176 492.5
2177 492.5
2178 492.5
2179 492.5
2180 492.5
2181 492.5
2182 492.5
2183 492.5
2184 492.5
2185 492.5
2186 492.5
2187 492.5
2188 492.5
2189 492.5
2190 492.5
2191 492.5
2192 492.5
2193 492.5
2194 492.5
2195 492.5
2196 492.5
2197 492.5
2198 492.5
2199 492.5
2200 492.5
2201 492.5
2202 492.5
2203 492.5
2204 492.5
2205 492.5
2206 492.5
2207 492.5
2208 492.5
2209 492.5
2210 492.5
2211 492.5
2212 492.5
2213 492.5
2214 492.5
2215 492.5
2216 492.5
2217 492.5
2218 492.5
2219 492.5
2220 492.5
2221 492.5
2222 492.5
2223 492.5
2224 492.5
2225 492.5
2226 492.5
2227 492.5
2228 492.5
2229 492.5
2230 492.5
2231 492.5
2232 492.5
2233 491.6666666666667
2234 491.6666666666667
2235 491.6666666666667
2236 491.6666666666667
2237 491.6666666666667
2238 491.6666666666667
2239 491.6666666666667
2240 491.6666666666667
2241 491.6666666666667
2242 491.6666666666667
2243 491.6666666666667
2244 491.6666666666667
2245 491.6666666666667
2246 491.6666666666667
2247 491.6666666666667
2248 491.6666666666667
2249 491.6666666666667
2250 491.6666666666667
2251 491.6666666666667
2252 491.6666666666667
2253 491.6666666666667
2254 491.6666666666667
2255 491.6666666666667
2256 491.6666666666667
2257 491.6666666666667
2258 491.6666666666667
2259 491.6666666666667
2260 491.6666666666667
2261 491.6666666666667
2262 491.6666666666667
2263 491.6666666666667
2264 491.6666666666667
2265 491.6666666666667
2266 491.6666666666667
2267 491.6666666666667
2268 491.6666666666667
2269 491.6666666666667
2270 491.6666666666667
2271 491.6666666666667
2272 491.6666666666667
2273 491.6666666666667
2274 491.6666666666667
2275 491.6666666666667
2276 491.6666666666667
2277 491.6666666666667
2278 491.6666666666667
2279 491.6666666666667
2280 491.6666666666667
2281 491.6666666666667
2282 491.6666666666667
2283 491.6666666666667
2284 491.6666666666667
2285 491.6666666666667
2286 491.6666666666667
2287 491.6666666666667
2288 491.6666666666667
2289 491.6666666666667
2290 491.6666666666667
2291 491.6666666666667
2292 491.6666666666667
2293 491.6666666666667
2294 491.6666666666667
2295 491.6666666666667
2296 491.6666666666667
2297 491.6666666666667
2298 491.6666666666667
2299 491.6666666666667
2300 491.6666666666667
2301 491.6666666666667
2302 491.6666666666667
2303 491.6666666666667
2304 491.6666666666667
2305 491.6666666666667
2306 491.6666666666667
2307 491.6666666666667
2308 491.6666666666667
2309 491.6666666666667
2310 491.6666666666667
2311 491.6666666666667
2312 491.6666666666667
2313 491.6666666666667
2314 491.6666666666667
2315 491.6666666666667
2316 491.6666666666667
2317 491.6666666666667
2318 491.6666666666667
2319 491.6666666666667
2320 491.6666666666667
2321 491.6666666666667
2322 491.6666666666667
2323 491.6666666666667
2324 491.6666666666667
2325 491.6666666666667
2326 491.6666666666667
2327 491.6666666666667
2328 491.6666666666667
2329 491.6666666666667
2330 491.6666666666667
2331 491.6666666666667
2332 491.6666666666667
2333 491.6666666666667
2334 491.6666666666667
2335 491.6666666666667
2336 491.6666666666667
2337 491.6666666666667
2338 491.6666666666667
2339 491.6666666666667
2340 491.6666666666667
2341 491.6666666666667
2342 491.6666666666667
2343 491.6666666666667
2344 491.6666666666667
2345 491.6666666666667
2346 491.6666666666667
2347 491.6666666666667
2348 491.6666666666667
2349 491.6666666666667
2350 491.6666666666667
2351 491.6666666666667
2352 491.6666666666667
2353 491.6666666666667
2354 491.6666666666667
2355 491.6666666666667
2356 491.6666666666667
2357 491.6666666666667
2358 491.6666666666667
2359 491.6666666666667
2360 491.6666666666667
2361 491.6666666666667
2362 491.6666666666667
2363 491.6666666666667
2364 491.6666666666667
2365 491.6666666666667
2366 491.6666666666667
2367 491.6666666666667
2368 491.6666666666667
2369 491.6666666666667
2370 491.6666666666667
2371 491.6666666666667
2372 491.6666666666667
2373 491.6666666666667
2374 491.6666666666667
2375 491.6666666666667
2376 491.6666666666667
2377 491.6666666666667
2378 491.6666666666667
2379 491.6666666666667
2380 491.6666666666667
2381 491.6666666666667
2382 491.6666666666667
2383 491.6666666666667
2384 491.6666666666667
2385 491.6666666666667
2386 491.6666666666667
2387 491.6666666666667
2388 491.6666666666667
2389 491.6666666666667
2390 491.6666666666667
2391 491.6666666666667
2392 491.6666666666667
2393 491.6666666666667
2394 491.6666666666667
2395 491.6666666666667
2396 491.6666666666667
2397 491.6666666666667
2398 491.6666666666667
2399 491.6666666666667
2400 491.6666666666667
2401 491.6666666666667
2402 491.6666666666667
2403 491.6666666666667
2404 491.6666666666667
2405 491.6666666666667
2406 491.6666666666667
2407 491.6666666666667
2408 491.6666666666667
2409 491.6666666666667
2410 491.6666666666667
2411 491.6666666666667
2412 491.6666666666667
2413 491.6666666666667
2414 491.6666666666667
2415 491.6666666666667
2416 491.6666666666667
2417 491.6666666666667
2418 491.6666666666667
2419 491.6666666666667
2420 491.6666666666667
2421 491.6666666666667
2422 491.6666666666667
2423 491.6666666666667
2424 491.6666666666667
2425 491.6666666666667
2426 491.6666666666667
2427 491.6666666666667
2428 491.6666666666667
2429 491.6666666666667
2430 491.6666666666667
2431 491.6666666666667
2432 491.6666666666667
2433 491.6666666666667
2434 491.6666666666667
2435 491.6666666666667
2436 491.6666666666667
2437 491.6666666666667
2438 491.6666666666667
2439 491.6666666666667
2440 491.6666666666667
2441 491.6666666666667
2442 491.6666666666667
2443 491.6666666666667
2444 491.6666666666667
2445 491.6666666666667
2446 491.6666666666667
2447 491.6666666666667
2448 491.6666666666667
2449 491.6666666666667
2450 491.6666666666667
2451 491.6666666666667
2452 491.6666666666667
2453 491.6666666666667
2454 491.6666666666667
2455 491.6666666666667
2456 491.6666666666667
2457 491.6666666666667
2458 491.6666666666667
2459 491.6666666666667
2460 491.6666666666667
2461 491.6666666666667
2462 491.6666666666667
2463 491.6666666666667
2464 491.6666666666667
2465 491.6666666666667
2466 491.6666666666667
2467 491.6666666666667
2468 491.6666666666667
2469 491.6666666666667
2470 491.6666666666667
2471 491.6666666666667
2472 491.6666666666667
2473 491.6666666666667
2474 491.6666666666667
2475 491.6666666666667
2476 491.6666666666667
2477 491.6666666666667
2478 491.6666666666667
2479 491.6666666666667
2480 491.6666666666667
2481 491.6666666666667
2482 491.6666666666667
2483 491.6666666666667
2484 491.6666666666667
2485 491.6666666666667
2486 491.6666666666667
2487 491.6666666666667
2488 491.6666666666667
2489 491.6666666666667
2490 491.6666666666667
2491 491.6666666666667
2492 491.6666666666667
2493 491.6666666666667
2494 491.6666666666667
2495 491.6666666666667
2496 491.6666666666667
2497 491.6666666666667
2498 491.6666666666667
2499 491.6666666666667
2500 491.6666666666667
