388 -1149.0566666666666 300
389 -1148.97 300
390 -1148.7966666666666 300
391 -1148.32 300
392 -1147.56 300
393 -1145.9233333333334 300
394 -1142.4833333333333 300
395 -1143.9033333333334 300
396 -1144.6533333333334 300
397 -1140.48 300
398 -1139.7 300
399 -1139.9433333333334 300
400 -1139.8233333333333 300
401 -1136.46 300
402 -1134.2433333333333 300
403 -1132.34 300
404 -1128.6366666666668 300
405 -1119.4066666666668 300
406 -1112.2633333333333 300
407 -1107.9333333333334 300
408 -1108.0866666666666 300
409 -1108.5366666666666 300
410 -1109.3766666666668 300
411 -1110.8733333333332 300
412 -1114.08 300
413 -1117.1833333333334 300
414 -1116.55 300
415 -1112.6566666666668 300
416 -1108.36 300
417 -1108.6533333333334 300
418 -1108.1266666666668 300
419 -1106.53 300
420 -1106.1333333333334 300
421 -1106.22 300
422 -1106.2666666666667 300
423 -1106.4233333333334 300
424 -1106.4366666666667 300
425 -1105.69 300
426 -1105.4266666666667 300
427 -1105.3866666666668 300
428 -1105.33 300
429 -1105.08 300
430 -1105.0066666666667 300
431 -1104.92 300
432 -1104.8866666666668 300
433 -1104.6633333333334 300
434 -1104.3266666666666 300
435 -1103.2533333333333 300
436 -1102.02 300
437 -1102.2633333333333 300
438 -1104.1666666666667 300
439 -1106.21 300
440 -1108.2866666666666 300
441 -1110.7566666666667 300
442 -1114.5066666666667 300
443 -1116.8333333333333 300
444 -1121.18 300
445 -1129.3866666666668 300
446 -1127.7266666666667 300
447 -1132.2533333333333 300
448 -1132.8833333333334 300
449 -1134.4633333333334 300
450 -1136.47 300
451 -1138.4766666666667 300
452 -1139.4733333333334 300
453 -1138.51 300
454 -1137.91 300
455 -1136.3066666666666 300
456 -1135.96 300
457 -1134.93 300
458 -1133.8566666666666 300
459 -1131.9533333333334 300
460 -1129.6666666666667 300
461 -1128.4833333333333 300
462 -1127.8433333333332 300
463 -1128.2266666666667 300
464 -1128.08 300
465 -1120.1633333333334 300
466 -1120.71 300
467 -1121.6566666666668 300
468 -1122.4066666666668 300
469 -1121.6233333333332 300
470 -1118.94 300
471 -1118.2033333333334 300
472 -1117.2966666666666 300
473 -1114.93 300
474 -1115.9366666666667 300
475 -1115.5133333333333 300
476 -1113.0033333333333 300
477 -1111.2766666666666 300
478 -1112.2333333333333 300
479 -1112.2066666666667 300
480 -1112.4566666666667 300
481 -1108.73 300
482 -1107.56 300
483 -1106.13 300
484 -1108.3833333333334 300
485 -1107.17 300
486 -1105.2633333333333 300
487 -1104.3533333333332 300
488 -1102.7933333333333 300
489 -1099.6733333333334 300
490 -1095.1233333333332 300
491 -1095.1666666666667 300
492 -1095.2533333333333 300
493 -1095.2533333333333 300
494 -1095.3833333333334 300
495 -1095.6 300
496 -1095.4266666666667 300
497 -1095.6433333333334 300
498 -1095.7733333333333 300
499 -1096.0766666666666 300
500 -1096.0933333333332 300
501 -1096.1333333333334 300
502 -1095.8366666666666 300
503 -1095.59 300
504 -1095.3133333333333 300
505 -1094.2733333333333 300
506 -1094.1733333333334 300
507 -1094.06 300
508 -1093.6666666666667 300
509 -1094.5566666666666 300
510 -1094.7966666666666 300
511 -1094.82 300
512 -1094.85 300
513 -1092.91 300
514 -1093.8933333333334 300
515 -1091.1366666666668 300
516 -1089.6633333333334 300
517 -1087.3366666666666 300
518 -1086.2133333333334 300
519 -1085.9566666666667 300
520 -1085.78 300
521 -1083.6633333333334 300
522 -1081.3666666666666 300
523 -1081.3666666666666 300
524 -1081.4533333333334 300
525 -1081.3666666666666 300
526 -1080.5733333333333 300
527 -1079.4866666666667 300
528 -1076.38 300
529 -1072.9666666666667 300
530 -1067.3366666666666 300
531 -1061.57 300
532 -1066.93 300
533 -1066.52 300
534 -1066.9533333333334 300
535 -1066.58 300
536 -1065.13 300
537 -1063.04 300
538 -1066.3533333333332 300
539 -1065.9866666666667 300
540 -1065.8466666666666 300
541 -1065.43 300
542 -1064.17 300
543 -1062.2966666666666 300
544 -1063.56 300
545 -1066.7733333333333 300
546 -1066.4666666666667 300
547 -1066.2966666666666 300
548 -1065.75 300
549 -1065.1266666666668 300
550 -1064.1933333333334 300
551 -1065.3266666666666 300
552 -1064.68 300
553 -1063.08 300
554 -1061.1 300
555 -1059.42 300
556 -1055.31 300
557 -1055.3733333333332 300
558 -1055.3533333333332 300
559 -1055.27 300
560 -1054.73 300
561 -1054.2833333333333 300
562 -1054.79 300
563 -1054.7633333333333 300
564 -1053.74 300
565 -1051.84 300
566 -1046.9466666666667 300
567 -1044.4933333333333 300
568 -1043.24 300
569 -1043.24 300
570 -1043.38 300
571 -1043.5233333333333 300
572 -1043.4466666666667 300
573 -1043.3733333333332 300
574 -1043.6633333333334 300
575 -1044.1066666666666 300
576 -1045.0733333333333 300
577 -1045.8166666666666 300
578 -1041.93 300
579 -1042.4433333333334 300
580 -1043.8533333333332 300
581 -1045.1566666666668 300
582 -1049.5433333333333 300
583 -1055.56 300
584 -1064.67 300
585 -1076.23 300
586 -1071.6366666666668 300
587 -1064.38 300
588 -1049.0733333333333 300
589 -1044.83 300
590 -1045.0166666666667 300
591 -1043.81 300
592 -1043.77 300
593 -1043.59 300
594 -1043.2033333333334 300
595 -1042.1633333333334 300
596 -1041.04 300
597 -1038.4966666666667 300
598 -1032.97 300
599 -1030.2166666666667 300
600 -1030.4866666666667 300
601 -1031.1366666666668 300
602 -1031.7133333333334 300
603 -1030.1166666666666 300
604 -1030.51 300
605 -1030.3 300
606 -1028.71 300
607 -1027.9933333333333 300
608 -1027.9566666666667 300
609 -1027.96 300
610 -1028.0066666666667 300
611 -1027.9266666666667 300
612 -1027.7133333333334 300
613 -1027.4833333333333 300
614 -1027.9666666666667 300
615 -1028.0433333333333 300
616 -1028.0233333333333 300
617 -1028.02 300
618 -1027.94 300
619 -1027.8666666666666 300
620 -1027.7433333333333 300
621 -1027.6033333333332 300
622 -1027.46 300
623 -1027.3633333333332 300
624 -1027.1766666666667 300
625 -1027.1566666666668 300
626 -1027.73 300
627 -1027.9933333333333 300
628 -1027.9066666666668 300
629 -1027.82 300
630 -1027.7333333333333 300
631 -1027.69 300
632 -1027.79 300
633 -1028.0166666666667 300
634 -1028.19 300
635 -1028.2366666666667 300
636 -1028.2333333333333 300
637 -1028.19 300
638 -1028.1533333333334 300
639 -1028.07 300
640 -1027.8266666666666 300
641 -1027.8266666666666 300
642 -1027.8266666666666 300
643 -1027.7833333333333 300
644 -1027.74 300
645 -1027.6966666666667 300
646 -1027.5233333333333 300
647 -1027.1766666666667 300
648 -1026.83 300
649 -1025.8333333333333 300
650 -1023.9266666666666 300
651 -1019.55 300
652 -1017.1633333333333 300
653 -1017.2066666666667 300
654 -1017.2066666666667 300
655 -1017.3433333333334 300
656 -1017.6533333333333 300
657 -1017.9566666666667 300
658 -1018.6033333333334 300
659 -1019.74 300
660 -1021.2666666666667 300
661 -1024.65 300
662 -1025.11 300
663 -1022.2533333333333 300
664 -1023.1633333333333 300
665 -1024.55 300
666 -1026.54 300
667 -1026.7366666666667 300
668 -1026.0766666666666 300
669 -1023.8033333333333 300
670 -1021.09 300
671 -1018.7233333333334 300
672 -1018.7433333333333 300
673 -1018.5566666666666 300
674 -1016.84 300
675 -1016.8033333333333 300
676 -1016.7633333333333 300
677 -1016.6966666666667 300
678 -1012.7333333333333 300
679 -1011.31 300
680 -1009.4 300
681 -1006.14 300
682 -997.9033333333333 300
683 -992.7466666666667 300
684 -992.9733333333334 300
685 -993.3466666666667 300
686 -993.5433333333333 300
687 -993.77 300
688 -993.8133333333334 300
689 -986.29 300
690 -986.3333333333334 300
691 -986.3333333333334 300
692 -986.3333333333334 300
693 -986.43 300
694 -986.5266666666666 300
695 -986.43 300
696 -986.4266666666666 300
697 -986.43 300
698 -986.4733333333334 300
699 -986.4733333333334 300
700 -986.4733333333334 300
701 -986.5166666666667 300
702 -986.5166666666667 300
703 -986.5166666666667 300
704 -986.57 300
705 -986.57 300
706 -986.4833333333333 300
707 -986.5266666666666 300
708 -986.5266666666666 300
709 -986.5266666666666 300
710 -986.5266666666666 300
711 -986.5266666666666 300
712 -986.53 300
713 -986.4766666666667 300
714 -986.4766666666667 300
715 -986.4766666666667 300
716 -986.4766666666667 300
717 -986.3633333333333 300
718 -986.1533333333333 300
719 -985.9266666666666 300
720 -984.9933333333333 300
721 -983.7633333333333 300
722 -984.6433333333333 300
723 -982.86 300
724 -980.15 300
725 -974.6266666666667 300
726 -973.8766666666667 300
727 -975.0733333333334 300
728 -974.64 300
729 -974.53 300
730 -974.8066666666666 300
731 -974.7366666666667 300
732 -974.4166666666666 300
733 -975.32 300
734 -976.13 300
735 -976.4233333333333 300
736 -967.2733333333333 300
737 -953.44 300
738 -946.1233333333333 300
739 -946.2933333333333 300
740 -946.5766666666667 300
741 -946.65 300
742 -947.0433333333333 300
743 -946.9533333333334 300
744 -947.0433333333333 300
745 -947.1366666666667 300
746 -944.86 300
747 -945.3066666666666 300
748 -945.6666666666666 300
749 -946.52 300
750 -946.8233333333334 300
751 -947.5166666666667 300
752 -948.35 300
753 -950.06 300
754 -953.05 300
755 -958.43 300
756 -957.9233333333333 300
757 -957.4766666666667 300
758 -957.0066666666667 300
759 -954.27 300
760 -957.5166666666667 300
761 -964.5466666666666 300
762 -952.7866666666666 300
763 -943.35 300
764 -942.9366666666666 300
765 -942.37 300
766 -941.1966666666667 300
767 -939.3366666666667 300
768 -941.59 300
769 -942.8733333333333 300
770 -942.7066666666667 300
771 -942.6033333333334 300
772 -942.5166666666667 300
773 -942.4366666666666 300
774 -942.3066666666666 300
775 -942.16 300
776 -941.9533333333334 300
777 -941.4766666666667 300
778 -940.1333333333333 300
779 -943.9466666666667 300
780 -944.32 300
781 -944.1466666666666 300
782 -944.65 300
783 -944.6933333333334 300
784 -944.13 300
785 -944.1566666666666 300
786 -944.34 300
787 -944.2666666666667 300
788 -944.09 300
789 -943.95 300
790 -943.9666666666667 300
791 -943.9666666666667 300
792 -944.08 300
793 -944.32 300
794 -944.4366666666666 300
795 -944.55 300
796 -944.6933333333334 300
797 -945.1466666666666 300
798 -944.87 300
799 -945.13 300
800 -940.94 300
801 -940.9333333333333 300
802 -940.8066666666666 300
803 -940.8 300
804 -940.8 300
805 -941.0 300
806 -941.6466666666666 300
807 -942.4966666666667 300
808 -943.7433333333333 300
809 -945.23 300
810 -941.4 300
811 -941.4466666666667 300
812 -941.4466666666667 300
813 -940.3133333333334 300
814 -940.3133333333334 300
815 -940.3133333333334 300
816 -940.27 300
817 -940.1833333333333 300
818 -940.0533333333333 300
819 -939.7933333333333 300
820 -939.3166666666667 300
821 -938.4933333333333 300
822 -937.2833333333333 300
823 -933.99 300
824 -933.2933333333333 300
825 -933.2966666666666 300
826 -933.2966666666666 300
827 -934.3366666666667 300
828 -935.6366666666667 300
829 -937.1233333333333 300
830 -939.7166666666667 300
831 -939.38 300
832 -939.0433333333333 300
833 -938.0566666666666 300
834 -937.8133333333334 300
835 -936.58 300
836 -933.5433333333333 300
837 -933.4966666666667 300
838 -928.6833333333333 300
839 -928.8766666666667 300
840 -928.97 300
841 -929.4 300
842 -929.7866666666666 300
843 -930.26 300
844 -931.9466666666667 300
845 -933.98 300
846 -936.7633333333333 300
847 -929.1733333333333 300
848 -927.8466666666667 300
849 -927.8466666666667 300
850 -927.8466666666667 300
851 -927.8466666666667 300
852 -927.8466666666667 300
853 -927.8466666666667 300
854 -927.89 300
855 -927.8466666666667 300
856 -927.7633333333333 300
857 -927.63 300
858 -927.5866666666667 300
859 -927.5433333333333 300
860 -927.5 300
861 -927.4566666666667 300
862 -927.4133333333333 300
863 -927.37 300
864 -927.3266666666667 300
865 -927.2833333333333 300
866 -927.24 300
867 -927.8033333333333 300
868 -927.9 300
869 -927.9 300
870 -927.9966666666667 300
871 -928.1366666666667 300
872 -928.1366666666667 300
873 -928.17 300
874 -928.2133333333334 300
875 -928.3966666666666 300
876 -928.6733333333333 300
877 -928.87 300
878 -928.9666666666667 300
879 -929.3233333333334 300
880 -929.6566666666666 300
881 -930.0233333333333 300
882 -930.8433333333334 300
883 -932.2233333333334 300
884 -934.2766666666666 300
885 -935.91 300
886 -935.43 300
887 -937.7266666666667 300
888 -941.5466666666666 300
889 -939.9033333333333 300
890 -939.8533333333334 300
891 -939.8033333333333 300
892 -939.7566666666667 300
893 -939.6666666666666 300
894 -940.3833333333333 300
895 -940.3966666666666 300
896 -940.3833333333333 300
897 -940.3766666666667 300
898 -940.3733333333333 300
899 -940.3733333333333 300
900 -940.37 300
901 -940.4066666666666 300
902 -940.4 300
903 -940.3933333333333 300
904 -940.39 300
905 -940.3833333333333 300
906 -940.3733333333333 300
907 -940.1733333333333 300
908 -940.27 300
909 -940.0366666666666 300
910 -939.7166666666667 300
911 -939.72 300
912 -939.7133333333334 300
913 -939.7333333333333 300
914 -939.76 300
915 -939.72 300
916 -939.51 300
917 -939.2933333333333 300
918 -939.3833333333333 300
919 -939.4866666666667 300
920 -939.67 300
921 -939.3566666666667 300
922 -939.2833333333333 300
923 -939.1833333333333 300
924 -939.0833333333334 300
925 -938.3666666666667 300
926 -938.75 300
927 -938.7533333333333 300
928 -938.6266666666667 300
929 -938.5933333333334 300
930 -938.2033333333334 300
931 -936.6 300
932 -932.66 300
933 -927.69 300
934 -927.84 300
935 -928.06 300
936 -928.2233333333334 300
937 -928.77 300
938 -928.63 300
939 -928.7266666666667 300
940 -928.9966666666667 300
941 -928.5466666666666 300
942 -927.9566666666667 300
943 -927.29 300
944 -927.5566666666666 300
945 -927.4266666666666 300
946 -927.3133333333334 300
947 -926.9533333333334 300
948 -925.9266666666666 300
949 -923.26 300
950 -916.1966666666667 300
951 -920.94 300
952 -911.9433333333334 300
953 -919.5166666666667 300
954 -912.3266666666667 300
955 -899.04 300
956 -899.4233333333333 300
957 -899.92 300
958 -901.23 300
959 -902.6166666666667 300
960 -903.8533333333334 300
961 -906.51 300
962 -906.6 300
963 -908.46 300
964 -908.5033333333333 300
965 -908.58 300
966 -908.62 300
967 -908.74 300
968 -908.81 300
969 -908.2333333333333 300
970 -903.2166666666667 300
971 -901.6966666666667 300
972 -901.81 300
973 -903.3433333333334 300
974 -905.5333333333333 300
975 -907.5933333333334 300
976 -907.5866666666667 300
977 -907.7366666666667 300
978 -907.89 300
979 -907.79 300
980 -907.97 300
981 -907.9633333333334 300
982 -907.99 300
983 -908.14 300
984 -908.3666666666667 300
985 -908.5266666666666 300
986 -908.7933333333333 300
987 -909.17 300
988 -908.7 300
989 -909.0466666666666 300
990 -909.6766666666666 300
991 -911.03 300
992 -913.04 300
993 -914.0266666666666 300
994 -912.1766666666666 300
995 -911.2333333333333 300
996 -908.6533333333333 300
997 -905.8666666666667 300
998 -906.3066666666666 300
999 -906.2633333333333 300
1000 -906.9133333333333 300
1001 -909.3766666666667 300
1002 -913.84 300
1003 -917.1333333333333 300
1004 -917.09 300
1005 -916.35 300
1006 -915.9533333333334 300
1007 -914.7733333333333 300
1008 -914.85 300
1009 -917.68 300
1010 -917.46 300
1011 -917.2766666666666 300
1012 -916.9066666666666 300
1013 -917.9766666666667 300
1014 -917.9833333333333 300
1015 -917.97 300
1016 -917.9766666666667 300
1017 -917.92 300
1018 -917.8833333333333 300
1019 -917.72 300
1020 -917.86 300
1021 -917.69 300
1022 -917.3533333333334 300
1023 -917.13 300
1024 -917.09 300
1025 -916.8333333333334 300
1026 -916.3133333333334 300
1027 -915.2733333333333 300
1028 -912.7166666666667 300
1029 -907.0933333333334 300
1030 -906.7133333333334 300
1031 -907.5366666666666 300
1032 -908.1866666666666 300
1033 -909.3133333333334 300
1034 -912.65 300
1035 -913.34 300
1036 -909.0933333333334 300
1037 -908.18 300
1038 -909.61 300
1039 -911.8666666666667 300
1040 -913.2966666666666 300
1041 -909.9133333333333 300
1042 -904.8833333333333 300
1043 -904.8833333333333 300
1044 -904.87 300
1045 -904.7666666666667 300
1046 -904.67 300
1047 -904.4666666666667 300
1048 -903.4966666666667 300
1049 -902.9933333333333 300
1050 -902.8366666666667 300
1051 -902.7933333333333 300
1052 -902.75 300
1053 -902.75 300
1054 -902.5366666666666 300
1055 -901.8866666666667 300
1056 -900.5866666666667 300
1057 -898.0266666666666 300
1058 -895.4233333333333 300
1059 -895.5533333333333 300
1060 -895.6833333333333 300
1061 -896.29 300
1062 -897.3433333333334 300
1063 -898.6433333333333 300
1064 -900.16 300
1065 -901.5 300
1066 -900.1966666666667 300
1067 -902.22 300
1068 -901.6566666666666 300
1069 -900.7466666666667 300
1070 -902.35 300
1071 -901.7866666666666 300
1072 -900.9633333333334 300
1073 -901.5266666666666 300
1074 -900.3566666666667 300
1075 -900.4 300
1076 -901.57 300
1077 -901.3533333333334 300
1078 -898.8833333333333 300
1079 -896.24 300
1080 -897.0633333333334 300
1081 -898.15 300
1082 -898.72 300
1083 -900.42 300
1084 -900.05 300
1085 -897.6366666666667 300
1086 -898.0566666666666 300
1087 -899.5233333333333 300
1088 -899.91 300
1089 -902.5233333333333 300
1090 -902.32 300
1091 -902.2533333333333 300
1092 -901.8566666666667 300
1093 -900.9833333333333 300
1094 -902.3966666666666 300
1095 -902.4666666666667 300
1096 -902.3133333333334 300
1097 -902.12 300
1098 -901.9666666666667 300
1099 -901.8133333333334 300
1100 -901.62 300
1101 -900.2466666666667 300
1102 -899.7133333333334 300
1103 -896.2633333333333 300
1104 -888.9566666666667 300
1105 -879.8833333333333 300
1106 -880.07 300
1107 -873.33 300
1108 -873.3633333333333 300
1109 -873.4366666666666 300
1110 -873.5433333333333 300
1111 -873.5033333333333 300
1112 -873.9866666666667 300
1113 -874.3166666666667 300
1114 -874.3666666666667 300
1115 -874.1866666666666 300
1116 -868.3933333333333 300
1117 -868.3133333333334 300
1118 -868.3133333333334 300
1119 -868.2666666666667 300
1120 -868.26 300
1121 -868.3733333333333 300
1122 -868.4466666666667 300
1123 -868.5933333333334 300
1124 -868.5533333333333 300
1125 -868.5866666666667 300
1126 -868.54 300
1127 -868.72 300
1128 -868.7133333333334 300
1129 -868.6333333333333 300
1130 -868.6433333333333 300
1131 -868.66 300
1132 -868.8566666666667 300
1133 -870.0833333333334 300
1134 -869.5533333333333 300
1135 -868.6766666666666 300
1136 -868.3166666666667 300
1137 -868.2766666666666 300
1138 -868.2766666666666 300
1139 -867.1333333333333 300
1140 -865.62 300
1141 -861.3666666666667 300
1142 -861.2233333333334 300
1143 -861.1033333333334 300
1144 -861.0333333333333 300
1145 -860.8933333333333 300
1146 -860.55 300
1147 -859.9833333333333 300
1148 -858.23 300
1149 -854.63 300
1150 -846.5266666666666 300
1151 -843.8066666666666 300
1152 -844.12 300
1153 -844.5733333333334 300
1154 -844.7533333333333 300
1155 -845.5433333333333 300
1156 -845.7666666666667 300
1157 -846.0133333333333 300
1158 -846.36 300
1159 -846.7833333333333 300
1160 -846.5433333333333 300
1161 -847.2533333333333 300
1162 -847.7566666666667 300
1163 -848.3566666666667 300
1164 -848.99 300
1165 -849.83 300
1166 -847.8566666666667 300
1167 -848.4966666666667 300
1168 -846.24 300
1169 -846.49 300
1170 -846.7133333333334 300
1171 -846.96 300
1172 -847.03 300
1173 -847.3066666666666 300
1174 -847.7366666666667 300
1175 -848.0133333333333 300
1176 -848.29 300
1177 -848.5833333333334 300
1178 -849.0833333333334 300
1179 -843.76 300
1180 -843.83 300
1181 -844.0433333333333 300
1182 -844.8833333333333 300
1183 -845.2633333333333 300
1184 -845.57 300
1185 -845.45 300
1186 -845.73 300
1187 -846.01 300
1188 -846.2933333333333 300
1189 -846.6866666666666 300
1190 -845.9166666666666 300
1191 -846.17 300
1192 -842.1066666666667 300
1193 -842.63 300
1194 -842.71 300
1195 -843.0633333333334 300
1196 -843.1966666666667 300
1197 -843.2233333333334 300
1198 -843.9566666666667 300
1199 -844.6133333333333 300
1200 -845.73 300
1201 -847.29 300
1202 -850.53 300
1203 -851.71 300
1204 -853.0866666666667 300
1205 -850.0066666666667 300
1206 -847.8366666666667 300
1207 -847.74 300
1208 -847.21 300
1209 -846.2333333333333 300
1210 -844.37 300
1211 -839.7566666666667 300
1212 -836.57 300
1213 -836.2766666666666 300
1214 -836.2666666666667 300
1215 -836.3066666666666 300
1216 -836.1333333333333 300
1217 -835.74 300
1218 -835.6133333333333 300
1219 -835.66 300
1220 -835.6633333333333 300
1221 -835.71 300
1222 -835.7133333333334 300
1223 -835.76 300
1224 -835.7633333333333 300
1225 -835.7666666666667 300
1226 -835.8133333333334 300
1227 -835.8166666666667 300
1228 -835.73 300
1229 -835.73 300
1230 -835.73 300
1231 -835.73 300
1232 -835.73 300
1233 -835.73 300
1234 -835.7733333333333 300
1235 -835.77 300
1236 -835.8133333333334 300
1237 -835.8133333333334 300
1238 -835.8566666666667 300
1239 -835.8133333333334 300
1240 -835.9033333333333 300
1241 -836.12 300
1242 -836.2933333333333 300
1243 -836.51 300
1244 -836.73 300
1245 -836.61 300
1246 -835.7033333333334 300
1247 -835.7466666666667 300
1248 -835.7933333333333 300
1249 -835.7966666666666 300
1250 -835.8066666666666 300
1251 -835.1366666666667 300
1252 -835.4 300
1253 -835.5233333333333 300
1254 -835.8066666666666 300
1255 -836.0133333333333 300
1256 -836.01 300
1257 -836.0 300
1258 -835.9933333333333 300
1259 -835.9933333333333 300
1260 -835.9866666666667 300
1261 -835.9366666666666 300
1262 -835.8866666666667 300
1263 -835.88 300
1264 -835.83 300
1265 -835.8133333333334 300
1266 -835.7666666666667 300
1267 -835.7566666666667 300
1268 -835.7033333333334 300
1269 -835.65 300
1270 -835.5966666666667 300
1271 -835.2966666666666 300
1272 -834.6833333333333 300
1273 -833.9033333333333 300
1274 -833.9933333333333 300
1275 -833.4066666666666 300
1276 -831.2333333333333 300
1277 -830.9 300
1278 -831.11 300
1279 -831.2833333333333 300
1280 -831.4933333333333 300
1281 -831.6633333333333 300
1282 -830.53 300
1283 -832.6866666666666 300
1284 -832.2233333333334 300
1285 -834.45 300
1286 -835.3733333333333 300
1287 -834.9866666666667 300
1288 -835.3866666666667 300
1289 -835.3533333333334 300
1290 -835.3633333333333 300
1291 -835.3333333333334 300
1292 -835.3033333333333 300
1293 -835.2733333333333 300
1294 -835.2433333333333 300
1295 -835.2133333333334 300
1296 -835.18 300
1297 -835.1966666666667 300
1298 -835.0166666666667 300
1299 -834.5566666666666 300
1300 -833.72 300
1301 -831.6566666666666 300
1302 -831.09 300
1303 -831.1366666666667 300
1304 -831.2533333333333 300
1305 -831.2566666666667 300
1306 -831.3466666666667 300
1307 -831.4266666666666 300
1308 -831.5133333333333 300
1309 -831.6333333333333 300
1310 -833.1133333333333 300
1311 -834.45 300
1312 -835.04 300
1313 -834.97 300
1314 -834.9033333333333 300
1315 -834.83 300
1316 -834.8 300
1317 -834.7266666666667 300
1318 -834.6633333333333 300
1319 -834.46 300
1320 -834.39 300
1321 -834.28 300
1322 -834.21 300
1323 -834.0666666666667 300
1324 -834.0333333333333 300
1325 -834.4966666666667 300
1326 -834.4633333333334 300
1327 -834.45 300
1328 -834.38 300
1329 -834.31 300
1330 -834.2433333333333 300
1331 -834.21 300
1332 -834.1366666666667 300
1333 -834.1066666666667 300
1334 -834.0366666666666 300
1335 -834.0066666666667 300
1336 -833.7866666666666 300
1337 -833.7166666666667 300
1338 -833.61 300
1339 -833.51 300
1340 -833.4033333333333 300
1341 -833.2966666666666 300
1342 -833.19 300
1343 -833.0866666666667 300
1344 -832.9833333333333 300
1345 -832.88 300
1346 -832.8166666666667 300
1347 -832.75 300
1348 -832.6433333333333 300
1349 -831.8166666666667 300
1350 -831.78 300
1351 -831.8233333333334 300
1352 -831.7533333333333 300
1353 -831.72 300
1354 -830.2833333333333 300
1355 -827.38 300
1356 -827.4566666666667 300
1357 -827.4566666666667 300
1358 -827.6833333333333 300
1359 -827.8366666666667 300
1360 -827.9133333333333 300
1361 -826.63 300
1362 -826.6666666666666 300
1363 -826.7066666666667 300
1364 -826.6633333333333 300
1365 -826.5466666666666 300
1366 -825.7133333333334 300
1367 -825.1866666666666 300
1368 -825.0633333333334 300
1369 -824.9766666666667 300
1370 -824.6766666666666 300
1371 -824.0666666666667 300
1372 -823.2133333333334 300
1373 -825.21 300
1374 -825.0166666666667 300
1375 -825.0166666666667 300
1376 -825.0166666666667 300
1377 -825.0166666666667 300
1378 -825.0166666666667 300
1379 -825.0166666666667 300
1380 -825.0566666666666 300
1381 -825.0566666666666 300
1382 -825.1 300
1383 -825.0466666666666 300
1384 -825.1333333333333 300
1385 -825.21 300
1386 -825.2533333333333 300
1387 -825.2133333333334 300
1388 -825.2133333333334 300
1389 -825.2633333333333 300
1390 -825.22 300
1391 -825.0466666666666 300
1392 -824.7866666666666 300
1393 -824.2666666666667 300
1394 -825.3333333333334 300
1395 -825.2566666666667 300
1396 -825.0933333333334 300
1397 -825.26 300
1398 -824.2733333333333 300
1399 -824.2733333333333 300
1400 -824.2733333333333 300
1401 -824.2733333333333 300
1402 -824.2733333333333 300
1403 -824.2733333333333 300
1404 -824.2733333333333 300
1405 -824.2733333333333 300
1406 -824.2733333333333 300
1407 -824.1 300
1408 -824.1 300
1409 -824.1 300
1410 -824.1033333333334 300
1411 -824.1033333333334 300
1412 -824.1033333333334 300
1413 -824.1033333333334 300
1414 -824.1033333333334 300
1415 -824.1033333333334 300
1416 -824.1033333333334 300
1417 -824.1033333333334 300
1418 -824.1033333333334 300
1419 -824.1033333333334 300
1420 -824.1033333333334 300
1421 -824.1066666666667 300
1422 -824.1066666666667 300
1423 -824.1066666666667 300
1424 -824.1066666666667 300
1425 -824.1066666666667 300
1426 -824.1066666666667 300
1427 -824.1066666666667 300
1428 -824.1066666666667 300
1429 -824.1066666666667 300
1430 -824.1066666666667 300
1431 -824.1066666666667 300
1432 -824.1066666666667 300
1433 -824.1066666666667 300
1434 -824.1933333333334 300
1435 -824.3233333333334 300
1436 -824.3233333333334 300
1437 -824.4966666666667 300
1438 -824.5366666666666 300
1439 -824.5366666666666 300
1440 -824.58 300
1441 -824.6233333333333 300
1442 -824.2566666666667 300
1443 -824.3033333333333 300
1444 -824.3033333333333 300
1445 -824.3033333333333 300
1446 -824.3066666666666 300
1447 -824.3066666666666 300
1448 -824.3066666666666 300
1449 -824.2566666666667 300
1450 -824.3533333333334 300
1451 -824.3533333333334 300
1452 -824.3533333333334 300
1453 -824.3533333333334 300
1454 -824.3966666666666 300
1455 -824.3966666666666 300
1456 -824.3966666666666 300
1457 -824.3966666666666 300
1458 -824.44 300
1459 -824.5266666666666 300
1460 -824.57 300
1461 -824.6133333333333 300
1462 -824.7433333333333 300
1463 -824.96 300
1464 -825.35 300
1465 -826.26 300
1466 -827.8633333333333 300
1467 -830.7233333333334 300
1468 -835.9666666666667 300
1469 -837.0933333333334 300
1470 -837.0933333333334 300
1471 -837.0933333333334 300
1472 -837.0933333333334 300
1473 -837.09 300
1474 -837.2033333333334 300
1475 -837.0866666666667 300
1476 -837.0866666666667 300
1477 -837.0833333333334 300
1478 -837.0833333333334 300
1479 -837.08 300
1480 -837.0733333333334 300
1481 -837.0766666666667 300
1482 -837.0733333333334 300
1483 -837.0733333333334 300
1484 -837.1166666666667 300
1485 -837.0666666666667 300
1486 -836.9966666666667 300
1487 -837.0 300
1488 -837.0533333333333 300
1489 -837.1133333333333 300
1490 -837.0966666666667 300
1491 -837.0833333333334 300
1492 -837.0366666666666 300
1493 -837.0466666666666 300
1494 -837.0866666666667 300
1495 -837.0833333333334 300
1496 -837.08 300
1497 -837.0766666666667 300
1498 -837.1133333333333 300
1499 -837.11 300
1500 -837.1066666666667 300
1501 -837.1033333333334 300
1502 -837.0866666666667 300
1503 -837.0866666666667 300
1504 -837.0533333333333 300
1505 -837.0533333333333 300
1506 -837.0533333333333 300
1507 -837.0533333333333 300
1508 -837.0533333333333 300
1509 -837.0533333333333 300
1510 -837.0533333333333 300
1511 -837.0533333333333 300
1512 -837.0533333333333 300
1513 -837.0533333333333 300
1514 -837.0533333333333 300
1515 -837.0533333333333 300
1516 -837.0533333333333 300
1517 -837.0533333333333 300
1518 -837.0533333333333 300
1519 -837.0533333333333 300
1520 -837.0533333333333 300
1521 -837.01 300
1522 -836.9666666666667 300
1523 -836.9666666666667 300
1524 -836.9233333333333 300
1525 -836.9233333333333 300
1526 -836.88 300
1527 -836.8366666666667 300
1528 -836.7933333333333 300
1529 -836.75 300
1530 -836.7066666666667 300
1531 -836.6633333333333 300
1532 -836.62 300
1533 -836.5766666666667 300
1534 -836.5333333333333 300
1535 -836.49 300
1536 -836.95 300
1537 -836.88 300
1538 -836.75 300
1539 -836.7066666666667 300
1540 -836.61 300
1541 -836.35 300
1542 -836.6533333333333 300
1543 -836.61 300
1544 -836.5666666666667 300
1545 -836.5233333333333 300
1546 -836.5233333333333 300
1547 -836.4366666666666 300
1548 -836.0933333333334 300
1549 -835.5833333333334 300
1550 -834.6466666666666 300
1551 -832.87 300
1552 -829.4833333333333 300
1553 -825.1366666666667 300
1554 -825.18 300
1555 -825.18 300
1556 -825.2233333333334 300
1557 -825.2666666666667 300
1558 -825.31 300
1559 -825.3533333333334 300
1560 -825.4933333333333 300
1561 -825.4933333333333 300
1562 -825.5366666666666 300
1563 -825.58 300
1564 -825.3966666666666 300
1565 -825.44 300
1566 -825.4933333333333 300
1567 -825.3633333333333 300
1568 -824.8433333333334 300
1569 -824.04 300
1570 -821.4133333333333 300
1571 -816.2966666666666 300
1572 -815.9666666666667 300
1573 -815.6433333333333 300
1574 -815.6433333333333 300
1575 -815.6433333333333 300
1576 -815.8166666666667 300
1577 -815.9466666666667 300
1578 -816.3866666666667 300
1579 -816.9066666666666 300
1580 -817.08 300
1581 -817.4266666666666 300
1582 -818.12 300
1583 -819.42 300
1584 -822.0666666666667 300
1585 -826.8833333333333 300
1586 -826.8833333333333 300
1587 -826.8666666666667 300
1588 -827.1366666666667 300
1589 -827.45 300
1590 -827.72 300
1591 -827.73 300
1592 -829.81 300
1593 -827.7333333333333 300
1594 -827.7766666666666 300
1595 -827.8633333333333 300
1596 -827.9933333333333 300
1597 -828.08 300
1598 -828.2533333333333 300
1599 -828.2966666666666 300
1600 -828.7333333333333 300
1601 -828.9533333333334 300
1602 -829.3033333333333 300
1603 -829.7866666666666 300
1604 -830.59 300
1605 -831.1833333333333 300
1606 -832.0766666666667 300
1607 -832.82 300
1608 -829.71 300
1609 -828.8 300
1610 -828.88 300
1611 -828.92 300
1612 -828.96 300
1613 -829.04 300
1614 -827.2433333333333 300
1615 -827.3666666666667 300
1616 -827.4866666666667 300
1617 -827.6066666666667 300
1618 -827.77 300
1619 -827.9733333333334 300
1620 -828.2566666666667 300
1621 -828.6266666666667 300
1622 -829.2433333333333 300
1623 -830.1433333333333 300
1624 -830.9566666666667 300
1625 -831.3666666666667 300
1626 -831.45 300
1627 -831.49 300
1628 -832.9033333333333 300
1629 -835.3266666666667 300
1630 -836.9 300
1631 -836.8166666666667 300
1632 -836.7333333333333 300
1633 -836.7333333333333 300
1634 -836.65 300
1635 -836.5666666666667 300
1636 -836.4833333333333 300
1637 -836.4 300
1638 -836.3166666666667 300
1639 -836.2333333333333 300
1640 -836.15 300
1641 -836.0666666666667 300
1642 -835.9833333333333 300
1643 -835.9 300
1644 -835.8166666666667 300
1645 -835.7333333333333 300
1646 -835.65 300
1647 -835.5666666666667 300
1648 -835.4833333333333 300
1649 -835.4 300
1650 -835.3566666666667 300
1651 -835.2733333333333 300
1652 -835.19 300
1653 -835.1066666666667 300
1654 -834.78 300
1655 -833.6 300
1656 -832.5533333333333 300
1657 -830.26 300
1658 -827.7433333333333 300
1659 -826.99 300
1660 -826.9866666666667 300
1661 -827.0233333333333 300
1662 -827.1166666666667 300
1663 -825.1933333333334 300
1664 -824.9533333333334 300
1665 -825.0466666666666 300
1666 -825.0433333333333 300
1667 -825.04 300
1668 -825.0333333333333 300
1669 -825.0266666666666 300
1670 -825.02 300
1671 -825.0133333333333 300
1672 -825.0066666666667 300
1673 -825.0033333333333 300
1674 -824.9966666666667 300
1675 -824.99 300
1676 -824.96 300
1677 -824.88 300
1678 -825.0533333333333 300
1679 -825.0666666666667 300
1680 -825.0 300
1681 -824.9 300
1682 -824.8466666666667 300
1683 -824.8066666666666 300
1684 -824.8166666666667 300
1685 -824.9866666666667 300
1686 -825.0733333333334 300
1687 -825.07 300
1688 -825.0666666666667 300
1689 -825.06 300
1690 -825.0566666666666 300
1691 -825.0066666666667 300
1692 -825.0033333333333 300
1693 -824.9966666666667 300
1694 -825.0433333333333 300
1695 -825.04 300
1696 -825.0366666666666 300
1697 -825.0333333333333 300
1698 -825.03 300
1699 -825.0233333333333 300
1700 -825.0166666666667 300
1701 -825.01 300
1702 -825.0033333333333 300
1703 -824.9966666666667 300
1704 -824.99 300
1705 -824.9833333333333 300
1706 -824.9766666666667 300
1707 -824.97 300
1708 -825.0066666666667 300
1709 -825.0033333333333 300
1710 -824.9333333333333 300
1711 -824.69 300
1712 -824.6866666666666 300
1713 -824.8333333333334 300
1714 -824.86 300
1715 -824.8666666666667 300
1716 -824.8666666666667 300
1717 -824.8633333333333 300
1718 -824.8666666666667 300
1719 -824.7666666666667 300
1720 -824.8266666666667 300
1721 -824.8333333333334 300
1722 -824.8433333333334 300
1723 -824.84 300
1724 -824.84 300
1725 -824.8433333333334 300
1726 -824.8533333333334 300
1727 -824.85 300
1728 -824.8533333333334 300
1729 -824.7 300
1730 -824.52 300
1731 -824.5966666666667 300
1732 -824.6933333333334 300
1733 -824.35 300
1734 -824.3 300
1735 -824.3033333333333 300
1736 -824.4166666666666 300
1737 -824.3033333333333 300
1738 -824.3033333333333 300
1739 -824.3033333333333 300
1740 -824.3066666666666 300
1741 -824.3066666666666 300
1742 -824.31 300
1743 -824.3133333333334 300
1744 -824.32 300
1745 -824.3233333333334 300
1746 -824.3266666666667 300
1747 -824.3266666666667 300
1748 -824.3266666666667 300
1749 -824.33 300
1750 -824.33 300
1751 -824.33 300
1752 -824.34 300
1753 -824.35 300
1754 -824.31 300
1755 -824.3133333333334 300
1756 -824.3166666666667 300
1757 -824.3166666666667 300
1758 -824.3266666666667 300
1759 -824.3766666666667 300
1760 -824.5066666666667 300
1761 -824.55 300
1762 -824.7266666666667 300
1763 -824.99 300
1764 -825.08 300
1765 -825.1233333333333 300
1766 -825.13 300
1767 -825.18 300
1768 -825.4533333333334 300
1769 -825.65 300
1770 -825.8066666666666 300
1771 -826.0466666666666 300
1772 -826.3733333333333 300
1773 -826.5433333333333 300
1774 -826.7633333333333 300
1775 -826.4333333333333 300
1776 -826.6933333333334 300
1777 -826.8566666666667 300
1778 -826.9366666666666 300
1779 -827.06 300
1780 -827.1 300
1781 -827.2133333333334 300
1782 -827.3866666666667 300
1783 -827.3233333333334 300
1784 -827.4333333333333 300
1785 -827.6633333333333 300
1786 -827.5966666666667 300
1787 -827.5966666666667 300
1788 -827.6333333333333 300
1789 -827.67 300
1790 -827.7066666666667 300
1791 -827.5266666666666 300
1792 -827.5633333333334 300
1793 -827.6 300
1794 -827.6366666666667 300
1795 -827.6766666666666 300
1796 -827.7133333333334 300
1797 -827.75 300
1798 -827.7933333333333 300
1799 -827.83 300
1800 -828.0466666666666 300
1801 -828.0866666666667 300
1802 -828.1266666666667 300
1803 -828.2866666666666 300
1804 -828.2866666666666 300
1805 -828.5666666666667 300
1806 -828.9733333333334 300
1807 -829.2533333333333 300
1808 -829.6533333333333 300
1809 -829.7266666666667 300
1810 -829.7666666666667 300
1811 -830.5666666666667 300
1812 -831.0066666666667 300
1813 -831.2466666666667 300
1814 -832.09 300
1815 -834.0066666666667 300
1816 -835.1333333333333 300
1817 -835.0533333333333 300
1818 -834.9733333333334 300
1819 -834.8933333333333 300
1820 -834.7733333333333 300
1821 -834.6533333333333 300
1822 -834.4966666666667 300
1823 -834.78 300
1824 -833.34 300
1825 -835.4666666666667 300
1826 -834.7666666666667 300
1827 -834.98 300
1828 -833.63 300
1829 -832.1433333333333 300
1830 -829.0466666666666 300
1831 -825.6133333333333 300
1832 -825.6133333333333 300
1833 -825.71 300
1834 -825.7133333333334 300
1835 -825.75 300
1836 -825.75 300
1837 -825.75 300
1838 -825.7933333333333 300
1839 -825.9233333333333 300
1840 -825.9666666666667 300
1841 -826.16 300
1842 -826.34 300
1843 -826.6633333333333 300
1844 -827.0266666666666 300
1845 -827.9833333333333 300
1846 -829.0066666666667 300
1847 -830.1833333333333 300
1848 -830.4066666666666 300
1849 -830.6666666666666 300
1850 -831.25 300
1851 -831.64 300
1852 -832.4666666666667 300
1853 -833.2033333333334 300
1854 -833.91 300
1855 -835.1366666666667 300
1856 -836.7033333333334 300
1857 -835.1833333333333 300
1858 -831.9266666666666 300
1859 -828.7933333333333 300
1860 -828.66 300
1861 -828.68 300
1862 -828.76 300
1863 -828.8733333333333 300
1864 -829.05 300
1865 -829.24 300
1866 -829.4766666666667 300
1867 -829.6433333333333 300
1868 -829.85 300
1869 -830.0566666666666 300
1870 -830.3366666666667 300
1871 -830.18 300
1872 -830.2166666666667 300
1873 -830.2166666666667 300
1874 -830.3266666666667 300
1875 -830.48 300
1876 -830.7733333333333 300
1877 -830.9333333333333 300
1878 -830.7966666666666 300
1879 -831.2366666666667 300
1880 -831.75 300
1881 -832.4466666666667 300
1882 -833.4733333333334 300
1883 -835.2033333333334 300
1884 -836.2233333333334 300
1885 -836.15 300
1886 -836.0766666666667 300
1887 -836.04 300
1888 -835.93 300
1889 -835.82 300
1890 -835.71 300
1891 -835.6366666666667 300
1892 -835.5633333333334 300
1893 -835.49 300
1894 -835.0866666666667 300
1895 -834.4633333333334 300
1896 -834.3533333333334 300
1897 -834.2433333333333 300
1898 -834.2066666666667 300
1899 -834.2066666666667 300
1900 -834.1333333333333 300
1901 -834.0966666666667 300
1902 -833.9866666666667 300
1903 -833.9133333333333 300
1904 -833.8033333333333 300
1905 -833.84 300
1906 -833.7666666666667 300
1907 -833.6566666666666 300
1908 -833.62 300
1909 -833.51 300
1910 -833.4733333333334 300
1911 -833.3633333333333 300
1912 -833.29 300
1913 -831.1333333333333 300
1914 -827.98 300
1915 -828.0166666666667 300
1916 -828.09 300
1917 -828.1266666666667 300
1918 -828.1266666666667 300
1919 -828.1633333333333 300
1920 -828.3533333333334 300
1921 -828.2566666666667 300
1922 -828.16 300
1923 -828.19 300
1924 -828.27 300
1925 -828.4166666666666 300
1926 -828.4533333333334 300
1927 -828.6233333333333 300
1928 -828.6966666666667 300
1929 -828.49 300
1930 -828.4633333333334 300
1931 -828.4633333333334 300
1932 -828.4633333333334 300
1933 -828.5366666666666 300
1934 -828.61 300
1935 -828.6466666666666 300
1936 -826.1833333333333 300
1937 -826.1833333333333 300
1938 -826.1833333333333 300
1939 -826.1833333333333 300
1940 -826.1833333333333 300
1941 -826.1833333333333 300
1942 -826.1833333333333 300
1943 -826.1866666666666 300
1944 -826.1833333333333 300
1945 -826.1333333333333 300
1946 -826.13 300
1947 -826.1266666666667 300
1948 -826.1233333333333 300
1949 -826.12 300
1950 -826.0533333333333 300
1951 -825.9333333333333 300
1952 -826.0 300
1953 -826.0 300
1954 -825.9966666666667 300
1955 -825.9933333333333 300
1956 -825.99 300
1957 -825.9866666666667 300
1958 -825.7766666666666 300
1959 -825.4 300
1960 -825.3466666666667 300
1961 -825.3566666666667 300
1962 -825.3633333333333 300
1963 -825.3666666666667 300
1964 -825.37 300
1965 -825.3766666666667 300
1966 -825.38 300
1967 -825.44 300
1968 -825.5333333333333 300
1969 -825.6 300
1970 -825.8366666666667 300
1971 -825.8633333333333 300
1972 -825.5966666666667 300
1973 -825.6066666666667 300
1974 -825.6133333333333 300
1975 -825.6366666666667 300
1976 -825.66 300
1977 -825.68 300
1978 -825.4333333333333 300
1979 -825.4366666666666 300
1980 -825.4433333333334 300
1981 -825.4466666666667 300
1982 -825.45 300
1983 -825.4566666666667 300
1984 -825.4633333333334 300
1985 -825.4866666666667 300
1986 -825.5166666666667 300
1987 -825.45 300
1988 -825.5066666666667 300
1989 -825.51 300
1990 -825.51 300
1991 -825.5166666666667 300
1992 -825.5166666666667 300
1993 -825.5166666666667 300
1994 -825.55 300
1995 -825.5633333333334 300
1996 -825.5666666666667 300
1997 -825.57 300
1998 -825.5766666666667 300
1999 -825.5766666666667 300
2000 -825.5833333333334 300
2001 -825.6533333333333 300
2002 -825.6833333333333 300
2003 -825.8033333333333 300
2004 -826.01 300
2005 -826.0 300
2006 -825.9966666666667 300
2007 -825.99 300
2008 -825.9766666666667 300
2009 -825.8433333333334 300
2010 -825.63 300
2011 -825.51 300
2012 -825.5066666666667 300
2013 -825.5133333333333 300
2014 -825.52 300
2015 -825.52 300
2016 -825.5266666666666 300
2017 -825.5766666666667 300
2018 -825.6533333333333 300
2019 -825.7433333333333 300
2020 -825.91 300
2021 -826.1166666666667 300
2022 -826.11 300
2023 -826.1033333333334 300
2024 -826.0966666666667 300
2025 -826.09 300
2026 -826.0833333333334 300
2027 -826.0766666666667 300
2028 -826.07 300
2029 -826.1233333333333 300
2030 -826.0633333333334 300
2031 -825.94 300
2032 -825.6666666666666 300
2033 -825.42 300
2034 -825.43 300
2035 -825.4366666666666 300
2036 -825.4433333333334 300
2037 -825.45 300
2038 -825.4633333333334 300
2039 -825.4666666666667 300
2040 -825.48 300
2041 -825.4433333333334 300
2042 -825.4033333333333 300
2043 -825.3666666666667 300
2044 -825.23 300
2045 -825.1266666666667 300
2046 -824.7333333333333 300
2047 -823.7566666666667 300
2048 -822.41 300
2049 -820.81 300
2050 -820.8566666666667 300
2051 -820.9933333333333 300
2052 -821.13 300
2053 -821.2666666666667 300
2054 -816.5633333333334 300
2055 -816.6533333333333 300
2056 -816.18 300
2057 -816.0933333333334 300
2058 -816.0566666666666 300
2059 -815.63 300
2060 -815.16 300
2061 -815.34 300
2062 -814.9633333333334 300
2063 -813.1 300
2064 -812.9566666666667 300
2065 -812.9566666666667 300
2066 -813.0 300
2067 -813.0433333333333 300
2068 -813.0433333333333 300
2069 -813.0433333333333 300
2070 -813.0866666666667 300
2071 -813.0866666666667 300
2072 -813.13 300
2073 -813.1733333333333 300
2074 -813.2166666666667 300
2075 -813.3033333333333 300
2076 -813.3033333333333 300
2077 -813.3466666666667 300
2078 -813.39 300
2079 -813.4333333333333 300
2080 -813.6066666666667 300
2081 -813.65 300
2082 -813.6933333333334 300
2083 -813.9533333333334 300
2084 -814.3 300
2085 -814.56 300
2086 -814.9066666666666 300
2087 -815.0366666666666 300
2088 -815.21 300
2089 -815.42 300
2090 -815.59 300
2091 -813.2566666666667 300
2092 -813.3433333333334 300
2093 -813.4333333333333 300
2094 -813.26 300
2095 -813.46 300
2096 -813.5466666666666 300
2097 -813.42 300
2098 -813.29 300
2099 -813.0266666666666 300
2100 -812.2266666666667 300
2101 -810.6233333333333 300
2102 -807.7633333333333 300
2103 -810.0866666666667 300
2104 -810.2666666666667 300
2105 -810.44 300
2106 -810.5733333333334 300
2107 -810.7466666666667 300
2108 -810.88 300
2109 -806.1066666666667 300
2110 -806.2366666666667 300
2111 -806.3266666666667 300
2112 -806.4566666666667 300
2113 -806.59 300
2114 -806.7666666666667 300
2115 -807.8966666666666 300
2116 -809.9866666666667 300
2117 -812.5466666666666 300
2118 -814.8033333333333 300
2119 -814.8933333333333 300
2120 -811.7766666666666 300
2121 -811.82 300
2122 -811.7766666666666 300
2123 -811.7766666666666 300
2124 -810.9566666666667 300
2125 -809.23 300
2126 -805.5133333333333 300
2127 -802.8266666666667 300
2128 -802.9133333333333 300
2129 -803.0433333333333 300
2130 -803.13 300
2131 -803.1733333333333 300
2132 -803.3033333333333 300
2133 -803.3366666666667 300
2134 -803.38 300
2135 -803.4666666666667 300
2136 -803.5533333333333 300
2137 -803.5966666666667 300
2138 -803.7266666666667 300
2139 -801.04 300
2140 -801.1266666666667 300
2141 -801.2133333333334 300
2142 -801.2566666666667 300
2143 -801.2566666666667 300
2144 -801.2566666666667 300
2145 -801.2566666666667 300
2146 -801.2566666666667 300
2147 -801.2566666666667 300
2148 -801.3 300
2149 -801.3 300
2150 -801.3466666666667 300
2151 -801.3466666666667 300
2152 -801.4766666666667 300
2153 -801.52 300
2154 -801.5633333333334 300
2155 -801.6533333333333 300
2156 -801.7433333333333 300
2157 -801.7466666666667 300
2158 -801.7466666666667 300
2159 -801.8766666666667 300
2160 -801.9266666666666 300
2161 -802.11 300
2162 -802.11 300
2163 -802.2 300
2164 -802.3766666666667 300
2165 -802.4666666666667 300
2166 -802.5133333333333 300
2167 -802.73 300
2168 -802.95 300
2169 -802.5233333333333 300
2170 -802.71 300
2171 -802.9333333333333 300
2172 -802.99 300
2173 -803.0966666666667 300
2174 -803.2266666666667 300
2175 -803.5166666666667 300
2176 -804.1133333333333 300
2177 -804.45 300
2178 -804.6766666666666 300
2179 -804.1166666666667 300
2180 -804.31 300
2181 -804.3966666666666 300
2182 -804.5733333333334 300
2183 -804.9733333333334 300
2184 -805.42 300
2185 -805.7466666666667 300
2186 -806.17 300
2187 -807.0633333333334 300
2188 -808.0833333333334 300
2189 -809.2266666666667 300
2190 -810.66 300
2191 -809.8833333333333 300
2192 -810.9733333333334 300
2193 -812.38 300
2194 -812.6633333333333 300
2195 -812.7033333333334 300
2196 -812.78 300
2197 -812.9033333333333 300
2198 -812.9433333333334 300
2199 -813.0233333333333 300
2200 -813.1866666666666 300
2201 -813.4766666666667 300
2202 -813.6433333333333 300
2203 -812.53 300
2204 -810.33 300
2205 -810.38 300
2206 -811.9433333333334 300
2207 -813.82 300
2208 -817.5466666666666 300
2209 -817.9966666666667 300
2210 -818.01 300
2211 -818.02 300
2212 -818.5733333333334 300
2213 -819.3133333333334 300
2214 -820.94 300
2215 -820.8933333333333 300
2216 -816.9766666666667 300
2217 -814.6566666666666 300
2218 -814.33 300
2219 -813.7033333333334 300
2220 -811.65 300
2221 -808.2133333333334 300
2222 -804.38 300
2223 -804.55 300
2224 -804.72 300
2225 -804.7633333333333 300
2226 -804.89 300
2227 -805.06 300
2228 -805.6533333333333 300
2229 -806.4533333333334 300
2230 -806.8433333333334 300
2231 -807.3133333333334 300
2232 -807.9133333333333 300
2233 -808.8166666666667 300
2234 -810.0666666666667 300
2235 -808.9233333333333 300
2236 -809.14 300
2237 -810.3833333333333 300
2238 -811.1566666666666 300
2239 -812.19 300
2240 -813.7066666666667 300
2241 -815.5066666666667 300
2242 -815.55 300
2243 -815.59 300
2244 -815.6766666666666 300
2245 -815.6333333333333 300
2246 -815.6333333333333 300
2247 -815.59 300
2248 -815.55 300
2249 -815.55 300
2250 -815.5466666666666 300
2251 -815.5466666666666 300
2252 -815.2233333333334 300
2253 -815.14 300
2254 -815.02 300
2255 -815.02 300
2256 -815.0166666666667 300
2257 -816.57 300
2258 -816.57 300
2259 -816.57 300
2260 -816.49 300
2261 -816.5333333333333 300
2262 -816.5333333333333 300
2263 -816.5766666666667 300
2264 -816.5766666666667 300
2265 -816.5766666666667 300
2266 -816.5766666666667 300
2267 -816.6233333333333 300
2268 -816.6233333333333 300
2269 -816.5866666666667 300
2270 -816.59 300
2271 -816.5933333333334 300
2272 -816.5566666666666 300
2273 -816.5566666666666 300
2274 -816.56 300
2275 -816.4833333333333 300
2276 -816.3266666666667 300
2277 -816.2466666666667 300
2278 -816.1266666666667 300
2279 -815.97 300
2280 -815.8533333333334 300
2281 -815.94 300
2282 -815.86 300
2283 -815.74 300
2284 -815.58 300
2285 -815.5033333333333 300
2286 -815.1833333333333 300
2287 -814.9433333333334 300
2288 -814.5833333333334 300
2289 -814.14 300
2290 -813.78 300
2291 -813.3633333333333 300
2292 -813.36 300
2293 -813.2833333333333 300
2294 -812.8333333333334 300
2295 -812.5033333333333 300
2296 -812.2166666666667 300
2297 -811.9566666666667 300
2298 -814.0866666666667 300
2299 -814.0466666666666 300
2300 -811.4766666666667 300
2301 -811.4366666666666 300
2302 -811.3933333333333 300
2303 -811.4366666666666 300
2304 -811.39 300
2305 -811.3433333333334 300
2306 -811.4333333333333 300
2307 -811.43 300
2308 -811.4233333333333 300
2309 -810.1 300
2310 -808.6533333333333 300
2311 -808.6966666666667 300
2312 -808.9166666666666 300
2313 -809.09 300
2314 -809.22 300
2315 -809.22 300
2316 -809.3533333333334 300
2317 -810.4066666666666 300
2318 -813.4133333333333 300
2319 -813.4366666666666 300
2320 -813.4466666666667 300
2321 -813.45 300
2322 -813.4533333333334 300
2323 -813.4566666666667 300
2324 -813.4133333333333 300
2325 -813.3733333333333 300
2326 -813.3333333333334 300
2327 -813.2933333333333 300
2328 -813.2533333333333 300
2329 -813.1633333333333 300
2330 -813.12 300
2331 -813.0366666666666 300
2332 -812.6733333333333 300
2333 -812.1 300
2334 -811.9633333333334 300
2335 -810.5666666666667 300
2336 -809.4733333333334 300
2337 -809.5166666666667 300
2338 -809.4733333333334 300
2339 -809.4733333333334 300
2340 -809.4733333333334 300
2341 -809.4733333333334 300
2342 -809.3866666666667 300
2343 -809.4733333333334 300
2344 -809.56 300
2345 -808.9533333333334 300
2346 -808.9966666666667 300
2347 -809.04 300
2348 -809.04 300
2349 -809.1266666666667 300
2350 -809.04 300
2351 -810.1666666666666 300
2352 -810.21 300
2353 -810.2533333333333 300
2354 -810.21 300
2355 -810.2966666666666 300
2356 -812.8266666666667 300
2357 -812.8266666666667 300
2358 -812.7833333333333 300
2359 -812.7833333333333 300
2360 -812.74 300
2361 -812.6966666666667 300
2362 -812.6533333333333 300
2363 -812.3066666666666 300
2364 -812.1333333333333 300
2365 -812.09 300
2366 -812.1333333333333 300
2367 -812.1333333333333 300
2368 -812.09 300
2369 -812.0466666666666 300
2370 -812.0033333333333 300
2371 -811.96 300
2372 -811.9166666666666 300
2373 -811.8733333333333 300
2374 -811.83 300
2375 -811.83 300
2376 -813.1733333333333 300
2377 -813.1733333333333 300
2378 -813.1733333333333 300
2379 -813.1733333333333 300
2380 -813.1733333333333 300
2381 -813.1733333333333 300
2382 -813.1733333333333 300
2383 -813.1733333333333 300
2384 -813.1733333333333 300
2385 -813.1733333333333 300
2386 -813.1733333333333 300
2387 -813.1733333333333 300
2388 -813.1733333333333 300
2389 -813.1733333333333 300
2390 -813.1733333333333 300
2391 -813.1733333333333 300
2392 -813.1733333333333 300
2393 -813.1733333333333 300
2394 -813.1733333333333 300
2395 -813.1733333333333 300
2396 -813.1733333333333 300
2397 -813.1733333333333 300
2398 -813.1733333333333 300
2399 -813.1733333333333 300
2400 -813.1733333333333 300
2401 -813.1733333333333 300
2402 -813.1733333333333 300
2403 -813.09 300
2404 -813.09 300
2405 -813.09 300
2406 -813.09 300
2407 -813.09 300
2408 -813.09 300
2409 -813.09 300
2410 -813.09 300
2411 -813.09 300
2412 -813.09 300
2413 -813.09 300
2414 -813.09 300
2415 -813.09 300
2416 -813.09 300
2417 -813.09 300
2418 -813.09 300
2419 -813.09 300
2420 -813.09 300
2421 -813.09 300
2422 -813.09 300
2423 -813.09 300
2424 -813.09 300
2425 -813.09 300
2426 -813.09 300
2427 -813.09 300
2428 -813.09 300
2429 -813.09 300
2430 -813.09 300
2431 -813.09 300
2432 -813.09 300
2433 -813.09 300
2434 -813.09 300
2435 -813.09 300
2436 -813.09 300
2437 -813.09 300
2438 -813.09 300
2439 -813.09 300
2440 -813.09 300
2441 -813.09 300
2442 -813.09 300
2443 -813.09 300
2444 -813.09 300
2445 -813.09 300
2446 -813.09 300
2447 -813.09 300
2448 -813.09 300
2449 -813.09 300
2450 -813.09 300
2451 -813.09 300
2452 -813.09 300
2453 -813.09 300
2454 -813.0466666666666 300
2455 -813.0466666666666 300
2456 -813.0466666666666 300
2457 -813.0466666666666 300
2458 -813.0466666666666 300
2459 -813.0466666666666 300
2460 -813.0466666666666 300
2461 -813.0466666666666 300
2462 -813.0466666666666 300
2463 -813.0466666666666 300
2464 -813.0466666666666 300
2465 -813.0466666666666 300
2466 -813.0466666666666 300
2467 -813.0466666666666 300
2468 -813.0466666666666 300
2469 -813.0466666666666 300
2470 -813.09 300
2471 -813.09 300
2472 -813.09 300
2473 -813.09 300
2474 -813.09 300
2475 -813.09 300
2476 -813.09 300
2477 -813.09 300
2478 -813.09 300
2479 -813.0466666666666 300
2480 -813.0033333333333 300
2481 -813.0033333333333 300
2482 -813.0033333333333 300
2483 -813.0033333333333 300
2484 -813.0033333333333 300
2485 -813.0033333333333 300
2486 -813.0466666666666 300
2487 -813.0033333333333 300
2488 -813.0466666666666 300
2489 -813.0466666666666 300
2490 -813.0466666666666 300
2491 -813.0466666666666 300
2492 -813.0466666666666 300
2493 -813.0033333333333 300
2494 -812.9166666666666 300
2495 -812.96 300
2496 -812.9166666666666 300
2497 -812.9166666666666 300
2498 -812.96 300
2499 -812.8733333333333 300
2500 -812.8733333333333 300
2501 -812.83 300
2502 -812.83 300
2503 -812.83 300
2504 -812.83 300
2505 -812.7866666666666 300
2506 -812.7433333333333 300
2507 -812.7866666666666 300
2508 -812.7866666666666 300
2509 -812.7866666666666 300
2510 -812.7866666666666 300
2511 -812.7433333333333 300
2512 -812.7866666666666 300
2513 -812.7866666666666 300
2514 -812.7866666666666 300
2515 -812.7866666666666 300
2516 -812.7433333333333 300
2517 -812.7 300
2518 -812.7 300
2519 -812.7 300
2520 -812.7 300
2521 -812.7866666666666 300
2522 -812.83 300
2523 -813.0466666666666 300
2524 -813.0466666666666 300
2525 -813.0466666666666 300
2526 -813.0033333333333 300
2527 -812.96 300
2528 -812.96 300
2529 -812.9166666666666 300
2530 -812.9166666666666 300
2531 -812.8733333333333 300
2532 -812.83 300
2533 -812.7866666666666 300
2534 -812.7866666666666 300
2535 -812.7433333333333 300
2536 -812.7 300
2537 -812.6566666666666 300
2538 -812.6133333333333 300
2539 -812.57 300
2540 -812.5266666666666 300
2541 -812.4833333333333 300
2542 -812.44 300
2543 -812.2666666666667 300
2544 -812.3533333333334 300
2545 -812.31 300
2546 -812.2666666666667 300
2547 -812.2233333333334 300
2548 -812.18 300
2549 -812.1366666666667 300
2550 -812.0933333333334 300
2551 -812.05 300
2552 -812.0933333333334 300
2553 -812.0933333333334 300
2554 -812.0933333333334 300
2555 -812.0933333333334 300
2556 -812.0933333333334 300
2557 -812.0933333333334 300
2558 -812.0933333333334 300
2559 -812.0933333333334 300
2560 -812.1366666666667 300
2561 -812.1366666666667 300
2562 -812.0466666666666 300
2563 -812.0466666666666 300
2564 -812.0466666666666 300
2565 -812.0466666666666 300
2566 -812.0466666666666 300
2567 -812.0466666666666 300
2568 -812.0033333333333 300
2569 -812.0033333333333 300
2570 -811.96 300
2571 -811.96 300
2572 -811.9166666666666 300
2573 -811.96 300
2574 -811.9166666666666 300
2575 -811.8733333333333 300
2576 -811.83 300
2577 -811.7866666666666 300
2578 -811.7866666666666 300
2579 -811.7433333333333 300
2580 -811.7 300
2581 -811.6566666666666 300
2582 -811.6566666666666 300
2583 -811.6133333333333 300
2584 -811.57 300
2585 -811.5266666666666 300
2586 -811.5266666666666 300
2587 -811.4833333333333 300
2588 -811.3533333333334 300
2589 -811.3533333333334 300
2590 -811.31 300
2591 -811.31 300
2592 -811.3533333333334 300
2593 -811.3533333333334 300
2594 -811.31 300
2595 -811.0933333333334 300
2596 -811.2233333333334 300
2597 -811.2233333333334 300
2598 -811.2666666666667 300
2599 -811.2666666666667 300
2600 -811.2666666666667 300
2601 -811.31 300
2602 -811.31 300
2603 -813.13 300
2604 -813.13 300
2605 -813.1833333333333 300
2606 -813.1833333333333 300
2607 -813.1833333333333 300
2608 -813.3233333333334 300
2609 -813.3233333333334 300
2610 -813.3233333333334 300
2611 -813.3233333333334 300
2612 -813.3233333333334 300
2613 -813.3233333333334 300
2614 -813.3233333333334 300
2615 -813.3233333333334 300
2616 -813.3233333333334 300
2617 -813.3233333333334 300
2618 -813.3233333333334 300
2619 -813.28 300
2620 -813.2366666666667 300
2621 -813.1933333333334 300
2622 -813.15 300
2623 -813.1066666666667 300
2624 -813.0633333333334 300
2625 -813.02 300
2626 -812.9766666666667 300
2627 -812.9333333333333 300
2628 -812.89 300
2629 -812.8466666666667 300
2630 -812.8033333333333 300
2631 -812.76 300
2632 -812.7166666666667 300
2633 -812.6733333333333 300
2634 -812.63 300
2635 -812.5866666666667 300
2636 -812.5433333333333 300
2637 -812.5 300
2638 -812.4566666666667 300
2639 -812.4133333333333 300
2640 -812.3733333333333 300
2641 -812.33 300
2642 -812.2866666666666 300
2643 -812.2433333333333 300
2644 -812.2 300
2645 -812.1566666666666 300
2646 -812.1133333333333 300
2647 -812.07 300
2648 -812.0266666666666 300
2649 -811.8533333333334 300
2650 -811.81 300
2651 -811.8966666666666 300
2652 -811.8966666666666 300
2653 -811.8966666666666 300
2654 -811.8966666666666 300
2655 -811.8966666666666 300
2656 -811.8966666666666 300
2657 -811.8966666666666 300
2658 -811.8966666666666 300
2659 -811.8966666666666 300
2660 -811.8966666666666 300
2661 -811.8966666666666 300
2662 -811.8966666666666 300
2663 -811.8966666666666 300
2664 -811.55 300
2665 -811.68 300
2666 -811.7233333333334 300
2667 -811.7666666666667 300
2668 -811.7666666666667 300
2669 -811.81 300
2670 -811.81 300
2671 -811.81 300
2672 -811.81 300
2673 -813.3266666666667 300
2674 -813.3266666666667 300
2675 -813.3266666666667 300
2676 -813.3266666666667 300
2677 -813.3266666666667 300
2678 -813.3266666666667 300
2679 -813.3266666666667 300
2680 -813.3266666666667 300
2681 -813.37 300
2682 -813.37 300
2683 -813.4133333333333 300
2684 -813.4133333333333 300
2685 -813.4133333333333 300
2686 -813.4133333333333 300
2687 -813.4133333333333 300
2688 -813.4133333333333 300
2689 -813.4133333333333 300
2690 -813.4133333333333 300
2691 -813.4133333333333 300
2692 -813.4133333333333 300
2693 -813.4133333333333 300
2694 -813.4133333333333 300
2695 -813.4133333333333 300
2696 -813.4133333333333 300
2697 -813.4133333333333 300
2698 -813.4133333333333 300
2699 -813.4133333333333 300
2700 -813.4133333333333 300
2701 -813.4566666666667 300
2702 -813.5 300
2703 -813.5 300
2704 -813.5 300
2705 -813.5 300
2706 -813.5 300
2707 -813.5 300
2708 -813.5966666666667 300
2709 -813.5966666666667 300
2710 -813.64 300
2711 -813.64 300
2712 -813.64 300
2713 -813.64 300
2714 -813.64 300
2715 -813.64 300
2716 -813.64 300
2717 -813.64 300
2718 -813.64 300
2719 -813.64 300
2720 -813.64 300
2721 -813.64 300
2722 -813.64 300
2723 -813.6833333333333 300
2724 -813.6833333333333 300
2725 -813.7966666666666 300
2726 -813.7966666666666 300
2727 -813.7933333333333 300
2728 -813.8366666666667 300
2729 -813.7933333333333 300
2730 -813.75 300
2731 -813.7933333333333 300
2732 -813.7933333333333 300
2733 -813.7933333333333 300
2734 -813.7933333333333 300
2735 -813.7933333333333 300
2736 -813.9333333333333 300
2737 -813.9866666666667 300
2738 -814.04 300
2739 -814.04 300
2740 -814.04 300
2741 -814.04 300
2742 -814.04 300
2743 -813.9266666666666 300
2744 -813.7433333333333 300
2745 -813.7433333333333 300
2746 -813.7866666666666 300
2747 -813.7866666666666 300
2748 -813.83 300
2749 -813.83 300
2750 -813.83 300
2751 -813.83 300
2752 -813.83 300
2753 -813.83 300
2754 -813.83 300
2755 -813.8733333333333 300
2756 -813.8733333333333 300
2757 -813.8733333333333 300
2758 -813.8733333333333 300
2759 -813.8733333333333 300
2760 -813.8733333333333 300
2761 -813.8733333333333 300
2762 -813.8733333333333 300
2763 -813.8733333333333 300
2764 -813.8733333333333 300
2765 -813.8733333333333 300
2766 -813.97 300
2767 -813.97 300
2768 -814.1633333333333 300
2769 -814.5466666666666 300
2770 -815.1266666666667 300
2771 -815.7966666666666 300
2772 -816.5233333333333 300
2773 -817.7266666666667 300
2774 -817.92 300
2775 -818.1566666666666 300
2776 -818.5333333333333 300
2777 -819.1366666666667 300
2778 -819.76 300
2779 -820.04 300
2780 -820.22 300
2781 -820.7666666666667 300
2782 -821.0466666666666 300
2783 -821.07 300
2784 -821.6933333333334 300
2785 -822.22 300
2786 -823.3766666666667 300
2787 -824.7733333333333 300
2788 -826.7933333333333 300
2789 -828.8466666666667 300
2790 -831.8866666666667 300
2791 -834.8566666666667 300
2792 -831.5166666666667 300
2793 -834.7633333333333 300
2794 -837.4 300
2795 -839.69 300
2796 -840.4633333333334 300
2797 -840.7633333333333 300
2798 -840.6033333333334 300
2799 -840.4433333333334 300
2800 -839.7666666666667 300
2801 -838.97 300
2802 -838.6933333333334 300
2803 -838.49 300
2804 -838.32 300
2805 -838.1166666666667 300
2806 -837.9666666666667 300
2807 -837.71 300
2808 -837.71 300
2809 -837.4533333333334 300
2810 -837.41 300
2811 -837.3033333333333 300
2812 -835.7533333333333 300
2813 -832.2 300
2814 -829.5566666666666 300
2815 -829.61 300
2816 -829.7266666666667 300
2817 -829.78 300
2818 -829.8433333333334 300
2819 -829.8533333333334 300
2820 -829.9166666666666 300
2821 -829.98 300
2822 -830.0333333333333 300
2823 -830.0433333333333 300
2824 -830.15 300
2825 -830.2866666666666 300
2826 -830.3933333333333 300
2827 -830.51 300
2828 -830.67 300
2829 -830.7566666666667 300
2830 -830.81 300
2831 -830.9166666666666 300
2832 -831.3633333333333 300
2833 -831.47 300
2834 -831.6933333333334 300
2835 -831.8433333333334 300
2836 -831.9066666666666 300
2837 -832.15 300
2838 -832.3866666666667 300
2839 -832.6866666666666 300
2840 -833.43 300
2841 -831.5366666666666 300
2842 -832.5966666666667 300
2843 -833.5633333333334 300
2844 -834.4166666666666 300
2845 -834.3733333333333 300
2846 -834.4266666666666 300
2847 -835.2833333333333 300
2848 -836.16 300
2849 -836.0633333333334 300
2850 -836.04 300
2851 -835.91 300
2852 -835.8233333333334 300
2853 -835.6633333333333 300
2854 -835.5766666666667 300
2855 -836.3333333333334 300
2856 -836.1933333333334 300
2857 -836.1066666666667 300
2858 -836.16 300
2859 -836.2766666666666 300
2860 -836.2233333333334 300
2861 -836.1666666666666 300
2862 -836.07 300
2863 -835.8366666666667 300
2864 -835.71 300
2865 -832.2166666666667 300
2866 -831.57 300
2867 -831.6766666666666 300
2868 -831.74 300
2869 -831.91 300
2870 -832.0166666666667 300
2871 -832.0366666666666 300
2872 -832.1666666666666 300
2873 -832.22 300
2874 -832.23 300
2875 -832.2933333333333 300
2876 -832.2166666666667 300
2877 -830.8266666666667 300
2878 -830.9533333333334 300
2879 -831.0266666666666 300
2880 -831.1433333333333 300
2881 -831.3133333333334 300
2882 -831.3233333333334 300
2883 -831.28 300
2884 -831.27 300
2885 -831.3233333333334 300
2886 -831.3666666666667 300
2887 -831.42 300
2888 -830.7066666666667 300
2889 -830.7066666666667 300
2890 -830.5833333333334 300
2891 -830.6366666666667 300
2892 -830.7 300
2893 -830.7633333333333 300
2894 -830.8266666666667 300
2895 -830.89 300
2896 -830.9966666666667 300
2897 -831.1133333333333 300
2898 -831.23 300
2899 -831.2933333333333 300
2900 -831.3366666666667 300
2901 -831.3266666666667 300
2902 -831.3266666666667 300
2903 -831.37 300
2904 -831.5433333333333 300
2905 -831.5433333333333 300
2906 -831.5433333333333 300
2907 -831.5333333333333 300
2908 -831.5866666666667 300
2909 -831.5766666666667 300
2910 -831.9166666666666 300
2911 -831.97 300
2912 -832.0766666666667 300
2913 -832.14 300
2914 -832.2266666666667 300
2915 -832.2166666666667 300
2916 -832.5033333333333 300
2917 -832.7066666666667 300
2918 -832.8566666666667 300
2919 -833.0266666666666 300
2920 -831.5 300
2921 -831.6066666666667 300
2922 -831.6066666666667 300
2923 -831.7233333333334 300
2924 -831.8733333333333 300
2925 -831.9366666666666 300
2926 -832.0533333333333 300
2927 -832.2033333333334 300
2928 -832.3433333333334 300
2929 -832.42 300
2930 -832.4533333333334 300
2931 -832.53 300
2932 -833.11 300
2933 -833.24 300
2934 -833.23 300
2935 -833.3066666666666 300
2936 -833.5433333333333 300
2937 -833.7033333333334 300
2938 -833.8966666666666 300
2939 -833.9733333333334 300
2940 -834.1033333333334 300
2941 -834.2333333333333 300
2942 -834.45 300
2943 -834.5266666666666 300
2944 -834.6033333333334 300
2945 -834.7333333333333 300
2946 -834.81 300
2947 -834.8866666666667 300
2948 -834.91 300
2949 -834.9433333333334 300
2950 -834.9666666666667 300
2951 -835.0333333333333 300
2952 -835.0566666666666 300
2953 -835.08 300
2954 -835.1566666666666 300
2955 -835.2233333333334 300
2956 -835.2366666666667 300
2957 -835.3566666666667 300
2958 -835.38 300
2959 -835.4133333333333 300
2960 -835.4366666666666 300
2961 -835.47 300
2962 -835.5133333333333 300
2963 -835.4166666666666 300
2964 -835.45 300
2965 -835.4833333333333 300
2966 -835.4733333333334 300
2967 -835.5166666666667 300
2968 -835.6033333333334 300
2969 -835.5066666666667 300
2970 -835.55 300
2971 -835.5733333333334 300
2972 -835.67 300
2973 -835.7133333333334 300
2974 -835.79 300
2975 -835.8333333333334 300
2976 -835.8766666666667 300
2977 -835.9533333333334 300
2978 -835.9533333333334 300
2979 -835.2533333333333 300
2980 -835.3733333333333 300
2981 -835.47 300
2982 -835.47 300
2983 -834.5666666666667 300
2984 -833.72 300
2985 -833.9133333333333 300
2986 -834.1066666666667 300
2987 -834.2566666666667 300
2988 -834.3433333333334 300
2989 -834.4166666666666 300
2990 -834.4066666666666 300
2991 -834.4066666666666 300
2992 -834.07 300
2993 -832.4866666666667 300
2994 -832.4866666666667 300
2995 -832.69 300
2996 -832.7 300
2997 -832.7766666666666 300
2998 -832.85 300
2999 -833.0333333333333 300
3000 -833.1733333333333 300
