1075.0 -706.0 
1114.0 -727.0 
1081.0 -693.0 
1121.0 -720.0 
1086.0 -695.0 
1105.0 -722.0 
1119.0 -715.0 
1112.0 -724.0 
1079.0 -702.0 
1108.0 -725.0 
1078.0 -705.0 
1084.0 -708.0 
1096.0 -717.0 
1087.0 -713.0 
1102.0 -719.0 
1103.0 -720.0 
1098.0 -718.0 
1080.0 -699.0 
1092.0 -716.0 
1100.0 -721.0 
1082.0 -701.0 
1085.0 -709.0 
1116.0 -719.0 
1083.0 -704.0 
1109.0 -726.0 
1105.0 -698.0 
1115.0 -713.0 
1112.0 -710.0 
1110.0 -708.0 
1111.0 -722.0 
1117.0 -714.0 
1114.0 -725.0 
1103.0 -707.0 
1121.0 -720.0 
1077.0 -710.0 
1075.0 -710.0 
1081.0 -698.0 
1086.0 -715.0 
1110.0 -703.0 
1082.0 -711.0 
1082.0 -700.0 
1086.0 -714.0 
1080.0 -697.0 
1077.0 -707.0 
1084.0 -712.0 
1086.0 -703.0 
1075.0 -710.0 
1109.0 -702.0 
1085.0 -696.0 
1086.0 -696.0 
1119.0 -716.0 
1110.0 -721.0 
1119.0 -717.0 
1109.0 -700.0 
1111.0 -704.0 
1103.0 -699.0 
1111.0 -706.0 
1088.0 -697.0 
1109.0 -724.0 
1105.0 -701.0 
1121.0 -718.0 
1112.0 -726.0 
1112.0 -711.0 
1111.0 -705.0 
1112.0 -712.0 
1111.0 -709.0 
1114.0 -727.0 
1119.0 -717.0 
1112.0 -724.0 
1110.0 -724.0 
1111.0 -722.0 
1088.0 -697.0 
1117.0 -714.0 
1115.0 -718.0 
1093.0 -698.0 
1090.0 -698.0 
1118.0 -716.0 
1104.0 -721.0 
1113.0 -713.0 
1106.0 -703.0 
1091.0 -702.0 
1089.0 -701.0 
1095.0 -702.0 
1107.0 -721.0 
1101.0 -703.0 
1099.0 -702.0 
1094.0 -701.0 
1097.0 -714.0 
1099.0 -702.0 
1092.0 -716.0 
1102.0 -701.0 
1087.0 -713.0 
1106.0 -705.0 
1079.0 -702.0 
1113.0 -713.0 
1088.0 -709.0 
1081.0 -710.0 
1107.0 -721.0 
1116.0 -714.0 
1082.0 -698.0 
1095.0 -705.0 
1080.0 -697.0 
1094.0 -703.0 
1086.0 -703.0 
1093.0 -700.0 
1089.0 -701.0 
1090.0 -698.0 
1083.0 -710.0 
1085.0 -699.0 
1108.0 -710.0 
1098.0 -718.0 
1096.0 -717.0 
1097.0 -714.0 
1101.0 -701.0 
1077.0 -707.0 
1078.0 -705.0 
1084.0 -712.0 
1100.0 -721.0 
1104.0 -711.0 
1091.0 -710.0 
1109.0 -726.0 
1118.0 -715.0 
1105.0 -701.0 
1103.0 -707.0 
1111.0 -704.0 
1112.0 -711.0 
1121.0 -720.0 
1075.0 -706.0 
1086.0 -696.0 
1119.0 -716.0 
1110.0 -721.0 
1105.0 -698.0 
1112.0 -710.0 
1119.0 -715.0 
1111.0 -709.0 
1111.0 -706.0 
1112.0 -712.0 
1103.0 -699.0 
1114.0 -727.0 
1115.0 -713.0 
1111.0 -705.0 
1114.0 -725.0 
1109.0 -700.0 
1112.0 -726.0 
1110.0 -708.0 
1119.0 -715.0 
1112.0 -724.0 
1088.0 -715.0 
1115.0 -713.0 
1109.0 -703.0 
1117.0 -714.0 
1093.0 -710.0 
1104.0 -711.0 
1080.0 -697.0 
1077.0 -710.0 
1087.0 -702.0 
1107.0 -721.0 
1092.0 -705.0 
1078.0 -705.0 
1083.0 -699.0 
1101.0 -701.0 
1113.0 -713.0 
1079.0 -705.0 
1099.0 -702.0 
1082.0 -701.0 
1115.0 -715.0 
1095.0 -705.0 
1085.0 -709.0 
1090.0 -698.0 
1096.0 -707.0 
1098.0 -718.0 
1102.0 -714.0 
1118.0 -716.0 
1109.0 -708.0 
1106.0 -705.0 
1084.0 -712.0 
1117.0 -715.0 
1089.0 -700.0 
1094.0 -698.0 
1116.0 -714.0 
1097.0 -712.0 
1114.0 -719.0 
1108.0 -702.0 
1100.0 -710.0 
1081.0 -710.0 
1091.0 -702.0 
1114.0 -725.0 
1088.0 -697.0 
1111.0 -706.0 
1105.0 -701.0 
1112.0 -711.0 
1121.0 -720.0 
1075.0 -706.0 
1114.0 -727.0 
1110.0 -721.0 
1109.0 -700.0 
1119.0 -717.0 
1112.0 -726.0 
1103.0 -699.0 
1103.0 -707.0 
1110.0 -708.0 
1111.0 -705.0 
1111.0 -704.0 
1105.0 -698.0 
1119.0 -716.0 
1111.0 -709.0 
1115.0 -718.0 
1112.0 -710.0 
1112.0 -712.0 
1119.0 -717.0 
1112.0 -724.0 
1109.0 -703.0 
1115.0 -718.0 
1093.0 -698.0 
1113.0 -713.0 
1091.0 -710.0 
1081.0 -705.0 
1102.0 -714.0 
1101.0 -705.0 
1094.0 -700.0 
1078.0 -705.0 
1084.0 -712.0 
1077.0 -710.0 
1097.0 -710.0 
1089.0 -701.0 
1117.0 -715.0 
1118.0 -716.0 
1110.0 -713.0 
1092.0 -700.0 
1098.0 -718.0 
1080.0 -697.0 
1096.0 -705.0 
1103.0 -700.0 
1082.0 -698.0 
1100.0 -710.0 
1087.0 -705.0 
1083.0 -699.0 
1108.0 -725.0 
1107.0 -721.0 
1085.0 -710.0 
1106.0 -705.0 
1104.0 -711.0 
1079.0 -702.0 
1095.0 -710.0 
1090.0 -701.0 
1099.0 -702.0 
1116.0 -714.0 
1111.0 -709.0 
1103.0 -707.0 
1105.0 -698.0 
1114.0 -725.0 
1112.0 -712.0 
1075.0 -706.0 
1112.0 -726.0 
1109.0 -700.0 
1108.0 -702.0 
1105.0 -701.0 
1110.0 -708.0 
1112.0 -710.0 
1111.0 -706.0 
1119.0 -715.0 
1088.0 -697.0 
1115.0 -713.0 
1111.0 -704.0 
1111.0 -705.0 
1103.0 -699.0 
1112.0 -726.0 
1112.0 -711.0 
1112.0 -724.0 
1083.0 -711.0 
1109.0 -703.0 
1115.0 -718.0 
1084.0 -712.0 
1081.0 -710.0 
1091.0 -702.0 
1101.0 -705.0 
1107.0 -721.0 
1088.0 -714.0 
1110.0 -724.0 
1087.0 -713.0 
1106.0 -705.0 
1085.0 -697.0 
1093.0 -698.0 
1113.0 -713.0 
1117.0 -715.0 
1078.0 -705.0 
1079.0 -702.0 
1086.0 -703.0 
1094.0 -700.0 
1089.0 -699.0 
1100.0 -711.0 
1080.0 -706.0 
1116.0 -714.0 
1083.0 -700.0 
1098.0 -718.0 
1104.0 -721.0 
1108.0 -706.0 
1095.0 -710.0 
1097.0 -710.0 
1096.0 -705.0 
