818.0 -829.0 
818.0 -829.0 
820.0 -837.0 
818.0 -829.0 
818.0 -829.0 
818.0 -829.0 
818.0 -829.0 
845.0 -850.0 
820.0 -837.0 
842.0 -845.0 
818.0 -829.0 
818.0 -829.0 
842.0 -845.0 
818.0 -829.0 
818.0 -829.0 
818.0 -829.0 
818.0 -829.0 
818.0 -829.0 
818.0 -829.0 
845.0 -850.0 
842.0 -845.0 
842.0 -845.0 
842.0 -845.0 
842.0 -845.0 
818.0 -829.0 
842.0 -845.0 
818.0 -829.0 
820.0 -837.0 
820.0 -837.0 
821.0 -841.0 
818.0 -829.0 
842.0 -845.0 
842.0 -845.0 
818.0 -829.0 
818.0 -829.0 
818.0 -829.0 
818.0 -829.0 
820.0 -837.0 
818.0 -829.0 
818.0 -829.0 
