988.0 -705.0 
1048.0 -757.0 
1027.0 -678.0 
1071.0 -741.0 
1027.0 -678.0 
1035.0 -751.0 
998.0 -693.0 
1010.0 -690.0 
1012.0 -733.0 
990.0 -697.0 
1038.0 -749.0 
1009.0 -729.0 
1022.0 -686.0 
1003.0 -727.0 
1013.0 -742.0 
1024.0 -680.0 
1040.0 -755.0 
1015.0 -743.0 
1004.0 -728.0 
997.0 -720.0 
999.0 -724.0 
993.0 -723.0 
1011.0 -731.0 
1036.0 -752.0 
1001.0 -726.0 
1025.0 -687.0 
1031.0 -750.0 
1050.0 -756.0 
991.0 -694.0 
1037.0 -754.0 
1028.0 -747.0 
1066.0 -730.0 
1069.0 -722.0 
1068.0 -723.0 
1020.0 -748.0 
1018.0 -746.0 
1051.0 -681.0 
1055.0 -689.0 
1057.0 -683.0 
1058.0 -692.0 
1055.0 -685.0 
1053.0 -680.0 
1063.0 -733.0 
1062.0 -699.0 
1070.0 -727.0 
1051.0 -757.0 
1061.0 -755.0 
1060.0 -700.0 
1065.0 -734.0 
1069.0 -725.0 
1067.0 -750.0 
1069.0 -731.0 
1071.0 -740.0 
1070.0 -721.0 
1069.0 -745.0 
1035.0 -753.0 
1015.0 -744.0 
1022.0 -681.0 
1009.0 -734.0 
1009.0 -732.0 
1015.0 -745.0 
1022.0 -689.0 
1022.0 -688.0 
1022.0 -685.0 
999.0 -725.0 
990.0 -695.0 
1013.0 -737.0 
988.0 -712.0 
988.0 -710.0 
988.0 -713.0 
988.0 -702.0 
988.0 -698.0 
988.0 -709.0 
988.0 -706.0 
988.0 -699.0 
1013.0 -738.0 
1010.0 -691.0 
1010.0 -692.0 
1013.0 -736.0 
988.0 -711.0 
988.0 -700.0 
988.0 -704.0 
988.0 -708.0 
988.0 -703.0 
988.0 -701.0 
988.0 -707.0 
988.0 -715.0 
988.0 -714.0 
988.0 -717.0 
1009.0 -730.0 
990.0 -721.0 
1013.0 -740.0 
988.0 -716.0 
1013.0 -739.0 
988.0 -718.0 
988.0 -719.0 
1013.0 -741.0 
1024.0 -682.0 
1009.0 -735.0 
1067.0 -709.0 
1067.0 -705.0 
1024.0 -683.0 
1060.0 -686.0 
990.0 -722.0 
1025.0 -679.0 
1069.0 -729.0 
1022.0 -684.0 
990.0 -696.0 
1065.0 -726.0 
1070.0 -719.0 
1067.0 -706.0 
1060.0 -736.0 
1065.0 -697.0 
1069.0 -715.0 
1066.0 -751.0 
1070.0 -720.0 
1060.0 -695.0 
1069.0 -714.0 
1050.0 -679.0 
1062.0 -735.0 
1062.0 -753.0 
1055.0 -688.0 
1068.0 -744.0 
1069.0 -716.0 
1065.0 -732.0 
1069.0 -748.0 
1070.0 -739.0 
1070.0 -724.0 
1071.0 -738.0 
1070.0 -747.0 
1052.0 -684.0 
1053.0 -682.0 
1063.0 -691.0 
1060.0 -698.0 
1058.0 -690.0 
1065.0 -704.0 
1059.0 -696.0 
1066.0 -743.0 
1067.0 -749.0 
1062.0 -693.0 
1067.0 -710.0 
1065.0 -701.0 
1067.0 -742.0 
1065.0 -752.0 
1062.0 -754.0 
1055.0 -687.0 
1070.0 -746.0 
1062.0 -694.0 
1070.0 -717.0 
1051.0 -756.0 
1067.0 -712.0 
1069.0 -718.0 
1065.0 -708.0 
1067.0 -711.0 
1065.0 -703.0 
1065.0 -702.0 
1069.0 -713.0 
1067.0 -737.0 
1065.0 -707.0 
1067.0 -728.0 
1071.0 -741.0 
1067.0 -728.0 
1060.0 -698.0 
1052.0 -684.0 
1057.0 -683.0 
1053.0 -680.0 
1063.0 -733.0 
1070.0 -746.0 
1061.0 -755.0 
1058.0 -690.0 
1062.0 -754.0 
1065.0 -704.0 
1059.0 -696.0 
1016.0 -744.0 
1033.0 -750.0 
1041.0 -753.0 
1005.0 -726.0 
1045.0 -754.0 
1006.0 -726.0 
1043.0 -753.0 
995.0 -694.0 
1030.0 -680.0 
1019.0 -743.0 
1056.0 -755.0 
1002.0 -724.0 
1026.0 -683.0 
1064.0 -728.0 
1017.0 -741.0 
1000.0 -722.0 
1007.0 -723.0 
1039.0 -683.0 
1054.0 -747.0 
994.0 -714.0 
996.0 -695.0 
1042.0 -684.0 
1049.0 -685.0 
1014.0 -731.0 
989.0 -705.0 
1008.0 -722.0 
992.0 -706.0 
1034.0 -743.0 
1021.0 -736.0 
1044.0 -741.0 
1032.0 -742.0 
1023.0 -736.0 
1047.0 -689.0 
1029.0 -693.0 
1046.0 -730.0 
1032.0 -742.0 
1031.0 -748.0 
1039.0 -753.0 
1030.0 -748.0 
1048.0 -757.0 
1042.0 -684.0 
1045.0 -754.0 
991.0 -712.0 
1024.0 -743.0 
992.0 -706.0 
996.0 -712.0 
1046.0 -729.0 
994.0 -714.0 
1016.0 -743.0 
1011.0 -731.0 
1018.0 -740.0 
1033.0 -750.0 
1029.0 -740.0 
1049.0 -685.0 
1007.0 -723.0 
1041.0 -753.0 
1012.0 -733.0 
998.0 -693.0 
1019.0 -734.0 
1002.0 -722.0 
997.0 -720.0 
1038.0 -749.0 
1050.0 -756.0 
1054.0 -750.0 
1026.0 -688.0 
1015.0 -740.0 
1028.0 -687.0 
1014.0 -731.0 
1068.0 -741.0 
1005.0 -726.0 
995.0 -695.0 
1064.0 -747.0 
1037.0 -754.0 
1052.0 -747.0 
1020.0 -726.0 
1035.0 -743.0 
1043.0 -753.0 
1010.0 -697.0 
1009.0 -730.0 
1006.0 -726.0 
1025.0 -679.0 
1023.0 -736.0 
1021.0 -736.0 
1036.0 -752.0 
1003.0 -727.0 
1047.0 -689.0 
1001.0 -726.0 
1000.0 -720.0 
993.0 -695.0 
999.0 -724.0 
1013.0 -725.0 
988.0 -711.0 
990.0 -696.0 
1008.0 -722.0 
1017.0 -740.0 
1044.0 -741.0 
1059.0 -750.0 
1022.0 -684.0 
1004.0 -723.0 
989.0 -709.0 
1034.0 -747.0 
1066.0 -748.0 
1056.0 -692.0 
1040.0 -755.0 
1027.0 -678.0 
1066.0 -743.0 
1051.0 -756.0 
1055.0 -687.0 
1067.0 -737.0 
1065.0 -702.0 
1065.0 -734.0 
1070.0 -727.0 
1067.0 -712.0 
1069.0 -718.0 
1060.0 -700.0 
1065.0 -707.0 
1053.0 -682.0 
1063.0 -691.0 
1058.0 -692.0 
1051.0 -757.0 
1067.0 -711.0 
1070.0 -717.0 
1062.0 -694.0 
1069.0 -725.0 
1065.0 -703.0 
1055.0 -685.0 
1071.0 -738.0 
