973.0 -908.0 
930.0 -852.0 
930.0 -852.0 
944.0 -879.0 
959.0 -900.0 
942.0 -869.0 
966.0 -903.0 
934.0 -859.0 
944.0 -879.0 
934.0 -859.0 
971.0 -905.0 
966.0 -903.0 
947.0 -887.0 
956.0 -896.0 
937.0 -864.0 
959.0 -900.0 
952.0 -894.0 
947.0 -887.0 
950.0 -892.0 
937.0 -864.0 
953.0 -895.0 
956.0 -896.0 
950.0 -892.0 
939.0 -865.0 
971.0 -905.0 
948.0 -889.0 
942.0 -869.0 
940.0 -867.0 
948.0 -889.0 
940.0 -867.0 
953.0 -895.0 
939.0 -865.0 
930.0 -852.0 
944.0 -879.0 
934.0 -859.0 
966.0 -903.0 
947.0 -887.0 
937.0 -864.0 
956.0 -896.0 
950.0 -892.0 
942.0 -869.0 
948.0 -889.0 
940.0 -867.0 
953.0 -895.0 
939.0 -865.0 
930.0 -852.0 
944.0 -879.0 
934.0 -859.0 
947.0 -887.0 
950.0 -892.0 
937.0 -864.0 
956.0 -896.0 
942.0 -869.0 
948.0 -889.0 
940.0 -867.0 
939.0 -865.0 
930.0 -852.0 
944.0 -879.0 
934.0 -859.0 
947.0 -887.0 
950.0 -892.0 
937.0 -864.0 
956.0 -896.0 
942.0 -869.0 
948.0 -889.0 
940.0 -867.0 
939.0 -865.0 
930.0 -852.0 
944.0 -879.0 
947.0 -887.0 
950.0 -892.0 
937.0 -864.0 
956.0 -896.0 
942.0 -869.0 
948.0 -889.0 
940.0 -867.0 
939.0 -865.0 
930.0 -852.0 
944.0 -879.0 
947.0 -887.0 
950.0 -892.0 
937.0 -864.0 
956.0 -896.0 
942.0 -869.0 
948.0 -889.0 
940.0 -867.0 
939.0 -865.0 
930.0 -852.0 
944.0 -879.0 
947.0 -887.0 
950.0 -892.0 
937.0 -864.0 
956.0 -896.0 
942.0 -869.0 
948.0 -889.0 
940.0 -867.0 
939.0 -865.0 
930.0 -852.0 
947.0 -887.0 
950.0 -892.0 
937.0 -864.0 
956.0 -896.0 
942.0 -869.0 
948.0 -889.0 
940.0 -867.0 
939.0 -865.0 
930.0 -852.0 
942.0 -869.0 
950.0 -892.0 
956.0 -896.0 
947.0 -887.0 
948.0 -889.0 
940.0 -867.0 
939.0 -865.0 
930.0 -852.0 
942.0 -869.0 
950.0 -892.0 
956.0 -896.0 
947.0 -887.0 
948.0 -889.0 
940.0 -867.0 
939.0 -865.0 
930.0 -852.0 
942.0 -869.0 
950.0 -892.0 
956.0 -896.0 
947.0 -887.0 
948.0 -889.0 
940.0 -867.0 
939.0 -865.0 
930.0 -852.0 
956.0 -896.0 
942.0 -869.0 
947.0 -887.0 
948.0 -889.0 
950.0 -892.0 
940.0 -867.0 
939.0 -865.0 
930.0 -852.0 
942.0 -869.0 
947.0 -887.0 
948.0 -889.0 
950.0 -892.0 
940.0 -867.0 
939.0 -865.0 
942.0 -869.0 
947.0 -887.0 
948.0 -889.0 
950.0 -892.0 
940.0 -867.0 
939.0 -865.0 
942.0 -869.0 
947.0 -887.0 
950.0 -892.0 
940.0 -867.0 
939.0 -865.0 
942.0 -869.0 
947.0 -887.0 
950.0 -892.0 
940.0 -867.0 
939.0 -865.0 
942.0 -869.0 
947.0 -887.0 
939.0 -865.0 
950.0 -892.0 
940.0 -867.0 
947.0 -887.0 
942.0 -869.0 
939.0 -865.0 
940.0 -867.0 
947.0 -887.0 
942.0 -869.0 
939.0 -865.0 
940.0 -867.0 
947.0 -887.0 
942.0 -869.0 
939.0 -865.0 
940.0 -867.0 
947.0 -887.0 
942.0 -869.0 
939.0 -865.0 
940.0 -867.0 
947.0 -887.0 
942.0 -869.0 
939.0 -865.0 
940.0 -867.0 
942.0 -869.0 
940.0 -867.0 
942.0 -869.0 
940.0 -867.0 
942.0 -869.0 
940.0 -867.0 
942.0 -869.0 
940.0 -867.0 
942.0 -869.0 
940.0 -867.0 
942.0 -869.0 
940.0 -867.0 
942.0 -869.0 
940.0 -867.0 
940.0 -867.0 
942.0 -869.0 
940.0 -867.0 
942.0 -869.0 
940.0 -867.0 
942.0 -869.0 
940.0 -867.0 
942.0 -869.0 
940.0 -867.0 
942.0 -869.0 
940.0 -867.0 
942.0 -869.0 
940.0 -867.0 
942.0 -869.0 
942.0 -869.0 
940.0 -867.0 
942.0 -869.0 
940.0 -867.0 
942.0 -869.0 
940.0 -867.0 
942.0 -869.0 
940.0 -867.0 
942.0 -869.0 
940.0 -867.0 
942.0 -869.0 
940.0 -867.0 
942.0 -869.0 
940.0 -867.0 
942.0 -869.0 
940.0 -867.0 
942.0 -869.0 
940.0 -867.0 
942.0 -869.0 
940.0 -867.0 
942.0 -869.0 
940.0 -867.0 
942.0 -869.0 
940.0 -867.0 
942.0 -869.0 
940.0 -867.0 
942.0 -869.0 
942.0 -869.0 
942.0 -869.0 
942.0 -869.0 
942.0 -869.0 
942.0 -869.0 
942.0 -869.0 
942.0 -869.0 
942.0 -869.0 
942.0 -869.0 
942.0 -869.0 
942.0 -869.0 
942.0 -869.0 
942.0 -869.0 
942.0 -869.0 
942.0 -869.0 
942.0 -869.0 
942.0 -869.0 
942.0 -869.0 
942.0 -869.0 
942.0 -869.0 
942.0 -869.0 
942.0 -869.0 
939.0 -865.0 
940.0 -867.0 
947.0 -887.0 
947.0 -887.0 
940.0 -867.0 
942.0 -869.0 
942.0 -869.0 
942.0 -869.0 
942.0 -869.0 
942.0 -869.0 
940.0 -867.0 
940.0 -867.0 
939.0 -865.0 
942.0 -869.0 
942.0 -869.0 
948.0 -889.0 
942.0 -869.0 
947.0 -887.0 
942.0 -869.0 
947.0 -887.0 
948.0 -889.0 
947.0 -887.0 
939.0 -865.0 
942.0 -869.0 
940.0 -867.0 
942.0 -869.0 
939.0 -865.0 
942.0 -869.0 
942.0 -869.0 
942.0 -869.0 
942.0 -869.0 
947.0 -887.0 
942.0 -869.0 
942.0 -869.0 
942.0 -869.0 
947.0 -887.0 
942.0 -869.0 
