1896 -1440.22 300
1897 -1437.45 300
1898 -1431.0033333333333 300
1899 -1417.1766666666667 300
1900 -1414.8333333333333 300
1901 -1414.4566666666667 300
1902 -1414.1733333333334 300
1903 -1413.8433333333332 300
1904 -1412.8533333333332 300
1905 -1410.3533333333332 300
1906 -1405.0666666666666 300
1907 -1396.4166666666667 300
1908 -1396.2766666666666 300
1909 -1399.35 300
1910 -1400.4533333333334 300
1911 -1405.6066666666666 300
1912 -1407.6733333333334 300
1913 -1411.0433333333333 300
1914 -1412.5033333333333 300
1915 -1412.09 300
1916 -1411.88 300
1917 -1411.9533333333334 300
1918 -1411.9333333333334 300
1919 -1411.71 300
1920 -1411.35 300
1921 -1411.5366666666666 300
1922 -1410.8866666666668 300
1923 -1410.1933333333334 300
1924 -1409.0666666666666 300
1925 -1411.5366666666666 300
1926 -1412.8933333333334 300
1927 -1413.2 300
1928 -1413.91 300
1929 -1413.9466666666667 300
1930 -1414.4366666666667 300
1931 -1414.62 300
1932 -1414.99 300
1933 -1413.95 300
1934 -1413.5166666666667 300
1935 -1414.0066666666667 300
1936 -1414.37 300
1937 -1414.37 300
1938 -1414.38 300
1939 -1411.8666666666666 300
1940 -1411.69 300
1941 -1411.3366666666666 300
1942 -1410.72 300
1943 -1409.9233333333334 300
1944 -1408.1133333333332 300
1945 -1404.4766666666667 300
1946 -1402.39 300
1947 -1403.5133333333333 300
1948 -1405.2033333333334 300
1949 -1407.7 300
1950 -1406.26 300
1951 -1402.4866666666667 300
1952 -1400.76 300
1953 -1400.5666666666666 300
1954 -1399.6166666666666 300
1955 -1399.6666666666667 300
1956 -1399.7866666666666 300
1957 -1398.9966666666667 300
1958 -1396.37 300
1959 -1395.4533333333334 300
1960 -1394.8733333333332 300
1961 -1392.9833333333333 300
1962 -1390.0933333333332 300
1963 -1382.7666666666667 300
1964 -1384.8533333333332 300
1965 -1388.0866666666666 300
1966 -1388.0966666666666 300
1967 -1391.45 300
1968 -1388.9866666666667 300
1969 -1383.4733333333334 300
1970 -1374.0033333333333 300
1971 -1371.1966666666667 300
1972 -1369.5066666666667 300
1973 -1364.2733333333333 300
1974 -1356.98 300
1975 -1356.7633333333333 300
1976 -1356.8866666666668 300
1977 -1357.23 300
1978 -1357.79 300
1979 -1358.5633333333333 300
1980 -1360.0366666666666 300
1981 -1362.6 300
1982 -1366.52 300
1983 -1363.4633333333334 300
1984 -1357.6833333333334 300
1985 -1357.8 300
1986 -1357.7166666666667 300
1987 -1357.6033333333332 300
1988 -1357.8666666666666 300
1989 -1357.22 300
1990 -1355.7333333333333 300
1991 -1353.7433333333333 300
1992 -1352.0633333333333 300
1993 -1348.8533333333332 300
1994 -1345.0466666666666 300
1995 -1336.29 300
1996 -1328.7433333333333 300
1997 -1329.0533333333333 300
1998 -1326.3666666666666 300
1999 -1326.1233333333332 300
2000 -1325.55 300
2001 -1323.68 300
2002 -1324.9666666666667 300
2003 -1326.2466666666667 300
2004 -1325.2966666666666 300
2005 -1323.3366666666666 300
2006 -1322.48 300
2007 -1324.76 300
2008 -1324.03 300
2009 -1322.6666666666667 300
2010 -1320.0366666666666 300
2011 -1321.49 300
2012 -1318.22 300
2013 -1311.14 300
2014 -1308.0766666666666 300
2015 -1308.6533333333334 300
2016 -1310.74 300
2017 -1310.0166666666667 300
2018 -1306.64 300
2019 -1307.5733333333333 300
2020 -1301.03 300
2021 -1298.6233333333332 300
2022 -1298.62 300
2023 -1298.5633333333333 300
2024 -1298.5 300
2025 -1298.4966666666667 300
2026 -1298.42 300
2027 -1298.3333333333333 300
2028 -1298.5166666666667 300
2029 -1297.9766666666667 300
2030 -1297.43 300
2031 -1297.4466666666667 300
2032 -1297.25 300
2033 -1297.16 300
2034 -1296.6966666666667 300
2035 -1296.0433333333333 300
2036 -1295.3066666666666 300
2037 -1293.63 300
2038 -1291.0233333333333 300
2039 -1286.31 300
2040 -1276.8833333333334 300
2041 -1275.41 300
2042 -1275.5966666666666 300
2043 -1275.87 300
2044 -1276.29 300
2045 -1276.7066666666667 300
2046 -1277.6366666666668 300
2047 -1278.55 300
2048 -1278.5766666666666 300
2049 -1279.3733333333332 300
2050 -1281.4333333333334 300
2051 -1279.4666666666667 300
2052 -1277.55 300
2053 -1277.18 300
2054 -1277.87 300
2055 -1278.47 300
2056 -1279.0366666666666 300
2057 -1279.55 300
2058 -1280.5833333333333 300
2059 -1277.3566666666666 300
2060 -1277.5566666666666 300
2061 -1273.86 300
2062 -1269.2933333333333 300
2063 -1268.6166666666666 300
2064 -1267.7066666666667 300
2065 -1265.2966666666666 300
2066 -1260.4833333333333 300
2067 -1257.4066666666668 300
2068 -1257.4066666666668 300
2069 -1257.4066666666668 300
2070 -1257.4066666666668 300
2071 -1257.45 300
2072 -1257.3633333333332 300
2073 -1257.1033333333332 300
2074 -1256.6266666666668 300
2075 -1255.5 300
2076 -1253.3766666666668 300
2077 -1248.4366666666667 300
2078 -1248.74 300
2079 -1249.1733333333334 300
2080 -1250.05 300
2081 -1249.3133333333333 300
2082 -1245.8366666666666 300
2083 -1245.2733333333333 300
2084 -1245.6233333333332 300
2085 -1245.6666666666667 300
2086 -1246.1433333333334 300
2087 -1246.4033333333334 300
2088 -1246.8333333333333 300
2089 -1248.2166666666667 300
2090 -1248.18 300
2091 -1246.2566666666667 300
2092 -1247.86 300
2093 -1250.5466666666666 300
2094 -1252.5333333333333 300
2095 -1250.41 300
2096 -1248.1133333333332 300
2097 -1243.3033333333333 300
2098 -1243.4333333333334 300
2099 -1243.52 300
2100 -1243.6933333333334 300
2101 -1243.7366666666667 300
2102 -1243.6933333333334 300
2103 -1243.8666666666666 300
2104 -1243.9066666666668 300
2105 -1243.8633333333332 300
2106 -1243.91 300
2107 -1244.0833333333333 300
2108 -1244.3366666666666 300
2109 -1243.7233333333334 300
2110 -1243.6466666666668 300
2111 -1243.4433333333334 300
2112 -1243.26 300
2113 -1242.3833333333334 300
2114 -1242.5233333333333 300
2115 -1241.9233333333334 300
2116 -1241.1133333333332 300
2117 -1240.1133333333332 300
2118 -1238.05 300
2119 -1236.7366666666667 300
2120 -1232.3633333333332 300
2121 -1225.3733333333332 300
2122 -1226.2333333333333 300
2123 -1218.8933333333334 300
2124 -1213.3966666666668 300
2125 -1207.39 300
2126 -1205.7 300
2127 -1208.14 300
2128 -1211.5433333333333 300
2129 -1215.5333333333333 300
2130 -1212.7966666666666 300
2131 -1208.8666666666666 300
2132 -1208.3333333333333 300
2133 -1208.0066666666667 300
2134 -1208.4333333333334 300
2135 -1208.9433333333334 300
2136 -1208.59 300
2137 -1209.8933333333334 300
2138 -1208.1366666666668 300
2139 -1202.67 300
2140 -1202.1766666666667 300
2141 -1201.3266666666666 300
2142 -1200.3633333333332 300
2143 -1201.0433333333333 300
2144 -1201.1366666666668 300
2145 -1201.2733333333333 300
2146 -1201.3966666666668 300
2147 -1201.62 300
2148 -1201.98 300
2149 -1204.5366666666666 300
2150 -1200.0766666666666 300
2151 -1198.88 300
2152 -1197.9066666666668 300
2153 -1199.2266666666667 300
2154 -1202.6866666666667 300
2155 -1202.2833333333333 300
2156 -1202.9666666666667 300
2157 -1203.2666666666667 300
2158 -1200.0966666666666 300
2159 -1194.5566666666666 300
2160 -1184.5933333333332 300
2161 -1175.2166666666667 300
2162 -1179.15 300
2163 -1180.7266666666667 300
2164 -1181.64 300
2165 -1181.6166666666666 300
2166 -1176.57 300
2167 -1172.0 300
2168 -1171.86 300
2169 -1172.2266666666667 300
2170 -1172.16 300
2171 -1171.83 300
2172 -1170.8066666666666 300
2173 -1168.5333333333333 300
2174 -1165.2466666666667 300
2175 -1160.53 300
2176 -1145.0 300
2177 -1142.83 300
2178 -1127.9566666666667 300
2179 -1128.0433333333333 300
2180 -1128.13 300
2181 -1128.2166666666667 300
2182 -1128.56 300
2183 -1129.3333333333333 300
2184 -1131.1266666666668 300
2185 -1135.0266666666666 300
2186 -1138.72 300
2187 -1140.3866666666668 300
2188 -1140.6066666666666 300
2189 -1140.86 300
2190 -1141.4333333333334 300
2191 -1142.5433333333333 300
2192 -1144.9366666666667 300
2193 -1149.4166666666667 300
2194 -1155.6433333333334 300
2195 -1159.75 300
2196 -1162.5233333333333 300
2197 -1157.7033333333334 300
2198 -1150.15 300
2199 -1142.9 300
2200 -1143.5666666666666 300
2201 -1142.4133333333334 300
2202 -1141.3333333333333 300
2203 -1138.3733333333332 300
2204 -1138.32 300
2205 -1134.6033333333332 300
2206 -1122.2133333333334 300
2207 -1118.6333333333334 300
2208 -1116.2833333333333 300
2209 -1117.1 300
2210 -1115.91 300
2211 -1114.0933333333332 300
2212 -1112.36 300
2213 -1112.4766666666667 300
2214 -1112.48 300
2215 -1112.82 300
2216 -1112.2366666666667 300
2217 -1112.2366666666667 300
2218 -1112.4966666666667 300
2219 -1113.1233333333332 300
2220 -1113.4966666666667 300
2221 -1113.82 300
2222 -1113.9366666666667 300
2223 -1113.84 300
2224 -1113.8033333333333 300
2225 -1113.7433333333333 300
2226 -1114.2466666666667 300
2227 -1114.84 300
2228 -1115.7166666666667 300
2229 -1116.84 300
2230 -1117.78 300
2231 -1118.05 300
2232 -1120.1066666666666 300
2233 -1108.3566666666666 300
2234 -1108.22 300
2235 -1107.4133333333334 300
2236 -1106.2433333333333 300
2237 -1105.9766666666667 300
2238 -1105.9766666666667 300
2239 -1105.98 300
2240 -1105.99 300
2241 -1105.96 300
2242 -1105.9166666666667 300
2243 -1105.7 300
2244 -1105.4533333333334 300
2245 -1104.7366666666667 300
2246 -1105.14 300
2247 -1104.1133333333332 300
2248 -1101.8733333333332 300
2249 -1098.59 300
2250 -1098.81 300
2251 -1099.2066666666667 300
2252 -1098.8666666666666 300
2253 -1096.2833333333333 300
2254 -1095.17 300
2255 -1096.2333333333333 300
2256 -1090.5933333333332 300
2257 -1088.6466666666668 300
2258 -1085.0866666666666 300
2259 -1081.1333333333334 300
2260 -1081.36 300
2261 -1081.37 300
2262 -1080.38 300
2263 -1080.3133333333333 300
2264 -1080.0066666666667 300
2265 -1078.5966666666666 300
2266 -1077.3366666666666 300
2267 -1075.1033333333332 300
2268 -1070.5766666666666 300
2269 -1071.68 300
2270 -1072.9033333333334 300
2271 -1070.2933333333333 300
2272 -1072.0066666666667 300
2273 -1073.6933333333334 300
2274 -1071.23 300
2275 -1071.3233333333333 300
2276 -1065.2266666666667 300
2277 -1059.7533333333333 300
2278 -1056.4433333333334 300
2279 -1056.1533333333334 300
2280 -1055.0133333333333 300
2281 -1050.4133333333334 300
2282 -1050.3066666666666 300
2283 -1049.98 300
2284 -1047.4733333333334 300
2285 -1048.0133333333333 300
2286 -1048.51 300
2287 -1048.6866666666667 300
2288 -1050.1733333333334 300
2289 -1051.1566666666668 300
2290 -1055.4733333333334 300
2291 -1055.8866666666668 300
2292 -1047.7933333333333 300
2293 -1048.6933333333334 300
2294 -1049.5633333333333 300
2295 -1049.1466666666668 300
2296 -1050.4666666666667 300
2297 -1052.5166666666667 300
2298 -1053.4766666666667 300
2299 -1054.56 300
2300 -1054.0833333333333 300
2301 -1049.2733333333333 300
2302 -1046.1366666666668 300
2303 -1046.0833333333333 300
2304 -1046.2433333333333 300
2305 -1047.0266666666666 300
2306 -1047.3633333333332 300
2307 -1048.13 300
2308 -1046.8966666666668 300
2309 -1044.55 300
2310 -1044.45 300
2311 -1041.04 300
2312 -1040.1866666666667 300
2313 -1040.2833333333333 300
2314 -1040.1866666666667 300
2315 -1040.1866666666667 300
2316 -1040.1866666666667 300
2317 -1040.1866666666667 300
2318 -1040.1866666666667 300
2319 -1040.1866666666667 300
2320 -1040.1433333333334 300
2321 -1040.1833333333334 300
2322 -1040.14 300
2323 -1040.2366666666667 300
2324 -1040.2366666666667 300
2325 -1040.28 300
2326 -1040.28 300
2327 -1040.2266666666667 300
2328 -1040.28 300
2329 -1040.1366666666668 300
2330 -1040.14 300
2331 -1040.14 300
2332 -1040.14 300
2333 -1040.14 300
2334 -1040.2266666666667 300
2335 -1040.2266666666667 300
2336 -1040.2266666666667 300
2337 -1040.2266666666667 300
2338 -1040.3166666666666 300
2339 -1040.36 300
2340 -1040.3166666666666 300
2341 -1040.1866666666667 300
2342 -1040.1866666666667 300
2343 -1040.1433333333334 300
2344 -1040.1366666666668 300
2345 -1040.2233333333334 300
2346 -1040.2666666666667 300
2347 -1040.3966666666668 300
2348 -1040.7433333333333 300
2349 -1041.4366666666667 300
2350 -1042.8666666666666 300
2351 -1044.8566666666666 300
2352 -1043.46 300
2353 -1040.13 300
2354 -1040.13 300
2355 -1040.0 300
2356 -1040.0 300
2357 -1040.0 300
2358 -1039.9966666666667 300
2359 -1040.0 300
2360 -1040.0 300
2361 -1040.0433333333333 300
2362 -1040.0866666666666 300
2363 -1040.0333333333333 300
2364 -1039.97 300
2365 -1039.8866666666668 300
2366 -1041.03 300
2367 -1041.7233333333334 300
2368 -1042.7633333333333 300
2369 -1042.4833333333333 300
2370 -1041.77 300
2371 -1041.0233333333333 300
2372 -1039.41 300
2373 -1039.13 300
2374 -1038.55 300
2375 -1037.7766666666666 300
2376 -1036.6166666666666 300
2377 -1034.06 300
2378 -1030.43 300
2379 -1030.5266666666666 300
2380 -1023.0833333333334 300
2381 -1014.77 300
2382 -1014.77 300
2383 -1014.77 300
2384 -1014.77 300
2385 -1014.91 300
2386 -1014.91 300
2387 -1014.91 300
2388 -1011.1366666666667 300
2389 -1011.2233333333334 300
2390 -1011.23 300
2391 -1011.23 300
2392 -1011.1333333333333 300
2393 -1011.2633333333333 300
2394 -1011.3166666666667 300
2395 -1011.36 300
2396 -1011.0866666666667 300
2397 -1011.0433333333333 300
2398 -1011.0433333333333 300
2399 -1011.14 300
2400 -1011.14 300
2401 -1011.14 300
2402 -1011.14 300
2403 -1011.5266666666666 300
2404 -1012.2033333333334 300
2405 -1013.5033333333333 300
2406 -1016.1133333333333 300
2407 -1020.0766666666667 300
2408 -1024.9633333333334 300
2409 -1029.12 300
2410 -1034.8233333333333 300
2411 -1039.56 300
2412 -1039.5166666666667 300
2413 -1039.0333333333333 300
2414 -1038.4533333333334 300
2415 -1039.81 300
2416 -1040.1 300
2417 -1040.1 300
2418 -1040.1033333333332 300
2419 -1040.1 300
2420 -1040.1033333333332 300
2421 -1040.1 300
2422 -1040.1966666666667 300
2423 -1040.1966666666667 300
2424 -1040.1966666666667 300
2425 -1040.2 300
2426 -1040.2433333333333 300
2427 -1040.2 300
2428 -1040.2 300
2429 -1040.1133333333332 300
2430 -1039.9833333333333 300
2431 -1039.7666666666667 300
2432 -1038.9866666666667 300
2433 -1039.8533333333332 300
2434 -1039.5933333333332 300
2435 -1039.03 300
2436 -1038.3333333333333 300
2437 -1036.9933333333333 300
2438 -1036.3733333333332 300
2439 -1037.9333333333334 300
2440 -1037.1 300
2441 -1035.3233333333333 300
2442 -1036.7533333333333 300
2443 -1034.8033333333333 300
2444 -1034.5866666666666 300
2445 -1032.3766666666668 300
2446 -1032.25 300
2447 -1033.1166666666666 300
2448 -1033.81 300
2449 -1035.8033333333333 300
2450 -1036.4166666666667 300
2451 -1036.59 300
2452 -1035.5 300
2453 -1036.6233333333332 300
2454 -1036.66 300
2455 -1034.23 300
2456 -1031.7466666666667 300
2457 -1031.6066666666666 300
2458 -1032.0366666666666 300
2459 -1032.6366666666668 300
2460 -1033.7433333333333 300
2461 -1034.9766666666667 300
2462 -1036.3066666666666 300
2463 -1036.8833333333334 300
2464 -1035.7666666666667 300
2465 -1035.7033333333334 300
2466 -1035.7533333333333 300
2467 -1038.3533333333332 300
2468 -1039.9133333333334 300
2469 -1039.98 300
2470 -1040.17 300
2471 -1040.35 300
2472 -1040.32 300
2473 -1040.2833333333333 300
2474 -1040.05 300
2475 -1039.8366666666666 300
2476 -1039.74 300
2477 -1039.8933333333334 300
2478 -1039.51 300
2479 -1038.6733333333334 300
2480 -1037.3966666666668 300
2481 -1035.9566666666667 300
2482 -1033.79 300
2483 -1029.07 300
2484 -1022.4233333333333 300
2485 -1017.05 300
2486 -1011.3766666666667 300
2487 -1010.85 300
2488 -1009.4866666666667 300
2489 -1007.25 300
2490 -1004.4266666666666 300
2491 -1001.0133333333333 300
2492 -1000.87 300
2493 -1000.8666666666667 300
2494 -1000.65 300
2495 -1000.5533333333333 300
2496 -1000.97 300
2497 -1001.01 300
2498 -999.29 300
2499 -999.3866666666667 300
2500 -999.3866666666667 300
2501 -999.43 300
2502 -999.43 300
2503 -999.35 300
2504 -999.1933333333334 300
2505 -999.1066666666667 300
2506 -999.0633333333334 300
2507 -998.8033333333333 300
2508 -998.37 300
2509 -998.0966666666667 300
2510 -998.0533333333333 300
2511 -998.0966666666667 300
2512 -998.2366666666667 300
2513 -998.41 300
2514 -998.4766666666667 300
2515 -998.2733333333333 300
2516 -998.2733333333333 300
2517 -998.2733333333333 300
2518 -998.2733333333333 300
2519 -998.2733333333333 300
2520 -998.23 300
2521 -998.1866666666666 300
2522 -998.0133333333333 300
2523 -997.84 300
2524 -997.3633333333333 300
2525 -996.28 300
2526 -994.8933333333333 300
2527 -991.1066666666667 300
2528 -986.69 300
2529 -986.7333333333333 300
2530 -986.7766666666666 300
2531 -986.8233333333334 300
2532 -986.8233333333334 300
2533 -986.91 300
2534 -987.0933333333334 300
2535 -987.0933333333334 300
2536 -987.3966666666666 300
2537 -987.4433333333334 300
2538 -987.6166666666667 300
2539 -987.71 300
2540 -987.96 300
2541 -987.9133333333333 300
2542 -988.78 300
2543 -989.04 300
2544 -989.2566666666667 300
2545 -989.6466666666666 300
2546 -989.8633333333333 300
2547 -990.38 300
2548 -991.1133333333333 300
2549 -988.7733333333333 300
2550 -988.99 300
2551 -988.9433333333334 300
2552 -988.4166666666666 300
2553 -986.59 300
2554 -984.1266666666667 300
2555 -980.7966666666666 300
2556 -977.7133333333334 300
2557 -977.6266666666667 300
2558 -977.8 300
2559 -978.45 300
2560 -979.39 300
2561 -980.51 300
2562 -982.4533333333334 300
2563 -984.4366666666666 300
2564 -983.33 300
2565 -981.71 300
2566 -979.0666666666667 300
2567 -974.44 300
2568 -974.46 300
2569 -974.9466666666667 300
2570 -974.99 300
2571 -975.0333333333333 300
2572 -975.12 300
2573 -975.25 300
2574 -975.4666666666667 300
2575 -975.6833333333333 300
2576 -975.9433333333334 300
2577 -976.5933333333334 300
2578 -977.2866666666666 300
2579 -977.55 300
2580 -978.2433333333333 300
2581 -979.2 300
2582 -980.5866666666667 300
2583 -977.51 300
2584 -973.3933333333333 300
2585 -973.44 300
2586 -973.35 300
2587 -973.4966666666667 300
2588 -973.6933333333334 300
2589 -972.9066666666666 300
2590 -972.9066666666666 300
2591 -972.95 300
2592 -972.95 300
2593 -972.9933333333333 300
2594 -972.7333333333333 300
2595 -972.0433333333333 300
2596 -972.0 300
2597 -971.9566666666667 300
2598 -971.8633333333333 300
2599 -971.7366666666667 300
2600 -971.4766666666667 300
2601 -971.5133333333333 300
2602 -971.25 300
2603 -970.8933333333333 300
2604 -969.97 300
2605 -969.1833333333333 300
2606 -967.2066666666667 300
2607 -968.29 300
2608 -968.83 300
2609 -971.2166666666667 300
2610 -971.3 300
2611 -971.2533333333333 300
2612 -970.4666666666667 300
2613 -969.5366666666666 300
2614 -967.5733333333334 300
2615 -964.1233333333333 300
2616 -964.8266666666667 300
2617 -960.1666666666666 300
2618 -960.3566666666667 300
2619 -960.3566666666667 300
2620 -960.4133333333333 300
2621 -960.52 300
2622 -960.72 300
2623 -960.56 300
2624 -960.1166666666667 300
2625 -960.2533333333333 300
2626 -960.34 300
2627 -960.5166666666667 300
2628 -960.8233333333334 300
2629 -961.13 300
2630 -961.52 300
2631 -961.9133333333333 300
2632 -961.4033333333333 300
2633 -961.7066666666667 300
2634 -961.36 300
2635 -961.9666666666667 300
2636 -962.3166666666667 300
2637 -963.0533333333333 300
2638 -963.66 300
2639 -963.5233333333333 300
2640 -963.5233333333333 300
2641 -963.5666666666667 300
2642 -964.52 300
2643 -965.5166666666667 300
2644 -967.4266666666666 300
2645 -967.47 300
2646 -968.38 300
2647 -968.2933333333333 300
2648 -968.0333333333333 300
2649 -967.73 300
2650 -966.82 300
2651 -966.0866666666667 300
2652 -964.27 300
2653 -960.8033333333333 300
2654 -959.0733333333334 300
2655 -959.11 300
2656 -959.11 300
2657 -959.1133333333333 300
2658 -959.1133333333333 300
2659 -959.1133333333333 300
2660 -959.1133333333333 300
2661 -959.1133333333333 300
2662 -958.9833333333333 300
2663 -959.03 300
2664 -958.9766666666667 300
2665 -958.9766666666667 300
2666 -958.9766666666667 300
2667 -958.0966666666667 300
2668 -958.0033333333333 300
2669 -958.0033333333333 300
2670 -958.0033333333333 300
2671 -958.09 300
2672 -958.09 300
2673 -958.0866666666667 300
2674 -958.0866666666667 300
2675 -958.0866666666667 300
2676 -958.0866666666667 300
2677 -958.0966666666667 300
2678 -958.0966666666667 300
2679 -958.0966666666667 300
2680 -958.0966666666667 300
2681 -958.0966666666667 300
2682 -958.2533333333333 300
2683 -958.2966666666666 300
2684 -958.3833333333333 300
2685 -958.47 300
2686 -958.5766666666667 300
2687 -958.8366666666667 300
2688 -959.01 300
2689 -958.9533333333334 300
2690 -958.9966666666667 300
2691 -958.9966666666667 300
2692 -958.9966666666667 300
2693 -958.9966666666667 300
2694 -959.04 300
2695 -959.0833333333334 300
2696 -959.0833333333334 300
2697 -959.1266666666667 300
2698 -959.17 300
2699 -959.2566666666667 300
2700 -959.3 300
2701 -958.26 300
2702 -958.26 300
2703 -958.26 300
2704 -958.26 300
2705 -958.26 300
2706 -958.26 300
2707 -958.26 300
2708 -958.2133333333334 300
2709 -958.1666666666666 300
2710 -958.12 300
2711 -958.1166666666667 300
2712 -957.7433333333333 300
2713 -958.1666666666666 300
2714 -958.0733333333334 300
2715 -957.88 300
2716 -957.6 300
2717 -957.3633333333333 300
2718 -956.57 300
2719 -955.5433333333333 300
2720 -953.96 300
2721 -950.6966666666667 300
2722 -951.0433333333333 300
2723 -949.3166666666667 300
2724 -945.0666666666667 300
2725 -945.0666666666667 300
2726 -945.0666666666667 300
2727 -945.0666666666667 300
2728 -945.11 300
2729 -945.2 300
2730 -945.2433333333333 300
2731 -945.2866666666666 300
2732 -945.2866666666666 300
2733 -945.2866666666666 300
2734 -945.2 300
2735 -945.0266666666666 300
2736 -945.03 300
2737 -945.08 300
2738 -945.04 300
2739 -945.0 300
2740 -945.0866666666667 300
2741 -945.0933333333334 300
2742 -945.05 300
2743 -945.0633333333334 300
2744 -944.89 300
2745 -945.29 300
2746 -945.29 300
2747 -944.9633333333334 300
2748 -944.92 300
2749 -944.8766666666667 300
2750 -944.8333333333334 300
2751 -944.7933333333333 300
2752 -944.6633333333333 300
2753 -944.6633333333333 300
2754 -944.5333333333333 300
2755 -944.37 300
2756 -943.7633333333333 300
2757 -942.68 300
2758 -939.4433333333334 300
2759 -934.7666666666667 300
2760 -934.8533333333334 300
2761 -934.9333333333333 300
2762 -935.0166666666667 300
2763 -933.45 300
2764 -932.32 300
2765 -932.45 300
2766 -932.5366666666666 300
2767 -932.6233333333333 300
2768 -931.7566666666667 300
2769 -931.8866666666667 300
2770 -932.0166666666667 300
2771 -932.32 300
2772 -933.22 300
2773 -934.9533333333334 300
2774 -937.08 300
2775 -940.4166666666666 300
2776 -937.2966666666666 300
2777 -933.17 300
2778 -934.5966666666667 300
2779 -936.6333333333333 300
2780 -940.9233333333333 300
2781 -943.7833333333333 300
2782 -943.74 300
2783 -943.6966666666667 300
2784 -943.5233333333333 300
2785 -942.96 300
2786 -942.44 300
2787 -941.4 300
2788 -939.32 300
2789 -934.8133333333334 300
2790 -932.17 300
2791 -932.2133333333334 300
2792 -932.3433333333334 300
2793 -932.3 300
2794 -932.5166666666667 300
2795 -932.6033333333334 300
2796 -932.9066666666666 300
2797 -933.6 300
2798 -934.12 300
2799 -935.7666666666667 300
2800 -937.4133333333333 300
2801 -941.0533333333333 300
2802 -943.9566666666667 300
2803 -944.1333333333333 300
2804 -944.4366666666666 300
2805 -944.9966666666667 300
2806 -945.4733333333334 300
2807 -945.9166666666666 300
2808 -946.0033333333333 300
2809 -946.1333333333333 300
2810 -946.22 300
2811 -946.2633333333333 300
2812 -946.3833333333333 300
2813 -946.5133333333333 300
2814 -946.73 300
2815 -946.9033333333333 300
2816 -947.2933333333333 300
2817 -946.6 300
2818 -945.04 300
2819 -945.04 300
2820 -945.04 300
2821 -945.04 300
2822 -945.04 300
2823 -945.0833333333334 300
2824 -945.17 300
2825 -945.3 300
2826 -945.5166666666667 300
2827 -945.69 300
2828 -944.7366666666667 300
2829 -944.8666666666667 300
2830 -945.1266666666667 300
2831 -945.9066666666666 300
2832 -947.2066666666667 300
2833 -946.5566666666666 300
2834 -944.6066666666667 300
2835 -944.65 300
2836 -944.6066666666667 300
2837 -944.6066666666667 300
2838 -944.6066666666667 300
2839 -944.6066666666667 300
2840 -944.6066666666667 300
2841 -944.65 300
2842 -944.65 300
2843 -944.65 300
2844 -944.65 300
2845 -944.65 300
2846 -944.65 300
2847 -944.65 300
2848 -944.65 300
2849 -944.6933333333334 300
2850 -944.7466666666667 300
2851 -944.7466666666667 300
2852 -944.8433333333334 300
2853 -944.8866666666667 300
2854 -944.93 300
2855 -944.93 300
2856 -944.8766666666667 300
2857 -944.8766666666667 300
2858 -944.92 300
2859 -944.92 300
2860 -944.92 300
2861 -944.9633333333334 300
2862 -944.9633333333334 300
2863 -945.0933333333334 300
2864 -945.0933333333334 300
2865 -945.0933333333334 300
2866 -945.0933333333334 300
2867 -945.05 300
2868 -944.9533333333334 300
2869 -944.9533333333334 300
2870 -945.04 300
2871 -945.04 300
2872 -945.0833333333334 300
2873 -945.2233333333334 300
2874 -945.2666666666667 300
2875 -945.17 300
2876 -945.2566666666667 300
2877 -945.3 300
2878 -945.3 300
2879 -945.3 300
2880 -945.3 300
2881 -945.3 300
2882 -945.44 300
2883 -945.44 300
2884 -945.4833333333333 300
2885 -945.4833333333333 300
2886 -945.5266666666666 300
2887 -945.5266666666666 300
2888 -945.6133333333333 300
2889 -945.7433333333333 300
2890 -945.84 300
2891 -945.84 300
2892 -945.8833333333333 300
2893 -945.9266666666666 300
2894 -945.9266666666666 300
2895 -945.8833333333333 300
2896 -946.0466666666666 300
2897 -946.0466666666666 300
2898 -945.6033333333334 300
2899 -945.6033333333334 300
2900 -945.6033333333334 300
2901 -945.6466666666666 300
2902 -945.6466666666666 300
2903 -945.6466666666666 300
2904 -945.6466666666666 300
2905 -945.7333333333333 300
2906 -945.7333333333333 300
2907 -945.7766666666666 300
2908 -945.7766666666666 300
2909 -945.7766666666666 300
2910 -945.7766666666666 300
2911 -945.7333333333333 300
2912 -945.7333333333333 300
2913 -945.82 300
2914 -945.7766666666666 300
2915 -945.8633333333333 300
2916 -945.7766666666666 300
2917 -945.6033333333334 300
2918 -945.9633333333334 300
2919 -945.9633333333334 300
2920 -945.92 300
2921 -946.0133333333333 300
2922 -945.97 300
2923 -945.97 300
2924 -945.97 300
2925 -945.6133333333333 300
2926 -945.4833333333333 300
2927 -945.31 300
2928 -944.6166666666667 300
2929 -943.5866666666667 300
2930 -938.9066666666666 300
2931 -934.8766666666667 300
2932 -935.0066666666667 300
2933 -934.9966666666667 300
2934 -935.1266666666667 300
2935 -935.2566666666667 300
2936 -935.3 300
2937 -935.6566666666666 300
2938 -935.9166666666666 300
2939 -936.3066666666666 300
2940 -935.2233333333334 300
2941 -935.44 300
2942 -935.83 300
2943 -935.9066666666666 300
2944 -936.0366666666666 300
2945 -936.1233333333333 300
2946 -936.61 300
2947 -937.0 300
2948 -937.8666666666667 300
2949 -938.8633333333333 300
2950 -940.5533333333333 300
2951 -942.5033333333333 300
2952 -943.37 300
2953 -943.1533333333333 300
2954 -942.59 300
2955 -941.2066666666667 300
2956 -939.5166666666667 300
2957 -935.6166666666667 300
2958 -935.7433333333333 300
2959 -932.7866666666666 300
2960 -932.87 300
2961 -932.8666666666667 300
2962 -932.3 300
2963 -932.08 300
2964 -932.12 300
2965 -932.1166666666667 300
2966 -932.1133333333333 300
2967 -932.11 300
2968 -932.1066666666667 300
2969 -932.1466666666666 300
2970 -932.1433333333333 300
2971 -932.08 300
2972 -932.0766666666667 300
2973 -932.0733333333334 300
2974 -932.07 300
2975 -932.0666666666667 300
2976 -932.0566666666666 300
2977 -932.04 300
2978 -932.1266666666667 300
2979 -932.1633333333333 300
2980 -932.17 300
2981 -932.1266666666667 300
2982 -932.1466666666666 300
2983 -932.3 300
2984 -932.2966666666666 300
2985 -932.2766666666666 300
2986 -932.2166666666667 300
2987 -932.1366666666667 300
2988 -932.1933333333334 300
2989 -931.92 300
2990 -931.9233333333333 300
2991 -931.93 300
2992 -931.94 300
2993 -931.9033333333333 300
2994 -931.9566666666667 300
2995 -931.9566666666667 300
2996 -931.96 300
2997 -931.9666666666667 300
2998 -931.6533333333333 300
2999 -931.71 300
3000 -931.72 300
3001 -931.7333333333333 300
3002 -931.7433333333333 300
3003 -930.4833333333333 300
3004 -930.5 300
3005 -930.5066666666667 300
3006 -930.52 300
3007 -930.53 300
3008 -930.5366666666666 300
3009 -930.5433333333333 300
3010 -930.55 300
3011 -930.5533333333333 300
3012 -930.56 300
3013 -930.5666666666667 300
3014 -930.5766666666667 300
3015 -930.5866666666667 300
3016 -930.5933333333334 300
3017 -930.6033333333334 300
3018 -930.6166666666667 300
3019 -930.5933333333334 300
3020 -930.65 300
3021 -930.6866666666666 300
3022 -930.6433333333333 300
3023 -930.56 300
3024 -930.5466666666666 300
3025 -930.5133333333333 300
3026 -930.6066666666667 300
3027 -930.6166666666667 300
3028 -930.63 300
3029 -930.68 300
3030 -930.7333333333333 300
3031 -930.8033333333333 300
3032 -930.8833333333333 300
3033 -930.9266666666666 300
3034 -930.93 300
3035 -930.94 300
3036 -930.95 300
3037 -931.07 300
3038 -931.1066666666667 300
3039 -931.08 300
3040 -931.0766666666667 300
3041 -931.08 300
3042 -931.0766666666667 300
3043 -930.95 300
3044 -930.6433333333333 300
3045 -930.6533333333333 300
3046 -930.4666666666667 300
3047 -930.56 300
3048 -930.6033333333334 300
3049 -930.6133333333333 300
3050 -930.3266666666667 300
3051 -930.3533333333334 300
3052 -930.42 300
3053 -930.2433333333333 300
3054 -930.26 300
3055 -930.2633333333333 300
3056 -930.2666666666667 300
3057 -930.27 300
3058 -930.2833333333333 300
3059 -930.29 300
3060 -930.2966666666666 300
3061 -930.3333333333334 300
3062 -930.4566666666667 300
3063 -930.7033333333334 300
3064 -930.74 300
3065 -931.03 300
3066 -931.2666666666667 300
3067 -931.6066666666667 300
3068 -931.2 300
3069 -931.2033333333334 300
3070 -931.0133333333333 300
3071 -931.0366666666666 300
3072 -931.04 300
3073 -931.05 300
3074 -931.1 300
3075 -931.1066666666667 300
3076 -931.1033333333334 300
3077 -931.1333333333333 300
3078 -931.1 300
3079 -931.1 300
3080 -931.0766666666667 300
3081 -931.0633333333334 300
3082 -931.0566666666666 300
3083 -931.0533333333333 300
3084 -931.0433333333333 300
3085 -930.96 300
3086 -931.0266666666666 300
3087 -931.0266666666666 300
3088 -931.0266666666666 300
3089 -931.0233333333333 300
3090 -931.0666666666667 300
3091 -931.0733333333334 300
3092 -931.0266666666666 300
3093 -931.0266666666666 300
3094 -931.0266666666666 300
3095 -931.0266666666666 300
3096 -931.0266666666666 300
3097 -931.0266666666666 300
3098 -931.0266666666666 300
3099 -931.0266666666666 300
3100 -931.02 300
3101 -931.02 300
3102 -931.0233333333333 300
3103 -931.0233333333333 300
3104 -931.0233333333333 300
3105 -931.0233333333333 300
3106 -931.0233333333333 300
3107 -931.0233333333333 300
3108 -931.12 300
3109 -931.12 300
3110 -931.12 300
3111 -931.1633333333333 300
3112 -931.1633333333333 300
3113 -931.1633333333333 300
3114 -931.1633333333333 300
3115 -931.1633333333333 300
3116 -931.1633333333333 300
3117 -931.1633333333333 300
3118 -931.1666666666666 300
3119 -931.1233333333333 300
3120 -931.1233333333333 300
3121 -931.1233333333333 300
3122 -931.1666666666666 300
3123 -931.1666666666666 300
3124 -931.0733333333334 300
3125 -931.0733333333334 300
3126 -930.98 300
3127 -930.98 300
3128 -930.98 300
3129 -930.98 300
3130 -930.88 300
3131 -930.8333333333334 300
3132 -930.74 300
3133 -930.7433333333333 300
3134 -930.65 300
3135 -930.5533333333333 300
3136 -930.5 300
3137 -930.4066666666666 300
3138 -930.31 300
3139 -929.9333333333333 300
3140 -928.94 300
3141 -926.6866666666666 300
3142 -924.2033333333334 300
3143 -924.2066666666667 300
3144 -924.6766666666666 300
3145 -917.72 300
3146 -912.41 300
3147 -913.5266666666666 300
3148 -915.31 300
3149 -917.3266666666667 300
3150 -919.7233333333334 300
3151 -922.3833333333333 300
3152 -925.29 300
3153 -923.82 300
3154 -924.4733333333334 300
3155 -923.7866666666666 300
3156 -923.67 300
3157 -923.89 300
3158 -919.3066666666666 300
3159 -921.5233333333333 300
3160 -920.1 300
3161 -923.9166666666666 300
3162 -923.88 300
3163 -923.8266666666667 300
3164 -923.31 300
3165 -923.4466666666667 300
3166 -923.5366666666666 300
3167 -923.6766666666666 300
3168 -923.8166666666667 300
3169 -923.96 300
3170 -923.96 300
3171 -924.0533333333333 300
3172 -924.1433333333333 300
3173 -924.2733333333333 300
3174 -924.4133333333333 300
3175 -924.37 300
3176 -924.4233333333333 300
3177 -924.5233333333333 300
3178 -924.67 300
3179 -924.6766666666666 300
3180 -924.6366666666667 300
3181 -924.6433333333333 300
3182 -924.7433333333333 300
3183 -924.75 300
3184 -924.9633333333334 300
3185 -921.85 300
3186 -921.9 300
3187 -921.9966666666667 300
3188 -921.9966666666667 300
3189 -922.0866666666667 300
3190 -922.1366666666667 300
3191 -922.2333333333333 300
3192 -922.33 300
3193 -919.5433333333333 300
3194 -919.5633333333334 300
3195 -919.5633333333334 300
3196 -919.6666666666666 300
3197 -919.73 300
3198 -919.68 300
3199 -919.7233333333334 300
3200 -919.77 300
3201 -919.82 300
3202 -919.8166666666667 300
3203 -919.8666666666667 300
3204 -919.86 300
3205 -919.9066666666666 300
3206 -919.7633333333333 300
3207 -919.81 300
3208 -919.9033333333333 300
3209 -919.95 300
3210 -919.95 300
3211 -920.0933333333334 300
3212 -920.0933333333334 300
3213 -920.1866666666666 300
3214 -920.2333333333333 300
3215 -920.28 300
3216 -920.3233333333334 300
3217 -920.4666666666667 300
3218 -920.5133333333333 300
3219 -920.56 300
3220 -920.6066666666667 300
3221 -920.6066666666667 300
3222 -920.84 300
3223 -920.9766666666667 300
3224 -921.1133333333333 300
3225 -921.4766666666667 300
3226 -922.02 300
3227 -922.2933333333333 300
3228 -922.48 300
3229 -923.0233333333333 300
3230 -923.25 300
3231 -923.5533333333333 300
3232 -923.7766666666666 300
3233 -923.8666666666667 300
3234 -923.96 300
3235 -924.4933333333333 300
3236 -925.9833333333333 300
3237 -924.0366666666666 300
3238 -924.4733333333334 300
3239 -925.67 300
3240 -925.5866666666667 300
3241 -925.5333333333333 300
3242 -925.3433333333334 300
3243 -925.06 300
3244 -924.96 300
3245 -924.72 300
3246 -924.6166666666667 300
3247 -924.5133333333333 300
3248 -924.5433333333333 300
3249 -924.1233333333333 300
3250 -924.11 300
3251 -923.96 300
3252 -923.6266666666667 300
3253 -923.5166666666667 300
3254 -923.0866666666667 300
3255 -923.2633333333333 300
3256 -923.1733333333333 300
3257 -923.26 300
3258 -921.5833333333334 300
3259 -921.7166666666667 300
3260 -922.65 300
3261 -924.6133333333333 300
3262 -924.7066666666667 300
3263 -926.0066666666667 300
3264 -925.9066666666666 300
3265 -926.0366666666666 300
3266 -926.0733333333334 300
3267 -925.9266666666666 300
3268 -925.87 300
3269 -922.37 300
3270 -921.3066666666666 300
3271 -921.3933333333333 300
3272 -921.7033333333334 300
3273 -922.05 300
3274 -922.35 300
3275 -922.91 300
3276 -923.3866666666667 300
3277 -924.12 300
3278 -925.1566666666666 300
3279 -923.77 300
3280 -923.6766666666666 300
3281 -923.5866666666667 300
3282 -923.4966666666667 300
3283 -923.5766666666667 300
3284 -923.6133333333333 300
3285 -923.6466666666666 300
3286 -923.79 300
3287 -923.88 300
3288 -923.9233333333333 300
3289 -923.8766666666667 300
3290 -923.65 300
3291 -924.1233333333333 300
3292 -924.0433333333333 300
3293 -924.0 300
3294 -923.8666666666667 300
3295 -923.65 300
3296 -921.2566666666667 300
3297 -919.8333333333334 300
3298 -919.8266666666667 300
3299 -919.8866666666667 300
3300 -919.99 300
3301 -920.0333333333333 300
3302 -920.3833333333333 300
3303 -920.6033333333334 300
3304 -920.8366666666667 300
3305 -921.2333333333333 300
3306 -921.8133333333334 300
3307 -922.0866666666667 300
3308 -922.26 300
3309 -922.43 300
3310 -922.6033333333334 300
3311 -922.8233333333334 300
3312 -922.7966666666666 300
3313 -922.97 300
3314 -923.1466666666666 300
3315 -923.3233333333334 300
3316 -921.7133333333334 300
3317 -921.1433333333333 300
3318 -921.1833333333333 300
3319 -921.22 300
3320 -921.3033333333333 300
3321 -921.4266666666666 300
3322 -921.55 300
3323 -922.0133333333333 300
3324 -922.44 300
3325 -922.7066666666667 300
3326 -922.5366666666666 300
3327 -923.4433333333334 300
3328 -924.65 300
3329 -925.1433333333333 300
3330 -921.82 300
3331 -919.2 300
3332 -919.2533333333333 300
3333 -919.0066666666667 300
3334 -918.8033333333333 300
3335 -918.4733333333334 300
3336 -918.2666666666667 300
3337 -918.0133333333333 300
3338 -917.5333333333333 300
3339 -918.1566666666666 300
3340 -917.9533333333334 300
3341 -918.1366666666667 300
3342 -917.1433333333333 300
3343 -915.79 300
3344 -917.8666666666667 300
3345 -920.1866666666666 300
3346 -923.2166666666667 300
3347 -924.0233333333333 300
3348 -923.6666666666666 300
3349 -923.6266666666667 300
3350 -923.3933333333333 300
3351 -923.68 300
3352 -924.86 300
3353 -924.73 300
3354 -924.5133333333333 300
3355 -924.51 300
3356 -924.3266666666667 300
3357 -924.1466666666666 300
3358 -923.7433333333333 300
3359 -925.55 300
3360 -925.15 300
3361 -925.11 300
3362 -924.71 300
3363 -924.4066666666666 300
3364 -924.0533333333333 300
3365 -923.6533333333333 300
3366 -923.2533333333333 300
3367 -922.72 300
3368 -922.23 300
3369 -922.7366666666667 300
3370 -922.2933333333333 300
3371 -923.58 300
3372 -924.8033333333333 300
3373 -924.7566666666667 300
3374 -925.67 300
3375 -925.93 300
3376 -925.8366666666667 300
3377 -925.5733333333334 300
3378 -925.3166666666667 300
3379 -925.01 300
3380 -924.71 300
3381 -925.3733333333333 300
3382 -925.2433333333333 300
3383 -925.41 300
3384 -925.4433333333334 300
3385 -925.0866666666667 300
3386 -924.73 300
3387 -924.5466666666666 300
3388 -924.3333333333334 300
3389 -924.12 300
3390 -923.9066666666666 300
3391 -923.6866666666666 300
3392 -923.4266666666666 300
3393 -923.21 300
3394 -923.4866666666667 300
3395 -923.4466666666667 300
3396 -923.19 300
3397 -922.9766666666667 300
3398 -922.76 300
3399 -922.5833333333334 300
3400 -922.6233333333333 300
3401 -922.5833333333334 300
3402 -922.6266666666667 300
3403 -922.5433333333333 300
3404 -922.55 300
3405 -922.5933333333334 300
3406 -922.5566666666666 300
3407 -922.61 300
3408 -922.58 300
3409 -922.6266666666667 300
3410 -922.5466666666666 300
3411 -922.47 300
3412 -922.4833333333333 300
3413 -922.5633333333334 300
3414 -922.68 300
3415 -922.6833333333333 300
3416 -922.6866666666666 300
3417 -922.6933333333334 300
3418 -922.74 300
3419 -922.7 300
3420 -922.66 300
3421 -922.7 300
3422 -922.7 300
3423 -922.6566666666666 300
3424 -922.6566666666666 300
3425 -922.6566666666666 300
3426 -922.6566666666666 300
3427 -922.66 300
3428 -922.6966666666667 300
3429 -922.7033333333334 300
3430 -922.0366666666666 300
3431 -920.1366666666667 300
3432 -920.4266666666666 300
3433 -920.5966666666667 300
3434 -920.77 300
3435 -920.8966666666666 300
3436 -920.94 300
3437 -921.06 300
3438 -921.0133333333333 300
3439 -921.0566666666666 300
3440 -921.1366666666667 300
3441 -921.0466666666666 300
3442 -921.1333333333333 300
3443 -921.4433333333334 300
3444 -921.35 300
3445 -921.3966666666666 300
3446 -921.27 300
3447 -921.31 300
3448 -921.39 300
3449 -921.3 300
3450 -921.2566666666667 300
3451 -921.2566666666667 300
3452 -921.21 300
3453 -921.2066666666667 300
3454 -921.12 300
3455 -921.1133333333333 300
3456 -921.03 300
3457 -920.9866666666667 300
3458 -920.95 300
3459 -920.8666666666667 300
3460 -920.7866666666666 300
3461 -920.7433333333333 300
3462 -920.7066666666667 300
3463 -920.7533333333333 300
3464 -920.7533333333333 300
3465 -920.7533333333333 300
3466 -920.7566666666667 300
3467 -920.7166666666667 300
3468 -920.72 300
3469 -920.68 300
3470 -920.5833333333334 300
3471 -920.8933333333333 300
3472 -920.9866666666667 300
3473 -921.0333333333333 300
3474 -920.4033333333333 300
3475 -920.3666666666667 300
3476 -920.0833333333334 300
3477 -920.2566666666667 300
3478 -920.4366666666666 300
3479 -920.65 300
3480 -920.7366666666667 300
3481 -922.1033333333334 300
3482 -922.1566666666666 300
3483 -922.25 300
3484 -922.34 300
3485 -922.3833333333333 300
3486 -920.7533333333333 300
3487 -920.7633333333333 300
3488 -920.8566666666667 300
3489 -920.91 300
3490 -920.8733333333333 300
3491 -920.8733333333333 300
3492 -919.9466666666667 300
3493 -920.04 300
3494 -920.2766666666666 300
3495 -920.3066666666666 300
3496 -920.3533333333334 300
3497 -920.4033333333333 300
3498 -920.49 300
3499 -920.4933333333333 300
3500 -920.4966666666667 300
3501 -920.55 300
3502 -920.64 300
3503 -920.7333333333333 300
3504 -920.78 300
3505 -920.83 300
3506 -920.96 300
3507 -921.14 300
3508 -921.2366666666667 300
3509 -921.3466666666667 300
3510 -921.3866666666667 300
3511 -921.43 300
3512 -921.5266666666666 300
3513 -922.0033333333333 300
3514 -921.9133333333333 300
3515 -921.9266666666666 300
3516 -921.9333333333333 300
3517 -921.9833333333333 300
3518 -922.1033333333334 300
3519 -922.1966666666667 300
3520 -922.29 300
3521 -922.3066666666666 300
3522 -922.3566666666667 300
3523 -922.5 300
3524 -922.51 300
3525 -922.3933333333333 300
3526 -922.5133333333333 300
3527 -922.64 300
3528 -922.69 300
3529 -922.57 300
3530 -922.49 300
3531 -922.37 300
3532 -920.32 300
3533 -920.38 300
3534 -920.4733333333334 300
3535 -920.52 300
3536 -920.5233333333333 300
3537 -920.6466666666666 300
3538 -920.88 300
3539 -921.1133333333333 300
3540 -921.2766666666666 300
3541 -921.3233333333334 300
3542 -921.4566666666667 300
3543 -921.5333333333333 300
3544 -921.6066666666667 300
3545 -921.69 300
3546 -921.73 300
3547 -921.9066666666666 300
3548 -921.9066666666666 300
3549 -921.2066666666667 300
3550 -921.3333333333334 300
3551 -921.46 300
3552 -921.12 300
3553 -921.1533333333333 300
3554 -921.1833333333333 300
3555 -921.3266666666667 300
3556 -921.3466666666667 300
3557 -921.3766666666667 300
3558 -921.4133333333333 300
3559 -921.3966666666666 300
3560 -921.43 300
3561 -921.37 300
3562 -921.36 300
3563 -921.3033333333333 300
3564 -921.2066666666667 300
3565 -921.25 300
3566 -921.0866666666667 300
3567 -921.1233333333333 300
3568 -921.2866666666666 300
3569 -921.3733333333333 300
3570 -921.3833333333333 300
3571 -921.45 300
3572 -921.3933333333333 300
3573 -921.27 300
3574 -921.1766666666666 300
3575 -921.1666666666666 300
3576 -921.02 300
3577 -921.05 300
3578 -921.05 300
3579 -920.9066666666666 300
3580 -920.5633333333334 300
3581 -920.0166666666667 300
3582 -919.39 300
3583 -918.8466666666667 300
3584 -918.34 300
3585 -918.16 300
3586 -917.81 300
3587 -917.4633333333334 300
3588 -917.13 300
3589 -916.9933333333333 300
3590 -916.8933333333333 300
3591 -916.8833333333333 300
3592 -916.75 300
3593 -916.75 300
3594 -916.6566666666666 300
3595 -916.57 300
3596 -916.5666666666667 300
3597 -916.48 300
3598 -916.35 300
3599 -916.1266666666667 300
3600 -916.0766666666667 300
3601 -915.8433333333334 300
3602 -915.5833333333334 300
3603 -915.4133333333333 300
3604 -915.2833333333333 300
3605 -915.2 300
3606 -915.0333333333333 300
3607 -914.91 300
3608 -914.7966666666666 300
3609 -914.8366666666667 300
3610 -914.9233333333333 300
3611 -914.9666666666667 300
3612 -913.32 300
3613 -913.2766666666666 300
3614 -912.4833333333333 300
3615 -912.61 300
3616 -912.8566666666667 300
3617 -912.9766666666667 300
3618 -912.8966666666666 300
3619 -912.7333333333333 300
3620 -912.5666666666667 300
3621 -911.94 300
3622 -911.8966666666666 300
3623 -911.77 300
3624 -912.0933333333334 300
3625 -912.0933333333334 300
3626 -911.9633333333334 300
3627 -911.8833333333333 300
3628 -911.7966666666666 300
3629 -911.7166666666667 300
3630 -911.7133333333334 300
3631 -911.6266666666667 300
3632 -910.0533333333333 300
3633 -910.3866666666667 300
3634 -910.3133333333334 300
3635 -910.77 300
3636 -911.2266666666667 300
3637 -911.5166666666667 300
3638 -911.65 300
3639 -911.69 300
3640 -911.73 300
3641 -911.7266666666667 300
3642 -911.76 300
3643 -911.8 300
3644 -912.2433333333333 300
3645 -912.2833333333333 300
3646 -912.41 300
3647 -912.4033333333333 300
3648 -912.4833333333333 300
3649 -912.5633333333334 300
3650 -912.56 300
3651 -912.52 300
3652 -912.6033333333334 300
3653 -912.5633333333334 300
3654 -912.56 300
3655 -912.5633333333334 300
3656 -912.52 300
3657 -912.48 300
3658 -912.4366666666666 300
3659 -912.3966666666666 300
3660 -912.3966666666666 300
3661 -912.3566666666667 300
3662 -913.5466666666666 300
3663 -913.6666666666666 300
3664 -913.7133333333334 300
3665 -913.5866666666667 300
3666 -913.4633333333334 300
3667 -913.38 300
3668 -913.2966666666666 300
3669 -913.21 300
3670 -912.43 300
3671 -912.43 300
3672 -912.3066666666666 300
3673 -911.7533333333333 300
3674 -910.2666666666667 300
3675 -910.18 300
3676 -910.6666666666666 300
3677 -910.7166666666667 300
3678 -910.84 300
3679 -910.92 300
3680 -911.0866666666667 300
3681 -911.25 300
3682 -911.37 300
3683 -913.6266666666667 300
3684 -913.6666666666666 300
3685 -913.5466666666666 300
3686 -913.5466666666666 300
3687 -913.5066666666667 300
3688 -913.78 300
3689 -913.82 300
3690 -913.86 300
3691 -913.82 300
3692 -913.78 300
3693 -913.82 300
3694 -913.82 300
3695 -912.94 300
3696 -913.06 300
3697 -913.02 300
3698 -912.9 300
3699 -913.02 300
3700 -913.0633333333334 300
3701 -911.3833333333333 300
3702 -909.63 300
3703 -909.7133333333334 300
3704 -910.0333333333333 300
3705 -910.6366666666667 300
3706 -910.83 300
3707 -911.19 300
3708 -911.27 300
3709 -911.23 300
3710 -911.3966666666666 300
3711 -912.8366666666667 300
3712 -914.2766666666666 300
3713 -916.1566666666666 300
3714 -916.2 300
3715 -916.12 300
3716 -916.0 300
3717 -915.92 300
3718 -915.8 300
3719 -915.72 300
3720 -915.64 300
3721 -915.6 300
3722 -915.52 300
3723 -916.64 300
3724 -916.6 300
3725 -916.52 300
3726 -916.4833333333333 300
3727 -916.4433333333334 300
3728 -916.4033333333333 300
3729 -916.3666666666667 300
3730 -916.29 300
3731 -916.21 300
3732 -916.1333333333333 300
3733 -915.6933333333334 300
3734 -916.6566666666666 300
3735 -916.54 300
3736 -916.38 300
3737 -916.7 300
3738 -916.66 300
3739 -916.58 300
3740 -916.5033333333333 300
3741 -916.2233333333334 300
3742 -915.8233333333334 300
3743 -915.5033333333333 300
3744 -914.78 300
3745 -913.2166666666667 300
3746 -910.1766666666666 300
3747 -906.8633333333333 300
3748 -906.9033333333333 300
3749 -906.9033333333333 300
3750 -906.9033333333333 300
3751 -906.9466666666667 300
3752 -907.1 300
3753 -907.0566666666666 300
3754 -907.0966666666667 300
3755 -907.0933333333334 300
3756 -907.0533333333333 300
3757 -907.05 300
3758 -907.0 300
3759 -906.8266666666667 300
3760 -906.5666666666667 300
3761 -906.13 300
3762 -905.0433333333333 300
3763 -903.3533333333334 300
3764 -899.41 300
3765 -897.4166666666666 300
3766 -897.5866666666667 300
3767 -897.5866666666667 300
3768 -897.7533333333333 300
3769 -897.42 300
3770 -897.4633333333334 300
3771 -897.55 300
3772 -897.98 300
3773 -898.3166666666667 300
3774 -898.9533333333334 300
3775 -899.8566666666667 300
3776 -900.1133333333333 300
3777 -900.3233333333334 300
3778 -900.32 300
3779 -900.4 300
3780 -900.5666666666667 300
3781 -900.8133333333334 300
3782 -901.6766666666666 300
3783 -902.2633333333333 300
3784 -902.55 300
3785 -902.7966666666666 300
3786 -902.9166666666666 300
3787 -902.9466666666667 300
3788 -903.1033333333334 300
3789 -903.2133333333334 300
3790 -903.19 300
3791 -902.1466666666666 300
3792 -902.31 300
3793 -903.2566666666667 300
3794 -904.3833333333333 300
3795 -904.5966666666667 300
3796 -904.82 300
3797 -904.99 300
3798 -904.8966666666666 300
3799 -905.0266666666666 300
3800 -905.25 300
3801 -905.4266666666666 300
3802 -905.4166666666666 300
3803 -905.5 300
3804 -905.4966666666667 300
3805 -905.57 300
3806 -905.5633333333334 300
3807 -905.65 300
3808 -905.3766666666667 300
3809 -906.3366666666667 300
3810 -906.3766666666667 300
3811 -906.54 300
3812 -906.62 300
3813 -906.5666666666667 300
3814 -906.22 300
3815 -906.08 300
3816 -905.5333333333333 300
3817 -905.0266666666666 300
3818 -904.64 300
3819 -904.1733333333333 300
3820 -903.9966666666667 300
3821 -903.8233333333334 300
3822 -903.6466666666666 300
3823 -903.5633333333334 300
3824 -903.48 300
3825 -903.5266666666666 300
3826 -903.44 300
3827 -903.4433333333334 300
3828 -903.4866666666667 300
3829 -903.4466666666667 300
3830 -903.49 300
3831 -901.5133333333333 300
3832 -901.7266666666667 300
3833 -901.7266666666667 300
3834 -901.8966666666666 300
3835 -901.81 300
3836 -901.8533333333334 300
3837 -901.9366666666666 300
3838 -901.8933333333333 300
3839 -901.8933333333333 300
3840 -902.6866666666666 300
3841 -903.61 300
3842 -903.7933333333333 300
3843 -903.8366666666667 300
3844 -903.9766666666667 300
3845 -904.1566666666666 300
3846 -905.59 300
3847 -905.8033333333333 300
3848 -906.02 300
3849 -906.0233333333333 300
3850 -906.2766666666666 300
3851 -906.4466666666667 300
3852 -906.4933333333333 300
3853 -906.7466666666667 300
3854 -906.7466666666667 300
3855 -906.66 300
3856 -907.74 300
3857 -907.9133333333333 300
3858 -907.9566666666667 300
3859 -908.04 300
3860 -907.91 300
3861 -907.7833333333333 300
3862 -907.5766666666667 300
3863 -907.3233333333334 300
3864 -907.2433333333333 300
3865 -907.0333333333333 300
3866 -908.01 300
3867 -907.9666666666667 300
3868 -910.88 300
3869 -910.9133333333333 300
3870 -910.9933333333333 300
3871 -910.99 300
3872 -911.2266666666667 300
3873 -909.99 300
3874 -910.0233333333333 300
3875 -910.2433333333333 300
3876 -910.17 300
3877 -910.4166666666666 300
3878 -910.5166666666667 300
3879 -910.5833333333334 300
3880 -914.4 300
3881 -914.5966666666667 300
3882 -913.62 300
3883 -912.4966666666667 300
3884 -913.1533333333333 300
3885 -912.9466666666667 300
3886 -914.1233333333333 300
3887 -913.7366666666667 300
3888 -913.5333333333333 300
3889 -913.6733333333333 300
3890 -913.5933333333334 300
3891 -913.5133333333333 300
3892 -912.19 300
3893 -909.3266666666667 300
3894 -903.2133333333334 300
3895 -904.6033333333334 300
3896 -905.9533333333334 300
3897 -908.2733333333333 300
3898 -910.6466666666666 300
3899 -910.8766666666667 300
3900 -910.9133333333333 300
3901 -910.7466666666667 300
3902 -910.66 300
3903 -910.6166666666667 300
3904 -910.49 300
3905 -910.5633333333334 300
3906 -910.52 300
3907 -910.3133333333334 300
3908 -910.6533333333333 300
3909 -910.6133333333333 300
3910 -910.4866666666667 300
3911 -910.4066666666666 300
3912 -906.4066666666666 300
3913 -904.2433333333333 300
3914 -904.1966666666667 300
3915 -905.8666666666667 300
3916 -905.8633333333333 300
3917 -905.8666666666667 300
3918 -905.9166666666666 300
3919 -905.9133333333333 300
3920 -905.7366666666667 300
3921 -905.7366666666667 300
3922 -905.7366666666667 300
3923 -905.7366666666667 300
3924 -905.7333333333333 300
3925 -905.73 300
3926 -905.7666666666667 300
3927 -905.7666666666667 300
3928 -905.7633333333333 300
3929 -905.76 300
3930 -905.79 300
3931 -905.7866666666666 300
3932 -905.7633333333333 300
3933 -905.7833333333333 300
3934 -905.7733333333333 300
3935 -905.73 300
3936 -905.6033333333334 300
3937 -905.4533333333334 300
3938 -905.1866666666666 300
3939 -904.9833333333333 300
3940 -904.9833333333333 300
3941 -904.99 300
3942 -904.99 300
3943 -904.99 300
3944 -904.9933333333333 300
3945 -904.9966666666667 300
3946 -905.0933333333334 300
3947 -905.39 300
3948 -905.98 300
3949 -906.4866666666667 300
3950 -906.96 300
3951 -907.6433333333333 300
3952 -907.7766666666666 300
3953 -908.1066666666667 300
3954 -908.97 300
3955 -909.8833333333333 300
3956 -910.6466666666666 300
3957 -912.48 300
3958 -914.4633333333334 300
3959 -914.4166666666666 300
3960 -912.09 300
3961 -909.07 300
3962 -907.1166666666667 300
3963 -907.0733333333334 300
3964 -907.0766666666667 300
3965 -907.11 300
3966 -907.2866666666666 300
3967 -907.3133333333334 300
3968 -907.33 300
3969 -907.32 300
3970 -907.3266666666667 300
3971 -907.3 300
3972 -907.5266666666666 300
3973 -907.6566666666666 300
3974 -907.6533333333333 300
3975 -907.65 300
3976 -907.6466666666666 300
3977 -907.7233333333334 300
3978 -907.7566666666667 300
3979 -907.7933333333333 300
3980 -907.7866666666666 300
3981 -907.7833333333333 300
3982 -907.78 300
3983 -907.8233333333334 300
3984 -907.9166666666666 300
3985 -907.9033333333333 300
3986 -907.9133333333333 300
3987 -907.7966666666666 300
3988 -907.5566666666666 300
3989 -907.57 300
3990 -907.6633333333333 300
3991 -907.7533333333333 300
3992 -907.7566666666667 300
3993 -907.97 300
3994 -908.1133333333333 300
3995 -907.97 300
3996 -907.8566666666667 300
3997 -907.8766666666667 300
3998 -907.9233333333333 300
3999 -907.9733333333334 300
4000 -908.1533333333333 300
4001 -908.12 300
4002 -908.2133333333334 300
4003 -908.26 300
4004 -908.3133333333334 300
4005 -908.4066666666666 300
4006 -908.5 300
4007 -908.5966666666667 300
4008 -908.81 300
4009 -909.0333333333333 300
4010 -909.3166666666667 300
4011 -909.4466666666667 300
4012 -909.8466666666667 300
4013 -909.9866666666667 300
4014 -910.1833333333333 300
4015 -910.7266666666667 300
4016 -910.9633333333334 300
4017 -911.3833333333333 300
4018 -911.8033333333333 300
4019 -912.9466666666667 300
4020 -913.8566666666667 300
4021 -914.7333333333333 300
4022 -914.6533333333333 300
4023 -914.4866666666667 300
4024 -914.4466666666667 300
4025 -914.4533333333334 300
4026 -914.3766666666667 300
4027 -914.34 300
4028 -914.1733333333333 300
4029 -914.1466666666666 300
4030 -914.3666666666667 300
4031 -914.1566666666666 300
4032 -914.12 300
4033 -914.4733333333334 300
4034 -914.4366666666666 300
4035 -914.2733333333333 300
4036 -914.0166666666667 300
4037 -913.7233333333334 300
4038 -914.4666666666667 300
4039 -914.4733333333334 300
4040 -913.03 300
4041 -910.9333333333333 300
4042 -911.0666666666667 300
4043 -911.1733333333333 300
4044 -911.4 300
4045 -911.7766666666666 300
4046 -911.74 300
4047 -911.9066666666666 300
4048 -911.96 300
4049 -912.09 300
4050 -912.5533333333333 300
4051 -912.5466666666666 300
4052 -912.6366666666667 300
4053 -912.4733333333334 300
4054 -911.8833333333333 300
4055 -911.88 300
4056 -911.7966666666666 300
4057 -911.4133333333333 300
4058 -911.2933333333333 300
4059 -911.3733333333333 300
4060 -911.5 300
4061 -911.5933333333334 300
4062 -911.2966666666666 300
4063 -911.0433333333333 300
4064 -910.92 300
4065 -910.8333333333334 300
4066 -910.7033333333334 300
4067 -910.5733333333334 300
4068 -910.4866666666667 300
4069 -910.3566666666667 300
4070 -910.3133333333334 300
4071 -910.2333333333333 300
4072 -910.15 300
4073 -910.1533333333333 300
4074 -910.11 300
4075 -910.8566666666667 300
4076 -910.9033333333333 300
4077 -910.78 300
4078 -910.8633333333333 300
4079 -910.8133333333334 300
4080 -910.9033333333333 300
4081 -910.86 300
4082 -910.7266666666667 300
4083 -910.5933333333334 300
4084 -910.46 300
4085 -910.28 300
4086 -910.1033333333334 300
4087 -909.5333333333333 300
4088 -909.62 300
4089 -910.4266666666666 300
4090 -910.8 300
4091 -910.9233333333333 300
4092 -911.14 300
4093 -911.0966666666667 300
4094 -911.0533333333333 300
4095 -911.2966666666666 300
4096 -911.3833333333333 300
4097 -911.42 300
4098 -911.2066666666667 300
4099 -910.7333333333333 300
4100 -910.8566666666667 300
4101 -910.4266666666666 300
4102 -910.12 300
4103 -909.7733333333333 300
4104 -909.5466666666666 300
4105 -909.3233333333334 300
4106 -909.1066666666667 300
4107 -909.2833333333333 300
4108 -909.2366666666667 300
4109 -908.9733333333334 300
4110 -908.7966666666666 300
4111 -908.6633333333333 300
4112 -908.8433333333334 300
4113 -908.7566666666667 300
4114 -908.71 300
4115 -908.58 300
4116 -908.5766666666667 300
4117 -908.3633333333333 300
4118 -908.3233333333334 300
4119 -908.1466666666666 300
4120 -908.06 300
4121 -908.0633333333334 300
4122 -908.0666666666667 300
4123 -908.0233333333333 300
4124 -908.0266666666666 300
4125 -907.94 300
4126 -907.8933333333333 300
4127 -907.8933333333333 300
4128 -907.9833333333333 300
4129 -908.1633333333333 300
4130 -908.21 300
4131 -908.21 300
4132 -908.2566666666667 300
4133 -908.26 300
4134 -908.3966666666666 300
4135 -908.35 300
4136 -908.3933333333333 300
4137 -908.3966666666666 300
4138 -908.4866666666667 300
4139 -908.44 300
4140 -908.53 300
4141 -908.6233333333333 300
4142 -908.7533333333333 300
4143 -908.7566666666667 300
4144 -908.7133333333334 300
4145 -908.8133333333334 300
4146 -908.9433333333334 300
4147 -909.1166666666667 300
4148 -909.29 300
4149 -909.42 300
4150 -909.68 300
4151 -909.81 300
4152 -909.9833333333333 300
4153 -910.1566666666666 300
4154 -910.3733333333333 300
4155 -910.2433333333333 300
4156 -910.0266666666666 300
4157 -909.7666666666667 300
4158 -909.4633333333334 300
4159 -909.2033333333334 300
4160 -909.03 300
4161 -908.8133333333334 300
4162 -908.9433333333334 300
4163 -909.0733333333334 300
4164 -909.0733333333334 300
4165 -908.8566666666667 300
4166 -909.03 300
4167 -908.8133333333334 300
4168 -908.77 300
4169 -908.6833333333333 300
4170 -908.5966666666667 300
4171 -908.4233333333333 300
4172 -908.3366666666667 300
4173 -908.4666666666667 300
4174 -908.4666666666667 300
4175 -908.3366666666667 300
4176 -908.25 300
4177 -908.3366666666667 300
4178 -908.38 300
4179 -908.3366666666667 300
4180 -908.51 300
4181 -908.51 300
4182 -908.8233333333334 300
4183 -908.7366666666667 300
4184 -908.7366666666667 300
4185 -908.65 300
4186 -908.5633333333334 300
4187 -908.4766666666667 300
4188 -906.44 300
4189 -906.5266666666666 300
4190 -906.4833333333333 300
4191 -906.5266666666666 300
4192 -906.6133333333333 300
4193 -906.6133333333333 300
4194 -906.6133333333333 300
4195 -906.6566666666666 300
4196 -906.7866666666666 300
4197 -906.83 300
4198 -906.96 300
4199 -906.96 300
4200 -906.96 300
4201 -906.7833333333333 300
4202 -906.6966666666667 300
4203 -906.6966666666667 300
4204 -906.6633333333333 300
4205 -906.7066666666667 300
4206 -906.5333333333333 300
4207 -906.5766666666667 300
4208 -906.6633333333333 300
4209 -906.27 300
4210 -905.5333333333333 300
4211 -905.3166666666667 300
4212 -905.53 300
4213 -905.7866666666666 300
4214 -905.87 300
4215 -905.1266666666667 300
4216 -907.1166666666667 300
4217 -908.23 300
4218 -908.2766666666666 300
4219 -908.4066666666666 300
4220 -908.5933333333334 300
4221 -908.6766666666666 300
4222 -908.82 300
4223 -909.4266666666666 300
4224 -909.9066666666666 300
4225 -908.9466666666667 300
4226 -909.1133333333333 300
4227 -910.9133333333333 300
4228 -910.82 300
4229 -910.7766666666666 300
4230 -910.6433333333333 300
4231 -910.46 300
4232 -910.3266666666667 300
4233 -910.24 300
4234 -910.1033333333334 300
4235 -910.0566666666666 300
4236 -909.83 300
4237 -909.9366666666666 300
4238 -909.8033333333333 300
4239 -909.3633333333333 300
4240 -909.5966666666667 300
4241 -909.5533333333333 300
4242 -909.16 300
4243 -908.6266666666667 300
4244 -908.2333333333333 300
4245 -907.8833333333333 300
4246 -907.7066666666667 300
4247 -907.5733333333334 300
4248 -907.35 300
4249 -907.3 300
4250 -909.3633333333333 300
4251 -909.49 300
4252 -909.62 300
4253 -910.1466666666666 300
4254 -910.3766666666667 300
4255 -909.1066666666667 300
4256 -909.1033333333334 300
4257 -909.35 300
4258 -909.3866666666667 300
4259 -909.6166666666667 300
4260 -909.82 300
4261 -909.82 300
4262 -909.8666666666667 300
4263 -910.0366666666666 300
4264 -910.17 300
4265 -910.1266666666667 300
4266 -910.2133333333334 300
4267 -910.27 300
4268 -910.2733333333333 300
4269 -908.2333333333333 300
4270 -906.7266666666667 300
4271 -906.7766666666666 300
4272 -906.8633333333333 300
4273 -906.9566666666667 300
4274 -906.96 300
4275 -907.0066666666667 300
4276 -907.0066666666667 300
4277 -907.05 300
4278 -904.7 300
4279 -904.4666666666667 300
4280 -904.4833333333333 300
4281 -904.49 300
4282 -904.4633333333334 300
4283 -904.4733333333334 300
4284 -904.6133333333333 300
4285 -904.5766666666667 300
4286 -904.6633333333333 300
4287 -904.67 300
4288 -906.0 300
4289 -905.9966666666667 300
4290 -906.0 300
4291 -906.0566666666666 300
4292 -905.89 300
4293 -905.9433333333334 300
4294 -905.9533333333334 300
4295 -905.9633333333334 300
4296 -905.97 300
4297 -905.99 300
4298 -906.0333333333333 300
4299 -906.2 300
4300 -906.2033333333334 300
4301 -906.2533333333333 300
4302 -906.2633333333333 300
4303 -906.3066666666666 300
4304 -906.2766666666666 300
4305 -906.2833333333333 300
4306 -906.2766666666666 300
4307 -906.23 300
4308 -906.1866666666666 300
4309 -906.1933333333334 300
4310 -906.2 300
4311 -906.1166666666667 300
4312 -906.7733333333333 300
4313 -906.7733333333333 300
4314 -906.6866666666666 300
4315 -906.6433333333333 300
4316 -906.6433333333333 300
4317 -906.6 300
4318 -906.5566666666666 300
4319 -906.6933333333334 300
4320 -906.7333333333333 300
4321 -906.7766666666666 300
4322 -906.82 300
4323 -906.86 300
4324 -906.8566666666667 300
4325 -906.92 300
4326 -906.87 300
4327 -906.9166666666666 300
4328 -906.9566666666667 300
4329 -907.0466666666666 300
4330 -907.1033333333334 300
4331 -907.1433333333333 300
4332 -907.1333333333333 300
4333 -907.18 300
4334 -907.23 300
4335 -907.2866666666666 300
4336 -907.3333333333334 300
4337 -907.3833333333333 300
4338 -907.49 300
4339 -907.5433333333333 300
4340 -907.5866666666667 300
4341 -907.63 300
4342 -907.64 300
4343 -907.8366666666667 300
4344 -907.88 300
4345 -907.9666666666667 300
4346 -908.0966666666667 300
4347 -908.2366666666667 300
4348 -908.6133333333333 300
4349 -908.6566666666666 300
4350 -908.9166666666666 300
4351 -908.96 300
4352 -909.26 300
4353 -909.8233333333334 300
4354 -910.3366666666667 300
4355 -910.94 300
4356 -911.0 300
4357 -911.8166666666667 300
4358 -911.99 300
4359 -912.03 300
4360 -912.0266666666666 300
4361 -912.0666666666667 300
4362 -912.0666666666667 300
4363 -912.02 300
4364 -912.27 300
4365 -912.3566666666667 300
4366 -912.3133333333334 300
4367 -912.14 300
4368 -912.0933333333334 300
4369 -912.1766666666666 300
4370 -911.9566666666667 300
4371 -911.8233333333334 300
4372 -911.69 300
4373 -912.03 300
4374 -912.1133333333333 300
4375 -912.2 300
4376 -912.1533333333333 300
4377 -912.1933333333334 300
4378 -911.9733333333334 300
4379 -912.4433333333334 300
4380 -912.53 300
4381 -913.6066666666667 300
4382 -913.6066666666667 300
4383 -913.6566666666666 300
4384 -913.5666666666667 300
4385 -913.52 300
4386 -913.43 300
4387 -913.21 300
4388 -912.99 300
4389 -912.8133333333334 300
4390 -912.5933333333334 300
4391 -913.0366666666666 300
4392 -913.2633333333333 300
4393 -911.9533333333334 300
4394 -912.05 300
4395 -911.69 300
4396 -911.8366666666667 300
4397 -911.8833333333333 300
4398 -911.8366666666667 300
4399 -911.9333333333333 300
4400 -912.03 300
4401 -911.94 300
4402 -910.3733333333333 300
4403 -910.4233333333333 300
4404 -910.5533333333333 300
4405 -910.6466666666666 300
4406 -910.65 300
4407 -910.6133333333333 300
4408 -910.4866666666667 300
4409 -910.2666666666667 300
4410 -910.0933333333334 300
4411 -910.06 300
4412 -910.0266666666666 300
4413 -910.0366666666666 300
4414 -910.18 300
4415 -910.53 300
4416 -910.5833333333334 300
4417 -910.4733333333334 300
4418 -910.7866666666666 300
4419 -910.8366666666667 300
4420 -911.07 300
4421 -911.1166666666667 300
4422 -911.35 300
4423 -911.49 300
4424 -911.68 300
4425 -911.87 300
4426 -912.0566666666666 300
4427 -912.2466666666667 300
4428 -912.21 300
4429 -912.45 300
4430 -912.59 300
4431 -912.7766666666666 300
4432 -912.7366666666667 300
4433 -912.6966666666667 300
4434 -912.61 300
4435 -912.57 300
4436 -912.4833333333333 300
4437 -912.4 300
4438 -912.36 300
4439 -912.2766666666666 300
4440 -912.1466666666666 300
4441 -912.0166666666667 300
4442 -912.6466666666666 300
4443 -914.37 300
4444 -914.2833333333333 300
4445 -914.37 300
4446 -914.4133333333333 300
4447 -913.4166666666666 300
4448 -913.46 300
4449 -913.46 300
4450 -913.2 300
4451 -913.1566666666666 300
4452 -913.07 300
4453 -913.0266666666666 300
4454 -913.0266666666666 300
4455 -912.8966666666666 300
4456 -912.7666666666667 300
4457 -912.5066666666667 300
4458 -912.2466666666667 300
4459 -912.94 300
4460 -912.8966666666666 300
4461 -913.0266666666666 300
4462 -912.9833333333333 300
4463 -912.94 300
4464 -912.68 300
4465 -912.42 300
4466 -912.16 300
4467 -910.86 300
4468 -911.7533333333333 300
4469 -911.86 300
4470 -912.0333333333333 300
4471 -912.1233333333333 300
4472 -912.2566666666667 300
4473 -912.3 300
4474 -913.9033333333333 300
4475 -914.6766666666666 300
4476 -914.7666666666667 300
4477 -914.7666666666667 300
4478 -914.68 300
4479 -913.86 300
4480 -914.7366666666667 300
4481 -914.31 300
4482 -912.8366666666667 300
4483 -910.7233333333334 300
4484 -908.01 300
4485 -908.1333333333333 300
4486 -908.1766666666666 300
4487 -908.2666666666667 300
4488 -908.3966666666666 300
4489 -908.44 300
4490 -908.53 300
4491 -908.6633333333333 300
4492 -908.84 300
4493 -908.93 300
4494 -909.1533333333333 300
4495 -909.3933333333333 300
4496 -909.7433333333333 300
4497 -910.0366666666666 300
4498 -910.6433333333333 300
4499 -911.0333333333333 300
4500 -911.51 300
4501 -912.2466666666667 300
4502 -913.46 300
4503 -914.63 300
4504 -916.19 300
4505 -915.8433333333334 300
4506 -916.2933333333333 300
4507 -916.25 300
4508 -916.1633333333333 300
4509 -916.0333333333333 300
4510 -915.86 300
4511 -915.73 300
4512 -915.6 300
4513 -915.4266666666666 300
4514 -915.2966666666666 300
4515 -914.43 300
4516 -914.04 300
4517 -913.91 300
4518 -913.7366666666667 300
4519 -913.5633333333334 300
4520 -913.5633333333334 300
4521 -913.1733333333333 300
4522 -913.26 300
4523 -913.3466666666667 300
4524 -913.3033333333333 300
4525 -913.26 300
4526 -913.8666666666667 300
4527 -913.91 300
4528 -913.9966666666667 300
4529 -914.1266666666667 300
4530 -914.04 300
4531 -913.91 300
4532 -913.7366666666667 300
4533 -913.5633333333334 300
4534 -913.3033333333333 300
4535 -913.13 300
4536 -912.9133333333333 300
4537 -912.6966666666667 300
4538 -912.5233333333333 300
4539 -912.35 300
4540 -912.35 300
4541 -912.2633333333333 300
4542 -912.1766666666666 300
4543 -912.1333333333333 300
4544 -912.0466666666666 300
4545 -912.0033333333333 300
4546 -911.9166666666666 300
4547 -911.83 300
4548 -912.52 300
4549 -913.6133333333333 300
4550 -913.1266666666667 300
4551 -913.3 300
4552 -913.3433333333334 300
4553 -913.43 300
4554 -913.6 300
4555 -913.7733333333333 300
4556 -913.86 300
4557 -913.9866666666667 300
4558 -915.5866666666667 300
4559 -916.2766666666666 300
4560 -916.23 300
4561 -915.6533333333333 300
4562 -915.43 300
4563 -915.4666666666667 300
4564 -915.3333333333334 300
4565 -915.3733333333333 300
4566 -915.37 300
4567 -915.3266666666667 300
4568 -915.24 300
4569 -915.2366666666667 300
4570 -915.1933333333334 300
4571 -915.19 300
4572 -915.0566666666666 300
4573 -915.05 300
4574 -915.4766666666667 300
4575 -915.5166666666667 300
4576 -915.6 300
4577 -915.4633333333334 300
4578 -914.7866666666666 300
4579 -914.8766666666667 300
4580 -914.83 300
4581 -914.8233333333334 300
4582 -914.8633333333333 300
4583 -914.7733333333333 300
4584 -914.1566666666666 300
4585 -914.12 300
4586 -914.1633333333333 300
4587 -914.0433333333333 300
4588 -914.0 300
4589 -913.8633333333333 300
4590 -914.96 300
4591 -914.9633333333334 300
4592 -915.05 300
4593 -914.55 300
4594 -914.4766666666667 300
4595 -914.43 300
4596 -912.9933333333333 300
4597 -913.0333333333333 300
4598 -914.45 300
4599 -914.49 300
4600 -914.5666666666667 300
4601 -914.6066666666667 300
4602 -914.6833333333333 300
4603 -914.76 300
4604 -914.88 300
4605 -914.87 300
4606 -913.8766666666667 300
4607 -913.59 300
4608 -913.5766666666667 300
4609 -913.6133333333333 300
4610 -913.52 300
4611 -913.18 300
4612 -913.1366666666667 300
4613 -913.1733333333333 300
4614 -913.1333333333333 300
4615 -914.8766666666667 300
4616 -913.7766666666666 300
4617 -912.2733333333333 300
4618 -910.0633333333334 300
4619 -910.1033333333334 300
4620 -910.1433333333333 300
4621 -910.1866666666666 300
4622 -910.2266666666667 300
4623 -910.35 300
4624 -910.9166666666666 300
4625 -911.6033333333334 300
4626 -908.4033333333333 300
4627 -908.4466666666667 300
4628 -908.49 300
4629 -908.6 300
4630 -908.6866666666666 300
4631 -908.69 300
4632 -908.9333333333333 300
4633 -908.9766666666667 300
4634 -909.1 300
4635 -909.2633333333333 300
4636 -909.3066666666666 300
4637 -909.3866666666667 300
4638 -909.5533333333333 300
4639 -909.7133333333334 300
4640 -910.32 300
4641 -910.57 300
4642 -910.69 300
4643 -910.9766666666667 300
4644 -911.1433333333333 300
4645 -911.2266666666667 300
4646 -909.1166666666667 300
4647 -909.1166666666667 300
4648 -909.2366666666667 300
4649 -909.3566666666667 300
4650 -909.4766666666667 300
4651 -909.2033333333334 300
4652 -909.2833333333333 300
4653 -909.3633333333333 300
4654 -909.5233333333333 300
4655 -909.6433333333333 300
4656 -909.7233333333334 300
4657 -909.8033333333333 300
4658 -909.9633333333334 300
4659 -910.0066666666667 300
4660 -910.4866666666667 300
4661 -910.5666666666667 300
4662 -910.6866666666666 300
4663 -910.7266666666667 300
4664 -907.56 300
4665 -907.64 300
4666 -907.6766666666666 300
4667 -907.8766666666667 300
4668 -907.9166666666666 300
4669 -907.9166666666666 300
4670 -907.9566666666667 300
4671 -908.0766666666667 300
4672 -908.1566666666666 300
4673 -907.9933333333333 300
4674 -908.0333333333333 300
4675 -908.2733333333333 300
4676 -908.4333333333333 300
4677 -908.7933333333333 300
4678 -908.9133333333333 300
4679 -909.2733333333333 300
4680 -909.4733333333334 300
4681 -907.4733333333334 300
4682 -907.5133333333333 300
4683 -907.5533333333333 300
4684 -907.7133333333334 300
4685 -907.7933333333333 300
4686 -907.7933333333333 300
4687 -907.8333333333334 300
4688 -907.93 300
4689 -908.17 300
4690 -908.29 300
4691 -908.53 300
4692 -904.77 300
4693 -904.65 300
4694 -904.65 300
4695 -904.65 300
4696 -904.65 300
4697 -904.65 300
4698 -904.65 300
4699 -904.65 300
4700 -904.65 300
4701 -904.61 300
4702 -904.61 300
4703 -904.61 300
4704 -904.61 300
4705 -904.61 300
4706 -904.61 300
4707 -904.61 300
4708 -904.61 300
4709 -904.5666666666667 300
4710 -904.5233333333333 300
4711 -904.48 300
4712 -904.48 300
4713 -904.3933333333333 300
4714 -904.1666666666666 300
4715 -903.82 300
4716 -903.56 300
4717 -902.4666666666667 300
4718 -900.83 300
4719 -900.7 300
4720 -900.57 300
4721 -900.7433333333333 300
4722 -900.7866666666666 300
4723 -903.2133333333334 300
4724 -903.3433333333334 300
4725 -903.3 300
4726 -901.8266666666667 300
4727 -902.0433333333333 300
4728 -901.87 300
4729 -901.8266666666667 300
4730 -901.8266666666667 300
4731 -901.6966666666667 300
4732 -903.17 300
4733 -902.7366666666667 300
4734 -902.2566666666667 300
4735 -901.4333333333333 300
4736 -899.8733333333333 300
4737 -897.5333333333333 300
4738 -896.8966666666666 300
4739 -892.7366666666667 300
4740 -892.56 300
4741 -892.56 300
4742 -892.6033333333334 300
4743 -892.55 300
4744 -892.55 300
4745 -892.55 300
4746 -892.55 300
4747 -892.55 300
4748 -892.55 300
4749 -892.55 300
4750 -892.55 300
4751 -892.5933333333334 300
4752 -892.6366666666667 300
4753 -892.8533333333334 300
4754 -893.0266666666666 300
4755 -893.4166666666666 300
4756 -894.0666666666667 300
4757 -894.8466666666667 300
4758 -894.89 300
4759 -895.02 300
4760 -895.3233333333334 300
4761 -895.7133333333334 300
4762 -895.3666666666667 300
4763 -895.8433333333334 300
4764 -896.84 300
4765 -898.0533333333333 300
4766 -900.3066666666666 300
4767 -899.96 300
4768 -903.08 300
4769 -903.8166666666667 300
4770 -903.6433333333333 300
4771 -903.21 300
4772 -902.3 300
4773 -902.17 300
4774 -903.34 300
4775 -902.7766666666666 300
4776 -903.59 300
4777 -904.51 300
4778 -904.5533333333333 300
4779 -904.55 300
4780 -904.55 300
4781 -904.55 300
4782 -904.5933333333334 300
4783 -904.68 300
4784 -904.68 300
4785 -904.85 300
4786 -904.8866666666667 300
4787 -904.84 300
4788 -904.8366666666667 300
4789 -904.8333333333334 300
4790 -904.83 300
4791 -904.6966666666667 300
4792 -904.6933333333334 300
4793 -904.6633333333333 300
4794 -904.6566666666666 300
4795 -904.58 300
4796 -904.4633333333334 300
4797 -904.0633333333334 300
4798 -903.49 300
4799 -903.45 300
4800 -903.1866666666666 300
4801 -903.1433333333333 300
4802 -903.1433333333333 300
4803 -903.1 300
4804 -903.0566666666666 300
4805 -903.0133333333333 300
4806 -902.97 300
4807 -902.7533333333333 300
4808 -902.71 300
4809 -902.71 300
4810 -902.6666666666666 300
4811 -902.6666666666666 300
4812 -902.6233333333333 300
4813 -902.4933333333333 300
4814 -902.28 300
4815 -901.11 300
4816 -901.0666666666667 300
4817 -898.77 300
4818 -892.8333333333334 300
4819 -893.01 300
4820 -892.9666666666667 300
4821 -892.7066666666667 300
4822 -893.6166666666667 300
4823 -893.4 300
4824 -892.23 300
4825 -887.6733333333333 300
4826 -888.15 300
4827 -887.3266666666667 300
4828 -887.72 300
4829 -888.59 300
4830 -889.9766666666667 300
4831 -891.4933333333333 300
4832 -892.51 300
4833 -892.51 300
4834 -892.51 300
4835 -893.0133333333333 300
4836 -889.4566666666667 300
4837 -889.75 300
4838 -890.14 300
4839 -890.01 300
4840 -890.14 300
4841 -890.4 300
4842 -890.92 300
4843 -891.31 300
4844 -891.44 300
4845 -891.83 300
4846 -892.22 300
4847 -892.09 300
4848 -892.35 300
4849 -892.48 300
4850 -892.74 300
4851 -893.0 300
4852 -893.26 300
4853 -893.3433333333334 300
4854 -893.2133333333334 300
4855 -893.8633333333333 300
4856 -893.8633333333333 300
4857 -893.9933333333333 300
4858 -893.9933333333333 300
4859 -894.2533333333333 300
4860 -894.3833333333333 300
4861 -894.6433333333333 300
4862 -894.7733333333333 300
4863 -895.0333333333333 300
4864 -894.9033333333333 300
4865 -894.7733333333333 300
4866 -894.5133333333333 300
4867 -894.2533333333333 300
4868 -893.9933333333333 300
4869 -893.7333333333333 300
4870 -893.4733333333334 300
4871 -901.2733333333333 300
4872 -903.0933333333334 300
4873 -903.0933333333334 300
4874 -903.0933333333334 300
4875 -903.0933333333334 300
4876 -903.0933333333334 300
4877 -903.0933333333334 300
4878 -903.0933333333334 300
4879 -903.0933333333334 300
4880 -903.0933333333334 300
4881 -903.0933333333334 300
4882 -903.0933333333334 300
4883 -903.0933333333334 300
4884 -903.0933333333334 300
4885 -903.0933333333334 300
4886 -903.0933333333334 300
4887 -903.0933333333334 300
4888 -903.0933333333334 300
4889 -903.0933333333334 300
4890 -903.0933333333334 300
4891 -903.0933333333334 300
4892 -903.0933333333334 300
4893 -903.0933333333334 300
4894 -903.0933333333334 300
4895 -903.0933333333334 300
4896 -903.0933333333334 300
4897 -903.0933333333334 300
4898 -903.0933333333334 300
4899 -903.0933333333334 300
4900 -903.0933333333334 300
4901 -903.0933333333334 300
4902 -903.0933333333334 300
4903 -903.0466666666666 300
4904 -903.0466666666666 300
4905 -903.0466666666666 300
4906 -903.0466666666666 300
4907 -903.05 300
4908 -903.05 300
4909 -903.05 300
4910 -903.05 300
4911 -903.05 300
4912 -903.05 300
4913 -903.05 300
4914 -903.05 300
4915 -903.05 300
4916 -903.05 300
4917 -903.05 300
4918 -903.05 300
4919 -903.05 300
4920 -903.05 300
4921 -903.0466666666666 300
4922 -903.19 300
4923 -903.19 300
4924 -903.05 300
4925 -903.05 300
4926 -903.05 300
4927 -903.0933333333334 300
4928 -903.1366666666667 300
4929 -903.1366666666667 300
4930 -903.1333333333333 300
4931 -903.1333333333333 300
4932 -903.1333333333333 300
4933 -903.1333333333333 300
4934 -903.1333333333333 300
4935 -903.1333333333333 300
4936 -903.1333333333333 300
4937 -903.1333333333333 300
4938 -903.1333333333333 300
4939 -903.1333333333333 300
4940 -903.1333333333333 300
4941 -903.1333333333333 300
4942 -903.1333333333333 300
4943 -903.1333333333333 300
4944 -903.1333333333333 300
4945 -903.1333333333333 300
4946 -903.1333333333333 300
4947 -903.13 300
4948 -903.1266666666667 300
4949 -903.12 300
4950 -903.1133333333333 300
4951 -903.1333333333333 300
4952 -903.1333333333333 300
4953 -903.09 300
4954 -903.1333333333333 300
4955 -903.0433333333333 300
4956 -903.0433333333333 300
4957 -903.0433333333333 300
4958 -903.0433333333333 300
4959 -903.04 300
4960 -903.04 300
4961 -903.04 300
4962 -903.04 300
4963 -903.0366666666666 300
4964 -902.9866666666667 300
4965 -902.9833333333333 300
4966 -902.98 300
4967 -902.9766666666667 300
4968 -902.9733333333334 300
4969 -902.97 300
4970 -902.9666666666667 300
4971 -902.9633333333334 300
4972 -902.96 300
4973 -902.9566666666667 300
4974 -902.9533333333334 300
4975 -902.95 300
4976 -902.9466666666667 300
4977 -903.04 300
4978 -903.0366666666666 300
4979 -903.0966666666667 300
4980 -903.0966666666667 300
4981 -903.0966666666667 300
4982 -903.0966666666667 300
4983 -903.0966666666667 300
4984 -903.0966666666667 300
4985 -903.0966666666667 300
4986 -903.0966666666667 300
4987 -903.0966666666667 300
4988 -903.0966666666667 300
4989 -903.0533333333333 300
4990 -903.01 300
4991 -903.0966666666667 300
4992 -903.0966666666667 300
4993 -903.0966666666667 300
4994 -903.0966666666667 300
4995 -903.0966666666667 300
4996 -903.0966666666667 300
4997 -903.0966666666667 300
4998 -903.0966666666667 300
4999 -903.0 300
5000 -903.0 300
5001 -903.0 300
5002 -903.0 300
5003 -903.0 300
5004 -903.0 300
5005 -903.0 300
5006 -903.0 300
5007 -903.0 300
5008 -903.0 300
5009 -903.0 300
5010 -902.9566666666667 300
5011 -902.9566666666667 300
5012 -903.0 300
5013 -903.0 300
5014 -903.0 300
5015 -903.0966666666667 300
5016 -903.0966666666667 300
5017 -903.0 300
5018 -903.0 300
5019 -903.0 300
5020 -903.0 300
5021 -903.0 300
5022 -903.0 300
5023 -903.0 300
5024 -903.0 300
5025 -903.0 300
5026 -903.0 300
5027 -903.0 300
5028 -903.0 300
5029 -903.0 300
5030 -903.0 300
5031 -903.0 300
5032 -903.0 300
5033 -903.0 300
5034 -903.0033333333333 300
5035 -903.0033333333333 300
5036 -903.0033333333333 300
5037 -903.0033333333333 300
5038 -903.0033333333333 300
5039 -903.0033333333333 300
5040 -903.0033333333333 300
5041 -903.0033333333333 300
5042 -903.0033333333333 300
5043 -903.0033333333333 300
5044 -903.0033333333333 300
5045 -903.0066666666667 300
5046 -903.0066666666667 300
5047 -903.0066666666667 300
5048 -903.0066666666667 300
5049 -903.0066666666667 300
5050 -903.0066666666667 300
5051 -903.0066666666667 300
5052 -903.0066666666667 300
5053 -903.0066666666667 300
5054 -903.0066666666667 300
5055 -903.0066666666667 300
5056 -903.0066666666667 300
5057 -903.0066666666667 300
5058 -903.0066666666667 300
5059 -903.0066666666667 300
5060 -903.0066666666667 300
5061 -903.0066666666667 300
5062 -903.0066666666667 300
5063 -903.0033333333333 300
5064 -903.0033333333333 300
5065 -903.0033333333333 300
5066 -903.0033333333333 300
5067 -903.0033333333333 300
5068 -903.0033333333333 300
5069 -903.0033333333333 300
5070 -903.0033333333333 300
5071 -903.0033333333333 300
5072 -903.0033333333333 300
5073 -903.0033333333333 300
5074 -903.0033333333333 300
5075 -903.0033333333333 300
5076 -903.0033333333333 300
5077 -903.0033333333333 300
5078 -903.0033333333333 300
5079 -903.0033333333333 300
5080 -903.0033333333333 300
5081 -903.0033333333333 300
5082 -903.0033333333333 300
5083 -903.0033333333333 300
5084 -903.0033333333333 300
5085 -903.0033333333333 300
5086 -903.0 300
5087 -903.0 300
5088 -903.0 300
5089 -903.0 300
5090 -903.0 300
5091 -903.0 300
5092 -903.0 300
5093 -903.0 300
5094 -903.0 300
5095 -903.0 300
5096 -903.1 300
5097 -903.1 300
5098 -903.1 300
5099 -903.1 300
5100 -903.1 300
5101 -903.1 300
5102 -903.1 300
5103 -903.1 300
5104 -903.1 300
5105 -903.1 300
5106 -903.1 300
5107 -903.1 300
5108 -903.1 300
5109 -903.1 300
5110 -903.1 300
5111 -903.1 300
5112 -903.1 300
5113 -903.1 300
5114 -903.1 300
5115 -903.1 300
5116 -903.0566666666666 300
5117 -903.1 300
5118 -903.1 300
5119 -903.1 300
5120 -903.1 300
5121 -903.1 300
5122 -903.1 300
5123 -903.1 300
5124 -903.1 300
5125 -903.1 300
5126 -903.1 300
5127 -903.1 300
5128 -903.1 300
5129 -903.1 300
5130 -903.1 300
5131 -903.1 300
5132 -903.1 300
5133 -903.1 300
5134 -903.1 300
5135 -903.1 300
5136 -903.1 300
5137 -903.1 300
5138 -903.1 300
5139 -903.1433333333333 300
5140 -903.1433333333333 300
5141 -903.1966666666667 300
5142 -903.1966666666667 300
5143 -903.1533333333333 300
5144 -903.2066666666667 300
5145 -903.1633333333333 300
5146 -903.12 300
5147 -903.1966666666667 300
5148 -903.24 300
5149 -903.24 300
5150 -903.24 300
5151 -903.24 300
5152 -903.3266666666667 300
5153 -903.24 300
5154 -903.24 300
5155 -903.24 300
5156 -903.24 300
5157 -903.24 300
5158 -903.24 300
5159 -903.24 300
5160 -903.24 300
5161 -903.24 300
5162 -903.24 300
5163 -903.24 300
5164 -903.24 300
5165 -903.24 300
5166 -903.24 300
5167 -903.1966666666667 300
5168 -903.1966666666667 300
5169 -903.1966666666667 300
5170 -903.1966666666667 300
5171 -903.1966666666667 300
5172 -903.1966666666667 300
5173 -903.1966666666667 300
5174 -903.1966666666667 300
5175 -903.1966666666667 300
5176 -903.1 300
5177 -903.1 300
5178 -903.1 300
5179 -903.1 300
5180 -903.1 300
5181 -903.1 300
5182 -903.1 300
5183 -903.1 300
5184 -903.1 300
5185 -903.1 300
5186 -903.1 300
5187 -903.1 300
5188 -903.1 300
5189 -903.1 300
5190 -903.1 300
5191 -903.1 300
5192 -903.1 300
5193 -903.1 300
5194 -903.1 300
5195 -903.1 300
5196 -903.1 300
5197 -903.1 300
5198 -903.1 300
5199 -903.1 300
5200 -903.1 300
5201 -903.1 300
5202 -903.1 300
5203 -903.1 300
5204 -903.1 300
5205 -903.1 300
5206 -903.1 300
5207 -903.1 300
5208 -903.1 300
5209 -903.1 300
5210 -903.1 300
5211 -903.1 300
5212 -903.1 300
5213 -903.1 300
5214 -903.1433333333333 300
5215 -903.1433333333333 300
5216 -903.1433333333333 300
5217 -903.1433333333333 300
5218 -903.1433333333333 300
5219 -903.1433333333333 300
5220 -903.1433333333333 300
5221 -903.1433333333333 300
5222 -903.1433333333333 300
5223 -903.1433333333333 300
5224 -903.1433333333333 300
5225 -903.1433333333333 300
5226 -903.1433333333333 300
5227 -903.1433333333333 300
5228 -903.1433333333333 300
5229 -903.1433333333333 300
5230 -903.1433333333333 300
5231 -903.1433333333333 300
5232 -903.1433333333333 300
5233 -903.1433333333333 300
5234 -903.1433333333333 300
5235 -903.1433333333333 300
5236 -903.1433333333333 300
5237 -903.1433333333333 300
5238 -903.1433333333333 300
5239 -903.1433333333333 300
5240 -903.1433333333333 300
5241 -903.1433333333333 300
5242 -903.1433333333333 300
5243 -903.1866666666666 300
5244 -903.1433333333333 300
5245 -903.1433333333333 300
5246 -903.1433333333333 300
5247 -903.1 300
5248 -903.1 300
5249 -903.1 300
5250 -903.1433333333333 300
5251 -903.1433333333333 300
5252 -903.1433333333333 300
5253 -903.1433333333333 300
5254 -903.1433333333333 300
5255 -903.1866666666666 300
5256 -903.1866666666666 300
5257 -903.1866666666666 300
5258 -903.1866666666666 300
5259 -903.1866666666666 300
5260 -903.1866666666666 300
5261 -903.1866666666666 300
5262 -903.1866666666666 300
5263 -903.1866666666666 300
5264 -903.1866666666666 300
5265 -903.1866666666666 300
5266 -903.1866666666666 300
5267 -903.14 300
5268 -903.14 300
5269 -903.14 300
5270 -903.14 300
5271 -903.14 300
5272 -903.14 300
5273 -903.14 300
5274 -903.14 300
5275 -903.14 300
5276 -903.14 300
5277 -903.14 300
5278 -903.14 300
5279 -903.14 300
5280 -903.14 300
5281 -903.1866666666666 300
5282 -903.1866666666666 300
5283 -903.23 300
5284 -903.1833333333333 300
5285 -903.1833333333333 300
5286 -903.1833333333333 300
5287 -903.2266666666667 300
5288 -903.27 300
5289 -903.27 300
5290 -903.27 300
5291 -903.27 300
5292 -903.27 300
5293 -903.2266666666667 300
5294 -903.27 300
5295 -903.27 300
5296 -903.3133333333334 300
5297 -903.3133333333334 300
5298 -903.27 300
5299 -903.27 300
5300 -903.27 300
5301 -903.27 300
5302 -903.27 300
5303 -903.27 300
5304 -903.27 300
5305 -903.27 300
5306 -903.27 300
5307 -903.27 300
5308 -903.27 300
5309 -903.27 300
5310 -903.27 300
5311 -903.27 300
5312 -903.27 300
5313 -903.27 300
5314 -903.27 300
5315 -903.27 300
5316 -903.27 300
5317 -903.27 300
5318 -903.27 300
5319 -903.27 300
5320 -903.27 300
5321 -903.27 300
5322 -903.27 300
5323 -903.27 300
5324 -903.3133333333334 300
5325 -903.27 300
5326 -903.27 300
5327 -903.27 300
5328 -903.27 300
5329 -903.27 300
5330 -903.27 300
5331 -903.27 300
5332 -903.27 300
5333 -903.27 300
5334 -903.27 300
5335 -903.27 300
5336 -903.27 300
5337 -903.27 300
5338 -903.27 300
5339 -903.27 300
5340 -903.27 300
5341 -903.27 300
5342 -903.27 300
5343 -903.27 300
5344 -903.27 300
5345 -903.27 300
5346 -903.27 300
5347 -903.27 300
5348 -903.27 300
5349 -903.27 300
5350 -903.27 300
5351 -903.27 300
5352 -903.27 300
5353 -903.27 300
5354 -903.27 300
5355 -903.27 300
5356 -903.27 300
5357 -903.27 300
5358 -903.27 300
5359 -903.27 300
5360 -903.27 300
5361 -903.27 300
5362 -903.27 300
5363 -903.3666666666667 300
5364 -903.3666666666667 300
5365 -903.3666666666667 300
5366 -903.3666666666667 300
5367 -903.3666666666667 300
5368 -903.3666666666667 300
5369 -903.3666666666667 300
5370 -903.3666666666667 300
5371 -903.3666666666667 300
5372 -903.3666666666667 300
5373 -903.3666666666667 300
5374 -903.41 300
5375 -903.41 300
5376 -903.41 300
5377 -903.41 300
5378 -903.41 300
5379 -903.41 300
5380 -903.41 300
5381 -903.41 300
5382 -903.28 300
5383 -903.28 300
5384 -903.28 300
5385 -903.28 300
5386 -903.28 300
5387 -903.28 300
5388 -903.28 300
5389 -903.28 300
5390 -903.28 300
5391 -903.28 300
5392 -903.28 300
5393 -903.1833333333333 300
5394 -903.1833333333333 300
5395 -903.1833333333333 300
5396 -903.1866666666666 300
5397 -903.1866666666666 300
5398 -903.09 300
5399 -903.09 300
5400 -903.09 300
5401 -903.09 300
5402 -903.09 300
5403 -903.09 300
5404 -903.09 300
5405 -903.0866666666667 300
5406 -903.0866666666667 300
5407 -903.0866666666667 300
5408 -903.0866666666667 300
5409 -903.0866666666667 300
5410 -903.0866666666667 300
5411 -903.13 300
5412 -903.13 300
5413 -903.1333333333333 300
5414 -903.09 300
5415 -903.0866666666667 300
5416 -903.0833333333334 300
5417 -903.08 300
5418 -903.08 300
5419 -903.0766666666667 300
5420 -903.0733333333334 300
5421 -903.07 300
5422 -903.0666666666667 300
5423 -903.0633333333334 300
5424 -903.06 300
5425 -903.0566666666666 300
5426 -903.0533333333333 300
5427 -903.05 300
5428 -903.0466666666666 300
5429 -903.0433333333333 300
5430 -903.04 300
5431 -903.0366666666666 300
5432 -903.0333333333333 300
5433 -903.03 300
5434 -903.0266666666666 300
5435 -903.0233333333333 300
5436 -903.02 300
5437 -903.0133333333333 300
5438 -902.9766666666667 300
5439 -902.99 300
5440 -902.9833333333333 300
5441 -902.9833333333333 300
5442 -902.9833333333333 300
5443 -902.9833333333333 300
5444 -902.9766666666667 300
5445 -902.9133333333333 300
5446 -902.9266666666666 300
5447 -902.93 300
5448 -902.9333333333333 300
5449 -902.9333333333333 300
5450 -902.9333333333333 300
5451 -902.9233333333333 300
5452 -902.9166666666666 300
5453 -902.9066666666666 300
5454 -902.8966666666666 300
5455 -902.8866666666667 300
5456 -902.8766666666667 300
5457 -902.8666666666667 300
5458 -902.8566666666667 300
5459 -902.8166666666667 300
5460 -902.8333333333334 300
5461 -902.8833333333333 300
5462 -902.89 300
5463 -902.89 300
5464 -902.8866666666667 300
5465 -902.89 300
5466 -902.8933333333333 300
5467 -902.89 300
5468 -902.8833333333333 300
5469 -902.8766666666667 300
5470 -902.87 300
5471 -902.8633333333333 300
5472 -902.8566666666667 300
5473 -902.8166666666667 300
5474 -902.82 300
5475 -902.7366666666667 300
5476 -902.7333333333333 300
5477 -902.7366666666667 300
5478 -902.7433333333333 300
5479 -902.7433333333333 300
5480 -902.7466666666667 300
5481 -902.7633333333333 300
5482 -902.6533333333333 300
5483 -902.7966666666666 300
5484 -902.7733333333333 300
5485 -902.7333333333333 300
5486 -902.6933333333334 300
5487 -902.7033333333334 300
5488 -902.6 300
5489 -902.41 300
5490 -902.38 300
5491 -902.3466666666667 300
5492 -902.3066666666666 300
5493 -902.2733333333333 300
5494 -902.28 300
5495 -902.2433333333333 300
5496 -902.25 300
5497 -902.2166666666667 300
5498 -902.1833333333333 300
5499 -902.15 300
5500 -902.1066666666667 300
5501 -902.0733333333334 300
5502 -901.9266666666666 300
5503 -901.6366666666667 300
5504 -901.6766666666666 300
5505 -901.72 300
5506 -901.7166666666667 300
5507 -901.72 300
5508 -901.81 300
5509 -901.7633333333333 300
5510 -901.76 300
5511 -901.7966666666666 300
5512 -901.8433333333334 300
5513 -901.8 300
5514 -901.84 300
5515 -901.79 300
5516 -901.6966666666667 300
5517 -901.6066666666667 300
5518 -901.5133333333333 300
5519 -901.42 300
5520 -901.3266666666667 300
5521 -901.2766666666666 300
5522 -901.1833333333333 300
5523 -901.09 300
5524 -900.9966666666667 300
5525 -900.9033333333333 300
5526 -900.8633333333333 300
5527 -900.8633333333333 300
5528 -900.7733333333333 300
5529 -900.7733333333333 300
5530 -900.7733333333333 300
5531 -900.73 300
5532 -900.73 300
5533 -900.6833333333333 300
5534 -900.63 300
5535 -900.6333333333333 300
5536 -900.5933333333334 300
5537 -900.5533333333333 300
5538 -900.4633333333334 300
5539 -900.37 300
5540 -900.2433333333333 300
5541 -900.2366666666667 300
5542 -900.1933333333334 300
5543 -900.15 300
5544 -900.1066666666667 300
5545 -900.0633333333334 300
5546 -900.0133333333333 300
5547 -899.97 300
5548 -899.9266666666666 300
5549 -899.88 300
5550 -899.7933333333333 300
5551 -899.74 300
5552 -899.6033333333334 300
5553 -899.5533333333333 300
5554 -899.5 300
5555 -899.3 300
5556 -899.2566666666667 300
5557 -899.2466666666667 300
5558 -899.2333333333333 300
5559 -899.2633333333333 300
5560 -899.2566666666667 300
5561 -899.2933333333333 300
5562 -899.33 300
5563 -899.3233333333334 300
5564 -899.3133333333334 300
5565 -899.2266666666667 300
5566 -899.5166666666667 300
5567 -899.73 300
5568 -899.77 300
5569 -899.77 300
5570 -899.81 300
5571 -899.81 300
5572 -899.81 300
5573 -899.8066666666666 300
5574 -899.81 300
5575 -899.8066666666666 300
5576 -899.8033333333333 300
5577 -899.8033333333333 300
5578 -899.8033333333333 300
5579 -899.8033333333333 300
5580 -899.8033333333333 300
5581 -899.8466666666667 300
5582 -899.2566666666667 300
5583 -899.2566666666667 300
5584 -898.08 300
5585 -898.3133333333334 300
5586 -898.2233333333334 300
5587 -898.4133333333333 300
5588 -898.48 300
5589 -898.3766666666667 300
5590 -898.33 300
5591 -897.7433333333333 300
5592 -896.9833333333333 300
5593 -896.88 300
5594 -897.0633333333334 300
5595 -897.0533333333333 300
5596 -897.0566666666666 300
5597 -896.2133333333334 300
5598 -896.06 300
5599 -895.89 300
5600 -896.0933333333334 300
5601 -896.01 300
5602 -895.76 300
5603 -895.67 300
5604 -895.75 300
5605 -895.88 300
5606 -895.8433333333334 300
5607 -895.86 300
5608 -892.83 300
5609 -892.9433333333334 300
5610 -893.21 300
5611 -893.46 300
5612 -893.6933333333334 300
5613 -893.9233333333333 300
5614 -894.4533333333334 300
5615 -894.3633333333333 300
5616 -894.3333333333334 300
5617 -892.1966666666667 300
5618 -892.1333333333333 300
5619 -892.3366666666667 300
5620 -892.2933333333333 300
5621 -892.0566666666666 300
5622 -891.5533333333333 300
5623 -891.05 300
5624 -890.6066666666667 300
5625 -890.3766666666667 300
5626 -890.1833333333333 300
5627 -892.8533333333334 300
5628 -893.4166666666666 300
5629 -892.8566666666667 300
5630 -893.25 300
5631 -893.4366666666666 300
5632 -894.0733333333334 300
5633 -894.28 300
5634 -894.5266666666666 300
5635 -894.9833333333333 300
5636 -895.38 300
5637 -891.73 300
5638 -892.0766666666667 300
5639 -896.6133333333333 300
5640 -896.5966666666667 300
5641 -896.77 300
5642 -896.76 300
5643 -896.6433333333333 300
5644 -896.53 300
5645 -896.47 300
5646 -893.9166666666666 300
5647 -890.6933333333334 300
5648 -890.5733333333334 300
5649 -890.4533333333334 300
5650 -890.3733333333333 300
5651 -890.3833333333333 300
5652 -890.3066666666666 300
5653 -890.45 300
5654 -890.4933333333333 300
5655 -888.5866666666667 300
5656 -885.0366666666666 300
5657 -885.2133333333334 300
5658 -885.98 300
5659 -887.5033333333333 300
5660 -888.2633333333333 300
5661 -889.43 300
5662 -892.91 300
5663 -894.39 300
5664 -898.7933333333333 300
5665 -898.6266666666667 300
5666 -898.0366666666666 300
5667 -897.7833333333333 300
5668 -896.9633333333334 300
5669 -896.3333333333334 300
5670 -895.8333333333334 300
5671 -895.35 300
5672 -894.7866666666666 300
5673 -894.3866666666667 300
5674 -893.6133333333333 300
5675 -892.9666666666667 300
5676 -893.51 300
5677 -891.9466666666667 300
5678 -891.86 300
5679 -890.9533333333334 300
5680 -890.22 300
5681 -889.1666666666666 300
5682 -888.1566666666666 300
5683 -889.7266666666667 300
5684 -888.95 300
5685 -891.0933333333334 300
5686 -889.47 300
5687 -887.3066666666666 300
5688 -887.4 300
5689 -887.6666666666666 300
5690 -887.7266666666667 300
5691 -887.5033333333333 300
5692 -887.1933333333334 300
5693 -887.0033333333333 300
5694 -886.6066666666667 300
5695 -886.2266666666667 300
5696 -885.6833333333333 300
5697 -885.1133333333333 300
5698 -884.5266666666666 300
5699 -884.19 300
5700 -884.0866666666667 300
5701 -883.9833333333333 300
5702 -884.3333333333334 300
5703 -885.8166666666667 300
5704 -885.7133333333334 300
5705 -885.6033333333334 300
5706 -885.3966666666666 300
5707 -885.19 300
5708 -885.2333333333333 300
5709 -885.1466666666666 300
5710 -885.13 300
5711 -884.88 300
5712 -884.94 300
5713 -884.94 300
5714 -884.7766666666666 300
5715 -884.8133333333334 300
5716 -884.6766666666666 300
5717 -884.7033333333334 300
5718 -884.6 300
5719 -885.72 300
5720 -886.5133333333333 300
5721 -886.4533333333334 300
5722 -886.6533333333333 300
5723 -886.5 300
5724 -886.7266666666667 300
5725 -886.5833333333334 300
5726 -886.68 300
5727 -886.6133333333333 300
5728 -886.6133333333333 300
5729 -886.5566666666666 300
5730 -886.5066666666667 300
5731 -886.45 300
5732 -886.5833333333334 300
5733 -886.4833333333333 300
5734 -886.3133333333334 300
5735 -886.84 300
5736 -887.18 300
5737 -887.2166666666667 300
5738 -887.3133333333334 300
5739 -887.2633333333333 300
5740 -887.25 300
5741 -887.2 300
5742 -887.1933333333334 300
5743 -887.4366666666666 300
5744 -887.3933333333333 300
5745 -887.49 300
5746 -887.49 300
5747 -887.49 300
5748 -887.5866666666667 300
5749 -887.58 300
5750 -887.5733333333334 300
5751 -887.6766666666666 300
5752 -887.6266666666667 300
5753 -887.6266666666667 300
5754 -887.81 300
5755 -887.8033333333333 300
5756 -887.7533333333333 300
5757 -887.7466666666667 300
5758 -887.85 300
5759 -887.91 300
5760 -887.9266666666666 300
5761 -887.9266666666666 300
5762 -887.9266666666666 300
5763 -887.8833333333333 300
5764 -887.84 300
5765 -887.84 300
5766 -887.7966666666666 300
5767 -887.8566666666667 300
5768 -887.8566666666667 300
5769 -887.8566666666667 300
5770 -887.8566666666667 300
5771 -887.8566666666667 300
5772 -887.8566666666667 300
5773 -887.8566666666667 300
5774 -887.77 300
5775 -887.77 300
5776 -887.1166666666667 300
5777 -887.1666666666666 300
5778 -887.1666666666666 300
5779 -887.27 300
5780 -887.3133333333334 300
5781 -887.3133333333334 300
5782 -887.3133333333334 300
5783 -887.2266666666667 300
5784 -887.2266666666667 300
5785 -887.1833333333333 300
5786 -887.1833333333333 300
5787 -887.0966666666667 300
5788 -886.2933333333333 300
5789 -886.3466666666667 300
5790 -886.44 300
5791 -886.4466666666667 300
5792 -886.55 300
5793 -886.55 300
5794 -886.9933333333333 300
5795 -887.01 300
5796 -887.1633333333333 300
5797 -887.1633333333333 300
5798 -887.13 300
5799 -887.03 300
5800 -886.8866666666667 300
5801 -886.89 300
5802 -887.4366666666666 300
5803 -889.02 300
5804 -888.9633333333334 300
5805 -888.7333333333333 300
5806 -888.61 300
5807 -888.58 300
5808 -888.4766666666667 300
5809 -888.33 300
5810 -888.39 300
5811 -888.2366666666667 300
5812 -888.0366666666666 300
5813 -887.9333333333333 300
5814 -887.8666666666667 300
5815 -887.93 300
5816 -890.06 300
5817 -889.9633333333334 300
5818 -890.0966666666667 300
5819 -890.01 300
5820 -889.3233333333334 300
5821 -889.56 300
5822 -889.2733333333333 300
5823 -888.1833333333333 300
5824 -888.43 300
5825 -888.2266666666667 300
5826 -888.2 300
5827 -887.9 300
5828 -889.92 300
5829 -889.5366666666666 300
5830 -889.0966666666667 300
5831 -888.5266666666666 300
5832 -888.09 300
5833 -887.8066666666666 300
5834 -887.4266666666666 300
5835 -887.0966666666667 300
5836 -887.8366666666667 300
5837 -887.42 300
5838 -887.2233333333334 300
5839 -887.13 300
5840 -886.7266666666667 300
5841 -886.4933333333333 300
5842 -885.58 300
5843 -885.5733333333334 300
5844 -885.6733333333333 300
5845 -883.9433333333334 300
5846 -884.8333333333334 300
5847 -885.03 300
5848 -885.0233333333333 300
5849 -885.12 300
5850 -879.7433333333333 300
5851 -879.9266666666666 300
5852 -878.5266666666666 300
5853 -879.9933333333333 300
5854 -878.8233333333334 300
5855 -880.74 300
5856 -881.3233333333334 300
5857 -885.57 300
5858 -880.42 300
5859 -882.8666666666667 300
5860 -884.37 300
5861 -887.7766666666666 300
5862 -891.2466666666667 300
5863 -885.6 300
5864 -885.0866666666667 300
5865 -885.03 300
5866 -885.78 300
5867 -885.86 300
5868 -889.38 300
5869 -889.5333333333333 300
5870 -889.7133333333334 300
5871 -889.9666666666667 300
5872 -889.83 300
5873 -889.5866666666667 300
5874 -889.4733333333334 300
5875 -889.4266666666666 300
5876 -889.3066666666666 300
5877 -889.1133333333333 300
5878 -888.73 300
5879 -888.31 300
5880 -887.5166666666667 300
5881 -886.8966666666666 300
5882 -886.1566666666666 300
5883 -885.52 300
5884 -885.1933333333334 300
5885 -884.96 300
5886 -884.8166666666667 300
5887 -884.7366666666667 300
5888 -883.9933333333333 300
5889 -884.0933333333334 300
5890 -885.3866666666667 300
5891 -885.7866666666666 300
5892 -884.2166666666667 300
5893 -884.7233333333334 300
5894 -883.1166666666667 300
5895 -884.1233333333333 300
5896 -878.9333333333333 300
5897 -879.05 300
5898 -879.1233333333333 300
5899 -879.4866666666667 300
5900 -879.7366666666667 300
5901 -880.3433333333334 300
5902 -881.27 300
5903 -874.1633333333333 300
5904 -874.3333333333334 300
5905 -874.7866666666666 300
5906 -874.9566666666667 300
5907 -874.7933333333333 300
5908 -877.1433333333333 300
5909 -877.8933333333333 300
5910 -878.0633333333334 300
5911 -878.19 300
5912 -878.1 300
5913 -878.2333333333333 300
5914 -878.3133333333334 300
5915 -877.7033333333334 300
5916 -877.9033333333333 300
5917 -877.87 300
5918 -878.99 300
5919 -880.66 300
5920 -878.02 300
5921 -878.1733333333333 300
5922 -877.89 300
5923 -870.29 300
5924 -868.9666666666667 300
5925 -869.2733333333333 300
5926 -869.3733333333333 300
5927 -869.48 300
5928 -870.1966666666667 300
5929 -870.2566666666667 300
5930 -870.4966666666667 300
5931 -870.6866666666666 300
5932 -870.7533333333333 300
5933 -871.0 300
5934 -871.2333333333333 300
5935 -871.5166666666667 300
5936 -871.7566666666667 300
5937 -871.9466666666667 300
5938 -872.2233333333334 300
5939 -872.44 300
5940 -871.9066666666666 300
5941 -872.1533333333333 300
5942 -872.3566666666667 300
5943 -872.5166666666667 300
5944 -872.5633333333334 300
5945 -872.81 300
5946 -872.8733333333333 300
5947 -873.0 300
5948 -873.1666666666666 300
5949 -872.8666666666667 300
5950 -873.2166666666667 300
5951 -873.5066666666667 300
5952 -873.5133333333333 300
5953 -873.6133333333333 300
5954 -873.8233333333334 300
5955 -873.9066666666666 300
5956 -873.9533333333334 300
5957 -873.86 300
5958 -873.7166666666667 300
5959 -873.72 300
5960 -873.7166666666667 300
5961 -873.63 300
5962 -874.9233333333333 300
5963 -874.8266666666667 300
5964 -874.9366666666666 300
5965 -875.0333333333333 300
5966 -874.9666666666667 300
5967 -875.0633333333334 300
5968 -875.1 300
5969 -875.0866666666667 300
5970 -875.2 300
5971 -875.31 300
5972 -875.36 300
5973 -875.4266666666666 300
5974 -875.4033333333333 300
5975 -876.8733333333333 300
5976 -877.04 300
5977 -877.11 300
5978 -877.1433333333333 300
5979 -877.0366666666666 300
5980 -877.0366666666666 300
5981 -877.1633333333333 300
5982 -877.1466666666666 300
5983 -876.4666666666667 300
5984 -873.2166666666667 300
5985 -873.1866666666666 300
5986 -873.19 300
5987 -873.1833333333333 300
5988 -872.0 300
5989 -872.14 300
5990 -872.1866666666666 300
5991 -872.24 300
5992 -873.6133333333333 300
5993 -874.6033333333334 300
5994 -874.6466666666666 300
5995 -874.8333333333334 300
5996 -875.0033333333333 300
5997 -875.0933333333334 300
5998 -875.26 300
5999 -875.3866666666667 300
6000 -875.4733333333334 300
