961.0 -852.0 
865.0 -803.0 
865.0 -803.0 
961.0 -852.0 
945.0 -848.0 
920.0 -845.0 
945.0 -848.0 
880.0 -821.0 
871.0 -810.0 
876.0 -818.0 
920.0 -845.0 
911.0 -842.0 
905.0 -835.0 
894.0 -827.0 
895.0 -833.0 
896.0 -834.0 
868.0 -808.0 
888.0 -824.0 
893.0 -826.0 
911.0 -842.0 
906.0 -837.0 
876.0 -818.0 
871.0 -810.0 
869.0 -809.0 
908.0 -839.0 
888.0 -824.0 
889.0 -825.0 
868.0 -808.0 
877.0 -819.0 
908.0 -839.0 
877.0 -819.0 
895.0 -833.0 
896.0 -834.0 
889.0 -825.0 
907.0 -838.0 
905.0 -835.0 
894.0 -827.0 
907.0 -838.0 
865.0 -803.0 
961.0 -852.0 
920.0 -845.0 
876.0 -818.0 
871.0 -810.0 
888.0 -824.0 
868.0 -808.0 
908.0 -839.0 
889.0 -825.0 
877.0 -819.0 
894.0 -827.0 
895.0 -833.0 
896.0 -834.0 
905.0 -835.0 
907.0 -838.0 
865.0 -803.0 
961.0 -852.0 
876.0 -818.0 
871.0 -810.0 
888.0 -824.0 
908.0 -839.0 
877.0 -819.0 
889.0 -825.0 
894.0 -827.0 
907.0 -838.0 
905.0 -835.0 
895.0 -833.0 
896.0 -834.0 
961.0 -852.0 
865.0 -803.0 
888.0 -824.0 
876.0 -818.0 
871.0 -810.0 
908.0 -839.0 
889.0 -825.0 
894.0 -827.0 
907.0 -838.0 
905.0 -835.0 
895.0 -833.0 
896.0 -834.0 
877.0 -819.0 
865.0 -803.0 
961.0 -852.0 
888.0 -824.0 
876.0 -818.0 
871.0 -810.0 
908.0 -839.0 
889.0 -825.0 
894.0 -827.0 
907.0 -838.0 
895.0 -833.0 
896.0 -834.0 
877.0 -819.0 
865.0 -803.0 
961.0 -852.0 
888.0 -824.0 
876.0 -818.0 
871.0 -810.0 
908.0 -839.0 
889.0 -825.0 
894.0 -827.0 
907.0 -838.0 
895.0 -833.0 
896.0 -834.0 
877.0 -819.0 
865.0 -803.0 
961.0 -852.0 
888.0 -824.0 
876.0 -818.0 
871.0 -810.0 
908.0 -839.0 
889.0 -825.0 
894.0 -827.0 
907.0 -838.0 
895.0 -833.0 
896.0 -834.0 
877.0 -819.0 
865.0 -803.0 
961.0 -852.0 
888.0 -824.0 
876.0 -818.0 
871.0 -810.0 
908.0 -839.0 
889.0 -825.0 
894.0 -827.0 
907.0 -838.0 
895.0 -833.0 
896.0 -834.0 
877.0 -819.0 
961.0 -852.0 
865.0 -803.0 
888.0 -824.0 
871.0 -810.0 
908.0 -839.0 
889.0 -825.0 
894.0 -827.0 
907.0 -838.0 
896.0 -834.0 
877.0 -819.0 
961.0 -852.0 
896.0 -834.0 
907.0 -838.0 
888.0 -824.0 
871.0 -810.0 
908.0 -839.0 
889.0 -825.0 
894.0 -827.0 
877.0 -819.0 
961.0 -852.0 
896.0 -834.0 
907.0 -838.0 
888.0 -824.0 
908.0 -839.0 
889.0 -825.0 
894.0 -827.0 
877.0 -819.0 
961.0 -852.0 
896.0 -834.0 
907.0 -838.0 
888.0 -824.0 
908.0 -839.0 
889.0 -825.0 
894.0 -827.0 
877.0 -819.0 
961.0 -852.0 
896.0 -834.0 
907.0 -838.0 
888.0 -824.0 
908.0 -839.0 
889.0 -825.0 
894.0 -827.0 
961.0 -852.0 
896.0 -834.0 
907.0 -838.0 
888.0 -824.0 
908.0 -839.0 
889.0 -825.0 
894.0 -827.0 
961.0 -852.0 
896.0 -834.0 
907.0 -838.0 
888.0 -824.0 
908.0 -839.0 
889.0 -825.0 
894.0 -827.0 
961.0 -852.0 
896.0 -834.0 
907.0 -838.0 
888.0 -824.0 
908.0 -839.0 
889.0 -825.0 
961.0 -852.0 
896.0 -834.0 
907.0 -838.0 
888.0 -824.0 
889.0 -825.0 
908.0 -839.0 
961.0 -852.0 
896.0 -834.0 
889.0 -825.0 
907.0 -838.0 
888.0 -824.0 
908.0 -839.0 
961.0 -852.0 
896.0 -834.0 
889.0 -825.0 
888.0 -824.0 
908.0 -839.0 
961.0 -852.0 
896.0 -834.0 
908.0 -839.0 
889.0 -825.0 
888.0 -824.0 
961.0 -852.0 
896.0 -834.0 
908.0 -839.0 
889.0 -825.0 
888.0 -824.0 
896.0 -834.0 
908.0 -839.0 
889.0 -825.0 
888.0 -824.0 
908.0 -839.0 
889.0 -825.0 
888.0 -824.0 
908.0 -839.0 
889.0 -825.0 
889.0 -825.0 
908.0 -839.0 
889.0 -825.0 
896.0 -834.0 
908.0 -839.0 
889.0 -825.0 
908.0 -839.0 
896.0 -834.0 
888.0 -824.0 
888.0 -824.0 
908.0 -839.0 
896.0 -834.0 
908.0 -839.0 
908.0 -839.0 
896.0 -834.0 
888.0 -824.0 
888.0 -824.0 
908.0 -839.0 
896.0 -834.0 
908.0 -839.0 
896.0 -834.0 
896.0 -834.0 
908.0 -839.0 
908.0 -839.0 
908.0 -839.0 
888.0 -824.0 
889.0 -825.0 
889.0 -825.0 
896.0 -834.0 
908.0 -839.0 
889.0 -825.0 
888.0 -824.0 
896.0 -834.0 
888.0 -824.0 
889.0 -825.0 
888.0 -824.0 
908.0 -839.0 
888.0 -824.0 
908.0 -839.0 
908.0 -839.0 
908.0 -839.0 
961.0 -852.0 
888.0 -824.0 
889.0 -825.0 
888.0 -824.0 
888.0 -824.0 
908.0 -839.0 
908.0 -839.0 
889.0 -825.0 
889.0 -825.0 
889.0 -825.0 
896.0 -834.0 
908.0 -839.0 
908.0 -839.0 
908.0 -839.0 
889.0 -825.0 
888.0 -824.0 
888.0 -824.0 
889.0 -825.0 
908.0 -839.0 
908.0 -839.0 
961.0 -852.0 
888.0 -824.0 
908.0 -839.0 
907.0 -838.0 
908.0 -839.0 
908.0 -839.0 
888.0 -824.0 
896.0 -834.0 
908.0 -839.0 
896.0 -834.0 
907.0 -838.0 
907.0 -838.0 
908.0 -839.0 
889.0 -825.0 
